1 1
1 2
2 82
2 107
2 109
2 117
2 125
2 128
3 10
3 15
3 23
4 1
4 4
4 15
5 102
5 113
6 1
6 4
6 11
6 14
6 19
6 20
6 22
6 31
6 36
6 59
6 61
6 67
6 78
6 79
6 87
6 89
6 97
6 105
6 112
6 113
6 115
7 2
7 3
8 10
8 11
8 19
8 20
8 24
8 154
8 218
8 220
10 45
10 47
10 50
10 59
10 76
10 77
10 78
10 81
10 84
10 85
10 86
10 95
10 99
10 104
10 116
10 123
10 136
10 148
10 152
10 163
10 164
10 172
10 173
10 176
11 14
11 19
11 21
12 3
12 13
12 14
14 10
14 14
14 16
14 17
14 18
14 20
14 22
14 24
14 34
14 35
14 38
14 41
14 52
14 57
16 7
16 17
16 20
16 26
16 35
16 37
16 39
16 40
16 45
17 21
17 28
17 29
18 14
18 24
18 30
19 1
19 2
19 5
19 45
19 49
19 50
19 51
19 56
19 60
19 76
19 88
19 94
19 96
19 97
19 105
19 112
20 10
20 13
20 17
20 22
20 23
20 42
20 47
21 1
21 2
21 5
21 13
22 14
22 15
22 17
22 29
22 30
22 38
22 40
22 41
22 46
22 48
22 56
22 58
22 63
22 66
22 67
22 69
22 71
22 72
22 78
22 82
22 84
22 102
22 122
22 165
22 172
22 178
22 187
22 192
22 193
23 5
23 21
23 22
23 33
23 35
23 69
24 1
24 5
24 15
24 19
24 20
24 24
24 30
24 34
24 42
24 58
24 65
24 85
24 86
25 4
25 16
25 24
25 33
25 34
25 36
25 39
25 48
25 49
25 58
25 63
26 1
26 3
26 8
26 10
26 11
26 15
26 19
26 20
26 25
26 28
27 10
27 14
27 34
27 106
27 130
27 137
27 139
27 147
27 166
27 171
27 172
27 177
27 191
27 202
27 207
27 208
27 216
27 221
28 4
28 10
28 130
29 1
29 12
29 15
29 49
29 59
29 62
29 66
29 73
29 85
29 90
29 92
29 104
29 108
29 115
29 122
29 127
29 128
29 135
29 150
29 170
29 174
29 180
29 183
29 184
29 186
29 188
29 193
29 197
29 338
29 340
29 350
29 351
29 354
29 357
29 358
29 366
29 367
29 378
29 380
29 383
29 397
29 402
29 408
29 409
29 418
29 425
29 427
29 447
30 1
30 23
31 2
31 4
31 14
31 24
31 29
31 34
31 38
31 41
31 44
31 54
32 7
32 10
32 15
32 16
32 20
32 21
32 24
32 39
32 41
32 44
33 2
34 3
34 7
34 12
34 24
34 30
34 31
34 32
34 46
34 47
34 51
34 54
34 56
34 63
34 64
34 67
34 68
34 72
35 1
35 3
35 15
35 18
35 21
35 31
35 36
35 39
35 43
35 45
35 46
35 77
35 82
35 85
35 88
35 92
35 93
35 100
35 102
35 106
35 110
35 114
35 124
37 53
37 57
37 58
37 62
38 5
38 9
38 14
38 21
38 22
38 25
38 27
38 35
38 40
38 42
38 56
38 57
38 61
38 64
38 76
38 84
38 91
38 93
38 103
39 34
39 36
39 39
39 44
39 48
39 49
39 57
39 58
39 62
39 72
39 74
39 75
39 77
39 78
39 87
39 92
40 21
41 10
43 82
43 84
44 15
44 16
44 26
44 31
44 35
44 37
45 6
45 7
45 12
45 23
45 26
46 9
46 23
46 24
46 27
46 40
46 43
46 44
46 46
46 54
46 56
46 63
46 68
46 70
46 74
46 81
47 1
47 6
47 12
47 22
47 23
47 29
47 33
47 36
47 37
47 38
47 40
47 44
47 45
47 309
49 20
49 27
49 33
49 35
49 154
49 156
51 24
51 26
51 27
51 32
51 60
51 61
51 75
51 77
51 112
51 114
52 1
52 3
52 9
52 13
52 42
52 44
52 59
52 68
52 75
52 77
52 88
52 89
52 91
52 97
52 98
52 100
52 137
52 158
52 166
52 168
52 173
52 177
52 178
52 196
52 206
52 212
52 221
54 45
54 50
54 52
54 57
54 66
54 67
54 78
54 79
54 80
54 85
54 86
54 91
54 94
54 98
54 100
54 103
54 104
54 119
54 122
54 125
54 129
54 131
54 135
54 142
54 164
54 165
54 167
54 171
55 92
55 94
55 193
55 199
55 203
55 219
56 52
56 54
56 66
56 85
56 99
56 107
56 108
56 121
56 130
56 138
56 139
56 142
56 144
56 147
57 111
57 119
57 132
57 139
57 142
57 143
58 66
58 71
58 76
58 82
59 2
59 17
62 66
62 71
62 75
62 81
62 97
62 98
62 105
62 108
62 111
62 130
62 189
62 196
62 212
62 228
62 231
62 233
62 238
62 244
62 249
62 252
62 257
62 259
62 270
62 279
62 288
62 291
62 303
62 309
62 312
62 321
62 324
62 346
62 348
62 362
62 365
63 4
63 5
63 11
63 16
63 23
64 20
64 21
64 28
64 30
64 32
64 39
64 42
64 43
64 44
64 56
64 71
64 78
64 95
64 96
64 104
65 20
65 27
65 29
65 38
65 42
65 43
65 55
65 57
65 59
65 63
65 67
65 70
65 78
65 86
65 90
65 96
65 105
65 108
65 121
66 7
66 10
66 13
66 16
66 19
66 29
66 40
66 42
66 44
66 45
66 50
66 64
66 68
66 77
66 102
66 103
66 105
66 106
66 112
66 114
66 116
66 117
66 121
66 122
66 125
67 3
67 8
67 13
67 16
67 26
67 239
67 245
67 255
67 259
68 1
68 5
68 9
68 16
68 19
68 21
68 25
68 34
68 37
68 38
68 42
69 3
69 6
69 10
69 12
69 15
69 25
69 34
69 42
70 12
70 14
70 25
70 27
71 3
72 13
72 18
72 20
72 28
72 29
72 31
72 37
72 39
72 43
72 47
72 49
72 50
74 3
74 24
74 25
74 30
74 31
74 46
74 47
74 58
74 60
74 71
74 73
74 78
74 95
74 96
74 100
74 107
74 116
74 122
76 1
76 2
76 8
76 11
77 24
77 30
77 41
77 43
77 45
77 57
77 61
77 71
77 78
77 80
77 83
77 84
77 100
77 128
77 130
77 144
77 150
77 152
78 1
79 94
79 97
79 105
79 107
79 119
81 23
81 28
81 29
82 23
82 33
82 35
82 53
82 54
82 55
82 58
82 59
82 63
82 66
82 68
82 71
82 105
82 121
83 50
83 54
83 61
83 63
84 101
84 102
84 103
84 105
84 109
84 113
84 127
85 3
85 5
85 6
85 11
85 15
85 22
85 24
85 26
85 28
85 38
85 40
85 130
85 131
85 148
85 153
85 163
86 3
86 14
86 17
88 20
88 39
88 44
88 48
88 51
88 60
88 69
88 72
88 88
88 96
88 98
88 99
88 103
88 109
88 111
88 113
88 116
88 128
88 133
88 150
88 151
88 157
88 171
88 173
88 178
88 183
88 185
88 190
88 198
88 220
88 244
88 249
89 24
90 10
90 13
90 20
90 27
90 28
90 50
92 20
92 38
93 9
93 10
93 19
94 5
94 15
94 25
94 26
94 30
94 33
94 34
94 41
94 50
94 63
94 66
94 67
94 81
94 91
94 92
94 95
94 96
94 107
94 149
94 192
94 195
94 205
94 208
95 11
95 13
95 18
95 19
95 21
95 25
96 29
97 1
98 9
99 2
99 6
99 8
99 9
99 11
99 15
99 26
99 29
99 40
99 58
99 67
99 70
99 76
99 82
99 148
99 154
99 163
99 164
100 6
101 4
103 12
103 15
103 19
103 29
103 31
103 36
103 38
103 39
103 93
103 98
103 99
103 108
