1 2
1 8
1 24
1 26
1 32
1 49
1 64
1 70
1 71
1 72
1 73
1 75
1 85
1 104
1 107
1 114
1 115
1 128
1 137
2 9
2 15
2 16
2 19
2 24
2 39
2 41
2 56
2 64
2 69
2 70
2 77
2 78
2 79
2 81
2 82
2 91
2 94
2 103
2 106
2 111
3 1
3 2
3 7
3 16
3 17
3 28
3 43
3 61
3 65
3 67
3 72
3 92
3 94
3 95
3 100
3 111
3 128
3 132
3 134
3 137
3 138
3 139
3 140
3 142
3 143
3 146
3 153
4 4
4 5
4 7
4 10
4 15
4 16
4 30
6 117
6 135
7 1
7 4
8 1
8 5
8 6
8 12
8 19
8 29
8 38
8 39
8 47
8 65
8 70
8 142
8 158
8 159
8 164
8 165
8 167
8 169
8 170
8 172
8 184
8 195
8 199
8 208
8 213
8 216
8 218
8 222
8 241
8 242
9 5
9 10
9 24
9 26
9 27
9 41
9 48
9 49
10 77
10 79
10 80
10 84
10 88
10 92
10 99
10 116
10 132
10 133
10 139
11 7
11 28
11 29
11 31
11 37
11 42
11 53
11 55
11 64
11 67
11 74
11 75
11 78
11 81
11 82
11 88
11 89
11 90
11 91
11 97
11 103
11 108
11 111
11 120
11 122
11 132
11 135
11 140
11 145
11 146
11 147
11 148
11 155
11 159
11 161
11 162
11 163
11 293
11 302
11 303
11 319
11 326
13 1
13 52
13 53
13 61
13 69
14 40
14 41
15 1
15 2
15 6
15 7
15 15
15 21
15 23
15 24
15 28
15 37
15 44
15 45
15 54
15 59
15 61
15 66
15 70
15 77
15 79
15 80
15 85
15 98
15 100
15 103
15 109
15 110
15 111
15 113
15 117
15 118
15 119
15 122
15 124
15 130
15 133
15 139
15 140
15 146
15 172
15 175
15 181
15 255
15 270
15 272
15 274
15 277
16 3
16 15
16 20
16 24
17 114
18 3
18 4
18 12
18 25
18 39
18 42
18 48
18 52
18 62
18 69
18 72
18 80
18 84
20 1
20 17
20 30
20 47
20 55
20 63
20 76
20 97
20 99
20 113
20 117
20 123
21 10
21 14
21 17
21 18
21 19
21 21
21 23
21 28
21 33
21 36
21 37
21 43
21 67
22 29
22 33
22 39
22 60
22 62
22 63
22 65
22 67
22 72
22 74
22 83
22 86
22 88
22 90
22 103
22 107
23 13
23 14
23 21
23 23
23 38
23 43
23 172
23 174
23 177
23 189
23 201
23 204
23 224
23 234
23 238
23 242
23 243
25 15
25 23
26 1
26 9
27 64
27 65
27 67
27 71
27 77
27 81
27 83
27 97
28 67
28 78
28 98
28 105
28 108
28 114
28 115
29 2
29 5
29 14
29 17
29 19
29 20
29 26
29 28
29 31
29 34
29 45
29 178
29 182
29 194
29 195
29 201
29 204
29 220
29 237
29 239
29 241
29 254
29 260
29 266
29 276
29 285
29 287
29 288
29 300
29 310
29 316
29 322
29 333
29 348
29 349
29 363
29 368
29 369
29 376
29 378
29 383
29 390
29 396
29 408
29 417
29 418
29 426
29 433
29 455
29 459
29 463
29 471
30 39
30 48
30 56
30 58
30 67
30 68
30 79
30 80
31 10
31 11
32 65
32 69
32 75
32 77
32 84
32 88
33 5
33 16
34 1
35 82
36 1
36 4
36 11
36 13
36 17
36 19
36 20
36 25
36 160
36 162
36 170
36 181
36 182
36 185
36 188
36 190
36 204
37 2
37 10
37 12
37 22
37 28
37 37
37 42
37 45
37 49
37 52
37 54
37 73
37 86
37 92
37 94
37 99
38 19
38 20
38 31
38 45
38 59
38 60
38 61
38 64
38 68
38 69
38 75
38 86
38 96
38 105
38 110
38 111
38 143
38 145
38 150
38 162
38 163
38 187
38 192
38 195
38 207
38 210
38 213
38 219
38 220
38 244
38 251
38 256
38 258
38 271
38 272
38 278
38 282
38 285
38 292
38 299
38 300
38 304
38 311
38 313
38 314
38 319
39 3
39 5
39 6
39 13
40 73
40 89
40 98
40 116
40 125
40 127
40 128
40 143
40 144
40 150
40 152
40 163
40 164
40 166
40 173
40 174
40 177
40 179
40 185
40 189
40 199
41 83
41 87
41 92
41 111
41 116
41 126
41 128
41 143
41 158
41 164
41 167
41 181
41 187
41 190
41 193
41 194
41 200
41 201
41 203
41 206
41 227
41 236
41 243
41 253
41 255
41 257
41 258
42 1
42 6
42 13
42 14
42 16
43 1
43 5
43 24
43 32
43 60
43 61
43 63
44 2
44 3
44 5
44 7
44 16
44 19
44 24
44 27
44 28
44 31
44 43
44 55
44 73
45 1
45 6
45 18
45 20
45 26
45 28
45 37
45 47
45 48
45 59
45 65
45 69
45 79
45 82
45 84
45 97
45 112
45 223
45 307
45 310
45 319
45 326
46 3
46 5
46 10
46 18
46 32
46 35
46 42
46 44
46 52
46 55
46 56
46 160
47 1
48 5
48 7
48 16
48 19
48 21
48 26
48 32
49 2
50 7
50 17
50 21
50 22
50 33
50 36
50 37
50 39
50 40
50 49
50 50
50 57
50 59
50 60
50 68
50 81
50 83
50 84
50 88
50 92
50 94
50 99
50 101
50 102
50 110
50 123
50 135
50 139
50 154
50 156
50 159
50 166
50 169
50 170
50 172
50 178
50 179
51 23
51 32
51 35
51 61
51 62
51 65
51 70
51 85
51 89
52 9
52 16
52 17
52 19
52 21
52 27
52 32
53 1
53 16
53 20
53 23
53 27
53 36
53 45
53 50
53 64
53 69
53 72
53 81
53 84
53 86
53 91
53 94
54 4
56 18
56 22
56 23
56 29
56 32
56 37
56 83
56 84
56 88
56 89
56 106
56 107
56 110
56 118
56 130
56 141
56 152
56 156
56 157
56 170
56 171
56 173
56 183
56 186
56 197
56 205
56 209
56 211
56 212
56 215
58 3
59 1
59 2
59 9
59 13
60 1
60 3
61 1
61 6
61 10
62 2
62 7
62 16
62 24
62 25
62 31
62 34
62 35
62 40
62 42
62 50
62 52
62 61
62 62
62 169
62 171
62 174
62 176
62 182
62 184
62 195
62 200
62 218
62 226
62 229
62 233
62 239
62 252
62 257
62 259
62 262
62 270
63 37
63 52
63 54
63 57
63 63
63 65
63 67
63 69
63 76
63 85
64 43
64 54
64 61
64 71
64 81
64 102
64 113
64 118
64 120
64 134
64 135
64 146
64 149
64 153
64 163
64 165
64 183
64 191
64 202
64 215
64 217
64 223
64 224
64 237
64 241
64 244
64 248
64 249
64 252
64 254
64 268
64 271
64 282
64 288
64 291
64 294
64 295
64 305
64 306
64 308
64 309
64 323
65 3
66 10
66 21
66 24
66 29
66 36
66 47
66 54
66 57
66 63
66 68
66 83
66 84
66 88
66 89
66 92
66 95
66 96
66 99
66 103
66 112
67 3
67 7
67 12
67 16
67 19
67 22
67 24
67 29
67 35
67 42
67 45
67 49
67 52
67 53
67 58
71 9
71 13
71 15
71 24
71 30
71 49
71 59
71 64
71 66
71 67
71 77
71 78
71 87
71 88
72 29
72 30
72 34
72 36
72 39
72 43
72 63
72 66
72 80
72 101
72 106
72 129
72 133
72 147
72 155
72 156
72 157
73 3
73 10
73 11
73 13
73 15
73 20
74 5
74 6
74 7
74 15
75 23
75 30
75 31
75 33
75 36
75 47
76 1
76 12
76 16
76 24
76 41
76 44
76 53
76 61
77 9
77 15
77 24
77 30
77 37
77 38
77 41
77 42
77 46
77 52
77 54
77 58
77 59
77 125
77 134
77 138
77 141
79 17
79 25
79 32
79 40
79 52
79 54
79 56
79 64
79 72
79 73
79 81
79 82
79 87
79 90
79 113
79 125
79 126
79 131
79 134
79 136
79 138
79 152
79 155
79 162
79 165
79 168
79 177
79 178
79 235
79 236
79 240
79 286
79 292
79 294
79 297
79 299
79 308
79 322
79 327
79 335
79 344
79 349
79 358
79 371
79 374
79 376
79 379
79 381
79 386
79 392
79 393
79 399
81 12
81 13
81 17
81 22
81 34
81 41
81 50
81 53
81 66
81 68
81 72
81 75
81 80
81 81
81 90
81 91
82 1
82 3
82 4
82 5
82 12
82 13
82 17
83 28
83 30
83 31
83 33
83 39
83 49
83 59
83 101
83 110
83 112
83 113
83 116
83 118
83 119
83 123
83 127
83 137
83 140
83 277
83 279
83 281
83 282
83 284
83 286
83 306
83 308
83 318
83 356
83 358
83 365
83 368
84 4
84 7
84 54
84 55
84 64
84 76
84 100
84 111
84 143
84 145
84 149
84 150
84 168
84 171
85 81
86 8
86 30
86 87
