1 3
1 6
1 7
1 12
2 5
2 12
2 16
2 23
2 39
2 40
2 43
2 50
2 54
2 69
2 71
2 76
2 84
2 92
2 93
4 10
4 11
4 16
4 37
4 38
4 43
4 44
4 45
4 50
4 59
4 62
4 70
4 82
4 88
4 90
4 91
4 98
4 103
4 105
4 108
4 109
4 116
4 121
4 128
4 133
4 140
5 106
5 147
5 154
5 168
5 175
5 183
5 185
5 186
5 187
5 316
6 87
6 90
6 91
6 92
6 101
6 116
7 6
7 13
7 20
7 22
7 23
7 24
7 30
7 35
8 3
8 4
8 16
8 18
8 31
8 38
9 2
9 3
9 5
9 13
9 20
9 24
9 27
9 30
9 34
9 36
9 38
9 39
9 60
9 65
10 5
10 9
10 16
10 25
10 27
10 32
10 34
10 40
10 49
10 51
10 66
10 68
10 70
10 77
10 78
10 80
10 90
10 93
10 102
10 103
10 112
10 118
11 1
11 22
11 24
11 31
11 33
11 65
11 68
11 69
11 71
11 72
11 73
11 88
12 2
13 5
13 7
13 12
13 16
13 22
15 144
15 145
15 146
15 150
15 161
15 168
15 170
15 172
15 174
15 178
15 179
15 188
15 192
15 214
15 221
15 223
15 227
15 228
15 229
15 230
15 237
15 241
15 243
15 258
15 266
15 269
15 271
15 277
15 278
15 281
15 282
15 285
15 290
15 291
15 300
15 306
15 313
15 328
15 329
16 3
16 4
16 11
16 18
16 23
17 10
17 18
17 23
18 84
18 86
18 88
18 90
18 96
19 87
19 89
19 94
19 97
19 105
19 116
20 2
20 8
21 3
21 4
21 28
21 35
21 38
21 41
23 46
23 49
23 51
23 57
23 186
23 192
23 194
23 203
23 205
23 209
23 210
23 219
24 38
24 48
24 49
24 56
24 57
24 65
24 69
24 83
24 91
24 94
24 99
24 100
24 103
24 107
24 110
24 125
24 131
24 132
24 135
24 144
24 146
24 200
24 214
24 218
24 226
24 247
24 259
24 264
24 265
24 274
24 276
25 9
25 13
27 82
27 85
27 89
27 94
27 95
27 97
27 100
27 103
27 111
27 114
27 115
27 121
27 124
30 6
30 13
30 15
30 21
30 23
30 28
30 33
30 43
31 9
31 17
31 18
31 21
31 22
31 25
31 27
31 29
31 32
32 14
32 24
32 25
32 30
32 44
32 47
32 56
32 61
32 63
33 1
33 6
33 7
33 8
33 15
33 26
33 29
33 30
33 32
33 33
33 38
33 39
33 42
33 44
34 11
34 19
34 20
34 28
34 33
34 36
34 45
34 49
34 50
36 4
36 10
36 16
36 19
36 25
37 6
37 14
37 17
37 31
37 37
38 8
38 9
38 11
38 15
38 16
38 24
38 25
38 29
38 31
38 34
38 44
38 45
38 50
38 57
38 58
38 60
38 63
38 66
38 68
38 73
38 77
38 78
38 80
38 83
38 94
38 95
38 98
39 6
39 7
39 12
39 17
39 22
39 27
39 29
39 34
39 38
39 45
39 46
39 49
39 56
39 61
39 62
39 74
39 100
39 109
39 114
39 116
39 117
39 121
39 122
39 132
39 135
39 148
39 151
39 153
39 158
39 170
39 172
39 173
39 174
39 184
39 186
39 191
39 197
39 210
39 218
39 226
39 227
39 231
39 235
39 243
39 251
39 252
39 260
40 3
40 5
40 9
41 3
42 3
42 13
42 18
42 25
42 27
43 2
43 5
44 1
44 3
44 5
44 8
45 11
45 22
45 23
45 32
45 34
45 37
45 40
45 45
45 53
45 55
45 59
45 60
45 66
45 67
45 69
45 86
45 90
45 91
45 96
45 98
46 78
46 81
46 83
46 86
46 87
46 90
46 92
46 95
46 98
46 99
46 106
46 110
46 117
46 126
46 132
46 138
46 152
46 158
46 159
46 160
46 166
46 176
46 182
46 193
46 197
46 206
46 207
46 213
46 218
46 225
46 232
46 237
46 248
46 259
46 267
46 279
46 283
46 300
46 302
46 312
46 316
47 1
47 7
48 8
48 9
48 10
48 28
48 35
48 37
48 41
48 42
48 47
50 10
50 21
50 38
51 4
51 11
51 60
51 68
53 78
53 84
53 85
53 94
53 108
53 130
53 137
53 138
53 144
53 145
54 4
54 9
54 13
54 18
54 40
54 43
55 3
57 1
57 4
57 11
57 59
57 61
57 62
57 72
57 73
57 83
57 84
58 4
58 8
58 20
58 23
58 24
58 25
58 43
58 44
58 49
58 60
58 63
58 135
58 148
58 149
58 152
58 210
58 214
59 1
59 16
59 17
60 8
60 10
60 24
60 25
60 45
60 47
60 57
60 61
60 63
60 87
62 45
62 48
63 49
63 51
63 67
63 74
63 77
63 80
63 81
63 85
63 86
63 98
63 100
63 103
64 16
64 36
64 38
64 41
64 66
64 74
64 82
64 83
64 97
64 103
64 105
64 115
64 170
64 180
64 186
65 14
65 15
65 35
65 39
65 44
65 45
65 50
65 51
65 56
65 59
65 65
65 66
65 75
66 26
66 31
66 51
66 52
66 54
66 57
66 64
66 76
66 77
66 90
66 91
66 93
66 96
67 17
67 21
67 25
67 31
67 141
67 142
67 147
67 148
67 149
67 152
67 154
67 156
68 2
68 4
68 6
68 15
68 18
68 28
68 31
68 34
68 35
68 59
68 62
68 64
68 70
69 1
69 3
69 16
69 26
70 1
70 4
70 18
70 20
70 37
70 40
70 49
70 54
70 59
70 67
70 69
70 70
70 72
70 76
70 81
71 56
71 58
71 187
71 199
71 201
71 204
71 211
71 226
71 251
71 252
72 1
72 2
72 4
72 5
72 7
72 10
72 17
72 113
72 122
72 123
72 132
72 133
72 135
72 139
72 144
72 145
72 146
72 147
72 150
73 6
73 13
73 18
73 19
73 21
73 22
73 25
73 26
73 31
73 33
73 39
73 40
73 42
73 52
73 53
73 60
73 66
73 75
73 86
73 88
73 95
73 98
73 173
73 175
73 178
74 14
74 18
74 20
74 23
74 27
74 33
74 35
74 40
75 4
75 6
75 10
75 29
77 4
77 15
77 19
77 20
77 40
77 44
77 45
77 46
77 51
77 53
77 72
77 75
77 77
77 78
77 79
77 89
77 94
77 100
77 104
77 106
77 109
77 110
77 144
78 32
78 36
78 37
78 42
78 45
78 46
78 59
78 61
78 133
78 135
78 139
78 141
78 151
78 155
78 156
78 158
78 171
78 173
78 184
79 17
79 21
79 22
79 23
79 40
79 41
79 45
79 61
79 68
79 73
79 82
79 86
79 94
79 98
79 100
79 103
79 107
79 109
79 117
79 118
79 131
79 139
79 141
80 1
80 18
80 19
80 24
80 30
80 34
80 35
80 37
80 40
80 43
80 44
80 46
81 49
81 55
81 70
81 74
81 78
81 87
81 94
81 95
82 4
82 5
82 13
82 28
82 29
82 34
83 18
83 26
83 30
83 33
84 1
84 5
84 13
84 19
84 22
85 21
86 2
86 6
86 7
86 11
87 4
87 7
87 11
87 13
87 17
87 22
87 25
87 26
87 30
87 36
87 42
87 49
87 50
87 56
87 67
92 9
92 12
93 2
93 7
93 8
93 12
93 25
93 38
93 57
93 62
93 63
93 67
93 72
93 74
93 77
93 81
93 100
93 107
93 112
93 117
93 124
93 127
93 132
93 133
93 134
93 140
93 141
93 142
93 146
93 150
93 161
93 163
93 165
93 167
93 170
93 177
93 181
93 187
93 194
93 203
93 207
93 217
93 228
93 230
93 256
93 259
93 260
93 262
93 285
94 48
94 49
94 50
94 59
95 3
95 9
96 2
96 3
96 4
96 10
96 17
96 23
96 34
96 35
96 41
96 47
96 61
96 65
96 66
96 111
96 113
96 116
96 120
96 123
96 130
96 136
96 151
96 153
96 155
96 159
96 166
96 178
96 192
96 210
96 217
96 229
97 2
100 23
100 41
100 46
100 49
100 53
100 54
100 55
101 1
101 3
101 7
101 11
101 29
101 35
101 36
101 39
101 42
101 44
101 54
101 55
101 59
101 63
101 67
101 68
101 85
101 92
101 95
101 133
101 138
101 145
101 277
101 283
101 294
101 296
101 309
101 331
101 333
101 337
101 345
101 384
101 387
101 402
101 408
101 409
101 412
101 417
102 4
102 16
102 17
102 28
102 30
102 42
102 43
102 51
102 52
102 54
103 3
103 7
103 13
103 16
103 22
103 26
103 27
103 30
104 57
104 64
104 66
104 75
104 81
104 97
104 105
104 106
104 110
104 124
105 2
105 9
105 12
105 16
105 30
106 7
107 13
107 14
107 18
107 20
107 25
107 26
107 41
108 6
108 72
108 76
108 90
108 92
108 100
108 102
108 130
