1 2
1 3
1 7
1 79
1 86
1 92
1 101
1 112
1 118
1 123
2 29
2 32
2 47
2 49
2 54
2 55
2 56
3 11
3 18
3 21
3 25
3 45
3 46
3 48
3 55
3 68
3 71
3 73
3 74
3 76
3 139
3 146
3 148
3 155
3 157
3 159
3 161
3 169
3 189
3 190
3 191
3 196
3 198
3 200
3 201
3 204
3 205
3 211
3 220
3 221
3 225
3 227
3 231
3 235
3 256
3 261
3 269
3 277
3 280
3 287
3 289
5 86
5 95
5 108
5 110
5 111
6 1
6 5
6 7
6 9
6 20
6 26
6 33
6 38
6 42
6 47
6 49
6 56
6 77
6 86
6 90
6 95
6 96
6 97
6 101
6 104
6 105
6 112
6 117
6 130
6 137
6 178
6 207
6 213
6 216
6 223
6 225
6 234
6 237
6 245
6 255
6 262
6 266
6 269
6 273
6 276
7 5
7 9
7 20
8 1
8 17
9 8
9 15
9 18
9 19
9 35
9 39
9 50
9 61
9 70
9 72
9 80
9 89
9 90
9 95
10 1
10 3
10 11
10 12
10 13
10 20
10 23
10 26
10 42
10 45
10 47
11 4
11 5
11 10
11 14
11 19
11 25
12 20
12 61
12 64
12 76
13 3
13 4
13 5
13 7
13 14
13 22
13 25
13 27
13 28
13 37
13 45
13 54
13 56
13 57
14 1
14 5
15 1
15 3
15 13
15 18
15 21
15 23
15 24
15 37
15 39
15 49
15 54
15 61
16 60
16 63
16 67
17 2
17 4
17 5
17 12
17 14
17 15
17 19
17 23
18 2
18 3
18 5
18 6
18 10
18 17
18 20
18 21
18 29
18 33
18 34
18 47
21 10
21 12
21 15
21 18
21 21
21 27
21 35
22 1
22 13
22 20
23 20
24 61
24 70
24 71
24 72
24 76
24 81
24 87
24 92
24 101
24 103
24 104
24 105
24 106
24 111
24 118
24 123
25 7
25 11
25 17
25 20
25 23
25 24
25 28
25 32
25 40
25 43
25 44
25 57
25 69
25 87
25 91
26 10
26 16
26 21
26 24
26 26
26 27
26 29
26 32
26 46
26 50
26 51
26 52
26 58
26 59
26 60
26 170
26 173
26 174
26 178
26 189
27 3
27 5
27 10
27 16
27 19
27 21
27 23
27 29
27 30
27 35
27 49
27 61
27 97
27 103
27 104
27 106
27 108
27 111
27 117
27 119
27 129
27 131
27 137
27 138
27 145
27 153
27 156
27 160
27 162
27 163
27 164
27 172
27 182
27 193
27 195
27 199
27 212
27 213
27 217
27 239
27 243
28 3
28 4
28 6
29 75
29 79
29 88
29 92
29 95
29 107
29 108
29 110
29 125
29 128
29 135
29 140
29 142
29 152
29 163
29 169
29 173
29 177
29 181
29 183
29 184
29 188
29 208
29 211
31 14
31 61
32 1
32 6
32 18
32 20
32 24
32 33
32 46
32 48
32 55
32 59
32 63
32 71
32 75
32 76
32 83
32 88
32 92
32 93
32 100
32 105
33 2
33 14
33 18
33 21
33 23
33 25
34 23
34 28
34 30
34 35
35 4
35 9
35 13
35 15
35 25
35 26
35 31
36 10
36 11
36 12
36 13
36 18
36 20
37 1
37 6
37 18
37 21
37 22
37 23
37 28
37 42
37 46
37 69
37 72
37 77
37 79
37 87
37 88
37 90
37 92
37 95
37 101
37 103
37 114
37 118
37 119
37 122
37 123
37 124
37 125
39 39
39 67
39 69
39 71
39 74
39 81
39 85
39 86
39 88
39 102
40 3
41 37
41 51
41 60
41 64
41 69
41 70
41 78
41 81
41 83
42 5
42 6
43 8
45 21
45 37
45 39
45 63
45 67
45 86
45 87
45 105
45 106
45 115
45 128
45 132
45 139
45 147
45 153
46 4
46 5
46 8
46 13
46 16
46 23
46 28
46 46
46 51
46 55
46 59
46 69
46 70
46 73
46 77
48 114
48 118
48 122
48 136
48 138
48 141
48 143
48 149
48 151
48 160
48 166
48 170
48 173
48 177
48 182
49 84
49 86
49 89
49 100
49 103
49 119
49 124
49 133
49 136
49 149
49 152
49 155
50 13
50 52
50 54
50 56
50 59
50 116
50 123
50 124
50 130
50 136
50 234
50 237
50 239
50 241
50 243
51 5
51 16
51 17
51 18
52 4
52 10
52 13
52 17
52 19
52 37
52 45
52 47
52 60
53 84
53 86
53 102
53 104
53 109
53 114
53 116
53 119
53 127
53 134
53 136
53 150
53 154
53 157
53 159
53 161
53 165
53 168
54 1
54 3
54 5
54 8
54 60
55 2
55 3
55 4
55 5
55 78
55 80
55 84
55 92
55 93
55 103
55 115
55 120
56 7
56 22
56 23
56 34
56 37
56 42
56 50
56 53
56 63
59 30
60 4
60 5
60 138
60 143
64 63
64 68
65 10
65 16
65 17
65 20
65 21
65 28
65 30
65 31
65 36
65 52
65 53
65 54
65 60
65 69
65 70
66 18
66 19
67 3
67 4
67 6
67 11
67 20
67 21
67 26
67 28
67 31
68 9
68 15
68 16
69 3
69 6
69 24
69 25
69 26
69 32
69 34
69 40
69 46
69 47
69 48
69 50
69 52
69 56
69 65
69 75
69 90
69 97
69 114
69 122
69 123
69 126
69 131
69 139
69 142
69 144
70 1
70 6
70 15
70 27
71 27
71 30
71 38
71 48
71 90
72 2
72 19
72 24
73 2
74 5
74 6
74 9
74 13
74 20
74 25
74 26
74 31
74 45
74 67
74 68
74 78
75 11
75 24
76 10
76 15
76 17
77 1
77 3
77 23
77 32
77 35
77 37
77 48
77 122
77 131
77 137
77 138
77 141
77 143
77 146
77 150
77 155
77 156
77 160
77 170
77 181
77 184
77 185
77 193
77 194
77 198
77 205
77 212
77 214
78 2
78 10
78 13
78 19
78 23
78 27
78 30
78 32
78 61
78 67
78 77
78 78
78 88
78 151
78 155
78 166
78 167
78 179
79 13
79 14
79 24
79 45
79 54
80 2
80 4
80 5
80 10
80 11
80 17
80 22
80 25
80 30
80 33
80 35
80 36
80 40
80 42
80 45
80 69
80 70
80 74
80 75
80 77
81 16
81 17
81 19
82 8
82 14
82 17
82 19
83 125
83 127
83 134
83 141
83 143
83 161
83 162
83 163
83 166
83 171
83 173
83 175
83 184
83 185
83 186
83 189
83 197
83 198
83 206
83 207
83 231
83 232
83 234
83 369
84 10
84 12
84 36
84 41
84 44
85 1
85 11
85 13
85 21
85 31
85 37
85 45
85 48
85 52
85 55
85 57
85 67
85 70
85 73
85 79
85 101
85 106
85 108
85 110
85 239
85 246
85 254
85 257
85 260
88 11
88 16
88 20
88 22
88 26
88 27
88 29
88 41
88 43
88 46
88 48
88 53
88 60
88 63
88 71
88 79
88 82
88 84
89 32
89 43
89 53
89 73
89 76
89 80
89 90
89 96
89 99
89 103
89 106
90 2
90 8
90 9
90 13
90 18
90 31
90 53
90 58
90 62
90 73
90 75
90 79
90 81
90 92
90 98
92 94
93 6
93 8
93 10
93 12
93 14
93 20
93 21
93 23
93 25
93 46
93 47
93 67
93 77
93 78
94 3
94 4
94 9
94 17
94 22
94 23
94 24
94 32
94 37
94 41
94 55
94 57
94 58
94 64
94 65
94 67
94 72
94 75
94 80
94 82
94 213
94 214
94 221
94 225
94 227
95 4
95 21
95 25
95 29
95 30
95 37
95 41
95 44
95 45
95 47
95 52
95 53
95 57
95 64
95 65
95 67
95 76
95 79
95 97
95 98
95 113
95 116
95 117
95 120
95 126
95 130
96 4
96 7
96 35
96 37
96 49
96 50
96 64
96 65
96 69
96 74
96 77
96 78
96 80
96 88
96 89
96 92
96 97
96 102
96 113
96 115
96 118
98 21
99 42
99 43
99 65
99 66
100 2
100 6
100 8
100 12
100 14
100 36
100 38
100 41
101 1
101 3
101 6
101 11
101 20
101 32
101 33
101 36
101 40
102 13
104 16
104 23
104 31
104 32
104 36
106 32
106 34
106 35
107 7
107 8
107 15
107 27
107 34
107 37
108 1
108 6
108 13
108 22
108 24
108 33
108 35
108 38
108 50
108 60
108 61
108 99
108 104
108 108
108 109
108 113
108 119
108 121
108 132
108 134
108 152
108 156
108 157
108 161
108 167
109 9
109 20
109 24
109 28
109 31
109 36
109 103
