1 2
1 9
1 15
1 17
1 18
1 19
1 21
1 22
1 24
1 27
1 32
1 34
1 35
2 2
2 12
2 14
2 15
2 19
2 27
2 28
2 33
2 39
3 2
3 5
3 6
3 16
3 18
3 23
3 26
3 31
3 33
3 49
4 10
4 30
4 34
4 37
4 48
4 51
4 53
4 55
4 58
4 61
4 67
4 77
4 82
4 83
4 87
4 88
4 93
4 95
4 115
4 117
4 118
4 120
4 128
4 130
4 132
4 133
4 147
4 149
4 161
4 167
4 169
4 175
4 177
4 264
4 284
4 289
4 293
4 295
4 302
4 310
4 312
4 316
4 322
4 323
4 330
4 348
4 353
4 361
4 362
6 10
6 16
7 1
7 2
9 90
9 96
9 109
9 110
9 113
9 125
9 129
9 146
9 148
10 4
10 12
10 22
10 75
13 15
14 6
14 11
14 17
14 19
14 21
14 23
14 25
14 54
14 57
14 60
14 80
14 92
14 95
14 102
14 105
14 110
14 114
14 115
14 120
14 130
14 135
14 149
14 151
14 152
14 155
14 159
14 162
14 165
15 1
15 19
15 36
15 40
15 41
15 46
15 55
15 58
15 74
16 14
17 10
17 15
17 24
17 36
17 47
17 49
17 61
17 62
17 74
17 77
17 78
18 91
18 110
18 113
18 119
18 120
19 4
19 5
20 4
20 10
20 15
20 20
20 31
20 67
20 85
20 87
20 93
20 96
20 102
20 120
20 122
21 2
21 12
21 38
21 40
21 55
21 64
21 65
23 136
23 141
23 156
23 172
23 181
23 182
23 192
24 2
24 9
25 15
25 16
25 17
26 67
26 128
27 10
27 12
27 13
27 19
27 23
27 29
27 31
27 42
27 43
27 50
27 54
27 69
27 71
27 76
27 79
27 87
27 92
27 96
27 99
27 107
27 108
27 115
27 118
27 119
27 133
27 139
27 140
27 141
27 144
27 154
27 165
27 174
27 175
27 177
27 180
27 187
28 23
28 39
28 45
28 48
28 49
28 52
28 59
28 72
28 87
28 94
28 95
28 100
28 106
28 112
28 117
28 120
28 129
28 145
28 151
28 153
29 2
29 3
29 9
29 11
29 17
29 28
29 32
29 43
29 44
29 87
29 96
29 97
29 100
29 111
30 21
30 23
30 30
30 36
30 40
30 41
30 47
30 48
30 63
30 71
30 80
30 86
31 1
31 4
31 9
31 11
31 27
31 44
31 47
31 59
31 62
31 63
31 68
31 69
31 70
33 18
34 13
34 16
35 13
38 31
38 43
38 50
39 13
39 16
39 17
39 18
39 34
39 35
39 38
39 41
39 47
39 59
39 67
39 70
39 72
39 91
39 93
39 95
39 105
39 113
39 131
39 135
39 136
39 145
39 154
39 165
39 171
39 172
39 175
39 176
39 177
39 180
39 184
39 194
39 196
39 199
40 65
40 72
40 77
41 11
41 12
41 14
41 31
41 42
41 43
41 45
41 46
41 50
41 54
41 59
41 61
41 64
41 73
42 41
43 12
43 20
43 21
44 13
44 19
44 21
44 26
44 27
44 29
44 30
44 38
44 41
45 1
45 4
45 8
45 15
45 20
46 14
47 113
47 117
47 119
47 133
47 141
47 142
47 152
47 153
47 282
47 285
47 291
47 293
47 301
50 34
50 50
50 56
50 60
50 64
50 67
51 3
51 7
51 29
51 37
51 47
51 51
51 63
51 80
51 82
51 88
51 90
51 94
51 114
51 115
51 117
51 120
51 122
51 128
51 132
51 167
51 169
51 179
51 183
51 187
52 4
52 10
52 13
52 14
52 29
52 31
52 37
52 46
52 51
52 52
52 57
53 2
53 17
53 22
53 39
53 44
53 59
53 66
53 74
53 85
53 90
53 98
53 107
54 1
54 3
54 10
54 12
54 19
54 23
54 49
54 51
54 70
54 79
54 90
54 99
54 118
54 140
54 275
54 281
54 286
54 295
54 297
54 302
54 305
55 2
55 6
55 7
55 11
55 12
55 20
55 21
55 25
55 29
55 36
55 46
55 47
55 51
55 89
55 93
55 96
55 101
55 102
55 107
55 115
55 122
55 124
55 137
55 143
55 146
55 149
55 158
55 161
56 22
56 28
56 30
56 31
56 73
57 4
57 7
57 8
57 10
57 12
59 3
59 7
59 21
59 25
59 26
59 35
59 42
59 44
59 49
59 54
59 58
59 71
61 6
61 13
61 21
61 26
61 27
61 32
61 36
61 41
61 55
61 56
61 62
61 71
61 72
61 78
61 83
61 84
61 114
62 4
62 8
62 9
62 13
62 14
62 16
62 18
62 19
62 20
62 33
62 49
62 50
62 56
62 62
62 73
63 6
63 91
65 40
65 49
65 56
65 57
66 1
66 18
66 23
66 60
66 192
66 193
66 202
66 208
66 214
68 4
68 8
68 21
68 22
68 24
68 26
68 28
68 32
68 50
68 51
69 7
69 13
69 15
69 18
69 24
69 28
69 31
69 33
71 44
72 4
72 14
72 20
72 23
72 25
72 33
72 35
72 39
72 40
72 52
72 58
72 69
72 70
72 74
72 101
72 108
72 110
72 193
72 196
73 3
74 7
74 11
74 30
74 42
74 43
74 44
74 46
74 54
74 57
74 61
74 75
74 84
74 86
74 93
74 95
74 99
74 117
74 123
74 128
74 132
74 146
74 150
74 152
74 153
76 107
76 110
76 123
76 129
76 141
76 142
76 144
76 148
76 149
76 154
76 156
76 157
76 166
77 7
77 9
77 14
77 28
77 30
77 32
78 124
78 147
78 153
78 167
78 169
78 171
78 173
78 174
78 179
78 180
78 181
78 202
78 211
78 212
78 215
78 219
78 221
79 27
79 113
79 115
79 124
79 128
80 4
80 7
80 13
80 142
80 145
80 147
80 148
81 1
81 10
81 17
81 36
81 43
81 49
81 51
81 56
81 57
81 61
81 63
84 6
85 1
85 3
85 7
85 31
85 34
85 35
85 38
85 40
86 3
86 16
86 19
87 1
88 5
88 6
88 9
88 16
88 23
88 24
88 26
88 35
88 38
88 39
88 42
88 47
88 53
89 2
89 13
89 21
89 22
89 32
89 35
89 43
89 54
90 35
90 36
90 37
90 44
90 48
90 70
90 76
90 105
90 112
90 117
90 118
90 121
90 123
90 127
90 129
90 147
90 150
91 1
91 2
93 8
93 39
93 40
93 49
93 76
93 78
93 86
93 92
93 96
93 97
93 103
93 105
93 106
93 138
93 139
93 142
93 149
93 157
93 163
93 170
93 171
93 176
93 181
93 190
93 195
93 197
93 231
93 235
93 243
93 246
93 247
93 249
93 262
93 270
94 2
94 6
94 9
94 10
94 14
95 2
95 70
95 75
95 77
95 81
99 20
99 22
99 23
100 53
100 56
100 63
100 64
100 68
100 100
100 104
100 106
100 107
100 113
100 115
100 116
100 136
100 137
100 148
100 161
100 164
100 170
100 184
100 187
100 193
100 221
100 223
100 224
100 233
100 253
100 255
100 256
100 262
102 14
102 17
102 20
102 30
102 35
102 43
102 49
102 66
102 72
102 73
102 76
102 78
102 80
102 81
102 216
103 11
103 25
103 27
103 48
103 50
103 51
104 6
104 7
104 13
104 27
104 39
104 40
104 46
104 50
104 52
104 59
104 65
104 66
104 70
104 74
104 75
104 76
104 77
104 89
104 95
104 101
105 37
105 38
105 39
106 4
107 5
107 28
107 34
107 40
107 53
107 74
107 82
107 98
108 71
109 8
109 10
109 12
109 16
109 22
109 28
109 31
112 22
112 24
112 36
112 37
112 38
112 42
112 53
112 60
112 62
112 81
112 89
114 51
114 52
114 64
