1 13
1 19
1 23
1 27
1 31
1 37
1 43
1 60
1 68
1 74
1 80
1 81
1 86
1 89
1 90
1 109
1 111
2 2
2 6
2 9
2 10
2 22
2 23
4 10
4 48
4 54
5 9
5 27
5 35
5 37
5 49
5 60
5 69
7 2
7 17
7 26
7 28
7 29
7 32
7 34
7 36
9 71
9 75
9 80
9 81
9 82
9 83
9 85
9 88
9 93
9 98
9 101
9 106
9 107
9 110
9 117
9 121
9 122
9 124
9 128
10 2
10 3
10 4
10 7
10 9
10 16
10 27
11 4
12 2
12 9
12 13
12 14
12 16
12 40
12 46
12 85
12 86
12 87
12 88
12 91
12 94
12 96
12 98
12 103
12 106
12 112
12 113
12 118
12 124
13 2
13 9
14 9
14 15
14 30
14 62
15 1
15 2
15 13
15 22
15 26
16 58
16 60
16 70
16 75
17 16
18 2
18 3
18 10
18 12
18 18
18 25
18 32
20 15
20 17
20 27
20 34
20 35
20 37
21 45
21 52
21 61
21 63
21 68
21 70
21 71
21 72
21 78
21 87
21 93
21 97
21 98
21 101
21 110
21 112
21 118
21 120
21 126
21 127
21 129
21 134
21 140
21 143
21 146
21 156
21 159
21 162
21 166
21 170
21 172
21 177
21 223
21 235
21 240
21 247
21 255
21 259
22 5
22 8
22 17
22 18
23 40
23 42
23 43
23 44
23 58
23 63
23 65
23 68
23 85
23 92
23 101
23 116
23 117
23 134
24 10
24 16
24 81
24 85
24 88
24 92
25 15
25 31
25 37
25 40
25 46
25 49
25 52
25 63
25 64
25 69
25 81
26 48
26 49
26 51
27 3
27 4
27 5
27 6
27 11
27 28
27 30
27 31
27 37
27 40
27 42
27 43
29 1
29 7
30 45
30 53
30 56
30 57
30 61
30 66
30 81
30 83
30 87
30 99
30 105
30 115
30 123
30 138
30 150
30 151
30 162
30 173
30 175
30 176
30 177
30 183
30 185
30 195
30 197
30 207
30 208
30 210
30 222
30 241
30 243
30 244
30 250
30 257
30 258
31 6
31 12
32 13
32 19
32 21
32 30
32 33
32 39
32 42
32 44
32 46
32 51
32 59
32 62
33 3
33 7
34 21
34 56
35 17
35 26
35 27
35 34
35 35
35 166
37 10
37 12
38 107
38 117
39 2
39 11
39 13
39 32
39 33
39 40
39 43
39 51
39 58
39 60
40 2
40 9
40 16
40 24
40 43
40 47
40 48
40 64
41 4
41 9
41 13
41 91
41 103
41 109
42 5
42 16
42 18
42 34
42 36
42 45
42 49
42 53
42 59
42 67
42 74
42 81
42 82
44 5
44 8
44 14
44 15
44 36
44 40
44 43
44 45
45 97
45 98
45 99
45 100
45 101
45 105
45 115
45 117
45 118
45 129
45 132
45 133
45 136
46 5
46 10
48 17
48 34
48 37
48 38
48 45
48 55
48 69
48 77
48 86
48 89
48 92
48 93
48 114
48 115
48 121
48 122
48 123
48 125
48 126
48 127
48 133
48 138
48 139
48 146
48 149
48 153
48 155
48 158
48 162
48 164
48 167
48 175
49 5
49 7
49 13
49 14
49 16
49 18
49 19
49 24
49 34
49 44
49 59
50 2
50 7
50 19
50 21
50 23
50 27
50 29
50 30
50 33
50 42
50 61
50 62
50 76
51 1
51 11
51 20
52 6
52 13
52 16
52 20
52 23
52 33
52 37
52 47
52 65
52 68
52 76
52 78
52 83
52 84
52 93
52 95
52 113
52 126
52 130
52 139
52 140
52 143
52 144
52 146
52 155
52 161
52 169
52 171
52 181
53 2
53 4
53 17
53 27
53 34
53 36
53 40
53 43
53 45
53 49
53 82
53 86
53 88
53 94
53 107
53 123
53 134
53 138
53 140
53 141
53 143
53 144
53 148
53 156
53 162
53 164
53 165
53 166
53 175
53 178
54 4
54 7
54 11
54 17
54 18
54 19
54 21
54 46
54 50
54 66
54 76
55 4
55 14
55 31
55 39
55 53
55 55
55 59
55 69
55 79
56 2
56 4
56 7
56 9
56 18
56 26
56 27
56 42
56 46
56 60
56 67
56 96
56 99
56 104
56 115
57 2
57 42
57 43
57 49
57 51
57 53
58 1
61 13
61 16
61 29
61 34
62 2
62 5
62 6
62 7
62 21
62 23
62 24
62 26
62 45
62 50
63 67
63 81
63 88
63 97
63 104
63 108
63 128
64 11
64 16
64 28
64 37
64 38
64 42
64 44
64 54
64 80
64 88
64 92
64 93
64 97
64 98
64 110
64 111
64 112
64 128
64 137
64 140
64 144
64 146
64 155
64 156
64 157
64 158
64 173
64 176
64 178
64 181
64 185
65 8
65 10
65 13
65 28
66 20
66 73
67 17
67 26
68 1
68 7
68 16
69 6
69 11
69 53
70 1
70 3
70 12
70 14
70 28
70 32
70 34
70 41
71 2
71 35
71 44
71 45
71 52
71 53
71 58
71 65
72 54
72 67
72 68
72 70
73 5
73 16
73 20
73 27
73 40
73 42
73 46
73 47
74 2
74 10
74 14
74 17
74 24
74 27
74 49
74 52
74 54
74 57
74 60
76 8
76 12
76 17
77 2
77 3
77 4
77 6
77 9
77 14
77 23
77 29
77 39
77 43
77 53
77 56
77 57
77 59
78 44
78 61
78 66
78 69
78 73
79 95
79 102
79 103
79 107
79 110
79 114
79 117
79 119
79 120
80 2
80 6
80 10
80 17
80 22
80 25
81 11
81 13
81 21
81 23
81 32
81 34
81 42
81 43
82 5
82 13
82 19
82 24
82 38
82 45
82 54
82 56
82 57
82 78
82 87
82 96
82 101
82 107
82 108
82 111
82 115
82 116
82 122
82 124
82 135
82 136
82 145
82 156
82 165
82 174
82 177
82 184
82 192
82 193
86 17
86 29
86 42
86 52
86 55
86 66
86 68
86 70
86 72
86 126
86 127
86 131
86 136
86 141
87 2
87 6
87 10
87 11
87 24
87 27
87 33
87 39
87 41
87 43
87 51
87 55
87 63
87 66
87 71
87 75
87 77
87 102
87 103
87 104
88 1
88 6
88 7
88 15
88 21
88 23
88 27
88 29
89 8
89 9
89 19
89 25
89 33
89 36
89 50
89 51
89 54
89 56
89 70
89 72
89 80
89 82
89 90
89 92
89 93
89 102
89 107
89 113
89 114
89 121
89 122
89 133
89 142
90 3
90 5
90 20
90 30
90 38
90 43
90 45
90 49
90 67
90 68
90 73
90 81
91 2
91 4
91 5
91 8
91 10
91 12
91 13
91 25
91 27
91 28
91 30
91 32
91 34
91 69
91 77
91 80
92 4
92 6
92 9
92 11
92 17
92 29
92 33
92 64
92 67
93 6
93 9
93 33
93 58
93 70
93 74
93 78
94 12
94 26
94 38
94 43
94 48
94 177
94 182
94 188
94 199
94 210
94 228
94 231
94 242
94 244
94 246
95 2
95 9
95 21
95 26
95 125
95 133
95 136
95 137
95 139
95 141
95 145
95 148
95 149
95 155
95 162
95 163
95 166
95 167
95 171
95 177
95 183
95 188
95 192
95 322
95 323
96 1
96 102
96 124
96 130
96 146
96 148
96 149
96 151
96 157
96 163
96 171
96 172
96 181
96 188
96 191
96 199
96 215
96 226
96 228
97 1
97 9
97 14
98 6
98 7
98 19
98 20
99 11
99 53
99 59
99 60
99 87
99 235
99 241
99 260
99 263
99 268
99 274
99 276
99 278
99 281
99 285
99 286
99 289
100 1
100 8
100 16
100 124
100 132
100 139
100 142
100 147
100 148
100 150
100 158
100 163
100 182
100 185
102 84
102 90
102 103
102 105
102 107
102 133
102 139
102 152
102 153
102 159
102 179
102 185
103 1
103 9
103 23
103 27
103 32
103 36
103 44
103 137
103 140
103 153
103 160
103 171
103 177
103 183
103 191
103 197
103 204
103 205
103 274
103 281
103 287
103 289
104 4
104 14
104 16
104 19
104 27
104 34
104 40
105 7
105 17
105 19
105 45
105 57
105 58
105 63
105 65
105 67
105 88
106 6
106 8
108 123
109 5
109 11
109 20
109 22
109 27
109 33
109 35
109 47
