1 1
1 2
1 5
1 7
1 10
1 14
1 21
1 28
1 35
1 49
1 50
3 11
3 12
3 20
3 24
3 28
3 30
3 97
3 102
3 110
3 121
3 124
3 127
4 1
4 18
4 20
4 40
4 49
4 55
4 62
4 65
4 70
4 71
4 74
4 77
4 84
4 88
4 91
4 108
4 109
4 115
4 116
4 121
4 129
4 130
4 145
4 158
4 170
4 172
4 177
4 178
4 181
4 182
5 1
7 2
7 74
7 81
7 83
9 25
9 26
10 1
10 14
10 25
10 29
10 44
10 51
10 63
10 69
10 71
10 72
10 73
10 76
10 78
10 80
10 87
10 89
10 93
10 94
10 228
10 239
10 240
10 241
10 256
11 4
11 10
11 15
11 19
11 22
13 39
13 47
13 51
14 3
14 6
14 28
14 40
14 43
14 45
14 47
14 51
14 54
14 55
14 66
14 79
14 82
14 100
14 101
14 122
14 137
14 141
14 147
14 165
14 168
14 169
15 3
15 10
15 11
15 19
15 25
15 29
16 19
16 20
16 24
16 25
16 32
16 33
16 37
16 46
16 61
16 62
17 51
17 55
17 57
17 60
17 74
17 77
17 81
17 83
17 86
17 93
17 99
17 104
17 121
17 123
17 132
17 133
17 154
18 12
18 17
18 18
18 22
18 39
18 46
18 56
18 70
18 71
18 74
18 76
18 77
18 84
18 108
18 177
18 182
18 187
18 189
18 197
18 204
18 207
18 211
18 214
18 220
18 222
18 233
18 236
18 239
18 242
18 244
18 248
18 252
19 4
19 6
19 7
19 55
19 59
19 84
19 91
19 95
19 108
19 117
19 135
19 155
19 183
19 185
21 1
21 3
21 4
21 6
21 7
22 1
22 4
22 5
22 11
22 27
22 34
22 53
22 59
22 60
22 64
22 66
22 85
23 101
24 3
24 6
24 10
24 17
24 21
24 24
24 28
24 29
24 30
24 32
24 34
26 1
26 11
26 16
26 17
26 19
26 21
27 11
28 8
28 10
28 14
28 19
28 25
28 35
30 36
30 39
30 40
30 54
30 58
30 59
30 61
30 68
30 73
30 74
30 88
30 89
30 94
30 101
30 104
30 107
30 111
30 118
30 121
30 146
32 1
32 4
32 6
32 22
32 41
32 42
32 54
32 60
32 64
32 72
32 77
32 78
32 80
32 83
32 84
32 89
32 91
32 92
32 96
32 99
32 108
32 109
32 121
32 125
32 137
32 142
32 151
32 165
32 177
32 189
32 190
32 196
32 203
32 212
32 224
32 225
32 233
32 234
32 235
32 237
32 239
34 90
34 93
34 94
34 101
34 105
35 9
35 10
35 23
35 31
35 41
35 75
35 78
35 80
35 82
35 88
35 101
35 103
35 184
35 228
35 231
35 368
35 377
35 380
35 382
35 383
36 7
36 13
36 23
37 1
37 16
37 19
37 71
37 75
37 80
37 109
37 113
37 125
37 131
37 136
37 145
37 150
39 7
39 21
39 36
39 40
39 48
39 54
39 60
39 66
39 68
40 1
40 5
40 6
40 7
40 8
40 23
40 27
40 28
40 37
41 10
41 14
41 15
41 29
41 35
42 48
42 55
42 72
42 75
43 6
43 8
43 13
44 1
44 24
44 26
44 46
44 53
44 55
44 57
44 62
44 68
44 70
44 71
44 74
44 79
44 81
44 84
44 87
44 138
44 143
44 144
44 150
44 152
45 4
45 11
45 15
45 21
45 39
45 43
45 47
45 52
45 64
45 67
45 68
45 76
45 77
45 92
46 1
46 5
46 15
47 3
47 10
47 20
47 28
47 36
47 40
47 46
47 47
48 110
48 118
48 119
49 2
49 5
49 6
49 82
49 84
49 94
50 34
50 42
50 46
50 48
50 60
50 61
50 66
50 67
50 77
51 52
52 3
52 22
55 15
55 21
55 32
55 48
55 52
55 55
55 61
55 67
55 75
55 80
55 81
55 88
55 91
55 95
55 100
55 102
55 103
56 5
56 7
56 11
56 20
56 21
56 26
56 32
56 39
56 59
56 61
56 68
56 74
56 75
56 76
56 109
56 112
56 115
56 117
56 125
56 126
56 131
56 132
56 163
56 164
56 175
57 9
57 15
57 18
57 20
57 22
57 23
57 27
57 37
57 47
57 52
57 53
57 54
58 7
58 15
58 18
58 33
58 40
58 46
58 49
58 50
58 51
58 57
58 64
58 67
58 70
58 72
58 73
58 96
58 107
58 112
58 118
58 120
58 125
58 128
58 129
58 138
59 8
59 10
59 24
59 31
59 34
59 38
59 41
59 43
59 57
59 59
59 67
59 68
59 73
59 79
59 80
59 83
59 85
59 92
59 100
60 5
61 8
61 10
61 21
61 25
61 32
61 33
61 40
61 44
61 54
61 72
61 77
61 79
61 81
61 82
61 89
61 102
61 111
61 119
62 2
62 11
62 23
63 3
65 57
65 59
65 64
65 84
65 99
65 104
65 115
65 116
65 124
65 125
65 136
65 137
65 141
65 150
65 151
65 156
66 3
66 22
66 31
66 33
66 37
66 45
66 50
66 56
66 60
66 61
66 63
66 64
66 70
66 87
66 92
66 93
66 96
66 111
68 8
68 9
68 13
68 14
68 27
68 28
68 29
68 31
68 35
68 38
68 43
68 50
68 60
68 62
68 70
69 1
69 7
69 12
69 22
69 26
69 34
69 44
69 45
71 79
71 81
71 84
71 99
71 109
71 122
71 129
71 138
71 146
71 200
71 202
71 209
71 215
71 220
71 221
71 223
71 231
71 239
71 242
71 250
72 34
74 19
74 25
74 27
75 2
75 5
75 17
75 20
75 27
75 32
75 34
75 35
75 40
75 45
75 59
75 74
75 76
75 84
75 86
75 90
75 91
75 101
75 214
75 216
76 1
76 14
76 17
76 24
76 28
76 35
76 45
76 130
76 134
76 135
76 140
76 141
76 150
76 157
76 159
76 160
76 166
76 167
76 177
76 228
76 236
76 244
76 256
76 257
76 261
76 267
76 268
76 272
76 273
76 282
76 287
76 296
77 4
77 10
77 15
77 23
77 26
77 37
77 47
77 49
77 55
77 58
77 61
77 65
77 92
77 96
77 101
77 104
77 113
77 115
77 116
77 118
77 122
77 129
77 130
77 132
77 137
77 140
79 64
79 66
79 70
80 50
80 74
80 79
80 86
80 88
80 92
80 93
80 94
80 111
80 126
80 128
80 137
80 160
80 173
80 175
80 179
80 185
80 186
81 27
81 39
81 86
81 94
81 98
81 99
81 102
81 104
81 106
81 110
81 113
81 115
81 121
81 126
81 130
81 134
81 135
81 145
81 148
81 158
81 171
81 173
81 180
81 181
81 200
81 207
81 212
81 223
81 233
83 4
83 7
83 9
84 74
84 75
84 84
85 1
89 33
89 35
89 38
89 46
89 51
89 53
89 55
89 56
90 1
90 6
90 11
90 23
91 7
92 19
92 21
92 31
92 36
92 38
92 46
92 50
92 59
95 15
95 39
95 61
95 62
96 16
96 23
96 26
96 30
96 35
96 51
96 58
96 65
96 69
96 79
97 5
97 6
97 10
97 23
97 26
97 28
97 31
97 32
97 43
97 52
98 40
98 50
98 65
98 66
98 84
98 88
98 94
99 1
100 1
100 10
100 11
100 14
100 23
100 31
100 36
100 41
100 45
100 77
100 78
100 80
100 84
100 90
100 98
100 99
100 100
102 5
102 8
102 27
102 35
102 36
102 39
102 41
102 42
102 65
102 70
102 73
102 74
102 80
102 81
102 92
102 102
102 107
102 120
102 124
102 126
102 127
102 131
103 1
104 5
104 15
104 17
105 85
105 103
105 107
105 111
105 115
106 2
106 9
106 12
107 1
107 2
107 5
107 6
107 8
107 9
107 10
107 11
107 15
107 19
107 24
107 28
109 7
109 17
109 19
109 22
109 38
109 39
109 46
109 51
109 53
109 54
110 2
110 6
110 24
110 26
