1 7
1 19
1 21
1 28
1 30
1 31
1 33
1 35
1 36
1 47
2 1
2 2
2 5
2 6
3 2
3 5
3 9
3 16
4 5
5 4
5 7
6 1
6 6
6 8
7 2
7 4
7 6
7 12
7 22
7 29
7 30
7 32
7 37
7 60
7 64
7 65
7 66
7 69
7 85
7 100
7 103
8 4
8 13
8 14
8 16
8 24
8 27
8 51
8 56
8 62
8 69
8 70
8 80
8 82
8 87
8 105
9 10
9 13
9 61
9 70
9 74
9 75
10 79
10 82
10 87
10 88
10 173
11 56
11 58
11 61
11 67
11 73
11 77
11 86
11 96
11 103
11 105
11 115
11 119
11 126
11 132
11 139
11 145
11 148
11 149
11 151
11 153
11 155
11 156
11 159
11 164
11 165
11 169
11 173
11 191
11 201
11 203
11 204
11 226
11 228
11 248
11 278
16 4
16 9
16 12
17 76
17 78
17 83
17 85
17 91
17 93
17 96
17 105
17 115
17 125
18 118
18 125
18 129
18 131
18 135
18 137
18 149
18 157
18 158
18 160
18 161
18 162
18 163
18 167
18 173
18 177
18 181
18 208
18 211
19 1
19 2
19 4
19 18
19 20
19 31
19 32
20 15
20 24
20 34
20 36
20 46
20 58
20 59
20 64
20 72
21 31
21 96
21 97
23 12
23 14
23 24
23 34
23 42
23 57
23 71
23 72
23 73
23 76
23 89
23 92
23 99
23 110
23 112
23 119
23 126
23 136
23 140
23 142
23 149
23 150
23 160
23 167
23 174
23 180
23 183
23 189
23 195
23 224
23 228
23 233
23 240
23 241
23 247
23 253
23 264
23 270
23 273
23 274
23 276
23 278
23 280
23 288
23 289
23 292
23 298
23 300
24 44
24 45
24 50
24 52
24 53
24 60
24 62
24 63
24 64
24 69
24 74
24 75
24 78
24 79
24 80
24 83
24 86
24 90
24 99
24 108
24 114
24 119
25 4
25 12
25 13
25 19
25 23
25 26
25 29
25 48
26 5
26 13
26 19
26 20
26 23
26 35
26 38
26 39
26 45
26 48
26 50
26 64
27 16
27 59
27 65
27 72
27 77
27 78
27 80
27 96
28 60
28 71
28 75
28 77
28 81
29 4
29 20
29 22
29 30
29 32
29 39
30 5
31 65
31 75
31 80
31 83
31 95
31 97
31 101
31 106
31 110
31 111
31 113
31 116
31 245
31 249
31 265
31 288
34 22
34 24
34 37
35 2
35 3
35 11
35 13
36 6
36 7
37 1
37 3
37 9
37 15
37 16
37 20
37 23
37 51
37 52
37 53
37 58
37 62
37 78
37 79
37 81
37 86
37 106
37 107
37 109
37 116
37 119
37 120
37 124
37 126
37 130
37 131
37 136
37 148
37 150
37 151
37 153
37 159
37 171
37 172
37 181
37 184
37 196
37 199
37 201
37 203
39 15
39 17
39 21
39 24
39 28
39 29
39 32
39 36
39 38
39 42
39 46
39 57
39 59
41 57
41 61
41 68
41 77
42 4
42 6
42 8
42 10
42 16
42 17
42 29
42 31
42 49
42 55
42 70
43 67
43 68
43 75
43 82
43 90
43 93
43 95
43 106
45 20
45 23
45 28
45 44
45 47
45 52
45 57
45 63
47 60
47 61
47 68
47 70
47 75
47 82
47 87
47 89
47 93
49 33
54 3
55 41
55 43
55 55
55 63
55 73
55 79
55 83
55 88
55 90
55 103
55 126
55 128
55 141
55 142
55 153
55 170
55 175
55 185
55 198
55 200
55 201
55 202
55 205
55 218
55 221
55 222
55 223
55 239
55 260
55 262
55 272
55 281
55 282
55 283
55 320
56 122
56 123
56 127
56 131
57 1
57 10
57 80
57 84
57 86
57 88
57 106
57 107
57 115
57 134
57 140
57 141
57 145
57 149
57 153
57 158
57 165
57 176
57 181
57 188
58 3
58 6
58 10
58 17
58 27
58 40
58 41
58 42
58 58
58 83
58 86
58 89
58 104
58 105
58 108
58 129
58 131
58 134
58 137
58 139
58 140
58 160
58 161
58 162
58 165
58 170
58 172
58 174
58 175
58 184
58 186
58 187
58 191
58 192
58 210
58 213
58 216
58 217
59 1
59 10
59 23
59 24
59 34
59 35
59 36
59 50
59 58
59 63
59 66
59 67
60 19
60 32
60 33
60 34
60 44
60 48
60 52
60 57
60 70
60 72
60 73
60 79
60 80
60 82
60 83
63 4
63 12
63 20
63 30
63 34
63 36
64 124
64 125
64 130
64 140
64 148
64 153
64 159
64 160
64 167
65 6
65 18
65 19
65 25
65 31
65 32
65 35
65 45
65 46
65 57
65 63
65 67
65 73
65 75
65 77
65 89
65 98
65 108
65 110
65 111
65 112
65 116
65 122
65 127
65 128
65 138
66 23
66 26
66 28
66 36
66 37
66 41
66 43
66 45
66 50
66 56
66 63
66 66
66 70
67 2
67 17
67 22
67 28
68 3
68 5
68 9
68 10
68 25
68 26
68 39
68 42
69 5
69 8
69 24
69 25
69 26
69 29
69 47
69 48
69 49
69 50
69 69
69 74
69 76
69 77
69 81
69 84
69 85
69 87
69 90
69 96
69 103
69 104
69 115
70 12
70 30
70 48
70 57
70 66
70 69
70 86
70 93
70 95
70 100
70 106
70 111
70 114
70 249
70 287
70 295
71 5
71 13
73 2
73 4
73 11
73 14
73 17
73 32
73 33
73 35
73 39
73 49
73 50
73 57
73 60
73 61
73 62
73 63
73 64
73 67
73 69
73 77
74 1
74 3
74 15
74 24
75 18
75 25
75 27
75 52
75 58
75 67
75 69
75 71
76 9
76 11
76 12
76 17
76 19
76 23
76 27
76 37
76 47
76 55
76 60
76 85
76 95
76 102
76 103
78 4
78 6
80 48
80 59
80 77
80 82
80 87
80 88
80 89
81 48
81 50
81 53
81 62
81 63
82 5
82 8
82 25
82 29
82 33
82 36
82 41
82 48
82 52
82 57
82 76
82 80
82 85
82 86
82 89
82 93
82 97
82 98
82 103
82 106
82 114
82 120
82 122
82 123
82 127
82 128
82 259
82 266
82 269
82 278
82 280
82 284
82 287
82 291
82 299
82 300
82 304
82 311
82 319
82 322
82 326
82 331
82 338
82 339
83 2
83 8
83 13
83 14
83 23
83 26
83 28
83 30
83 51
83 52
83 53
83 59
83 60
83 75
83 78
83 84
83 85
83 88
83 89
83 93
84 126
84 128
84 134
84 138
85 55
85 58
86 32
86 43
86 44
86 51
86 53
86 54
86 58
87 1
87 2
87 14
87 16
87 19
87 20
87 21
87 23
87 30
87 64
87 68
87 75
87 77
87 81
88 7
88 24
88 32
88 34
88 65
88 66
88 72
88 76
88 78
88 86
88 100
88 101
88 102
88 115
88 116
88 273
88 412
88 416
88 420
89 113
89 114
89 115
89 128
89 132
89 133
89 135
89 139
89 148
89 150
89 151
90 7
90 15
90 19
90 23
90 26
90 27
91 9
91 19
91 23
92 2
92 8
92 11
92 19
92 27
92 30
92 36
92 37
92 38
92 167
92 172
92 173
92 175
92 177
92 180
92 186
92 190
92 192
93 14
93 18
93 39
93 42
93 54
93 61
93 63
93 67
93 69
93 76
93 79
93 91
93 106
93 108
93 109
93 119
93 125
93 128
93 134
93 138
93 150
93 159
93 160
93 161
93 175
93 177
93 183
93 202
93 205
93 211
93 213
93 214
93 221
93 223
93 226
93 234
93 255
93 258
93 272
96 46
96 47
96 52
97 3
97 4
97 8
97 11
97 18
97 22
97 43
97 46
97 47
97 57
97 76
97 81
97 83
97 94
97 99
97 100
97 106
97 122
97 128
98 40
98 45
98 49
98 55
98 56
98 61
98 69
98 70
98 76
98 80
98 81
98 96
98 98
98 102
98 107
98 111
98 144
98 146
98 150
98 151
98 156
98 157
98 160
98 165
98 167
98 170
98 172
98 180
98 196
98 199
98 201
98 246
98 271
98 281
98 290
98 295
98 305
98 308
98 309
98 327
98 341
98 344
98 349
99 12
99 13
99 19
