1 3
1 15
1 16
2 2
2 4
3 4
3 5
3 9
3 11
3 15
3 17
3 18
4 7
4 10
4 11
4 27
5 20
5 25
5 27
5 29
5 44
5 45
5 55
5 59
5 70
5 73
5 78
5 80
5 91
6 6
6 113
6 116
6 118
6 180
6 187
6 193
6 197
6 203
6 206
6 208
6 213
6 220
8 49
8 54
8 75
8 77
8 79
9 15
9 17
10 9
10 11
10 13
10 19
11 6
11 17
11 29
12 23
13 4
13 7
13 8
13 14
13 25
13 31
13 37
13 41
13 44
13 52
13 53
13 54
13 57
13 58
13 67
13 69
13 71
13 82
13 85
13 90
13 93
13 96
15 49
15 52
15 69
15 83
15 85
15 90
15 93
15 96
15 101
15 109
15 121
15 127
15 137
15 139
15 142
15 143
15 147
15 153
15 155
15 156
15 157
15 162
15 165
15 168
15 172
15 176
15 177
15 181
15 189
15 191
15 198
15 200
15 202
15 205
15 208
15 245
15 254
15 255
15 260
15 273
15 276
15 280
15 304
15 310
15 318
15 322
15 324
15 328
15 329
15 331
15 334
15 336
15 345
15 350
15 369
15 372
15 378
15 382
16 26
16 29
16 74
16 83
16 90
16 91
17 7
17 9
17 16
17 21
18 10
19 8
19 9
19 11
19 13
19 17
19 26
19 28
22 36
22 42
22 57
22 65
22 75
22 88
22 101
22 106
22 108
22 126
22 143
22 145
22 146
22 209
22 210
22 219
22 225
24 38
24 66
24 74
24 79
24 80
24 86
24 93
24 157
24 162
24 165
24 167
24 168
24 170
24 173
24 186
24 191
24 196
24 202
24 205
25 61
25 62
25 63
25 69
25 80
25 81
25 104
25 111
25 113
25 131
25 144
25 167
25 177
25 186
25 187
25 189
25 194
25 210
25 228
25 232
25 238
25 241
25 256
25 266
25 269
25 276
25 277
25 281
25 283
25 290
25 298
25 299
25 309
25 312
25 321
25 325
25 382
25 384
25 386
25 486
25 490
26 3
27 2
27 3
27 13
28 4
28 5
28 7
28 12
28 13
28 16
28 33
28 36
28 66
28 67
28 91
28 96
28 106
28 107
28 131
28 147
28 152
29 51
29 54
30 37
30 44
30 52
30 55
33 3
33 6
33 12
33 14
33 24
33 35
33 38
33 40
33 41
34 2
34 3
34 10
34 26
35 6
39 27
39 30
39 39
39 46
39 48
39 50
39 51
39 52
39 76
39 83
39 85
39 86
39 90
39 95
39 110
39 111
39 118
39 123
39 129
39 132
39 134
39 136
39 137
39 139
39 140
39 145
39 161
39 169
39 170
39 247
39 249
39 251
39 258
39 264
39 265
39 267
40 3
40 11
40 19
40 24
40 26
40 30
40 32
40 35
40 47
40 55
41 12
41 16
41 18
41 26
41 29
42 10
42 15
42 28
42 34
42 38
42 40
42 43
42 46
42 54
42 59
42 60
43 38
43 39
43 48
43 53
43 55
43 59
44 4
44 8
44 9
44 21
44 24
44 36
44 45
44 46
44 47
44 48
44 49
44 51
44 52
44 53
44 61
44 104
44 108
44 111
45 13
45 14
45 15
45 18
45 22
45 31
45 34
45 36
45 44
46 2
46 6
46 7
46 35
46 36
46 39
46 45
47 6
47 7
47 12
47 13
47 15
47 20
48 7
48 57
48 60
48 64
48 68
48 77
48 90
48 94
48 95
48 98
48 99
48 114
48 115
48 117
50 19
50 34
50 35
50 42
50 58
50 68
50 89
50 99
50 113
50 114
50 117
50 118
50 119
50 126
51 22
51 25
51 30
51 35
51 36
51 40
51 41
51 52
51 182
51 184
51 187
51 193
51 194
51 195
51 197
51 206
51 209
51 210
51 221
52 51
52 53
52 55
52 60
52 62
52 63
52 66
53 6
53 10
53 14
53 16
53 17
53 23
53 27
53 32
53 34
53 44
56 6
56 15
57 12
57 15
57 19
57 29
57 45
57 48
58 5
58 16
58 22
58 28
58 33
58 34
58 35
58 37
58 38
58 44
58 45
58 46
58 55
58 71
58 72
58 74
58 79
58 84
58 97
58 102
58 106
58 114
58 130
58 132
58 141
59 12
59 143
59 149
60 11
60 12
60 20
60 36
60 40
60 41
60 52
60 59
60 61
60 64
60 65
60 75
61 2
61 4
61 6
61 8
61 15
61 19
61 25
62 5
65 87
65 88
65 97
65 99
65 104
65 113
65 115
65 140
65 152
65 158
65 161
65 164
67 8
67 11
67 14
67 17
67 19
67 27
67 51
67 53
67 57
67 59
67 174
67 180
67 184
67 185
70 21
70 35
70 40
70 41
70 53
70 58
70 62
70 72
71 4
73 15
73 25
73 28
73 31
73 34
73 82
73 85
73 86
73 89
73 97
73 103
73 104
73 111
73 117
73 120
74 2
74 6
74 9
74 10
74 15
74 23
74 36
74 37
74 39
75 2
76 101
76 112
76 123
76 156
76 157
76 172
76 174
76 180
76 191
76 192
78 7
78 11
79 1
79 9
79 10
79 12
79 21
79 22
79 26
79 33
79 34
79 47
79 54
79 64
79 68
79 70
80 1
80 10
80 14
80 16
80 31
80 32
81 1
81 12
81 13
81 26
81 27
81 34
81 35
81 36
81 42
81 44
81 51
81 81
81 86
81 97
82 40
82 43
82 49
86 17
86 75
86 82
86 85
86 87
86 89
86 91
86 93
86 109
86 115
86 124
86 137
86 141
86 152
86 164
86 177
86 183
86 195
86 202
86 206
86 220
87 124
87 129
87 130
87 131
87 136
87 163
87 166
87 170
87 176
88 1
88 2
89 11
91 42
91 45
91 60
91 61
91 68
91 82
92 12
92 13
92 33
92 52
92 54
92 55
92 64
92 66
92 69
92 73
92 84
92 110
92 116
92 117
92 159
92 166
92 175
92 185
92 187
92 191
92 197
92 204
92 205
92 206
92 220
92 235
92 242
92 244
93 1
94 6
95 3
95 10
95 12
95 15
95 26
95 27
95 41
95 59
95 62
95 65
95 66
95 70
95 81
95 89
95 93
96 44
96 50
96 67
96 74
96 84
96 87
97 2
97 5
97 6
97 10
97 21
97 24
97 27
97 32
97 40
97 43
97 46
97 48
97 50
97 56
97 57
97 61
97 72
97 77
99 19
99 21
99 25
99 26
99 33
99 39
102 36
102 67
102 70
102 78
102 79
102 81
102 82
102 89
102 90
102 92
102 100
103 11
103 25
103 26
103 28
103 29
103 30
103 31
103 35
103 36
103 38
103 40
103 56
103 62
103 63
103 68
103 72
103 74
103 79
103 80
103 88
103 91
103 146
103 164
103 171
103 175
103 178
103 180
103 196
103 198
103 204
103 205
103 207
103 212
103 219
103 222
103 228
104 8
104 9
104 11
104 12
104 16
104 22
104 23
104 32
104 39
104 43
104 46
104 52
104 55
104 58
104 61
104 68
104 73
104 83
104 86
104 88
104 91
104 92
104 94
104 98
104 105
104 107
104 109
104 136
104 138
105 1
105 9
105 11
105 23
105 29
105 30
105 36
105 56
105 59
105 60
105 86
105 88
105 94
105 112
105 113
105 124
105 137
105 139
105 140
105 143
105 145
105 147
105 151
105 156
105 166
106 1
106 2
106 9
106 23
106 31
106 50
106 53
106 60
106 61
106 63
106 69
106 70
106 74
106 75
106 77
106 94
106 102
106 104
106 107
106 111
106 133
106 136
106 137
106 139
107 1
107 3
107 4
107 7
107 32
107 34
107 39
107 42
107 54
107 55
107 66
107 67
107 72
107 77
107 83
107 86
107 88
108 8
108 44
108 57
108 58
108 63
108 66
108 93
108 101
108 104
108 105
108 113
108 120
108 123
108 125
108 146
108 153
108 158
108 172
108 173
108 191
108 195
109 19
109 39
109 51
109 52
109 54
109 58
110 43
110 44
110 45
110 50
110 52
110 60
110 61
110 66
110 67
110 74
110 76
110 79
110 92
110 112
110 113
110 135
110 140
110 147
110 159
110 162
110 165
110 170
110 171
110 174
110 181
110 183
110 203
110 207
