1 2
1 10
1 11
1 12
1 15
1 17
1 21
1 31
1 37
1 46
1 50
1 52
1 63
1 66
2 2
2 14
2 16
2 18
2 24
2 26
3 66
3 70
3 77
3 91
3 97
3 109
4 2
4 4
4 9
4 11
4 16
4 23
4 33
4 35
4 36
4 39
4 48
4 49
4 52
4 53
4 55
5 44
5 48
5 61
5 67
5 68
5 77
5 83
5 97
5 101
5 105
5 109
5 117
5 123
5 128
5 129
5 137
5 160
5 176
5 179
5 182
5 188
5 196
5 198
5 201
5 209
6 5
6 24
6 28
6 47
6 53
6 54
6 55
6 60
6 63
6 64
6 70
6 75
6 82
6 85
7 14
7 16
7 129
7 143
7 146
7 149
7 166
7 175
7 178
7 181
7 182
7 183
7 194
7 203
7 208
7 218
7 229
8 31
8 37
8 44
8 64
8 70
8 71
8 74
8 77
8 80
8 87
8 93
8 95
8 102
8 114
8 118
8 119
9 56
9 62
9 72
9 73
9 83
9 84
9 104
9 115
9 132
9 143
9 145
9 161
9 165
9 168
9 172
9 177
9 180
10 1
11 9
11 11
11 18
11 20
11 22
11 23
11 144
11 145
11 155
11 157
11 163
11 168
11 174
11 175
11 181
11 183
11 186
11 188
11 193
11 324
11 327
12 3
12 12
12 25
12 27
12 28
12 29
12 39
12 43
12 44
12 65
12 74
12 76
12 82
12 85
12 86
12 90
12 93
12 100
12 102
12 116
13 3
13 6
13 72
13 74
13 76
13 82
13 83
13 90
13 94
14 2
14 7
14 17
14 21
15 124
16 7
17 13
17 18
17 32
17 33
18 9
18 18
20 1
21 8
21 10
21 13
21 14
21 16
21 18
21 20
21 48
21 54
21 57
21 61
21 79
21 80
21 84
21 87
21 88
21 89
21 91
21 93
21 98
21 100
21 101
21 102
21 103
21 112
21 117
21 118
21 120
21 126
21 128
21 160
21 162
21 163
21 165
21 167
21 173
21 186
21 190
21 193
21 213
21 219
21 238
21 241
21 254
21 255
21 259
21 261
21 290
21 297
21 306
21 310
21 311
21 313
21 322
21 328
22 2
22 10
22 12
22 13
22 19
22 28
22 33
22 38
22 40
22 46
22 62
22 63
22 66
22 68
22 74
22 76
22 77
22 80
22 85
22 86
22 95
22 96
22 100
22 101
22 105
22 106
22 107
22 110
22 181
23 69
24 30
24 32
24 37
24 63
24 66
24 67
24 77
24 83
24 84
25 1
25 7
25 25
25 35
25 40
25 43
25 45
25 46
25 47
25 49
25 50
25 66
26 80
26 82
26 84
26 87
26 88
26 89
26 95
26 97
26 103
27 6
27 7
27 10
28 3
28 6
28 8
29 2
29 3
29 13
29 18
29 23
29 24
29 26
29 29
29 31
29 32
29 33
29 35
29 40
29 41
29 43
29 45
29 47
29 54
29 61
29 63
29 65
29 68
29 76
29 80
29 81
29 95
29 96
30 14
30 20
30 24
30 29
30 33
30 38
34 46
34 48
34 57
34 80
34 86
34 92
34 93
34 99
34 108
34 111
34 120
34 127
34 128
34 130
34 131
34 138
34 143
34 145
35 2
35 4
35 10
35 90
35 92
35 93
35 98
35 113
35 126
35 134
35 137
35 139
35 141
35 142
36 6
36 7
36 8
36 10
36 22
36 33
36 36
36 44
36 46
36 54
36 70
36 75
37 14
37 19
38 84
38 87
38 93
38 97
38 100
40 18
40 20
40 31
40 54
40 71
40 75
40 79
40 87
40 91
40 96
40 112
40 116
40 127
41 18
41 24
41 33
41 39
41 42
41 44
41 50
41 51
41 56
41 57
41 61
41 76
41 79
41 84
41 92
41 93
41 94
41 106
41 114
41 122
41 123
41 134
41 141
41 146
41 149
41 161
41 165
41 167
41 272
41 275
41 292
41 295
41 307
41 312
41 315
41 316
41 318
41 319
41 321
44 104
44 123
44 128
44 135
44 147
44 148
44 152
44 158
44 164
44 166
44 171
46 6
46 8
46 9
46 17
46 18
46 21
46 22
46 30
46 33
46 37
46 56
46 59
46 67
46 73
46 83
46 97
46 102
46 112
46 119
46 122
46 123
46 124
46 138
47 9
47 10
47 12
47 16
47 28
47 31
48 3
48 8
48 9
48 22
48 23
48 30
48 31
48 35
49 87
49 89
50 11
50 19
50 20
50 33
50 36
50 37
50 39
50 40
51 1
51 9
51 13
51 16
51 20
51 26
51 34
51 40
51 44
51 48
51 50
51 53
51 59
51 66
51 69
52 79
52 81
52 82
53 9
53 18
53 22
54 18
54 23
55 25
56 7
56 8
57 2
58 4
58 5
58 6
58 10
58 22
59 60
59 74
59 81
59 85
59 92
59 95
59 97
59 109
59 113
59 121
59 122
59 123
59 129
59 132
59 140
59 151
59 157
59 160
59 181
59 188
59 189
59 195
59 197
59 199
59 201
59 208
63 8
64 2
64 7
64 8
64 10
64 11
64 15
64 20
64 22
64 32
64 35
64 38
64 47
64 56
64 57
64 61
64 65
64 77
64 79
64 82
64 83
64 87
64 92
64 97
64 99
64 104
64 109
64 119
64 120
64 133
64 137
64 157
64 158
64 171
64 189
64 193
64 232
64 238
64 253
64 255
64 260
64 271
64 279
65 1
65 6
65 9
65 19
65 21
65 22
65 25
65 35
65 40
65 45
65 46
65 47
65 52
65 55
66 2
66 5
66 6
66 27
66 35
66 36
66 39
66 41
66 47
66 71
66 73
66 78
66 80
66 83
66 90
66 95
66 99
66 103
66 126
66 127
66 128
66 140
66 141
66 142
66 155
66 156
66 164
66 172
66 173
66 178
66 183
67 26
67 28
67 30
67 33
67 45
67 46
67 54
67 58
67 65
67 67
67 69
67 73
68 3
68 4
68 10
68 11
68 25
69 3
69 16
69 17
69 20
69 23
69 24
69 27
69 28
69 29
69 53
69 55
69 87
69 97
69 103
69 108
69 110
69 111
69 113
69 135
69 136
69 138
69 139
69 145
69 148
69 153
69 171
69 179
69 185
70 5
70 7
71 3
71 13
71 21
71 24
71 25
71 31
71 33
71 36
71 48
72 13
72 19
72 21
72 25
72 28
72 32
72 49
72 51
72 63
72 64
72 67
72 68
72 70
72 71
72 83
72 92
72 97
72 98
72 101
72 132
72 148
72 150
75 32
78 23
78 24
78 29
78 39
78 41
78 46
78 58
78 64
79 1
79 7
79 8
79 15
79 16
79 17
79 19
79 23
80 6
80 20
80 21
81 26
81 27
81 29
81 32
81 33
81 39
81 60
83 4
83 13
83 15
83 17
83 19
83 23
83 51
83 55
83 56
83 62
83 64
83 69
83 76
83 77
83 79
83 85
83 92
83 96
84 4
84 5
84 11
84 15
84 18
84 25
84 29
84 31
84 44
84 53
85 1
86 1
86 7
86 8
86 9
87 81
87 83
87 87
87 91
87 155
87 162
87 170
87 173
87 177
87 181
87 185
88 1
88 13
88 15
88 17
88 26
88 50
88 56
89 85
89 86
89 87
89 101
89 112
89 119
89 122
89 127
89 132
89 137
90 12
90 35
90 42
90 48
90 54
90 58
90 61
90 73
90 84
90 86
90 87
90 100
90 103
90 106
90 108
90 109
90 112
90 114
90 121
90 124
90 125
90 138
90 143
90 182
90 186
91 1
91 2
91 5
91 11
91 17
91 26
91 27
91 29
91 33
91 35
91 37
91 51
92 5
93 28
93 52
93 54
93 55
93 58
93 66
93 67
93 68
93 80
93 82
93 97
93 100
93 106
93 107
93 114
93 133
93 135
95 1
95 7
95 15
95 20
95 23
95 27
95 28
95 31
95 33
95 171
95 173
95 175
96 9
96 15
96 22
96 29
96 38
96 129
96 135
96 139
96 143
96 144
96 149
96 152
96 158
96 178
96 186
96 197
96 200
96 201
96 207
96 309
97 4
97 20
97 21
97 27
98 60
98 79
98 81
98 82
98 89
98 90
98 97
99 3
99 5
99 9
99 18
99 23
99 25
99 28
99 35
99 38
99 40
99 42
100 6
100 7
100 12
100 14
100 20
101 3
101 4
101 5
101 18
101 24
101 26
102 5
102 12
104 64
104 66
104 71
105 2
105 5
106 2
107 2
107 10
107 24
108 10
108 12
108 13
108 30
108 39
108 40
108 41
110 37
110 44
110 77
