1 2
1 6
1 7
1 17
1 20
1 21
1 28
1 33
1 35
1 37
1 40
2 10
2 28
2 40
2 44
2 46
3 1
4 8
4 15
4 18
4 25
4 40
4 43
4 48
4 52
4 72
4 73
4 75
5 71
5 74
5 75
5 76
5 78
5 81
6 2
6 8
6 10
6 13
7 2
7 3
7 16
7 31
7 33
7 50
7 52
8 88
8 91
8 93
9 7
9 69
9 85
9 87
9 92
9 100
9 113
9 115
9 130
9 161
9 162
9 173
9 175
9 178
9 181
9 183
9 184
9 185
9 301
9 312
9 330
9 331
9 336
9 344
9 349
9 350
9 354
9 356
9 361
9 377
9 384
9 398
9 400
9 403
10 11
10 18
10 23
10 24
10 31
10 36
10 38
10 90
10 104
10 114
10 122
10 126
10 133
10 137
11 3
11 4
11 12
11 15
11 18
11 29
12 4
12 5
12 6
12 12
12 15
12 17
12 29
12 31
12 33
12 41
12 42
12 43
12 46
12 48
12 58
12 74
12 88
12 92
12 101
12 121
12 127
12 132
12 140
12 144
12 148
12 158
12 160
12 162
12 163
12 164
12 166
12 168
12 176
12 177
12 183
12 187
12 197
12 199
12 202
12 206
13 8
13 10
14 9
14 22
14 34
14 36
14 37
14 40
15 36
15 40
15 42
15 43
15 51
15 70
15 142
15 161
15 166
15 180
15 186
15 188
15 196
15 205
15 211
15 217
16 45
16 48
16 57
16 67
16 80
16 84
16 87
16 96
16 101
16 116
16 117
16 124
16 126
16 134
16 135
16 138
16 140
16 142
16 148
16 159
16 164
16 168
16 171
16 172
16 173
16 175
16 176
16 189
16 190
16 191
16 195
16 198
16 201
16 202
16 210
17 8
17 10
17 13
17 39
17 40
17 46
17 51
17 52
17 56
17 59
17 68
17 71
17 78
17 96
17 97
17 98
17 101
17 105
17 109
17 114
17 115
19 24
19 25
19 42
19 43
19 47
19 49
19 50
19 55
19 59
20 26
20 28
20 30
22 57
24 15
24 93
24 96
24 118
24 119
24 122
24 130
24 131
24 163
24 165
24 168
25 91
25 92
25 94
25 103
25 116
25 117
26 20
26 23
26 32
26 113
26 114
26 180
26 188
26 191
26 193
26 197
26 198
26 203
26 206
26 214
26 226
26 259
26 267
26 273
26 274
26 278
26 279
26 283
26 294
26 297
26 299
26 301
26 307
26 308
26 315
26 325
26 346
26 352
26 356
26 361
26 363
26 367
26 382
26 388
26 392
26 397
26 398
26 399
26 424
26 428
26 440
26 452
26 455
26 466
26 467
26 472
26 474
26 476
27 15
27 17
27 21
27 24
27 30
27 34
27 38
27 42
27 47
27 48
29 29
29 30
29 162
29 170
29 180
29 190
29 194
29 212
29 216
29 220
29 227
29 244
29 245
29 248
29 261
29 272
29 276
29 279
29 281
30 2
30 6
30 9
30 13
30 14
30 18
30 21
30 28
30 32
30 36
33 13
33 18
33 37
33 43
34 4
34 5
34 23
34 25
34 29
36 9
36 12
36 44
36 49
36 66
36 78
36 85
36 92
36 96
37 4
37 5
37 8
37 13
37 16
37 18
37 24
37 25
37 28
37 31
37 37
37 41
37 44
37 80
37 98
37 114
38 1
38 6
38 8
38 17
38 19
38 25
39 1
39 8
39 13
39 29
39 31
39 32
39 47
39 73
39 75
39 79
39 132
39 134
39 141
39 146
39 147
39 149
39 156
39 158
39 167
39 168
39 177
39 310
39 313
39 321
39 336
39 346
39 348
40 59
40 75
40 78
40 80
40 87
40 89
40 90
40 108
40 111
41 1
41 4
41 11
41 17
41 29
41 34
41 41
41 45
41 51
42 1
42 25
42 28
42 35
42 36
42 38
42 39
42 51
42 59
42 60
44 1
45 4
45 15
46 67
46 71
46 80
47 7
47 10
47 11
47 12
48 3
48 8
48 15
48 22
48 23
49 5
49 6
49 11
49 12
49 26
49 44
49 48
51 16
51 19
51 22
51 32
51 39
51 48
51 49
51 50
53 34
53 36
53 41
54 35
54 37
55 6
55 8
55 13
55 25
55 33
55 44
55 46
56 57
56 60
56 86
56 102
56 103
56 107
56 113
56 119
56 123
56 129
56 131
56 137
56 139
56 143
56 146
56 148
56 150
56 151
56 153
56 163
56 165
56 168
56 173
56 176
56 178
56 184
56 185
58 73
58 83
58 90
58 91
58 94
58 107
58 108
58 150
58 157
58 166
58 171
58 178
58 179
58 182
58 198
58 199
58 200
58 220
58 221
58 229
58 234
58 237
58 248
58 249
58 250
58 260
58 262
58 274
58 280
58 283
58 284
58 287
58 292
58 294
58 299
58 301
59 21
59 23
59 30
59 32
59 45
59 47
59 49
59 57
59 62
59 69
59 76
59 77
59 85
60 8
60 9
60 12
61 1
61 13
61 45
61 47
62 70
62 72
62 75
62 88
62 90
62 93
62 101
62 102
62 109
64 19
64 20
64 21
64 22
64 26
64 32
64 38
64 47
64 50
64 63
64 67
64 70
64 84
64 86
64 87
64 89
64 94
64 104
64 111
64 112
64 117
64 120
64 123
64 148
64 149
64 180
64 195
64 202
64 207
64 209
64 276
64 279
64 287
64 291
65 12
65 14
65 16
65 25
65 26
65 33
65 40
65 50
65 55
65 64
65 69
65 75
65 76
65 80
65 92
65 95
65 97
65 107
65 117
65 123
65 130
65 134
65 136
65 142
65 143
65 146
65 151
66 4
67 9
68 6
68 7
68 17
70 66
70 67
70 74
70 78
70 82
71 10
71 13
71 19
71 34
71 36
71 42
71 52
71 55
71 67
71 68
71 70
71 72
71 76
71 77
71 80
71 81
71 94
71 96
71 121
71 125
71 133
71 139
71 141
71 143
71 148
71 156
71 160
71 169
71 170
71 178
71 188
71 191
71 198
71 200
71 207
71 216
71 219
71 221
71 223
71 234
71 245
71 247
71 248
71 255
71 257
71 261
71 265
72 9
72 22
72 23
72 25
72 26
72 36
72 40
72 41
72 43
73 21
73 22
73 34
74 50
74 69
74 71
74 82
74 98
74 100
74 113
74 115
74 133
74 138
74 141
74 145
75 12
75 27
75 30
75 33
75 39
75 42
75 44
75 46
75 54
75 64
75 69
75 83
75 89
75 105
75 106
76 1
76 9
76 10
76 14
76 23
76 32
76 34
76 37
76 41
76 42
76 47
76 51
76 67
76 69
76 70
76 73
78 59
78 63
78 64
78 66
78 67
78 69
78 77
78 82
78 87
78 88
78 97
78 99
78 226
78 236
79 6
79 26
79 31
79 34
79 40
79 49
79 52
79 64
79 66
79 71
79 75
79 86
79 87
79 102
79 106
79 130
79 134
79 151
79 154
79 155
79 157
79 161
79 162
79 164
79 168
79 180
79 189
79 191
79 194
79 200
79 215
79 220
79 227
79 231
79 242
79 245
79 256
79 262
79 265
79 274
79 276
81 102
81 111
82 2
82 7
82 8
82 12
82 14
82 16
82 18
82 22
82 33
82 41
82 45
82 47
82 58
82 59
85 15
85 16
85 36
85 42
85 43
85 45
85 62
85 64
85 72
85 83
85 88
85 100
85 102
85 109
85 110
85 113
85 114
85 141
85 144
85 147
85 150
85 153
86 1
86 5
86 11
86 12
86 14
86 17
86 32
86 33
86 34
86 38
86 40
87 1
87 12
87 17
87 18
87 22
87 26
87 28
87 33
87 44
87 49
87 52
88 2
88 6
88 16
88 23
88 28
88 29
88 44
88 60
88 61
88 63
88 67
88 70
88 72
88 86
88 89
89 3
89 6
89 8
89 18
89 22
89 26
89 28
90 11
90 29
90 31
90 33
90 39
90 47
90 63
90 64
90 75
90 98
90 103
90 108
90 121
90 131
90 154
90 161
90 166
90 170
91 4
91 18
91 25
91 26
91 28
91 32
91 46
91 48
91 53
91 67
92 7
92 10
92 11
93 4
93 10
93 16
95 8
95 10
95 28
95 34
96 8
96 16
96 19
