1 5
1 27
3 8
3 14
3 72
4 4
4 9
4 38
4 42
4 50
4 63
4 77
4 80
4 94
4 95
4 98
4 100
4 107
4 110
5 26
5 27
5 30
5 39
5 44
5 55
5 58
5 67
5 77
5 78
5 80
5 85
5 86
5 110
5 117
5 128
5 131
6 5
6 7
6 10
6 39
6 41
6 46
6 53
6 58
6 66
6 84
6 92
6 94
6 95
6 102
6 113
6 118
6 122
6 124
6 127
6 128
6 137
7 1
7 22
7 26
7 42
7 43
7 46
7 50
7 52
7 64
7 76
7 77
7 80
7 93
8 3
8 4
8 18
8 22
10 25
10 28
10 29
10 35
10 37
10 39
10 40
10 52
10 54
10 57
10 60
10 62
10 63
10 72
10 76
10 79
10 80
10 84
10 86
10 89
10 90
10 92
10 93
10 97
10 104
10 105
10 108
10 117
10 128
10 135
10 138
10 139
10 141
10 142
10 143
10 146
10 149
10 154
10 160
10 166
10 168
10 172
10 173
10 177
10 181
10 182
10 184
10 233
10 236
10 239
10 243
10 249
10 364
10 367
10 385
10 386
10 392
10 408
10 414
10 419
10 421
10 422
10 423
10 424
10 431
10 432
10 438
10 444
11 3
11 4
11 7
11 10
11 18
11 21
11 24
11 25
11 29
11 30
11 32
11 33
11 34
11 37
11 41
11 50
11 60
11 61
11 67
11 69
11 72
11 74
11 79
11 83
11 84
11 85
11 87
11 105
11 111
11 112
12 61
12 69
12 72
12 81
13 3
14 2
14 17
14 18
14 19
14 33
14 34
14 42
14 49
14 50
14 53
14 60
14 61
14 67
14 71
14 73
14 75
14 83
14 90
14 98
14 111
14 112
14 114
14 117
14 121
14 125
14 129
14 201
14 204
14 218
14 226
14 230
14 236
14 264
14 271
14 272
14 277
14 278
14 281
14 283
15 1
16 5
17 3
17 4
17 89
19 11
19 14
19 17
19 24
19 34
19 36
20 2
20 15
20 16
21 1
21 21
21 22
21 23
21 29
21 30
21 37
21 41
21 45
21 49
21 51
21 53
21 59
21 61
21 70
21 81
21 85
21 91
21 113
21 115
21 119
22 2
22 8
22 25
22 30
22 43
22 46
22 57
22 58
22 59
22 71
22 90
22 92
22 98
22 100
22 101
22 106
22 125
22 135
22 139
22 140
22 148
22 158
22 159
22 163
22 171
22 173
22 179
22 180
24 95
24 110
24 111
24 113
24 117
24 120
24 123
24 129
24 131
24 133
24 136
24 140
27 29
27 34
27 44
27 49
27 51
28 12
28 15
28 65
28 69
28 70
28 82
28 83
28 88
28 101
28 103
28 104
28 116
28 118
28 120
28 124
28 132
28 172
28 178
28 186
28 194
28 256
28 272
28 276
28 277
28 286
28 289
28 294
28 295
29 3
30 7
30 15
30 18
30 30
30 49
30 51
30 64
30 84
30 91
30 96
30 98
31 3
31 8
31 9
31 24
31 26
31 29
31 32
31 35
31 42
31 43
31 44
31 53
31 54
31 56
31 66
31 79
31 91
31 222
32 9
32 11
32 15
32 19
32 27
32 30
32 34
32 36
32 40
32 43
32 45
32 48
32 50
32 56
32 57
32 59
32 104
32 106
32 118
32 120
32 126
33 6
33 7
33 13
33 19
33 32
33 38
34 2
34 5
34 7
34 10
35 16
35 27
35 32
35 40
35 41
35 44
35 48
36 11
36 49
36 85
36 93
36 250
36 260
36 266
36 267
36 271
36 272
36 273
36 276
36 277
36 285
36 286
36 293
36 305
36 308
36 310
36 329
36 337
36 342
36 346
36 356
36 359
36 369
36 370
36 372
36 374
36 375
37 8
37 17
37 18
37 22
37 24
37 25
38 33
38 35
38 40
38 58
38 66
38 68
38 71
38 74
38 77
38 145
38 146
38 149
38 151
38 178
38 190
38 201
38 209
38 212
38 218
38 219
39 10
39 12
39 14
39 20
39 21
41 109
41 117
41 119
41 123
41 140
41 274
41 275
41 279
41 281
41 286
41 302
41 307
41 312
41 320
41 324
41 327
41 330
41 333
41 334
41 340
41 345
41 346
41 348
41 360
41 361
41 379
41 384
42 2
42 4
42 5
42 31
42 32
42 40
42 44
42 45
42 50
42 52
42 56
42 59
42 60
42 64
42 67
42 71
42 76
42 111
42 125
42 133
42 138
42 139
42 142
42 150
42 153
42 154
42 158
42 166
42 177
42 179
42 180
42 211
42 216
42 217
42 219
42 222
42 226
42 255
42 264
42 265
42 271
42 281
42 294
42 426
42 428
42 431
42 455
42 459
42 466
42 484
42 486
42 493
42 508
42 509
42 511
42 513
42 515
42 521
42 524
42 525
42 544
42 548
43 3
43 31
43 34
43 37
43 59
43 62
43 75
43 122
43 132
43 136
43 137
43 267
43 278
43 284
43 290
43 293
43 296
43 297
43 299
43 303
43 320
43 330
43 331
43 348
43 355
43 364
44 16
44 18
44 27
44 32
44 37
46 5
47 96
47 113
47 117
47 122
47 124
47 134
48 11
48 19
48 23
48 34
48 43
48 52
48 55
48 62
48 66
48 72
49 5
49 6
49 14
49 15
49 18
49 19
49 22
50 7
50 10
50 11
50 22
50 23
50 25
50 35
50 36
50 41
51 1
51 6
51 12
51 15
52 2
52 13
52 17
52 19
52 37
52 43
52 44
52 45
52 48
52 52
52 62
52 74
52 123
52 128
52 130
52 140
53 1
53 17
53 20
53 22
53 23
53 26
53 29
54 101
54 103
54 109
54 114
54 118
54 208
54 214
54 218
54 229
54 235
55 1
55 7
56 13
56 15
56 17
56 24
56 31
56 32
56 33
56 45
56 48
56 49
56 50
56 55
56 56
56 74
56 79
57 6
57 10
57 27
57 28
57 38
57 48
57 49
57 73
57 76
58 1
58 3
58 12
58 16
58 21
58 24
58 27
58 39
59 1
59 3
59 4
59 8
59 11
59 12
59 17
59 26
59 33
59 40
59 43
59 49
59 57
59 59
59 63
59 67
59 86
59 95
59 101
59 102
59 104
59 111
59 114
59 116
59 123
59 158
59 160
59 168
59 172
59 174
59 184
59 187
59 189
59 197
59 201
59 205
59 214
59 290
59 305
59 306
59 308
59 312
59 316
59 341
59 343
60 3
60 13
60 16
60 28
60 32
61 3
61 4
61 6
61 13
61 19
61 23
61 28
61 32
61 34
61 70
61 78
61 79
61 82
61 86
61 88
61 92
61 94
61 95
61 96
61 102
62 2
63 5
63 8
63 17
64 4
64 5
64 22
64 24
64 26
64 34
64 35
64 36
64 38
64 40
64 42
64 49
64 62
64 65
64 66
65 8
65 10
66 4
66 5
66 6
66 14
66 20
67 9
67 11
67 18
67 22
67 27
67 33
67 34
67 41
67 53
67 73
67 74
67 76
67 81
69 4
70 8
70 9
70 13
70 21
70 28
70 121
70 128
70 185
70 188
70 194
70 203
70 209
70 211
70 227
70 230
70 231
71 43
71 48
71 50
71 52
71 64
71 65
71 74
71 78
71 80
71 85
71 90
72 1
72 12
72 15
72 23
72 31
72 32
72 33
72 35
72 40
72 44
72 46
72 48
72 58
72 68
72 72
72 73
72 82
72 88
72 92
72 94
72 99
72 100
72 111
72 123
72 131
72 133
72 149
72 152
72 153
74 49
74 64
74 65
74 71
74 74
74 75
74 76
74 82
74 84
74 85
74 92
74 95
74 101
74 102
74 105
76 67
76 102
76 105
76 108
76 112
76 125
76 127
76 128
76 133
76 136
76 144
76 145
76 155
76 163
76 172
76 182
76 185
76 190
77 2
77 4
77 8
77 9
77 10
77 20
77 26
77 34
77 44
77 50
77 55
77 58
77 61
78 36
78 38
78 41
78 42
78 45
78 56
78 74
78 79
78 80
78 82
78 83
78 84
80 14
80 27
80 94
81 6
81 25
81 32
81 35
81 37
81 48
81 50
81 58
81 61
81 63
81 68
81 70
81 79
82 14
82 26
82 36
82 49
82 51
82 54
82 57
82 63
82 64
82 71
82 73
82 77
82 78
82 80
82 86
82 91
82 92
82 99
82 100
83 3
83 48
83 51
83 52
83 54
83 57
83 61
83 64
83 71
83 73
83 204
83 207
83 212
83 227
83 230
83 237
83 239
83 251
83 252
83 255
83 259
83 260
83 261
83 263
83 269
83 274
83 277
83 286
83 288
83 296
83 298
83 300
83 309
83 312
83 316
85 36
85 38
85 41
85 43
85 46
85 47
85 48
86 2
88 114
88 122
89 2
89 4
89 12
89 15
89 16
89 18
90 2
91 4
91 9
91 18
91 19
92 1
92 6
94 16
94 18
