1 11
1 12
1 14
1 25
1 28
1 30
1 33
1 43
1 52
1 53
1 64
1 73
1 75
2 4
2 13
2 18
2 23
2 29
2 31
2 35
2 38
2 47
2 48
2 53
5 4
5 12
5 14
5 19
5 24
5 30
5 33
5 35
5 37
5 53
5 58
5 61
5 67
5 76
5 78
5 93
5 107
5 114
6 6
6 8
6 21
6 24
6 25
6 33
6 38
6 39
6 40
7 3
7 10
7 13
7 16
7 45
7 48
7 50
7 55
7 62
7 80
7 86
7 92
7 107
7 108
7 113
7 139
7 143
8 3
10 13
10 14
10 19
10 22
10 37
10 47
10 69
10 101
10 114
10 115
10 117
10 120
10 121
10 125
10 132
11 29
11 34
11 36
11 38
11 39
11 40
11 69
12 25
12 43
12 48
12 52
12 54
12 56
12 57
12 60
12 67
12 68
13 1
13 13
13 20
13 28
14 8
14 10
14 13
14 16
14 28
14 31
14 44
14 45
14 47
14 48
14 50
14 51
14 52
14 53
14 57
16 9
16 13
16 27
18 70
18 71
18 82
18 84
18 86
18 103
20 37
20 42
20 45
20 53
20 54
20 64
20 67
20 75
20 78
20 80
20 84
20 87
20 90
20 107
20 113
20 126
20 145
20 150
20 162
20 172
20 173
20 178
20 182
20 189
20 190
20 195
20 206
20 209
20 211
21 4
21 6
21 7
21 27
21 30
21 32
21 36
21 38
21 41
21 57
21 58
21 67
21 70
21 74
21 77
21 84
21 98
21 108
21 109
21 111
21 112
21 118
21 120
21 140
21 141
22 1
22 28
22 31
22 39
22 54
22 93
23 11
23 16
23 22
23 28
23 29
23 33
23 41
23 42
24 28
24 29
24 33
24 34
24 54
24 60
24 66
24 67
24 71
24 74
25 1
26 28
26 34
26 38
26 57
27 6
27 11
27 12
27 16
27 21
27 23
27 31
27 34
27 36
27 43
27 47
27 50
27 57
27 62
28 18
28 25
28 29
30 82
30 83
30 84
30 86
30 91
30 106
30 107
30 108
30 110
30 125
30 127
30 163
30 164
30 168
30 170
30 177
30 179
30 186
30 192
31 1
31 8
31 10
31 13
31 19
34 7
34 8
34 10
34 19
34 36
34 40
34 43
34 44
34 47
34 53
34 106
34 112
34 114
34 131
34 147
34 151
34 152
34 156
35 3
35 4
35 8
35 18
35 31
35 33
35 34
35 48
35 49
35 60
35 65
35 71
35 85
35 87
35 93
35 100
35 104
35 106
35 124
35 133
35 136
35 137
35 147
35 148
35 164
35 165
35 169
35 176
35 178
35 183
35 195
36 9
36 11
36 17
36 18
36 25
36 29
36 30
36 31
36 40
36 46
36 61
37 2
37 8
37 9
37 23
37 25
37 29
37 40
37 41
37 47
37 50
37 52
37 56
37 57
38 78
38 85
38 87
38 205
38 217
38 227
38 235
38 308
38 312
38 313
38 314
38 327
38 337
38 339
38 349
38 351
38 352
38 366
38 381
38 383
38 405
38 413
38 424
38 425
38 429
38 444
39 5
39 15
39 17
39 21
39 27
39 28
39 32
39 49
39 54
39 60
39 70
39 103
39 120
39 127
39 134
39 140
39 144
39 146
39 154
39 157
39 263
39 268
40 4
41 18
41 19
41 29
41 41
41 48
41 64
41 65
41 72
41 90
41 94
41 95
41 112
41 131
41 133
41 249
41 252
41 256
42 8
42 9
42 34
43 17
43 18
43 19
43 22
43 33
43 43
43 54
43 56
43 62
43 65
43 67
44 15
44 26
44 29
45 18
45 33
45 34
45 42
45 46
45 47
48 29
48 30
48 54
48 55
48 58
48 70
48 71
48 74
48 77
48 83
49 3
49 6
49 17
49 26
49 28
49 33
49 35
49 37
49 38
49 40
49 41
49 45
49 47
49 59
50 1
50 2
50 7
51 1
51 7
51 8
51 12
51 14
51 18
51 36
51 43
51 45
51 48
51 57
51 66
51 160
52 20
52 25
52 27
52 29
52 47
52 48
52 49
53 45
53 59
53 67
53 72
53 93
53 94
53 95
53 96
53 105
53 110
53 117
53 123
53 128
53 129
53 131
53 133
53 140
53 141
53 147
53 151
53 153
53 154
54 4
54 9
54 11
54 15
54 19
54 27
55 6
55 10
55 33
55 35
55 40
55 42
55 46
55 50
55 55
55 64
55 72
55 75
55 78
55 81
55 93
55 94
55 95
55 102
55 106
55 113
55 114
55 116
56 12
56 19
56 25
56 26
56 39
56 43
58 6
58 8
58 16
58 18
58 27
58 33
58 34
58 57
58 79
58 83
58 88
58 89
58 94
58 97
58 100
58 105
58 114
58 115
58 116
58 129
58 133
58 145
58 146
59 56
59 58
59 63
59 65
59 76
59 77
59 89
59 91
59 99
59 110
59 111
59 112
59 116
59 120
59 136
59 142
59 147
59 148
59 154
59 160
59 164
59 165
59 166
59 167
59 173
59 177
59 178
59 179
59 180
59 205
59 206
59 207
59 210
61 11
61 14
61 24
61 26
61 31
63 2
65 111
66 1
66 14
66 16
66 28
66 36
66 43
66 46
66 54
66 56
66 57
66 61
66 62
66 70
66 118
66 119
66 121
66 122
67 1
67 15
67 17
67 18
67 34
67 37
67 43
67 45
67 49
67 57
67 61
68 1
68 191
68 194
68 195
68 204
68 209
68 215
68 219
68 225
68 232
68 237
68 238
68 244
68 259
68 271
68 272
68 283
69 4
69 5
69 7
69 8
69 16
69 23
69 25
69 38
69 45
69 46
70 4
71 1
71 2
71 3
71 5
71 7
71 9
71 12
71 13
71 19
71 30
71 31
71 33
71 35
71 37
71 55
71 65
71 72
72 1
72 4
72 15
72 18
72 19
72 20
72 24
72 27
72 49
72 63
72 69
72 83
72 159
72 166
72 170
72 176
73 4
73 6
73 13
73 14
73 20
73 24
73 25
73 60
73 69
73 71
73 76
75 10
75 25
75 27
75 28
75 41
75 51
75 63
75 64
75 69
75 79
75 80
75 81
75 85
75 89
75 92
75 96
75 108
75 109
75 112
75 113
75 130
76 2
76 4
76 7
76 35
76 49
76 50
76 51
76 63
77 9
77 11
77 44
77 50
77 67
77 77
77 84
77 88
78 12
79 1
79 3
79 4
79 23
79 28
79 45
79 48
79 57
79 63
79 65
79 68
79 71
80 16
80 19
80 22
80 26
80 29
81 5
82 59
82 61
82 63
82 64
83 11
83 14
83 17
83 18
83 22
83 31
83 33
83 38
83 42
83 46
83 70
83 73
83 183
83 230
83 232
83 240
83 244
83 247
84 2
84 3
84 34
84 36
84 42
84 45
86 54
86 57
86 66
86 71
86 72
86 75
86 77
86 78
86 89
86 92
86 96
86 101
86 113
86 117
86 196
86 200
86 201
86 202
86 207
86 213
86 214
86 221
86 228
86 236
86 242
86 243
87 29
87 33
87 38
87 41
87 58
87 63
87 69
87 71
87 88
87 97
87 108
87 125
87 129
87 133
87 136
87 141
87 152
87 156
87 157
87 159
87 161
87 197
87 198
87 200
87 202
87 203
87 212
87 215
87 218
87 223
87 226
87 229
87 230
88 1
88 3
88 14
88 17
88 18
88 49
88 59
88 67
88 77
88 78
88 82
90 25
90 27
92 32
92 36
92 39
92 40
92 44
92 54
92 62
92 63
92 65
92 70
93 124
93 127
93 128
93 133
93 137
93 210
93 218
93 231
94 9
96 44
96 46
97 25
97 31
97 39
97 44
97 52
97 58
97 66
97 71
97 90
97 92
97 95
97 97
97 98
97 106
97 111
97 117
98 6
98 10
98 19
98 25
98 26
98 33
98 39
98 41
98 47
98 62
98 66
98 74
98 76
98 78
98 83
98 87
98 98
98 108
98 109
98 111
98 112
98 130
98 149
98 156
98 161
98 168
99 2
99 3
100 5
100 11
100 13
100 21
100 24
100 27
