1 4
1 7
1 14
1 19
1 24
1 25
1 36
1 38
2 25
2 85
3 9
3 18
3 25
3 32
3 43
3 50
3 59
3 60
3 63
3 64
3 170
3 172
3 175
3 178
3 180
3 185
3 187
4 67
4 71
4 75
4 76
4 83
5 7
5 17
5 20
5 26
5 40
5 46
5 47
5 51
5 63
5 66
5 70
5 75
5 76
5 79
5 87
5 91
5 104
5 105
5 106
5 108
5 115
5 125
5 126
5 127
5 135
5 139
5 142
6 1
7 3
7 4
7 5
7 11
7 17
7 22
9 14
9 26
9 33
9 34
9 35
9 41
10 12
10 20
10 30
10 36
10 46
10 47
10 48
10 56
11 8
11 22
11 23
11 29
11 32
11 38
11 41
11 46
11 47
11 55
12 2
12 6
12 7
12 16
12 21
12 34
12 39
12 42
12 43
12 44
12 53
12 126
12 129
12 131
12 141
12 158
12 161
12 173
12 181
13 16
13 23
14 3
14 7
14 12
14 14
14 23
15 18
15 21
15 22
15 25
15 33
15 44
16 8
16 13
16 16
16 23
16 28
17 6
17 10
17 30
17 38
17 45
17 49
17 61
17 67
17 79
17 82
17 85
17 88
17 92
17 96
17 99
17 101
17 106
17 109
17 115
18 2
18 6
18 13
18 16
18 24
18 32
18 35
18 44
18 46
18 49
18 50
18 58
18 62
18 64
18 70
18 73
19 17
19 25
20 6
20 8
20 15
20 16
20 29
20 32
20 35
20 41
20 42
20 46
20 54
21 29
21 30
21 34
21 41
21 45
21 48
22 3
22 6
22 18
22 21
22 33
22 35
22 37
22 42
22 46
24 21
24 23
24 24
24 29
24 35
24 46
24 50
24 51
24 54
24 57
24 75
24 77
24 81
24 87
24 99
24 120
24 124
24 137
24 142
24 145
24 151
24 153
24 167
24 169
25 2
25 3
25 11
25 22
25 49
25 54
25 59
25 61
25 71
25 76
25 78
27 76
27 77
27 92
29 1
29 11
29 12
29 20
30 4
30 7
30 12
30 13
31 13
31 20
31 26
31 30
31 34
31 36
31 48
31 177
31 179
31 193
32 17
32 18
32 26
32 34
32 44
32 57
32 63
32 66
32 78
32 82
32 84
32 95
32 96
32 99
32 101
33 6
33 10
33 12
33 15
33 20
33 33
33 38
33 39
33 41
33 46
33 55
33 57
33 66
33 73
33 83
33 100
33 117
33 118
33 120
33 121
33 124
33 129
33 135
33 142
33 143
33 145
33 148
33 149
33 161
33 166
33 167
33 170
33 171
33 301
33 303
33 313
33 316
33 320
33 339
33 342
33 355
33 356
33 362
33 364
33 365
33 378
33 383
33 397
33 398
33 401
33 403
35 18
35 31
35 35
35 56
35 59
35 61
35 68
36 16
36 24
36 26
36 28
36 32
36 37
36 58
36 69
36 72
36 75
36 76
36 77
36 81
36 87
36 91
36 95
36 109
37 39
37 42
37 44
37 49
37 53
37 58
37 64
37 67
37 123
37 126
37 127
38 4
38 12
38 22
38 28
38 34
38 35
38 40
38 51
38 52
38 56
38 62
38 67
38 69
38 74
38 84
38 85
38 88
38 93
38 94
38 97
38 104
38 235
38 239
38 241
38 243
38 251
38 257
38 258
38 260
38 263
38 276
38 277
38 281
38 287
38 291
38 296
38 303
38 315
38 327
38 461
38 463
38 465
38 466
38 471
38 473
38 480
38 485
38 495
38 498
38 500
38 502
38 505
38 507
38 532
38 533
38 543
38 547
38 551
38 558
38 564
39 5
40 3
40 10
40 21
40 29
40 30
40 34
40 36
41 6
41 22
41 24
41 51
41 62
43 27
43 36
43 38
43 49
43 53
43 56
43 60
43 61
43 72
43 75
45 29
45 30
45 46
45 51
45 56
45 58
45 66
45 78
45 80
45 86
45 88
45 91
47 70
47 73
47 74
47 104
48 7
48 8
48 11
48 16
48 22
48 30
48 32
48 46
49 27
49 34
49 49
50 88
50 90
50 96
50 98
50 106
50 107
50 133
50 140
50 146
50 147
50 156
50 160
52 72
52 75
52 86
52 90
52 237
52 240
52 242
52 247
52 252
52 256
52 261
52 263
53 3
53 9
53 15
53 16
53 17
53 19
53 20
53 22
53 28
53 149
53 162
53 165
55 90
55 93
55 95
55 96
55 140
55 145
55 146
55 151
55 208
55 221
56 39
56 58
56 63
56 69
57 60
57 61
58 17
58 31
58 39
58 43
58 54
58 65
58 72
58 75
58 90
58 92
59 1
59 3
59 4
59 13
59 23
59 33
59 38
59 39
59 46
59 49
59 53
59 68
62 31
62 34
62 35
62 36
62 52
63 1
63 2
64 9
64 15
64 17
64 27
64 30
64 34
64 36
64 38
64 42
64 59
64 60
64 85
64 90
64 103
64 105
64 109
64 113
64 119
65 8
65 9
65 43
65 44
65 62
65 64
65 67
65 68
67 13
67 48
67 73
67 97
67 100
67 105
67 113
67 114
67 119
67 120
67 122
67 123
67 124
67 126
67 128
67 129
67 131
67 132
67 139
67 141
67 143
67 153
67 161
68 4
68 7
68 8
68 14
68 17
68 18
69 2
69 10
69 16
69 29
69 32
70 2
70 5
70 7
70 14
70 17
70 21
70 22
70 26
70 30
71 4
72 33
72 70
72 71
72 74
72 77
72 80
72 83
72 113
72 120
72 121
72 146
72 167
72 168
72 177
72 190
72 191
72 192
72 194
72 205
72 206
72 207
72 218
72 228
72 231
72 232
72 233
72 236
75 78
75 84
75 89
76 4
76 9
76 12
76 16
76 25
76 31
76 48
76 58
76 62
76 72
76 73
76 75
77 4
77 12
77 25
77 26
80 6
80 8
80 12
80 13
80 14
81 1
81 15
81 17
81 20
81 41
81 52
81 56
81 59
81 60
81 61
81 62
81 89
81 90
81 102
81 127
81 135
82 19
82 23
82 35
82 41
82 48
82 50
82 53
82 57
82 58
82 64
82 67
82 76
82 125
82 179
82 202
82 204
82 209
82 212
82 215
83 11
83 17
83 27
84 1
84 2
84 17
84 34
84 39
84 45
84 84
84 91
84 97
84 102
84 111
84 113
84 117
85 5
85 7
85 26
85 37
85 39
85 41
85 47
85 60
85 67
85 121
85 124
85 126
85 128
85 129
85 131
85 137
86 9
86 11
86 13
86 14
86 21
86 22
86 38
86 46
86 53
86 54
86 55
86 57
86 70
86 73
86 74
86 83
86 85
86 94
86 99
86 106
87 18
87 21
87 22
87 25
87 28
87 38
87 79
87 81
87 86
87 96
87 100
87 106
87 112
87 118
87 121
87 125
87 136
87 146
87 151
87 162
87 163
87 169
87 183
87 188
87 191
87 200
87 201
87 206
87 213
87 217
87 220
87 225
87 237
87 238
87 239
87 253
87 280
87 409
87 410
87 420
87 421
87 425
87 443
87 453
87 458
87 467
87 470
87 474
87 479
87 491
87 492
88 1
88 7
88 9
88 13
88 14
88 20
88 25
88 27
88 30
88 33
88 37
88 45
88 49
88 54
88 56
88 71
88 73
88 74
88 80
88 83
88 87
88 101
89 15
89 17
89 20
89 22
89 31
89 93
90 78
90 80
90 87
90 90
90 91
90 93
90 95
90 99
90 102
91 19
91 22
91 32
91 33
91 36
91 37
91 43
91 46
91 54
91 57
91 71
91 73
91 75
91 79
91 84
91 88
91 93
91 97
91 113
91 119
91 120
91 121
91 122
91 125
91 132
91 134
91 136
91 149
91 158
94 57
94 58
95 6
95 7
96 2
96 6
96 21
96 25
96 57
96 65
96 70
96 72
96 79
96 92
96 93
96 95
96 96
96 101
96 121
96 126
96 127
96 129
96 130
96 137
97 16
97 21
97 33
97 37
97 39
97 52
98 12
98 16
98 22
98 25
98 28
98 29
98 39
98 40
98 44
98 48
98 49
98 52
98 56
98 64
98 91
