3 9
4 5
4 7
4 11
4 13
4 16
5 1
5 5
5 11
5 12
5 14
5 16
5 29
5 32
5 36
5 37
5 50
5 52
5 53
5 55
5 72
5 81
5 86
5 88
5 100
5 101
5 107
5 110
5 111
5 118
5 119
5 121
5 127
5 130
5 142
5 151
5 152
5 159
5 173
5 176
5 179
5 180
5 184
6 9
6 24
6 27
6 42
6 46
6 56
6 58
6 61
6 67
6 201
6 219
6 235
6 243
6 259
6 266
6 268
6 287
6 293
6 298
6 300
7 13
7 16
7 17
7 36
7 38
7 115
7 116
7 124
7 125
7 130
7 135
7 140
7 144
7 154
7 155
7 163
7 174
7 181
7 188
7 189
7 191
7 195
7 205
7 210
7 211
7 229
7 233
7 234
7 241
7 242
9 2
9 8
9 12
9 14
9 17
9 18
9 29
9 33
9 36
9 40
9 43
9 46
9 47
9 56
9 57
9 70
9 72
9 82
9 86
10 2
10 11
10 29
10 39
10 56
10 57
10 65
10 76
11 32
11 33
11 34
11 54
11 56
11 58
11 63
11 72
11 83
11 84
11 86
11 94
11 107
11 111
11 117
11 123
11 125
11 132
11 141
11 148
11 150
11 154
11 162
11 174
11 175
11 176
11 179
11 185
11 194
14 12
14 14
14 16
16 44
16 52
16 53
17 2
17 11
17 43
17 64
18 22
18 31
18 32
18 38
18 54
19 1
20 2
20 5
20 17
20 28
20 161
20 166
20 182
20 191
20 211
20 226
21 54
21 56
21 68
21 72
21 73
21 75
21 76
21 96
21 104
22 58
22 104
22 106
22 107
22 110
22 120
22 121
22 123
22 137
22 147
22 149
22 164
22 195
23 4
23 15
24 3
25 9
25 18
26 5
27 2
27 10
27 13
27 20
27 24
27 25
28 12
28 30
28 37
28 40
28 41
28 44
28 56
28 60
28 61
28 68
28 80
31 42
31 45
31 55
31 67
31 75
31 78
31 82
31 85
31 86
31 87
31 89
31 104
31 122
31 123
31 127
31 128
31 136
31 139
32 3
32 4
32 5
32 6
33 54
33 64
33 68
33 73
33 79
33 86
33 88
33 102
33 105
33 114
33 147
33 149
33 152
33 154
33 164
33 167
33 175
33 179
33 186
33 187
33 205
33 207
33 213
33 216
33 218
33 231
33 233
33 234
33 261
33 267
33 331
33 335
34 2
34 6
34 8
34 13
34 18
34 21
34 24
34 34
34 38
34 41
34 57
34 67
34 68
34 69
34 71
34 74
34 75
35 1
35 2
35 13
35 30
35 47
35 50
35 52
35 131
35 137
35 139
35 140
35 147
35 151
35 152
35 153
35 155
35 160
36 14
36 24
36 30
36 44
36 45
36 46
36 48
36 49
36 55
36 56
36 61
36 64
36 67
36 69
36 71
36 72
36 75
36 76
36 78
36 80
36 81
36 85
36 91
36 94
36 96
36 98
37 8
37 25
37 38
37 39
37 42
37 45
37 46
37 48
37 52
37 53
37 55
37 66
37 78
37 102
37 107
37 110
37 118
37 127
37 149
37 151
37 153
38 7
38 13
38 15
38 23
38 24
38 27
38 32
38 33
38 36
38 37
38 38
38 39
38 42
38 51
38 63
38 65
38 66
38 69
38 74
38 83
38 85
40 13
40 15
40 17
40 135
40 140
40 141
40 142
41 16
41 20
41 25
41 27
41 80
41 91
41 93
42 2
42 5
42 9
42 12
42 17
42 18
42 19
42 27
42 31
42 38
42 41
42 46
43 2
43 15
43 18
43 27
43 43
43 44
43 45
43 51
43 57
43 61
43 64
43 160
43 190
44 4
44 134
44 168
44 175
44 176
45 22
45 27
45 39
45 45
45 69
46 40
46 57
46 59
46 72
46 79
46 85
46 87
46 90
46 91
46 98
46 105
46 106
46 108
46 109
46 116
46 120
47 8
47 9
50 4
50 12
50 14
50 36
51 1
51 2
51 12
51 14
51 22
51 24
51 27
51 40
51 42
51 54
51 66
51 68
51 77
51 81
51 107
51 108
51 120
51 131
51 140
51 143
51 148
51 156
51 166
51 174
51 176
52 5
52 147
52 151
52 162
52 167
52 169
52 171
52 274
52 285
52 288
52 290
52 291
52 293
52 294
52 297
53 25
53 26
53 30
53 32
53 36
53 37
53 40
53 41
53 47
53 48
53 56
53 61
53 63
53 71
53 72
53 88
54 80
54 84
54 103
54 106
54 108
54 116
54 117
54 120
54 121
54 123
54 136
54 141
54 153
54 157
54 163
54 164
54 167
54 176
54 179
55 2
56 3
56 7
56 14
57 13
57 15
57 21
57 26
57 39
57 41
57 44
57 49
58 8
58 13
58 19
58 21
58 23
58 29
58 36
58 48
58 53
58 71
59 1
59 12
59 21
59 29
59 146
59 159
59 167
59 186
59 192
59 204
59 211
59 214
60 1
60 29
60 35
61 61
61 70
61 78
61 81
61 86
61 98
61 107
61 109
61 112
61 115
61 116
61 125
61 127
61 133
61 136
61 142
61 155
64 38
65 2
65 7
65 14
65 16
65 26
65 28
65 40
65 47
65 48
65 52
66 1
66 9
66 10
66 23
67 5
67 12
67 17
67 31
67 38
67 39
67 76
68 11
68 12
69 4
69 7
69 15
69 18
69 31
69 41
69 47
69 55
69 65
69 84
69 88
69 90
69 96
70 17
70 29
70 30
70 39
70 66
70 68
70 71
70 74
70 85
71 1
71 10
72 4
72 8
72 19
72 20
72 24
72 26
74 92
74 99
74 110
74 111
74 113
75 1
75 2
75 3
75 14
75 15
75 19
75 20
75 27
75 40
75 48
75 50
75 53
75 59
76 1
76 10
76 11
76 13
76 19
76 20
76 25
76 35
76 36
76 38
76 40
76 43
76 47
76 53
76 55
76 70
76 85
76 89
76 106
76 138
76 142
76 156
76 208
76 215
76 228
76 229
76 234
76 240
76 255
76 260
78 4
78 20
79 1
79 5
79 6
79 16
79 17
79 19
79 20
79 22
79 27
79 44
79 49
79 52
79 54
79 55
79 56
79 58
79 59
79 68
79 75
79 87
79 92
79 101
79 102
79 105
79 108
82 11
82 20
82 25
82 32
83 20
83 23
83 24
83 26
83 32
83 33
83 37
83 52
83 55
83 57
83 92
83 99
84 11
84 16
84 18
85 3
85 4
85 7
85 14
85 22
85 38
85 40
85 44
85 45
85 46
85 58
85 64
85 67
86 1
86 9
86 12
86 14
86 25
86 28
86 29
86 47
86 53
86 57
86 65
86 69
86 70
86 71
86 80
86 88
86 92
86 93
86 191
86 192
86 195
88 37
88 57
88 58
88 62
88 64
88 72
88 73
88 79
88 87
88 95
88 100
88 101
89 45
91 9
91 11
91 21
91 22
91 23
91 26
91 34
92 110
92 112
92 116
93 39
93 49
93 59
93 60
93 62
93 65
93 67
93 74
93 78
93 79
93 86
93 89
93 91
93 98
96 26
96 27
96 32
96 34
96 35
96 39
96 40
96 48
96 55
96 73
96 97
97 7
97 10
97 12
97 27
97 67
97 70
97 94
97 97
97 113
97 114
97 119
97 121
97 144
97 147
97 158
97 160
97 167
97 180
98 6
98 13
98 17
98 33
98 122
98 128
98 129
99 2
99 3
99 4
99 11
99 18
99 25
99 26
99 32
99 33
99 43
99 45
99 50
99 52
99 61
100 4
100 5
100 7
100 14
100 23
100 31
100 38
100 48
100 60
100 67
100 69
101 2
101 3
101 5
101 13
101 17
103 58
103 61
103 65
103 67
105 40
105 66
105 77
105 78
105 82
105 83
105 87
105 95
105 96
105 106
105 119
