1 8
1 9
1 20
1 54
1 55
1 58
1 59
1 62
1 67
1 72
1 91
1 96
1 97
1 98
1 103
1 105
1 114
1 117
1 121
1 124
1 129
1 139
1 143
1 144
1 146
1 153
1 159
1 164
2 9
2 18
2 30
2 49
2 52
3 2
6 2
6 12
7 56
7 63
7 70
7 80
7 81
7 99
7 104
7 106
7 108
7 121
7 129
7 132
8 1
8 8
8 14
8 26
8 30
8 51
8 58
8 62
8 67
8 68
8 71
8 73
10 4
10 8
10 9
10 15
10 18
10 23
10 30
10 32
10 43
10 45
10 46
10 47
10 53
11 5
11 15
12 97
12 99
12 102
13 119
13 120
13 125
13 137
13 138
13 157
13 160
13 182
16 2
16 6
16 14
16 16
16 17
16 31
16 33
16 41
17 3
18 4
18 5
18 9
18 27
18 31
18 33
18 35
19 13
19 17
19 22
19 25
19 33
19 46
19 50
19 106
19 107
19 114
19 117
19 118
19 125
19 135
20 8
20 12
20 13
20 20
21 1
21 7
21 11
21 18
21 23
21 25
21 41
21 42
21 48
21 51
21 62
21 64
21 71
21 76
21 77
21 80
21 83
21 92
21 101
22 11
22 16
22 19
22 22
22 30
22 37
22 40
22 57
22 64
22 67
22 71
22 80
22 81
22 84
22 94
22 97
22 116
22 118
22 124
22 125
22 126
22 127
22 139
22 149
22 154
22 156
22 158
22 160
22 169
22 170
22 173
22 188
22 205
22 210
22 215
22 216
22 218
22 220
22 221
23 1
23 6
23 17
23 26
23 30
24 24
24 29
24 37
24 50
24 55
26 29
26 30
26 32
26 39
27 2
27 4
27 12
27 23
27 26
27 27
28 32
28 39
28 41
28 53
28 60
28 62
28 66
28 67
29 120
29 123
29 125
29 132
29 148
29 154
29 163
29 166
29 167
30 12
30 14
30 22
30 25
30 39
30 45
30 53
30 58
30 64
30 69
30 76
30 79
30 100
30 104
30 109
30 113
30 118
30 121
30 122
32 97
33 1
33 3
33 10
34 6
34 13
34 25
34 27
34 29
34 34
34 35
34 43
34 128
34 138
34 140
34 141
34 157
34 161
34 166
34 168
34 171
34 191
34 196
34 199
34 207
34 213
34 225
34 228
34 238
34 336
34 338
34 340
34 344
34 349
34 350
34 352
34 354
35 57
35 59
35 75
36 84
36 85
36 103
37 2
37 37
37 44
37 55
37 63
37 70
37 76
37 80
37 88
37 92
37 96
38 5
38 6
38 7
38 9
38 10
38 13
38 15
38 19
38 24
38 26
38 36
38 55
38 69
38 70
38 74
38 77
38 84
38 91
38 94
38 97
38 101
38 103
39 2
39 4
39 5
39 8
39 11
39 16
40 5
41 8
41 9
41 12
41 17
41 20
41 25
41 29
41 97
41 98
41 99
41 101
41 123
41 134
42 3
42 4
42 16
42 19
42 21
42 26
42 28
42 37
42 40
42 51
42 52
42 61
42 62
42 72
42 81
42 84
42 86
42 88
43 1
43 19
43 24
43 30
44 2
44 6
44 17
44 22
44 27
44 30
45 2
45 5
45 16
45 28
45 29
45 35
45 38
45 41
45 42
45 47
45 51
47 2
47 9
47 12
47 15
47 22
47 28
47 30
47 34
47 38
47 42
47 49
48 1
48 8
48 19
48 25
48 28
48 33
48 36
48 37
48 41
48 44
48 48
48 53
48 59
48 62
49 11
49 20
49 37
49 38
49 40
49 49
49 51
49 53
49 55
49 58
49 59
49 63
49 64
49 65
49 71
49 74
49 207
50 2
50 3
50 4
50 10
50 12
50 14
50 35
50 40
50 42
50 53
50 54
50 57
50 66
50 72
50 79
50 100
50 102
50 103
50 105
50 107
51 19
51 34
51 35
52 4
52 6
52 24
52 26
52 33
52 42
52 52
52 55
52 58
52 66
52 69
52 73
52 77
53 44
53 138
53 140
54 12
54 17
54 24
54 34
54 37
54 41
54 44
54 45
54 47
54 48
55 1
55 4
55 26
55 32
55 64
55 83
55 85
55 91
55 92
55 95
55 104
55 127
55 128
55 139
56 142
57 7
57 9
57 11
57 39
57 40
57 41
57 47
57 62
57 65
57 69
57 70
57 83
57 84
57 87
57 97
57 118
58 3
58 8
58 11
59 9
59 11
59 14
59 16
59 30
59 38
59 40
59 48
59 55
59 56
59 61
59 69
59 73
59 74
59 78
59 83
60 7
60 8
60 11
60 14
60 34
60 35
60 37
60 38
60 42
60 46
61 79
61 80
61 81
61 91
61 92
61 113
61 139
61 146
61 148
61 150
61 154
61 159
61 160
61 183
61 190
61 192
61 195
61 199
61 204
61 209
61 212
61 215
61 220
62 52
62 58
62 61
62 68
62 77
62 80
62 82
62 84
62 90
62 91
62 93
62 102
62 111
62 112
63 56
63 61
63 63
63 64
63 69
63 77
63 81
63 85
63 93
63 97
63 104
63 107
63 108
63 109
63 116
63 117
63 118
63 129
63 132
63 140
63 142
63 150
63 152
63 154
63 156
63 162
63 163
63 166
63 174
63 176
63 183
64 124
64 133
64 136
64 143
65 34
65 36
66 10
67 2
67 4
67 5
68 2
68 9
68 16
68 18
68 22
68 27
68 38
68 39
68 45
68 51
68 55
68 60
68 75
68 77
68 82
68 92
68 94
68 102
68 104
68 110
69 17
69 26
69 30
69 31
69 36
69 41
69 46
69 51
69 53
69 56
69 58
69 62
69 96
69 97
69 100
69 111
69 113
72 30
72 31
72 35
72 36
72 37
72 41
73 21
73 26
73 30
73 33
73 50
73 52
73 65
73 81
73 82
73 94
75 2
75 4
75 5
75 7
75 8
75 19
75 31
75 32
75 37
75 40
75 43
75 62
75 63
75 65
77 13
77 20
77 25
77 30
77 33
77 37
77 49
77 53
77 54
77 57
77 59
77 65
77 67
77 68
77 79
77 83
78 3
78 5
78 10
78 14
78 15
78 19
78 24
78 27
78 29
78 30
78 33
78 65
78 70
78 76
78 83
78 91
78 92
78 93
78 96
78 98
78 103
78 113
78 114
78 139
78 149
78 150
78 157
78 160
78 163
78 170
78 184
78 189
78 191
78 194
78 208
78 209
78 220
78 225
78 231
78 233
78 248
78 252
78 254
78 256
79 1
80 4
80 9
80 12
80 25
80 34
80 40
80 44
80 46
80 48
80 55
80 63
81 2
81 9
81 16
81 17
81 18
81 21
81 22
82 4
82 7
82 9
82 12
82 16
82 26
82 41
82 49
82 56
82 66
82 68
82 71
83 4
83 8
84 5
84 6
84 9
84 13
84 18
84 19
84 32
84 35
84 37
84 49
84 61
84 64
84 68
84 71
84 73
84 79
84 87
84 101
84 105
84 106
84 107
85 1
85 8
85 26
85 27
85 31
85 46
85 52
85 89
85 94
85 97
85 98
85 99
85 101
85 105
85 107
85 108
85 116
85 119
85 126
85 129
85 133
85 137
85 138
85 142
85 144
85 150
85 154
85 155
88 65
88 66
88 73
88 76
88 82
88 90
88 91
89 3
89 16
90 12
90 14
90 21
90 33
90 42
90 65
90 69
90 71
90 72
90 73
90 74
90 78
90 82
90 88
90 89
90 114
90 117
90 118
90 119
90 123
90 124
92 15
92 19
92 30
92 33
92 42
92 46
92 48
92 51
93 57
93 59
93 66
93 69
93 90
93 96
93 100
93 106
93 108
93 111
93 127
93 132
93 137
93 160
94 4
94 6
94 9
94 20
94 25
94 30
94 34
94 46
94 48
94 58
94 302
94 312
94 314
94 332
94 344
94 348
94 350
94 366
96 77
96 81
96 88
96 101
96 104
101 17
102 3
102 73
102 76
102 78
102 79
102 80
102 84
102 88
102 110
102 111
102 113
103 4
104 1
104 6
104 46
104 47
104 51
104 57
104 86
104 90
104 99
104 108
104 109
104 112
104 113
104 120
104 147
104 154
104 156
104 161
104 173
104 174
105 13
105 16
105 17
105 22
105 26
105 31
105 53
105 54
105 55
105 64
105 70
105 71
106 12
106 16
106 18
107 9
107 14
107 18
107 19
107 22
107 24
107 26
108 4
108 12
108 18
108 21
108 22
108 33
108 35
108 40
108 51
109 1
109 29
109 32
109 36
109 47
109 50
109 51
109 60
109 69
109 70
109 87
109 88
110 1
110 5
110 6
110 8
110 12
110 31
110 32
111 4
111 5
111 9
111 26
111 28
111 40
111 51
111 57
111 58
111 63
111 65
111 75
111 78
111 98
111 99
111 113
111 125
111 126
111 145
111 148
111 151
111 154
111 169
