1 1
1 135
1 146
1 148
1 167
1 177
1 182
1 191
1 197
1 204
1 207
1 209
1 211
1 216
1 219
2 2
2 14
2 17
2 18
2 23
2 28
2 30
2 33
2 43
2 44
2 49
2 51
2 52
2 54
2 55
2 75
2 95
2 99
2 103
2 105
2 113
2 129
2 133
2 146
3 10
3 12
3 27
3 30
3 31
3 33
3 47
3 48
4 2
4 12
4 26
4 27
4 28
4 31
4 33
4 35
4 40
4 46
4 49
4 54
4 64
4 70
9 12
9 17
9 19
9 32
9 35
9 40
12 23
12 43
12 46
13 12
13 28
13 29
13 31
13 39
13 40
13 43
13 47
14 1
14 3
14 9
14 10
14 19
14 20
14 22
14 24
14 26
14 56
14 64
14 82
14 95
14 96
14 98
14 100
14 114
14 123
14 126
14 127
14 153
14 156
14 164
14 165
14 168
14 198
14 204
14 205
14 208
14 218
14 219
14 226
14 230
14 234
14 235
14 243
14 244
14 245
14 246
14 248
14 251
15 24
15 27
15 37
15 41
15 45
15 46
15 49
15 75
15 77
15 185
15 190
15 193
15 196
16 1
16 9
16 16
16 18
16 23
16 30
16 37
16 46
16 47
16 52
16 70
16 80
16 82
17 2
17 4
17 11
17 12
17 13
17 15
17 16
17 19
17 21
17 25
20 9
20 23
20 32
20 35
20 45
20 46
20 55
20 62
20 84
20 85
20 88
20 94
20 96
20 103
20 109
20 125
20 127
20 132
20 133
20 135
20 140
20 145
20 158
20 227
20 257
20 258
20 320
20 324
21 111
21 138
21 147
21 160
21 161
21 165
23 13
23 18
23 34
23 41
23 50
23 51
23 64
23 71
23 78
23 88
23 90
24 69
24 73
25 8
25 45
25 47
25 53
25 59
25 61
25 66
25 68
25 72
25 73
25 78
25 104
25 105
25 106
25 107
26 1
26 3
26 7
26 23
26 34
27 3
27 10
27 18
27 40
27 41
28 5
28 10
28 13
28 17
28 19
28 21
28 29
28 30
28 40
28 43
29 112
29 115
29 125
29 129
29 138
29 147
29 154
29 157
29 194
29 198
29 209
29 217
29 233
29 242
29 248
29 254
29 260
29 275
29 276
29 286
29 289
29 294
29 296
29 307
29 310
29 325
29 326
29 329
29 339
29 348
29 349
29 356
29 375
29 385
29 394
29 397
29 398
29 443
29 446
29 453
30 16
30 21
30 23
30 31
30 84
30 93
30 101
30 116
30 117
30 126
30 127
30 139
30 148
30 149
30 152
30 158
30 161
30 167
30 173
30 176
30 202
30 208
30 211
30 219
30 234
30 242
30 247
30 255
30 260
30 265
30 274
30 275
30 284
30 291
30 294
31 2
32 1
32 17
32 21
32 25
32 27
32 28
32 32
32 35
32 37
32 38
32 40
32 43
32 44
32 45
32 48
32 51
32 62
32 64
33 1
33 8
33 9
33 10
33 12
33 15
33 16
33 18
33 21
33 23
33 25
33 26
33 33
33 38
34 3
34 4
34 10
34 12
34 17
34 20
34 26
34 28
34 37
34 43
34 45
34 47
34 49
34 53
34 54
34 65
34 67
34 136
35 27
35 28
35 32
35 33
35 37
35 41
35 43
36 5
36 10
36 15
36 17
36 19
36 22
36 55
36 56
36 125
37 1
37 2
38 1
38 3
38 10
38 13
38 21
39 3
39 9
39 10
39 12
39 36
39 41
39 42
39 61
40 19
40 24
40 29
40 32
40 34
40 35
40 36
40 49
40 52
40 88
40 98
40 106
40 113
40 124
40 129
40 131
42 47
42 48
42 55
42 57
42 74
42 84
42 87
42 92
42 93
43 108
43 110
43 114
44 66
44 79
44 84
44 91
44 92
44 93
44 94
44 116
44 121
44 129
44 132
45 1
45 5
45 7
48 10
48 12
48 14
49 73
50 18
50 35
50 43
50 51
50 55
50 57
50 58
50 60
51 8
51 14
51 33
51 44
51 45
51 56
52 8
52 16
52 19
52 20
52 25
52 32
52 40
52 53
52 57
52 59
52 60
52 67
52 71
53 1
53 3
54 4
54 9
55 7
55 27
55 28
55 29
55 32
55 45
55 48
55 49
55 51
55 56
55 59
55 63
55 64
55 65
56 7
56 11
56 12
56 17
56 25
56 38
56 39
56 41
56 50
56 65
56 66
56 69
56 77
56 78
56 81
56 84
56 95
56 199
56 208
56 210
56 232
56 238
56 244
56 248
56 249
56 267
56 268
56 278
56 285
56 289
56 290
56 293
56 295
56 297
56 304
56 305
56 323
56 324
56 330
56 346
56 350
56 352
56 353
56 359
56 363
56 369
56 388
57 8
57 10
57 14
57 23
57 24
57 25
57 31
57 32
57 39
57 44
57 45
57 47
57 53
57 60
57 66
57 68
57 70
57 73
57 75
57 78
57 94
57 235
57 237
57 238
57 241
57 242
60 21
60 24
60 37
60 39
60 45
61 40
61 50
61 58
61 65
61 66
61 69
61 79
61 81
61 92
61 97
61 102
61 115
61 117
61 121
61 131
61 142
61 152
61 158
61 167
61 169
61 175
61 179
61 180
61 183
61 187
61 188
61 193
61 210
61 213
61 240
61 243
61 246
61 256
61 260
61 262
61 301
62 12
62 13
62 24
62 25
62 28
62 30
62 44
63 1
63 3
64 2
64 9
64 22
64 26
64 27
64 43
64 44
65 5
65 15
65 23
65 24
65 33
65 39
65 43
65 173
65 174
65 177
65 187
65 195
65 196
65 208
65 218
66 2
66 3
66 17
66 21
66 24
66 31
66 38
68 18
68 32
68 35
68 43
68 44
68 51
68 61
68 63
68 67
68 69
69 71
69 81
71 34
71 35
71 52
71 58
71 61
71 73
71 74
71 80
71 82
71 84
71 89
71 91
71 113
71 115
71 117
71 122
71 127
71 132
71 140
71 151
71 194
71 199
71 200
71 205
71 210
71 236
71 238
71 239
71 243
71 250
71 252
71 256
71 265
71 270
72 1
72 8
72 12
73 3
73 4
73 15
73 23
73 24
73 26
73 30
73 34
73 39
74 15
74 28
74 47
74 50
74 58
74 59
74 64
75 91
76 4
76 10
76 12
76 15
76 22
76 26
77 10
77 12
77 18
77 19
77 24
77 28
78 1
78 3
78 5
78 22
78 24
78 33
78 37
78 41
78 54
78 57
78 68
78 70
78 71
78 73
78 80
78 86
78 97
78 103
78 112
79 50
79 56
80 8
80 14
80 19
80 27
80 40
80 41
81 10
81 20
81 33
81 35
82 1
82 7
82 8
83 4
83 13
84 5
84 8
84 11
85 4
85 6
85 12
85 20
85 23
85 24
85 35
85 45
85 53
85 59
85 78
85 82
85 84
85 87
85 107
85 109
85 111
85 113
85 116
85 118
85 119
85 125
85 126
85 133
86 14
86 17
87 32
87 43
87 44
87 45
87 48
87 49
87 57
87 66
87 68
87 72
87 73
87 126
87 133
87 137
87 143
87 144
87 159
87 167
87 182
87 191
87 193
87 195
87 197
87 199
88 43
91 22
92 9
92 15
92 20
92 23
92 39
92 41
92 43
92 107
93 1
93 2
93 6
93 10
93 20
93 47
93 48
93 49
93 52
93 55
93 64
93 68
93 73
93 76
93 85
93 134
93 138
95 21
95 24
95 32
95 35
95 75
95 76
95 83
95 85
95 93
95 98
95 102
95 103
95 109
95 110
95 113
95 116
95 119
95 120
95 122
97 1
97 11
97 19
97 22
97 25
97 32
97 34
97 35
97 37
97 40
97 41
97 42
97 48
98 1
98 103
98 115
98 118
98 128
98 139
98 149
99 6
99 29
99 32
99 33
99 35
99 47
99 58
99 62
99 65
99 68
99 71
99 74
99 75
99 78
99 84
99 92
99 93
99 98
99 102
99 113
99 121
99 122
99 124
99 127
99 131
99 135
99 136
99 144
99 149
99 155
99 160
99 256
99 258
99 259
99 272
99 276
99 278
101 42
101 58
101 60
101 71
101 74
101 76
101 81
101 82
101 83
101 85
103 40
103 44
103 46
103 49
103 65
103 85
103 86
103 88
103 100
103 106
103 109
103 111
103 125
103 127
103 128
