1 3
1 11
1 20
2 2
3 10
3 20
3 22
3 35
3 45
3 48
3 51
3 54
3 67
3 80
3 83
3 85
3 89
3 92
3 95
3 101
3 103
3 107
3 116
4 2
4 3
4 14
4 18
4 23
4 37
4 38
4 48
5 8
5 20
5 29
5 33
5 34
5 35
5 74
5 102
5 103
5 104
5 112
5 113
5 193
5 201
5 244
5 249
5 250
5 259
5 272
5 273
5 286
5 387
5 399
6 7
6 9
6 12
6 13
6 15
6 17
6 23
6 26
6 33
6 36
6 41
6 43
6 60
6 62
6 70
6 71
6 73
6 74
6 82
6 84
6 96
6 97
7 1
7 2
7 11
7 25
7 27
7 30
7 32
8 2
8 3
8 13
8 30
8 34
8 44
8 50
8 57
8 65
8 100
8 101
8 108
8 120
8 121
8 128
9 8
9 11
10 14
10 20
11 60
11 66
11 67
11 76
12 4
12 11
12 25
12 31
12 35
12 46
12 49
12 56
12 60
12 62
12 68
12 74
13 15
13 30
14 6
14 8
14 11
14 17
14 39
15 1
17 66
18 6
18 7
18 15
18 17
18 18
18 19
18 30
18 35
18 42
18 53
18 65
18 69
18 71
19 5
19 7
19 112
19 114
19 115
19 116
19 120
19 132
19 133
19 134
19 137
19 139
19 142
19 144
19 145
19 146
19 148
19 154
19 161
19 166
19 176
19 178
19 185
19 191
19 206
19 220
19 223
19 232
19 236
19 251
19 254
19 255
19 256
19 265
19 269
19 281
20 3
20 17
20 20
20 37
20 38
20 40
20 44
20 56
21 5
21 8
21 10
21 14
21 17
21 21
21 29
21 31
22 4
22 14
22 47
22 66
22 67
22 68
22 69
22 100
22 104
22 105
22 106
23 5
25 37
25 45
25 62
25 71
25 72
25 76
25 78
25 79
25 89
25 91
25 95
26 3
27 19
27 24
27 44
27 45
27 52
27 59
28 19
29 77
29 87
29 91
29 92
29 95
30 43
30 46
30 59
30 85
31 3
32 12
32 13
32 22
32 23
32 34
32 37
32 51
32 53
32 63
32 74
32 92
32 127
32 130
32 159
34 56
34 63
34 65
34 66
34 68
34 89
34 110
34 112
34 118
34 129
36 2
36 4
36 11
36 18
36 25
36 28
36 33
36 36
37 12
37 13
37 18
37 23
37 25
37 31
37 37
37 41
37 42
37 45
37 48
37 51
37 54
37 56
37 59
37 68
37 76
37 77
37 80
37 81
37 83
37 86
37 90
37 91
37 95
37 107
37 108
38 7
38 9
38 10
38 12
38 19
38 23
38 27
38 28
38 56
38 64
38 70
38 74
38 76
38 83
38 93
38 98
38 99
38 102
38 124
38 234
38 237
38 239
38 240
38 242
38 253
40 31
41 3
41 4
41 10
41 20
41 25
41 36
42 15
42 19
42 24
42 26
42 30
42 32
42 34
42 40
42 52
43 4
43 19
43 23
43 66
43 69
43 70
43 86
43 91
43 93
43 94
43 100
43 102
43 104
43 114
43 119
43 122
43 125
43 126
43 128
43 137
43 146
43 151
43 154
43 164
43 171
43 173
43 174
43 186
43 192
43 198
43 204
43 206
43 214
43 218
43 220
43 230
43 232
44 8
44 11
44 19
44 21
44 24
44 26
44 51
44 53
44 55
44 59
44 60
44 66
44 68
44 74
45 97
45 109
45 111
45 112
45 120
45 121
45 125
45 129
45 130
45 182
45 196
45 204
45 215
45 216
46 1
46 10
46 13
46 15
46 89
46 90
46 95
46 98
46 103
46 105
46 107
47 2
47 5
47 6
47 21
47 27
47 87
47 194
47 201
47 202
47 203
48 9
48 11
48 13
48 16
48 26
48 27
48 51
48 54
48 66
48 81
48 93
48 101
48 108
48 114
48 118
48 121
48 122
48 134
48 137
48 145
48 150
48 152
48 158
48 159
48 166
48 169
48 175
48 185
48 187
48 188
48 191
48 201
48 205
48 212
48 215
48 218
48 223
49 1
49 8
49 10
49 18
49 23
49 27
51 29
51 32
51 36
51 44
51 50
51 51
51 53
51 62
51 68
51 74
51 75
52 3
52 17
52 18
52 23
52 27
57 29
57 31
57 40
57 45
58 5
59 11
59 14
59 16
59 19
59 21
59 23
59 25
59 29
59 32
59 50
59 52
59 55
59 56
59 57
59 73
59 76
59 78
59 80
59 86
59 87
59 90
59 91
59 94
59 110
59 111
59 112
59 125
59 129
59 145
59 151
59 153
59 155
59 156
59 161
59 164
59 167
59 170
59 175
59 189
59 203
59 235
59 245
59 258
59 259
59 263
59 266
61 9
61 10
61 22
61 38
61 39
62 2
62 8
62 9
62 11
62 20
62 23
62 25
62 34
62 35
63 11
64 7
64 9
64 34
64 46
64 54
64 75
64 89
64 90
64 103
64 104
64 108
64 119
64 123
64 125
64 128
64 131
64 153
64 155
65 5
65 7
65 11
65 19
65 21
65 22
65 31
65 32
65 39
65 40
65 42
65 49
65 50
65 52
65 54
65 60
68 60
68 67
68 73
68 76
69 106
69 108
69 114
69 125
69 140
69 148
69 149
69 153
69 155
69 166
69 175
69 177
69 179
69 182
69 184
69 192
69 195
69 196
69 245
69 257
69 258
70 9
70 16
70 20
70 21
71 12
72 3
72 10
72 11
72 14
72 20
72 31
72 34
72 39
72 54
72 55
72 136
72 141
72 147
72 148
72 164
72 166
72 180
72 189
72 193
72 207
72 208
72 216
72 218
73 7
74 14
74 15
74 26
74 29
74 32
74 35
74 52
74 57
74 64
74 66
74 70
74 77
74 78
76 70
76 85
77 63
77 65
77 68
77 72
78 9
79 99
79 100
79 114
79 122
79 148
79 149
79 150
79 157
79 159
79 162
79 163
79 171
79 176
79 177
79 185
79 197
79 199
79 203
80 2
80 6
80 11
80 18
80 32
81 32
81 33
81 37
81 38
81 54
81 57
81 60
81 78
81 88
81 90
81 92
81 95
81 97
81 98
81 99
82 17
82 20
82 22
83 3
83 10
83 14
83 15
83 27
83 29
83 43
83 106
83 111
84 16
84 22
85 1
85 21
85 25
85 32
85 37
85 40
85 44
85 53
85 56
85 58
85 63
85 64
85 68
85 73
85 78
85 83
85 85
85 86
87 100
87 107
87 109
87 111
87 113
87 133
87 135
87 136
88 1
88 3
88 4
88 6
88 23
88 29
88 30
88 34
88 35
88 46
88 47
88 51
88 53
88 56
88 57
89 120
89 121
89 123
89 125
89 138
89 147
89 158
89 177
89 179
89 187
89 193
89 201
89 206
89 210
89 216
89 218
89 231
89 236
89 242
89 266
89 269
89 270
89 278
89 290
90 1
90 4
90 9
90 16
90 17
90 23
90 31
90 35
90 47
90 48
90 50
90 51
90 187
90 202
90 205
90 207
90 210
90 211
90 214
90 217
90 218
90 222
90 232
90 236
90 252
90 256
90 260
90 270
90 283
90 285
90 296
90 297
90 301
90 302
90 313
90 323
90 337
90 338
90 345
90 352
90 363
90 368
90 369
90 375
90 381
90 395
90 399
90 404
90 414
90 416
90 417
90 433
92 35
92 41
93 3
93 9
93 15
94 31
94 36
94 45
94 47
94 122
94 124
94 128
94 129
94 132
94 133
94 134
94 146
94 157
94 159
94 166
94 170
94 171
94 173
94 174
94 181
98 22
98 38
98 43
99 28
99 29
99 40
99 43
99 46
99 47
99 55
100 5
100 11
100 12
100 22
100 24
100 29
100 38
100 40
101 5
101 101
101 105
101 106
103 124
103 128
103 133
103 144
103 153
103 168
103 174
103 179
103 182
103 183
103 191
103 202
103 206
103 209
103 211
103 217
103 235
103 236
103 239
104 11
104 14
104 15
104 17
104 19
104 38
104 39
104 46
104 49
104 51
104 57
104 58
104 73
104 75
104 84
104 91
104 115
104 121
104 128
104 140
104 141
104 146
104 147
104 154
104 159
104 179
104 182
104 183
104 187
104 191
104 194
104 196
104 198
104 204
104 206
104 208
105 59
105 60
105 63
105 65
105 69
105 70
105 74
105 78
105 88
105 90
105 93
105 98
105 113
105 123
105 124
105 132
107 31
