1 4
1 7
1 10
1 14
1 17
1 150
1 151
1 164
1 165
1 229
1 232
1 234
2 3
2 15
2 18
2 19
2 21
2 22
2 23
3 1
3 14
4 15
4 23
5 3
6 7
6 8
6 9
6 11
6 14
6 17
6 19
6 30
7 5
7 6
8 1
8 5
8 8
8 15
8 35
8 40
8 48
8 57
8 79
8 90
8 93
8 94
8 95
8 101
8 102
8 103
8 107
8 108
8 111
8 112
8 116
8 120
8 121
8 155
8 157
8 166
9 39
9 42
9 49
9 50
9 58
9 81
9 91
9 94
9 100
9 110
9 112
9 114
10 6
11 1
11 2
11 10
11 14
11 30
11 39
11 43
11 47
11 52
12 1
12 9
12 12
12 20
12 21
12 27
12 32
12 37
12 42
12 55
12 68
13 3
13 56
13 63
13 75
13 77
13 79
13 82
13 89
13 94
13 108
13 115
13 126
13 131
13 136
13 141
13 142
13 156
13 167
14 18
14 22
14 34
15 5
15 9
15 17
15 19
15 25
15 29
15 31
15 33
15 40
17 2
17 3
17 16
17 18
17 22
17 23
17 30
17 38
18 8
18 12
18 13
18 15
18 18
18 24
18 30
18 31
19 3
19 5
19 10
19 13
19 25
20 8
20 11
20 123
20 124
20 130
20 132
20 138
20 152
20 154
20 168
23 36
23 40
23 41
23 44
23 46
23 58
23 59
23 82
23 89
23 90
23 102
23 105
23 113
23 117
23 126
23 143
23 151
23 159
23 161
23 162
25 10
25 12
25 13
25 15
25 29
25 37
25 50
25 57
26 3
27 2
27 8
27 12
27 16
27 18
27 34
27 43
27 53
27 55
27 57
27 67
27 69
27 74
27 78
27 88
27 92
27 100
27 112
27 113
27 121
27 123
27 124
27 127
27 133
27 135
27 143
27 154
27 156
27 159
27 163
27 167
27 173
27 186
27 187
27 196
27 197
27 203
27 205
27 206
27 213
27 215
27 217
27 224
27 226
27 228
27 236
27 240
27 241
27 244
27 251
27 252
27 256
27 257
27 264
28 4
28 5
30 1
30 18
31 1
32 7
32 11
32 23
32 38
32 44
32 46
32 47
32 48
32 55
32 56
32 58
32 63
32 71
33 72
33 76
33 77
33 80
33 81
33 107
33 132
33 140
33 142
33 150
33 162
33 166
33 167
33 169
33 203
33 204
34 2
34 12
34 28
34 33
34 45
34 46
34 53
34 60
34 63
34 64
34 67
34 69
34 71
34 75
35 41
35 44
35 46
35 47
36 1
36 7
36 12
36 15
36 27
36 34
37 11
37 22
37 29
37 39
37 41
37 49
37 72
37 74
37 79
37 86
37 91
37 97
39 7
39 16
39 17
39 20
40 10
40 24
41 1
41 5
41 9
41 12
41 13
41 22
41 34
41 35
41 41
41 49
41 51
41 65
41 66
41 68
41 69
41 72
41 73
41 75
41 81
41 84
41 90
41 99
41 105
41 114
41 123
41 127
41 134
41 144
41 149
41 152
41 156
41 158
42 15
42 17
42 33
42 37
42 43
42 45
43 34
43 36
43 43
43 47
43 59
43 82
43 83
43 87
43 99
43 100
44 6
44 11
45 14
45 15
46 20
46 25
46 30
46 35
46 38
46 45
46 61
46 66
46 67
46 72
46 76
46 83
46 84
46 85
46 92
46 93
46 98
47 7
47 30
47 33
47 36
47 40
47 45
47 47
47 52
51 26
51 30
51 43
51 55
51 56
51 65
51 66
51 69
51 79
51 81
51 86
51 94
51 97
51 102
51 110
51 113
51 117
51 119
51 127
51 129
52 2
52 4
52 17
52 23
53 117
53 118
53 122
53 131
53 147
53 167
53 199
53 213
53 214
53 226
53 228
53 232
53 236
53 239
54 73
54 77
54 79
54 80
54 89
54 93
54 95
54 96
54 98
54 99
54 103
54 108
55 4
55 5
55 13
55 22
55 30
55 32
55 34
55 38
55 50
55 66
55 67
55 72
55 80
55 81
55 90
55 91
55 92
55 94
55 97
55 98
55 184
55 188
55 192
55 195
55 200
55 201
55 204
55 207
55 218
55 220
55 226
55 227
55 238
55 241
56 42
56 54
56 83
56 94
56 95
56 98
56 100
56 104
56 115
56 121
56 129
56 131
59 16
59 20
59 51
59 57
59 59
59 61
59 62
59 64
59 68
59 70
59 72
59 77
59 79
59 83
59 94
59 99
59 110
59 114
60 1
60 24
60 29
60 35
60 37
60 39
60 43
60 48
60 56
60 58
60 68
60 70
60 71
61 13
61 33
61 35
61 43
61 44
63 107
63 110
63 118
63 126
63 136
63 140
63 144
63 150
63 153
63 159
63 162
63 167
63 185
63 187
63 261
63 265
63 273
63 288
63 294
63 305
63 308
63 313
63 314
63 317
66 12
66 13
66 15
66 21
66 23
66 31
66 32
67 4
67 9
67 13
67 18
67 23
67 32
67 33
67 40
67 49
67 53
67 54
67 57
68 6
68 10
68 24
68 25
69 1
69 3
69 5
69 7
69 12
69 19
69 21
69 52
70 8
70 19
70 20
70 23
70 26
71 1
71 18
71 20
72 3
72 8
72 15
72 19
72 90
72 102
72 106
72 124
72 141
72 169
72 304
72 306
72 319
72 323
72 329
72 339
72 344
72 345
72 366
72 369
72 373
72 431
72 438
72 440
72 453
72 455
72 463
73 7
73 10
73 13
73 22
73 25
73 40
73 42
73 48
73 50
73 55
73 84
73 90
73 93
73 94
73 102
73 105
73 109
74 3
75 2
75 4
75 6
75 9
75 19
75 36
76 7
76 10
78 14
78 26
78 28
78 29
78 33
78 35
78 54
78 56
78 59
78 62
79 93
79 99
79 122
79 123
79 130
79 225
79 226
79 230
79 234
79 238
79 243
79 250
79 251
79 252
79 255
79 258
79 265
79 268
79 271
80 2
80 15
81 1
81 2
81 15
81 18
81 27
81 30
81 40
81 42
81 46
81 61
81 66
81 70
81 73
81 75
81 86
81 99
81 116
81 120
81 121
81 122
81 126
84 31
84 32
84 35
84 40
84 42
84 43
84 55
84 57
84 60
84 61
84 63
85 11
85 18
85 26
85 41
85 42
85 45
85 46
85 50
85 55
85 59
85 60
85 65
85 69
85 70
85 83
85 93
86 2
86 4
86 6
86 15
86 25
86 39
86 40
86 49
86 50
86 51
86 57
86 58
86 84
86 88
86 94
86 99
86 101
86 114
86 124
86 125
86 129
86 132
86 133
86 147
86 148
86 150
86 171
86 178
86 179
86 189
86 196
86 198
86 202
86 204
86 210
86 211
86 213
86 221
86 230
86 236
86 239
86 245
86 246
86 247
86 262
86 263
86 264
86 272
86 277
86 279
88 34
88 39
88 56
88 63
88 69
88 83
88 91
88 98
88 99
88 102
88 118
88 127
88 131
88 159
88 160
88 167
88 173
88 301
88 316
89 6
89 13
89 26
89 31
89 39
91 11
91 16
91 19
91 20
91 22
91 37
91 61
92 18
92 22
92 23
92 27
92 29
92 36
92 38
92 40
92 46
93 101
93 106
93 109
93 113
93 129
93 130
93 135
93 141
93 142
93 144
93 150
93 168
94 8
94 27
94 29
94 30
94 31
94 49
94 53
94 54
94 64
94 67
94 76
94 80
94 83
94 87
94 91
95 18
95 24
96 6
97 17
97 19
97 23
97 28
97 35
97 36
97 50
97 54
97 59
97 66
97 76
97 77
97 80
98 2
98 7
98 12
98 35
98 37
98 52
98 56
98 57
98 59
98 63
98 73
98 75
98 76
98 77
99 4
99 6
99 10
99 12
99 13
99 14
99 17
99 26
99 31
99 32
99 39
100 4
100 6
100 10
100 18
101 7
101 9
101 11
101 13
101 23
101 30
101 31
101 33
101 43
101 44
101 52
101 53
101 54
101 58
101 67
102 2
102 16
102 28
102 29
102 56
102 57
103 1
103 3
103 5
103 8
103 14
103 23
103 32
103 53
103 56
103 74
103 80
103 86
103 87
103 94
103 106
103 115
103 129
103 131
103 137
103 141
103 143
103 144
103 155
103 159
103 166
103 169
103 175
103 182
104 1
104 2
104 4
104 5
104 12
104 16
104 19
104 21
104 24
104 27
104 34
104 35
104 37
104 39
104 40
104 43
104 44
104 48
104 177
105 2
105 3
105 10
105 11
105 17
105 24
105 25
105 27
105 31
105 36
105 41
106 37
106 41
106 42
106 46
106 48
106 53
106 55
106 64
106 72
106 169
106 173
106 176
108 1
108 9
108 12
108 15
108 22
108 25
108 36
108 39
108 42
108 46
108 47
108 49
108 60
108 63
108 79
108 84
108 89
108 93
108 229
108 234
109 3
109 21
109 25
109 27
111 38
111 39
111 46
111 49
111 54
111 75
113 22
