1 2
1 5
1 8
3 11
3 18
3 21
3 29
3 64
3 77
4 6
4 33
4 39
4 51
4 52
4 54
4 57
4 60
4 62
4 67
4 76
4 92
4 94
4 97
4 99
4 100
4 107
4 121
5 1
5 7
5 10
5 12
5 23
5 28
5 30
5 36
5 39
5 45
5 47
5 53
5 55
5 58
7 34
7 35
7 39
7 41
7 44
7 45
7 49
7 51
7 56
7 62
7 74
7 77
8 79
8 84
8 94
9 4
9 7
9 21
9 29
9 33
9 52
9 69
9 73
9 76
9 80
9 86
9 88
9 94
10 25
10 27
13 66
13 68
13 75
13 76
14 18
14 20
14 22
15 1
16 43
18 16
18 18
18 23
19 19
19 23
19 25
19 39
19 43
19 46
19 56
19 66
19 74
19 76
19 78
20 5
20 8
20 14
20 27
20 39
20 41
20 42
20 57
20 61
20 68
20 70
20 76
20 78
20 88
20 92
20 93
20 99
20 101
20 109
22 1
22 3
22 7
22 9
22 12
22 15
22 17
22 22
22 28
22 29
22 35
23 3
23 9
23 16
23 17
23 18
23 21
23 37
23 46
23 49
23 54
23 55
23 57
24 4
25 7
25 13
25 16
25 21
25 25
25 31
25 37
25 39
25 42
25 50
25 52
27 1
27 5
27 12
27 13
27 15
27 21
27 23
27 40
27 49
27 53
27 60
27 67
27 69
27 71
27 76
27 97
27 99
27 102
27 103
27 125
27 138
27 140
27 148
27 149
27 177
27 178
27 184
27 187
27 189
27 191
27 196
28 50
28 60
28 66
28 91
28 98
28 107
28 110
28 112
28 115
28 182
28 186
28 196
28 199
28 201
28 203
28 207
28 209
28 220
28 226
28 236
28 242
28 252
28 254
28 261
28 309
28 312
28 316
28 317
28 318
30 44
30 48
30 49
30 52
30 58
30 59
30 63
30 72
30 76
30 82
30 84
30 86
30 92
30 95
30 102
31 5
31 10
31 16
31 19
31 20
31 23
31 29
32 5
32 11
33 3
33 16
33 29
34 60
34 71
34 81
35 2
35 11
35 12
35 19
35 26
35 29
35 36
35 39
35 41
35 44
35 53
35 54
35 57
35 60
35 65
35 67
35 71
35 80
35 83
35 84
35 85
35 92
35 98
35 109
35 110
35 136
35 137
35 141
35 146
35 147
35 155
35 156
35 162
35 164
35 295
35 297
36 1
36 3
36 4
36 8
37 4
37 6
37 7
37 9
37 22
37 35
37 36
37 53
37 56
37 69
37 73
37 79
37 94
37 98
37 106
37 121
37 130
37 139
37 153
37 154
37 163
37 178
37 180
37 188
37 216
38 12
38 13
38 18
38 21
38 22
38 24
38 27
38 29
38 38
39 32
39 40
39 42
39 49
39 62
39 68
39 69
39 71
39 150
39 152
39 158
39 230
39 231
39 232
39 238
39 239
39 246
39 247
39 253
39 275
39 280
39 283
39 286
39 287
39 291
39 292
39 295
39 297
39 308
39 309
39 310
39 315
39 320
39 321
39 330
39 335
39 341
39 342
39 344
40 51
40 55
40 56
40 62
40 65
40 67
40 77
40 231
40 232
40 237
40 244
41 8
42 3
42 24
42 38
42 42
42 43
42 49
42 50
42 59
42 62
42 81
42 153
42 154
42 158
42 161
42 171
42 180
42 182
42 184
42 195
42 201
44 4
44 5
44 6
44 8
44 15
44 16
44 17
44 23
44 24
44 36
44 171
45 2
45 4
45 9
45 14
45 20
45 23
45 38
45 49
45 51
45 60
45 82
45 86
45 87
45 88
45 94
45 101
45 108
45 112
45 113
45 115
45 122
45 131
46 2
46 4
46 6
46 19
46 48
46 49
46 54
46 65
46 67
47 9
47 19
47 20
47 31
47 62
47 64
47 65
47 77
47 79
47 83
47 99
47 101
47 124
47 133
47 139
47 148
47 162
47 165
47 166
47 171
47 176
47 181
47 184
47 189
47 196
47 204
47 207
47 212
47 224
47 231
47 232
47 244
47 251
47 254
48 2
48 3
48 7
48 10
48 25
48 30
48 49
49 5
49 9
49 10
49 18
49 21
49 39
49 42
49 53
49 66
50 3
50 13
50 14
50 22
50 23
50 25
50 28
50 34
50 43
50 45
51 1
52 16
52 17
52 20
52 33
52 37
52 38
53 11
53 21
53 22
53 31
53 49
53 50
56 13
56 15
56 19
56 23
56 28
56 45
56 51
56 58
58 29
58 30
58 35
58 37
58 45
58 59
58 72
58 98
58 106
58 128
58 130
58 133
59 15
59 23
59 27
59 32
59 33
59 40
60 17
60 24
60 38
60 46
60 56
60 69
60 71
60 77
60 83
60 90
60 97
60 102
60 117
60 121
60 254
60 261
60 266
62 29
62 32
62 34
62 36
63 6
63 22
63 32
63 38
63 43
63 183
63 188
63 200
63 204
63 207
63 208
63 213
63 222
63 230
63 239
63 244
63 251
63 253
63 256
63 257
64 2
65 4
65 11
65 12
65 14
65 19
65 46
65 48
65 58
65 59
65 76
65 89
65 93
65 96
65 100
65 102
65 104
65 105
65 109
65 111
65 128
66 1
66 2
66 13
66 17
66 23
66 33
66 36
66 48
66 50
66 53
66 59
66 69
66 84
66 92
66 113
67 1
67 2
67 3
67 6
67 129
67 130
67 132
67 133
68 5
68 13
68 17
68 58
68 59
68 62
68 63
68 67
68 76
68 79
69 18
69 37
69 39
69 45
69 50
69 52
70 22
70 23
70 29
70 38
70 60
70 94
70 95
70 137
70 151
70 157
70 159
70 198
70 199
70 219
70 221
70 223
70 224
70 239
70 250
70 251
70 252
70 255
70 263
70 265
70 286
70 291
70 295
70 296
70 299
70 301
70 303
70 310
70 311
70 336
70 342
70 350
70 355
70 358
70 367
70 368
70 369
70 372
70 379
70 380
70 381
70 384
70 390
70 391
71 4
71 17
71 18
72 1
72 3
72 7
72 25
74 53
74 62
74 63
74 81
74 87
74 94
74 104
74 107
74 108
74 111
74 114
74 118
74 124
75 34
75 35
75 41
75 43
75 44
76 1
76 143
76 144
76 147
76 151
76 161
76 169
76 173
76 176
76 187
76 189
76 198
76 204
76 207
77 15
77 17
77 19
77 25
77 33
77 34
77 43
77 47
78 2
78 21
78 31
78 33
78 34
78 47
78 48
78 52
78 53
78 59
78 73
78 84
78 88
78 90
78 93
79 7
79 8
79 16
79 17
79 25
79 26
79 182
79 199
79 204
79 205
79 211
80 27
80 35
80 37
80 39
80 42
80 43
80 50
80 59
80 60
81 11
81 16
81 19
81 23
81 27
81 36
81 37
81 38
81 41
81 43
81 44
81 46
82 1
82 5
82 29
82 34
82 36
82 38
82 43
82 47
82 54
82 70
82 72
82 77
82 84
83 2
84 3
84 9
84 34
84 35
84 41
84 45
85 4
85 13
85 15
86 9
86 10
86 16
86 20
86 21
86 25
86 27
86 124
86 130
86 133
86 135
86 137
86 151
86 152
86 157
86 162
86 164
87 9
87 24
87 27
87 30
87 32
87 40
87 42
87 43
88 8
89 7
89 24
89 38
89 39
89 42
89 174
89 194
89 198
90 1
90 2
90 4
90 13
90 18
90 26
90 29
90 38
90 47
90 52
90 53
91 10
91 20
91 22
91 24
91 27
91 35
93 17
93 18
93 20
93 29
93 57
93 60
93 64
93 68
93 72
93 75
93 79
93 102
93 103
93 105
93 107
93 108
93 111
93 113
94 8
94 13
94 19
94 21
94 22
96 42
96 44
96 174
97 1
97 3
97 9
97 15
97 22
