1 12
1 21
1 30
1 55
1 57
1 58
1 68
2 97
2 103
2 104
3 11
3 12
3 15
3 19
3 20
3 25
3 26
3 32
3 35
3 39
4 3
4 10
4 11
4 14
4 51
5 5
5 16
5 20
5 21
5 38
6 2
6 6
6 9
6 12
6 17
6 18
6 21
6 27
6 31
6 36
6 40
6 41
6 51
6 52
6 60
6 74
8 6
8 11
8 14
8 23
8 24
8 28
8 32
8 35
8 36
8 40
8 61
9 3
9 4
9 9
9 14
9 32
9 34
9 37
9 49
9 53
9 61
9 70
9 82
9 85
9 97
9 115
9 129
9 146
9 151
9 153
9 156
9 167
9 172
9 175
9 176
9 181
9 186
9 190
9 322
9 324
9 336
11 14
11 18
11 23
11 25
11 26
11 32
11 36
11 44
11 48
11 52
11 58
11 63
12 20
12 21
12 24
12 27
12 29
12 30
12 32
12 40
12 45
12 48
12 49
12 61
12 80
12 88
12 91
12 100
12 120
13 9
13 11
13 14
13 18
13 20
13 25
13 29
13 45
13 47
13 54
13 65
13 67
13 68
13 78
13 207
13 209
14 1
15 6
15 11
15 12
15 13
15 16
15 20
15 21
16 7
16 11
16 16
16 17
16 25
16 34
17 19
17 21
19 6
19 14
21 4
21 8
21 12
21 13
21 27
21 36
21 45
22 97
22 100
22 121
22 122
23 14
23 81
23 86
23 90
23 108
23 110
23 112
23 122
23 123
23 125
23 129
23 138
25 23
25 24
25 157
25 165
25 172
25 175
25 193
25 197
26 26
27 8
28 46
28 47
28 54
28 78
28 86
28 88
28 94
28 99
28 107
28 126
28 131
29 6
30 4
30 6
30 31
30 33
30 43
30 47
30 54
30 57
31 5
31 10
31 26
31 27
31 34
31 38
31 53
31 57
31 60
31 68
31 73
31 80
31 93
31 103
31 109
32 5
32 17
33 11
33 36
33 37
33 50
33 54
34 1
34 4
34 5
34 8
35 1
35 2
35 17
36 98
36 106
36 112
36 117
36 130
36 131
36 146
36 149
36 150
36 153
37 1
37 5
38 4
38 17
38 24
38 29
38 33
38 39
38 54
38 62
38 63
38 69
38 70
38 80
39 8
42 1
42 6
42 8
42 10
42 14
42 16
42 17
42 31
42 40
43 81
43 82
43 88
43 91
43 109
43 110
43 111
43 130
43 133
43 137
43 143
43 145
43 146
43 157
43 163
44 14
44 15
44 23
44 25
44 31
45 2
45 7
45 15
45 18
45 20
45 22
45 23
45 27
45 47
46 1
46 4
46 15
46 17
46 26
46 30
46 33
46 38
46 39
46 52
46 66
46 67
46 68
46 75
46 80
46 82
46 85
46 88
46 97
46 98
46 103
46 108
46 111
46 113
46 115
47 7
47 8
47 12
47 28
47 30
47 32
47 110
47 112
47 114
47 116
47 120
47 127
47 143
47 151
48 6
48 9
48 12
48 13
48 14
48 20
48 45
48 46
48 51
48 58
48 63
48 65
48 66
48 71
48 72
48 85
49 1
49 7
49 17
49 26
49 34
49 107
49 110
50 10
50 11
50 14
52 16
52 20
52 24
52 34
53 1
53 13
54 1
55 5
55 6
55 9
55 13
55 19
55 28
55 34
55 36
56 9
56 14
56 18
56 38
56 42
56 43
56 47
56 51
57 2
57 27
60 24
60 32
60 48
60 51
60 52
60 62
60 67
60 75
60 81
60 92
60 104
60 108
60 116
60 128
60 133
60 160
60 163
61 1
61 2
61 7
62 5
62 13
62 20
62 23
62 34
62 38
62 40
63 13
64 39
64 49
64 50
64 53
64 56
64 77
64 78
64 83
64 87
64 90
64 92
64 105
64 113
64 114
64 116
64 122
64 123
64 124
64 125
64 127
64 133
64 136
64 157
64 158
65 79
65 81
65 95
65 107
65 110
65 121
65 138
65 146
65 151
65 155
65 158
65 159
65 163
65 164
65 170
65 176
65 187
65 188
65 207
65 211
65 218
65 223
66 13
66 22
66 23
66 26
66 35
67 16
67 18
67 19
67 41
67 42
67 51
67 58
67 63
69 21
69 29
69 42
69 48
69 53
69 54
69 66
69 76
69 77
69 80
69 86
69 90
69 91
70 7
70 10
70 17
70 21
70 22
70 24
70 25
70 30
70 36
70 40
72 4
72 18
72 154
73 1
74 62
74 64
75 1
75 2
75 8
75 96
75 101
75 105
76 2
76 7
76 15
76 16
76 24
76 31
77 36
77 37
77 45
77 58
77 61
77 62
77 95
77 96
77 102
77 107
77 109
77 118
77 125
77 144
77 160
77 165
77 179
77 180
77 183
77 189
77 193
78 4
78 20
78 23
78 29
78 34
78 37
78 38
78 40
78 44
78 51
79 14
79 15
79 31
79 32
79 39
79 50
79 57
79 59
79 61
79 66
79 68
80 4
80 5
80 7
80 16
80 20
80 42
82 9
82 10
82 18
82 25
82 33
82 38
82 42
82 45
82 53
82 55
82 56
82 70
82 74
82 75
82 82
82 85
82 88
82 89
82 91
82 96
82 115
82 117
82 138
82 142
82 147
82 150
82 154
82 161
82 162
82 174
82 188
82 199
82 202
82 203
82 204
82 220
82 222
82 224
82 228
82 231
82 235
82 236
82 241
82 253
82 255
82 257
82 258
82 260
82 268
82 272
82 288
82 292
82 299
82 307
82 309
82 311
82 313
82 316
82 342
82 344
82 350
84 7
84 32
84 33
84 36
84 39
85 9
85 14
85 16
86 10
86 12
86 27
86 28
87 5
87 6
87 18
89 54
89 55
89 57
89 58
89 62
89 65
89 66
89 74
89 81
89 83
89 85
89 86
89 88
90 5
90 7
90 19
90 34
90 36
90 37
91 3
91 15
92 1
92 5
92 13
92 17
92 93
92 101
92 103
92 114
92 118
92 119
92 131
92 134
92 137
92 139
92 143
92 145
92 146
92 154
92 157
92 158
92 161
92 162
92 164
92 193
92 197
92 200
92 206
92 213
92 216
92 266
92 272
92 275
92 277
92 283
92 289
92 290
92 294
92 302
92 309
92 319
92 331
92 449
92 450
92 452
93 45
93 48
94 9
94 17
94 27
95 7
95 15
96 8
96 9
96 18
96 25
96 27
96 30
96 32
96 34
96 44
96 48
96 60
96 62
96 64
99 23
99 27
99 28
100 10
100 14
100 22
100 34
100 39
100 53
100 56
100 58
100 61
100 71
100 84
100 88
100 89
100 91
100 95
100 108
100 111
100 112
100 126
100 130
100 135
100 151
100 153
102 3
102 50
102 53
103 5
103 6
103 10
103 17
103 20
103 42
103 48
103 50
103 51
104 1
104 6
104 9
104 10
104 25
104 28
104 34
104 35
104 43
104 46
104 47
104 53
104 129
104 145
104 151
104 156
104 168
104 176
104 177
104 184
104 186
104 188
104 199
104 328
104 337
104 341
104 351
104 359
105 70
105 71
105 84
105 85
107 13
107 21
107 27
107 30
107 31
107 33
107 34
107 60
107 63
107 75
107 82
107 97
108 38
108 40
108 47
108 59
108 98
108 100
108 104
108 105
108 107
108 108
111 5
111 6
111 16
111 31
111 40
111 45
111 48
111 63
111 66
111 78
111 79
111 86
111 92
111 93
111 105
111 120
111 128
111 129
111 135
111 142
111 145
111 147
111 148
111 152
111 155
111 159
111 161
111 181
111 188
111 189
111 202
111 203
111 206
111 211
111 214
111 215
111 220
111 236
111 237
111 242
111 243
111 251
111 253
111 259
111 264
111 266
111 269
111 290
111 291
111 293
111 300
111 313
111 314
113 2
113 4
113 5
113 32
113 35
113 36
113 39
113 40
113 41
113 54
113 57
113 61
113 65
113 68
113 70
113 76
114 4
114 20
114 27
114 35
114 44
114 49
114 108
114 110
114 120
115 7
116 4
116 6
116 17
116 27
116 28
117 2
117 5
117 6
117 11
117 12
117 23
118 1
118 3
119 11
119 16
119 21
119 25
119 31
