1 7
1 13
1 16
1 18
1 21
1 39
1 43
1 45
1 47
1 54
1 59
1 61
2 25
2 26
2 28
2 32
2 35
2 53
2 56
2 59
2 68
2 70
2 72
2 74
2 85
3 18
3 19
3 24
3 61
3 71
3 76
3 77
3 83
3 95
3 98
3 103
3 105
3 109
3 112
3 125
3 126
3 131
4 5
4 7
4 8
4 11
4 12
4 15
4 16
4 18
4 130
4 133
4 138
4 142
4 146
4 155
4 157
4 159
4 167
4 168
4 179
4 180
4 183
4 187
4 193
4 201
4 204
4 205
4 211
4 212
4 217
4 226
4 229
4 234
4 249
4 251
5 19
6 1
6 3
6 4
6 10
6 17
6 29
6 36
6 54
6 58
11 38
12 4
12 10
12 14
12 18
12 23
12 31
12 33
12 35
12 79
12 83
12 139
12 141
12 144
12 152
14 10
14 11
14 12
14 20
14 22
14 26
14 47
15 10
15 90
15 91
16 24
17 7
17 10
17 20
17 45
17 47
17 71
17 76
17 79
17 87
17 93
17 94
17 101
17 102
17 105
18 21
18 23
18 25
18 26
19 1
19 2
19 13
19 15
19 145
19 146
20 4
20 7
20 9
20 17
20 22
20 28
20 33
20 38
20 41
20 46
20 54
20 103
20 114
20 116
20 117
20 119
20 123
20 155
20 167
21 6
21 11
21 12
21 18
21 20
22 12
22 24
22 36
22 38
22 40
22 48
22 51
22 53
22 76
23 1
23 3
23 15
23 16
23 26
23 27
23 28
24 2
24 3
24 8
25 151
26 4
26 11
26 38
26 40
26 67
27 46
27 48
27 61
27 63
27 68
27 70
27 75
27 86
27 101
27 150
27 152
27 159
27 160
27 167
27 173
27 182
28 3
28 21
28 22
28 24
28 25
28 36
28 41
28 42
28 45
28 46
28 54
28 65
28 69
28 71
28 79
28 80
30 1
30 4
31 10
31 12
31 13
31 31
31 34
31 36
31 42
31 43
31 45
31 55
31 60
31 68
32 8
32 35
32 37
33 55
33 57
33 61
33 78
33 81
33 97
33 102
33 112
33 115
33 119
33 126
33 127
33 130
33 141
33 149
33 150
33 156
33 171
33 177
33 182
33 183
33 192
33 244
33 251
33 258
33 265
33 270
33 272
33 275
33 277
33 286
33 290
33 293
33 301
33 308
33 309
33 312
33 316
33 317
33 331
33 346
33 349
33 375
33 380
33 387
33 391
33 393
33 397
33 398
33 406
33 407
34 3
37 7
37 11
37 13
37 19
37 24
37 36
37 38
37 41
37 42
37 53
38 25
38 27
38 30
38 32
38 34
38 164
38 175
38 305
38 310
38 313
38 316
38 318
38 323
38 329
38 333
38 357
38 372
38 373
38 375
38 377
38 381
38 383
38 386
38 390
38 393
38 410
38 411
38 417
38 421
38 422
38 423
38 425
38 427
38 438
38 440
38 456
38 473
38 477
38 478
38 480
39 17
39 22
39 31
39 32
39 95
39 117
39 124
39 134
39 139
39 143
39 144
39 164
39 166
39 168
39 174
39 176
39 184
39 185
39 192
39 194
39 201
39 203
39 206
39 208
39 214
39 343
39 352
39 358
39 359
39 364
39 369
39 377
39 391
40 40
41 3
41 4
41 7
41 9
41 24
41 29
41 49
41 51
41 54
41 72
43 31
43 34
43 40
43 42
43 47
43 55
43 58
43 59
43 62
44 2
44 9
44 10
44 14
45 3
45 9
45 10
45 23
45 28
45 32
45 35
45 42
45 48
45 50
45 59
45 68
45 75
45 91
45 107
45 110
45 113
45 114
45 132
45 157
45 168
45 173
47 43
47 45
47 47
47 48
47 51
47 61
47 78
47 82
47 105
47 112
47 122
47 127
47 138
47 144
47 157
49 15
49 46
49 66
49 69
49 78
49 83
49 85
49 99
49 109
49 116
49 125
49 127
49 131
49 132
50 10
50 12
50 20
50 24
50 27
50 39
50 42
50 45
50 52
50 83
50 85
50 86
51 17
51 20
51 27
51 45
51 46
51 48
51 53
51 65
51 70
51 80
51 84
51 94
51 95
51 97
53 6
53 9
53 23
53 33
53 34
53 43
53 45
53 47
53 49
53 50
53 54
53 57
53 63
53 70
53 77
53 80
53 98
53 103
53 113
53 120
53 123
53 124
53 128
53 130
53 131
53 134
53 141
53 143
53 145
53 154
53 159
53 167
53 170
53 173
53 178
53 185
53 191
53 194
53 196
53 204
53 212
53 215
53 218
53 223
53 226
53 228
53 236
53 238
53 239
53 241
53 250
53 273
53 288
53 292
53 295
54 3
54 18
54 27
54 31
54 42
54 43
54 45
54 55
55 1
55 4
55 8
55 13
55 15
55 24
55 28
55 36
56 14
57 3
57 6
57 23
58 7
58 9
58 11
58 15
59 123
59 128
59 134
59 148
59 149
59 151
59 161
59 164
59 166
59 175
60 107
61 5
61 6
61 7
61 13
61 24
61 34
61 37
61 39
61 42
61 43
61 58
61 62
62 16
62 18
62 21
62 25
62 30
62 35
62 39
62 43
63 5
64 9
64 14
64 16
64 17
64 33
64 40
64 42
64 43
64 46
64 54
64 63
64 64
64 66
64 68
64 73
65 12
66 8
67 1
67 40
67 88
67 90
69 11
69 16
69 19
69 25
69 27
69 33
69 36
69 37
69 39
69 43
69 46
69 50
69 57
69 59
69 63
69 64
72 11
72 12
72 25
72 30
72 32
72 34
72 36
72 38
72 41
72 43
72 45
72 70
72 71
72 73
72 77
72 80
73 10
73 12
73 14
73 27
73 29
74 3
74 14
74 16
74 19
74 28
74 35
74 70
74 74
74 78
74 83
74 88
74 96
74 100
74 102
74 111
74 118
74 128
74 130
74 134
74 145
76 4
76 26
76 27
81 19
81 24
81 27
81 42
81 47
81 52
81 53
81 55
82 2
82 7
82 12
82 13
82 65
82 73
82 79
82 82
82 104
82 116
82 129
83 38
83 41
83 46
83 50
83 53
83 56
83 63
83 65
83 66
83 69
83 70
83 73
83 94
83 95
83 97
83 114
83 121
83 125
83 135
83 136
83 137
83 141
84 58
84 59
84 60
84 63
84 75
84 84
84 85
84 102
84 107
84 111
84 117
84 119
84 125
84 133
85 9
85 16
85 18
85 20
85 25
85 29
85 30
85 43
85 45
85 48
85 49
87 13
87 147
88 3
89 19
89 23
89 24
89 38
89 39
89 41
89 42
89 43
89 47
89 54
89 55
90 6
90 10
90 14
90 29
90 32
90 34
90 37
90 42
90 43
90 46
90 49
90 65
90 72
90 202
90 203
90 206
91 8
92 6
92 11
92 12
92 16
92 98
94 10
94 14
94 15
94 18
94 36
94 37
94 46
94 47
94 51
94 69
94 74
94 89
94 94
94 98
94 102
94 104
96 27
97 3
97 4
97 8
97 17
97 20
97 27
97 42
97 63
97 64
97 77
97 86
97 87
98 17
98 26
98 29
98 52
98 62
98 69
98 76
98 93
98 96
98 103
98 110
98 118
98 123
99 1
99 9
99 14
99 16
99 21
99 29
99 36
99 41
99 47
101 7
101 8
101 18
101 22
101 24
101 25
101 29
101 31
101 35
101 39
101 45
101 51
101 54
101 66
103 8
103 13
103 17
103 28
103 30
103 33
103 36
103 41
103 42
103 48
103 54
103 59
103 62
103 76
103 83
103 86
103 88
103 90
103 95
103 102
104 4
104 7
104 12
104 31
104 45
104 46
104 47
107 37
107 40
107 41
107 42
107 43
107 44
107 48
107 52
107 57
107 58
107 62
107 63
107 66
107 67
107 69
107 80
108 29
108 31
108 45
108 53
108 54
108 56
108 57
108 69
108 70
108 82
