1 1
1 8
1 17
1 25
1 26
1 28
1 31
1 35
1 41
1 42
1 48
1 53
1 64
1 78
6 4
6 6
6 7
6 11
6 24
7 6
7 12
7 17
7 42
7 44
7 46
7 54
7 64
7 71
7 77
7 80
7 81
7 85
7 86
7 89
7 91
7 105
7 113
7 116
7 125
7 167
7 176
7 177
7 181
7 189
7 196
7 202
7 211
7 213
7 221
7 235
7 246
7 266
7 268
7 275
8 6
9 1
9 3
9 8
9 23
9 24
9 41
10 8
10 11
11 8
11 12
12 4
12 12
12 22
13 20
13 23
13 25
13 31
13 34
13 42
13 43
13 45
14 3
14 6
14 8
14 9
14 10
15 2
15 3
15 8
15 10
15 19
15 25
15 26
15 33
15 40
15 42
15 46
15 58
15 72
15 80
15 101
15 104
15 105
15 116
15 119
15 121
15 122
15 126
15 129
15 130
15 134
15 151
15 154
17 20
17 44
17 46
18 12
18 16
18 17
18 29
18 32
22 58
23 1
23 2
23 4
25 66
26 24
26 28
26 31
26 35
26 37
26 38
26 39
26 92
26 94
26 96
26 107
26 113
26 118
27 3
27 7
27 13
27 18
27 19
27 21
27 22
27 38
27 43
27 49
27 51
27 52
28 1
28 3
28 10
28 11
28 12
28 13
28 33
28 43
28 45
28 48
28 52
28 67
28 71
28 77
28 83
28 88
28 91
29 30
29 35
29 46
29 52
29 55
29 73
29 75
29 91
29 98
29 101
29 112
29 113
30 15
30 21
30 34
30 39
30 50
30 63
30 64
30 67
30 85
30 89
30 91
30 102
30 125
30 148
30 150
30 157
30 159
30 160
30 175
30 186
30 191
30 198
30 227
30 228
30 231
30 236
30 242
30 253
30 265
30 269
30 280
30 290
31 8
31 13
31 63
31 66
31 80
31 96
31 101
31 103
33 20
33 24
33 64
33 73
33 79
33 87
33 94
33 99
33 104
33 107
33 122
33 125
33 132
34 1
34 2
34 8
34 16
34 19
34 24
34 26
35 2
35 3
35 4
35 9
35 21
35 22
35 30
35 31
35 35
35 39
35 47
35 48
35 51
35 55
35 56
35 58
35 60
35 61
35 62
35 68
35 77
35 79
35 81
35 82
35 84
35 88
35 100
36 9
37 119
37 128
37 131
37 146
37 157
37 176
37 180
37 183
37 190
38 6
38 8
38 10
38 15
38 17
38 18
38 21
38 44
39 3
39 10
39 17
39 19
39 21
39 22
39 57
39 108
40 13
40 20
40 24
40 29
40 41
40 42
40 43
40 49
40 51
40 70
40 72
40 73
40 75
42 68
42 72
42 75
42 79
42 80
42 91
42 98
45 14
45 29
45 35
45 41
45 42
45 47
45 48
45 51
45 57
45 59
45 71
45 83
45 88
45 89
45 203
45 210
45 215
45 223
46 67
46 71
46 72
47 2
48 1
48 3
48 5
48 12
48 14
48 17
48 20
48 24
48 30
48 35
48 39
48 49
48 54
51 50
51 52
51 59
51 60
51 62
51 80
51 94
51 95
51 108
51 109
51 111
53 5
53 33
53 35
53 38
53 50
53 51
53 53
53 58
53 71
53 73
53 77
53 81
53 90
53 96
53 107
53 110
53 112
53 124
53 127
53 140
53 145
53 152
53 153
53 157
53 161
53 166
53 174
53 177
53 190
53 191
53 196
53 202
53 205
53 206
53 208
53 212
53 223
53 228
53 231
53 233
53 235
53 242
53 246
53 251
53 258
53 263
53 266
53 299
53 327
53 339
53 349
53 354
53 356
53 366
53 377
53 378
53 379
54 4
54 5
54 18
54 26
54 27
54 28
56 1
57 1
57 15
57 25
58 12
58 13
58 34
58 42
58 44
58 52
58 56
58 77
59 3
59 4
59 15
59 21
59 25
59 40
59 41
59 46
59 47
59 51
59 55
59 68
59 69
59 71
59 73
59 77
59 79
59 80
59 86
59 89
59 90
60 143
60 145
61 8
61 12
61 15
61 19
61 20
61 33
61 34
61 43
61 44
61 49
61 57
63 1
63 11
63 44
64 6
64 8
64 9
65 7
65 10
65 11
65 17
65 20
65 29
65 30
65 44
65 51
65 52
65 65
65 68
65 69
65 78
65 83
65 84
65 89
65 105
65 118
65 123
65 125
65 146
65 174
65 184
65 186
65 191
65 197
65 198
65 203
65 230
67 35
67 47
67 61
67 73
67 74
69 29
71 66
71 74
71 78
71 80
71 81
71 86
71 94
71 97
71 98
71 99
71 104
71 105
71 110
71 125
71 130
71 131
71 134
71 135
71 143
71 150
71 157
71 159
71 164
71 170
71 174
71 175
71 177
71 179
71 190
71 192
72 10
72 17
72 28
72 31
72 45
72 54
72 55
72 57
72 59
72 63
72 65
72 67
72 72
72 75
72 85
72 86
72 88
72 89
72 94
72 95
72 102
72 105
72 106
72 112
72 113
74 55
74 63
74 78
74 89
74 94
74 96
74 103
74 117
74 119
74 126
74 134
77 8
77 16
77 17
77 21
77 28
77 40
77 48
78 18
79 5
79 11
79 12
80 19
81 1
81 15
81 18
81 22
81 27
81 39
81 43
81 44
81 54
81 69
84 34
84 36
84 168
84 169
84 171
84 177
84 188
84 196
84 201
84 202
84 203
84 207
84 218
84 224
84 226
84 228
84 237
84 249
84 252
84 267
84 274
84 279
84 280
84 285
84 287
84 288
84 300
84 333
84 342
84 354
84 355
84 374
84 381
84 415
84 417
84 423
84 426
85 25
85 26
85 30
85 164
85 166
85 168
85 173
86 5
86 7
86 11
87 69
87 76
88 3
88 8
88 15
89 6
90 84
90 93
90 96
90 98
92 25
92 27
92 29
93 16
93 25
93 29
93 83
93 87
95 7
95 8
96 86
96 87
96 93
96 138
96 143
96 150
96 166
96 168
97 61
97 69
97 81
97 85
97 92
97 102
98 1
98 3
98 4
98 7
99 4
100 10
100 15
100 18
100 27
100 41
100 48
100 56
100 57
100 79
103 42
103 43
103 55
103 58
103 64
103 67
103 88
103 98
103 102
103 104
103 106
103 107
103 121
103 125
103 129
103 139
103 140
103 167
104 1
104 4
104 22
104 25
104 29
104 32
104 35
104 65
104 66
104 75
104 87
104 91
104 92
104 95
104 100
104 101
104 120
104 121
104 123
104 127
105 7
105 27
106 1
106 20
106 31
106 56
106 62
106 67
106 86
106 90
106 101
106 103
106 108
106 109
106 114
106 124
106 126
106 132
108 10
108 15
108 16
108 32
108 36
108 40
109 4
109 32
109 43
110 5
110 8
110 20
110 25
110 27
110 44
110 48
110 61
110 68
110 198
110 205
110 207
110 212
110 218
110 224
110 226
110 239
110 242
110 245
110 247
110 250
110 259
110 268
110 280
110 305
110 313
110 321
110 330
113 42
113 45
113 48
113 50
113 56
113 59
113 64
113 67
113 69
113 72
113 77
113 81
113 83
113 91
113 92
114 9
114 10
114 11
114 13
114 27
114 28
115 2
115 5
115 6
115 10
115 18
115 40
115 41
115 44
115 47
115 51
115 53
115 56
117 33
117 34
118 1
118 6
118 111
118 115
118 117
118 132
118 135
120 66
120 68
120 71
122 2
122 6
122 25
123 14
123 32
123 33
124 86
124 88
124 89
