1 5
1 7
1 9
1 25
1 28
1 30
1 38
1 40
2 9
2 13
2 14
2 15
2 18
2 29
2 31
2 36
2 37
2 40
2 42
2 172
2 191
2 221
2 230
2 232
2 236
2 244
3 6
3 10
3 29
3 31
3 32
3 36
3 38
3 39
3 62
4 8
4 14
4 15
4 22
4 23
4 24
4 26
4 30
4 34
4 35
4 36
4 45
4 49
4 61
4 71
4 87
6 10
6 12
6 13
6 19
6 20
6 22
8 1
8 10
8 15
8 19
8 20
8 31
8 42
8 49
8 59
8 60
8 62
9 131
10 2
10 3
10 9
10 11
10 15
10 18
10 19
10 30
10 34
10 39
10 40
10 42
10 51
10 55
10 56
10 57
11 5
11 14
11 20
11 36
11 38
11 44
11 67
14 58
14 65
14 68
14 78
14 82
14 91
14 94
14 101
14 107
14 114
14 115
14 117
14 129
14 132
14 142
15 1
15 5
15 9
15 12
15 19
15 23
15 26
15 34
15 41
15 43
15 95
15 103
15 112
15 122
15 129
15 131
15 132
15 133
15 168
15 177
15 179
15 182
15 183
15 189
15 195
15 196
15 211
15 223
15 234
15 257
15 258
15 260
15 279
15 282
15 289
16 74
16 77
16 78
16 82
16 85
16 86
16 90
17 13
17 19
17 20
17 22
17 104
17 227
17 228
17 230
17 231
17 233
17 235
17 243
17 246
17 247
17 248
17 255
17 256
17 286
18 2
18 4
18 6
18 7
18 8
18 10
18 14
18 18
19 3
19 7
19 15
19 29
19 35
19 47
19 49
19 53
19 56
19 60
19 64
19 203
20 78
20 84
20 88
20 104
20 105
20 116
20 128
22 3
22 7
22 16
23 2
23 3
23 5
24 3
24 5
24 9
25 25
25 28
25 34
25 44
26 7
26 9
26 12
26 20
26 21
26 22
27 10
27 13
27 14
27 17
27 29
27 35
27 36
27 40
27 49
27 51
28 148
28 153
28 156
28 157
28 164
28 174
28 185
28 186
28 187
28 189
28 193
28 198
28 216
28 220
28 225
28 226
28 235
28 236
28 240
28 245
28 251
28 259
28 348
28 361
28 372
28 376
28 387
28 389
31 9
31 12
31 22
31 26
31 37
32 14
32 17
32 31
32 32
32 35
32 45
32 47
32 49
32 55
32 56
32 57
32 68
32 71
32 79
32 91
32 93
32 94
32 224
32 228
32 233
32 234
32 240
32 242
32 244
33 10
33 11
34 1
34 15
35 4
35 8
35 9
35 16
35 17
35 22
35 44
35 48
35 50
35 57
35 58
35 62
35 66
35 68
35 75
35 78
35 82
35 83
35 93
35 94
35 95
35 97
35 102
35 114
35 122
35 123
35 127
35 129
35 140
35 150
35 152
35 160
35 163
35 171
35 174
35 175
35 182
35 187
35 199
37 22
37 24
37 27
37 28
37 40
37 46
37 48
37 49
37 50
37 54
37 58
37 60
37 64
37 76
37 77
37 79
37 83
37 86
37 93
37 95
37 98
37 102
37 103
37 111
37 119
37 140
37 143
37 160
37 161
37 166
37 172
37 182
37 187
37 195
37 204
37 205
37 210
37 261
37 262
38 1
38 7
38 14
38 19
38 28
40 1
41 30
41 34
41 44
41 47
41 55
41 61
41 68
41 69
41 75
41 79
41 80
43 22
43 25
43 43
43 47
43 51
43 54
43 56
43 59
43 73
43 75
43 77
43 80
43 85
43 90
44 7
45 89
45 97
45 99
45 112
45 120
45 122
45 124
45 126
45 132
45 137
45 182
45 188
45 205
45 220
45 224
45 231
45 235
45 368
45 381
45 386
45 387
45 397
45 402
45 403
45 404
45 407
45 419
45 424
45 432
45 435
45 438
45 439
45 441
45 448
45 458
45 460
45 464
45 486
45 488
45 489
45 491
45 492
46 12
46 13
46 19
46 29
46 32
46 38
46 42
46 51
46 53
46 63
46 66
46 130
46 134
46 147
46 148
46 156
46 179
46 181
46 248
46 262
46 264
46 267
46 272
46 283
46 300
46 326
46 330
46 344
46 350
46 360
46 363
46 373
46 376
46 377
46 403
46 410
46 428
46 447
46 456
46 461
46 468
46 482
46 493
46 494
46 499
46 516
46 519
46 523
46 524
46 525
46 529
46 542
47 19
48 8
48 9
50 14
50 43
50 49
50 54
52 1
52 2
52 12
52 13
52 23
52 24
52 26
52 27
52 36
52 37
52 43
52 83
52 88
53 3
53 7
53 18
53 22
53 30
53 37
53 38
53 44
53 54
53 65
53 73
53 74
53 75
53 76
53 77
53 86
53 87
53 88
54 2
54 26
54 30
55 25
55 26
55 35
55 36
55 41
55 44
55 47
55 48
55 68
55 77
57 118
57 127
57 237
57 244
57 246
57 247
57 256
57 258
57 267
57 272
57 280
58 4
58 6
58 12
58 14
58 38
58 41
58 44
58 48
58 54
58 63
58 66
58 67
58 80
59 3
59 8
59 11
59 34
59 38
59 39
59 44
59 47
59 49
59 63
59 68
59 79
59 80
59 86
59 89
59 90
61 2
61 4
62 6
62 140
62 153
62 160
62 161
62 173
62 181
62 184
62 186
62 188
62 189
62 191
62 196
65 55
66 6
66 7
66 23
66 29
66 32
66 37
66 39
66 49
66 63
66 67
66 68
67 58
68 13
68 14
68 17
68 18
68 23
69 3
69 5
69 18
69 19
69 26
69 46
69 48
69 49
69 53
71 18
72 21
72 22
72 23
72 24
72 32
72 37
72 43
72 58
72 66
72 81
72 90
72 92
72 97
73 3
73 29
73 52
73 59
73 67
74 10
74 15
74 21
74 24
74 27
75 38
75 42
75 47
75 51
75 56
75 57
75 60
75 73
75 76
75 77
75 79
75 80
75 85
75 87
75 99
75 116
75 129
76 10
76 15
76 22
76 25
76 30
77 2
77 10
77 23
77 24
77 35
77 40
77 41
77 84
79 25
81 79
81 81
82 2
82 4
82 17
82 20
82 26
82 35
83 98
83 104
83 117
83 118
83 121
84 52
84 60
84 67
84 68
84 93
84 95
84 101
84 114
85 3
85 14
85 23
85 24
85 26
85 29
85 31
85 34
86 8
86 19
86 25
86 29
86 32
86 48
86 51
86 57
88 6
88 7
88 15
88 17
88 18
88 20
88 23
89 7
89 9
89 13
89 16
89 20
89 21
89 23
89 28
89 31
89 41
89 42
89 46
89 53
89 55
89 62
89 64
89 65
89 67
89 85
89 86
89 91
92 5
92 7
92 12
92 16
92 18
92 23
92 25
92 33
92 35
92 40
92 45
92 51
92 58
92 65
93 6
93 18
93 28
93 32
93 39
93 46
93 59
93 62
93 65
93 68
93 69
93 73
93 79
93 80
93 83
93 89
94 3
94 7
94 23
94 26
94 28
94 39
94 42
95 1
95 11
95 13
95 22
95 25
95 30
95 40
95 48
95 50
95 52
95 53
95 54
95 57
95 58
95 59
95 67
96 13
97 4
97 5
97 7
97 12
98 63
98 65
98 69
98 71
98 74
98 75
98 101
98 105
98 106
98 107
98 111
98 135
98 142
98 160
98 161
98 162
98 181
98 183
98 189
98 190
98 193
98 217
98 218
98 221
98 223
98 229
99 3
99 17
99 147
99 152
99 153
99 154
99 157
99 159
99 180
99 189
99 190
99 194
99 205
99 210
99 218
99 219
99 226
99 236
99 240
99 245
100 75
100 77
100 88
103 15
103 16
103 21
103 26
103 29
103 30
103 36
103 37
103 41
105 11
105 120
105 126
105 133
105 138
105 141
105 142
105 152
105 164
105 167
105 270
