1 8
1 11
1 13
3 60
3 64
3 65
3 69
3 70
3 79
3 84
3 90
3 93
3 97
3 99
3 106
3 107
3 123
3 125
3 129
3 155
3 163
3 165
3 170
3 172
3 174
4 7
4 9
4 11
5 9
5 16
5 17
5 25
5 68
5 71
5 81
5 82
5 89
5 96
5 101
5 104
5 109
5 112
5 113
5 193
7 6
7 8
7 14
7 16
7 21
7 24
7 32
7 34
7 35
7 46
7 51
7 180
7 190
7 192
7 201
7 203
8 3
8 8
8 11
8 27
8 39
8 62
8 63
8 65
9 2
9 8
9 15
9 16
9 19
9 28
9 31
9 43
10 1
10 3
10 10
10 12
10 16
10 30
10 50
10 51
10 62
10 63
10 68
10 82
10 83
10 84
10 91
10 98
11 6
11 12
11 21
11 22
11 24
11 32
11 33
11 37
11 41
11 45
11 51
11 53
12 10
12 14
12 21
13 3
13 4
13 28
14 2
14 4
14 15
14 20
14 25
14 29
14 30
14 48
14 51
14 54
14 71
14 78
14 79
14 84
14 86
14 88
14 89
14 98
14 100
14 105
14 106
14 107
14 109
14 111
14 113
14 114
14 115
14 118
14 121
14 122
14 123
14 127
14 136
14 145
14 146
14 152
14 155
14 159
14 174
14 188
14 358
14 373
14 389
14 393
14 394
14 407
14 420
14 424
14 430
14 434
14 437
14 440
14 444
14 449
14 459
14 460
14 463
14 474
14 476
14 477
15 1
15 13
15 20
15 21
15 30
15 32
15 33
15 41
15 45
15 69
15 71
15 78
15 92
15 95
15 99
15 110
15 111
15 112
16 4
17 25
17 30
17 70
17 72
17 76
17 208
17 209
17 225
17 231
17 240
17 249
17 258
17 262
17 270
17 281
17 287
17 295
17 304
17 318
17 320
17 321
18 1
19 6
19 9
19 11
19 12
19 13
19 25
19 30
19 42
19 43
19 47
19 50
19 54
20 3
20 4
20 13
20 27
20 40
20 44
20 52
21 4
21 8
21 10
21 17
21 20
21 26
21 28
21 35
21 44
21 60
21 67
21 70
21 71
21 73
21 75
21 76
21 79
21 82
21 86
21 87
21 89
21 90
21 92
22 1
22 20
22 22
26 16
26 17
26 25
26 26
26 33
26 37
26 51
26 62
26 74
27 10
27 13
27 31
28 7
28 21
28 23
28 36
28 37
28 51
28 58
28 65
28 69
28 84
28 85
28 93
28 95
29 16
29 22
29 39
29 44
29 46
29 60
29 61
29 82
29 86
29 90
29 93
30 24
30 27
30 28
30 39
30 43
30 57
30 63
30 65
30 71
30 73
30 77
30 106
30 107
30 121
31 2
31 5
31 14
31 18
31 23
31 28
32 23
32 25
32 29
32 91
32 98
33 24
33 26
33 33
33 127
33 128
33 129
33 133
35 77
35 81
35 95
35 96
35 97
35 99
35 103
35 116
35 127
35 135
35 137
35 146
35 149
35 150
35 155
35 156
35 160
35 164
35 168
35 169
35 172
35 181
36 13
37 1
37 32
37 40
38 13
38 19
39 1
39 2
39 7
39 14
39 15
39 17
39 28
39 31
39 32
39 35
39 36
39 51
39 54
39 79
39 94
39 124
39 134
39 136
39 140
39 162
39 164
39 169
39 175
40 24
40 27
41 8
41 9
41 11
41 13
42 4
42 9
42 14
42 16
42 19
42 24
42 27
42 91
42 152
42 155
42 156
42 184
42 193
42 194
42 202
42 203
42 207
42 213
42 217
42 218
42 220
42 223
42 227
42 235
42 238
42 256
42 258
42 265
42 270
42 273
42 293
42 296
42 314
42 317
43 2
43 3
43 9
43 14
43 35
44 3
44 6
44 15
44 18
44 32
44 35
44 43
44 45
44 47
44 49
44 54
44 55
44 62
44 67
44 70
44 72
44 73
44 78
44 82
44 84
44 95
44 96
44 102
44 108
44 113
44 122
44 127
44 129
44 136
44 139
44 141
44 149
44 150
44 155
44 156
44 161
44 163
45 1
45 2
45 7
45 18
45 27
45 28
45 48
45 50
45 54
45 201
45 202
46 11
46 19
51 1
51 3
51 6
52 4
52 11
52 13
52 29
52 32
52 38
52 41
52 51
52 57
52 59
53 2
53 10
53 34
53 37
54 1
54 4
54 5
54 7
54 8
54 13
54 19
54 28
54 37
54 46
55 6
55 7
55 10
55 16
56 1
56 11
56 12
56 30
56 34
56 35
56 37
56 39
57 9
58 18
58 19
58 25
58 27
58 29
58 40
58 45
58 48
58 49
58 58
58 59
58 75
58 79
58 80
58 87
58 90
58 91
60 69
60 71
60 75
60 76
60 78
60 82
60 83
60 98
60 102
60 106
60 109
60 121
60 122
60 124
60 144
60 155
60 175
60 179
60 182
60 184
60 188
60 195
60 198
60 200
60 207
60 210
60 221
60 222
60 224
61 77
61 78
61 80
61 92
61 93
61 94
61 97
61 98
61 101
61 105
61 124
61 133
61 140
61 141
61 149
61 168
61 169
61 329
61 338
61 344
61 355
61 358
64 83
64 100
64 111
64 113
64 127
64 141
64 151
65 1
65 6
65 14
65 18
68 41
68 43
68 44
70 11
70 13
70 14
70 22
70 29
71 2
71 8
71 14
72 56
72 66
72 68
72 71
72 84
72 86
72 88
73 20
73 24
75 10
75 15
75 19
75 22
75 23
75 34
75 36
75 37
75 52
75 57
75 58
75 63
75 65
75 70
75 76
75 77
75 82
75 96
75 100
76 11
76 21
76 30
76 34
76 35
76 39
76 52
76 53
76 58
76 60
76 71
76 74
76 81
76 96
76 99
77 13
77 17
77 20
77 38
77 50
77 86
78 1
78 10
78 15
78 16
78 27
78 28
78 41
78 52
78 53
78 66
78 71
78 72
78 75
78 79
78 81
78 90
78 93
78 94
78 97
78 112
78 130
78 131
79 2
79 3
79 5
79 7
79 10
79 27
79 28
79 32
79 56
79 57
79 59
79 61
79 64
79 69
79 93
79 96
79 110
79 111
79 114
79 117
79 119
80 5
80 8
80 33
80 40
80 41
80 44
80 47
80 50
80 70
80 82
80 91
80 94
80 99
80 102
80 103
80 106
80 114
80 120
80 124
80 127
80 130
80 135
80 138
81 63
81 77
81 79
81 86
81 90
82 38
82 46
83 4
83 13
83 18
83 19
83 20
83 28
83 30
83 32
83 34
84 1
84 12
84 20
84 26
84 27
85 8
85 9
85 12
85 13
86 39
86 44
86 49
86 56
86 59
86 66
86 67
86 75
86 86
86 142
86 150
86 154
86 159
90 9
90 21
90 25
90 30
90 35
90 57
90 58
90 60
90 67
90 86
90 88
90 92
90 96
90 107
90 112
90 113
90 116
90 122
90 139
90 140
90 142
90 143
91 28
91 37
91 38
91 43
91 54
91 56
91 57
91 61
91 68
91 69
91 70
91 71
91 75
91 83
92 3
94 25
94 43
94 46
94 58
94 59
94 60
94 85
94 91
94 104
98 23
98 24
98 28
98 29
98 35
98 40
98 41
98 50
98 52
98 55
98 56
98 66
98 70
98 75
98 78
98 82
98 88
99 3
99 13
99 19
99 21
99 45
99 52
99 54
99 55
99 57
99 58
99 65
99 72
99 79
99 85
99 87
99 88
99 95
99 98
99 103
99 111
99 112
99 120
99 123
99 130
99 140
99 148
99 190
99 200
99 202
100 9
100 16
100 26
100 30
100 34
100 38
100 45
100 52
100 58
100 64
100 67
100 69
100 76
100 83
100 89
100 93
100 102
100 111
100 114
100 117
100 123
100 124
100 126
100 131
100 139
100 140
102 21
102 22
102 35
102 43
102 47
102 48
102 50
102 53
102 87
102 89
102 93
102 103
102 113
102 115
102 116
102 117
102 120
102 129
102 136
102 139
102 141
102 150
102 151
102 155
103 7
103 17
103 36
103 47
103 48
103 57
104 4
104 8
104 18
104 21
104 24
104 37
104 52
104 57
104 63
104 69
104 80
104 104
104 112
104 117
104 118
104 127
105 3
105 11
105 16
105 18
105 19
105 20
105 23
105 29
105 31
105 32
105 37
105 40
105 41
105 47
105 57
105 61
105 64
105 65
105 76
105 81
105 83
105 84
105 133
105 137
105 139
105 150
105 167
105 177
105 179
105 188
105 192
105 194
105 213
105 223
105 224
105 225
106 47
106 48
106 58
106 86
107 9
107 10
107 17
107 19
107 26
107 27
107 33
107 34
107 40
107 41
107 49
