1 2
1 5
1 6
1 9
1 17
1 21
1 24
1 25
1 53
1 55
1 58
1 69
1 70
1 72
1 77
1 78
1 82
1 83
2 10
2 24
2 25
3 1
3 6
3 10
3 16
3 28
3 31
3 33
3 35
3 40
3 42
3 46
3 51
3 55
3 56
6 40
6 47
6 62
6 64
6 68
6 69
6 74
6 77
6 85
6 89
6 94
6 96
6 98
6 99
6 101
6 104
6 109
6 136
8 26
8 29
8 38
8 40
8 43
8 53
8 144
8 145
8 146
8 150
8 156
8 157
8 161
8 163
8 164
8 166
8 171
8 175
8 178
8 185
8 186
8 189
8 204
8 205
8 211
8 215
8 219
9 64
9 69
9 71
9 75
9 88
9 92
9 101
9 103
9 110
9 114
9 116
9 125
9 129
9 131
9 132
9 133
9 136
9 140
9 170
9 172
9 173
9 176
9 197
9 206
9 207
9 213
10 3
10 14
10 16
10 18
10 19
10 21
10 22
10 23
10 26
10 29
10 33
10 36
10 42
10 43
10 47
10 52
10 54
10 61
10 114
10 120
10 126
10 134
10 138
10 142
10 148
11 11
11 14
12 111
12 119
12 138
12 140
12 141
12 142
12 155
12 157
12 163
12 285
12 286
13 1
13 5
13 6
13 7
13 8
13 12
13 14
13 16
13 18
13 24
14 1
14 3
14 5
15 39
15 57
15 64
15 67
15 69
16 7
17 4
17 5
17 15
17 25
17 36
17 37
18 62
18 67
18 68
18 76
18 79
18 210
18 214
18 226
18 227
18 231
18 235
18 244
18 251
19 69
19 72
19 76
19 82
19 91
19 92
19 98
19 103
19 110
19 122
19 129
19 143
19 145
19 146
19 153
19 157
19 161
19 165
19 178
19 241
21 13
21 14
21 146
21 164
21 166
22 6
22 27
22 28
22 157
22 164
22 174
22 182
22 193
22 201
22 331
22 363
22 393
22 396
22 402
22 405
22 412
22 413
22 419
22 437
22 441
23 47
23 50
23 55
23 59
23 61
23 65
23 69
23 70
23 71
23 77
23 79
23 84
23 94
23 97
23 102
23 115
23 124
23 127
23 140
23 160
23 162
23 164
23 181
23 199
23 203
23 218
23 230
23 258
23 259
23 270
23 288
23 289
23 291
23 297
24 2
24 14
24 18
24 19
24 27
24 33
24 34
24 55
24 57
24 61
24 66
24 71
24 80
24 89
24 94
24 97
24 98
24 106
24 107
24 111
25 2
25 19
25 20
25 22
25 29
25 37
25 39
25 49
25 51
25 74
25 77
25 83
25 87
25 89
25 92
25 96
26 2
26 10
26 22
26 23
26 37
26 46
26 51
26 53
26 56
26 61
26 63
26 64
26 69
26 76
27 12
27 22
27 23
27 27
27 32
27 42
28 78
28 82
30 2
30 3
30 8
30 17
30 22
30 36
30 45
30 46
30 57
30 58
30 61
30 62
30 68
30 75
30 78
30 86
30 101
30 102
30 114
30 126
30 131
30 137
30 139
30 144
30 153
30 157
31 2
31 6
31 11
31 23
31 29
31 38
31 56
31 70
31 71
31 74
31 78
31 80
31 87
31 91
31 151
31 155
31 165
31 167
31 176
31 178
31 184
31 190
31 194
31 199
32 6
32 16
32 24
32 27
32 30
32 41
32 42
32 45
32 52
32 53
32 56
32 60
32 63
32 66
33 105
33 117
33 121
33 122
33 123
33 137
33 141
33 148
33 152
33 153
33 160
33 163
33 164
33 170
33 181
33 184
33 186
33 195
33 196
33 202
33 205
33 210
33 213
33 216
33 221
33 228
33 239
33 243
33 254
34 3
34 15
34 32
34 35
34 37
34 40
34 42
34 43
34 51
34 53
34 59
34 69
34 71
34 82
34 83
34 84
34 91
34 92
34 100
35 3
35 4
35 9
35 18
35 21
35 29
35 41
35 52
35 57
35 73
35 74
35 81
35 82
35 83
35 85
35 91
35 94
35 98
35 109
35 114
35 118
35 124
35 137
35 146
35 149
35 150
35 165
35 173
35 176
35 178
35 184
35 187
35 193
35 195
35 198
35 199
36 1
37 15
37 16
37 21
37 22
37 37
37 38
37 46
37 48
37 51
37 58
37 67
37 70
37 71
37 75
37 92
37 102
38 2
38 3
38 37
38 38
38 48
38 50
38 61
38 67
38 84
38 88
38 91
38 107
38 112
38 122
38 128
38 129
39 1
41 12
41 13
41 14
41 18
41 19
41 28
42 2
42 3
42 12
42 13
42 15
42 17
42 21
42 33
42 34
42 36
42 40
42 50
42 56
42 59
42 64
42 68
42 69
42 70
43 1
44 1
44 15
44 26
44 30
44 34
44 38
44 41
44 56
44 57
44 60
44 81
44 82
44 91
44 93
44 96
45 23
45 24
45 35
45 38
45 56
45 57
45 61
45 75
45 78
45 91
45 99
46 14
46 16
46 29
46 38
46 47
47 6
48 15
48 16
48 17
49 1
49 22
49 26
50 12
50 40
50 43
50 49
50 59
50 60
50 62
50 68
51 1
51 5
51 7
51 11
51 40
51 50
52 20
52 22
52 23
52 25
52 36
52 53
52 55
52 62
52 64
52 65
52 68
52 81
57 40
57 52
57 59
57 63
57 65
57 66
57 71
57 72
57 74
57 79
57 80
57 83
59 6
59 7
59 26
59 30
59 47
59 66
59 77
59 86
59 87
59 96
59 103
59 105
59 110
59 112
59 115
59 123
59 125
59 135
59 136
59 138
59 139
59 142
59 169
59 170
59 172
59 176
59 183
59 186
59 190
59 191
59 200
59 204
59 205
59 211
59 216
59 219
59 221
59 225
59 228
59 229
59 233
59 240
59 242
59 243
59 245
59 251
59 256
59 269
59 270
59 271
59 275
59 278
59 292
59 301
60 44
61 6
61 23
61 24
61 26
61 27
61 39
61 40
61 45
61 49
61 51
61 52
61 55
61 61
61 72
61 75
62 26
62 28
63 4
63 8
63 12
63 14
63 30
63 37
63 65
63 67
63 69
63 70
63 74
63 83
63 85
63 94
63 106
63 112
63 115
63 128
63 129
63 132
63 142
64 1
64 25
64 29
64 31
64 32
64 36
64 41
64 49
64 54
64 60
64 62
64 64
64 68
64 72
64 82
64 86
64 102
64 109
64 111
64 117
64 122
64 123
64 125
66 6
66 14
66 21
66 30
66 31
66 36
66 37
66 39
66 43
66 45
67 8
67 11
67 19
67 28
67 37
67 50
67 52
67 54
67 58
67 63
67 68
67 81
67 89
67 90
67 94
67 99
67 100
67 104
67 106
67 109
67 111
67 117
67 142
67 158
67 165
68 5
69 104
69 107
69 129
69 136
69 137
69 145
69 149
69 157
69 159
69 160
69 169
70 4
71 110
71 115
71 123
71 128
71 130
71 132
71 133
71 134
71 144
71 152
71 156
71 160
71 165
71 170
71 172
71 179
71 182
73 5
73 6
73 11
73 15
74 2
74 12
74 15
74 17
74 21
74 33
74 35
74 48
74 58
74 64
74 66
74 67
74 71
74 77
74 78
74 80
74 86
74 87
74 95
74 96
75 4
75 20
75 22
75 23
75 34
75 37
76 104
76 108
76 114
76 122
76 124
76 125
76 127
76 133
76 142
78 69
78 73
78 75
78 76
78 78
78 79
78 104
78 137
78 140
78 153
78 155
78 162
78 163
78 165
78 168
78 169
78 173
78 179
78 181
78 187
78 191
78 192
78 202
78 204
78 213
78 215
78 219
78 220
78 224
78 225
78 227
78 233
78 241
78 250
78 255
78 264
78 265
78 268
78 277
79 35
79 44
79 48
79 50
79 51
79 57
79 58
79 59
79 62
79 64
79 74
79 75
79 78
79 82
79 85
79 91
79 98
80 1
80 8
80 14
80 17
80 20
84 36
84 41
84 43
84 45
84 69
84 70
84 72
84 78
84 79
84 110
84 124
84 162
84 166
84 172
85 1
85 2
85 6
85 17
85 20
85 21
85 25
85 148
85 151
87 61
87 62
87 63
87 70
87 84
88 1
88 4
88 7
88 9
88 16
88 20
88 22
88 34
88 36
88 39
88 40
88 69
88 78
88 83
88 84
88 90
88 97
88 107
88 153
88 157
88 161
88 163
88 165
88 176
89 3
89 7
89 9
89 11
89 15
89 17
89 25
89 44
89 57
89 60
89 62
89 67
89 72
89 85
89 86
89 91
89 96
89 98
89 101
89 102
89 196
