1 2
1 15
1 22
1 26
1 30
1 35
1 38
1 43
1 84
1 154
1 161
1 164
1 166
1 215
1 225
1 269
1 275
1 276
1 283
1 288
1 290
1 294
1 295
1 298
1 300
1 316
2 5
2 11
2 33
2 39
2 57
2 62
2 88
2 90
2 95
2 101
2 104
2 108
2 112
5 23
5 24
5 31
6 105
6 114
6 117
6 135
7 12
8 46
8 50
8 54
8 55
8 58
8 60
9 15
9 24
9 25
9 38
9 44
9 45
9 58
9 73
9 79
9 88
9 89
9 97
9 105
9 113
9 126
9 130
9 134
9 139
9 143
9 148
9 157
9 159
9 166
9 300
9 302
11 30
11 45
11 51
11 53
13 1
14 4
14 6
15 2
16 64
16 67
16 69
16 70
16 76
16 77
16 87
16 92
16 235
16 241
16 249
16 251
17 6
17 13
17 28
17 30
22 55
22 61
22 73
22 74
22 80
23 16
23 44
23 46
24 2
24 9
24 12
24 17
24 21
25 70
25 76
25 78
25 87
25 106
25 112
25 114
25 116
26 2
26 9
26 13
26 24
26 35
26 39
26 43
27 95
27 97
27 99
27 101
27 116
28 66
28 77
28 79
28 94
28 105
28 110
28 111
28 113
28 128
28 154
28 155
28 159
29 7
29 8
29 17
29 19
29 20
29 29
29 34
29 41
30 8
30 14
30 15
30 21
30 26
30 36
30 41
30 43
31 3
31 16
31 21
31 23
31 26
31 27
32 24
32 37
32 40
32 49
32 62
32 63
32 66
32 70
32 75
32 78
32 208
32 216
32 219
32 221
32 224
32 226
32 228
32 229
32 230
32 233
32 234
32 239
32 257
33 1
33 7
35 19
35 26
35 27
35 31
35 36
35 39
35 40
35 46
35 51
35 53
36 1
36 17
36 33
36 43
36 51
36 54
36 55
36 66
36 72
36 75
36 76
36 81
36 90
37 16
37 23
37 32
37 34
37 35
37 48
37 57
37 59
37 65
37 74
37 78
37 81
37 82
37 89
37 92
37 93
38 121
38 125
38 152
38 157
38 172
38 175
38 180
38 308
38 311
38 313
39 1
39 4
39 15
39 18
39 23
39 26
39 32
39 42
39 45
39 50
39 52
40 4
40 7
40 9
40 18
40 19
40 21
40 22
40 24
41 6
41 12
41 18
41 23
41 27
41 35
41 38
42 6
43 4
43 9
43 14
43 16
43 18
43 23
43 25
43 26
43 28
43 32
43 36
43 42
43 46
43 55
45 17
46 9
46 15
46 19
46 26
46 31
46 35
46 38
47 1
47 6
47 16
47 19
47 28
47 32
47 36
47 38
47 41
47 44
47 61
47 67
47 74
47 76
47 77
48 7
48 9
48 10
48 11
48 26
48 27
48 32
48 35
48 37
48 39
48 46
48 50
48 53
49 4
49 16
50 1
50 2
50 5
50 9
50 13
50 17
51 18
51 24
51 26
51 30
51 34
51 37
51 43
51 56
51 69
51 70
51 72
51 77
51 90
51 91
51 104
51 109
51 112
51 113
51 116
51 118
51 121
52 12
52 13
52 18
52 32
52 63
53 2
53 3
53 13
53 27
53 35
53 39
53 40
53 56
53 57
53 82
54 55
54 58
54 70
54 78
54 80
54 81
54 127
54 144
54 155
54 159
54 163
54 173
54 178
54 183
54 192
55 1
55 37
55 45
55 53
55 56
55 74
55 75
55 88
55 112
55 119
55 121
55 127
55 131
55 142
55 147
55 153
55 155
55 164
55 176
55 190
55 202
55 205
55 212
55 215
55 221
55 224
55 226
55 227
55 230
55 240
55 250
55 254
55 256
55 258
55 261
55 267
55 273
55 279
55 289
55 290
55 295
55 297
55 305
55 308
55 311
55 315
55 316
55 332
55 334
55 336
55 337
55 355
56 3
56 15
56 20
58 52
58 60
58 64
58 66
58 72
58 75
60 3
61 1
61 2
61 45
61 49
61 52
61 61
61 74
61 79
61 85
61 91
61 97
61 104
61 118
61 131
61 132
61 133
61 149
62 46
62 48
63 4
63 8
63 12
63 13
64 3
64 9
65 2
66 7
66 23
66 24
66 26
66 33
66 36
66 39
66 40
66 44
66 46
66 47
66 62
66 65
66 81
66 87
66 88
66 90
67 11
67 20
67 21
67 27
67 35
67 44
67 48
67 49
67 56
67 68
67 70
67 77
67 94
67 96
67 100
67 124
67 126
67 133
67 135
67 136
67 180
67 295
67 307
67 312
67 315
67 321
67 327
67 338
67 340
67 358
67 362
67 363
68 5
68 7
68 10
68 13
68 22
68 27
68 28
68 34
68 49
69 2
69 4
69 7
69 21
69 22
70 6
70 10
70 13
70 16
70 19
70 24
70 29
70 36
70 39
70 46
70 47
70 50
70 57
70 66
70 70
70 72
70 78
70 89
70 91
70 99
70 101
70 106
70 107
70 110
70 135
70 141
70 144
70 197
70 203
70 205
70 210
71 11
71 13
71 14
71 18
71 30
71 40
71 43
71 50
71 51
71 54
73 38
73 49
73 56
73 64
73 79
73 82
73 90
73 92
73 95
73 100
73 102
73 110
73 112
73 113
73 116
73 122
74 129
74 132
74 137
74 141
74 142
75 1
75 5
75 7
75 8
76 12
76 15
76 19
76 26
76 29
77 2
77 3
77 7
77 9
77 20
77 24
77 25
77 31
77 36
77 37
78 2
78 7
78 10
78 24
78 26
78 28
78 29
78 31
78 44
80 9
80 10
80 13
80 17
80 29
80 31
80 48
80 53
80 74
80 77
80 79
80 83
80 89
80 94
80 150
80 153
81 7
81 8
81 23
81 25
81 27
81 28
81 31
81 33
81 35
81 38
81 39
81 49
81 53
81 62
81 70
81 72
81 73
81 74
81 78
81 84
81 90
81 91
81 96
81 104
81 111
81 115
81 123
81 127
81 133
81 138
81 140
81 144
81 146
81 153
81 154
82 1
82 6
82 111
82 112
82 121
82 122
82 128
82 129
82 130
83 130
84 1
84 10
84 20
84 25
84 27
84 44
84 46
84 49
84 70
84 98
84 100
84 104
84 111
84 116
84 118
84 120
84 124
84 152
84 156
84 157
84 160
84 166
84 173
87 14
87 22
87 29
87 39
87 44
87 46
87 50
87 52
87 53
87 54
87 56
87 65
87 67
87 68
87 69
87 71
87 75
87 83
87 91
87 95
87 96
87 102
87 104
87 109
87 113
87 118
87 121
87 123
87 141
87 148
87 149
88 73
88 92
88 96
88 103
88 106
88 108
88 110
88 112
88 117
88 119
89 2
89 12
89 16
89 22
89 28
89 29
89 39
90 36
90 46
90 53
91 6
91 13
91 16
91 22
92 3
92 5
92 6
92 32
92 36
92 38
92 40
92 48
92 50
92 187
92 189
92 194
92 202
92 214
92 219
92 226
92 227
92 229
92 236
92 249
92 252
92 258
92 263
92 267
92 271
92 279
92 280
92 282
92 287
92 290
92 300
92 306
92 307
92 308
92 314
92 315
92 321
92 325
92 335
92 338
92 360
93 7
93 13
93 16
93 17
93 25
93 26
93 32
94 62
94 64
94 67
94 78
97 59
97 63
97 71
97 74
97 78
97 83
97 93
97 94
97 95
97 96
97 99
97 101
97 120
97 121
97 137
97 147
97 148
97 150
97 160
97 162
97 176
97 178
98 2
98 7
98 11
98 15
98 17
98 22
98 27
98 49
98 50
98 54
98 58
98 107
98 115
99 5
99 7
99 9
99 31
99 34
99 44
99 54
99 55
99 58
99 67
99 76
99 80
99 82
99 84
99 85
99 86
99 89
99 100
99 117
99 131
99 133
99 140
99 149
99 156
99 164
99 173
99 192
99 201
100 2
100 4
100 5
100 10
100 28
100 30
100 32
100 39
100 45
100 52
100 60
100 73
100 82
100 91
100 100
100 101
100 105
100 112
100 123
100 133
100 139
100 146
100 148
100 151
100 162
100 166
100 171
100 183
100 189
100 194
100 199
100 200
100 208
100 210
100 215
100 218
100 222
100 224
100 228
100 229
100 325
100 328
100 329
100 330
100 333
101 3
102 4
102 12
102 66
