1 3
1 6
1 16
1 17
1 19
1 20
1 26
1 32
1 37
1 53
1 62
1 69
1 70
1 76
1 79
1 109
1 113
1 116
1 117
1 118
1 120
1 124
1 125
2 61
2 63
2 72
2 73
2 75
2 76
2 79
2 85
2 89
2 90
2 97
3 2
3 5
3 12
3 13
3 17
3 18
3 23
3 29
3 38
3 40
3 51
3 52
3 66
3 71
4 9
4 10
4 14
4 25
4 27
4 35
4 38
4 61
4 63
4 70
4 74
4 76
4 97
4 98
4 99
4 102
4 104
4 105
4 107
4 112
5 109
5 111
5 114
5 119
5 125
5 126
5 134
5 136
5 141
5 148
5 151
5 154
5 157
5 160
6 3
6 6
6 9
6 10
7 8
7 14
8 6
8 22
8 30
8 33
8 35
8 36
8 39
8 40
8 50
8 55
8 57
8 61
9 14
9 15
9 18
9 20
9 25
9 28
9 33
9 34
9 40
9 43
9 44
9 45
10 2
10 14
10 29
10 38
10 51
10 54
10 63
10 69
10 76
10 87
10 88
10 89
10 93
10 97
10 99
10 100
10 103
10 106
10 237
10 238
10 239
10 241
10 243
10 247
10 256
10 257
10 259
10 262
10 268
10 269
10 271
10 277
10 278
11 1
11 9
11 15
11 21
11 34
11 43
11 64
11 65
11 147
11 162
11 163
11 165
11 184
11 190
11 191
11 197
11 198
11 205
11 208
11 210
11 212
11 213
11 216
11 218
11 221
11 230
11 235
11 237
11 248
11 251
11 258
11 260
11 264
11 266
11 268
11 269
11 271
11 273
11 274
11 284
11 295
12 5
12 12
13 5
13 9
13 11
13 22
13 29
13 33
13 35
13 38
13 68
13 75
13 84
13 95
13 96
13 106
13 116
13 123
13 124
13 132
13 134
13 135
13 137
13 139
13 140
14 10
14 11
14 13
14 20
14 25
14 29
14 32
14 34
15 2
15 8
15 21
15 26
15 32
15 33
15 36
15 43
15 44
16 3
16 6
16 14
16 22
16 29
16 41
16 47
16 48
16 50
16 64
16 86
16 93
16 99
16 105
16 116
16 118
17 17
17 21
17 34
17 48
17 50
17 51
17 54
17 56
17 57
17 69
17 71
17 72
17 77
17 80
17 83
17 88
17 95
17 105
17 107
17 109
17 112
17 120
17 124
17 140
17 141
17 146
17 151
17 158
17 159
17 163
17 167
17 173
17 177
17 179
17 187
17 192
17 196
17 204
17 225
17 232
17 243
17 247
17 248
17 251
17 254
17 256
17 267
17 268
20 44
21 6
21 7
21 140
21 145
21 146
21 147
21 149
21 156
21 157
21 161
21 162
21 164
21 173
21 176
21 177
21 178
21 180
21 183
21 184
21 187
21 189
22 114
22 117
22 120
22 127
22 130
22 132
22 135
22 145
23 2
23 11
23 13
23 19
23 30
23 32
23 33
23 41
23 42
23 43
23 47
23 68
23 83
23 90
23 91
24 12
24 21
25 5
25 6
25 8
25 10
25 11
25 22
25 27
25 37
25 48
25 50
25 51
25 53
25 55
25 63
25 75
25 80
26 11
27 12
27 26
28 2
28 8
28 14
28 17
28 28
28 35
28 42
28 81
29 2
29 17
29 24
29 28
31 31
33 30
33 36
34 13
34 17
34 21
34 51
35 1
36 1
36 16
36 22
37 4
37 5
37 51
37 54
37 56
38 50
38 58
38 59
38 65
38 74
38 76
38 78
38 82
38 94
38 95
38 97
38 100
38 103
38 104
38 106
38 109
38 110
38 112
38 116
38 117
38 120
38 129
38 163
38 168
38 189
38 204
38 205
38 228
38 232
38 235
38 250
38 261
38 272
39 3
39 13
41 121
41 124
41 126
41 128
42 3
42 10
42 11
42 20
42 23
42 25
42 27
42 29
42 31
42 32
42 45
42 51
42 52
42 56
42 64
43 10
43 15
43 19
43 26
43 30
43 31
45 49
45 53
45 55
45 65
45 71
46 65
46 75
46 78
47 55
47 65
47 66
48 9
48 13
48 22
48 26
48 36
48 45
48 52
48 61
48 81
48 88
52 46
52 49
52 52
52 65
52 77
52 87
52 99
52 110
52 117
52 127
52 128
53 30
53 36
53 51
53 52
53 56
53 57
53 60
53 62
53 63
53 102
53 104
53 109
53 114
53 121
53 124
54 3
54 4
54 12
54 17
54 18
54 31
54 36
54 41
54 104
54 112
54 122
54 136
54 148
54 168
55 7
55 10
55 29
55 35
55 42
56 129
58 6
58 8
58 9
58 11
58 120
58 121
58 122
58 126
58 132
58 135
58 140
58 147
58 151
58 155
58 168
58 179
58 193
58 195
58 203
58 210
58 211
58 212
58 222
58 227
58 260
58 262
58 272
58 279
58 283
58 286
58 287
58 295
58 298
58 303
58 329
58 330
58 332
58 335
58 337
58 338
58 340
58 345
58 366
58 372
58 375
58 376
58 377
58 382
58 383
58 388
58 393
58 397
58 398
58 401
58 407
58 414
58 419
58 421
58 427
58 433
58 445
58 453
58 462
58 465
58 467
58 477
58 480
58 483
59 12
59 17
59 29
59 31
59 33
59 36
59 39
59 41
59 47
59 49
60 7
60 17
60 22
60 159
60 162
60 163
60 172
60 173
60 175
60 186
60 187
60 188
60 191
60 193
62 52
62 53
62 60
62 72
62 73
62 74
64 95
64 118
64 119
65 1
65 8
65 9
65 18
65 24
65 27
65 32
65 33
65 36
65 38
65 43
65 45
65 46
65 56
65 61
65 65
65 67
65 69
66 4
66 16
66 28
66 34
66 61
66 65
66 71
66 74
66 83
67 7
67 10
67 11
67 109
67 110
67 112
69 8
69 13
69 14
69 20
69 35
69 37
69 38
69 91
69 95
69 99
69 100
69 230
71 8
71 28
71 34
71 37
72 6
72 12
73 1
73 3
73 9
73 12
73 16
73 19
73 22
73 25
73 39
73 42
73 48
73 52
74 2
74 5
75 6
75 15
75 93
75 98
75 108
75 110
75 114
75 116
75 117
75 123
75 131
75 142
75 144
75 149
75 155
76 31
76 37
76 45
76 46
76 59
76 61
76 73
76 79
76 88
77 10
78 2
78 6
78 13
78 24
78 28
78 33
78 38
78 55
78 63
78 65
78 67
78 68
78 81
79 2
79 17
79 22
80 3
80 9
80 10
80 16
80 53
80 57
80 63
80 72
80 78
80 81
80 86
80 93
80 105
80 109
80 110
80 115
80 134
80 138
80 147
80 154
80 158
80 159
80 160
80 167
81 1
81 3
81 19
81 24
81 27
81 33
81 44
81 48
81 64
81 67
81 84
81 92
81 93
81 96
81 105
81 109
81 111
81 112
81 118
81 121
81 122
81 124
81 126
83 27
83 38
83 48
83 50
83 56
83 61
83 68
84 1
84 2
84 3
84 8
85 4
85 9
85 118
85 125
85 130
85 142
85 147
85 152
85 156
85 157
85 167
85 168
85 183
86 1
86 7
86 13
86 14
87 14
87 23
87 24
87 28
87 31
87 33
87 34
87 38
87 40
87 42
87 57
87 59
87 62
87 67
87 80
87 85
87 88
87 90
87 95
87 97
87 100
87 103
87 206
87 207
87 210
87 214
87 233
87 240
87 251
87 254
87 262
87 266
87 268
88 9
88 15
88 17
88 28
88 35
88 39
88 41
88 55
88 71
88 74
88 79
89 27
89 30
90 4
90 5
90 7
90 18
90 20
90 22
90 25
90 28
90 43
90 47
90 133
91 11
91 23
92 38
92 44
92 54
92 57
92 59
92 60
92 76
92 80
92 87
92 94
92 96
92 103
92 112
92 129
93 10
93 20
94 18
94 23
94 24
94 35
94 36
94 152
94 154
94 157
94 166
94 173
94 178
94 191
94 193
94 195
94 205
94 207
94 214
95 8
95 14
95 22
95 27
95 32
95 33
97 4
98 7
98 11
100 4
100 135
100 144
100 148
100 151
100 154
100 161
100 176
100 181
100 201
100 207
100 214
100 220
101 7
102 12
102 17
102 23
102 27
102 31
103 9
103 110
103 118
103 121
103 126
103 129
103 130
103 146
103 152
103 157
103 165
103 170
103 171
103 263
103 265
103 341
