1 1
1 13
1 17
1 19
1 24
1 35
1 36
2 38
2 40
2 41
2 45
3 7
3 8
3 11
3 19
3 24
3 27
3 33
3 41
3 47
3 48
3 50
3 52
3 57
3 64
5 26
5 28
5 110
5 112
5 122
5 133
5 144
5 146
5 150
5 153
5 162
5 171
5 179
5 193
6 35
6 37
6 43
6 48
6 50
6 55
6 60
6 67
6 70
6 82
6 83
6 91
6 104
6 108
6 109
7 9
7 12
7 32
7 37
7 55
7 57
7 62
7 64
7 77
7 79
7 82
7 87
7 92
7 102
7 104
7 105
7 106
7 108
7 115
7 118
7 121
7 128
7 145
7 152
7 153
7 157
7 159
7 162
7 167
7 181
7 184
7 185
7 198
7 204
7 208
7 210
7 214
7 216
7 217
7 251
7 253
7 254
7 256
8 5
8 15
8 19
8 24
8 25
8 37
8 38
8 45
8 47
8 48
8 51
8 55
8 62
8 65
8 66
8 67
8 78
8 79
8 82
8 89
8 107
8 115
8 123
8 127
8 134
8 160
8 165
8 169
9 2
9 5
9 7
10 11
10 13
10 16
10 20
10 23
11 1
11 12
11 22
11 28
11 30
11 34
11 42
13 109
15 3
16 4
16 9
16 11
16 12
16 18
16 22
16 24
16 26
16 31
16 35
16 90
16 93
16 101
16 125
16 131
16 137
16 139
16 156
16 162
16 163
16 169
16 195
16 199
16 202
17 2
17 4
17 5
18 6
18 8
18 9
18 10
18 23
18 25
18 29
18 30
18 38
18 39
18 42
18 47
18 59
18 66
18 67
18 77
18 84
18 87
18 88
19 6
19 15
19 27
19 28
19 88
19 93
19 95
20 17
20 28
20 33
20 54
21 1
22 1
22 3
22 12
22 19
22 20
22 28
22 29
22 35
22 36
22 48
22 84
22 85
22 103
22 105
22 109
22 119
22 120
22 122
22 123
22 127
22 130
22 131
22 280
22 290
22 299
22 316
22 318
22 322
23 2
23 3
23 12
23 18
23 19
23 25
23 27
23 30
23 40
23 44
23 46
23 49
23 135
23 143
23 158
23 163
23 164
23 168
23 178
23 200
23 202
23 208
23 221
23 225
23 229
23 230
23 233
23 245
23 246
23 249
23 252
23 337
23 339
23 342
23 343
23 371
23 374
23 375
23 377
23 378
23 384
23 391
23 393
26 22
27 19
27 20
30 13
30 23
30 25
30 27
30 36
30 38
30 40
30 43
30 69
30 114
30 118
30 122
30 124
30 125
30 135
30 140
31 15
31 18
33 2
33 7
33 37
33 38
33 76
33 96
33 98
33 105
33 109
33 117
33 131
33 137
33 140
33 143
33 145
33 146
33 152
33 162
33 165
33 166
33 185
33 194
33 195
33 197
33 200
34 8
34 17
34 22
35 27
35 35
35 49
35 57
35 61
35 67
35 68
36 4
36 16
36 21
36 28
36 32
36 33
36 38
36 41
36 46
36 53
36 54
36 59
38 8
38 9
38 12
38 21
38 24
38 27
38 32
38 33
38 47
38 49
38 56
38 59
38 85
38 92
38 102
38 109
39 87
39 89
39 90
39 97
39 99
40 3
40 7
40 8
40 13
40 125
40 129
40 130
40 150
40 162
40 168
40 172
40 174
40 184
40 315
40 316
40 330
40 344
40 346
40 347
40 348
41 2
41 8
41 17
41 18
41 20
42 3
42 6
42 9
42 12
42 20
42 21
42 23
42 33
43 8
43 17
43 25
44 10
44 11
45 5
45 11
45 23
45 29
47 28
47 30
47 32
47 33
47 34
47 36
47 40
48 1
48 4
48 5
48 9
48 23
48 27
48 46
48 49
48 51
48 55
48 60
48 64
48 67
48 72
48 76
48 87
48 92
48 93
48 95
48 99
48 104
48 105
48 113
48 114
48 125
48 138
48 151
49 42
49 46
49 52
49 55
49 57
49 63
49 67
49 75
49 99
49 116
49 121
49 133
49 149
49 156
49 163
49 171
49 176
49 178
50 5
50 6
50 8
50 15
50 18
50 27
50 35
50 43
50 60
50 67
50 82
50 84
50 85
50 89
50 96
50 100
50 107
50 109
50 111
50 115
50 118
50 133
50 139
50 140
50 149
50 160
50 161
50 177
50 178
50 183
53 73
53 80
53 89
53 97
53 100
53 115
53 117
53 122
53 124
53 126
53 130
53 131
53 134
53 139
53 155
53 176
53 178
53 188
53 190
53 195
53 197
53 204
53 205
53 208
53 210
53 218
53 219
53 224
53 226
53 237
53 245
53 246
53 251
53 262
53 263
53 268
53 272
53 274
53 279
53 295
53 302
53 305
53 328
53 335
53 339
54 130
54 136
54 138
55 116
55 123
55 125
55 130
55 142
55 143
55 151
55 153
55 156
55 160
55 166
55 170
55 178
55 179
55 187
55 199
55 204
55 206
56 3
56 11
56 32
56 37
56 39
56 40
56 41
56 58
56 72
56 73
56 78
57 14
57 28
57 29
57 36
57 40
57 41
57 44
57 47
57 59
57 60
57 63
57 72
57 74
57 78
57 82
57 83
57 91
57 93
57 112
57 114
57 118
57 119
57 136
57 139
57 142
57 145
57 148
57 149
57 156
57 173
57 177
57 182
57 184
57 196
57 198
57 202
57 203
57 210
57 217
57 227
57 241
57 246
57 248
57 249
57 258
57 259
57 267
57 269
57 276
57 300
58 5
58 6
58 13
58 16
58 26
58 34
58 37
58 38
58 40
58 43
58 44
58 52
58 62
58 167
58 173
58 178
58 179
58 180
60 53
60 56
60 60
60 62
60 68
62 53
62 56
62 57
62 60
63 116
63 132
63 133
63 137
63 140
63 145
63 148
63 158
63 159
63 160
63 186
63 189
63 191
63 203
63 206
63 211
64 70
64 84
64 89
64 96
64 111
64 115
64 118
64 123
64 125
64 128
64 139
64 151
64 156
64 169
64 173
64 178
64 179
64 185
64 186
64 189
64 190
64 192
64 198
64 204
64 208
66 26
66 55
66 62
66 68
66 77
66 78
66 83
66 89
66 91
67 12
68 8
68 12
68 14
68 26
68 34
68 40
68 48
68 50
68 51
68 54
68 55
68 60
69 1
69 2
69 21
69 156
69 157
70 6
70 16
71 7
71 10
71 11
73 3
73 7
73 8
73 9
73 17
73 20
73 28
73 38
73 41
73 51
73 53
73 54
73 55
73 67
73 72
73 75
74 8
76 7
77 1
77 11
77 21
77 22
77 27
77 30
77 41
77 48
77 55
78 1
78 16
78 18
78 19
78 21
78 25
78 34
79 1
79 11
79 19
79 21
79 23
79 36
79 38
79 43
79 47
79 48
81 13
81 14
81 17
82 8
82 19
82 24
83 2
83 9
83 30
83 32
83 37
83 40
83 46
83 50
83 63
83 71
83 82
83 84
83 87
83 98
83 99
83 106
83 114
83 118
83 144
83 145
83 199
83 208
83 220
83 223
83 231
85 29
85 48
85 51
85 52
85 68
85 70
85 72
86 78
86 79
88 45
88 48
89 3
89 6
89 12
89 43
89 54
89 56
89 59
91 10
91 22
91 23
92 2
92 5
92 14
92 27
92 35
92 37
92 38
92 42
92 65
92 71
92 93
92 94
92 97
92 100
92 104
92 107
92 108
92 110
92 112
92 123
92 135
92 140
92 143
92 148
92 153
92 165
92 166
92 174
93 3
93 4
93 5
93 6
93 13
93 14
93 21
93 25
93 41
93 43
93 48
93 49
93 62
93 65
93 71
93 77
93 87
93 88
93 99
93 106
94 5
94 33
94 167
94 168
95 44
95 59
95 64
95 67
95 68
95 74
95 77
95 78
95 79
95 97
95 99
95 112
95 113
95 121
95 123
95 134
95 139
95 143
95 147
95 150
95 152
95 163
95 167
95 174
95 191
95 206
95 209
95 211
95 212
95 213
95 215
95 218
95 253
95 254
95 257
95 388
95 397
95 399
95 401
95 405
95 406
95 420
95 430
95 437
95 451
95 452
95 456
95 462
95 463
