1 6
1 9
1 11
1 17
2 89
2 91
2 93
2 95
2 101
2 105
3 8
3 9
3 11
3 15
3 16
3 23
3 31
3 33
3 36
3 37
3 42
3 45
3 53
3 82
3 84
3 98
3 99
4 10
4 11
4 25
4 36
6 49
6 53
6 64
7 34
7 40
7 42
7 48
7 49
7 50
8 1
8 4
10 81
10 82
10 87
10 100
11 2
11 20
11 24
11 35
11 36
11 47
11 51
11 52
12 3
12 15
12 17
12 153
12 164
12 172
12 173
15 39
15 40
15 42
16 1
16 2
16 3
16 14
16 23
16 24
16 26
17 7
17 8
17 10
18 1
18 9
18 16
18 18
19 5
19 9
20 29
20 31
20 57
23 50
23 52
23 53
23 59
23 61
23 62
24 6
24 7
24 11
25 2
25 6
25 145
25 154
25 188
25 189
25 195
25 197
25 205
25 206
25 221
25 228
26 2
26 9
26 10
26 14
26 15
26 24
26 29
26 43
26 46
28 61
28 80
28 94
28 109
28 115
28 121
28 125
28 127
28 132
28 137
28 145
29 2
29 6
29 17
29 18
29 68
29 70
29 72
29 81
29 149
29 152
29 154
29 157
29 169
29 171
29 172
30 4
30 5
30 6
30 18
30 30
30 33
30 39
30 64
30 72
30 84
30 92
31 4
31 5
31 6
31 8
31 20
31 24
31 43
31 49
31 55
31 58
31 59
31 73
31 84
31 87
31 90
31 95
32 1
32 5
33 2
33 8
33 11
33 24
33 34
33 45
33 49
33 55
33 58
33 62
33 99
33 105
33 109
33 141
33 148
33 149
33 159
33 162
33 163
33 167
33 178
33 310
33 351
33 373
33 386
33 394
33 409
33 418
33 425
34 4
34 7
34 10
34 15
34 24
34 32
34 36
34 40
34 42
34 66
34 80
34 81
34 89
34 106
34 125
34 128
34 129
34 145
37 30
37 36
37 46
38 3
38 5
38 34
38 39
38 44
38 49
38 55
38 56
38 62
38 66
38 68
38 70
38 72
38 76
38 78
38 103
38 109
38 115
38 116
38 118
38 132
38 133
38 154
38 155
38 166
38 168
38 170
38 190
38 199
39 28
39 31
39 32
39 39
39 51
39 54
41 6
41 12
41 19
41 22
41 26
42 2
42 5
42 9
42 21
42 22
42 30
42 39
42 48
42 51
42 56
42 59
42 63
42 71
42 77
42 98
42 99
42 104
42 105
42 110
42 131
42 132
42 134
43 13
43 17
43 22
43 38
43 40
43 45
43 51
43 58
43 62
43 69
44 85
44 88
44 93
44 94
44 102
44 105
44 106
44 116
44 117
44 121
44 124
44 127
44 131
44 143
44 151
44 152
44 165
44 166
44 167
44 169
44 177
45 35
45 36
45 37
45 43
45 45
45 62
45 64
45 67
45 78
45 81
45 83
45 97
45 100
45 103
45 106
45 132
45 141
45 144
45 151
45 165
45 171
45 172
45 177
45 180
45 309
45 319
45 322
45 332
45 341
45 345
45 348
46 1
46 4
46 15
46 18
46 19
46 26
46 49
46 50
46 54
46 56
47 5
47 16
47 19
47 26
47 27
47 40
47 50
47 53
47 59
47 69
47 84
47 90
47 95
48 1
48 7
48 10
48 17
48 18
48 19
48 22
48 27
48 30
49 3
49 11
49 15
49 19
49 26
49 34
49 36
49 43
49 46
49 56
49 74
49 75
49 81
49 85
49 91
49 102
49 105
49 112
49 119
49 124
49 125
49 126
49 137
49 144
49 152
49 156
49 162
49 165
49 191
49 192
49 193
49 197
49 201
49 210
49 224
49 235
49 325
49 327
50 4
50 9
50 11
50 16
51 13
51 21
51 22
51 28
51 33
51 42
51 53
51 57
51 59
51 60
51 64
51 67
51 69
51 72
51 74
51 81
51 82
51 88
51 97
51 105
51 109
51 117
52 1
52 13
52 20
52 21
53 41
53 43
53 50
53 53
53 56
53 57
53 58
54 3
54 5
54 12
54 18
54 19
55 1
55 5
55 10
55 26
55 30
57 71
57 72
57 76
57 80
57 87
57 144
57 157
57 164
57 167
57 169
57 171
57 179
57 184
57 185
57 188
57 189
57 193
57 198
57 201
57 204
57 209
57 213
57 217
57 227
57 248
57 258
57 260
57 283
57 288
57 289
57 290
57 297
57 300
57 305
57 312
57 320
57 324
57 325
57 344
57 349
57 357
57 359
57 366
57 367
57 389
57 390
57 391
57 398
57 402
58 40
59 1
59 13
59 15
59 18
59 30
59 39
59 48
59 49
59 52
59 54
59 64
59 196
59 203
59 204
60 1
60 2
60 21
60 27
60 28
60 30
60 41
61 10
61 19
61 21
61 22
61 29
61 33
61 37
61 38
61 39
61 40
61 43
61 46
61 51
61 52
61 57
61 58
61 60
62 6
62 26
62 28
62 35
63 15
64 2
64 6
64 112
64 118
64 126
64 130
64 132
64 136
64 143
64 145
64 158
64 160
64 162
64 163
64 174
64 175
64 181
64 183
64 185
64 209
64 211
64 215
64 222
64 225
65 17
65 23
65 25
65 38
65 55
65 57
65 78
66 1
66 9
66 12
66 18
67 5
67 8
67 11
67 12
67 13
67 16
67 32
68 14
68 16
68 17
68 25
69 9
69 12
69 17
69 20
69 22
69 33
69 48
69 49
69 72
69 76
69 85
69 93
69 96
69 98
69 100
69 115
70 1
70 6
70 137
70 143
70 145
70 146
70 147
70 149
70 154
70 289
70 293
70 301
70 303
70 431
70 435
70 438
70 458
70 463
70 471
70 473
70 505
70 511
70 513
70 519
70 526
71 1
71 6
71 18
71 21
71 23
71 24
71 25
71 28
71 30
71 40
71 45
71 50
71 51
71 52
71 56
71 65
71 66
71 68
71 71
71 88
71 89
71 98
71 99
71 106
71 117
71 120
71 130
71 140
71 141
71 144
72 2
72 3
72 11
72 19
73 2
73 4
73 6
75 10
78 9
78 12
81 1
82 6
83 1
83 2
84 7
84 11
85 17
85 39
86 23
87 28
88 2
88 6
88 10
88 15
89 9
89 23
89 34
90 5
91 1
91 11
91 12
91 17
92 1
92 9
92 13
92 14
92 17
92 18
92 20
92 26
92 28
92 31
92 34
92 36
92 38
92 46
92 47
92 50
92 64
92 67
92 75
92 85
92 86
92 88
92 93
93 103
93 112
93 122
93 127
93 134
93 144
93 151
93 162
93 167
93 173
93 174
93 192
93 203
93 206
93 213
93 214
93 215
93 217
93 223
93 228
93 312
93 329
93 331
93 333
93 336
93 341
93 342
93 344
93 345
94 7
94 30
94 31
94 32
94 42
94 48
94 49
94 55
94 59
94 80
94 85
94 100
94 102
94 106
94 122
94 128
95 3
96 1
96 9
96 10
96 12
96 26
96 31
96 33
96 35
96 38
96 44
96 45
96 48
96 53
96 57
96 64
96 75
96 85
96 88
96 96
96 102
96 103
96 114
96 116
96 121
96 128
97 29
97 30
98 1
98 8
98 9
98 12
98 17
98 42
98 46
98 57
98 59
98 61
98 69
98 71
98 74
98 79
98 86
98 89
98 96
98 112
98 114
98 115
99 10
99 11
99 22
99 30
99 34
99 36
99 41
102 62
102 70
102 87
102 89
102 103
102 104
102 105
102 106
102 109
102 112
103 26
103 27
103 38
103 52
103 55
103 58
103 59
104 3
106 45
106 54
106 59
107 13
107 20
107 37
107 39
107 46
107 48
107 53
107 56
108 20
108 35
108 36
108 38
108 39
108 43
108 47
108 50
108 51
108 59
108 61
108 63
108 64
108 67
108 81
108 83
108 86
108 93
108 101
108 106
108 107
108 108
108 116
109 1
109 7
109 9
109 12
109 14
110 2
110 9
110 100
110 101
110 110
110 112
110 116
110 147
110 149
110 153
110 156
110 209
111 1
111 11
111 12
111 14
111 20
111 23
111 31
112 4
112 5
112 7
112 18
113 6
113 7
113 8
113 10
113 18
113 19
113 22
113 32
113 36
113 45
113 59
113 61
114 8
114 16
114 17
114 18
114 21
114 23
114 24
114 29
114 30
114 40
114 51
114 60
114 87
114 89
115 2
115 6
115 10
115 11
115 16
115 32
115 38
