1 16
1 25
1 28
1 30
2 9
2 19
2 27
2 43
2 44
2 48
2 53
2 61
2 82
2 89
2 91
2 94
2 98
2 166
2 169
4 23
4 26
4 27
4 28
4 30
4 31
4 36
4 45
4 48
4 49
4 58
4 61
4 70
4 75
5 12
5 13
5 31
5 35
6 5
6 36
6 38
6 46
6 47
6 62
6 64
6 66
7 1
7 7
7 29
8 3
8 8
8 13
8 20
8 24
8 25
8 31
8 36
8 46
8 49
8 60
8 61
8 75
8 85
8 121
8 128
8 134
8 135
8 136
8 153
8 154
8 155
8 161
9 8
9 20
9 21
9 34
9 35
9 56
9 59
9 64
9 70
9 95
9 98
9 100
9 105
9 106
12 38
12 43
12 44
12 57
12 66
12 67
12 80
13 51
13 53
14 1
14 6
14 8
14 13
14 20
14 22
14 31
14 36
15 2
15 14
15 21
15 27
15 42
16 2
16 10
16 11
16 12
16 16
16 18
16 20
16 21
16 23
16 25
16 36
16 39
16 40
16 44
16 98
16 100
16 105
16 110
16 117
16 129
16 132
16 160
16 169
16 170
16 185
16 186
16 199
16 205
16 210
16 216
16 236
16 238
16 245
17 14
17 18
17 22
17 31
17 35
17 36
17 38
17 49
17 56
17 67
17 68
17 76
17 216
17 225
17 227
17 235
17 240
17 241
17 250
17 255
17 260
17 265
17 277
17 280
17 285
17 336
20 10
20 29
20 44
20 45
20 49
20 50
20 53
20 55
20 99
20 108
20 109
20 115
20 132
20 133
22 9
22 31
22 38
22 40
22 44
22 50
22 57
22 73
22 74
23 39
23 46
24 1
24 23
24 31
24 32
24 37
24 55
24 57
24 59
24 60
24 63
24 65
24 70
24 73
24 75
24 76
24 77
24 80
24 83
24 84
24 85
25 3
25 9
25 11
25 18
25 22
25 125
25 127
25 136
25 172
25 173
25 174
25 177
25 212
25 216
25 222
25 225
25 229
25 231
25 244
25 265
25 267
25 274
25 276
25 281
25 287
25 289
25 298
25 308
25 309
26 1
26 7
26 12
26 14
27 51
27 62
27 85
27 89
27 94
27 105
27 106
27 109
27 110
27 117
27 122
27 128
27 134
27 141
27 152
27 157
28 5
28 9
28 12
28 14
28 24
28 32
28 49
29 7
30 10
30 15
30 28
30 29
30 31
30 32
30 35
30 37
30 39
30 42
30 49
30 54
30 59
30 66
30 76
30 96
31 85
31 86
31 95
31 114
31 117
31 131
31 136
32 6
32 15
33 4
33 6
33 27
33 28
33 34
34 1
35 6
35 7
35 23
35 34
35 44
35 49
36 1
36 5
36 6
36 26
36 27
36 41
36 46
36 49
36 55
37 79
37 83
37 87
37 89
38 46
38 47
38 50
38 58
38 59
38 64
38 71
38 72
38 79
38 83
38 89
38 90
39 4
40 6
40 10
41 122
41 128
41 137
41 140
41 143
41 145
42 58
42 62
42 65
43 14
43 29
43 35
45 4
45 11
45 13
45 15
45 16
45 27
45 41
45 43
45 49
45 51
45 60
45 68
46 8
46 10
46 20
46 27
46 28
46 33
47 5
48 17
48 25
48 30
48 37
48 39
49 16
49 36
49 39
49 40
49 45
49 47
49 50
49 53
49 64
49 67
49 68
49 77
49 85
49 96
49 99
49 114
49 116
49 131
50 12
50 14
51 5
51 7
51 10
51 14
52 2
52 3
52 9
52 16
52 21
52 22
52 24
52 25
52 46
52 47
52 58
52 59
52 64
52 73
52 75
52 76
52 78
52 79
53 8
53 9
53 11
54 2
54 13
54 21
54 24
54 29
54 34
54 35
54 39
55 11
56 18
56 23
56 25
56 26
56 34
56 47
56 48
56 49
56 51
56 57
56 61
56 69
58 45
58 51
58 54
58 82
58 87
58 91
59 1
59 2
59 5
59 16
59 17
59 37
59 50
59 61
59 62
59 64
59 66
59 68
59 69
59 70
59 74
59 76
59 79
59 84
59 86
59 91
59 93
60 112
60 114
60 115
60 116
60 117
60 118
60 122
61 5
61 7
62 59
62 60
63 1
63 5
63 10
63 11
63 14
64 5
64 6
64 16
64 38
64 40
64 43
64 45
64 47
64 49
64 50
64 52
65 106
65 109
65 111
65 115
65 133
65 136
65 138
65 142
65 154
65 156
65 157
65 160
65 166
65 175
65 178
65 181
65 188
65 202
65 214
65 216
65 217
65 228
65 229
65 251
65 252
65 256
65 260
65 288
65 289
65 293
65 298
66 9
66 19
66 22
66 24
66 45
67 1
67 2
67 6
67 7
67 12
67 16
67 19
67 20
68 1
68 7
68 11
68 27
68 29
68 59
68 68
68 73
68 74
69 24
69 46
70 6
70 12
70 15
70 18
70 20
70 29
71 9
72 5
72 11
72 18
72 20
72 25
72 26
72 34
72 44
72 46
72 50
72 53
72 59
72 60
72 61
72 72
72 76
73 9
73 13
73 18
73 20
73 28
73 30
73 33
73 34
73 36
73 37
73 77
73 78
73 95
73 101
73 104
73 107
73 114
73 119
73 129
73 130
73 136
73 139
73 145
73 146
74 1
74 10
75 6
75 11
75 12
75 18
76 2
76 5
76 20
76 31
76 32
76 33
76 35
76 41
76 43
76 45
76 47
76 54
76 56
76 62
76 68
76 72
76 90
76 100
76 109
79 1
80 2
80 6
80 10
80 19
80 23
80 36
80 41
80 51
80 52
80 53
84 70
84 71
84 74
84 76
84 77
84 81
85 7
85 11
85 16
85 23
86 4
86 10
86 13
86 33
86 48
86 51
86 53
86 55
86 70
86 73
86 86
86 87
86 102
86 115
86 119
88 45
88 48
88 53
88 59
88 64
88 90
88 96
88 109
88 110
88 119
88 122
89 116
89 120
89 123
89 124
89 130
89 131
89 136
89 143
89 164
89 168
89 266
89 267
89 277
89 284
89 291
90 1
90 4
90 12
90 13
90 17
90 26
90 31
90 57
90 60
90 62
90 64
90 68
90 163
90 170
90 175
90 190
90 192
90 194
90 200
90 209
90 339
90 340
90 359
90 364
90 370
90 381
90 382
90 383
90 385
91 15
91 17
92 3
92 17
92 44
92 55
92 58
92 60
92 66
92 77
92 81
93 2
93 3
93 15
93 16
93 19
94 1
94 8
94 10
94 12
94 18
94 19
94 22
94 26
94 28
94 29
94 41
94 42
94 45
94 50
94 54
94 60
95 6
95 13
95 16
95 19
95 33
95 48
95 58
96 1
96 4
96 12
96 21
96 22
96 27
96 30
96 49
97 3
97 4
97 15
97 23
98 3
98 6
98 8
98 12
98 20
98 22
98 27
99 11
99 29
100 54
100 107
100 110
100 111
100 113
100 115
100 126
100 127
100 132
100 143
100 145
100 149
100 153
100 155
100 161
101 6
101 10
102 16
102 18
102 22
104 105
104 109
104 118
104 123
104 125
104 126
104 128
104 141
104 153
104 154
104 213
104 215
105 5
105 7
105 12
105 25
105 30
105 38
105 39
105 177
105 185
105 192
106 44
106 45
106 53
106 54
106 60
106 61
106 64
107 11
107 12
107 23
107 26
107 27
108 13
108 14
108 17
108 19
108 23
108 26
108 28
108 29
108 137
108 142
108 164
108 168
108 173
108 174
108 175
108 197
108 202
108 209
108 215
108 222
108 223
108 231
108 234
108 235
108 247
108 252
108 265
108 267
108 273
108 277
108 291
110 106
110 108
110 118
110 120
110 129
110 130
110 142
110 149
110 155
110 159
110 168
110 170
110 174
110 175
110 184
110 186
110 199
110 203
110 232
110 233
110 234
110 346
110 358
110 359
110 366
111 12
111 17
111 33
111 57
111 58
111 60
111 81
111 109
111 119
111 125
111 132
112 3
112 9
112 10
112 12
112 18
112 19
113 64
113 66
113 75
113 86
114 9
114 12
114 15
114 23
114 96
114 97
114 99
114 106
114 114
114 117
114 119
116 10
116 11
116 15
117 5
