4 10
4 11
4 14
4 17
4 18
4 21
4 26
4 33
4 39
4 44
4 51
4 57
4 58
4 60
4 61
4 66
4 79
4 81
4 83
4 99
4 102
4 111
4 113
4 122
4 130
4 139
4 140
4 143
4 146
4 150
4 159
4 160
4 165
4 175
4 177
4 188
4 192
4 193
4 196
4 200
4 209
4 225
4 229
4 230
4 241
4 248
4 252
4 261
4 263
4 273
4 276
4 287
4 291
5 11
5 15
5 16
5 24
5 32
5 40
5 45
5 48
5 51
5 58
5 66
5 67
5 76
5 77
6 69
6 76
6 77
6 107
6 114
6 116
6 117
6 128
7 1
7 10
7 25
7 26
7 27
7 30
7 31
7 34
7 40
7 45
7 59
7 63
7 68
7 74
8 6
8 14
8 18
8 19
8 29
8 42
8 46
9 10
9 16
9 30
11 64
11 65
11 67
11 69
11 78
11 82
11 85
11 88
11 89
11 97
11 104
11 110
11 113
11 127
11 131
11 138
11 147
11 164
11 165
11 167
11 169
11 175
11 185
11 191
11 193
11 210
11 211
11 217
11 223
12 5
12 6
12 7
12 8
12 20
12 22
12 24
12 25
12 26
12 29
12 30
12 43
12 44
12 46
12 48
12 51
12 60
12 88
12 108
12 111
12 120
13 10
13 14
13 46
13 58
13 63
13 67
13 68
13 74
14 1
14 6
14 8
14 12
14 15
14 24
14 37
14 38
14 43
14 46
14 50
14 53
14 61
14 62
14 63
14 64
15 33
15 46
15 49
15 51
15 53
15 54
15 58
15 62
15 66
15 71
15 74
15 85
15 86
15 93
15 98
15 102
15 103
15 115
15 122
15 123
15 125
15 139
15 147
15 164
15 167
15 183
15 189
15 191
15 194
15 198
17 41
17 47
17 49
17 52
17 59
17 71
17 75
19 41
19 50
19 53
19 58
19 61
19 63
19 64
19 66
19 68
19 71
19 76
19 81
19 84
19 90
20 2
20 5
20 9
20 16
20 21
20 25
20 46
20 53
20 57
21 2
21 4
21 5
21 11
23 23
23 33
23 41
23 42
23 54
23 57
23 70
23 71
23 72
23 92
23 95
23 103
23 118
23 120
23 121
23 125
23 126
23 169
23 174
23 208
23 210
23 213
23 214
23 221
23 233
23 237
23 240
23 243
23 245
23 246
23 252
23 257
23 258
23 261
23 267
23 304
23 305
23 327
23 345
23 346
23 349
24 37
24 38
24 40
24 41
24 48
24 51
24 53
24 60
24 75
24 76
24 79
24 82
24 86
24 91
24 95
24 96
24 98
24 103
24 108
24 109
26 1
26 15
26 16
27 24
27 26
27 32
27 43
27 47
27 48
27 51
28 7
28 23
28 40
29 1
29 2
29 3
29 8
29 18
29 23
29 25
29 27
30 5
30 6
31 3
31 7
31 19
31 20
31 21
31 35
31 38
31 42
31 46
31 52
31 53
31 65
31 68
31 72
33 33
33 38
33 45
33 62
33 68
33 72
33 82
33 83
33 84
33 96
33 103
33 116
33 118
34 7
34 10
34 12
35 5
35 12
35 30
35 53
35 60
35 72
35 178
36 12
36 13
36 14
37 10
37 13
37 15
37 20
37 28
37 38
37 50
37 51
40 28
40 44
40 49
40 52
40 53
40 55
41 130
41 133
42 5
42 8
42 14
42 17
42 23
43 14
43 16
43 19
43 21
43 28
43 35
43 37
43 39
43 44
43 45
43 48
43 49
43 56
44 9
44 12
44 15
44 18
44 19
44 24
44 29
44 36
44 45
45 5
45 14
45 15
45 21
45 35
45 38
45 40
45 44
45 52
45 56
45 61
45 62
45 68
45 75
45 78
45 102
45 108
45 111
45 113
45 116
45 126
45 127
45 132
46 24
46 25
46 27
46 28
46 30
46 34
46 64
46 65
46 71
46 95
46 100
47 4
47 11
48 3
48 16
49 3
49 11
49 13
49 17
49 20
49 41
49 50
49 59
49 64
49 66
50 4
50 6
50 8
50 9
50 11
50 13
51 17
51 20
51 22
51 27
51 28
51 31
51 32
51 37
52 4
52 9
52 13
53 48
53 49
53 53
53 63
53 70
58 7
58 9
59 1
59 5
59 139
59 145
59 147
59 151
59 152
59 153
59 155
59 162
59 166
59 170
59 177
59 178
59 187
59 188
59 189
59 192
59 193
59 206
59 207
59 211
59 226
60 3
60 4
60 15
60 33
60 37
60 38
60 44
60 45
60 46
60 48
64 33
64 169
67 1
68 1
68 4
68 12
68 13
68 17
68 21
68 22
68 38
70 8
70 11
70 12
70 14
71 1
71 23
71 26
71 28
71 32
71 34
71 36
71 49
71 54
71 55
71 65
71 68
72 1
72 10
72 14
72 15
72 20
72 26
72 27
72 31
72 33
72 36
72 37
72 49
72 72
72 79
72 86
72 87
72 92
72 101
72 107
72 111
72 112
72 113
72 123
72 131
72 136
73 115
73 119
73 125
73 127
73 137
73 138
73 146
73 147
73 148
73 156
73 159
73 160
73 162
73 166
73 172
73 173
73 303
73 304
73 309
73 312
73 313
73 314
74 107
75 5
75 6
75 12
75 17
75 20
75 27
76 9
76 18
76 24
76 25
76 35
76 41
76 47
76 48
76 52
76 55
80 29
80 34
80 36
80 39
80 46
81 23
81 26
81 28
81 46
81 51
81 65
82 6
82 10
83 7
83 12
83 13
83 19
83 26
83 34
84 14
84 15
84 23
85 68
85 69
85 73
85 83
85 86
85 90
85 91
86 42
86 49
86 53
86 55
87 72
87 78
88 5
88 18
88 37
88 40
88 45
88 54
88 59
88 60
88 67
88 75
88 88
88 92
88 95
88 99
88 106
88 107
88 110
88 115
88 116
88 127
88 148
88 149
88 154
88 166
88 175
88 185
90 9
90 19
90 50
91 13
91 15
92 25
92 28
92 33
92 37
92 38
92 42
92 46
92 51
92 54
92 57
92 59
92 63
92 65
92 67
92 68
92 75
92 77
92 82
92 84
92 85
92 88
92 97
92 101
92 102
92 108
92 110
92 119
92 129
92 132
92 150
92 152
92 153
92 157
92 290
92 294
92 299
92 300
92 305
92 307
92 311
92 315
92 317
92 322
92 329
92 337
92 340
92 343
92 347
94 7
94 11
94 14
94 29
94 40
94 41
94 46
94 48
94 51
94 54
94 58
94 59
94 60
94 63
94 72
94 76
94 85
94 100
94 120
94 129
94 136
94 143
94 144
94 160
94 161
94 171
95 10
95 40
95 41
95 45
95 64
95 65
95 68
95 69
95 73
95 75
95 76
95 77
95 95
95 103
95 105
95 106
95 110
95 113
95 117
95 118
95 123
95 127
95 129
97 3
97 4
97 5
97 11
97 15
97 18
97 22
97 24
97 49
97 51
97 53
97 59
97 62
97 67
97 75
97 79
97 82
97 85
97 99
97 100
98 4
98 6
98 16
98 26
98 32
98 51
98 53
98 56
98 74
98 75
98 85
98 86
98 92
98 101
98 107
98 108
98 113
98 130
98 131
98 143
98 145
98 157
98 162
98 164
98 165
98 170
98 175
98 183
98 185
98 192
98 193
98 205
98 208
98 210
98 211
98 215
98 218
98 224
98 235
99 1
99 5
99 12
99 21
99 28
99 33
99 36
99 39
99 41
99 65
99 68
99 126
99 132
99 138
100 6
100 12
100 14
100 16
102 47
102 48
102 62
102 66
102 69
102 73
102 75
102 79
102 80
102 82
102 99
102 100
102 102
102 104
102 106
102 113
102 119
102 122
102 130
102 154
102 156
102 159
102 163
102 170
102 175
102 176
102 186
102 200
102 201
102 206
102 209
102 211
102 212
102 217
102 223
102 230
102 231
102 233
102 235
103 13
103 16
103 17
103 25
103 37
103 41
103 48
103 52
103 58
103 61
103 65
103 70
103 71
103 74
103 82
103 88
103 109
103 110
103 111
103 118
103 144
103 155
104 5
104 12
104 14
104 17
104 37
104 43
104 47
104 52
105 92
106 68
106 71
106 82
106 89
106 91
106 93
106 98
106 100
106 103
106 112
108 22
108 36
110 10
110 12
110 14
110 15
110 18
110 21
110 27
110 29
110 30
110 31
110 41
110 48
110 60
110 70
110 71
110 74
110 78
111 8
111 20
111 25
111 28
115 45
