1 4
1 7
1 8
1 11
1 12
2 1
2 14
3 18
3 19
3 21
3 22
3 26
3 30
3 44
3 49
3 56
3 76
3 82
3 91
3 105
3 108
3 111
3 120
5 49
6 21
6 24
6 25
6 28
6 36
6 45
6 51
6 54
6 56
7 17
7 30
7 32
7 37
7 39
7 49
7 50
7 52
7 57
7 58
7 88
7 104
7 118
7 120
7 132
7 133
7 134
7 138
7 144
7 145
7 147
7 150
7 153
7 157
7 159
7 160
8 17
8 21
8 25
8 27
8 39
8 40
9 5
9 6
9 10
9 17
9 18
9 25
9 29
9 40
9 42
9 53
9 95
9 98
9 101
10 55
10 56
10 77
10 79
11 18
11 19
11 25
12 22
12 24
12 31
12 34
13 9
13 20
13 21
13 47
13 50
13 51
13 59
13 60
13 67
14 3
14 16
14 21
14 28
15 1
15 3
15 21
15 23
15 32
15 33
15 41
15 46
15 50
15 52
15 61
15 65
15 70
15 72
15 79
15 88
15 95
15 113
15 128
15 136
15 138
15 144
15 145
15 154
15 169
15 170
15 171
15 175
15 179
15 183
15 185
15 193
15 197
15 200
15 218
15 220
15 225
17 3
17 7
17 19
17 22
17 27
17 34
17 37
17 122
19 20
19 24
20 46
20 48
20 54
22 9
22 11
24 1
24 7
24 16
25 21
25 25
25 42
25 46
25 47
25 56
25 71
25 75
26 2
26 7
26 19
26 37
26 50
26 59
26 95
26 98
26 100
26 101
26 112
26 117
26 119
26 120
26 130
26 134
26 135
26 153
26 154
26 164
27 28
27 29
27 35
27 167
27 168
27 172
27 179
27 191
27 198
27 210
27 211
27 226
27 228
27 229
27 244
27 256
27 260
27 274
27 276
27 278
27 280
27 285
27 299
27 305
27 308
27 314
28 116
28 119
28 122
28 123
28 125
28 134
28 135
30 14
30 15
30 23
31 14
31 31
31 32
31 37
31 45
31 48
31 56
31 60
31 66
31 67
31 70
31 75
31 77
31 85
31 94
31 96
31 107
31 109
34 10
34 11
35 126
36 12
36 26
36 28
36 30
36 37
36 47
36 51
38 18
38 30
38 32
40 30
40 33
40 37
40 39
40 65
40 66
40 68
41 110
41 127
41 141
41 156
41 291
41 295
41 297
42 13
42 16
42 22
42 29
42 32
42 36
42 42
42 50
42 52
42 59
42 63
42 69
42 70
42 72
42 73
42 75
42 156
42 157
44 56
44 58
44 68
44 73
44 74
44 86
44 87
44 117
44 119
44 159
44 164
44 174
44 179
44 184
44 186
44 195
44 205
44 217
45 24
45 30
45 31
45 33
45 38
45 53
46 6
46 7
46 9
46 11
46 22
46 25
46 36
46 37
46 40
46 45
46 55
46 61
47 27
47 30
47 33
47 35
48 6
48 20
48 25
48 28
49 83
49 85
52 4
52 7
52 14
52 17
52 18
52 23
52 27
52 28
52 38
52 43
52 44
52 49
52 52
52 72
52 73
52 75
52 80
52 86
52 89
52 109
53 90
53 117
53 120
53 122
53 126
53 129
53 131
53 137
53 145
53 149
53 152
53 159
53 164
53 168
53 172
53 174
53 302
53 306
53 318
53 319
53 324
53 330
53 332
54 34
54 55
54 64
54 67
54 72
54 75
54 80
54 83
54 85
54 87
54 95
54 96
54 106
54 120
55 1
55 7
55 9
55 10
55 12
55 13
55 15
55 17
55 22
55 26
55 32
55 48
55 51
55 60
55 61
55 66
55 67
55 69
55 70
55 75
55 101
55 102
55 103
55 124
55 127
55 131
55 141
55 142
55 146
56 10
56 12
56 15
56 17
57 70
57 71
57 74
57 80
57 88
57 89
57 90
57 91
57 92
57 101
57 107
57 123
57 125
57 129
57 134
57 138
57 148
57 158
57 159
57 160
57 161
57 172
57 173
57 180
57 193
57 195
57 200
57 203
57 204
57 212
58 70
58 73
59 3
59 13
59 29
59 33
59 41
59 44
59 48
59 51
59 56
59 58
59 61
59 62
59 64
60 2
60 9
60 12
60 17
60 18
60 35
60 43
60 50
60 52
60 61
60 110
60 115
60 125
60 127
60 129
60 130
60 131
60 132
60 135
62 4
62 9
62 16
62 30
62 34
63 1
63 7
63 16
63 20
63 21
63 25
63 29
63 53
63 74
63 79
63 82
64 9
64 15
64 24
64 26
64 43
65 1
68 3
68 18
68 24
68 32
68 45
68 58
68 60
69 11
69 13
69 17
69 21
69 23
69 34
69 37
69 43
69 44
69 48
69 50
69 59
69 65
69 78
69 93
69 105
69 118
69 125
69 127
69 132
72 16
72 17
72 25
72 34
72 35
72 37
72 39
72 41
72 42
72 43
72 52
72 56
72 59
72 62
72 64
72 71
72 88
72 90
72 99
76 32
76 36
76 39
76 42
76 47
76 49
76 63
76 68
76 72
76 78
76 80
76 81
76 84
76 90
76 106
76 107
76 121
76 126
76 133
76 145
76 151
76 159
76 161
76 163
76 165
76 173
76 179
79 104
79 107
79 111
79 131
79 189
79 196
79 201
79 203
79 205
79 206
79 210
79 216
79 217
79 238
79 242
79 248
79 250
79 256
79 263
79 277
79 280
79 290
79 292
79 294
79 298
79 316
81 4
81 16
81 17
81 27
81 28
81 29
81 41
81 44
81 49
81 60
81 68
82 12
82 13
82 19
82 20
82 101
82 105
82 111
82 127
82 130
82 138
82 140
82 141
82 148
82 151
82 156
83 25
83 31
83 34
83 43
83 59
83 61
83 71
83 72
83 75
83 79
84 13
84 19
84 25
84 28
84 38
84 46
84 66
84 76
84 98
84 102
84 111
84 123
84 124
84 125
84 126
84 136
84 140
84 145
85 2
85 5
85 8
85 10
85 13
86 13
86 22
86 41
86 43
86 44
86 50
87 2
87 3
87 5
87 6
87 11
87 15
87 17
87 25
87 26
87 44
89 12
89 15
89 24
89 31
89 69
89 72
89 74
89 90
89 91
89 96
90 5
90 9
90 13
90 28
90 29
90 31
90 34
91 1
91 4
91 9
91 18
91 29
91 31
91 52
92 7
92 10
92 14
92 18
92 20
92 22
92 26
92 46
93 7
93 8
93 11
93 12
93 26
93 35
93 42
93 44
93 45
93 50
93 101
93 102
93 103
94 2
94 17
94 25
94 27
94 37
95 3
95 12
95 25
95 56
95 57
96 8
96 24
96 28
96 36
96 40
96 48
96 52
96 59
96 63
96 67
96 79
96 83
96 87
97 1
97 14
97 17
97 21
97 48
97 57
97 63
97 66
97 68
97 76
97 77
98 1
98 6
98 12
98 28
98 32
98 33
99 13
99 14
99 15
99 24
99 25
99 27
101 4
101 10
101 21
101 30
101 37
101 39
101 40
101 45
101 47
101 60
101 70
101 80
101 87
101 92
103 29
103 33
103 44
103 52
103 54
104 4
104 21
104 23
104 24
104 25
104 27
104 30
104 33
104 36
104 37
104 44
104 52
104 57
104 65
104 69
