1 6
1 9
1 14
1 15
1 22
1 29
1 30
1 36
1 40
1 45
1 46
1 51
1 53
1 61
1 63
1 64
1 65
1 70
1 71
1 79
2 131
2 132
2 133
2 147
2 152
2 154
2 160
2 164
3 86
3 92
3 93
3 95
3 98
3 100
3 115
4 3
4 4
4 7
4 13
4 17
4 21
5 4
5 8
5 12
5 20
5 24
5 26
5 33
5 35
5 42
6 5
6 10
6 18
6 21
6 34
6 35
6 41
6 43
6 50
7 69
7 71
7 74
7 79
7 88
7 90
7 219
7 223
7 233
7 235
7 253
8 1
8 15
8 24
8 25
9 7
10 7
10 8
10 11
10 13
10 15
10 19
12 55
12 64
12 67
12 170
12 172
12 173
12 180
12 181
12 204
12 206
12 209
12 219
13 15
13 24
13 26
13 31
13 36
13 41
13 42
13 53
13 69
13 76
13 88
13 93
13 108
13 113
13 123
13 124
13 139
13 141
13 143
13 144
13 148
13 149
13 151
13 173
13 178
13 182
13 185
13 187
13 205
13 216
13 228
13 235
13 237
13 239
14 26
14 32
14 38
14 167
14 169
14 177
14 180
14 182
14 187
14 227
14 228
14 234
14 235
14 237
14 240
14 244
15 5
15 10
15 11
15 18
15 27
15 36
15 39
15 41
15 51
15 58
15 63
15 64
15 69
15 71
15 72
15 148
15 153
16 1
16 4
16 10
16 26
16 29
16 30
16 36
16 38
17 39
17 41
17 49
17 55
17 70
17 76
17 78
17 140
17 144
17 145
17 147
17 149
17 153
17 154
17 156
18 23
18 25
18 26
18 32
19 12
19 18
19 21
19 24
19 26
19 29
19 30
19 41
19 46
19 55
19 59
19 64
19 74
19 81
19 84
19 103
19 110
19 117
19 126
19 133
19 144
19 147
19 148
19 160
19 168
19 171
19 182
19 188
19 190
19 194
19 196
21 9
21 12
21 19
21 27
21 69
21 71
22 131
23 10
23 21
23 22
24 22
24 23
24 26
24 29
24 30
24 36
24 37
24 41
24 53
24 71
24 77
24 81
24 83
24 90
24 102
24 118
24 119
24 121
24 128
24 130
24 142
24 143
24 170
24 172
24 180
24 189
24 190
24 198
24 216
24 218
24 224
24 234
24 238
24 240
24 243
24 246
24 253
24 254
24 259
24 262
24 264
24 394
25 2
25 17
25 18
25 21
25 31
25 33
25 36
25 44
25 46
25 48
25 52
25 59
28 28
28 30
28 31
28 34
28 49
28 50
28 53
28 54
28 58
28 69
28 71
29 1
30 1
31 1
31 13
31 23
31 24
31 26
31 27
31 32
32 3
32 11
32 15
32 24
32 43
32 48
32 52
33 2
33 7
33 9
33 15
33 23
33 30
33 39
33 40
33 50
33 65
33 71
33 88
34 9
34 20
34 22
34 24
34 53
34 57
34 63
34 65
34 67
34 68
34 70
34 80
34 93
34 95
34 97
34 103
34 108
34 111
34 118
35 33
37 1
37 14
37 17
37 20
37 26
37 45
37 47
37 61
37 71
37 74
37 84
37 85
37 95
37 98
37 114
37 128
37 139
37 143
37 149
37 156
37 162
37 170
37 171
37 177
37 178
37 181
37 201
37 208
37 224
37 225
37 226
37 227
37 231
37 236
37 286
37 306
37 310
37 313
37 319
37 325
37 327
37 333
37 341
37 348
37 350
37 352
38 1
38 26
39 8
39 10
39 17
39 28
39 162
39 169
39 171
39 176
40 3
40 4
40 7
40 8
40 10
40 11
40 12
40 21
40 27
42 58
42 60
42 64
43 86
43 92
43 106
43 116
43 118
43 126
44 2
44 4
44 7
44 19
44 35
45 79
45 82
45 84
45 96
45 97
45 110
45 116
45 122
46 1
46 2
46 4
47 2
47 3
47 24
47 28
47 43
47 46
47 52
47 56
47 65
47 70
47 76
47 79
48 3
48 5
48 6
48 11
48 13
48 18
48 19
48 21
49 2
49 4
49 6
49 10
49 19
49 29
49 36
49 39
49 41
49 42
49 52
49 53
49 54
49 67
50 10
51 71
51 74
51 78
51 81
51 86
51 87
51 89
51 97
51 104
51 106
51 107
51 109
51 113
51 116
51 133
52 2
52 4
52 12
52 14
52 20
52 24
52 32
52 38
52 40
52 58
52 59
52 66
52 78
52 216
52 221
52 225
52 235
52 240
52 245
52 249
52 254
52 255
52 256
52 269
52 282
52 287
52 295
52 315
52 316
52 320
52 322
52 326
52 329
53 6
53 7
53 12
53 13
53 14
53 24
53 25
53 27
53 30
53 35
53 37
53 49
53 50
53 55
53 59
53 62
53 72
53 74
53 81
53 86
53 87
53 99
53 107
53 112
53 129
53 132
53 135
53 139
53 140
53 141
53 145
53 159
53 162
53 183
53 196
53 197
53 200
54 56
55 8
55 12
56 109
56 122
56 123
56 127
56 133
56 134
56 136
56 154
56 163
56 165
56 170
56 173
56 178
56 187
56 200
56 201
56 268
56 269
56 276
56 279
56 282
56 287
56 289
56 303
56 312
56 323
56 327
56 329
56 334
56 335
56 342
56 345
56 350
56 354
56 363
56 366
57 12
57 20
57 21
57 22
57 31
57 37
57 40
57 49
57 53
57 59
57 66
57 69
57 76
57 77
57 78
57 79
57 83
57 93
57 106
57 110
57 111
59 31
59 41
60 3
60 4
61 12
61 15
61 26
61 33
61 36
61 52
61 58
61 60
61 63
61 78
61 79
61 99
61 106
61 121
62 3
62 4
63 5
63 7
63 33
64 2
64 3
64 34
64 45
64 55
64 61
64 62
64 66
64 69
65 13
65 19
65 21
65 24
67 1
67 2
67 4
67 13
67 14
67 30
67 36
68 5
68 7
68 11
68 16
68 18
68 21
68 23
68 24
68 25
68 29
68 33
68 47
68 48
68 49
68 57
68 58
68 63
68 71
68 73
68 76
69 2
69 10
69 11
69 15
69 19
69 33
69 37
70 21
70 34
70 39
70 54
70 57
70 63
72 2
72 4
72 5
72 6
72 22
72 33
72 42
72 45
72 46
72 49
72 51
72 52
72 60
72 63
72 65
72 66
72 69
75 13
77 11
77 20
77 33
77 38
77 56
77 58
77 59
77 66
77 67
77 69
77 77
78 2
78 8
78 9
78 13
78 20
78 22
79 1
79 2
79 8
79 12
79 15
79 22
79 25
79 27
79 28
79 31
79 33
79 39
79 41
79 46
79 47
79 51
79 117
79 121
79 126
79 127
79 129
79 130
79 136
79 138
79 152
79 155
81 13
81 20
81 24
81 27
81 30
81 31
81 33
81 50
81 62
81 67
81 197
81 201
81 209
81 210
81 213
81 214
81 224
82 6
82 12
82 15
82 26
82 30
84 99
84 116
84 133
84 139
84 141
84 142
84 143
84 146
84 151
84 152
84 155
84 178
84 180
84 196
84 198
84 203
84 208
84 216
84 229
84 234
84 241
85 3
85 13
85 17
85 22
85 24
85 32
85 40
86 1
87 40
87 51
87 53
87 64
87 69
87 202
87 204
88 72
88 77
88 79
88 88
88 89
88 90
88 105
88 107
89 6
90 13
90 26
90 32
91 64
91 68
91 70
91 72
91 73
91 75
91 79
91 91
91 93
91 108
91 110
91 119
91 121
91 122
91 130
91 131
91 135
92 3
92 11
92 21
92 27
92 32
93 77
93 81
93 82
93 100
93 104
93 116
93 117
93 120
93 126
94 43
94 50
94 77
94 81
94 82
94 103
94 112
94 119
94 122
94 123
95 5
95 9
95 15
95 21
95 23
96 8
96 15
97 35
97 38
97 39
98 3
99 49
99 56
99 60
99 64
99 66
99 70
99 72
99 85
99 86
99 90
99 91
99 94
99 97
99 98
99 103
99 108
99 111
99 116
99 118
99 121
99 122
99 123
99 124
99 126
101 10
101 16
101 18
101 83
101 90
101 92
101 94
101 96
101 105
101 218
101 219
101 228
101 231
101 250
101 252
101 255
101 258
101 264
101 271
101 273
101 274
101 277
101 279
101 282
101 284
101 285
101 289
101 295
102 2
102 3
102 12
102 17
102 18
104 10
105 25
