1 21
1 23
1 32
1 34
1 48
1 49
1 57
1 58
1 62
1 65
1 72
1 79
1 80
2 68
2 73
2 77
2 78
2 94
2 97
2 99
2 103
2 114
2 116
2 124
2 127
2 128
2 142
2 146
2 155
2 161
2 163
2 177
2 179
2 186
2 196
2 199
4 2
4 4
4 18
5 2
5 3
5 12
5 33
5 35
5 56
6 4
6 15
6 16
6 17
6 31
6 35
6 38
6 41
6 52
6 59
6 65
6 81
6 86
6 97
6 103
6 106
6 109
6 111
6 113
6 115
6 131
6 147
7 1
7 2
7 6
7 25
7 32
7 33
7 49
7 60
7 63
7 71
8 6
8 12
8 21
8 27
8 40
8 48
8 113
8 115
8 119
8 120
10 56
11 5
11 10
11 26
11 172
11 176
11 178
11 208
12 6
12 13
12 16
12 17
14 3
14 9
14 13
14 19
15 12
15 31
15 35
15 37
15 47
15 52
15 54
15 59
15 71
15 200
15 201
15 203
15 211
15 213
15 217
15 229
15 249
15 250
15 263
18 9
18 11
18 21
18 22
18 27
18 28
18 45
18 48
18 53
18 57
18 107
18 108
18 112
18 116
18 121
18 130
18 133
18 136
18 149
18 157
18 160
18 164
18 171
18 180
18 181
18 182
18 186
18 193
18 204
18 207
18 208
18 218
18 226
18 228
18 232
18 236
18 240
18 290
18 291
18 301
18 304
18 307
18 324
18 325
18 327
18 328
18 332
18 333
18 345
18 346
18 349
18 350
18 351
23 10
23 19
23 22
23 28
23 38
23 42
23 45
23 58
23 65
23 71
23 84
23 98
23 100
23 103
23 109
24 8
24 46
24 49
24 51
24 52
24 61
24 64
25 1
26 6
26 17
26 26
26 27
26 47
26 51
26 77
26 78
26 80
26 89
27 76
27 78
27 82
27 84
27 91
27 103
27 105
28 12
28 13
28 17
28 31
28 34
28 36
28 41
28 44
28 45
28 46
30 9
30 16
30 17
30 24
31 11
31 13
31 27
31 46
31 57
31 187
31 197
31 201
32 81
32 84
32 86
32 90
33 120
33 129
34 2
36 18
36 22
36 32
36 36
36 38
37 2
37 3
37 12
38 3
38 8
39 115
39 118
39 119
39 125
39 127
39 262
39 265
41 1
41 12
41 15
41 23
41 64
41 66
41 69
41 70
41 71
41 73
41 76
41 108
41 110
41 113
43 3
43 7
43 8
43 11
43 12
43 33
43 35
44 8
44 11
44 17
44 21
45 3
45 15
46 4
49 32
49 33
49 41
49 43
49 48
49 50
49 52
51 48
51 59
51 64
51 70
55 14
55 23
55 41
55 45
56 4
56 22
56 23
56 32
56 35
56 36
56 39
56 41
56 53
56 54
56 57
56 69
56 205
58 1
58 21
58 23
58 25
58 109
58 120
58 128
58 136
58 137
58 143
58 159
58 168
58 172
58 173
58 174
58 177
58 203
58 208
58 214
58 221
58 227
58 228
58 233
58 238
58 261
58 263
58 275
58 280
59 33
59 44
59 47
60 7
60 8
60 25
61 2
61 7
61 25
62 13
62 15
62 20
62 21
62 33
62 36
62 38
62 47
62 53
62 54
62 57
62 58
63 2
63 21
63 22
64 3
64 20
64 23
64 24
64 28
64 29
64 40
64 41
64 173
64 174
64 181
64 186
64 200
64 203
64 251
64 255
64 261
64 271
64 278
64 289
64 292
65 6
65 9
65 12
65 13
65 19
65 24
66 1
66 7
66 18
66 22
66 24
66 25
66 41
68 16
68 27
68 29
68 32
68 34
68 37
68 43
68 73
69 6
69 18
69 20
69 25
69 27
69 28
69 43
70 71
70 73
70 77
70 80
70 82
70 84
70 94
70 97
70 98
70 110
70 117
70 121
72 54
72 60
72 63
72 64
72 67
73 18
73 20
73 28
73 42
73 112
73 140
73 141
73 147
74 2
74 4
74 6
74 15
74 16
74 17
74 21
74 29
74 51
74 82
74 95
74 97
74 108
74 112
74 122
74 125
74 129
74 134
75 28
75 30
75 35
75 36
75 53
75 58
75 62
75 70
75 73
75 117
75 118
75 126
75 131
75 133
75 135
75 148
75 151
75 159
75 170
75 182
75 186
76 12
76 15
76 20
76 23
76 33
76 34
77 2
77 3
77 91
77 94
77 96
77 99
77 105
77 121
78 19
78 21
78 41
78 48
78 54
78 56
78 64
78 68
78 70
79 6
80 78
80 82
80 83
80 89
80 93
80 117
80 121
80 124
80 132
80 139
80 165
80 168
80 172
80 187
80 188
80 198
80 205
81 10
81 16
81 21
81 26
81 27
81 35
81 36
81 42
82 16
82 18
82 20
82 28
82 149
82 153
82 155
82 169
82 171
82 172
82 185
82 197
82 202
82 215
82 222
82 235
82 238
82 247
82 250
82 262
82 263
82 271
82 283
82 287
82 290
82 291
82 294
82 295
82 297
82 311
82 312
82 313
82 315
82 332
82 333
82 335
82 338
82 343
82 344
82 345
83 2
83 3
84 5
86 9
86 12
86 22
86 30
86 31
87 29
87 30
87 34
87 42
87 44
87 46
87 47
87 63
87 76
87 83
87 93
87 109
87 124
87 131
87 136
87 141
87 149
87 158
88 37
88 50
88 78
88 90
88 93
88 219
88 243
88 262
89 5
89 10
90 1
90 11
90 12
90 18
90 19
90 22
90 23
90 54
90 58
90 60
90 61
90 63
90 72
90 79
90 96
90 104
90 109
90 114
90 119
90 123
90 131
90 132
93 13
93 15
93 18
93 21
93 23
93 35
93 42
93 48
93 52
93 56
94 6
95 13
95 16
95 18
95 24
95 57
95 58
95 63
95 68
95 82
95 84
95 90
95 92
95 93
95 96
95 97
95 100
95 103
95 104
95 109
95 111
95 121
95 124
95 127
95 128
95 145
95 150
95 153
95 171
95 175
95 207
95 311
96 5
96 6
96 7
96 8
96 15
96 31
96 32
96 44
96 49
96 50
97 7
97 8
97 20
97 28
97 30
97 47
97 55
97 57
99 43
100 82
100 84
100 167
100 168
100 170
100 172
100 180
100 190
100 192
100 198
100 200
100 210
100 225
100 227
100 261
100 271
100 288
100 291
100 298
100 302
100 304
100 305
100 308
101 1
102 2
103 2
103 3
