1 9
1 17
1 149
1 153
1 165
1 171
1 173
1 183
1 186
1 189
1 198
1 199
1 201
1 204
1 205
1 216
1 221
1 223
1 224
1 233
1 235
1 237
1 244
1 249
1 252
1 253
1 255
1 257
1 258
1 271
1 323
1 324
1 326
1 328
2 2
2 17
3 2
3 34
3 37
3 41
3 42
3 47
3 54
3 69
3 80
3 81
3 92
3 98
3 105
3 107
4 6
4 14
4 19
4 23
4 24
4 28
4 30
4 31
4 38
4 42
4 46
4 48
4 53
4 55
6 77
6 78
6 80
6 82
6 85
6 94
6 115
7 6
7 14
7 17
7 20
7 30
7 31
7 33
7 49
7 56
7 58
7 60
7 67
7 89
7 92
7 100
7 101
7 109
7 111
7 120
7 135
7 140
7 147
7 148
7 160
7 167
7 175
7 176
7 177
7 183
7 186
7 206
7 241
7 242
7 245
7 246
7 250
7 256
7 257
7 292
7 293
7 307
7 312
8 3
8 5
8 8
8 23
8 41
8 54
8 63
8 68
8 71
8 72
8 76
8 83
9 6
9 8
9 9
9 10
9 12
10 35
10 42
10 55
10 57
10 62
10 67
10 69
10 76
10 77
10 81
10 83
10 87
10 94
10 116
10 122
10 162
10 169
10 170
10 171
10 173
10 175
10 183
10 184
10 186
10 188
10 197
10 202
10 230
10 233
10 238
10 312
10 313
10 323
10 326
10 327
11 7
11 9
11 18
11 28
11 32
11 36
11 39
11 45
11 47
11 54
12 4
12 52
12 76
12 79
12 89
12 94
13 5
13 57
13 60
13 61
13 67
14 2
14 11
14 18
14 23
14 27
14 42
14 48
14 51
14 52
14 59
14 69
14 72
14 75
14 84
14 101
14 108
14 134
14 135
14 137
14 139
14 150
16 155
16 164
17 8
17 17
19 40
19 50
19 78
20 3
20 10
20 13
20 39
20 46
20 48
20 52
20 53
20 59
20 73
20 76
20 78
20 106
20 109
20 111
20 115
21 5
21 8
21 20
21 23
21 27
21 36
21 43
22 1
22 6
22 8
23 2
23 5
23 9
23 27
23 32
23 35
23 38
23 40
23 45
23 51
23 56
23 65
23 83
23 85
23 88
23 91
23 96
23 136
23 138
23 146
23 150
23 154
23 175
23 176
23 186
23 194
23 208
23 209
23 212
23 217
23 224
23 237
23 240
23 250
27 43
28 4
28 14
28 23
28 24
28 33
28 39
28 41
28 47
28 49
28 50
28 51
28 58
28 72
28 93
28 94
28 97
28 100
28 108
28 216
29 2
29 5
29 11
29 14
29 18
29 21
29 29
29 34
29 36
29 40
29 41
29 43
29 44
29 76
29 77
29 82
29 90
29 93
30 6
30 11
30 12
30 14
30 43
30 44
30 47
31 26
32 10
32 13
32 15
32 17
32 18
32 20
32 35
33 3
33 10
33 15
33 25
33 36
33 42
33 44
35 59
35 60
35 67
35 71
35 72
37 8
37 15
37 21
37 39
37 49
37 57
37 67
37 72
38 3
39 2
41 24
41 35
41 37
41 38
41 40
41 42
41 46
41 50
41 52
41 63
41 66
41 68
41 76
41 79
41 81
41 156
41 163
41 172
41 176
41 199
41 206
42 48
42 51
42 54
42 62
42 72
42 76
42 84
42 90
42 92
42 98
42 110
42 121
42 132
42 236
43 3
43 4
43 10
43 12
43 151
43 158
43 171
44 46
44 52
44 63
44 69
44 77
44 81
44 91
45 5
45 9
45 26
45 161
45 164
45 172
45 190
45 193
47 16
47 48
47 53
47 54
47 60
47 63
47 66
47 72
47 74
47 78
47 83
47 85
47 92
47 103
47 107
47 119
47 120
47 130
47 132
47 138
47 144
48 1
48 6
48 14
48 15
48 16
48 17
48 19
48 23
48 29
48 37
48 39
48 46
48 49
48 53
48 56
49 5
50 57
50 188
50 193
50 198
50 201
51 8
51 13
51 14
51 15
51 23
51 25
51 37
51 38
51 40
51 49
51 61
51 69
51 74
51 77
51 81
51 88
51 89
51 112
52 12
52 14
52 16
52 18
52 22
52 30
52 31
52 35
53 2
53 6
53 110
53 117
54 2
54 18
54 19
54 23
54 28
54 33
54 34
54 35
54 42
54 48
54 57
57 37
57 44
57 46
57 49
57 52
57 61
57 63
57 65
59 3
59 6
59 8
59 9
59 24
59 31
59 39
59 41
59 47
59 51
59 56
59 58
59 59
59 74
59 77
59 79
59 85
59 87
59 98
59 115
59 134
59 138
59 174
59 178
59 179
59 181
59 185
59 196
59 198
59 203
60 5
60 37
60 42
60 49
60 51
60 56
60 59
60 61
60 73
60 76
60 81
60 88
60 90
60 94
60 95
60 96
60 105
60 113
60 118
60 128
60 146
60 154
60 161
60 172
60 173
60 177
60 178
60 179
60 184
60 185
60 186
60 201
60 202
60 206
60 211
60 218
60 220
60 225
60 240
60 246
60 257
60 263
60 369
60 372
61 1
61 4
61 6
61 8
61 9
61 11
61 18
61 19
62 6
62 9
62 22
64 96
64 102
64 103
64 109
64 112
64 121
64 125
64 126
65 11
65 15
65 67
65 90
65 98
65 99
65 108
66 13
66 18
66 24
66 31
66 34
66 50
66 51
66 53
66 55
66 56
66 61
66 63
66 74
66 204
66 206
66 220
66 221
67 41
67 49
67 50
67 58
67 64
67 65
67 79
67 80
67 83
67 89
67 92
67 125
67 128
67 130
67 139
67 141
69 50
69 55
69 58
69 71
69 77
69 80
69 94
69 101
69 107
69 108
69 123
69 124
69 127
69 135
70 5
70 7
70 11
70 13
70 39
70 49
70 50
70 53
70 54
70 56
70 69
70 71
70 72
71 3
71 9
71 10
71 20
71 34
71 59
71 62
71 72
71 73
71 76
71 81
71 83
71 92
71 104
72 25
72 39
72 40
72 43
72 60
72 63
72 64
73 44
73 59
74 6
74 9
74 11
74 12
74 19
74 23
74 28
74 33
75 44
75 58
75 72
75 86
75 87
75 90
75 117
75 121
75 122
75 124
75 126
75 130
76 4
76 5
76 17
76 19
76 22
76 36
77 38
77 44
77 45
77 51
77 53
77 58
77 205
77 211
77 212
77 221
77 228
77 235
77 246
77 255
77 260
77 262
79 4
79 61
79 64
79 66
81 2
81 3
81 4
81 8
81 14
81 18
81 23
81 26
82 1
82 5
82 13
82 16
82 17
82 26
82 27
82 30
82 45
82 46
82 50
82 59
82 61
82 65
82 68
82 69
82 73
82 132
82 136
82 143
82 146
82 150
82 169
82 178
82 192
82 194
83 152
83 155
83 158
83 160
84 3
84 7
84 9
84 11
84 23
84 25
84 30
84 44
84 53
84 58
84 60
84 64
84 67
84 78
84 84
85 1
85 4
85 141
85 145
85 150
85 155
85 159
86 12
86 15
86 16
86 18
86 20
86 32
86 35
86 50
86 58
86 206
86 223
87 2
87 14
87 25
87 38
87 39
87 152
87 157
87 158
87 159
87 179
87 183
87 188
87 191
87 198
87 200
87 204
87 214
87 218
87 229
87 237
87 238
87 242
87 243
87 270
87 276
87 318
87 320
87 325
87 332
87 335
88 2
88 3
88 14
88 16
88 17
89 1
90 16
90 25
90 26
90 29
90 31
90 39
90 46
90 48
90 50
90 67
90 131
90 138
90 139
90 146
90 151
90 157
90 169
90 176
90 180
90 184
90 186
90 191
90 196
90 208
90 214
90 220
91 4
91 10
91 12
91 13
91 48
91 49
91 54
91 57
91 60
91 63
91 66
91 74
91 81
91 83
91 88
91 97
91 98
91 99
91 112
