1 4
1 6
1 20
1 21
1 26
1 30
1 37
1 47
1 49
1 52
1 61
1 193
1 195
2 1
2 6
2 7
2 9
3 15
3 24
3 28
3 42
3 49
3 50
3 52
3 54
3 58
3 63
3 70
3 77
3 78
3 80
3 90
3 91
3 94
3 97
3 101
6 32
6 35
6 37
6 43
6 50
6 51
6 55
6 60
6 64
6 65
6 88
6 95
6 101
6 104
6 115
6 120
6 128
6 136
6 138
6 142
6 167
6 177
6 185
6 198
6 206
6 211
6 215
6 218
6 219
6 220
6 224
6 227
6 251
6 270
6 286
6 288
6 290
6 297
6 299
6 309
6 310
6 318
6 324
6 335
6 338
6 339
6 347
6 349
7 12
7 15
7 27
7 39
7 44
7 53
7 66
7 70
7 71
7 72
7 73
7 76
7 81
7 88
7 90
7 93
7 99
7 107
8 2
8 10
10 6
10 7
10 16
10 22
10 29
10 34
11 16
11 19
11 22
11 23
11 24
11 28
11 33
12 3
12 7
13 3
13 11
13 12
13 16
13 22
13 24
13 26
13 27
13 28
13 38
13 44
13 53
13 55
13 56
13 57
13 59
13 60
13 69
13 70
13 84
13 88
13 90
13 94
13 97
13 101
13 115
13 119
13 127
13 128
13 132
13 143
13 151
14 1
14 9
14 18
14 23
14 25
14 30
14 36
14 59
14 64
14 76
14 82
14 108
14 109
14 117
14 120
14 132
15 3
16 14
16 23
16 26
16 27
16 36
16 38
16 46
16 51
16 77
16 80
16 82
16 84
16 92
16 95
16 98
17 136
17 138
17 141
17 153
17 157
18 68
20 18
20 20
20 114
20 117
20 129
20 135
20 144
21 10
21 16
21 17
21 28
21 30
21 32
21 37
21 41
21 42
21 50
21 56
21 57
21 60
21 68
21 69
21 76
21 77
21 80
21 81
21 87
21 91
21 96
21 102
24 4
24 5
24 8
24 17
24 20
24 24
24 29
24 32
24 34
25 1
25 20
25 26
25 29
25 33
25 34
25 41
25 52
25 56
25 57
25 58
25 60
25 62
26 39
26 50
27 82
27 85
27 100
29 41
29 46
29 55
29 58
29 63
29 64
29 65
29 66
29 84
29 97
29 100
29 102
29 104
29 111
29 117
29 120
29 133
30 83
30 88
30 97
30 98
30 102
30 109
30 110
30 116
30 119
30 124
30 125
30 126
30 133
30 134
30 137
31 5
31 14
31 17
31 20
31 29
31 30
32 21
32 22
32 23
32 26
32 29
32 32
32 35
32 36
32 40
33 7
33 11
33 19
33 24
33 25
33 29
34 49
34 61
34 63
34 73
34 79
34 82
34 87
34 92
34 96
34 103
34 109
34 129
35 5
35 6
35 16
35 19
35 38
35 41
36 22
36 24
36 36
36 40
36 41
36 52
36 54
36 64
36 68
36 75
36 77
36 80
36 84
36 89
36 90
36 104
36 116
36 117
36 121
36 124
36 127
37 1
37 7
37 9
37 10
37 12
37 15
37 17
37 19
37 34
37 35
37 46
37 91
37 105
37 127
37 128
38 1
38 9
38 15
38 16
38 34
38 46
38 51
39 69
40 6
40 12
40 13
40 14
40 15
40 18
40 26
40 30
40 33
40 34
40 39
40 42
40 43
40 44
40 45
40 49
41 4
41 12
41 17
41 31
41 33
41 39
41 44
41 56
41 59
41 60
41 68
41 106
41 114
41 118
41 121
41 127
41 133
41 137
41 143
42 35
42 45
42 51
42 52
43 1
43 5
43 15
43 56
43 57
43 65
43 67
43 71
43 72
43 97
43 107
43 152
43 159
44 8
44 12
44 20
44 21
44 24
44 35
44 37
44 40
44 48
44 49
44 60
44 63
44 69
44 75
44 81
44 82
44 85
44 87
44 90
44 197
44 199
44 205
44 206
44 221
44 228
44 237
44 239
44 241
45 6
45 7
45 17
45 27
45 36
45 42
47 20
47 22
47 23
47 27
47 35
47 37
47 41
47 44
47 46
47 47
47 48
47 51
47 53
47 57
47 67
47 73
47 76
47 82
47 214
47 219
47 220
47 221
47 226
47 227
47 229
47 230
48 70
48 71
48 78
49 2
49 20
49 26
49 43
49 48
49 50
49 61
50 94
50 97
50 101
50 110
50 113
50 116
50 123
50 131
50 144
50 146
50 150
50 151
50 155
50 156
50 168
50 170
50 171
50 205
50 216
50 219
50 222
50 225
50 233
50 234
50 239
50 244
50 257
50 264
50 268
50 271
50 275
50 277
50 278
50 289
51 4
51 18
51 24
51 28
51 41
51 56
52 6
52 14
52 34
53 44
53 49
53 51
54 6
54 7
54 23
54 41
54 43
54 50
54 54
54 56
54 59
54 60
54 64
54 71
54 81
54 86
54 88
54 92
54 101
54 103
54 105
55 7
55 8
55 24
55 33
55 35
55 37
55 43
55 61
55 66
55 67
56 36
56 37
56 39
57 2
57 3
57 10
57 14
57 19
57 30
59 6
59 10
59 11
60 1
60 4
61 26
61 31
61 34
61 35
61 51
61 54
61 57
61 60
61 61
61 64
61 68
61 69
61 72
61 80
62 18
62 22
62 24
62 31
62 33
62 34
62 35
62 99
62 100
62 103
62 108
62 118
62 121
62 122
62 124
62 127
62 130
62 133
62 157
62 162
62 174
62 188
62 193
62 195
62 199
62 202
62 206
62 213
62 215
62 218
62 219
62 228
62 233
62 239
62 242
62 243
62 251
62 256
62 257
62 277
62 281
62 291
62 295
63 1
63 6
64 44
64 48
64 58
64 60
64 62
64 63
64 65
64 68
64 69
64 72
64 74
64 78
64 85
64 87
64 90
64 91
64 110
64 112
64 133
64 142
64 145
64 148
64 149
64 160
64 170
65 5
65 7
65 12
65 21
65 24
65 30
65 37
65 50
65 53
65 62
65 72
65 81
65 99
65 101
65 106
65 112
65 114
65 123
65 130
65 132
65 140
65 154
65 155
65 157
65 159
70 41
70 44
70 51
70 56
70 59
71 1
71 8
71 33
71 35
72 1
72 3
72 9
72 11
72 23
72 35
72 38
72 39
72 40
72 63
72 64
73 5
73 18
73 20
73 21
73 34
73 42
73 44
73 45
73 49
73 50
74 1
75 97
75 108
75 109
75 112
75 114
75 115
75 119
75 132
75 142
75 148
75 160
75 166
75 171
75 172
75 174
75 175
75 179
75 182
75 226
75 237
75 240
75 243
75 245
75 246
75 247
75 249
75 251
75 274
75 281
75 290
75 302
75 305
75 312
75 320
75 322
75 323
75 328
75 335
75 343
76 64
77 19
77 25
77 80
77 83
77 95
77 96
77 106
77 113
77 144
78 12
78 14
78 16
78 18
78 32
78 34
78 35
78 36
78 46
78 60
78 66
78 67
78 71
78 77
78 81
78 85
78 90
78 96
78 97
78 103
78 107
78 110
78 114
78 115
78 123
78 124
78 138
79 5
79 6
79 34
79 38
79 41
79 42
79 43
79 53
79 59
79 84
79 87
80 14
80 16
80 18
80 28
80 33
80 36
80 38
80 40
80 46
80 54
80 62
80 63
80 77
80 83
80 89
80 90
82 21
82 36
82 37
82 44
82 55
82 69
82 70
82 72
82 74
82 89
82 92
82 97
82 117
82 119
82 123
82 125
82 131
82 137
82 149
82 156
82 164
82 176
82 181
83 151
83 154
83 287
83 290
83 296
83 299
83 301
83 318
83 320
83 322
83 331
83 334
83 340
83 343
83 349
83 351
83 352
83 353
83 369
83 376
83 380
83 381
83 387
83 388
83 390
83 401
83 407
83 408
83 413
83 416
83 417
83 432
83 445
83 446
83 449
83 450
83 451
83 452
83 478
83 481
83 489
83 492
83 493
83 498
83 499
83 500
83 506
83 512
83 514
83 519
83 530
83 539
83 543
83 554
84 9
85 7
86 7
86 11
86 17
86 22
86 25
86 35
86 38
86 50
86 58
86 70
86 72
86 76
86 79
86 114
86 126
86 138
87 5
87 9
87 12
87 17
87 31
87 37
87 40
87 50
87 52
87 53
87 57
87 65
87 71
87 76
88 4
88 10
88 13
89 102
89 108
89 115
89 119
89 127
89 131
89 133
89 150
89 156
89 160
89 165
90 9
91 11
92 7
92 8
92 11
92 13
92 21
92 22
92 25
92 26
92 27
92 29
92 36
95 41
95 50
95 59
95 63
95 64
95 68
95 70
95 72
95 82
95 85
95 86
95 89
95 91
95 92
95 95
95 101
95 105
95 106
95 126
95 136
95 142
95 146
95 152
95 160
95 161
95 167
95 176
95 177
95 190
95 200
