1 3
1 15
1 24
1 27
1 29
1 41
1 50
1 55
1 56
1 59
1 61
1 64
2 4
2 7
2 11
2 23
2 39
2 59
2 60
2 64
2 68
2 70
2 86
2 93
2 97
2 99
2 101
2 108
2 111
2 112
2 127
2 137
2 142
3 1
3 12
3 17
3 19
3 20
3 24
3 28
3 29
3 30
3 38
3 73
3 87
3 91
3 203
3 208
3 217
3 221
3 222
3 224
3 227
3 234
3 239
3 253
3 254
3 266
3 272
3 274
3 276
3 277
3 280
3 281
3 283
3 288
3 300
3 310
3 328
3 329
3 340
3 353
3 354
3 360
3 361
7 96
7 100
7 113
7 116
7 127
8 4
8 17
8 20
8 22
8 30
8 35
8 39
8 41
8 50
8 52
8 56
8 63
8 69
8 70
8 75
8 81
8 84
8 87
8 92
8 101
8 118
8 143
8 144
8 154
8 160
8 162
8 163
8 170
8 175
8 178
8 179
9 4
9 10
9 22
9 27
9 28
9 29
9 32
9 36
9 37
9 40
9 41
9 48
9 51
9 54
9 55
9 57
9 60
9 65
10 93
10 136
10 145
12 3
12 6
12 8
12 12
12 147
12 158
12 161
12 167
14 12
14 14
14 16
14 29
14 53
14 64
14 106
14 114
14 119
14 124
14 127
14 133
15 4
15 9
15 10
15 15
15 24
15 25
15 27
16 6
16 17
16 19
16 21
16 28
16 31
16 37
16 41
17 6
17 23
17 24
17 26
17 37
17 45
17 57
17 61
17 68
17 82
17 86
17 103
17 113
17 117
17 123
17 129
17 132
18 4
18 16
19 41
19 44
19 49
19 52
19 54
21 1
21 5
21 7
21 10
21 13
21 17
21 19
22 42
22 47
22 52
22 57
22 71
22 75
22 80
22 87
22 96
22 105
22 225
22 228
22 229
22 233
22 242
22 249
22 250
22 257
22 260
22 261
22 262
23 15
23 21
23 25
23 26
23 29
23 37
23 46
23 62
23 67
23 79
23 80
23 91
23 95
23 305
23 317
23 320
23 321
23 324
23 325
23 329
23 330
23 331
23 445
23 465
23 468
24 15
24 26
24 28
24 31
24 37
24 38
25 2
25 3
25 12
25 26
25 30
25 39
25 42
25 47
25 50
26 10
26 13
26 14
26 15
26 25
26 27
26 31
26 42
26 48
26 50
26 59
26 63
26 65
26 67
26 71
26 73
26 78
26 82
26 95
26 99
26 102
26 104
26 108
26 111
26 112
26 113
26 114
26 116
26 125
26 129
26 133
26 134
26 158
26 160
26 166
26 172
26 176
26 178
26 188
26 199
26 200
26 202
26 209
26 223
26 224
26 228
26 233
26 234
26 235
26 238
26 246
26 250
26 258
26 267
26 276
26 281
26 282
27 1
27 7
27 18
27 19
28 2
28 17
28 24
28 30
28 31
28 39
28 60
28 63
28 65
28 68
28 72
28 75
28 79
28 84
28 87
28 89
28 90
28 120
28 121
28 125
28 128
29 3
29 14
30 5
30 7
30 9
30 24
30 34
30 36
30 39
30 59
30 66
30 72
30 77
30 84
30 86
30 87
30 88
30 96
30 110
30 119
30 128
30 137
30 142
30 155
30 161
30 166
30 176
30 177
30 183
30 184
30 186
30 188
30 192
30 194
30 200
30 202
30 219
30 225
30 227
30 243
31 7
31 13
31 24
31 27
33 5
34 72
34 78
34 87
34 90
34 107
34 113
34 114
34 122
34 123
34 130
34 131
34 133
34 134
34 152
34 154
34 157
34 164
34 173
34 188
35 5
35 15
36 116
36 122
36 125
36 129
36 137
36 139
36 150
36 152
36 153
36 159
36 164
36 167
36 180
36 182
36 184
36 187
36 190
36 194
36 196
37 4
37 7
37 10
37 11
37 12
37 24
37 32
37 42
37 56
37 58
37 61
37 66
37 67
37 186
37 189
37 194
37 197
37 202
37 214
37 223
37 232
37 233
37 238
37 240
37 246
37 325
37 340
37 342
40 52
40 57
40 71
40 88
41 3
41 4
41 7
41 13
41 14
41 17
41 28
41 42
41 50
41 56
41 60
41 61
41 64
41 67
41 74
41 76
41 77
41 78
41 100
41 101
41 110
41 121
41 122
41 139
41 142
41 148
41 152
41 153
41 155
41 158
41 171
42 5
42 16
42 31
42 35
43 1
43 12
43 45
43 49
43 51
43 52
43 55
43 63
43 68
43 71
43 72
43 93
43 96
43 113
43 116
43 119
43 128
44 4
44 5
44 6
44 10
44 12
44 22
44 26
44 40
44 41
44 45
45 4
45 7
46 1
46 9
46 17
46 21
46 22
46 23
46 25
46 34
46 47
46 71
46 76
46 85
46 93
46 97
46 101
46 104
46 106
46 113
46 117
46 147
46 160
46 164
46 167
46 170
46 171
46 175
46 179
46 189
46 198
47 45
47 47
47 48
47 50
47 51
47 59
47 64
47 66
47 72
47 73
47 83
47 86
47 91
47 92
47 102
47 107
47 109
47 113
47 121
48 2
48 4
48 13
48 23
48 29
48 36
48 38
48 67
48 69
48 70
48 72
49 2
49 3
49 9
49 16
49 26
50 43
50 58
50 59
50 65
50 73
50 76
50 81
50 98
50 105
50 115
50 121
50 142
50 146
50 152
50 160
50 167
50 172
50 174
50 176
50 180
50 199
50 203
50 214
50 215
50 217
50 222
50 229
50 242
50 262
50 264
50 268
50 284
50 293
50 297
50 304
51 4
51 6
51 14
51 17
51 19
52 7
52 13
52 36
52 54
52 59
52 64
53 4
53 17
53 18
53 21
53 22
53 25
53 28
53 32
53 35
53 42
53 44
53 46
53 50
53 68
53 74
53 75
53 78
53 88
53 93
53 107
54 1
54 4
54 20
54 25
54 29
54 32
54 34
54 42
54 46
54 62
55 36
55 38
55 49
55 58
55 63
55 70
55 71
55 72
55 74
55 81
55 109
55 110
55 112
55 115
55 121
55 122
55 123
55 126
55 129
55 137
55 148
55 154
55 155
55 160
55 165
55 167
55 190
55 196
55 198
55 202
55 219
55 237
55 244
55 266
56 5
56 11
56 17
56 20
56 29
56 33
56 35
56 48
56 52
56 68
56 80
56 82
56 193
56 197
56 198
56 200
56 204
56 211
56 213
56 216
56 230
57 5
57 10
57 23
57 27
58 4
59 30
59 31
59 44
59 49
59 57
59 66
59 70
59 74
59 76
59 83
60 1
60 23
60 29
60 32
60 37
60 39
60 55
60 60
60 69
60 77
60 85
60 105
62 1
62 4
62 8
62 9
62 11
62 13
62 16
62 20
62 21
62 31
62 33
62 43
62 44
62 48
62 58
62 69
62 74
62 78
62 86
62 88
62 96
62 114
62 127
62 130
62 134
62 136
62 141
62 142
63 77
63 86
63 91
63 109
63 119
63 264
63 283
63 287
63 292
64 9
64 19
64 26
64 30
64 36
64 43
65 46
65 48
65 49
65 51
65 57
65 58
65 75
65 76
65 81
66 10
66 14
67 7
67 11
67 16
67 20
67 21
67 24
67 25
67 27
67 30
67 32
67 34
67 40
67 53
67 55
67 59
67 66
67 70
67 76
67 87
67 126
67 128
67 134
67 138
67 145
67 146
67 154
69 41
69 44
69 49
69 54
69 55
69 65
69 75
69 86
69 91
69 96
69 97
69 99
69 104
69 110
69 115
70 73
70 79
70 86
70 87
70 92
70 95
70 101
71 1
71 71
71 72
71 79
71 88
71 92
71 96
71 97
71 102
71 104
71 111
71 112
71 124
71 129
71 131
71 133
71 138
71 161
71 170
71 176
71 182
71 183
71 189
71 193
71 199
71 203
71 204
71 206
71 210
71 214
71 223
71 241
71 242
71 245
71 249
71 256
71 258
71 264
71 274
71 282
71 298
72 28
72 38
72 55
72 63
73 1
73 8
73 21
73 25
74 6
74 18
74 20
74 29
74 33
74 42
74 43
74 45
74 47
74 49
74 50
74 52
74 62
74 64
74 65
74 66
75 9
75 20
75 25
75 34
75 42
75 43
75 49
75 51
75 59
75 63
75 64
75 70
75 79
75 89
75 93
75 96
75 97
76 22
76 28
76 29
76 31
77 3
77 4
77 17
77 21
77 102
77 112
77 113
80 4
80 6
81 4
81 15
81 21
81 24
81 25
81 35
81 145
81 156
81 159
81 160
81 161
81 167
83 48
83 54
83 59
