1 8
1 16
1 28
1 30
1 35
1 41
1 46
1 52
1 54
1 55
1 57
1 61
1 65
1 69
1 70
1 73
1 74
1 87
1 90
1 92
1 103
1 107
1 114
1 118
1 124
1 127
1 133
1 137
1 140
1 141
1 142
1 149
1 152
1 153
1 157
1 158
1 160
1 171
1 173
1 177
1 178
1 181
1 188
1 191
1 195
1 199
1 215
1 217
1 229
1 234
1 241
1 243
1 246
1 247
1 250
1 256
1 262
1 265
1 271
1 274
1 282
1 291
1 296
1 301
1 311
1 315
1 316
1 322
1 333
1 334
1 338
1 342
1 347
1 350
1 390
1 398
2 2
2 7
2 9
2 10
2 25
4 7
4 9
4 20
4 22
5 2
5 4
5 8
5 16
5 17
5 20
5 21
5 150
5 161
5 166
5 169
5 170
5 179
6 1
6 15
6 23
6 24
6 25
6 27
6 40
6 42
6 46
6 59
6 79
7 1
7 13
7 14
7 27
7 31
7 33
7 47
7 49
7 51
7 52
7 55
7 58
7 63
7 81
8 20
8 22
8 25
8 27
8 34
9 9
9 11
9 14
9 15
9 29
9 30
9 35
9 43
10 1
10 9
10 28
10 37
10 38
11 4
11 23
11 25
11 27
12 3
12 8
12 10
13 14
13 28
13 36
13 37
13 42
13 44
13 50
13 53
14 11
14 14
14 19
14 23
14 24
14 27
14 34
15 2
15 17
15 31
15 33
15 41
15 50
15 59
15 65
15 67
15 71
15 120
15 121
15 125
15 137
15 138
15 142
15 146
15 152
15 157
16 143
16 153
16 154
16 157
16 159
16 161
16 162
16 163
16 164
16 166
16 179
16 185
16 203
16 208
16 210
16 214
16 217
16 220
16 222
16 223
16 233
16 236
16 237
16 238
16 261
16 275
19 35
19 36
19 42
19 44
19 49
19 53
19 74
19 75
20 3
21 5
21 10
21 14
21 38
21 44
21 45
21 55
21 63
22 8
23 4
23 8
23 16
23 19
25 33
25 35
25 36
25 40
25 50
25 51
25 54
25 65
25 66
25 69
25 70
25 77
25 79
25 83
25 86
26 1
26 4
26 6
26 9
26 10
26 12
26 20
26 72
28 45
28 48
28 50
28 59
28 64
28 129
28 134
28 137
28 142
28 144
28 147
28 149
28 157
28 160
28 163
28 169
28 181
28 184
28 189
28 196
28 208
28 210
28 229
28 235
28 236
28 237
28 246
29 16
29 19
29 32
29 85
29 93
29 98
29 100
29 102
29 128
29 139
29 149
29 284
29 287
29 294
29 296
29 314
29 322
29 323
29 334
29 343
29 344
29 349
29 360
29 364
29 367
29 368
29 369
30 1
30 7
30 12
30 17
30 25
30 32
30 44
31 1
31 13
31 17
31 21
31 23
31 25
31 28
31 38
31 47
31 49
31 68
31 75
31 84
32 15
32 24
32 30
32 38
33 2
33 11
33 19
33 20
33 24
33 34
33 37
33 38
33 44
33 45
33 64
33 66
33 69
33 76
33 78
33 83
33 89
33 94
33 95
33 99
33 108
33 110
33 112
33 122
34 13
34 37
34 58
35 1
35 2
35 9
37 31
37 38
37 85
37 88
37 90
37 91
37 103
37 118
37 122
38 1
38 3
38 13
38 14
39 2
39 5
39 13
39 14
39 17
40 23
40 27
40 30
40 36
40 57
40 74
40 76
40 77
40 81
40 82
40 83
40 105
40 121
40 123
40 131
40 144
42 40
42 47
43 6
43 7
43 27
43 34
43 38
43 41
43 42
43 45
43 179
43 191
43 193
43 194
43 206
43 210
44 121
44 139
44 149
44 150
45 9
45 15
45 23
45 26
45 33
45 35
46 11
46 13
46 14
47 7
47 14
47 16
47 19
47 20
47 29
47 32
47 34
47 36
47 45
47 46
47 49
47 57
47 61
47 64
47 68
47 72
47 74
47 78
47 80
47 83
47 87
47 109
47 115
47 116
47 127
47 131
47 140
47 142
47 162
48 68
48 69
48 74
48 85
48 92
48 95
48 185
48 186
48 196
48 198
48 210
49 9
49 29
49 40
49 45
49 47
49 52
49 57
49 60
49 61
49 66
50 43
50 45
50 48
50 59
50 88
50 89
50 91
50 93
51 37
51 43
51 53
51 61
51 62
51 63
52 2
52 5
52 13
53 10
53 12
53 17
53 20
53 26
53 32
53 38
55 4
55 9
55 16
55 38
55 45
55 46
55 48
55 54
55 56
55 59
55 63
56 3
56 7
56 10
58 3
58 6
58 10
58 14
58 27
58 30
58 31
58 38
58 40
59 1
59 6
59 7
59 8
59 155
59 158
59 166
59 179
59 191
59 199
60 6
60 20
60 27
60 30
60 35
60 39
60 49
61 8
61 16
61 43
61 49
61 60
61 65
61 68
61 69
61 71
62 13
62 14
62 15
62 23
62 31
62 36
62 39
62 40
62 46
62 52
62 54
63 64
63 68
63 71
63 76
63 79
64 6
64 19
64 28
64 29
64 38
64 41
64 43
64 57
64 59
64 70
65 7
65 11
65 12
66 5
66 7
66 17
66 26
66 29
66 32
66 39
66 40
66 45
66 51
66 55
66 61
66 62
66 68
66 73
66 76
66 77
66 81
66 82
67 2
67 66
67 74
67 90
67 92
67 96
67 98
67 108
67 111
67 113
67 157
67 158
67 165
67 168
67 169
67 170
67 171
67 174
67 177
67 182
70 57
70 59
70 63
70 68
70 108
70 111
70 113
70 127
70 151
70 157
70 167
70 171
70 175
71 85
71 89
71 90
71 94
71 100
71 102
71 108
71 109
72 1
72 9
72 18
72 20
74 62
74 65
74 67
74 68
75 11
76 9
76 24
76 33
76 39
76 46
76 47
76 51
76 56
76 62
76 64
76 66
76 75
76 79
76 81
76 83
76 84
76 90
76 91
76 92
76 96
76 102
76 103
76 107
76 109
76 114
76 119
76 129
76 131
76 134
76 136
77 3
77 6
77 8
77 12
77 18
77 24
77 48
77 50
77 73
77 80
77 81
77 88
77 95
77 96
77 98
77 99
77 102
77 106
77 108
77 115
77 116
77 122
77 128
77 207
77 219
77 221
77 223
77 224
77 225
77 228
77 244
77 245
77 247
77 265
77 270
77 275
77 277
77 282
77 286
77 289
77 294
77 296
77 302
77 312
77 314
77 325
77 331
77 344
77 359
77 490
77 499
77 579
77 587
77 599
77 600
77 603
77 604
78 1
78 8
78 11
78 12
78 41
78 48
78 61
78 69
79 4
80 1
80 51
80 61
80 62
80 68
80 85
80 89
80 103
80 112
80 121
80 126
80 130
80 134
80 138
80 139
80 141
80 148
80 149
80 160
80 161
80 180
80 188
80 189
80 192
80 198
80 200
81 42
81 44
81 55
81 65
81 69
81 70
81 71
81 74
81 82
81 84
81 85
81 86
81 90
83 36
83 37
83 39
83 119
83 121
84 5
84 9
84 10
84 11
84 14
84 20
84 23
84 24
84 26
84 29
84 32
84 33
84 40
84 43
84 44
84 52
84 59
84 61
84 64
84 70
84 75
84 80
84 86
84 87
84 90
84 93
84 100
86 3
86 7
86 8
86 13
86 21
86 26
86 29
86 30
86 36
86 74
86 76
86 80
86 82
86 93
86 94
86 95
87 8
87 10
87 15
87 33
87 51
87 53
87 58
88 93
88 98
88 101
88 102
88 108
88 122
89 85
89 92
89 95
89 97
89 100
89 102
89 113
89 130
89 136
89 137
89 141
89 155
89 156
89 160
89 163
89 169
89 182
91 1
91 4
91 18
91 21
91 22
91 24
92 3
92 7
92 8
92 26
92 45
92 66
92 67
92 71
92 82
92 90
92 91
92 95
92 99
92 101
92 108
92 118
92 119
92 123
92 132
92 141
92 146
92 155
92 158
92 204
92 205
92 207
92 216
92 233
92 234
93 6
93 10
93 12
93 17
93 27
93 58
93 61
93 64
93 70
93 71
93 73
93 74
93 75
93 81
93 82
93 87
93 93
94 20
94 32
94 33
94 35
94 42
94 43
94 56
94 57
94 68
94 71
94 72
94 77
94 78
94 84
94 89
94 100
94 108
94 112
94 115
94 121
94 125
95 28
95 29
95 31
95 32
97 20
97 25
97 45
97 46
97 49
97 53
97 54
97 78
97 85
97 94
97 96
98 2
98 6
98 11
98 15
98 18
98 32
98 37
98 45
98 47
98 56
98 79
98 80
98 82
98 84
98 86
98 87
98 91
101 33
103 4
103 10
103 11
104 3
104 6
106 23
107 5
107 6
107 7
107 18
107 21
107 23
107 24
107 36
107 37
107 39
107 46
107 48
107 51
107 65
107 71
107 78
107 86
107 87
107 89
107 94
107 96
107 98
107 128
107 129
107 152
