1 10
2 2
2 7
2 11
2 20
3 2
3 5
4 3
4 11
4 15
4 17
5 2
6 46
6 49
6 58
6 59
9 4
9 15
9 21
9 23
9 26
9 42
9 46
9 53
9 62
9 64
9 65
9 67
9 74
9 79
9 84
9 87
9 88
9 90
10 8
11 5
11 25
11 28
11 29
11 30
11 36
11 37
12 23
12 96
12 98
12 99
12 103
13 143
13 156
13 168
13 174
13 182
13 197
13 202
13 212
13 220
13 222
13 225
13 232
13 235
14 3
14 5
14 18
16 18
16 19
16 24
16 28
17 16
17 17
20 52
20 53
21 1
21 11
21 14
21 19
21 32
21 43
21 58
21 60
21 62
21 64
21 65
21 68
21 73
21 76
22 3
22 4
22 7
22 15
22 18
22 19
22 24
22 25
22 104
22 108
22 119
22 122
22 124
22 126
22 127
22 138
22 143
22 154
22 161
22 164
22 166
22 180
22 192
22 197
22 206
22 208
22 209
22 219
22 227
22 241
22 242
22 244
22 246
22 250
22 251
22 267
22 270
22 292
22 293
22 294
22 295
22 300
22 302
22 319
22 320
22 321
22 337
22 354
22 377
23 9
23 10
23 14
23 16
23 18
23 21
24 1
24 3
24 4
24 18
24 76
24 80
24 85
25 15
25 23
25 26
25 47
25 48
25 57
25 58
25 70
25 72
25 74
25 80
25 90
25 98
25 227
25 231
26 12
26 18
26 20
26 26
26 33
26 37
26 41
26 49
26 51
26 55
26 56
26 73
26 94
26 107
26 112
26 114
26 124
26 131
26 134
26 139
26 147
26 149
26 151
26 154
26 159
26 163
26 165
26 186
26 189
26 190
26 192
26 214
26 216
26 217
26 219
26 223
26 224
26 227
26 260
26 268
26 272
26 325
26 328
26 335
26 341
26 342
26 344
28 56
28 59
28 62
28 66
29 7
29 15
29 57
29 68
29 78
29 81
29 82
30 4
30 85
30 86
30 89
30 92
30 98
30 103
30 107
30 125
30 139
30 141
30 142
30 148
30 153
30 160
30 163
30 164
30 167
30 173
30 174
30 192
30 194
30 196
30 199
30 206
30 211
30 226
30 227
30 229
30 242
30 250
30 251
30 265
30 268
30 269
30 284
30 286
30 288
30 289
30 292
30 293
30 295
30 307
30 315
30 318
30 324
30 403
30 409
30 414
30 420
30 427
30 431
30 439
30 441
30 444
30 466
30 468
30 484
30 491
31 1
31 3
31 10
31 13
31 22
31 23
31 27
31 46
31 53
32 3
32 7
33 3
33 7
33 8
33 13
33 17
33 18
34 15
34 21
34 29
34 31
34 32
34 38
34 52
34 56
34 58
34 68
34 69
34 79
34 87
35 1
35 27
35 28
35 49
35 51
35 62
36 1
36 5
37 60
37 65
37 72
37 75
37 96
37 102
37 106
37 107
37 110
37 115
37 121
37 128
37 132
38 6
38 21
38 29
38 38
38 40
38 48
38 50
38 52
38 63
39 6
39 10
39 11
39 28
39 30
39 47
39 92
39 108
39 109
39 123
39 139
39 141
39 142
39 146
39 147
39 156
39 163
39 184
40 3
40 4
42 66
42 74
42 76
42 81
42 87
42 88
42 95
42 100
42 111
42 115
42 134
43 10
43 13
43 20
43 35
43 40
43 45
43 47
43 49
43 52
43 65
43 66
43 79
43 80
43 89
43 125
43 126
43 137
43 139
43 148
43 165
43 173
43 181
43 184
44 3
44 13
44 16
44 17
44 24
44 28
44 30
45 5
45 8
45 19
45 25
45 30
45 38
45 39
45 46
46 2
46 5
46 10
47 12
47 14
47 16
47 18
47 19
47 36
47 39
47 61
50 51
50 52
50 55
50 58
50 63
51 4
51 53
51 56
51 64
51 69
51 70
51 71
51 82
51 89
51 92
51 102
51 108
51 117
53 22
53 23
53 35
55 3
56 5
57 15
57 19
57 22
59 4
59 8
59 11
60 18
60 22
60 23
60 31
60 32
60 33
60 35
60 44
60 48
60 58
60 64
60 65
61 15
61 16
61 113
61 116
61 118
61 122
61 125
61 131
61 137
61 139
61 149
61 161
61 169
61 183
61 192
61 194
61 203
61 207
61 208
61 212
61 214
61 220
61 230
61 240
61 242
61 247
61 252
61 256
61 258
61 261
61 269
61 272
62 9
62 22
62 23
63 16
63 25
65 4
65 9
65 12
65 13
65 32
65 36
65 45
66 47
66 48
66 56
66 58
66 59
66 64
66 65
66 70
66 73
66 82
66 86
66 89
66 91
66 107
66 125
66 134
66 135
66 142
66 157
66 167
67 3
67 4
67 8
67 17
67 20
68 2
68 3
68 8
68 26
68 27
68 29
68 43
68 51
68 60
70 33
70 35
70 38
70 55
71 83
71 92
71 101
71 112
71 117
71 122
72 15
72 27
72 36
72 52
72 54
72 63
72 75
72 83
72 134
73 5
73 27
73 28
73 33
75 20
75 24
75 26
75 29
75 35
75 36
75 38
75 39
75 49
75 50
75 59
75 64
75 68
75 77
75 89
75 92
75 94
75 148
75 152
75 163
75 165
75 170
75 179
75 181
75 190
75 211
75 226
75 242
75 250
75 251
75 252
75 255
75 296
75 301
77 15
77 17
77 33
77 43
77 50
77 61
77 62
77 69
77 77
77 82
77 94
78 5
78 7
78 8
78 17
78 18
78 22
78 38
78 39
78 46
78 49
78 53
78 55
78 58
78 78
78 81
78 83
78 104
78 115
78 120
78 126
78 133
78 140
78 148
78 149
78 164
78 167
78 171
79 7
80 7
80 19
80 21
80 39
80 42
80 47
80 52
80 58
80 60
80 66
80 75
80 78
80 100
80 101
80 107
80 109
80 110
80 114
80 115
80 120
80 123
81 2
81 5
81 10
81 12
81 14
81 57
83 31
84 15
84 17
84 24
84 29
84 32
84 33
84 38
84 39
85 78
85 79
85 84
85 88
85 91
85 93
85 103
85 109
85 110
85 125
85 141
85 145
85 152
85 156
85 163
85 183
85 205
85 206
85 208
85 211
85 212
85 218
85 221
85 222
85 225
85 233
85 234
85 236
86 1
86 14
86 15
86 71
86 73
86 81
86 84
87 20
87 24
88 6
88 19
88 43
88 47
88 48
88 58
88 74
88 77
90 14
90 91
90 112
90 120
90 130
90 141
90 145
90 151
90 152
90 155
91 1
91 4
91 5
91 6
91 8
91 12
91 13
91 16
91 21
93 77
93 79
93 86
93 88
94 105
94 129
94 131
94 135
94 139
94 145
94 146
94 151
94 158
94 177
94 193
95 3
95 5
95 13
95 23
95 29
95 32
95 35
95 47
95 57
96 6
96 8
98 2
98 4
98 8
98 12
98 32
98 33
100 12
100 19
100 21
100 24
100 47
100 51
100 55
100 57
100 59
100 60
100 67
100 72
100 87
100 88
100 92
100 104
100 108
100 115
100 116
100 118
100 119
100 122
100 125
100 126
100 132
101 2
101 3
101 6
101 22
101 23
101 26
101 27
102 1
102 7
102 10
102 11
102 26
102 32
103 42
103 43
103 55
103 56
103 60
103 100
103 107
103 112
103 119
103 120
104 62
104 66
104 71
104 74
104 75
104 77
104 78
104 79
104 85
104 86
104 87
104 89
104 104
104 109
104 114
104 115
104 121
104 124
105 2
105 4
105 6
105 13
105 20
105 23
105 42
105 43
105 47
105 48
105 56
105 62
105 65
105 67
105 71
105 143
105 145
106 1
106 4
106 10
106 17
106 23
106 26
106 27
106 32
107 3
107 15
107 18
107 22
107 23
107 31
107 36
107 42
107 45
107 47
107 52
108 27
108 29
108 30
108 31
108 35
108 36
108 64
108 76
108 82
108 85
108 95
109 1
109 9
109 21
109 22
109 24
109 26
109 27
109 36
109 44
109 46
109 58
109 72
109 78
109 81
109 89
109 99
109 103
109 104
109 114
109 124
109 127
109 130
109 132
109 325
109 326
112 10
