1 11
1 13
1 27
1 32
2 36
2 38
2 39
2 43
2 48
2 55
2 56
2 57
2 62
2 68
2 70
2 71
2 77
2 93
2 103
2 110
2 112
2 114
2 124
2 134
2 136
2 138
2 145
5 46
5 52
5 54
5 55
5 56
5 57
5 67
5 83
5 89
5 100
5 101
5 105
5 106
5 107
5 109
5 116
5 118
5 119
5 138
5 142
5 150
5 157
5 175
5 200
6 2
6 3
6 11
6 17
6 23
6 31
6 37
6 46
6 47
7 1
7 4
7 28
7 31
7 41
7 45
7 47
8 10
8 16
8 24
8 31
8 35
8 47
8 53
8 55
8 56
8 59
8 61
8 65
8 74
8 83
8 85
8 87
8 98
8 105
8 106
8 115
8 121
8 126
8 128
8 130
8 132
8 139
8 148
8 166
8 175
8 183
8 188
8 190
8 193
8 194
8 196
8 210
8 219
8 220
8 222
8 235
8 236
8 239
8 243
8 247
10 120
10 123
10 131
10 134
10 136
12 20
12 25
12 28
12 30
12 49
12 53
12 60
12 62
12 78
12 89
12 91
12 97
12 102
12 108
12 124
12 128
12 129
12 135
12 138
12 147
12 152
12 154
12 160
12 176
12 179
12 185
12 192
12 198
12 200
15 5
16 1
16 34
16 39
16 42
16 50
16 57
16 66
16 69
16 71
16 72
16 73
16 74
16 77
16 86
16 93
16 95
16 98
16 101
16 104
18 101
18 117
18 121
18 122
18 134
18 138
18 143
18 149
18 150
18 155
18 156
18 157
18 161
18 162
18 163
18 170
18 184
18 192
18 195
18 200
18 201
18 202
18 205
18 217
18 219
21 3
21 6
21 8
21 9
21 16
21 24
21 28
21 30
21 31
22 3
22 6
24 1
24 2
24 59
24 69
24 75
24 90
24 98
24 100
24 102
24 104
24 105
24 114
24 124
24 127
24 135
24 136
24 140
24 141
24 149
24 155
24 157
24 161
24 172
24 185
24 186
24 189
24 196
24 201
24 208
24 216
24 220
24 223
24 225
24 233
24 256
24 263
24 271
24 276
24 277
24 280
24 286
24 308
24 310
24 313
25 6
25 7
25 32
25 46
25 52
25 57
25 67
25 129
25 141
25 145
25 151
25 165
25 170
25 171
25 176
25 186
25 187
25 188
27 69
27 90
27 92
27 93
28 12
28 20
29 1
29 6
29 48
31 15
31 19
31 20
31 24
31 27
31 29
31 34
31 35
32 2
32 17
32 18
32 23
32 29
32 30
32 31
32 40
32 49
33 46
33 56
33 58
33 67
33 69
33 72
33 77
33 78
33 87
33 88
33 106
33 110
33 112
33 117
33 125
33 130
33 133
33 137
33 139
34 5
34 8
34 12
34 16
34 28
34 29
34 34
34 36
34 37
34 47
34 54
34 55
35 7
35 11
35 21
35 22
35 26
35 27
35 30
35 35
35 36
35 37
35 48
35 51
35 53
35 63
35 80
35 81
35 83
37 7
37 20
37 21
37 25
37 40
37 44
37 46
37 51
37 120
37 123
37 125
37 131
37 134
37 138
37 148
37 158
37 159
37 162
37 163
38 96
38 103
38 113
38 120
38 124
38 126
38 127
38 134
38 140
38 146
38 151
38 153
39 1
39 8
39 16
39 17
39 22
39 25
39 27
41 3
41 19
42 43
42 50
42 51
42 56
42 57
42 65
42 66
42 67
42 74
42 82
42 83
42 92
42 94
42 99
42 118
42 120
42 122
42 123
42 126
42 127
42 130
42 135
42 143
42 153
42 155
42 160
43 4
43 6
43 7
43 9
43 20
43 31
43 52
43 57
43 61
43 63
43 68
43 77
43 78
43 79
43 81
43 86
43 94
43 99
43 101
43 118
43 121
43 169
43 195
43 198
48 50
48 53
48 54
48 60
48 69
48 71
48 73
48 78
48 81
48 89
48 90
49 9
49 10
49 15
49 16
49 18
49 20
49 27
49 28
49 32
49 45
49 48
49 54
49 56
49 57
49 58
49 67
49 77
49 82
49 98
49 103
49 106
49 111
49 124
49 126
49 127
49 131
49 135
49 147
49 185
49 189
49 190
51 17
51 24
51 28
51 29
51 30
53 127
53 171
53 176
53 179
53 194
53 195
53 196
53 201
53 202
53 203
53 207
53 208
53 223
53 232
53 244
53 245
53 262
53 269
53 278
53 281
53 291
53 293
53 301
53 304
53 316
53 319
54 7
54 9
54 15
54 18
54 26
54 37
54 46
54 47
54 54
54 55
54 57
54 63
54 75
54 78
54 89
54 91
54 105
54 114
54 115
54 117
54 152
55 1
55 3
55 5
55 11
55 13
55 14
56 18
56 30
56 31
56 46
56 51
57 57
57 63
57 66
57 73
57 76
57 78
57 85
57 90
57 98
57 99
57 234
57 241
57 242
57 258
57 387
57 395
57 397
57 401
57 404
58 5
58 6
58 10
58 18
58 29
58 36
58 37
58 46
58 51
58 66
58 77
58 82
58 87
58 89
58 92
58 94
58 100
58 115
58 149
58 153
58 163
58 164
58 168
58 174
58 178
59 23
59 54
59 59
59 76
59 85
59 86
60 4
60 6
61 25
61 26
61 38
61 44
61 55
61 58
61 59
61 64
61 74
63 5
63 6
63 7
63 11
65 47
65 58
65 59
65 77
65 84
65 90
66 35
66 45
66 63
66 69
66 70
66 78
66 81
66 86
66 95
67 2
67 3
67 5
67 7
67 122
67 125
67 132
67 134
67 147
67 150
67 156
67 168
67 174
67 175
67 192
67 196
67 212
67 228
67 229
67 231
67 236
67 243
67 249
67 261
67 262
67 267
67 272
67 281
67 290
68 20
68 24
68 28
68 29
68 37
68 41
68 44
68 49
68 63
68 68
68 69
68 73
68 75
68 82
68 85
68 91
68 99
68 102
68 108
68 110
68 119
68 127
68 128
68 139
68 140
68 147
68 151
68 225
68 228
69 10
69 14
69 17
69 28
69 29
69 163
69 168
69 193
69 194
69 204
69 206
69 216
69 226
69 228
69 229
69 238
69 246
69 252
69 265
70 119
70 125
70 130
70 135
70 138
70 142
70 148
70 152
72 1
72 4
72 7
72 14
72 22
72 23
72 28
72 43
72 52
72 62
72 70
72 83
72 84
72 85
72 87
72 92
72 94
72 98
72 99
72 104
72 106
73 23
73 30
73 37
73 39
73 43
73 49
73 63
73 66
73 70
73 79
73 91
73 95
73 98
73 103
73 105
73 112
73 124
73 135
73 144
73 147
73 148
73 150
73 162
73 165
73 186
73 196
73 197
73 204
73 205
73 206
73 218
73 226
73 231
73 232
73 239
73 241
73 242
73 245
73 247
74 8
74 14
76 2
76 3
76 10
76 19
76 26
76 33
76 36
76 40
76 43
76 48
76 51
76 56
76 59
76 65
77 18
78 17
78 21
78 35
79 64
79 74
79 79
79 91
79 92
79 97
79 99
79 100
79 111
79 118
79 119
79 129
79 137
79 146
79 147
79 176
79 196
79 202
79 205
79 209
79 210
79 213
79 223
79 227
79 233
79 235
79 237
79 243
79 245
79 251
79 255
79 256
79 266
79 272
80 1
80 5
80 6
80 12
80 20
80 28
81 3
81 12
81 18
81 23
81 29
81 30
81 31
81 33
81 36
81 57
81 63
81 67
81 69
81 71
81 73
82 2
84 3
84 4
84 7
84 12
84 13
84 25
84 45
84 52
84 53
84 56
84 58
84 61
84 64
84 65
84 75
85 3
85 4
85 11
85 12
85 14
85 19
85 26
85 27
85 43
86 7
86 10
86 13
86 14
86 24
86 34
86 36
88 63
88 64
88 73
88 80
89 4
89 7
89 10
89 16
90 2
90 18
91 1
91 5
91 9
91 11
91 17
91 36
91 41
91 62
91 64
91 72
91 77
91 82
91 211
91 217
91 226
92 33
92 37
92 44
92 48
92 49
94 2
94 4
94 15
95 1
95 9
95 13
95 16
95 18
95 31
95 46
95 54
95 56
95 57
95 58
95 64
96 30
96 31
96 35
96 36
96 39
96 50
96 51
96 57
96 68
96 75
96 87
96 88
96 95
96 107
96 113
96 115
97 6
97 17
97 18
97 28
97 43
97 69
