1 1
1 11
1 13
2 15
2 22
2 23
2 24
2 26
2 27
2 31
2 34
2 47
2 68
2 69
2 79
2 83
2 86
2 93
2 98
2 104
2 112
2 114
2 117
2 146
2 154
2 155
2 158
3 10
3 20
3 27
3 31
4 8
4 10
4 11
4 25
4 26
5 1
5 9
5 19
6 46
6 50
6 51
6 60
6 198
7 4
7 8
7 9
8 75
8 78
9 15
9 16
9 24
9 32
9 47
9 50
9 63
9 70
9 87
9 90
9 91
10 3
10 9
10 18
10 26
10 55
10 56
10 61
10 75
10 78
12 15
13 7
13 9
13 10
13 12
13 16
13 20
13 31
14 6
14 22
14 23
14 28
17 39
17 40
17 41
17 43
17 51
17 52
17 55
17 58
17 75
17 87
17 89
18 16
18 30
18 31
18 37
18 39
18 40
18 51
18 52
18 57
18 59
18 67
18 69
18 78
18 82
18 83
18 93
18 99
18 111
18 115
18 116
18 118
18 121
18 252
18 270
18 278
18 286
19 14
19 23
19 35
19 36
19 44
19 49
19 56
19 65
19 71
19 76
19 80
19 94
19 107
19 113
20 36
20 41
20 45
20 46
20 56
20 57
20 62
20 63
20 64
21 16
21 19
21 27
21 67
21 73
21 78
21 81
21 84
21 85
24 16
24 51
24 54
24 55
24 57
25 87
25 94
25 95
25 97
25 102
25 108
26 1
26 5
26 12
26 17
26 27
26 40
26 42
26 47
27 80
27 89
27 92
27 103
27 105
27 128
27 204
27 216
27 217
27 228
27 237
28 2
28 5
28 8
28 20
28 22
28 30
28 40
28 45
28 52
28 58
28 63
28 65
29 1
29 23
29 28
29 40
29 45
29 52
29 53
29 65
29 72
29 78
29 81
29 84
29 219
29 225
29 228
29 232
32 14
32 19
32 33
32 35
32 39
32 41
32 51
32 54
32 59
32 76
32 80
34 40
34 51
34 53
34 54
34 59
34 71
34 75
34 80
34 82
34 105
34 117
34 122
34 123
34 163
34 178
35 76
35 91
35 95
35 108
35 120
35 122
35 126
35 140
35 144
36 11
36 55
36 57
36 65
36 67
36 74
36 76
36 84
36 86
37 2
39 1
39 2
39 5
39 9
39 11
39 16
39 17
39 63
40 1
40 2
40 7
40 15
43 7
43 8
43 10
44 1
44 5
44 15
44 18
44 23
44 28
46 95
46 99
46 102
47 18
47 27
47 30
47 41
48 4
48 12
49 17
50 129
51 1
51 3
51 7
51 10
51 17
51 28
51 30
51 35
51 41
51 42
51 45
51 50
51 56
51 57
51 59
51 72
51 74
51 79
51 99
51 101
51 103
52 2
53 4
53 13
53 15
53 19
53 24
53 27
53 30
53 39
53 41
53 42
53 43
53 45
53 46
54 1
54 5
54 8
56 36
56 39
56 49
57 4
57 5
57 22
57 34
57 35
57 39
57 52
57 53
57 55
57 60
57 61
58 1
59 1
59 5
59 6
59 8
60 2
60 6
60 9
60 27
60 30
60 42
60 46
60 47
60 49
60 56
60 59
60 65
60 67
60 71
61 11
61 12
61 13
61 22
61 26
61 109
61 114
61 137
61 138
61 148
61 151
61 152
63 74
63 80
63 87
63 92
63 100
63 103
63 109
63 130
63 141
63 147
63 152
63 153
63 154
63 164
63 167
63 175
63 186
63 190
63 197
63 270
63 271
63 286
63 289
63 295
63 296
63 302
63 309
63 312
63 313
63 325
63 330
63 331
63 333
63 341
63 343
63 347
63 366
63 372
63 373
64 5
64 12
64 20
64 22
64 41
64 51
64 56
64 57
64 67
64 68
65 4
65 21
65 23
65 24
65 30
65 40
65 43
65 44
65 61
65 64
65 67
67 2
67 5
67 8
67 10
67 17
67 34
67 35
67 39
67 48
67 50
67 57
67 62
67 67
67 68
67 69
67 72
67 86
70 13
70 14
70 19
70 23
70 49
70 53
70 69
71 8
71 11
71 13
71 29
71 30
71 31
71 36
71 41
71 45
71 46
71 61
71 64
71 71
71 88
71 89
71 95
71 97
71 98
71 112
71 113
71 115
71 124
71 136
71 149
71 157
71 168
71 169
71 173
71 183
71 186
71 187
71 193
71 196
71 277
71 280
71 281
71 292
71 294
73 85
73 86
73 97
73 101
73 105
73 109
73 114
74 80
74 93
75 4
75 22
75 23
75 29
75 30
75 32
75 38
75 40
76 13
76 15
76 20
76 21
76 26
76 43
76 51
76 65
76 66
77 1
78 6
78 13
78 19
78 20
78 96
79 7
79 13
79 16
79 25
79 31
79 34
79 37
79 41
79 42
79 44
79 51
79 52
79 53
79 55
79 75
79 88
79 90
79 91
79 93
79 101
79 106
79 107
79 112
79 120
79 124
79 134
79 135
79 137
79 143
79 147
79 149
79 153
79 163
79 175
79 186
79 188
79 194
79 206
79 216
79 228
79 240
79 242
79 243
79 373
79 412
79 415
79 431
79 432
79 443
79 445
79 446
79 450
79 461
79 463
79 470
80 6
80 10
80 18
80 23
80 26
80 48
80 50
80 55
80 57
81 1
81 2
81 11
81 12
81 18
81 19
81 20
81 22
81 27
81 49
81 57
82 7
82 12
82 15
82 17
82 33
82 39
82 43
82 45
82 48
83 1
85 12
85 15
85 16
85 18
85 33
85 34
85 57
85 58
85 62
85 64
85 67
85 69
85 83
85 99
86 83
86 88
86 99
86 103
86 106
86 118
86 119
86 125
86 132
86 134
86 135
86 138
86 147
86 149
86 154
86 158
86 165
86 169
86 171
86 176
86 190
86 191
86 201
86 215
86 221
86 238
86 265
86 267
86 270
86 308
86 310
87 1
87 33
87 35
87 50
87 51
88 33
88 34
88 39
88 43
88 45
88 54
88 66
88 80
88 88
88 99
88 102
88 104
88 110
88 132
88 134
88 143
88 144
88 165
88 171
88 182
88 186
88 195
88 197
88 209
88 215
88 217
88 233
88 234
88 242
88 251
88 252
88 259
88 269
88 279
88 281
88 289
88 305
88 314
88 318
88 333
90 16
90 17
90 18
90 21
90 29
90 31
90 41
91 9
92 2
92 15
92 17
92 18
92 22
92 33
92 48
92 52
93 8
93 17
93 43
93 45
94 64
94 65
94 66
94 71
94 73
94 92
94 93
94 109
94 110
95 38
97 17
97 23
97 25
97 31
97 33
97 37
97 51
97 73
97 81
97 85
97 92
97 95
97 107
97 115
97 121
97 128
97 141
97 152
97 153
97 157
97 159
97 290
97 297
97 299
97 303
97 305
97 306
97 314
97 315
97 322
97 326
98 3
98 10
99 6
99 9
99 12
99 23
99 24
99 27
100 23
100 41
100 47
100 54
100 65
100 66
100 71
100 86
101 3
101 5
102 5
103 13
103 147
103 155
103 156
103 157
103 159
103 161
103 175
103 180
103 184
103 189
103 196
104 1
104 6
104 10
104 27
104 40
104 42
104 45
106 50
106 59
107 4
107 8
107 15
107 28
107 33
107 35
107 36
107 39
107 43
107 47
107 48
107 51
107 53
107 56
107 57
107 88
107 104
107 109
107 117
107 121
107 125
107 130
107 141
107 143
107 144
108 4
108 15
108 22
110 54
110 60
110 78
110 87
110 88
110 89
110 94
110 106
110 110
110 112
110 115
110 123
111 6
111 12
111 21
111 69
113 85
113 87
113 93
113 94
113 144
