1 4
1 6
1 19
1 24
6 35
6 42
6 44
6 57
6 65
6 69
8 1
8 5
8 7
8 15
8 18
8 22
8 24
8 27
9 8
9 23
9 24
10 4
10 9
10 13
10 15
10 26
10 27
10 31
11 1
11 3
12 2
12 3
12 14
12 15
12 20
12 29
12 31
12 49
12 181
12 185
12 206
12 208
12 235
12 236
12 244
13 3
13 8
13 13
13 20
13 21
14 1
14 2
14 8
15 3
15 28
15 34
15 38
15 42
15 46
15 49
15 59
15 64
15 66
15 70
15 71
15 73
15 74
15 87
15 90
15 91
15 104
15 114
15 121
15 124
15 125
18 41
18 45
18 50
18 57
18 59
18 61
18 69
18 78
18 83
18 84
19 107
19 113
19 124
19 131
19 140
19 144
20 8
20 13
20 45
20 48
20 52
20 58
20 59
20 60
20 64
20 70
20 71
20 74
20 77
20 79
20 89
20 101
20 122
20 126
20 128
20 129
20 131
20 143
21 10
21 11
21 22
21 29
21 35
22 25
22 31
23 9
23 10
23 17
23 28
23 30
23 32
23 33
23 35
23 41
23 42
23 48
23 49
23 53
23 55
23 58
23 61
23 63
23 69
23 74
23 79
25 50
25 58
26 2
26 8
26 22
26 25
26 32
26 37
26 45
26 46
26 48
26 49
26 72
26 76
26 93
26 95
26 102
26 104
26 107
26 116
26 129
26 134
26 141
26 144
26 145
26 150
26 156
26 157
26 169
28 53
28 62
28 63
28 70
28 73
28 74
28 79
28 87
28 92
29 23
29 41
29 54
29 65
29 73
29 78
29 82
29 92
29 104
29 107
29 109
29 111
29 117
29 140
29 144
29 148
29 152
29 153
29 159
29 164
29 173
29 180
29 184
29 186
29 188
29 189
30 1
30 9
30 24
33 37
33 39
33 44
34 4
34 15
34 46
34 52
34 72
34 76
34 80
34 83
34 84
34 86
34 90
34 100
34 111
34 113
34 125
34 128
34 137
34 149
35 20
36 39
36 53
36 65
36 79
36 82
36 90
36 91
36 92
36 100
36 116
36 119
36 123
36 127
36 129
36 135
36 154
36 166
36 192
36 199
36 207
36 226
36 229
37 3
37 6
37 13
37 14
37 20
37 25
37 31
37 38
37 54
37 67
37 76
37 80
37 94
37 95
37 97
37 103
37 105
37 113
37 115
37 121
37 123
37 129
37 136
37 154
37 157
37 159
38 11
38 14
38 19
38 20
42 44
42 45
44 74
44 80
44 86
44 89
44 91
45 3
45 6
45 21
45 25
45 29
46 4
46 14
46 21
46 22
46 28
46 37
46 41
46 52
46 54
46 55
46 57
46 73
46 74
46 77
46 81
46 82
46 86
46 94
46 102
46 104
46 108
46 116
46 120
46 124
46 130
47 3
47 6
47 19
47 21
47 22
47 25
47 40
47 171
47 198
47 207
47 214
47 220
47 224
48 40
48 42
48 52
48 59
48 65
48 74
48 80
48 93
48 95
51 30
51 36
51 52
51 54
51 61
51 77
51 83
51 89
51 91
51 95
51 98
51 99
51 102
51 109
51 126
52 4
53 1
53 6
53 7
54 9
55 25
55 31
55 34
55 39
55 42
55 44
55 46
55 49
55 50
55 70
55 73
55 79
55 82
55 84
55 87
55 88
56 8
56 9
56 21
56 22
56 32
56 41
56 42
56 47
56 52
56 56
57 13
57 31
57 32
57 35
57 36
57 38
57 47
57 50
57 55
57 60
57 68
57 73
57 76
57 77
57 85
57 89
57 100
57 102
57 107
57 108
57 110
57 111
57 126
57 129
57 132
57 143
57 150
58 2
58 6
59 3
59 4
59 8
59 29
59 40
59 42
59 43
59 46
59 48
59 53
59 57
59 64
59 77
59 83
59 84
59 90
59 94
59 98
59 102
59 105
59 106
59 120
59 127
59 130
60 5
60 13
60 18
60 30
60 31
60 34
61 6
62 7
62 13
62 14
62 20
62 23
62 31
62 41
62 45
63 6
63 18
63 31
63 36
63 37
63 48
63 53
63 61
63 62
65 2
65 9
65 12
65 21
65 37
65 186
65 193
65 200
65 202
65 205
65 224
65 227
65 228
66 6
66 9
66 21
66 23
66 26
67 4
67 5
67 12
67 14
67 17
67 19
67 22
67 33
67 42
68 81
68 82
68 90
68 91
68 92
69 4
69 17
69 23
69 25
69 42
69 44
69 50
69 53
69 56
69 69
69 71
69 72
69 74
69 91
70 1
70 6
70 9
70 26
70 27
70 35
70 44
70 50
70 59
70 61
70 65
71 3
71 6
71 9
72 43
72 46
72 69
72 80
72 91
72 92
72 97
72 108
72 110
72 113
72 120
72 122
72 126
72 138
72 141
72 142
73 48
73 68
73 71
73 75
73 80
73 81
73 92
73 93
73 96
73 102
73 104
73 115
73 118
73 129
73 133
73 140
73 145
73 152
73 162
73 163
73 169
73 189
73 191
73 200
73 212
73 218
73 220
73 225
74 2
74 3
74 10
74 13
74 24
74 26
74 37
76 9
76 15
76 21
76 40
76 45
76 47
76 50
76 60
76 61
76 63
77 7
77 14
77 20
77 21
80 11
80 12
80 13
80 14
80 18
80 21
80 46
80 54
80 56
80 58
80 59
80 66
80 70
80 82
80 94
80 96
82 63
82 68
82 69
82 76
82 79
82 84
82 91
86 1
86 4
86 11
86 21
86 27
87 12
87 17
87 19
87 22
88 59
88 61
88 63
88 67
88 69
88 77
88 82
88 89
88 97
88 99
88 100
88 102
88 111
88 115
88 121
88 123
88 132
88 138
88 148
88 159
89 6
91 8
91 14
91 18
91 22
91 32
91 35
91 40
91 57
91 58
91 62
91 67
91 73
91 75
91 87
91 97
91 116
91 120
91 128
91 130
91 187
91 189
91 195
91 206
91 207
91 224
91 227
91 234
91 237
91 246
91 252
93 12
93 15
93 16
94 3
94 18
95 2
95 6
95 8
95 9
95 20
95 27
95 29
95 34
95 35
95 36
95 47
95 48
95 50
95 58
95 67
95 70
95 73
95 86
97 37
97 39
97 41
97 42
97 47
97 51
97 53
97 70
97 185
97 190
97 233
97 235
97 237
97 238
97 240
97 244
97 249
97 251
97 272
97 276
97 287
97 294
97 423
97 432
98 10
98 11
98 20
98 27
98 28
98 66
98 73
98 74
98 76
98 80
98 85
98 95
98 96
98 107
98 109
98 121
98 123
98 126
98 129
98 130
98 139
98 142
98 146
99 5
99 7
99 8
99 12
99 27
99 31
99 36
99 38
99 46
99 49
99 50
99 65
99 89
99 92
100 2
100 9
100 12
100 16
101 4
101 9
101 12
102 16
102 22
102 54
102 63
102 66
102 71
102 74
102 75
103 1
103 7
103 10
104 7
104 8
104 9
104 13
104 19
104 27
104 38
104 41
104 47
104 52
104 55
104 65
104 68
104 70
104 80
104 81
104 97
104 98
104 102
104 107
104 116
104 121
104 127
104 134
104 135
104 148
104 153
104 156
104 158
105 1
105 8
105 10
105 13
105 31
105 32
105 35
105 37
105 39
105 54
105 60
105 66
106 6
106 11
106 20
106 27
106 32
106 63
106 65
106 72
106 74
106 75
106 76
107 8
107 17
108 98
108 108
108 111
108 112
108 128
108 132
108 146
108 147
108 148
108 150
108 155
108 160
108 169
108 180
109 4
109 24
109 91
109 97
109 98
109 108
109 112
109 122
109 193
109 196
109 199
109 204
109 205
109 209
110 2
110 10
110 22
111 17
111 19
112 43
113 11
113 19
114 12
114 21
114 30
114 37
114 38
114 50
114 55
114 58
114 62
114 63
114 66
114 67
114 80
114 81
114 87
114 94
114 101
114 171
114 181
114 183
114 193
114 195
114 208
114 220
114 228
114 229
114 231
114 235
