1 6
1 10
1 13
1 14
1 25
1 27
2 2
2 4
2 11
2 15
2 16
2 24
2 29
2 30
2 33
2 34
2 40
2 45
2 70
2 75
2 82
2 84
2 93
2 94
2 97
2 98
4 1
4 2
4 5
4 13
4 21
4 38
4 47
4 59
4 61
4 63
5 5
5 9
5 35
5 53
5 56
7 7
7 12
7 14
7 35
7 42
7 61
7 63
7 70
7 75
7 90
7 91
7 105
7 110
7 114
7 116
7 127
7 128
7 135
7 159
7 162
7 166
7 176
7 180
7 188
7 192
7 194
7 209
7 210
8 4
8 5
8 15
8 23
8 24
8 26
8 28
8 29
8 40
9 45
9 50
9 51
9 53
9 57
9 59
9 63
9 66
9 69
10 45
10 46
10 51
10 57
10 65
10 66
10 67
10 69
10 75
10 78
10 139
10 149
10 151
10 158
10 159
10 174
10 183
10 185
10 188
10 192
10 199
10 200
10 202
10 207
10 209
10 212
10 214
10 216
10 218
10 226
10 227
10 229
10 236
10 237
10 247
10 248
11 8
11 28
11 31
11 32
11 47
11 51
11 52
11 57
11 61
12 81
12 85
12 87
12 111
12 143
12 145
12 151
12 157
12 161
13 7
13 9
13 15
13 16
13 21
13 24
13 32
13 33
13 38
13 42
13 47
13 62
13 145
13 150
13 163
13 174
13 175
13 177
13 179
13 180
13 185
13 197
13 210
13 213
13 215
13 216
14 5
15 8
15 39
15 41
15 47
19 36
19 41
19 42
19 53
19 59
19 62
19 69
19 74
19 75
19 78
19 79
19 83
19 84
19 88
19 89
19 90
19 102
19 108
19 110
20 2
21 7
21 8
21 9
21 10
21 12
21 25
21 26
21 30
21 32
21 40
21 42
26 63
27 5
27 14
28 4
28 5
28 8
28 23
28 29
28 32
28 42
28 46
28 47
28 49
28 63
28 66
28 101
28 109
28 121
28 122
28 123
28 129
28 134
28 135
28 140
28 141
28 192
28 193
28 195
28 199
28 200
28 202
28 207
28 211
28 213
28 220
28 221
28 225
28 226
28 227
28 359
28 363
28 366
28 372
28 378
28 384
28 385
28 461
28 473
28 477
29 66
29 68
29 76
29 77
29 87
29 98
29 112
29 114
29 117
29 123
29 124
29 133
29 137
29 143
30 2
30 17
30 19
30 50
30 57
30 58
30 65
30 70
30 125
30 131
31 8
31 17
31 26
31 27
31 37
31 39
31 43
31 44
31 47
31 51
31 61
31 62
31 69
31 82
31 85
31 87
31 98
31 105
32 14
32 21
32 24
33 108
33 109
33 113
33 121
37 27
37 28
37 32
37 56
37 60
37 69
38 4
38 13
38 15
38 19
38 30
38 40
38 41
38 42
38 43
38 44
38 45
38 57
38 58
38 61
38 65
38 66
38 67
38 73
40 88
40 89
40 94
40 106
40 108
40 109
40 120
40 125
40 135
40 149
40 154
40 167
40 173
40 190
41 8
41 14
41 18
41 30
41 41
42 31
42 37
42 53
42 65
42 72
42 75
42 76
42 92
42 94
42 101
42 106
42 107
42 108
42 115
42 117
42 118
42 122
42 123
42 128
42 134
42 137
42 140
42 141
42 142
42 146
42 153
42 186
42 187
42 204
42 218
42 229
42 231
42 233
42 240
42 243
42 244
42 253
42 256
42 257
42 258
42 265
42 272
42 275
43 11
43 28
43 33
43 42
43 68
43 86
43 94
43 96
43 99
44 8
44 9
44 10
44 12
44 18
44 20
44 22
44 25
44 28
44 30
44 50
44 57
44 64
44 69
44 70
44 75
44 77
44 78
45 5
45 13
45 16
45 23
45 35
45 46
45 47
46 7
46 13
46 14
46 19
46 26
46 37
46 40
46 45
46 49
46 61
46 64
46 72
46 78
46 112
46 117
46 118
46 120
46 128
46 136
46 137
46 241
46 257
46 259
46 262
46 264
46 267
46 268
46 271
46 282
46 287
46 293
46 295
46 303
46 307
46 321
46 333
46 335
46 341
46 350
46 353
46 354
46 360
46 468
46 479
46 490
46 494
46 500
46 508
46 510
46 640
46 641
46 657
46 665
46 674
46 680
46 682
46 689
46 690
46 700
46 713
46 714
46 716
46 717
46 723
46 724
46 731
46 732
46 737
46 744
46 747
46 776
46 792
46 794
46 799
46 803
46 815
46 826
46 829
46 842
46 845
46 849
46 855
46 867
46 869
46 873
46 878
46 881
46 885
46 887
46 890
46 891
46 894
46 896
46 900
46 902
46 909
46 919
46 921
46 929
46 934
46 935
46 936
46 937
46 938
46 942
46 943
46 951
46 972
47 7
47 35
47 40
47 48
47 55
47 57
47 63
47 65
47 66
47 80
47 88
47 92
47 112
47 119
47 136
47 138
47 141
47 146
47 150
47 152
47 154
47 159
47 164
47 166
47 174
47 175
47 176
47 179
48 7
48 10
48 11
48 12
48 16
48 20
48 26
48 30
48 32
48 36
48 37
48 39
48 42
48 44
48 46
48 55
48 71
48 78
49 50
49 52
49 53
49 57
49 65
49 71
49 74
49 75
49 80
49 81
49 82
49 85
49 87
49 89
49 99
49 100
49 101
49 125
49 137
49 140
49 143
49 144
49 150
49 151
49 161
49 164
49 165
49 170
49 172
49 173
49 186
49 215
49 217
49 218
50 2
50 3
50 12
50 13
50 15
50 17
50 18
50 23
50 145
50 147
50 153
50 158
50 160
50 161
51 30
51 31
51 41
51 42
51 47
51 51
51 60
51 68
51 70
51 77
52 1
52 16
52 17
52 19
52 37
52 55
52 56
52 70
52 74
52 78
52 80
52 88
52 98
52 99
52 100
52 102
52 103
52 112
52 115
52 119
52 122
52 126
52 136
52 137
52 147
52 154
52 165
52 175
52 180
52 184
52 187
52 189
52 190
52 193
52 203
52 206
52 210
52 215
55 11
55 20
55 23
55 27
55 28
55 32
56 66
56 69
56 87
56 88
56 89
56 100
56 102
56 106
56 109
56 123
56 124
56 133
56 134
56 163
56 185
56 189
56 191
58 37
58 45
58 54
58 58
58 59
58 66
58 69
58 97
58 99
58 103
58 117
58 120
59 126
59 139
59 142
59 164
59 173
59 184
59 229
59 231
59 238
59 240
59 251
62 3
62 14
62 26
62 28
62 36
62 51
62 62
62 64
62 71
62 72
62 79
62 84
62 85
62 131
62 140
62 144
62 151
62 152
62 153
63 2
63 6
63 16
63 36
63 39
63 40
63 42
63 47
63 48
63 54
63 57
63 60
63 63
64 3
64 6
64 17
64 19
64 20
64 26
64 36
64 39
64 40
64 48
64 50
64 54
64 57
66 2
66 7
69 46
70 2
70 12
70 15
70 53
70 59
70 62
70 69
70 70
70 81
71 14
71 17
71 19
71 21
71 23
71 24
71 27
71 29
71 35
71 42
71 45
71 58
71 59
71 61
71 66
71 69
71 71
71 72
71 73
71 78
71 79
71 82
71 92
71 93
71 100
71 101
71 116
71 120
71 121
71 128
71 130
71 140
71 143
71 144
71 150
71 151
71 171
71 189
71 196
71 204
72 1
72 5
72 12
72 14
72 32
72 46
72 49
73 5
73 6
73 20
73 43
73 45
74 3
74 15
74 20
74 38
74 39
74 43
76 26
76 31
76 34
76 40
76 46
76 50
76 59
76 60
76 62
76 63
76 71
76 76
76 77
76 78
76 81
76 95
76 96
76 101
76 108
76 109
76 112
76 126
76 127
76 128
76 132
76 134
76 147
76 159
77 51
77 56
77 59
77 64
77 66
77 67
77 72
77 73
78 108
78 109
78 111
78 119
78 120
78 123
78 124
78 126
79 2
79 6
79 10
79 19
79 20
79 22
79 25
79 26
79 32
79 49
79 183
79 191
80 2
80 3
81 1
81 3
81 14
81 15
81 17
81 22
81 23
81 24
81 36
81 44
81 53
81 60
81 94
81 101
81 112
81 113
81 114
81 119
81 121
81 126
81 130
84 28
84 32
84 35
84 40
84 44
84 48
84 67
84 77
84 84
85 4
86 3
86 11
86 14
86 21
88 13
88 20
88 26
88 30
88 54
88 58
88 68
89 21
89 24
89 33
89 39
89 56
89 62
89 63
89 67
89 72
89 122
89 131
89 139
89 272
90 1
90 3
90 6
91 14
91 19
91 23
91 30
91 32
91 44
91 45
91 54
