1 1
1 6
1 10
1 21
1 25
1 28
1 35
1 36
1 38
1 45
1 48
1 50
1 51
1 53
1 58
1 60
1 61
1 67
1 69
1 70
1 76
1 77
1 83
1 84
1 85
1 88
1 104
1 110
1 112
2 111
2 113
2 117
2 120
2 122
3 5
4 1
4 7
4 31
4 45
4 53
4 54
4 61
4 83
4 98
4 99
4 101
4 102
4 105
4 108
5 2
5 4
5 17
5 25
5 31
5 41
5 45
5 63
5 70
5 77
5 80
5 89
5 101
5 108
5 109
6 9
9 51
9 54
9 60
9 80
9 86
9 103
11 86
11 90
11 95
11 99
11 105
11 109
11 113
11 115
11 118
11 120
11 122
11 125
11 127
11 130
11 131
12 8
12 20
12 22
12 25
12 32
12 39
12 46
12 49
12 64
12 68
12 71
12 80
12 81
12 85
12 104
12 109
12 111
13 2
13 5
13 72
14 1
14 6
15 42
15 43
15 60
15 68
15 71
15 77
15 90
15 101
15 104
15 106
15 109
15 117
15 127
15 130
15 135
15 143
16 31
19 96
19 98
19 101
19 104
20 16
20 17
20 19
20 20
20 21
20 28
20 29
20 30
20 33
20 34
20 36
20 38
20 50
20 51
20 53
20 58
20 60
20 63
20 88
20 91
22 21
22 25
22 26
22 27
22 31
22 33
22 40
22 136
22 144
25 50
25 55
25 57
25 59
25 60
25 63
26 2
26 7
26 16
27 104
27 106
27 116
27 117
27 123
27 129
27 134
27 137
27 138
27 143
27 147
27 148
27 182
27 190
27 195
27 196
28 8
28 10
28 11
28 12
30 12
30 25
30 30
30 36
30 54
30 55
30 68
30 71
30 75
30 78
30 94
30 99
30 101
30 104
30 108
30 109
30 116
30 135
30 153
30 155
30 157
30 162
30 174
30 181
30 184
30 192
30 202
30 206
30 210
30 222
30 223
30 225
31 3
31 10
31 11
31 14
31 15
31 32
31 45
31 48
31 57
31 58
31 59
31 63
31 66
31 106
31 109
31 119
31 127
31 128
31 138
31 139
31 143
31 144
31 151
31 152
31 154
31 155
32 4
32 19
32 22
32 26
32 31
32 39
32 49
32 50
37 10
37 16
37 21
37 28
37 31
37 33
37 39
37 43
37 45
37 47
37 48
37 54
37 57
39 4
39 12
39 14
40 5
41 18
41 25
42 17
42 19
42 21
42 23
42 38
42 40
42 85
42 92
42 101
42 104
42 107
42 109
42 112
42 127
42 132
42 133
42 134
42 146
42 149
42 154
43 2
43 5
43 8
43 20
43 22
43 24
43 77
43 78
43 86
43 87
43 92
43 100
43 120
44 1
44 5
44 6
44 15
44 20
44 21
48 4
48 9
48 143
48 149
48 151
48 160
48 164
49 15
49 23
49 32
49 39
49 40
49 41
50 1
50 3
50 4
50 5
50 14
50 15
50 20
50 25
50 26
50 28
50 31
50 36
50 38
50 41
50 56
50 64
50 70
50 101
51 41
51 43
51 55
51 57
51 58
54 64
54 65
54 75
54 80
54 82
54 91
54 99
54 101
54 113
55 43
55 50
55 52
55 53
55 54
55 56
55 62
55 63
55 75
55 80
55 83
55 86
55 89
55 95
55 98
55 108
55 119
55 133
55 135
55 141
55 150
55 153
55 157
55 196
55 198
55 199
55 202
55 207
55 208
55 210
55 214
55 218
55 219
55 223
55 225
55 228
55 244
55 245
55 249
55 251
55 252
55 259
56 14
56 15
56 21
56 22
56 26
57 127
57 141
57 146
57 153
57 154
57 160
57 164
57 166
57 183
57 184
57 292
57 293
58 2
58 15
58 18
58 22
58 23
58 24
58 25
58 26
58 28
58 43
58 46
58 59
58 62
58 67
58 69
58 74
58 76
58 78
58 79
58 82
58 83
58 88
58 95
58 141
58 155
58 159
58 163
58 175
58 182
58 193
58 199
58 209
58 212
58 230
58 236
58 238
58 240
58 252
58 253
59 7
59 12
60 23
62 1
62 9
62 10
62 12
62 13
62 27
62 32
62 36
62 37
62 45
62 49
62 52
62 56
62 58
62 62
62 63
62 82
62 83
62 91
62 92
62 97
62 105
62 108
62 109
62 114
62 118
62 129
63 4
63 5
63 13
63 16
63 20
63 29
63 36
63 40
63 44
63 45
63 48
63 55
63 56
63 57
63 64
63 65
63 66
63 72
63 78
63 90
64 3
64 5
64 9
64 11
64 14
64 17
64 22
64 56
64 63
64 65
64 69
64 78
64 79
64 81
64 88
65 2
67 3
67 12
67 39
67 41
67 43
67 54
67 80
67 83
67 107
67 167
67 180
67 197
67 200
67 204
67 209
67 214
67 240
67 244
67 252
67 256
67 257
67 264
67 269
67 275
67 279
67 282
67 284
67 285
67 304
67 307
68 2
68 7
68 9
68 17
68 24
68 34
69 93
69 98
69 105
69 108
69 110
69 124
69 137
69 144
69 146
69 153
69 156
69 157
69 158
69 160
69 169
69 172
69 191
69 199
69 203
69 206
69 218
69 228
69 266
69 267
71 6
71 21
71 22
71 30
71 36
71 37
71 44
71 47
71 48
71 50
71 51
71 59
71 65
71 98
71 116
71 245
71 250
71 253
71 254
71 255
73 2
73 8
73 10
73 21
73 31
73 39
73 42
73 43
73 46
73 47
73 48
73 52
73 60
73 65
73 71
73 76
73 81
73 83
73 214
73 232
73 233
73 235
75 95
75 100
75 105
75 112
75 113
75 117
75 123
75 127
75 128
75 129
75 189
75 191
75 192
75 194
75 209
75 217
75 233
75 240
75 244
75 253
75 256
76 1
76 4
76 36
76 40
76 45
76 51
76 54
76 60
76 64
76 66
76 67
76 73
76 77
76 85
76 90
76 95
76 96
76 98
76 100
76 102
76 103
76 105
76 111
76 112
76 122
76 123
76 127
76 130
76 131
76 137
76 138
76 143
76 146
76 155
76 209
76 211
76 212
76 218
76 219
76 222
76 230
77 10
77 11
77 17
77 20
77 21
77 22
77 24
77 27
77 33
77 37
78 1
78 8
78 10
78 12
78 73
78 82
78 86
78 93
78 98
78 103
78 105
78 107
78 110
78 120
78 122
78 123
78 124
78 128
78 130
78 141
78 151
79 97
79 111
79 117
79 119
79 132
79 137
79 143
79 166
79 168
79 179
79 182
79 186
80 12
80 19
81 132
81 134
81 136
81 139
81 196
82 1
82 9
82 15
82 17
82 23
82 35
83 1
83 12
83 14
83 15
83 18
83 21
83 26
83 32
83 37
83 41
83 42
83 45
83 47
83 54
83 58
83 59
83 68
83 76
83 82
83 83
83 88
83 90
83 97
83 106
83 124
83 127
84 13
84 18
84 20
84 26
84 32
84 36
84 42
84 51
84 60
84 67
84 72
84 74
84 75
84 87
84 89
84 94
84 95
84 99
84 110
85 3
85 8
85 15
85 17
86 59
86 68
86 82
86 88
86 93
86 100
86 122
86 123
86 128
86 131
86 132
86 162
86 164
86 171
86 174
86 176
86 178
86 186
86 197
89 6
89 17
90 1
90 5
90 17
90 19
90 30
90 34
90 38
90 44
91 1
91 2
92 6
92 13
92 23
92 51
92 66
92 67
92 69
94 88
94 99
94 103
94 108
94 116
94 127
94 129
94 135
94 141
94 145
94 148
94 149
94 154
94 157
94 167
94 169
94 172
94 173
94 176
94 178
94 179
94 192
94 220
95 1
95 7
95 15
95 17
95 18
95 20
95 23
95 24
95 37
95 40
96 2
96 4
96 30
96 38
97 15
97 22
97 29
97 33
97 37
97 41
97 46
99 34
99 40
99 49
99 60
99 65
99 69
99 73
99 80
99 86
99 87
99 92
99 101
99 111
99 116
99 118
99 121
99 123
99 129
99 132
99 137
99 140
99 141
99 143
99 148
99 159
99 164
99 171
99 175
99 179
99 191
100 10
100 12
100 21
100 25
100 26
100 29
100 30
100 41
100 45
100 111
100 113
100 115
100 118
100 140
100 141
100 142
100 143
100 153
101 4
101 10
101 13
101 22
101 26
101 39
101 49
