1 6
2 2
2 6
3 4
3 13
3 144
3 151
6 26
6 31
7 4
7 14
7 20
7 23
7 40
7 46
7 49
7 54
7 61
7 62
8 54
8 64
8 74
8 76
9 6
9 10
9 11
9 17
9 19
9 23
10 43
10 45
10 55
10 56
10 68
10 72
11 1
11 3
11 5
12 8
12 9
12 11
12 12
13 3
13 6
13 9
13 13
14 67
14 83
14 99
14 105
14 111
15 5
15 12
15 13
15 15
15 28
16 6
16 20
16 102
16 103
17 2
17 6
17 11
17 12
17 15
17 17
17 20
17 25
17 28
18 40
18 78
18 81
18 82
18 85
18 97
18 107
18 110
18 114
19 1
19 3
20 5
20 13
20 23
20 25
21 11
21 13
21 16
21 27
21 34
21 37
21 38
22 3
22 4
22 15
22 17
22 20
22 25
22 27
22 40
22 55
22 56
22 60
22 68
22 74
22 79
22 80
22 84
22 131
23 1
23 2
23 6
23 7
23 13
23 31
23 76
23 83
24 88
24 90
24 91
24 96
24 97
24 99
24 112
24 120
24 126
24 139
24 142
24 149
24 154
24 156
24 161
24 167
24 170
24 181
24 203
24 219
24 220
24 238
24 244
24 249
24 252
24 255
24 262
24 269
24 272
24 273
24 281
24 289
24 291
24 296
24 300
24 303
24 306
24 313
24 314
24 334
24 342
24 343
24 344
24 345
24 351
24 357
24 362
24 363
24 368
24 369
24 371
24 375
24 394
24 400
24 411
24 413
24 415
24 418
24 437
24 443
24 462
24 463
24 472
24 475
24 478
24 502
25 2
25 3
25 5
25 15
25 16
25 21
25 34
25 40
25 56
25 77
25 78
25 79
25 91
25 93
25 95
25 101
25 102
25 104
25 108
25 110
25 152
25 155
25 166
25 178
25 194
25 197
25 198
25 207
25 211
25 212
25 218
27 58
27 64
27 67
27 69
27 75
27 82
29 2
29 6
29 15
29 16
29 17
29 18
29 27
29 36
29 47
29 52
31 64
31 66
31 74
31 77
31 80
31 85
31 91
32 1
32 8
32 13
32 35
32 36
32 42
32 48
34 5
37 17
37 22
37 28
37 35
37 44
37 54
37 55
37 60
37 64
37 68
37 74
37 86
37 88
37 93
37 109
37 110
37 111
37 119
37 145
37 151
37 156
37 160
37 162
37 164
37 175
37 176
37 177
37 179
37 191
37 194
37 198
37 203
37 205
37 207
37 210
37 216
37 229
41 18
41 30
41 39
41 41
41 50
41 52
41 59
42 2
42 14
43 3
43 7
43 20
43 23
43 27
43 41
43 42
43 46
43 50
43 59
43 60
43 61
43 64
43 84
43 93
43 110
44 2
44 7
44 9
44 15
44 19
44 22
44 26
44 27
44 38
44 50
44 55
44 66
44 71
44 79
44 82
44 84
44 97
44 110
44 116
46 8
46 9
46 33
46 36
46 38
46 46
46 47
46 54
46 60
46 65
46 68
46 71
46 73
47 51
47 69
48 7
48 21
48 22
48 83
48 84
48 85
50 7
50 18
50 22
50 28
50 31
50 35
50 39
50 40
50 47
50 49
50 188
50 191
51 8
51 9
51 13
51 30
51 35
51 40
51 46
51 47
51 48
51 56
51 59
51 70
51 73
51 77
51 98
54 12
54 16
54 26
54 29
54 36
54 45
54 51
54 53
54 56
54 82
54 95
54 109
54 115
54 120
54 123
54 131
54 152
54 157
54 184
54 189
54 193
54 202
54 204
54 205
54 207
54 209
54 218
54 219
54 221
54 222
54 225
54 234
54 257
54 288
54 295
54 300
54 301
54 304
54 309
54 322
54 326
54 330
54 333
54 334
54 336
54 350
54 384
54 393
54 398
54 401
54 402
54 406
54 407
54 412
54 413
54 418
54 422
54 424
54 426
54 428
54 429
54 433
54 447
54 466
54 469
54 475
54 480
54 483
54 484
56 41
58 79
58 82
59 68
59 79
59 83
59 86
59 91
60 3
60 6
60 9
61 6
62 6
62 15
62 17
62 20
62 22
62 30
62 31
62 33
62 36
63 6
63 15
63 19
63 35
63 47
63 48
63 50
63 58
63 60
63 69
63 78
63 86
63 93
63 95
64 3
64 15
64 17
64 23
64 39
64 45
64 58
65 1
65 2
65 24
66 1
66 4
66 21
66 28
66 31
66 33
66 49
66 62
66 68
66 70
67 11
67 19
67 22
67 33
67 34
68 6
68 11
68 16
68 24
68 29
68 34
68 51
68 52
71 30
71 43
71 44
71 49
71 55
71 58
71 63
71 73
71 80
71 89
71 92
71 94
71 104
71 106
71 108
71 113
71 121
71 122
72 106
72 107
72 111
72 115
72 118
72 124
73 3
73 37
73 38
73 39
74 5
75 2
76 3
76 4
76 22
76 30
76 33
76 45
76 47
76 52
76 57
76 61
76 74
77 1
77 6
77 9
77 25
77 27
77 29
77 36
77 45
80 17
80 21
80 28
82 1
82 5
82 49
82 50
82 52
82 57
82 63
82 70
82 75
82 117
82 118
82 123
82 128
82 154
82 160
82 162
82 164
82 180
82 181
84 63
84 65
84 70
84 71
84 74
84 76
84 79
84 82
84 85
84 89
84 99
84 101
84 102
84 105
84 117
84 119
84 121
84 122
84 126
84 139
84 148
84 149
84 160
84 167
84 169
84 298
84 322
84 326
84 330
84 338
84 348
84 350
84 352
84 368
84 369
84 371
84 372
84 387
84 392
84 393
84 396
84 417
84 420
84 425
84 431
84 432
84 436
84 443
84 446
84 454
84 466
84 475
84 483
84 489
84 493
84 501
84 521
84 564
84 566
84 570
85 6
85 9
85 12
85 20
85 22
85 27
85 36
85 43
85 47
85 56
85 72
85 78
85 80
85 84
86 5
86 16
86 18
86 21
86 22
86 23
86 28
90 25
90 38
90 45
90 52
90 59
90 60
91 1
91 8
91 15
91 18
91 19
91 33
91 52
91 62
91 68
91 79
91 80
91 100
91 109
91 118
91 124
91 127
91 132
91 133
91 138
91 145
91 149
91 153
91 158
91 159
91 167
91 178
91 180
91 182
91 200
91 201
91 207
93 38
93 40
93 43
93 45
93 48
93 50
94 60
94 71
94 217
94 220
95 1
95 7
95 12
95 15
95 18
95 22
96 8
96 16
96 24
96 32
96 34
96 38
96 49
96 53
96 55
96 64
96 126
96 132
97 2
97 3
97 12
98 12
98 15
98 16
98 20
98 21
98 24
98 28
98 30
98 33
98 35
98 38
98 58
98 63
98 64
98 65
99 13
99 25
99 26
99 55
99 57
99 74
101 37
101 44
102 84
102 86
102 92
103 3
103 8
103 10
103 141
104 10
104 21
105 1
105 27
105 30
105 42
105 43
106 81
106 87
106 92
106 94
106 100
106 103
107 27
107 29
107 34
107 37
107 43
107 49
107 54
107 64
107 76
107 81
107 85
108 17
108 18
108 51
108 154
108 159
108 169
108 170
111 21
111 29
111 37
112 7
112 10
112 11
112 29
112 31
112 32
112 44
112 46
112 48
113 27
113 34
113 36
114 7
114 8
114 11
114 13
114 68
114 74
114 78
114 79
114 80
114 83
114 96
114 106
114 114
