4 10
4 11
4 16
4 25
4 27
4 29
4 34
4 39
4 40
4 43
4 45
5 3
5 6
5 8
5 11
5 25
5 27
5 31
5 32
5 35
5 40
5 45
5 48
5 58
7 51
7 54
7 73
7 83
7 88
7 92
7 97
7 103
7 113
7 117
8 10
8 19
8 26
8 41
8 47
8 50
8 57
8 58
8 63
9 5
9 6
9 17
9 18
9 22
10 1
10 11
10 14
10 18
10 28
10 30
10 33
10 38
10 61
10 63
10 65
10 68
10 71
10 75
10 78
10 80
10 88
10 95
10 115
10 117
10 119
10 125
10 127
10 129
10 148
10 151
11 106
11 107
13 1
14 3
14 26
14 28
14 29
14 36
14 38
14 57
14 62
14 88
14 90
14 91
14 94
14 98
14 123
14 126
14 130
14 141
14 146
14 151
14 159
15 88
15 99
15 101
15 110
15 118
15 119
15 121
15 130
15 134
15 148
15 159
15 175
15 176
15 177
15 184
15 188
15 204
15 205
15 208
15 213
15 215
15 222
17 27
17 30
17 41
17 47
17 52
17 54
17 59
18 4
18 6
18 35
18 52
18 65
18 69
18 75
18 77
18 79
18 87
18 91
18 94
18 96
18 113
18 118
18 138
18 149
18 156
18 161
18 165
18 184
18 187
18 192
18 196
18 198
18 218
18 224
18 225
18 232
18 236
18 238
18 239
18 252
18 268
18 354
18 355
18 372
18 377
18 378
18 385
18 388
18 390
18 397
18 414
19 9
19 13
19 17
19 21
19 29
19 42
19 44
19 51
19 56
19 62
19 66
19 67
19 70
19 71
19 73
19 115
19 117
19 118
19 123
19 126
19 129
19 136
19 139
19 140
20 5
21 1
21 9
21 15
21 17
21 18
21 22
21 24
22 10
23 3
23 6
23 29
24 6
24 56
24 59
24 64
24 73
24 94
24 99
24 103
24 104
24 109
24 115
24 120
24 121
24 127
24 141
24 150
24 151
24 156
24 158
24 168
24 172
25 10
25 17
25 18
25 19
25 22
25 36
25 39
25 51
26 12
26 16
26 145
26 151
26 152
26 154
26 155
26 163
26 170
26 176
26 178
26 180
26 182
26 190
26 193
26 212
26 219
26 220
26 226
26 237
26 250
26 266
26 267
26 283
26 287
26 296
26 299
26 300
26 304
26 314
26 322
26 324
26 326
26 334
26 341
26 362
26 366
26 367
26 379
26 386
26 389
26 392
26 396
26 397
26 398
26 457
26 463
27 26
27 28
27 29
28 21
28 39
28 43
28 47
28 54
28 55
28 58
28 61
28 64
28 72
28 80
28 84
28 85
28 90
28 97
28 113
28 117
28 129
28 133
28 137
29 1
29 17
29 23
32 18
32 23
32 28
32 34
32 39
32 57
32 61
32 66
32 67
32 70
32 71
32 77
32 79
33 10
33 11
33 20
33 22
33 25
33 30
35 9
35 12
35 19
35 22
36 1
36 9
36 12
36 13
36 17
36 26
36 28
36 29
36 31
37 3
37 6
37 7
37 11
38 1
38 3
38 7
38 14
38 20
38 28
38 29
38 35
38 36
38 37
38 46
38 48
38 56
38 58
38 65
38 69
38 216
38 217
38 268
39 1
40 14
40 15
40 26
40 27
41 5
41 8
41 9
41 10
41 26
41 29
41 32
41 39
41 50
44 92
44 100
44 104
44 106
44 108
44 114
44 120
44 124
44 125
44 130
45 22
45 25
46 2
46 5
47 2
47 10
47 17
47 26
47 31
47 43
47 45
47 46
47 47
47 56
47 57
47 58
47 66
47 67
47 68
47 82
47 89
48 70
48 80
49 62
49 67
49 72
49 80
49 94
49 97
49 108
49 109
49 116
49 117
49 129
49 139
49 225
49 228
49 236
49 239
49 241
49 244
49 248
49 252
49 253
49 257
50 1
50 2
52 45
52 47
52 50
52 51
52 53
52 58
52 60
52 64
52 68
52 71
52 83
52 90
52 93
52 97
52 100
52 118
53 4
53 6
53 11
53 13
53 16
53 17
53 56
53 62
54 58
54 61
54 69
54 104
54 106
54 113
54 117
54 120
54 123
54 126
54 142
54 143
54 147
54 159
54 171
55 1
57 38
57 43
57 52
57 59
57 79
57 80
57 108
57 113
57 119
57 121
57 122
57 123
59 28
59 29
59 33
59 34
59 36
59 39
60 58
63 24
63 34
63 46
63 50
63 53
63 55
63 58
63 59
64 4
64 9
64 14
65 53
65 73
65 74
65 76
66 2
66 10
66 13
66 14
67 1
67 8
67 10
67 14
67 23
68 2
68 5
68 6
69 8
69 10
69 39
69 41
69 45
69 48
69 58
69 61
69 69
69 73
69 76
69 77
69 78
69 79
69 86
69 100
69 102
69 103
69 110
69 117
69 118
69 120
69 125
69 127
69 131
69 138
69 140
69 143
69 144
69 153
69 154
69 159
69 160
70 6
70 25
70 29
71 20
71 34
71 36
71 40
71 55
71 58
71 60
71 65
71 67
71 72
71 78
71 82
71 90
71 96
71 108
71 115
71 116
71 121
71 123
71 125
71 138
71 143
71 144
71 154
71 156
71 160
71 164
71 166
71 173
71 180
71 186
71 191
71 197
71 200
71 202
71 204
71 215
71 220
71 225
71 227
71 229
71 249
72 2
72 4
72 10
72 19
72 20
72 30
73 2
73 13
73 30
74 14
74 15
74 17
74 18
74 22
74 37
74 42
74 43
74 51
74 64
74 70
74 71
74 78
74 82
74 83
74 85
74 92
74 94
74 100
74 102
74 107
74 111
74 113
74 119
74 120
74 126
74 129
74 131
74 138
74 141
75 80
75 81
75 87
75 101
75 110
75 113
75 115
75 121
75 122
75 127
75 129
75 130
75 132
75 138
75 139
75 142
75 145
75 149
75 151
75 155
75 156
75 160
75 164
75 167
75 175
75 184
75 186
75 199
75 203
76 3
80 4
80 141
80 142
80 147
80 157
80 171
81 77
81 80
81 84
81 88
81 95
82 2
82 14
82 18
82 22
83 116
83 119
83 122
83 126
83 135
83 139
83 151
83 155
83 161
83 162
83 170
83 179
84 1
84 14
84 20
84 31
84 32
84 39
84 40
84 42
84 43
84 47
84 49
84 56
84 61
84 62
84 64
86 11
86 20
86 23
86 30
86 38
86 40
86 42
87 1
87 12
87 14
87 15
87 20
87 22
87 23
87 29
87 30
87 34
87 40
87 41
87 46
87 48
88 36
88 57
88 108
88 111
90 36
91 15
91 17
91 25
91 29
91 44
91 52
91 57
91 63
91 68
91 70
91 71
91 183
91 184
91 185
91 186
91 208
91 217
91 224
91 231
91 233
91 238
91 242
91 257
91 271
91 276
91 281
91 284
91 287
91 291
91 298
91 300
91 302
92 5
92 15
92 18
92 78
92 80
92 83
92 95
92 99
92 100
92 113
93 9
93 22
93 23
93 24
93 26
93 30
93 33
93 34
93 36
93 52
93 65
93 75
93 80
93 88
93 99
93 101
93 103
93 106
93 123
93 126
93 129
93 130
93 138
93 140
93 154
93 157
93 160
93 164
93 173
94 4
94 14
94 28
94 30
94 33
94 39
94 45
94 51
94 60
94 63
94 73
94 76
94 79
94 89
94 100
94 108
94 110
95 10
95 11
95 13
95 14
95 18
95 46
95 48
95 50
95 51
96 69
96 70
96 77
96 79
96 82
96 94
96 95
96 100
96 110
96 112
96 114
96 117
96 124
96 127
96 131
96 142
96 157
96 217
96 231
96 238
96 241
96 254
96 256
96 262
96 266
96 271
96 285
96 317
96 319
96 322
96 338
96 339
96 343
97 1
97 2
97 5
97 6
97 50
97 58
97 59
97 81
97 143
97 147
97 189
97 192
97 193
97 202
97 203
97 204
97 206
97 214
97 223
97 226
97 230
97 232
98 5
98 10
98 13
98 29
98 33
98 52
99 10
99 24
99 29
99 33
99 34
99 36
99 43
99 45
99 46
100 2
100 6
100 7
100 26
101 16
101 17
101 20
101 34
101 42
101 45
101 65
101 67
101 68
101 71
101 81
102 63
102 71
102 84
102 90
103 14
103 15
103 17
