1 8
1 14
1 17
2 1
2 12
2 29
3 1
3 10
3 19
3 25
3 29
3 44
3 54
3 93
3 94
4 6
5 44
5 49
5 57
5 67
6 10
6 12
6 13
6 19
6 29
6 35
6 41
6 47
6 49
6 50
6 51
6 53
6 54
6 69
8 9
8 17
8 20
8 31
8 38
8 40
8 47
8 50
8 55
9 5
9 8
9 11
9 19
9 21
9 41
10 111
10 113
10 114
10 120
10 122
10 127
10 133
11 1
11 81
11 90
11 91
11 98
11 99
11 102
11 103
11 115
11 118
11 120
11 125
11 126
12 1
12 3
12 6
12 33
12 41
12 50
12 55
12 58
12 63
12 66
12 75
12 83
12 91
12 95
12 111
12 118
12 132
12 137
12 142
12 161
12 267
12 269
12 271
15 3
15 8
15 14
15 22
15 25
15 37
15 38
15 39
16 23
16 25
16 34
16 37
16 39
16 44
16 52
16 54
16 59
16 63
16 65
16 76
16 117
16 250
16 251
16 253
16 273
16 277
16 280
16 281
16 296
16 298
16 300
16 305
16 307
16 309
16 311
16 312
16 414
16 428
16 438
16 440
17 16
17 17
18 1
18 8
18 19
18 28
18 49
18 56
21 103
21 104
21 111
21 123
21 124
21 133
21 134
21 136
21 140
21 149
21 150
22 117
22 127
22 128
22 137
23 4
23 10
23 17
23 21
23 36
23 48
23 56
25 52
25 58
25 60
25 66
25 73
25 79
25 87
25 90
25 94
25 95
25 101
25 113
25 119
25 122
25 123
25 127
26 1
26 9
26 15
26 24
26 25
27 14
27 25
27 27
27 35
27 37
27 46
27 47
27 50
27 62
27 65
27 70
27 78
27 80
27 87
27 91
28 6
29 3
29 7
29 11
29 12
29 14
29 17
29 20
29 25
29 27
29 29
30 7
30 11
30 13
30 19
31 11
31 51
31 56
31 62
31 63
31 81
31 82
31 86
31 91
31 92
31 94
31 106
31 113
31 118
31 126
31 132
31 134
31 157
31 170
31 183
31 187
31 190
31 197
31 204
31 205
31 207
31 219
31 221
31 223
32 7
34 2
35 110
36 7
36 11
36 12
36 17
36 19
36 33
36 37
36 45
36 47
36 53
36 54
36 57
36 66
36 76
36 118
36 119
36 142
36 143
36 153
36 239
36 274
39 11
40 8
40 11
41 4
41 10
41 11
41 17
41 19
43 20
44 3
44 8
44 37
44 41
44 48
44 57
44 60
44 66
44 75
45 2
45 49
45 53
45 62
45 64
45 69
45 74
45 83
45 86
45 218
45 224
45 225
45 239
45 252
45 253
45 256
50 14
50 32
50 40
50 41
50 176
50 177
50 178
50 179
50 184
50 188
50 189
50 193
50 197
50 218
50 223
50 226
50 227
51 14
51 30
51 38
51 42
51 48
51 51
51 53
51 71
51 75
51 92
51 94
53 13
53 18
53 21
53 24
55 1
55 2
55 11
55 20
55 25
55 28
55 30
55 31
55 32
55 34
55 38
55 39
55 43
56 41
56 49
56 50
56 58
56 61
56 63
56 64
56 82
56 99
56 103
56 110
56 116
56 117
56 126
56 127
56 133
56 134
56 137
56 138
56 149
57 7
57 13
57 23
57 25
57 27
57 34
57 40
57 48
57 56
57 59
57 64
57 67
58 88
58 92
58 94
58 102
58 112
58 113
58 119
58 125
58 126
61 5
61 11
61 15
61 19
61 22
61 141
61 142
61 149
61 150
61 151
61 173
61 176
61 179
61 200
62 7
62 12
62 13
62 21
62 23
63 111
63 115
63 121
63 125
63 344
63 348
63 350
63 352
63 353
63 360
63 363
63 380
63 389
64 16
64 22
64 30
64 32
64 35
64 41
64 46
64 176
64 177
64 190
64 200
64 207
64 209
64 210
64 212
64 214
64 220
64 225
64 232
64 238
64 243
64 250
64 254
64 257
66 27
66 31
66 40
66 44
66 49
66 58
66 64
66 67
66 68
66 72
66 73
66 80
66 83
66 86
66 101
66 110
66 112
66 113
66 115
66 131
67 4
67 11
67 18
67 19
67 22
68 7
68 10
68 12
68 19
68 22
68 26
68 30
68 37
68 38
69 2
69 5
69 7
70 2
70 3
70 4
70 6
70 18
70 25
70 27
70 30
70 31
70 34
70 37
70 39
70 47
70 51
70 53
70 56
70 65
70 67
70 71
70 85
70 87
70 94
70 101
70 112
70 113
70 115
70 117
70 118
70 119
71 19
71 86
72 6
72 8
72 9
72 22
72 23
72 30
72 31
73 1
73 6
76 3
76 4
76 7
76 9
76 10
76 15
76 16
77 3
77 7
79 24
79 31
79 41
79 42
79 51
79 52
79 61
79 63
79 65
79 66
79 72
79 79
79 82
79 83
79 84
79 88
79 92
80 29
80 36
80 38
80 43
81 5
81 9
81 10
81 60
81 65
81 68
81 76
81 78
81 79
81 82
81 90
81 94
81 95
81 96
81 105
81 107
81 118
81 119
81 121
81 122
81 124
81 132
81 138
81 142
81 168
81 172
81 180
81 187
81 194
81 197
81 199
81 217
81 218
82 3
82 8
82 9
83 9
83 11
83 14
83 17
83 21
83 24
83 29
83 30
83 33
83 34
83 40
83 41
83 45
83 53
83 56
83 58
83 59
83 63
83 69
83 75
83 78
85 36
85 41
85 49
85 53
85 82
85 93
85 130
85 133
85 142
85 147
85 149
86 5
86 13
86 24
86 34
86 37
86 46
86 48
86 49
86 51
86 54
87 55
87 60
87 61
87 62
87 72
88 1
88 7
88 8
88 13
88 15
88 18
89 3
90 19
90 22
90 30
90 33
90 34
90 124
91 2
91 3
91 12
91 13
91 24
91 27
91 34
91 40
91 41
91 42
91 49
91 51
91 62
91 63
91 71
91 75
91 77
91 81
91 90
91 91
91 102
91 110
91 118
91 131
91 132
91 142
91 146
91 155
91 174
91 177
91 181
91 186
91 188
91 190
91 192
91 209
91 210
91 212
91 213
93 50
93 54
93 61
93 62
93 66
93 69
93 74
93 89
93 91
93 96
93 100
93 120
93 122
93 133
93 134
93 136
93 139
93 141
93 151
93 153
93 160
93 164
93 186
93 188
93 190
93 196
93 201
93 211
93 214
93 222
93 233
93 234
93 243
93 244
93 257
93 268
93 274
93 278
93 279
93 285
93 288
93 292
93 297
93 298
93 308
93 314
94 3
94 5
94 9
94 21
94 28
94 36
94 40
94 45
94 56
94 61
94 62
94 66
94 67
95 3
95 20
95 31
95 32
95 33
95 37
95 40
95 43
95 78
95 88
95 90
95 94
96 2
96 5
96 9
96 18
96 19
96 21
96 25
96 34
96 36
97 2
97 8
97 9
98 14
98 22
98 24
98 36
98 41
98 45
98 60
98 61
98 63
98 65
98 68
98 70
98 79
98 96
98 100
98 101
98 106
98 115
98 120
98 121
98 123
98 127
99 10
99 12
99 22
99 24
99 28
99 31
99 36
99 38
99 48
99 52
99 57
99 60
102 15
102 25
102 27
102 33
102 44
102 48
102 63
102 73
102 86
102 89
102 95
102 115
102 127
102 128
102 132
103 10
103 14
103 16
103 18
103 20
103 25
103 26
103 31
103 33
103 35
103 41
103 42
103 49
103 54
105 4
105 6
105 16
105 18
105 21
105 24
105 37
105 53
105 58
105 59
105 61
105 66
105 69
106 1
106 20
106 24
106 25
106 30
106 44
107 3
107 19
107 157
107 165
107 166
107 174
107 175
107 186
107 195
107 202
107 203
107 207
107 209
107 211
108 3
109 13
109 17
109 21
109 30
109 33
109 38
109 49
109 94
109 99
109 105
110 2
110 17
110 23
110 31
111 10
111 18
111 29
111 36
111 38
111 116
111 135
111 139
111 156
111 159
111 161
