1 4
1 5
1 15
1 16
1 18
1 19
1 22
1 70
1 72
1 78
1 83
1 92
1 93
2 30
2 34
2 38
2 41
2 45
2 52
2 56
2 61
2 84
2 85
2 91
2 92
2 93
2 96
2 98
2 100
2 104
2 111
2 114
2 125
2 130
2 131
3 53
3 54
3 65
3 68
4 8
4 10
4 13
4 19
4 20
4 23
4 28
4 29
4 33
4 38
4 49
4 52
4 53
4 55
4 60
4 63
5 6
5 9
5 10
5 22
5 23
5 26
5 31
6 2
6 4
6 15
6 18
6 30
6 32
7 8
7 18
7 19
7 23
8 14
8 20
8 25
8 41
8 43
8 45
8 46
8 61
8 62
8 64
8 77
8 85
8 86
8 89
8 102
9 4
10 61
10 64
10 66
10 72
10 79
10 82
10 84
10 85
10 89
10 93
10 94
10 97
10 99
10 101
10 107
10 109
10 111
10 115
10 118
10 125
10 129
10 132
10 136
10 141
10 149
10 155
10 161
10 170
10 208
11 12
11 13
12 1
13 1
13 12
14 2
14 3
14 6
14 17
14 25
14 26
14 32
14 33
14 35
15 4
15 25
15 47
15 164
15 167
15 172
15 181
15 184
15 189
15 223
15 227
17 55
17 79
17 82
17 85
17 93
17 97
17 109
17 112
17 113
17 115
17 121
17 125
17 127
18 2
18 4
18 10
18 13
18 15
18 16
18 18
18 19
18 31
18 38
18 43
18 51
18 53
18 54
18 56
18 61
18 66
18 74
18 85
18 90
18 93
18 106
18 111
18 112
18 115
19 4
19 5
19 10
19 15
19 78
20 3
20 5
20 26
20 51
20 76
20 81
20 95
21 28
22 61
23 13
23 30
23 49
23 50
23 54
23 65
23 79
23 81
23 82
23 83
23 98
23 99
23 102
23 103
23 109
23 112
23 121
23 126
23 133
23 134
23 142
23 153
23 160
24 10
24 17
25 15
25 23
25 24
25 28
26 54
27 4
27 8
27 9
27 25
27 34
27 47
27 51
27 55
29 43
29 44
29 47
29 48
29 67
29 69
29 70
29 82
29 83
29 89
29 90
30 7
30 12
30 15
34 35
34 38
34 48
34 52
34 75
34 202
34 208
34 209
34 211
34 217
34 223
34 225
34 229
34 232
34 244
34 247
34 257
35 39
35 40
35 41
35 46
35 50
35 57
35 193
35 206
35 266
35 267
35 271
35 274
35 278
35 280
35 282
35 285
35 291
36 3
36 4
36 5
36 21
36 27
36 29
36 30
36 33
36 49
36 59
36 72
37 6
37 10
37 14
37 20
37 33
37 94
38 9
38 18
38 19
38 23
38 24
38 28
38 29
38 38
38 41
38 43
38 48
38 51
39 8
39 14
39 15
39 23
39 43
39 57
39 58
39 72
39 77
39 81
39 82
39 86
39 90
39 93
39 94
39 99
39 106
39 110
39 115
39 116
39 117
39 123
39 124
40 6
40 7
41 40
41 41
41 47
42 2
42 19
42 54
42 61
42 69
42 83
42 84
42 87
42 98
42 201
43 3
43 4
43 9
43 10
43 17
43 21
43 25
43 26
43 28
43 30
43 36
43 38
43 39
45 6
45 9
45 13
45 22
45 25
45 26
45 31
45 35
45 38
45 40
45 44
45 46
45 48
45 51
45 61
45 63
45 68
45 95
45 97
45 119
46 4
46 10
46 14
46 17
46 18
46 36
46 43
46 46
46 55
46 61
46 70
46 81
47 29
47 31
47 35
47 38
49 1
49 5
49 8
49 17
49 34
49 35
49 43
49 47
49 50
49 60
49 65
49 77
49 79
49 84
49 90
49 93
49 98
49 108
49 109
49 111
49 126
49 128
49 130
53 10
53 12
53 17
53 21
53 27
53 38
53 44
53 45
53 47
53 50
53 56
53 66
53 83
53 86
53 89
53 99
53 100
53 104
53 116
53 117
53 118
53 120
53 122
53 123
53 125
53 131
53 133
53 135
53 141
53 160
53 164
53 168
53 174
54 7
54 11
54 14
54 15
54 21
54 22
54 25
55 1
55 2
55 10
55 12
55 23
55 30
55 33
56 5
56 8
56 10
56 17
56 26
56 30
56 45
56 59
56 63
56 67
56 79
56 85
57 6
57 7
57 9
57 10
57 14
57 17
57 19
57 25
57 64
57 72
57 83
57 102
57 112
57 120
57 265
57 273
57 281
57 283
57 285
58 3
58 4
58 11
58 13
58 16
58 19
58 21
58 24
58 31
58 34
58 50
58 73
58 86
59 2
59 6
59 11
59 12
59 25
59 32
59 33
59 39
59 49
59 52
59 80
59 82
61 20
61 22
61 30
61 159
61 161
61 186
62 9
62 16
63 94
63 98
63 102
63 103
63 125
66 15
67 5
68 17
68 18
68 21
68 25
68 32
69 7
69 12
69 29
69 32
69 33
69 39
69 45
69 58
70 53
71 18
71 23
71 26
71 28
71 31
71 49
71 51
71 65
71 76
71 88
72 4
72 18
73 1
73 3
73 10
73 17
73 20
73 30
73 42
73 46
73 57
73 71
73 92
73 95
74 5
74 6
74 10
74 17
74 19
74 20
75 5
75 7
75 13
75 16
75 26
75 29
75 37
75 41
76 6
76 8
77 1
77 4
77 5
77 7
77 8
77 13
77 29
77 33
77 34
77 45
77 58
77 59
78 1
78 5
78 7
78 8
78 12
79 6
80 2
81 1
81 4
81 16
81 17
82 1
82 2
82 19
82 20
82 24
82 32
82 36
82 39
82 46
82 48
82 55
82 59
82 62
82 65
82 66
82 69
82 77
83 10
83 12
83 13
83 20
83 34
83 42
83 46
83 48
83 55
83 57
83 59
84 2
84 6
84 8
84 16
84 20
85 1
85 6
85 12
85 14
85 20
85 21
85 33
85 37
85 52
85 53
85 65
86 6
86 7
86 8
89 2
89 3
89 4
89 18
90 4
90 18
90 25
90 34
90 49
91 2
91 6
91 8
92 1
92 4
92 5
92 10
92 12
92 13
92 18
93 11
93 17
93 22
93 31
93 42
93 50
93 58
93 61
93 62
93 64
93 69
93 77
93 78
93 93
95 60
95 66
95 68
95 77
95 78
95 79
95 81
95 83
95 86
95 88
95 89
95 93
98 18
98 26
98 32
98 33
98 39
98 56
98 61
98 74
99 3
99 4
99 6
99 19
99 25
99 29
99 34
99 44
99 174
99 177
99 180
100 6
100 7
100 18
100 28
100 32
100 43
100 44
100 102
100 106
100 108
100 117
100 121
100 131
100 136
100 139
100 151
100 181
100 213
100 215
100 218
100 221
100 222
100 233
100 237
100 238
100 497
100 501
100 504
100 506
100 510
100 517
100 521
100 527
100 528
100 529
100 531
100 548
100 552
100 559
100 562
100 563
100 572
100 576
100 579
100 584
100 586
100 587
100 589
100 602
100 615
100 616
100 621
100 625
100 627
100 628
100 629
100 631
100 634
100 635
100 641
100 650
100 661
101 7
101 12
101 17
101 19
101 21
102 13
102 17
103 21
103 26
103 31
103 39
103 40
103 41
104 76
104 79
104 82
104 83
104 94
104 99
104 106
104 108
104 117
104 124
104 129
104 133
104 134
104 142
104 154
104 161
104 164
104 171
104 174
104 176
104 182
104 184
104 189
104 195
104 212
104 213
104 217
104 218
104 221
104 224
104 227
104 230
104 251
104 261
104 263
104 267
104 272
104 273
104 284
104 288
104 291
104 297
104 298
104 302
104 316
104 383
104 386
104 393
104 402
104 406
104 410
104 422
104 426
104 427
104 433
104 436
104 437
105 103
105 106
105 162
105 163
105 169
105 171
105 173
105 175
105 178
105 179
105 182
105 187
105 194
105 195
105 197
106 10
106 19
106 24
106 31
106 32
106 37
106 39
107 3
107 15
107 26
107 30
107 42
107 44
107 55
108 98
108 100
108 109
108 141
108 144
108 150
108 154
108 156
108 158
108 167
108 174
108 191
108 193
108 199
108 208
108 211
108 272
108 276
108 277
108 279
108 284
108 396
108 397
108 403
108 404
108 407
108 408
108 417
108 420
108 468
