1 3
1 9
1 11
1 12
1 13
1 16
2 5
2 8
2 24
2 27
2 31
2 51
2 61
2 62
5 31
5 39
5 45
6 6
6 11
6 12
6 16
8 4
8 6
8 14
8 18
8 24
8 26
8 29
8 34
8 41
8 47
8 51
8 57
8 67
8 77
8 91
8 95
8 97
8 102
8 108
8 237
8 238
8 250
8 254
8 256
8 258
9 6
9 15
9 27
9 70
9 76
9 82
9 83
9 85
9 110
9 111
9 113
9 114
9 116
9 128
9 130
10 28
10 31
10 38
10 43
10 53
10 54
10 57
10 62
10 66
10 86
10 104
10 110
10 114
10 115
10 119
10 140
10 148
10 149
10 152
10 153
10 155
10 167
10 176
10 177
10 179
10 199
10 201
10 209
10 210
10 220
10 221
10 223
10 225
10 226
10 355
10 366
10 370
10 371
10 375
10 382
10 383
10 385
10 392
10 396
10 397
10 401
10 416
10 427
10 429
10 435
10 437
10 448
11 7
11 8
11 11
11 25
11 28
11 40
11 47
11 48
11 62
11 63
12 1
12 3
12 4
12 8
12 12
12 16
12 68
12 79
12 149
12 153
12 159
12 170
12 187
12 205
12 222
12 223
12 226
12 227
12 238
12 242
12 243
12 259
12 262
12 264
12 269
12 273
12 279
15 17
15 40
15 48
15 87
15 96
15 107
15 110
15 118
16 6
16 10
16 15
16 18
16 24
16 30
16 38
16 44
16 45
16 46
16 48
16 49
16 59
16 64
18 37
18 39
18 40
18 42
18 48
18 50
18 54
18 57
18 61
18 69
18 72
18 74
18 77
18 98
18 100
18 106
18 115
18 119
18 123
18 130
18 138
18 142
18 150
18 151
18 154
18 155
18 170
18 173
18 174
18 179
18 185
18 189
18 196
18 206
18 209
18 211
18 216
18 220
18 221
18 225
18 346
18 354
18 362
19 3
19 26
19 28
19 29
19 30
20 35
20 38
20 40
20 42
20 55
20 58
20 60
20 71
20 80
20 84
20 85
20 87
20 105
20 133
20 143
21 10
21 14
21 15
21 19
22 3
22 8
22 20
22 29
22 42
25 2
25 4
26 114
26 115
26 259
26 261
26 267
26 275
26 300
26 313
26 317
26 331
26 336
26 343
26 349
26 350
27 1
27 10
27 23
27 24
27 30
27 32
27 38
27 39
27 49
27 56
27 64
27 65
27 106
28 14
28 29
28 33
28 35
28 40
28 42
28 47
28 48
28 51
28 70
28 71
28 79
28 80
28 86
28 94
28 110
28 117
28 118
28 120
28 133
28 137
28 138
28 144
28 236
29 1
29 3
29 11
29 12
29 14
29 19
29 20
29 21
29 25
29 30
29 34
29 36
29 38
29 47
29 55
29 56
29 59
29 69
29 76
29 78
29 98
29 114
29 121
29 129
29 135
29 138
29 140
29 141
29 142
29 144
29 147
29 148
29 151
29 152
29 162
30 3
30 10
30 13
30 15
30 19
30 24
30 25
30 28
30 29
30 38
30 40
30 41
30 44
30 48
31 5
31 7
31 8
31 10
31 13
31 20
31 22
31 23
31 31
31 32
32 89
32 99
32 104
32 109
32 128
33 1
33 17
33 19
33 25
33 28
33 29
33 38
33 46
33 52
33 54
33 59
34 15
34 16
34 22
35 1
35 9
35 14
35 19
36 4
36 51
36 53
36 59
36 67
36 71
37 3
37 5
37 6
37 18
37 46
37 53
37 77
37 81
37 87
37 142
38 4
38 8
38 16
39 10
39 18
39 22
39 53
39 59
40 7
40 13
40 16
40 18
40 23
40 29
42 4
42 6
42 32
42 45
42 48
42 57
42 59
43 1
43 2
43 4
44 2
45 6
47 6
47 17
48 18
48 26
48 27
48 37
48 40
48 46
48 61
48 63
48 65
48 66
48 71
48 75
48 86
48 87
48 161
48 173
48 302
48 383
48 388
48 389
48 391
48 397
48 401
48 403
48 404
48 421
48 423
48 433
48 437
48 439
48 442
48 445
48 446
48 457
48 460
48 464
48 467
48 470
49 24
49 28
49 33
49 34
49 51
49 53
49 54
49 55
49 63
49 77
50 2
50 4
50 8
50 17
50 19
50 34
50 40
50 41
50 42
52 1
52 6
52 9
52 10
52 16
52 17
52 20
52 44
52 47
52 59
52 60
52 63
52 64
52 72
52 73
52 74
52 91
52 95
52 117
52 132
52 139
52 167
53 8
53 12
53 28
53 34
53 37
53 40
53 41
53 44
53 45
53 49
53 55
53 56
53 57
53 60
53 62
53 63
53 67
53 73
53 81
53 90
53 91
53 93
53 129
53 136
53 148
54 8
54 15
54 26
54 27
54 36
54 62
54 69
54 80
54 99
54 100
54 115
54 150
54 154
54 157
54 160
55 8
57 23
57 35
57 40
57 49
57 54
57 55
57 61
57 66
57 67
58 2
58 22
58 151
58 180
58 189
58 265
58 275
58 283
61 52
61 53
61 72
62 81
62 84
62 88
62 96
62 100
62 101
64 70
64 72
65 43
65 46
65 51
65 52
65 54
65 61
65 65
65 75
65 77
66 2
66 26
66 32
66 34
66 37
66 43
66 49
66 54
66 58
66 59
66 63
66 80
66 115
66 116
66 121
66 123
66 132
66 144
66 166
66 179
66 181
66 182
66 184
66 186
66 201
66 205
66 213
66 216
66 222
66 231
67 3
67 7
67 15
67 16
67 22
67 27
67 47
67 50
67 53
67 57
67 58
67 61
67 64
67 75
67 96
67 97
67 103
67 106
67 108
67 113
67 132
67 137
67 143
67 159
67 171
67 311
67 317
67 318
73 2
73 5
73 11
73 12
73 13
73 33
73 35
73 44
73 50
73 63
73 70
73 72
73 103
73 106
73 108
73 125
73 130
73 131
73 264
73 265
73 267
73 269
73 274
73 293
74 46
74 47
74 56
74 59
74 62
74 68
74 69
74 70
74 72
74 94
74 95
74 98
74 99
74 101
74 107
74 110
74 133
75 34
75 35
75 38
75 52
75 53
75 68
75 69
75 78
75 87
75 89
75 94
75 116
75 117
75 141
75 142
75 155
76 2
76 3
76 4
76 5
76 14
76 21
76 22
76 29
76 34
77 14
77 18
77 25
77 27
77 29
77 32
77 34
77 37
77 41
77 46
77 51
78 1
78 8
78 9
78 12
78 17
78 25
78 27
78 29
78 41
78 42
78 56
78 58
78 61
78 62
79 2
79 7
79 15
79 19
79 22
79 23
79 31
79 38
79 40
79 56
79 59
79 66
79 72
79 74
79 80
79 121
79 132
79 140
79 163
79 177
79 178
79 179
79 183
79 189
79 190
79 195
79 197
79 200
79 209
79 213
79 216
79 218
79 220
79 243
79 246
79 247
79 253
79 256
79 259
79 260
79 268
80 26
80 39
80 44
80 45
80 50
80 69
80 70
80 73
81 3
81 8
81 19
81 21
81 37
82 21
82 29
82 30
82 34
82 42
82 44
82 46
82 52
82 61
82 65
82 74
82 85
82 95
83 4
83 13
83 20
83 29
83 32
83 34
83 39
83 51
84 3
84 42
84 46
84 55
84 61
84 65
84 77
84 78
84 84
84 88
84 89
86 34
86 35
86 46
86 48
86 60
86 67
86 68
86 70
86 76
86 78
86 90
86 103
86 110
86 115
86 117
86 122
86 125
86 132
86 143
86 156
86 157
86 158
87 7
87 18
87 20
87 36
87 40
87 46
87 50
87 52
87 55
87 67
87 75
87 81
87 86
87 95
88 11
88 16
88 41
88 48
88 50
88 57
88 58
88 60
88 76
91 10
91 17
91 19
91 23
91 28
91 30
91 31
91 37
92 10
92 14
92 19
92 24
92 26
92 27
92 31
92 34
92 49
92 53
92 60
92 68
92 71
92 72
95 37
95 40
95 72
95 84
95 88
95 94
95 101
95 110
95 114
95 117
95 120
95 125
95 130
95 259
95 263
95 266
95 267
95 286
95 287
95 293
95 295
95 298
95 300
95 304
95 308
95 309
95 313
95 314
95 320
95 321
95 322
95 330
95 335
95 344
95 356
95 359
