3 7
3 12
3 26
3 37
3 38
3 42
3 51
3 53
3 62
3 63
3 74
3 75
3 90
3 98
3 102
3 112
3 113
3 119
3 120
3 127
3 128
5 37
5 48
5 52
5 62
5 71
5 107
5 114
5 116
5 118
5 120
5 122
5 124
5 132
6 8
6 19
6 20
6 25
7 4
7 5
7 7
7 9
7 28
7 35
7 38
7 39
7 53
7 59
7 62
7 142
8 4
8 8
8 13
8 24
8 28
8 46
8 47
9 4
9 43
9 45
9 53
9 57
9 58
9 60
9 63
9 67
9 78
9 80
9 85
12 20
12 25
12 26
12 36
12 38
12 40
12 51
12 60
12 62
12 72
12 79
12 82
12 83
12 93
12 101
12 103
12 104
12 116
12 127
12 136
12 141
12 145
12 146
12 150
12 169
12 174
12 221
12 228
12 229
13 25
13 35
13 64
13 65
13 67
14 2
14 5
14 8
14 12
14 21
14 26
14 27
14 29
14 31
14 40
14 42
14 50
14 58
14 59
14 60
14 64
14 69
14 71
14 84
14 85
14 86
14 88
14 99
14 100
14 120
14 121
14 122
14 132
14 146
14 149
14 150
14 161
14 164
14 168
15 6
15 10
15 18
15 20
15 26
15 27
15 32
15 41
15 43
15 44
15 52
15 59
15 64
16 1
16 2
16 9
16 14
16 18
16 24
17 5
17 9
17 12
17 22
17 23
17 27
17 29
17 47
17 58
17 63
17 69
17 81
17 98
17 102
17 108
17 111
17 112
17 115
17 116
17 136
17 140
17 144
17 145
17 147
17 148
17 152
17 155
17 161
17 162
17 165
17 171
17 172
17 173
18 4
18 8
18 20
18 23
18 41
18 45
18 50
18 61
18 88
18 95
18 103
19 30
19 44
19 46
19 49
19 50
19 54
20 2
20 3
20 6
20 24
20 25
20 37
21 1
22 39
22 41
22 47
22 48
22 53
22 54
22 62
22 63
24 104
24 110
24 113
24 120
25 57
25 68
25 71
25 72
25 78
25 92
25 93
25 109
25 110
25 119
25 120
25 124
25 128
25 191
26 20
26 28
26 34
26 107
26 112
26 124
26 137
26 157
26 162
27 1
27 5
28 1
28 5
28 9
28 10
28 24
28 32
28 47
28 50
28 52
28 62
28 65
31 60
31 76
31 78
32 13
32 19
32 26
32 29
32 30
32 40
32 41
32 42
32 44
32 46
32 50
32 61
32 67
32 69
32 73
32 74
33 4
33 5
33 7
33 139
33 140
33 150
33 153
33 158
33 161
33 162
33 163
33 167
33 177
33 181
33 182
33 184
33 193
33 208
34 9
35 16
35 20
35 21
35 26
35 30
35 42
35 43
35 44
35 51
35 52
35 54
35 60
36 4
37 1
37 20
37 23
37 24
37 33
37 34
37 36
37 39
38 3
38 11
38 12
38 15
38 20
38 30
39 11
39 14
39 16
40 16
40 17
40 23
40 26
40 36
40 66
41 3
41 5
41 6
41 8
43 57
43 62
43 64
43 65
43 67
43 68
43 69
43 70
43 74
45 51
45 66
45 77
45 79
46 51
46 54
46 55
47 6
50 11
50 15
50 18
50 24
50 40
50 41
50 46
50 48
50 50
50 56
50 63
50 80
50 85
50 87
50 89
50 91
50 100
50 108
50 112
50 118
50 122
50 129
50 132
50 135
50 155
50 156
50 158
50 172
50 226
50 229
50 230
50 235
50 246
53 14
53 19
53 28
54 6
54 11
55 8
55 18
55 21
55 147
55 150
55 154
57 40
57 43
57 47
57 50
57 52
57 54
57 61
57 64
57 66
57 72
57 75
57 76
57 81
57 91
57 93
57 98
57 103
57 104
57 107
57 111
57 113
57 119
58 6
59 9
59 11
59 21
59 27
59 33
59 37
59 38
59 40
59 84
60 8
60 9
60 11
60 12
60 21
61 1
61 3
61 32
62 14
62 25
62 29
62 30
63 1
63 2
63 6
63 8
63 23
63 24
63 25
63 26
63 39
63 48
63 57
64 7
64 12
64 22
64 23
64 24
64 30
64 32
64 33
64 46
64 57
64 66
64 67
64 70
64 72
64 88
64 89
64 92
64 97
64 103
64 105
64 108
64 116
64 123
64 124
64 125
64 128
64 131
64 135
64 141
64 147
64 153
64 157
64 173
64 181
64 186
64 263
64 265
65 11
65 14
65 36
66 1
66 3
66 34
66 50
66 51
66 54
67 9
67 10
68 3
68 12
68 13
68 20
68 21
68 24
68 36
68 38
68 43
69 44
69 48
69 49
69 59
69 61
69 65
69 74
69 96
69 104
69 106
69 115
69 116
69 119
69 135
69 144
69 146
69 156
69 167
69 168
69 171
69 173
69 178
69 189
69 199
69 202
69 211
69 214
69 220
69 223
70 4
70 12
70 15
70 25
70 29
70 30
70 32
70 33
70 38
70 43
70 44
70 52
70 55
70 65
70 69
70 77
70 81
70 82
70 201
70 203
70 204
70 219
70 221
70 223
70 229
70 233
70 253
70 267
70 268
70 271
72 16
72 24
72 26
72 30
72 34
72 43
72 48
73 2
73 4
73 5
73 13
74 2
74 15
76 3
76 4
76 6
76 25
76 29
76 34
76 36
76 41
76 53
76 55
77 1
77 6
77 11
77 16
77 20
77 23
77 27
77 33
77 35
77 38
77 41
78 5
78 6
78 10
78 13
80 35
80 37
80 44
80 60
80 61
80 78
80 79
80 85
80 89
80 93
80 94
80 96
81 4
81 6
81 7
82 2
82 5
82 13
82 16
82 22
82 29
82 36
82 42
82 57
82 64
82 68
83 17
83 18
83 36
83 41
83 50
83 55
83 59
83 80
83 89
84 3
84 7
85 4
85 6
85 17
85 24
85 30
85 39
86 1
86 2
86 4
86 8
86 14
86 18
86 20
86 24
86 30
86 39
86 44
86 64
87 53
88 3
88 5
88 7
88 9
88 12
88 26
88 28
91 7
91 14
92 1
92 3
92 13
92 16
92 39
92 52
92 63
92 64
93 1
93 2
93 4
93 11
93 21
93 35
93 36
93 37
93 56
94 110
94 121
94 128
94 130
94 133
94 137
94 138
94 145
94 163
94 169
94 173
94 178
94 311
94 312
94 315
94 320
94 323
94 332
97 57
97 68
97 79
97 87
97 99
97 100
97 107
97 112
97 113
97 115
97 120
97 124
97 134
97 137
99 1
99 4
99 8
99 10
99 15
99 16
100 44
100 45
100 47
100 48
100 76
101 7
101 9
101 12
101 22
101 25
102 27
102 35
102 36
103 7
103 9
103 10
103 12
103 16
103 17
103 19
103 21
103 31
103 39
105 85
105 86
105 94
105 95
105 101
105 102
105 105
105 115
105 116
105 117
105 119
105 125
105 131
105 142
105 154
105 158
105 167
105 169
107 89
107 99
107 113
107 115
107 117
107 120
107 131
108 6
108 7
108 12
109 78
109 90
109 96
109 97
109 108
109 111
109 116
109 119
109 125
109 131
109 135
109 144
109 145
109 157
109 160
109 162
109 165
109 172
109 176
109 178
109 180
109 184
109 185
109 187
109 192
109 196
109 197
109 199
109 203
110 2
110 12
110 15
110 17
110 24
110 26
110 36
110 39
110 42
110 50
110 54
110 57
110 63
110 64
110 71
110 73
110 78
110 80
110 86
110 92
110 97
110 98
110 100
110 103
110 104
110 114
110 125
110 128
110 129
110 146
110 147
110 152
110 155
110 156
112 2
112 6
112 11
112 13
114 56
114 66
114 76
114 77
114 111
114 120
114 165
114 172
114 180
115 85
115 89
115 92
115 101
118 14
118 17
118 18
118 151
118 164
120 1
120 8
120 20
120 28
120 29
120 32
120 34
120 37
120 46
120 57
120 63
121 4
121 10
121 12
121 28
121 31
121 32
121 33
121 34
121 36
121 38
121 58
121 70
122 2
122 3
122 5
123 2
123 5
123 6
124 5
125 1
125 19
