1 1
1 4
1 10
1 13
1 25
1 28
1 29
1 33
1 34
1 37
1 45
2 2
2 6
2 11
2 30
2 37
3 12
3 26
4 71
4 73
4 76
4 77
4 87
4 95
4 96
4 104
4 108
4 109
6 57
7 3
7 7
7 14
7 15
7 22
7 23
7 29
7 160
7 163
7 165
7 166
7 177
7 192
8 16
8 27
8 31
8 37
8 51
8 58
8 70
8 72
9 5
9 45
9 51
9 57
9 63
9 69
9 72
9 81
9 94
9 121
9 128
9 136
9 138
9 141
9 143
9 164
9 171
9 172
9 174
9 182
9 183
9 186
9 189
9 193
9 195
9 209
9 210
9 217
9 291
9 296
10 2
10 9
10 17
11 89
11 92
11 94
11 96
11 103
11 106
11 108
11 118
11 119
11 142
12 19
12 24
12 37
12 59
12 67
12 73
12 204
12 205
14 43
14 45
14 48
14 49
14 51
14 52
14 60
14 124
14 130
14 133
14 140
14 147
14 164
14 168
14 170
14 173
14 179
14 197
14 202
15 19
15 20
15 33
15 34
15 41
15 42
15 55
15 66
15 67
15 71
15 75
15 83
15 84
15 98
15 99
15 107
15 109
15 110
15 118
16 10
16 15
16 16
18 11
18 12
18 18
18 21
18 25
18 34
18 37
18 44
18 50
18 56
18 57
18 60
18 64
18 77
19 3
19 7
19 28
19 29
20 4
20 7
20 32
20 36
20 37
20 45
20 51
20 52
20 53
21 1
21 2
21 5
21 11
21 18
21 28
21 32
21 36
21 37
22 6
22 8
22 12
22 17
22 20
22 24
22 156
22 157
22 160
22 161
22 164
22 168
22 170
22 174
22 175
22 182
23 3
23 11
23 22
23 25
23 26
23 30
23 33
23 36
23 42
23 46
23 58
23 96
23 97
23 103
23 105
24 7
25 7
25 8
25 11
25 16
25 24
25 43
25 45
25 47
26 82
26 91
26 105
26 109
26 112
26 117
26 118
26 124
27 13
27 15
27 89
27 94
27 176
27 178
27 179
27 195
27 199
27 204
27 221
27 223
27 224
27 231
27 243
27 247
27 249
27 250
27 251
30 9
30 18
31 2
31 4
31 18
31 19
31 27
31 28
31 32
31 33
31 35
31 36
31 38
31 41
31 43
31 44
31 45
31 53
31 62
31 64
31 70
31 83
31 86
31 99
31 115
31 124
31 125
31 146
31 149
31 153
31 156
31 157
31 175
31 176
31 177
31 179
31 180
31 182
31 186
32 5
32 7
32 23
32 36
32 61
33 11
33 12
33 16
33 21
33 31
33 34
33 39
33 47
33 50
33 52
33 55
34 4
34 9
34 24
34 27
34 40
34 54
34 58
34 64
34 71
34 72
34 76
34 87
34 95
34 107
34 111
34 125
34 127
34 131
34 134
34 136
34 148
34 150
36 2
36 21
36 28
36 34
36 44
36 56
36 57
36 61
36 64
36 69
37 32
37 33
37 39
37 44
38 1
38 5
38 12
38 15
38 18
38 21
38 32
38 40
38 42
38 44
38 52
38 74
38 76
39 4
39 9
39 16
39 18
39 25
39 26
39 29
40 4
40 19
40 39
40 44
40 49
40 57
40 61
40 70
40 76
40 85
40 93
40 96
40 99
40 109
40 202
40 208
40 217
40 223
40 224
40 238
40 254
40 255
40 256
40 261
40 266
40 269
40 285
40 289
40 298
40 310
40 322
40 323
40 327
40 329
40 344
40 347
40 349
40 353
40 355
40 357
40 358
40 363
40 368
40 369
40 371
40 373
40 375
40 389
40 394
40 396
40 398
41 15
41 20
41 44
41 50
41 54
41 69
41 70
41 72
41 76
41 82
41 84
41 91
41 97
42 2
42 5
42 9
42 12
42 13
42 14
44 2
44 15
44 29
44 30
44 35
45 1
45 3
45 5
45 6
46 121
46 123
46 127
46 128
46 130
46 137
46 148
46 149
46 157
46 158
46 208
46 217
46 220
46 223
46 227
46 229
46 233
46 238
46 257
46 258
46 262
46 277
46 282
46 285
46 291
46 300
46 319
47 56
47 58
47 59
47 68
47 69
47 74
47 79
47 89
47 95
47 96
47 106
47 107
48 2
48 3
49 1
50 2
51 3
51 9
51 10
51 15
51 17
51 18
51 19
51 24
51 77
51 78
51 82
51 89
51 95
51 101
51 105
51 109
51 117
51 256
53 58
53 62
53 81
53 89
53 95
53 97
53 100
53 114
54 4
54 18
54 20
54 35
54 37
54 54
54 60
54 74
55 2
55 6
55 7
55 19
55 21
55 27
55 38
56 59
58 2
58 3
58 10
58 33
58 36
58 42
58 51
58 57
59 15
59 18
59 20
59 22
59 27
59 28
59 34
59 161
59 207
59 213
59 239
59 241
59 242
59 248
59 250
59 253
59 266
59 267
59 270
59 272
60 109
60 112
60 115
60 141
60 143
62 1
62 4
62 5
62 12
62 23
62 24
62 28
62 69
62 72
62 77
62 78
62 84
62 86
62 89
62 98
62 99
62 101
62 103
64 11
64 20
64 24
64 26
64 35
64 36
67 11
67 22
68 5
69 87
69 89
69 90
69 93
69 96
69 105
70 1
70 4
70 7
70 13
70 14
70 16
70 29
70 64
70 69
70 75
70 81
70 82
70 96
70 100
70 101
70 103
70 114
70 124
70 129
70 132
70 142
70 149
71 46
71 68
71 72
71 73
71 77
71 95
71 109
71 118
72 11
72 13
72 14
72 22
72 27
72 36
72 41
72 44
72 46
72 47
72 49
72 64
72 78
72 84
72 88
73 7
73 12
73 15
73 17
73 18
73 29
73 38
75 61
75 72
75 88
75 101
75 103
75 104
75 126
75 129
75 148
75 149
77 3
77 19
77 36
77 52
77 55
77 56
77 76
77 78
77 88
77 110
77 112
78 8
78 12
78 14
78 37
78 45
79 37
79 50
79 55
79 56
79 68
79 80
81 15
81 20
82 63
82 68
82 73
82 75
82 79
82 90
83 29
83 47
83 48
84 17
85 7
85 13
85 14
85 17
85 23
85 26
85 37
85 39
85 58
85 61
86 1
86 4
86 5
86 31
86 43
86 58
86 82
86 85
86 89
86 90
86 91
87 5
87 6
87 16
87 19
87 155
87 161
87 165
87 175
87 217
87 222
87 239
87 241
87 245
87 247
87 258
87 259
87 268
87 269
87 279
87 280
87 288
87 290
87 296
87 301
87 340
88 1
88 3
89 15
90 17
90 19
90 21
90 38
90 41
90 51
90 53
90 58
90 59
90 63
91 27
91 32
91 42
92 7
92 8
92 16
92 20
92 24
92 32
92 44
92 47
92 53
92 70
92 73
92 75
92 77
92 86
92 93
92 94
92 98
92 100
92 101
92 102
92 116
92 117
92 121
92 123
92 124
92 138
92 269
92 270
94 54
94 56
94 63
94 67
94 84
94 85
94 88
95 1
99 3
99 13
99 14
99 23
99 33
99 36
99 37
99 40
99 50
99 61
99 64
99 74
100 7
100 24
100 27
100 29
100 37
100 42
100 47
101 37
101 170
101 178
101 180
101 182
101 183
101 185
101 188
101 196
101 197
101 202
101 204
101 212
101 213
101 214
102 4
102 10
102 12
102 29
102 32
102 54
102 55
102 60
102 62
102 65
102 67
102 69
102 82
102 84
102 89
102 98
102 106
102 107
102 110
102 115
103 4
103 5
103 7
103 15
103 16
103 23
103 31
103 36
103 40
103 48
103 54
103 57
103 59
103 60
103 62
103 67
103 69
103 78
103 84
