1 4
1 8
2 1
2 8
2 9
2 26
2 28
2 29
2 40
3 3
3 5
3 9
3 13
3 14
3 19
3 27
3 42
3 48
3 56
4 1
4 4
4 12
4 17
4 18
4 21
4 26
4 29
4 31
4 33
4 35
4 37
4 43
4 46
4 49
4 50
4 52
4 53
5 35
5 47
5 53
5 54
5 61
5 71
5 128
5 135
6 69
6 70
6 73
6 92
6 93
6 95
6 98
6 99
6 113
6 117
6 120
6 126
6 132
6 155
6 156
6 167
6 172
6 176
6 177
6 182
6 188
6 192
6 197
6 212
6 258
6 264
6 266
6 294
7 96
8 2
8 14
9 1
9 3
9 6
9 16
9 21
9 23
9 26
9 31
9 35
9 66
9 71
10 8
10 11
10 12
10 15
11 1
11 12
11 30
11 35
11 37
11 46
11 51
11 56
11 59
11 60
11 63
11 64
11 72
11 74
11 76
11 82
11 87
11 93
11 94
11 97
11 106
11 113
12 48
13 2
13 16
13 18
13 29
13 31
13 41
13 43
13 45
13 47
15 70
15 73
16 5
16 13
16 30
16 33
16 42
16 48
16 53
17 3
17 5
17 10
18 2
19 12
19 20
19 37
19 51
19 53
22 20
22 22
23 3
24 3
24 5
24 7
24 8
27 18
27 23
27 24
27 26
27 28
27 29
27 33
27 35
27 38
27 39
27 47
27 59
27 60
27 195
27 200
27 202
27 211
27 352
28 11
28 13
28 20
28 26
28 33
28 34
28 38
28 42
28 43
28 55
28 66
28 69
28 91
28 93
28 94
28 110
28 112
28 119
28 124
28 128
28 161
28 174
28 178
28 184
28 194
28 200
28 204
28 212
28 236
28 237
28 238
28 240
28 257
28 266
28 267
28 270
28 336
28 340
28 342
28 345
28 350
28 369
28 383
28 389
28 398
29 9
29 13
29 23
29 24
29 156
29 166
30 16
30 20
30 34
30 35
31 21
31 25
31 27
31 32
31 44
31 45
31 51
31 61
31 85
31 86
31 98
31 105
31 108
31 120
31 128
31 145
31 154
31 155
31 157
31 158
31 163
31 173
31 175
31 176
31 178
31 181
31 182
31 187
31 189
31 190
31 195
31 198
31 203
31 204
31 206
31 222
31 223
31 237
31 244
31 248
31 252
31 254
31 257
31 264
31 269
31 273
31 276
31 277
31 284
31 294
31 295
31 297
31 300
31 306
31 318
32 101
32 107
32 111
32 118
32 119
32 121
32 126
33 2
33 4
33 7
33 31
33 34
33 47
33 48
33 49
33 54
33 57
33 73
33 79
33 82
34 2
34 12
34 79
35 9
35 14
35 21
35 22
35 24
35 26
36 1
36 15
36 16
36 21
36 29
36 39
36 40
36 46
36 47
38 1
38 3
38 8
38 10
38 12
38 23
38 47
38 53
38 55
38 57
38 65
38 73
38 81
38 98
38 111
38 116
38 117
38 161
38 163
38 174
38 183
39 1
39 4
39 5
39 6
40 3
40 11
42 14
46 8
46 11
46 12
46 14
46 19
46 26
46 30
46 33
48 42
48 48
48 55
48 57
48 60
48 64
48 67
48 82
48 92
48 94
48 96
48 97
48 99
48 102
48 111
48 112
48 114
48 186
48 190
48 205
48 207
48 214
48 229
48 346
48 348
48 364
48 366
48 373
48 375
49 5
49 12
49 17
49 20
50 102
50 104
50 107
50 111
50 115
51 7
51 8
51 9
51 18
51 19
51 23
51 24
51 26
51 27
51 29
51 31
51 33
51 35
51 37
51 51
51 184
51 192
51 194
51 200
51 332
52 1
52 8
52 11
52 12
52 13
52 15
52 25
52 32
52 44
52 46
52 47
52 52
52 65
52 88
52 99
52 117
52 123
52 128
52 130
52 131
52 135
52 140
53 35
53 37
53 38
53 39
53 46
53 51
53 52
53 79
53 84
53 86
53 92
53 94
53 95
53 103
53 106
53 129
53 132
53 218
53 220
53 229
53 236
54 5
54 9
54 19
54 21
54 24
54 25
54 29
54 30
54 37
54 38
54 44
54 51
54 52
54 57
54 58
54 60
54 72
54 73
54 77
54 87
54 88
54 89
54 94
54 109
54 133
54 144
54 150
54 154
54 168
54 275
54 280
54 306
54 312
54 314
54 320
54 322
54 376
54 377
54 381
54 391
54 399
54 402
54 404
54 405
54 408
55 1
55 19
55 22
55 33
55 35
55 52
55 67
55 68
55 71
55 72
55 80
55 82
55 96
55 124
55 128
55 129
55 131
56 2
56 3
56 9
56 13
56 18
56 25
56 37
56 40
57 4
57 8
57 19
57 31
57 34
57 39
57 41
57 43
57 45
58 74
59 2
60 3
60 5
60 12
60 25
60 29
60 34
60 49
60 55
60 56
64 25
64 31
64 35
64 37
64 38
64 40
64 49
64 54
64 55
64 67
64 72
64 82
64 83
64 85
64 86
65 1
65 12
65 15
65 20
65 21
65 30
65 35
65 36
65 48
67 9
67 10
67 18
67 28
67 30
67 33
67 39
67 60
67 64
68 6
69 3
69 19
69 21
69 23
69 27
69 29
69 33
69 45
69 59
70 18
70 20
70 25
70 30
70 43
70 47
70 51
70 57
70 75
70 76
70 77
70 86
70 89
70 92
70 94
70 101
70 105
71 4
71 7
71 25
71 34
71 44
71 46
71 47
71 48
71 50
71 171
71 173
71 179
72 46
72 53
72 54
73 5
73 10
73 14
73 16
73 22
73 37
73 44
73 53
74 5
74 6
74 20
74 31
74 32
74 36
74 38
74 39
74 42
74 49
75 24
76 4
76 6
76 12
76 60
77 77
77 91
77 94
77 103
77 105
77 108
77 118
77 119
77 128
77 132
78 99
78 103
78 108
80 9
80 14
80 18
80 141
80 160
80 166
80 167
80 174
80 180
80 182
80 187
80 189
80 195
80 198
80 209
80 210
80 212
82 30
82 34
82 39
82 42
82 47
82 73
82 149
82 156
82 157
82 161
82 162
82 168
82 171
82 173
82 179
82 189
82 196
82 199
82 210
82 218
82 226
82 233
82 243
83 10
83 15
83 18
84 6
85 1
85 4
85 5
85 140
85 142
85 149
86 1
86 4
86 7
88 12
88 17
88 20
88 25
88 38
88 42
89 39
89 44
89 45
89 58
89 64
89 66
89 70
89 92
89 96
89 98
89 102
89 110
89 125
89 127
89 129
92 14
92 17
92 18
92 39
92 41
92 46
92 177
93 7
93 10
93 15
93 17
93 23
93 27
94 4
94 7
94 16
94 21
94 23
94 27
94 36
94 40
94 41
94 42
94 46
94 52
94 53
94 54
94 55
95 23
95 34
95 63
95 83
96 42
96 47
96 49
96 71
96 72
97 4
97 11
97 13
97 17
97 19
98 3
99 4
99 22
99 28
99 35
99 38
99 39
99 45
99 51
99 53
99 60
99 65
99 78
99 94
99 103
99 104
99 118
99 125
99 132
99 133
99 136
99 138
99 141
99 147
99 157
99 161
99 177
99 196
99 198
99 199
99 234
99 253
99 256
99 258
99 259
99 266
100 4
100 9
100 15
100 18
100 19
100 24
100 29
100 34
100 53
100 54
100 68
100 76
100 82
100 87
100 88
100 90
100 95
100 100
100 106
100 111
100 126
100 132
100 135
101 1
101 3
101 4
101 9
101 13
101 18
101 20
101 28
101 34
101 39
101 42
101 47
101 51
101 55
101 58
101 63
101 65
101 70
101 73
102 1
102 8
102 9
103 1
103 5
103 10
103 16
103 27
104 16
104 32
104 36
104 41
104 52
104 54
104 58
104 60
104 65
104 77
104 85
104 94
104 96
104 106
104 107
104 125
104 130
105 12
105 16
105 18
105 19
105 30
105 36
105 37
105 40
105 51
105 56
105 60
105 64
105 80
105 84
105 86
105 87
106 97
