1 7
1 13
1 17
2 1
2 3
3 11
3 14
3 16
3 17
3 18
3 25
4 4
4 7
4 11
4 23
4 25
4 26
4 27
4 37
4 42
5 30
5 36
5 37
5 40
5 42
5 44
5 59
5 65
5 68
5 72
5 87
5 93
5 98
5 100
6 1
7 2
7 27
7 35
7 41
7 45
7 46
7 50
7 57
7 59
7 63
7 84
7 87
7 90
7 92
7 97
9 4
9 12
9 14
9 25
9 39
9 44
9 59
9 75
9 84
9 87
9 90
9 92
10 1
10 5
10 8
10 13
10 18
10 29
10 30
10 33
10 39
10 40
10 46
10 56
12 51
12 53
12 60
12 71
12 74
12 81
12 94
12 98
12 100
12 101
12 122
12 123
12 128
12 130
12 134
12 140
12 141
12 143
12 148
12 162
16 1
17 5
17 6
17 14
17 18
17 19
17 22
17 24
17 26
17 34
17 37
18 35
18 39
18 41
18 72
18 75
19 1
20 86
20 133
20 140
20 142
20 143
20 151
20 154
20 164
20 166
20 170
20 186
21 1
21 4
21 5
21 6
21 7
21 8
21 11
21 27
21 29
21 31
21 35
21 38
21 43
21 45
21 50
22 2
22 5
22 8
22 12
22 17
22 19
22 22
23 1
23 8
23 12
23 13
23 15
23 23
23 32
23 35
23 36
23 47
23 50
23 54
23 56
23 61
23 63
23 69
23 84
23 94
23 112
23 124
24 2
24 6
24 12
24 14
24 20
24 24
24 28
25 38
25 46
25 51
25 55
25 56
25 61
25 192
25 195
28 3
28 14
29 5
29 20
29 21
30 13
30 30
31 1
31 17
31 18
31 22
31 26
31 31
31 42
31 44
34 28
34 29
34 32
34 37
36 4
36 6
36 12
36 16
36 18
37 33
37 67
37 69
37 70
37 72
37 73
37 74
37 80
37 84
37 96
37 110
37 128
37 139
37 140
37 148
37 153
37 156
38 118
38 119
38 139
38 155
38 169
38 170
38 178
38 179
39 4
39 19
42 7
42 11
42 12
43 5
43 7
43 15
43 17
43 20
43 21
43 29
44 4
44 5
44 6
44 12
44 18
44 19
45 6
45 9
45 10
45 12
45 13
45 17
45 22
45 29
45 30
45 32
45 35
45 41
45 44
45 58
45 63
45 66
45 69
45 72
45 74
45 80
45 81
45 94
46 2
46 3
46 8
46 14
46 17
46 18
46 21
46 23
50 34
50 42
50 43
50 64
50 68
50 71
51 100
51 101
51 102
51 105
52 1
52 2
52 4
52 7
52 17
52 20
52 22
52 25
52 39
52 40
52 44
52 45
52 52
52 76
52 77
52 85
52 87
52 88
52 99
52 102
52 105
53 3
53 11
54 2
55 2
55 4
55 7
55 17
56 1
56 2
56 12
56 13
56 19
57 71
57 72
57 74
57 75
57 77
57 112
57 114
57 117
57 122
57 123
57 124
57 125
57 128
57 130
58 15
58 27
59 29
59 45
59 60
61 53
61 54
61 55
61 60
61 76
62 24
62 25
62 27
62 34
62 37
62 41
62 61
62 66
62 79
62 82
62 86
62 89
62 90
62 100
62 105
62 107
62 161
62 178
62 186
62 189
62 193
62 194
62 207
62 208
62 209
62 210
62 212
62 218
62 220
62 233
62 237
62 242
62 244
62 246
62 253
62 255
62 258
62 262
62 399
62 405
62 406
62 415
62 417
62 418
62 422
62 424
62 433
62 446
62 447
62 451
62 452
62 459
62 469
62 484
62 489
62 493
62 494
62 496
62 500
62 513
62 545
62 546
62 564
62 569
62 572
62 584
63 1
63 7
63 18
63 20
63 31
63 38
63 48
63 49
63 52
63 53
63 57
63 60
63 63
64 1
64 2
64 11
64 13
64 14
64 25
64 28
64 29
64 33
64 36
65 1
65 10
65 15
65 27
65 30
65 32
65 40
65 43
65 64
65 67
65 80
65 82
65 86
65 92
66 2
66 3
66 20
67 13
67 21
67 61
67 65
67 68
67 71
67 74
68 3
68 6
68 8
68 12
68 13
68 16
68 17
68 24
68 36
68 38
68 48
68 49
68 52
68 55
70 2
70 8
70 9
70 10
70 12
70 21
71 2
71 17
71 18
72 7
72 12
72 15
72 22
72 23
72 29
72 41
72 45
72 51
72 55
72 64
73 3
73 10
73 14
73 17
73 109
73 113
73 122
73 132
73 136
73 138
73 141
73 146
73 164
73 168
73 172
73 173
73 195
73 202
73 271
73 277
73 284
73 286
73 287
73 289
73 297
73 305
73 308
73 310
73 319
73 320
73 330
74 30
74 32
77 10
77 16
77 48
77 52
77 54
77 75
77 77
77 82
77 83
77 90
77 95
77 100
78 13
78 19
78 54
78 66
78 72
78 77
78 81
78 92
78 93
78 98
78 105
78 123
78 133
78 135
78 166
78 167
78 168
79 63
79 64
79 77
79 80
79 81
80 10
80 30
80 36
80 42
81 6
82 89
82 97
82 98
83 32
83 33
83 37
83 39
83 43
84 118
84 129
84 130
84 143
84 148
84 155
84 166
84 167
84 170
84 207
85 2
85 10
85 13
85 16
85 17
85 26
85 32
85 33
85 34
85 54
85 64
85 71
85 85
85 87
85 99
85 107
85 108
85 132
85 200
85 210
85 211
85 215
85 227
85 229
85 231
86 1
86 6
86 19
86 23
86 25
86 29
86 33
86 34
86 39
86 47
86 49
86 63
86 69
86 71
86 73
86 86
86 92
86 101
86 102
86 107
86 113
86 126
86 133
86 141
86 171
86 175
86 177
86 178
86 338
88 45
88 48
88 59
88 65
88 70
88 72
88 73
88 83
88 84
88 86
88 87
88 90
88 99
91 26
91 28
91 56
91 58
91 63
92 5
92 6
92 11
93 11
93 14
93 19
93 26
93 36
93 41
93 46
93 49
96 34
96 39
98 8
98 15
98 29
98 33
98 40
98 41
98 42
98 44
98 45
98 65
98 67
98 70
98 72
98 76
98 91
98 92
98 110
98 111
98 112
98 114
98 118
98 137
98 139
98 143
98 147
98 149
98 157
98 160
98 179
98 182
98 187
98 191
98 196
98 201
98 202
98 218
98 225
98 226
99 9
99 13
99 15
99 22
99 31
99 42
100 10
100 17
100 20
100 23
100 28
100 30
100 32
100 33
100 35
100 39
101 1
101 9
101 13
101 14
101 15
101 28
101 32
101 40
101 41
101 46
101 48
101 51
101 53
101 66
101 82
101 83
101 91
101 99
101 101
101 104
101 105
101 111
101 127
101 132
101 137
101 141
101 142
103 39
103 40
103 63
103 64
103 70
103 116
103 122
103 134
103 135
103 147
103 171
103 177
103 182
103 211
103 217
103 225
103 226
103 231
103 233
103 236
103 237
103 240
103 243
103 244
103 249
103 252
103 258
103 259
104 58
104 61
105 3
106 38
106 39
106 59
106 60
106 64
106 68
106 69
106 71
106 72
106 74
106 83
106 90
106 91
107 5
107 6
107 15
107 17
107 24
107 26
107 32
107 50
107 51
107 58
107 66
107 79
107 81
107 82
107 84
107 94
107 110
107 112
107 246
107 258
107 259
107 260
108 1
108 5
108 21
108 28
108 29
108 31
108 36
108 39
108 41
108 47
108 52
108 54
108 58
108 62
108 66
109 1
109 13
109 22
109 31
109 32
111 108
111 113
111 115
111 116
111 126
111 135
111 138
111 144
111 158
111 161
111 164
111 169
111 171
111 172
111 175
111 181
111 186
111 189
111 192
111 194
111 195
111 196
111 201
111 207
111 210
111 211
112 14
112 16
112 48
112 54
112 56
112 63
112 75
112 76
112 79
112 91
112 94
112 96
112 101
112 102
112 108
115 36
115 37
115 38
115 50
115 57
115 60
115 63
115 64
115 65
115 71
115 80
115 87
115 88
115 90
115 91
115 92
115 102
115 114
115 117
115 134
115 136
115 139
115 146
115 152
115 155
115 160
115 163
115 164
115 188
115 194
115 199
115 203
115 209
115 215
115 232
115 241
115 242
115 246
115 249
115 250
115 253
115 257
115 259
115 277
115 279
115 280
116 6
116 14
116 15
116 20
116 25
116 67
116 70
116 72
120 43
