1 5
1 6
1 14
1 22
1 23
1 29
1 96
1 105
1 112
1 114
1 116
1 123
1 137
1 144
1 160
1 178
1 180
1 185
1 201
1 203
1 205
1 206
1 221
1 224
1 231
1 250
1 254
1 266
2 16
2 106
2 115
2 116
2 120
2 126
2 149
2 150
2 157
2 167
2 169
2 185
2 188
2 191
2 197
2 199
2 215
2 219
2 220
2 221
2 222
2 223
2 232
2 237
2 238
2 243
2 251
2 257
2 258
2 266
2 270
2 278
2 321
2 322
2 323
2 326
2 339
2 343
2 344
2 349
2 350
4 4
6 13
6 17
6 33
7 12
7 17
7 24
7 26
7 28
7 30
7 40
7 42
7 51
7 52
7 59
7 61
8 1
8 11
8 26
8 32
8 34
8 35
8 53
10 22
10 23
11 51
11 53
14 53
14 55
14 59
15 41
15 45
15 77
15 85
15 121
15 124
15 126
15 127
15 134
15 145
15 147
18 24
18 31
19 2
19 5
19 9
20 3
20 4
20 6
20 8
20 9
20 10
20 18
20 19
20 20
20 25
20 28
20 36
20 37
20 48
20 53
20 57
21 17
21 22
21 26
21 37
21 44
21 49
21 53
22 5
25 79
25 82
25 94
25 95
25 99
25 105
25 107
25 113
25 114
25 115
25 119
25 126
25 134
25 135
25 139
25 145
25 149
25 150
25 151
25 157
26 28
26 66
26 72
27 3
27 12
27 21
27 28
27 30
27 31
27 38
28 18
28 19
28 20
28 25
28 28
28 31
28 32
28 36
28 39
29 1
29 7
29 8
29 10
29 12
29 15
29 19
29 26
29 33
29 38
29 41
29 43
29 101
29 123
29 125
29 129
29 139
29 150
29 151
29 154
29 160
29 169
29 173
29 192
30 3
31 1
31 6
31 9
31 16
31 30
31 33
31 35
31 39
31 48
32 1
32 3
32 8
32 9
32 24
34 4
34 7
34 11
35 13
35 20
35 21
35 24
35 36
35 45
35 48
35 52
35 62
35 67
35 69
35 75
35 86
35 87
35 89
35 117
35 122
35 125
35 129
35 137
35 140
35 143
35 151
35 152
35 154
35 160
35 166
35 171
35 206
35 209
35 210
35 220
35 230
35 233
35 244
35 245
35 249
35 254
35 258
36 2
36 29
36 34
36 42
36 94
36 102
36 104
36 117
36 119
36 121
36 125
36 127
36 134
41 9
41 13
42 9
42 14
42 15
42 19
43 4
43 6
43 11
43 27
43 39
43 42
43 44
43 64
43 106
43 108
43 116
43 117
43 118
43 121
43 125
43 134
43 183
43 191
43 200
43 205
43 238
43 240
45 4
45 5
45 10
45 18
45 20
45 29
45 30
45 42
45 44
45 47
45 51
45 55
45 57
45 77
45 78
45 115
45 118
45 134
45 136
45 149
45 153
45 161
45 166
45 171
45 173
45 182
46 29
46 46
46 47
46 54
46 61
46 65
46 74
46 81
46 87
46 91
46 92
46 94
46 95
46 101
46 102
46 104
46 105
46 126
46 136
46 139
46 145
46 150
46 156
46 165
46 169
46 179
46 203
46 212
46 216
46 230
46 232
46 238
46 243
46 247
46 254
46 265
46 268
46 273
46 274
46 283
46 294
46 309
46 314
46 321
46 322
46 335
46 358
46 361
46 369
46 372
46 373
46 388
46 389
46 395
47 7
47 11
47 13
48 1
48 7
48 12
48 14
49 3
50 4
50 6
50 8
50 9
50 11
50 12
50 19
50 25
50 29
50 35
50 37
50 39
50 43
50 44
50 48
50 51
50 57
50 67
50 86
50 90
50 146
50 148
50 149
50 161
50 168
50 169
51 3
51 4
51 5
51 10
51 21
51 23
52 2
52 5
52 7
52 8
52 15
52 20
52 22
52 35
52 36
52 40
52 41
52 46
52 51
52 57
52 62
52 63
52 192
52 194
52 209
52 211
52 217
52 240
52 241
52 247
52 248
52 256
52 258
52 264
52 273
52 284
52 288
52 292
52 296
52 310
53 9
57 45
57 55
57 56
57 66
58 5
58 38
58 46
58 47
58 48
58 52
58 61
58 69
59 34
59 36
59 46
59 54
59 67
59 73
59 77
59 80
59 128
59 136
59 140
59 146
59 160
59 161
63 1
63 5
63 12
63 16
63 23
63 28
63 180
63 181
63 182
63 184
63 185
63 193
63 200
63 202
63 203
63 224
63 225
63 227
63 237
63 240
63 243
63 250
63 260
63 266
63 268
63 270
63 272
63 277
63 290
63 296
63 297
65 14
65 16
65 20
65 25
65 27
65 28
65 34
65 37
65 38
65 51
65 59
65 90
65 97
65 107
65 109
65 113
65 129
65 134
65 135
65 146
65 171
65 174
65 179
65 183
65 185
65 196
65 201
65 205
65 206
65 215
65 237
65 238
65 250
65 251
65 252
65 256
65 259
65 267
65 272
65 275
65 278
65 287
65 288
65 296
65 299
65 302
65 304
65 306
66 1
67 48
67 53
67 59
67 67
67 69
67 74
67 77
67 79
67 90
67 103
67 108
67 112
67 118
67 132
67 134
67 137
67 138
67 151
67 153
67 173
67 175
67 198
67 200
67 204
67 206
67 209
67 210
67 211
67 216
67 223
67 226
67 228
67 245
67 248
67 251
67 253
67 258
67 266
68 10
68 20
68 24
68 27
68 29
68 33
68 41
68 46
68 47
68 58
68 67
68 72
68 74
68 77
68 79
68 92
69 50
69 56
69 71
69 78
69 79
69 85
69 90
69 91
69 95
69 137
69 146
69 147
69 152
69 162
69 172
69 177
69 190
69 195
70 5
70 6
70 135
70 155
71 10
71 13
72 5
72 29
72 32
72 37
72 39
73 6
73 8
73 12
73 17
73 20
74 4
74 6
74 22
74 24
74 28
74 32
74 40
74 47
74 48
74 57
74 58
74 59
74 63
74 73
74 79
74 80
74 81
74 83
75 34
75 45
75 46
75 61
75 66
75 72
75 74
75 75
75 79
75 81
75 86
75 95
75 100
75 107
76 2
76 30
76 34
76 37
76 45
76 73
76 75
76 80
76 85
76 99
76 100
76 110
77 25
77 26
77 27
77 43
77 53
77 71
78 21
78 22
79 15
79 20
79 24
79 35
79 38
79 41
79 88
79 126
80 18
80 19
80 21
80 22
80 35
80 37
80 43
80 57
80 60
80 62
81 10
81 16
81 18
81 29
81 38
81 46
81 56
81 58
81 60
81 89
81 96
81 97
81 98
81 100
82 5
82 7
82 10
82 12
82 14
83 4
83 5
83 8
83 15
83 16
83 17
83 24
83 27
83 29
83 37
83 43
83 45
83 46
83 48
83 52
83 68
83 72
83 74
83 81
83 85
83 103
83 108
83 109
83 114
84 1
85 2
85 4
85 14
86 5
86 7
86 9
86 35
86 36
87 3
87 12
87 13
87 17
87 20
87 23
87 46
87 157
87 171
87 177
87 187
87 200
87 203
87 204
87 213
87 219
87 222
87 229
87 232
88 3
88 5
88 9
90 183
90 184
90 197
90 206
90 214
90 215
91 2
91 7
91 20
91 23
91 36
91 48
91 56
91 57
91 59
91 62
91 81
91 90
91 100
91 105
91 112
91 114
91 117
91 118
91 127
91 131
91 133
91 134
91 141
91 146
91 150
91 152
91 154
91 159
91 172
91 173
91 182
91 201
91 203
91 205
91 213
91 215
92 20
94 27
94 157
94 167
94 180
94 185
94 189
94 190
94 193
94 201
94 216
94 222
94 231
94 235
94 239
94 240
94 246
94 251
94 252
94 253
94 255
94 256
94 263
94 272
94 274
94 279
94 283
94 290
94 293
94 294
94 298
94 299
94 302
94 311
94 315
94 319
94 323
94 331
94 333
94 338
94 342
97 20
98 1
98 4
98 5
98 10
98 19
101 63
101 64
101 67
101 69
101 74
101 95
101 97
101 101
101 190
101 192
101 193
101 198
101 199
101 202
101 207
101 217
101 221
101 224
101 241
101 254
101 269
101 273
101 274
101 282
101 292
101 300
101 302
101 309
101 311
101 316
101 324
101 325
101 375
101 377
102 2
102 6
102 13
102 19
102 69
102 74
102 78
102 88
102 98
102 101
102 104
102 105
102 113
102 114
102 122
102 128
103 2
103 5
103 87
103 92
103 118
