1 22
1 28
1 34
1 42
1 64
1 72
1 100
1 154
1 186
1 188
1 193
1 194
1 195
1 198
1 205
1 213
1 217
1 218
1 222
1 223
1 231
1 238
1 241
1 245
1 258
1 264
2 15
4 15
5 60
5 61
5 62
6 21
6 26
6 28
6 37
6 40
6 42
6 62
6 65
6 69
6 71
6 72
6 101
6 106
6 107
6 109
6 110
6 111
6 118
6 127
9 20
9 30
9 31
9 37
9 41
9 61
9 66
9 81
9 82
9 85
9 89
9 93
9 100
9 102
11 70
11 75
11 77
11 80
11 127
11 129
11 134
11 137
11 138
11 139
11 143
11 188
11 189
11 214
11 217
11 219
11 220
11 230
12 83
12 91
12 93
12 98
13 1
13 7
13 9
13 14
13 15
13 18
13 19
13 149
13 162
13 293
13 302
13 303
13 308
13 317
13 320
13 321
13 328
14 11
14 13
14 14
14 16
14 19
14 37
14 40
14 43
14 87
14 92
14 94
14 100
14 107
14 116
14 121
15 20
15 23
16 5
16 8
16 13
16 14
16 28
16 37
16 47
16 51
16 57
16 61
16 64
16 66
16 70
16 144
16 148
16 152
16 153
16 157
16 158
16 168
17 70
18 4
18 6
18 13
19 79
19 80
19 81
19 83
19 112
19 115
19 251
19 258
19 266
19 267
19 269
19 276
19 280
20 23
20 26
20 27
20 31
20 39
20 61
20 66
20 71
20 72
20 81
20 95
21 4
21 45
21 48
21 62
21 63
21 73
21 74
21 79
21 83
21 94
22 2
22 26
23 2
23 5
23 8
23 12
23 25
23 31
23 40
23 46
23 49
23 54
23 60
23 68
23 77
23 86
23 92
23 95
23 97
23 104
23 106
24 1
24 4
24 8
24 12
24 15
24 23
24 24
24 31
24 48
24 49
24 51
24 55
24 72
24 75
24 81
24 82
24 106
24 118
24 119
24 120
24 122
24 124
24 126
24 130
24 134
24 136
24 138
24 147
24 166
24 170
24 182
24 186
24 189
24 190
24 192
24 197
24 205
24 208
24 209
24 210
24 211
24 213
24 215
24 223
24 236
24 250
24 252
24 253
24 268
25 6
25 15
25 21
25 25
25 26
25 31
25 32
25 39
25 41
26 4
26 10
26 39
26 41
26 48
26 65
26 70
26 72
26 73
26 75
26 77
30 51
32 58
32 59
32 62
32 80
33 4
33 6
34 2
34 7
34 14
34 16
34 17
34 19
34 21
34 22
34 28
34 45
34 48
34 62
34 67
34 83
34 86
34 93
34 100
34 102
34 107
34 112
34 121
34 130
34 148
34 153
34 155
34 159
34 170
34 179
34 182
34 199
34 206
34 207
34 211
34 221
34 227
34 228
34 238
34 252
34 253
34 255
34 259
34 260
34 262
34 268
34 276
34 277
34 278
34 291
34 321
34 328
34 337
34 354
35 3
36 3
36 33
36 36
36 41
36 53
36 59
36 61
37 7
37 8
37 12
37 14
37 17
37 36
37 39
37 43
37 179
37 216
38 2
38 9
38 14
38 21
38 26
39 21
39 24
39 25
39 32
39 40
39 41
39 96
39 102
39 107
39 108
39 110
39 118
39 122
39 123
39 124
39 127
42 12
42 18
42 20
43 3
43 6
43 7
43 10
43 15
43 16
43 25
43 28
44 68
44 70
44 73
44 78
45 34
45 49
45 51
45 57
45 82
45 88
45 99
45 113
46 67
46 71
46 79
46 84
47 23
47 24
47 25
47 45
47 51
47 60
47 65
47 69
47 78
47 79
47 81
47 86
47 87
47 90
47 91
47 92
47 95
47 97
48 11
48 16
48 17
48 31
48 33
48 34
48 40
48 46
48 51
48 58
48 61
48 71
48 75
49 53
49 66
49 81
49 87
49 88
49 90
49 95
49 98
49 108
49 117
50 15
50 18
50 20
50 22
50 34
50 38
50 48
50 51
50 57
50 71
50 80
50 91
50 94
50 96
50 97
50 105
50 114
50 116
51 7
51 9
52 6
52 18
52 21
52 29
52 35
52 40
52 45
52 46
52 144
53 15
53 25
53 68
53 78
53 80
53 89
53 90
53 98
53 101
53 107
53 182
53 184
53 187
53 202
53 239
53 241
54 11
54 12
54 14
54 21
54 24
54 26
54 37
54 40
54 48
54 51
55 13
55 24
55 25
55 27
55 33
55 44
55 45
55 188
56 9
56 10
56 12
57 69
58 2
59 29
59 36
59 37
59 44
59 52
59 58
61 1
61 3
61 16
61 22
61 23
61 24
61 33
61 35
61 36
61 37
61 41
61 44
61 54
61 55
61 74
61 86
62 1
62 4
62 7
63 4
63 8
63 12
63 18
63 19
63 20
63 26
63 29
63 38
63 50
64 2
64 8
64 10
66 10
66 20
66 21
67 7
67 12
67 16
67 25
67 26
67 35
67 42
67 46
67 51
68 2
68 3
68 18
68 22
68 27
68 29
68 36
69 1
69 11
69 13
69 18
69 23
69 26
69 28
69 31
69 48
69 51
69 53
69 57
69 59
69 63
69 64
69 65
69 71
70 2
70 18
70 28
70 34
70 49
70 51
70 59
70 69
70 71
70 77
70 89
70 227
70 228
70 230
70 232
70 240
70 243
70 250
70 252
70 254
70 256
70 258
70 277
70 279
70 285
70 297
70 303
70 312
70 325
71 47
71 49
71 58
71 70
71 73
71 77
71 80
71 82
71 84
71 105
72 16
72 36
72 38
72 41
72 47
74 20
74 34
74 37
74 42
74 53
74 54
74 59
74 69
75 21
75 22
75 24
75 28
75 44
75 46
75 48
75 70
75 73
75 83
75 97
75 99
75 100
75 110
76 64
76 72
76 75
76 76
76 83
76 84
76 103
76 116
76 118
76 124
76 127
76 140
76 144
76 150
76 165
77 10
77 20
77 66
77 74
77 85
77 89
77 97
77 106
77 108
77 110
77 137
77 139
77 168
77 171
77 175
77 178
78 3
78 14
78 20
78 21
79 4
79 9
79 11
79 14
79 27
79 28
79 30
79 44
80 1
80 11
80 12
80 17
81 7
81 13
81 38
81 48
81 55
81 62
81 65
81 74
81 75
81 97
81 151
81 162
81 163
81 164
81 184
81 186
81 187
81 195
81 199
81 210
81 215
81 224
81 247
81 248
81 249
81 251
81 257
81 258
81 265
81 268
81 270
81 279
83 76
83 88
83 105
83 106
83 129
83 134
83 138
83 147
84 7
84 12
84 21
84 49
84 51
84 55
84 56
84 58
84 60
84 61
84 65
84 66
84 73
84 76
84 77
85 9
85 84
85 86
85 90
85 91
86 28
86 30
86 40
86 45
86 46
86 48
86 52
86 63
86 65
86 68
86 73
86 78
86 80
86 81
86 82
86 83
86 90
89 30
89 35
91 60
91 69
91 72
91 73
92 22
92 25
92 28
92 30
93 8
93 15
93 16
93 17
93 20
93 24
93 26
93 30
93 32
93 34
93 36
93 38
93 39
