1 12
1 19
1 21
1 29
1 36
1 171
1 189
1 190
1 196
1 198
1 205
1 226
1 235
1 238
1 243
1 244
1 246
1 249
1 251
1 254
1 260
1 261
1 265
1 269
1 271
1 273
3 17
3 20
3 22
3 23
4 22
4 26
4 38
4 39
4 44
4 47
4 48
4 52
4 59
4 60
5 16
5 21
5 106
6 6
6 12
6 15
6 16
6 18
6 20
6 25
6 27
6 28
6 32
6 35
6 39
6 45
6 47
6 52
6 54
6 65
6 67
6 73
6 77
7 39
7 55
7 61
7 69
7 80
7 84
7 96
7 144
7 151
7 157
7 160
7 165
7 168
7 169
7 179
7 185
7 190
7 193
7 204
7 206
8 2
9 2
10 4
10 11
10 15
10 17
11 68
11 75
11 79
14 19
14 23
14 25
14 29
14 34
14 37
14 40
14 52
14 54
14 60
14 61
14 66
14 72
14 92
14 101
14 102
15 1
15 3
15 6
15 9
15 29
15 46
15 48
15 52
15 54
15 58
16 1
16 2
16 30
16 41
16 73
18 1
18 4
18 21
18 25
18 30
18 50
18 57
18 59
18 60
18 69
18 73
18 102
18 103
18 104
18 106
18 109
18 121
18 122
18 127
18 129
18 132
18 143
18 151
18 155
18 159
18 160
18 162
18 172
18 174
18 176
18 178
18 179
18 183
18 185
18 191
18 193
18 194
18 201
18 204
18 218
19 3
19 6
19 19
19 20
19 27
19 30
19 32
19 40
19 65
19 75
19 78
19 79
19 97
19 103
19 106
19 109
19 111
19 113
19 135
19 139
19 146
19 150
19 154
19 159
19 161
19 197
19 198
19 203
19 205
19 213
19 217
19 218
19 324
19 327
19 334
19 336
19 337
19 350
19 351
19 357
19 359
19 363
19 367
19 372
19 377
19 380
19 383
19 385
21 2
21 3
21 8
21 15
22 6
22 17
22 22
22 37
22 45
22 49
22 62
22 68
22 73
23 116
23 117
23 119
23 123
23 124
23 135
23 140
23 146
23 148
23 152
23 154
23 168
24 3
24 8
24 15
24 16
24 18
24 19
25 1
25 6
25 7
25 10
25 28
25 32
25 33
25 38
25 45
25 49
25 51
26 2
26 29
26 31
26 32
26 35
27 7
28 7
28 30
28 36
28 49
28 55
28 70
28 75
28 83
28 85
28 86
28 89
29 1
29 5
29 10
29 11
29 13
29 18
29 28
29 45
29 99
29 101
29 102
29 107
29 108
29 115
29 117
29 120
29 125
29 145
29 150
29 164
29 168
29 184
29 185
29 196
30 2
30 3
30 6
30 9
30 11
30 14
30 23
30 31
30 40
30 43
30 44
30 47
30 63
30 65
30 86
30 88
30 90
30 92
30 108
30 113
30 116
30 125
30 126
30 136
30 137
30 139
30 166
30 171
31 4
32 4
32 6
32 7
32 8
32 12
32 13
32 19
32 26
32 54
32 59
32 63
32 81
32 86
32 89
32 90
32 92
32 103
32 107
32 108
32 115
33 3
33 4
33 6
33 10
33 11
33 12
33 13
33 26
33 27
34 1
34 7
34 13
35 5
35 14
35 16
35 24
35 25
35 40
36 1
36 5
36 7
36 22
37 52
37 72
37 74
37 82
37 87
37 94
38 56
38 60
38 113
38 119
38 126
38 138
38 168
38 171
38 180
38 183
38 191
38 329
38 336
39 19
39 20
39 28
39 30
39 159
39 160
39 162
39 165
39 166
39 168
39 175
39 180
39 206
39 209
39 228
39 229
41 36
41 38
41 39
41 40
41 43
41 50
41 52
41 55
41 70
41 76
41 81
41 86
42 11
42 17
42 32
42 35
42 37
42 40
42 59
42 66
42 68
42 69
42 82
42 83
42 84
42 91
42 94
42 95
42 96
42 100
42 105
42 107
42 111
42 117
42 124
42 127
42 128
42 133
43 5
43 7
43 14
43 28
43 31
43 41
43 43
43 46
43 54
43 61
43 64
43 67
43 70
43 78
43 83
43 85
43 92
43 98
43 100
43 103
43 109
43 117
43 223
44 1
45 27
45 28
45 32
45 42
45 45
45 50
45 51
45 52
45 54
45 55
45 57
45 67
45 74
45 90
45 123
45 125
45 126
45 137
45 143
45 146
45 150
45 157
45 159
45 160
45 161
45 165
46 27
46 34
46 41
46 52
46 54
47 2
48 1
48 80
48 82
48 98
48 125
48 127
48 139
48 144
48 149
48 181
48 182
48 183
48 185
48 186
48 191
48 193
48 200
48 208
48 214
48 215
48 217
48 219
48 237
48 245
48 250
48 254
48 255
48 264
48 276
48 287
48 296
48 301
48 311
48 320
48 323
48 326
48 339
48 343
48 347
48 348
49 8
49 9
49 11
49 18
49 22
49 25
49 26
49 34
49 35
49 41
49 43
50 16
51 1
51 4
51 5
51 11
51 16
51 19
51 32
52 57
54 11
54 18
54 19
54 29
54 31
54 32
54 33
54 37
54 42
54 44
54 62
54 67
54 69
54 73
54 79
54 80
55 8
55 15
55 16
55 42
56 47
56 49
57 1
57 10
57 11
57 21
57 28
57 33
57 48
57 50
57 56
57 57
57 63
57 64
57 68
57 74
57 83
57 87
57 94
58 1
58 8
59 5
59 10
59 15
59 24
59 25
59 27
59 38
59 42
59 46
59 53
59 54
59 61
59 64
59 71
59 90
59 94
59 96
59 97
60 3
60 6
60 12
60 22
60 29
60 30
60 33
60 37
60 40
60 48
60 53
60 56
60 79
60 81
60 86
61 2
61 7
61 15
61 20
61 23
61 24
61 28
61 30
61 47
61 49
61 51
61 57
61 60
61 72
61 74
61 80
61 85
61 89
62 1
62 6
62 17
62 21
62 29
62 34
62 43
62 44
62 53
62 55
62 58
62 67
62 68
62 69
62 80
62 87
62 94
62 103
62 113
63 2
63 13
63 15
63 16
63 19
63 22
63 30
63 35
63 37
63 49
63 57
63 59
63 63
63 68
63 74
63 75
63 79
63 81
63 82
63 83
63 84
63 87
63 88
63 90
64 2
64 11
64 24
64 27
64 30
64 32
64 37
64 49
64 52
64 57
64 58
64 79
64 81
66 19
68 29
68 31
68 35
68 36
68 44
68 50
68 54
68 69
68 72
68 77
68 83
68 91
68 104
68 111
68 124
68 126
69 2
69 7
69 8
69 14
69 17
69 20
69 40
69 51
69 53
69 83
69 86
69 105
69 118
69 133
70 1
70 10
70 15
70 21
70 25
70 27
70 34
70 141
70 163
70 166
71 13
72 1
72 10
72 17
72 22
72 24
72 28
72 29
72 39
72 41
72 52
75 30
75 33
75 34
75 35
75 36
75 48
75 60
75 65
75 78
75 87
75 88
75 110
75 111
75 114
75 115
75 121
75 122
75 132
75 134
75 141
75 152
75 159
75 161
75 163
75 165
75 171
75 180
75 181
75 196
76 61
76 62
76 199
76 200
76 217
76 223
76 226
76 228
77 40
77 42
77 49
77 52
77 58
77 60
77 68
77 74
77 75
77 81
77 91
77 94
77 97
77 99
77 100
77 115
77 122
77 156
77 157
77 161
77 170
77 173
77 182
78 7
78 34
78 38
78 39
78 41
78 44
78 49
78 52
78 56
78 57
78 62
78 73
78 78
78 84
78 116
78 118
78 121
78 122
78 124
78 125
79 13
79 18
79 19
81 1
81 2
81 5
81 11
81 12
82 1
82 8
82 21
82 25
83 7
83 16
83 17
83 37
83 41
84 10
84 15
85 6
85 7
85 10
85 16
85 25
85 31
85 32
85 35
85 36
85 50
85 53
85 63
85 64
85 67
85 69
85 80
85 85
85 104
85 106
85 111
85 114
85 118
85 124
85 126
86 28
86 29
86 30
86 38
86 40
86 42
86 45
86 48
86 50
86 53
86 66
86 68
86 73
86 84
86 94
86 98
86 106
86 107
86 239
87 3
87 5
87 7
87 12
89 3
89 7
89 12
89 19
89 23
89 26
89 29
90 1
90 4
90 16
90 17
90 27
90 31
90 34
90 81
90 85
90 86
90 99
90 100
90 107
90 111
90 117
91 19
91 20
91 32
93 26
93 28
93 31
93 33
93 40
93 44
93 50
93 52
93 61
93 69
93 74
93 76
93 90
93 97
93 98
93 110
93 115
93 119
93 127
93 128
93 133
93 135
93 136
93 140
93 146
93 149
93 151
93 164
94 1
94 2
94 4
94 5
94 10
94 12
94 25
94 30
94 43
94 45
94 46
94 153
94 154
94 155
94 158
94 161
94 162
94 166
94 169
94 171
94 172
94 178
95 3
95 5
95 8
95 18
95 30
96 1
96 5
96 9
96 17
96 24
97 4
97 14
97 15
97 19
97 29
97 40
97 106
97 120
97 137
97 147
97 152
98 25
98 33
98 44
98 45
98 127
98 138
98 139
98 140
98 143
98 145
98 156
98 161
98 164
98 174
98 204
98 227
98 236
98 240
99 2
99 4
99 14
99 15
99 16
99 17
99 20
99 37
99 48
99 49
100 2
100 4
100 7
100 19
100 22
100 25
100 30
100 33
100 133
100 134
100 142
100 146
100 147
100 151
100 157
100 165
100 169
100 172
100 183
100 186
100 210
100 211
100 261
100 267
100 268
100 277
100 286
100 289
100 300
101 3
101 4
102 1
102 2
102 6
102 21
102 36
102 43
102 48
103 14
104 6
104 73
104 75
104 76
104 78
104 86
104 87
104 91
104 99
104 108
104 111
104 124
104 132
104 142
104 150
104 152
105 1
105 5
106 2
107 7
