1 4
1 14
1 15
2 7
2 11
2 17
3 1
3 2
3 8
3 12
4 5
4 6
4 19
4 22
4 26
4 30
4 42
4 46
4 51
4 53
4 69
4 78
4 79
4 96
4 103
4 107
4 112
4 119
4 120
5 5
5 9
6 7
6 11
6 16
6 17
6 20
6 22
6 26
6 59
6 64
6 66
6 76
6 87
6 100
6 110
6 119
6 138
6 140
6 146
6 148
6 286
6 287
6 320
6 326
6 336
6 341
6 344
6 348
6 356
6 358
6 391
6 392
9 22
10 81
10 82
10 83
10 103
10 105
10 108
10 116
10 126
10 134
10 140
10 143
10 158
10 166
10 169
10 173
10 181
10 184
10 202
10 205
10 213
10 214
10 215
10 223
11 4
11 10
11 21
11 29
11 32
11 33
11 38
11 49
11 50
11 55
11 59
11 60
11 65
11 67
11 90
11 91
11 92
11 96
11 99
11 108
11 109
11 110
11 114
11 115
11 122
11 125
11 130
11 134
11 143
11 145
11 150
11 163
11 170
11 175
11 185
11 192
11 201
11 202
11 205
11 206
11 217
11 230
11 235
11 237
11 248
11 251
11 256
11 260
11 266
11 273
11 277
11 278
11 280
11 290
11 291
11 303
11 312
11 315
11 317
11 330
11 333
11 342
11 354
11 357
11 358
11 361
11 367
11 369
11 373
11 385
11 386
11 389
11 392
11 393
11 408
11 409
11 410
11 413
11 417
11 418
11 421
11 422
11 426
11 430
11 433
11 440
11 445
11 447
11 472
11 475
11 490
11 491
11 495
12 15
12 16
12 20
12 33
12 36
12 88
12 99
12 101
12 108
12 110
13 18
13 23
13 24
13 32
13 34
13 36
13 42
13 51
13 53
13 54
13 58
13 66
13 67
14 6
14 12
14 17
14 25
14 35
14 53
14 54
14 63
14 73
14 80
14 85
14 86
14 87
14 89
14 104
15 14
15 24
15 25
15 26
15 30
15 36
15 50
15 52
15 58
15 65
15 66
15 73
15 81
15 91
15 97
15 117
15 118
15 139
15 144
15 157
15 162
16 2
16 11
16 16
16 32
16 36
16 40
16 41
16 63
16 65
16 72
17 2
17 10
17 14
17 15
17 18
17 23
17 27
17 33
17 40
17 51
17 53
17 56
18 1
18 12
18 13
18 27
18 41
18 43
18 52
19 34
19 36
19 40
19 47
19 51
19 59
19 67
20 14
20 16
20 17
20 23
20 32
20 34
20 36
20 37
20 41
20 46
20 57
20 59
20 79
20 80
20 83
20 86
20 95
21 17
21 28
21 29
21 36
21 39
22 15
22 16
22 26
22 42
22 49
24 3
25 3
25 14
25 46
25 48
25 50
25 56
26 6
26 8
26 28
26 162
26 165
26 173
26 176
26 178
26 185
26 188
26 193
26 197
26 201
26 273
26 275
26 277
26 290
26 292
26 294
26 303
26 304
26 306
26 311
26 316
26 317
26 433
27 1
27 2
27 3
27 8
27 13
27 17
27 21
27 33
27 34
28 19
28 20
28 37
28 45
28 46
28 53
28 57
28 59
28 61
28 64
28 72
29 2
30 60
30 127
30 136
30 141
30 146
30 157
30 290
31 68
31 79
31 85
31 86
31 89
31 104
31 106
31 112
31 113
31 118
31 130
31 137
31 138
31 142
31 153
31 154
31 156
31 158
31 163
31 218
31 225
31 229
31 230
31 234
31 250
31 255
31 274
31 275
31 288
31 290
31 293
31 305
31 315
31 322
31 324
31 334
31 335
31 343
31 347
31 352
31 354
32 6
32 8
32 9
34 77
35 7
35 16
35 17
36 118
37 3
37 6
37 72
37 79
37 85
37 87
41 15
41 17
41 23
41 25
41 32
41 38
43 13
43 16
43 19
43 22
43 26
43 38
43 48
43 51
43 61
43 71
43 72
43 79
44 3
44 19
44 21
44 153
44 160
44 161
44 233
44 243
44 254
44 265
44 266
44 276
44 277
44 279
45 4
45 9
45 10
45 15
45 22
45 28
45 30
45 31
45 36
45 37
46 5
46 11
47 3
47 5
48 14
48 16
48 19
48 115
48 116
48 118
48 120
48 121
48 127
48 128
48 130
48 131
48 139
48 142
48 147
48 148
48 155
48 156
48 157
48 160
48 167
48 168
48 169
48 172
48 180
48 187
48 192
48 255
48 257
48 267
48 268
49 4
49 8
49 10
49 11
49 15
49 24
49 34
49 36
49 38
49 41
49 42
50 4
50 11
50 12
50 16
50 18
50 21
50 54
50 55
50 56
50 62
50 64
50 69
50 72
50 76
50 83
50 89
50 90
50 101
50 107
50 116
50 121
50 128
50 129
50 133
50 134
50 140
50 151
50 152
50 167
50 174
50 177
50 191
50 197
50 198
50 201
50 222
50 230
51 2
51 3
51 5
51 7
51 12
51 13
51 19
51 20
51 22
51 24
51 33
51 60
51 62
52 20
53 2
53 8
53 14
53 16
53 17
53 32
53 35
53 46
53 52
53 53
53 63
53 65
53 69
53 72
53 73
53 75
53 78
53 84
53 86
53 87
53 89
53 102
53 106
53 110
53 112
54 6
54 7
54 9
54 31
54 32
54 43
54 51
54 63
54 66
54 68
54 77
54 83
54 85
54 123
54 132
54 137
56 7
56 17
56 19
56 25
56 26
56 29
56 35
56 37
56 44
56 55
57 6
57 13
57 14
57 22
57 26
57 35
57 36
57 38
57 59
57 61
59 22
59 31
59 32
59 39
59 42
59 46
59 47
59 48
59 50
59 51
59 65
59 67
59 68
59 70
59 77
59 80
59 81
59 89
59 97
59 105
59 113
59 120
59 123
59 127
59 165
59 166
59 194
59 203
59 226
59 235
59 238
59 246
59 248
59 255
60 3
60 5
60 13
60 16
60 21
60 27
60 31
60 36
60 37
60 41
60 44
60 46
60 48
60 49
60 59
60 79
60 86
60 107
60 114
60 115
60 144
60 147
60 149
60 159
60 160
60 164
60 165
60 171
60 181
60 191
60 195
60 198
60 206
60 211
60 213
60 218
61 7
61 14
61 23
61 33
61 38
61 41
62 2
62 4
62 5
63 1
64 4
64 10
64 12
64 16
64 24
64 31
64 88
64 89
64 91
64 93
65 1
65 15
65 27
65 31
67 3
67 4
67 14
67 15
69 48
69 52
69 53
69 58
69 69
69 71
69 85
69 91
70 29
70 32
70 38
70 40
70 49
72 23
72 24
72 26
72 35
72 50
72 52
72 61
72 64
72 65
72 130
72 138
72 142
72 145
74 54
75 10
76 2
76 3
76 16
76 18
77 1
77 2
77 22
78 9
78 31
78 37
78 48
78 50
78 53
78 67
78 72
78 79
78 81
78 95
80 9
80 16
80 18
80 25
80 33
80 47
80 48
80 52
81 1
81 6
81 21
81 37
81 43
81 46
81 53
81 60
81 62
81 65
82 6
82 8
82 14
82 15
82 21
82 26
82 43
83 23
83 26
83 28
83 51
83 54
83 60
83 90
83 91
83 93
83 94
83 98
83 100
83 108
83 113
83 114
84 46
84 47
84 51
84 59
84 64
84 65
84 68
84 70
84 72
84 73
84 76
84 80
84 83
84 87
84 90
84 92
84 99
84 101
84 103
84 108
84 115
84 127
84 128
84 130
84 131
84 139
84 150
84 152
85 4
85 13
85 16
85 21
85 22
86 4
86 18
86 27
86 29
86 31
86 40
86 49
86 51
86 58
86 86
86 97
86 98
86 104
86 106
86 107
86 118
86 123
86 129
86 160
86 163
86 166
86 183
86 184
86 196
87 92
87 96
87 98
87 102
87 116
87 124
87 130
87 131
87 135
87 139
88 3
88 6
88 10
89 8
89 17
89 18
89 20
89 31
89 37
90 55
90 196
90 197
90 204
90 245
90 249
90 251
90 252
90 261
90 269
92 25
92 26
93 3
93 14
93 17
93 18
93 23
93 27
93 46
93 61
93 71
94 81
94 86
94 88
94 95
94 97
94 105
94 229
94 230
94 239
94 241
94 264
94 279
94 293
94 301
97 90
97 91
97 112
97 115
97 125
97 126
97 132
97 135
97 138
97 171
97 174
97 175
97 184
97 192
97 198
97 203
97 211
97 216
98 40
98 42
98 48
98 49
98 53
98 71
98 89
98 90
98 109
98 111
98 119
98 141
98 142
98 145
99 1
99 11
99 14
99 17
99 35
99 36
99 38
99 40
99 51
99 54
99 55
100 4
101 1
101 11
101 16
101 17
101 19
101 22
101 27
101 28
101 41
101 50
101 55
101 57
101 59
101 60
101 88
101 93
