1 2
1 5
2 84
2 94
2 96
2 101
2 106
2 111
2 121
2 135
2 138
2 139
2 148
2 150
2 165
3 11
3 18
3 22
3 24
3 25
3 26
3 32
3 40
3 42
3 46
3 47
3 55
3 57
3 59
3 62
3 66
3 96
5 3
5 7
5 10
5 17
5 18
5 19
5 20
5 24
5 25
5 40
5 47
5 48
5 61
5 66
5 151
6 2
6 3
6 10
6 16
7 3
7 23
7 26
7 28
7 49
7 52
7 56
7 59
8 1
8 4
9 2
10 2
10 3
10 4
12 18
12 20
12 27
12 36
12 39
12 48
12 49
12 55
12 57
12 58
12 67
12 68
12 74
12 205
12 210
12 216
12 222
12 227
12 233
12 236
12 239
12 240
12 247
12 251
12 253
12 276
12 279
12 292
12 293
12 299
12 310
12 319
12 324
12 326
12 334
12 335
12 342
14 114
14 133
14 134
14 136
14 137
14 138
14 139
14 146
14 160
14 173
14 183
15 32
15 36
15 39
15 42
15 46
15 50
15 60
15 66
15 77
15 78
15 89
16 98
16 99
16 110
16 117
16 123
16 126
17 77
17 82
17 84
17 87
17 90
17 94
17 105
17 110
17 112
17 114
17 116
17 119
17 120
17 131
17 132
17 133
17 141
17 149
17 169
17 173
17 189
17 193
17 200
17 203
17 204
17 206
17 209
17 213
17 215
17 232
17 235
17 236
17 237
20 4
20 14
20 15
20 20
20 21
20 32
20 36
20 50
20 56
20 58
21 3
21 6
22 2
22 13
22 18
22 32
23 1
23 4
23 12
23 17
23 19
23 22
24 2
24 15
26 3
26 17
26 37
26 43
26 48
26 73
26 79
26 92
26 101
27 8
27 12
27 22
28 3
28 4
28 23
28 27
28 32
28 39
28 54
28 58
28 59
28 61
28 64
28 73
28 77
28 79
28 80
28 82
29 18
29 31
29 37
31 4
31 8
31 9
31 11
31 23
31 29
31 31
31 34
31 40
31 47
31 58
31 64
31 65
31 72
31 76
31 77
31 80
31 92
31 106
31 108
31 111
31 112
31 115
31 118
31 122
31 137
31 142
31 147
31 214
31 232
31 234
31 240
31 242
31 245
31 250
31 264
31 268
31 276
31 278
32 1
32 4
33 4
33 5
33 11
33 12
33 18
33 19
33 28
33 30
33 32
33 34
33 36
33 46
33 53
33 56
33 58
33 66
34 3
34 7
34 21
34 31
34 34
34 37
34 44
34 54
34 57
34 76
34 77
34 92
34 100
34 106
34 109
34 122
34 125
34 131
34 137
34 144
34 151
34 153
34 160
34 163
34 166
34 169
34 174
34 184
34 200
34 210
34 212
34 213
34 214
35 4
36 7
37 5
37 6
37 12
37 26
37 70
37 75
37 76
37 82
37 91
37 110
37 114
37 118
37 128
37 141
37 151
37 153
37 161
37 163
37 167
37 174
37 176
37 182
37 183
37 189
37 191
37 193
37 197
37 201
37 208
37 216
37 220
37 226
37 228
37 232
37 243
38 1
38 16
38 17
39 29
39 32
40 9
40 13
40 24
40 38
40 47
40 52
40 59
40 66
40 67
40 70
40 71
45 47
45 49
45 51
45 68
45 75
45 76
45 77
45 80
45 92
45 93
45 96
45 104
45 177
45 208
46 7
46 11
46 22
46 24
46 33
46 36
46 44
46 46
46 48
46 51
46 54
46 58
46 60
46 64
46 71
46 79
46 80
46 92
47 2
47 9
48 5
48 6
48 9
48 11
48 12
48 14
48 25
48 39
49 2
49 3
49 4
49 6
49 14
49 20
49 41
49 42
49 43
49 46
50 100
50 110
50 119
50 123
50 125
50 129
50 133
50 145
50 147
50 148
50 175
50 178
50 181
50 185
50 198
51 21
51 26
51 29
51 31
51 35
51 39
51 41
51 44
51 63
51 72
51 77
51 103
52 5
52 16
52 21
52 38
53 3
53 13
53 41
53 53
53 61
54 13
54 17
54 21
54 34
54 37
54 43
56 64
56 65
56 67
56 69
56 72
56 84
56 87
56 93
56 96
56 170
56 176
56 177
56 187
56 189
56 206
56 207
56 209
56 222
56 225
57 2
57 3
57 17
58 19
58 27
58 34
58 36
58 40
58 51
58 52
58 61
60 2
60 22
60 35
61 86
61 103
61 107
61 109
61 113
61 120
61 123
61 136
61 140
61 153
61 161
61 165
61 171
61 178
61 182
61 196
61 202
61 229
61 232
61 235
61 236
61 297
61 299
61 315
61 316
61 319
61 323
61 339
61 341
61 343
62 2
62 5
62 6
62 9
62 77
62 92
62 93
62 105
62 115
62 120
62 121
62 123
62 124
62 141
62 156
62 163
62 164
62 174
62 180
62 196
62 197
62 200
62 203
62 208
62 216
62 223
63 2
63 11
63 13
64 3
64 27
64 45
64 47
67 47
68 7
68 13
68 14
70 2
70 18
70 20
70 23
70 34
70 61
70 62
70 73
70 82
70 89
70 90
70 97
70 103
70 104
70 108
70 114
70 118
70 120
70 126
70 146
70 147
70 154
71 5
71 6
71 9
71 11
71 17
71 23
71 24
71 36
71 38
71 40
71 45
71 46
71 63
71 74
71 81
71 82
71 90
71 92
71 97
71 118
71 119
71 248
71 252
73 32
73 34
73 36
73 38
73 50
73 51
73 59
73 60
74 3
74 4
74 6
75 2
75 7
75 11
75 18
75 21
75 51
79 31
79 32
79 35
79 38
79 44
79 47
79 81
81 19
81 22
81 23
81 25
81 37
81 49
81 53
81 71
81 72
81 83
81 97
81 99
81 101
81 102
81 104
81 110
81 112
81 114
81 116
82 62
82 78
82 102
82 174
83 32
83 43
83 51
83 59
83 60
83 65
83 74
83 87
83 93
83 94
83 96
83 103
84 5
84 12
84 22
84 27
84 30
84 31
84 33
84 38
84 42
84 51
84 53
84 60
84 71
84 73
84 78
84 92
84 96
84 98
84 103
84 118
84 122
84 127
84 132
84 145
84 146
84 151
84 154
84 155
84 162
84 291
84 292
84 294
84 297
84 322
84 325
84 326
84 339
84 340
85 4
85 6
85 8
88 28
88 30
89 1
89 19
89 25
89 33
89 34
89 38
89 39
89 55
89 60
89 63
89 69
89 84
89 87
91 27
91 29
93 10
93 19
94 99
94 105
94 106
94 108
94 116
94 121
96 14
96 32
96 33
96 39
96 46
96 49
96 53
96 54
98 1
98 3
98 8
98 11
98 12
98 15
98 47
98 52
98 57
98 62
98 63
98 70
98 79
98 80
99 2
101 71
101 79
101 82
102 17
102 21
102 22
102 34
102 35
102 38
102 41
102 42
102 47
102 50
102 54
102 66
102 88
102 98
102 103
102 114
102 131
102 136
102 145
102 147
102 162
102 165
102 168
102 170
102 179
102 186
102 195
102 201
102 210
102 214
102 224
102 232
102 241
102 246
102 250
102 257
102 258
102 259
102 265
102 267
102 273
102 274
102 281
102 282
102 285
102 286
102 289
102 291
103 7
104 7
106 63
106 67
106 68
106 74
107 3
107 10
107 11
107 12
108 2
108 5
108 6
108 8
108 9
108 18
108 30
108 32
112 8
112 13
112 23
112 25
112 26
113 20
114 3
114 4
114 6
114 14
114 21
114 28
114 32
114 40
114 50
114 185
114 190
114 202
114 203
114 209
114 214
114 216
114 217
114 224
