1 2
1 13
1 22
1 24
1 26
1 29
1 37
1 41
1 44
1 52
1 56
1 59
1 63
1 65
1 66
1 68
1 78
1 87
1 94
1 101
1 102
1 111
1 113
1 115
1 116
1 118
1 119
1 133
1 138
1 140
1 145
1 152
1 153
1 170
1 173
1 174
1 183
1 194
1 196
1 198
2 16
2 21
2 30
2 31
2 44
2 53
2 54
2 57
2 59
2 84
2 85
2 87
2 94
2 104
2 108
2 110
2 118
2 119
2 121
2 128
2 130
2 145
2 146
2 158
2 167
2 172
2 179
2 180
2 183
2 187
2 192
2 193
2 197
2 214
3 29
3 32
3 33
4 11
4 20
4 23
4 28
4 29
4 30
4 34
4 48
4 52
4 64
4 74
4 79
5 5
5 7
5 19
5 26
5 27
5 37
5 51
5 67
6 6
6 10
6 12
6 17
6 22
6 24
6 29
6 42
6 50
6 51
6 70
6 77
6 83
6 84
6 86
6 89
6 103
6 108
6 112
6 113
6 115
6 127
8 1
8 3
8 8
8 9
8 10
8 20
8 21
9 88
9 97
10 3
10 6
10 7
10 10
10 21
10 22
10 26
10 27
10 33
11 2
11 29
11 33
15 1
15 8
15 12
16 1
16 3
16 4
16 14
16 22
16 23
16 25
16 27
16 33
16 37
17 3
17 4
18 11
18 22
18 26
18 29
18 31
18 40
18 53
18 55
18 59
18 62
18 63
18 68
19 1
19 6
19 7
19 12
19 16
19 18
19 26
20 2
20 15
20 30
20 38
20 44
20 46
20 49
20 58
21 38
21 43
21 55
22 2
22 18
22 20
22 29
22 35
23 1
23 10
23 11
23 24
23 33
23 37
23 40
23 42
23 46
23 52
23 56
23 66
23 68
23 71
23 75
23 89
23 90
23 94
23 116
23 121
23 125
23 126
23 127
23 131
23 147
23 154
23 164
23 178
23 179
23 192
23 201
24 24
24 32
24 35
24 45
24 51
24 61
24 70
24 72
24 89
24 90
24 91
24 95
24 110
24 117
25 9
25 13
26 8
26 11
26 22
26 26
26 50
26 56
26 59
26 76
26 81
26 87
26 90
27 30
28 1
29 6
29 9
29 18
29 24
29 26
29 34
30 28
30 43
30 44
30 104
30 108
30 110
30 127
30 130
30 136
30 140
31 58
31 60
31 64
31 69
31 70
33 2
33 4
33 6
33 17
33 100
33 106
33 127
33 138
33 139
33 150
33 158
33 160
33 183
33 186
33 190
33 191
33 192
34 59
35 16
35 93
35 94
35 96
35 97
35 103
35 110
35 113
35 114
35 123
35 124
35 136
35 141
35 152
35 153
35 175
35 180
35 195
35 213
36 46
36 47
36 56
36 64
36 71
36 81
36 99
36 102
36 106
37 2
37 4
37 10
37 11
37 19
37 29
37 31
37 48
37 56
38 6
39 3
40 1
40 9
40 14
40 26
40 35
40 36
40 40
40 44
40 45
40 46
40 55
40 59
40 60
40 62
40 64
40 65
40 66
40 67
40 69
40 70
40 71
40 75
40 78
40 85
40 87
40 88
41 11
41 13
41 142
41 144
41 154
41 161
41 162
41 166
41 168
41 172
41 176
42 1
42 4
42 14
42 15
42 20
42 26
42 37
42 39
42 40
42 43
42 140
42 143
43 2
43 13
44 4
44 7
44 10
44 12
44 21
44 27
44 29
44 30
44 51
44 61
44 64
45 10
45 15
45 43
45 62
45 66
45 78
45 84
45 85
45 86
45 88
45 90
45 97
45 98
45 103
45 105
45 107
46 30
47 13
47 15
47 61
47 72
47 85
47 96
47 98
47 106
47 110
47 111
47 120
48 6
48 21
48 26
48 30
48 35
48 40
48 41
48 42
48 45
48 48
48 53
48 56
48 74
48 78
48 79
48 86
48 90
48 91
48 107
48 108
48 115
48 119
48 122
48 130
50 2
50 4
53 5
53 12
53 26
53 33
53 35
53 37
53 40
53 47
53 62
53 63
53 85
53 97
53 105
53 144
53 145
53 151
53 155
53 156
53 161
53 165
54 6
54 9
54 17
54 22
54 28
54 33
54 42
54 47
54 49
54 62
55 7
55 13
55 14
55 22
55 27
55 34
55 42
55 44
55 47
55 50
55 73
55 85
55 89
55 90
55 91
56 1
56 8
56 9
56 17
56 25
56 26
56 33
56 41
56 47
56 51
56 52
56 81
57 83
57 86
58 15
58 17
59 1
59 8
59 20
59 35
59 40
59 46
59 48
59 51
59 55
59 57
59 133
59 140
59 142
59 144
59 148
59 150
59 162
59 167
59 170
59 172
59 180
61 6
61 9
61 14
61 26
62 8
62 11
62 14
63 17
63 27
63 28
63 30
63 31
63 34
63 39
63 47
63 70
63 123
63 125
63 131
63 134
63 137
63 143
63 148
63 149
63 152
63 159
63 167
63 181
63 182
63 189
64 16
64 18
65 9
65 10
65 15
65 30
65 50
65 51
65 57
65 64
65 69
65 73
65 76
65 77
66 9
66 11
66 17
66 18
66 31
66 36
66 39
68 28
68 29
68 39
68 46
68 50
68 52
68 54
68 56
68 57
68 82
68 92
68 193
68 196
68 203
68 216
68 217
68 221
69 3
69 7
69 12
69 22
69 30
69 33
69 34
69 37
69 45
69 55
69 59
69 62
69 63
69 70
69 71
69 78
69 82
69 83
69 90
69 117
69 118
69 119
69 129
69 148
69 149
69 152
69 160
69 163
69 166
69 173
69 175
69 207
69 212
69 213
69 217
69 219
69 229
69 231
69 233
69 243
69 248
70 2
70 8
70 11
70 18
70 21
70 31
70 35
70 42
70 45
70 46
70 47
70 59
70 61
70 62
70 67
70 68
70 69
70 77
71 24
71 38
71 40
71 44
71 49
71 52
71 54
71 65
71 74
71 76
71 80
71 83
71 85
72 64
73 6
73 8
74 2
75 3
75 4
75 9
75 12
75 16
75 26
75 28
75 29
75 35
77 5
77 7
77 13
77 19
77 21
77 25
77 110
77 111
77 114
77 124
77 125
77 129
77 154
77 155
77 158
77 175
77 181
77 185
77 188
77 197
77 207
77 210
78 6
78 8
78 12
80 3
80 14
80 22
80 49
80 54
80 66
81 2
81 8
81 20
81 22
81 29
81 40
81 41
81 51
81 54
81 90
82 1
82 15
83 1
83 4
83 6
83 28
83 31
85 42
85 46
85 47
85 55
85 58
85 60
85 68
85 69
85 86
85 90
85 91
85 93
85 100
85 101
85 106
85 107
85 110
85 132
85 135
85 144
85 145
85 161
85 165
85 181
85 194
85 199
85 225
85 229
85 232
85 239
85 240
85 279
85 284
85 285
86 3
86 4
86 12
86 18
86 27
86 32
86 39
86 40
86 41
86 50
86 51
86 99
86 101
86 120
86 129
86 133
86 137
86 138
86 139
86 145
87 2
87 5
87 8
87 11
87 13
87 18
87 27
87 39
87 43
87 46
87 56
87 62
87 65
87 69
87 75
87 83
88 4
88 7
88 8
88 37
88 105
88 109
88 111
88 114
88 117
88 122
88 128
88 140
88 162
88 163
88 165
88 173
88 175
88 176
88 178
88 179
88 184
88 190
88 191
88 193
88 194
88 199
88 202
88 206
88 216
88 217
88 218
88 221
88 263
88 271
88 272
88 274
88 277
88 281
89 1
90 42
90 43
90 52
90 59
90 60
90 63
90 70
90 71
90 73
90 75
90 83
90 92
90 95
90 185
90 194
90 201
90 202
90 203
90 205
90 207
90 218
90 219
91 2
91 9
91 13
91 16
93 13
93 22
93 43
93 47
93 48
93 69
93 73
93 76
93 79
93 84
93 86
93 99
93 123
93 130
93 131
94 1
94 2
94 9
94 17
94 19
94 26
94 28
94 29
94 33
94 35
94 40
94 42
94 49
94 50
94 52
94 53
94 56
95 2
95 8
95 24
95 29
95 30
95 34
95 47
96 1
96 3
98 1
99 53
99 67
99 68
100 1
100 139
100 140
100 143
100 144
100 147
100 148
100 154
101 57
101 69
101 70
101 72
101 79
101 80
101 81
101 96
101 101
101 104
101 106
101 126
101 127
101 134
101 140
101 143
101 148
101 195
102 4
102 7
102 11
102 19
102 21
102 24
102 29
102 32
102 34
102 36
102 47
102 55
102 60
102 74
102 84
102 85
102 87
102 91
103 5
103 8
103 10
103 11
104 9
104 31
104 36
104 40
104 45
104 46
104 49
104 77
104 92
104 100
104 116
104 135
104 139
104 159
104 167
104 171
104 180
104 185
104 187
104 189
104 194
104 234
104 235
104 239
104 249
104 251
104 267
104 268
104 271
104 280
104 282
104 287
104 288
106 3
106 9
106 12
106 16
106 20
106 22
106 23
106 24
106 27
106 28
106 33
106 36
106 39
106 46
106 47
106 54
106 55
106 60
106 68
106 70
106 82
107 1
107 3
107 5
107 9
107 13
107 24
107 27
107 31
107 50
107 56
107 61
107 66
107 73
107 81
107 83
107 90
107 104
107 105
107 111
107 112
107 130
107 134
107 139
107 140
107 164
107 168
107 170
107 173
107 237
107 249
107 254
108 24
108 32
108 37
108 47
108 51
108 54
108 62
108 67
111 48
112 4
112 8
112 10
