1 2
1 4
1 8
1 10
1 11
1 15
1 16
1 17
1 19
1 21
1 23
1 33
1 34
1 40
1 44
1 47
1 58
1 62
1 65
1 68
1 113
1 116
1 119
1 134
2 2
2 12
2 22
4 33
4 41
4 45
5 8
5 10
6 3
6 7
6 17
6 21
6 27
6 84
6 105
6 118
6 121
6 126
6 143
6 148
6 149
6 152
6 154
6 159
6 170
6 178
6 189
6 196
6 200
6 205
7 28
7 38
7 48
7 53
7 81
7 124
7 126
7 128
7 135
7 136
7 144
7 149
7 150
7 153
7 159
7 183
7 193
7 203
7 208
7 212
7 214
7 220
7 221
7 222
7 226
7 242
7 248
7 249
7 255
7 265
8 9
8 10
8 14
8 18
8 20
8 29
8 30
8 40
8 41
8 43
8 48
8 49
8 55
8 56
8 65
8 72
8 73
8 79
8 88
8 92
8 94
8 96
8 112
8 118
9 2
9 5
9 10
9 12
9 15
10 4
10 10
10 11
10 13
10 14
10 22
10 25
10 30
10 31
10 32
10 33
10 37
10 38
10 47
10 49
10 58
10 67
10 75
10 81
10 87
11 3
11 6
11 16
11 19
11 24
11 28
12 81
12 82
12 90
13 2
13 4
13 10
14 4
14 6
14 9
14 22
14 24
14 27
14 30
14 32
14 33
14 35
14 38
14 41
14 51
14 54
14 65
14 67
14 68
14 70
14 78
14 91
14 92
14 94
14 95
14 105
14 159
14 160
14 161
14 162
14 168
14 178
14 179
14 190
14 192
14 204
14 207
14 208
14 230
14 231
14 233
14 238
14 246
16 7
17 38
17 45
17 51
17 52
17 63
17 64
17 85
17 103
17 110
17 111
18 1
18 2
18 5
18 6
18 10
20 15
20 16
20 23
20 24
20 30
20 31
20 32
20 87
20 88
20 94
20 101
20 107
20 110
20 122
20 137
20 143
20 144
20 158
20 159
20 161
20 162
20 295
20 297
20 302
20 303
20 313
20 314
20 316
20 318
20 321
20 354
20 361
20 362
21 9
21 31
21 58
21 60
21 64
21 78
21 93
21 98
21 107
21 111
21 113
21 117
21 131
21 133
21 139
21 147
21 151
21 152
21 155
21 157
23 8
23 31
23 47
23 49
23 51
23 57
23 59
23 63
23 73
23 79
23 85
23 97
23 105
23 115
23 121
23 133
23 137
23 142
23 145
23 148
23 153
24 22
24 30
24 31
24 32
24 35
24 43
24 51
24 55
24 57
24 60
24 69
24 75
26 12
26 18
26 20
26 96
26 100
26 114
26 131
27 2
27 5
27 12
27 17
27 19
27 23
27 24
27 28
27 40
27 42
27 43
27 52
27 60
27 71
27 73
27 89
27 93
27 95
27 110
27 112
27 114
27 122
27 126
27 136
27 141
27 148
27 149
27 150
27 155
27 156
27 158
27 160
27 162
27 164
27 170
27 172
27 175
27 182
28 9
28 52
28 55
28 56
29 2
29 6
29 12
29 16
29 23
29 25
29 26
29 31
30 7
30 11
30 19
30 34
30 46
30 54
30 59
30 62
30 65
30 66
30 67
30 68
30 74
30 76
30 78
30 79
31 28
31 33
32 13
32 14
32 19
32 22
33 5
33 7
33 10
33 33
33 36
33 42
33 43
33 54
33 66
33 67
33 71
33 73
33 75
33 76
33 83
33 90
33 93
33 112
34 3
34 4
34 9
34 10
34 15
34 21
34 26
34 39
35 4
35 23
35 27
35 36
35 37
35 48
35 51
36 28
36 158
38 32
38 48
38 52
38 55
38 56
41 113
42 13
42 20
42 28
42 31
42 33
42 50
42 75
42 82
42 85
42 87
42 88
42 93
43 1
43 5
43 6
43 9
43 11
43 14
43 16
43 25
43 30
44 6
44 33
44 39
44 42
44 53
44 60
44 66
44 69
44 72
44 78
44 86
44 90
44 96
44 97
44 100
44 105
44 108
44 111
44 112
44 115
44 121
44 134
44 138
44 140
44 269
44 276
44 279
44 281
44 284
44 290
44 294
44 296
44 303
44 309
44 312
44 319
44 324
44 336
44 338
44 341
44 345
44 358
44 367
44 370
44 382
44 383
44 387
44 400
45 10
45 11
45 19
45 21
45 25
45 30
45 31
45 50
45 54
45 61
45 65
45 71
45 82
45 86
45 88
45 95
45 97
45 109
45 238
45 239
45 243
45 255
45 268
45 274
45 276
45 278
45 283
45 288
45 298
45 302
45 304
45 314
45 321
45 392
45 395
45 412
45 419
46 1
47 10
47 20
47 29
47 32
47 40
47 42
47 45
47 70
47 71
47 80
48 1
48 3
48 10
48 16
48 17
48 22
48 31
48 36
48 44
48 51
48 55
48 65
48 73
48 74
48 76
48 81
48 85
48 87
48 96
48 97
48 99
48 101
48 129
49 6
49 7
50 2
50 3
50 5
50 10
50 22
50 24
51 2
51 7
51 9
52 15
52 20
52 23
52 27
52 29
52 31
52 37
52 38
52 43
53 8
53 11
53 33
53 38
53 43
53 47
54 11
54 14
54 23
54 30
54 44
54 49
54 50
54 52
54 65
54 68
54 73
54 74
54 87
54 89
54 96
55 8
55 13
55 17
55 18
56 8
56 11
56 26
56 29
56 37
56 44
56 50
56 55
56 60
57 4
57 26
57 28
57 157
58 2
58 6
58 7
58 10
58 11
59 3
59 5
59 13
59 23
59 33
59 34
59 47
59 52
59 64
59 67
59 69
59 206
59 207
59 210
59 211
59 218
59 219
59 352
59 353
59 355
59 356
59 361
59 400
59 411
59 412
59 422
59 429
59 430
59 431
59 433
59 443
59 462
59 464
59 467
59 474
59 487
59 495
59 512
59 532
59 542
59 543
59 546
59 556
59 557
59 560
59 561
59 568
59 586
59 605
59 607
60 2
60 5
60 9
61 1
61 4
61 7
61 8
61 10
61 12
62 4
62 6
62 10
62 12
62 16
62 17
62 20
62 22
62 29
62 31
62 38
62 167
62 178
62 219
62 222
63 2
63 3
63 4
63 8
63 16
63 17
63 20
63 22
63 27
63 32
63 33
63 42
63 43
63 45
63 50
63 51
66 75
66 77
66 81
67 9
67 10
67 19
67 51
67 58
68 1
68 2
68 50
68 53
68 61
68 62
68 64
68 65
68 66
68 68
68 73
68 75
68 80
70 10
70 20
70 25
72 81
72 92
72 93
75 46
75 55
75 72
75 73
75 75
75 78
75 81
75 82
75 94
75 97
75 100
76 1
76 9
76 24
76 27
76 29
76 40
76 44
76 57
76 67
76 71
77 3
77 133
77 136
78 9
79 7
79 11
79 17
80 1
80 11
80 12
80 13
81 14
81 15
81 16
81 18
81 19
82 2
82 4
82 8
83 14
83 24
83 29
83 45
83 56
83 60
83 63
83 67
83 69
84 4
84 179
84 183
85 39
85 40
85 45
85 46
85 47
85 49
85 51
86 1
86 18
86 23
87 36
87 41
87 81
87 89
87 92
87 93
87 95
87 100
87 108
87 118
87 124
87 125
87 134
87 160
87 164
87 168
88 1
88 15
88 21
88 28
88 37
88 38
88 40
88 52
88 65
88 79
88 84
88 89
88 94
88 100
88 113
88 114
88 116
88 118
88 122
88 135
88 143
88 153
88 155
89 18
89 21
90 11
90 12
90 13
90 17
90 18
90 39
93 67
93 70
93 78
93 79
93 88
93 91
93 93
93 101
93 110
93 117
93 118
96 44
96 48
96 52
96 54
96 56
96 63
96 66
98 22
