1 25
1 33
2 3
2 5
2 22
2 23
2 26
3 30
3 32
3 34
3 36
3 42
3 51
3 56
3 79
3 80
3 98
3 101
3 108
3 116
3 118
3 125
3 132
3 133
3 137
3 148
3 166
3 168
3 174
3 175
3 177
3 178
3 179
3 199
3 202
3 206
4 1
5 29
5 35
5 40
5 54
5 56
5 57
5 65
5 71
5 77
5 84
5 106
5 109
5 111
5 114
5 121
5 132
5 139
6 2
6 4
6 6
6 12
6 28
6 34
6 44
6 56
6 63
6 64
6 66
6 73
7 32
7 33
7 34
7 38
7 41
8 1
8 4
8 6
8 17
8 21
8 22
9 12
9 13
9 22
9 32
9 33
9 34
10 1
10 2
10 11
10 15
10 20
10 21
11 6
11 8
11 19
11 36
12 1
12 9
12 15
12 23
12 28
12 30
12 34
12 41
12 51
12 61
12 90
12 91
12 94
12 95
12 106
12 107
12 109
12 129
13 3
13 11
13 53
13 61
13 74
13 75
13 92
13 98
13 100
13 116
13 126
13 129
13 132
13 137
13 141
13 152
13 160
14 95
14 104
14 105
14 112
14 117
14 120
14 128
14 132
14 136
14 137
14 141
14 150
14 155
14 162
14 171
14 185
14 193
14 198
14 200
14 203
14 206
14 209
14 223
14 225
14 234
14 239
14 243
14 255
14 258
14 266
14 278
15 23
15 28
15 29
15 43
15 50
15 52
15 54
15 59
15 60
15 63
15 66
15 73
15 79
15 88
15 90
15 92
16 3
17 60
17 61
17 63
17 64
17 69
17 72
17 82
17 87
17 91
17 97
17 162
17 173
17 175
17 183
17 194
17 197
17 202
17 209
17 212
17 224
17 225
17 230
17 237
17 239
17 255
17 266
19 102
19 104
19 105
20 2
20 3
20 51
20 143
20 146
20 150
20 152
20 159
20 168
20 178
20 183
20 186
20 188
21 59
21 63
21 68
21 70
21 72
21 79
21 81
21 85
21 97
21 104
21 111
21 114
21 120
21 128
21 129
21 134
21 136
21 137
21 139
21 141
21 149
21 151
21 153
21 158
21 159
21 161
21 164
21 166
21 168
21 170
21 173
21 176
21 191
21 193
21 197
21 204
21 206
21 208
21 221
21 224
21 226
21 229
21 239
21 244
21 245
21 246
21 262
21 286
22 60
22 63
22 67
22 69
22 72
22 75
22 76
22 80
22 90
23 2
23 7
23 9
23 14
24 8
24 19
24 35
24 40
24 41
24 45
24 46
25 1
25 4
25 14
25 15
25 18
25 24
26 21
26 24
26 26
26 27
26 29
27 64
27 65
27 66
27 70
27 76
27 84
27 88
27 89
27 93
27 96
27 106
27 111
27 119
27 125
27 129
27 132
27 136
27 137
27 149
27 151
27 154
27 157
27 160
27 162
27 164
29 8
29 10
29 16
29 17
29 19
29 20
29 25
29 28
29 33
29 35
29 36
29 42
30 13
30 14
31 10
31 13
32 1
32 2
32 3
32 6
32 8
33 1
33 3
33 10
33 14
33 24
33 27
34 1
34 8
34 10
34 20
35 10
35 21
35 22
35 28
35 29
35 38
35 46
35 49
35 62
35 66
35 70
35 78
35 81
35 84
35 91
35 93
35 94
35 95
35 98
35 118
35 119
35 124
35 147
35 148
35 150
35 153
35 158
35 165
35 166
35 169
35 176
35 178
35 184
35 185
35 198
35 199
35 213
35 217
35 221
35 223
35 231
35 234
35 240
36 44
36 47
36 50
36 53
36 62
36 77
36 80
37 63
37 67
37 84
37 96
37 99
37 107
37 117
37 126
37 131
37 134
37 148
37 160
37 162
37 170
37 171
37 173
37 194
37 202
37 210
37 219
37 224
37 227
37 228
37 231
37 234
37 244
37 245
37 247
37 248
37 253
37 265
37 270
38 6
38 8
38 11
38 13
38 14
38 15
38 17
38 32
38 41
38 44
38 56
39 14
39 24
39 27
39 31
39 40
39 44
39 49
39 55
39 61
39 75
40 3
40 12
43 8
43 12
43 15
43 17
43 32
43 38
43 41
43 57
43 58
43 60
43 67
43 68
43 70
43 73
43 74
43 75
43 80
43 81
43 88
43 91
43 93
43 97
43 102
44 2
44 5
44 6
44 11
44 13
44 14
44 15
44 19
44 22
44 29
44 35
44 43
44 46
44 53
45 3
45 6
45 16
45 19
45 32
45 54
45 66
45 72
45 76
45 89
45 90
45 94
45 101
45 108
45 117
45 118
45 119
45 127
45 150
45 185
45 193
45 195
45 201
45 207
45 211
45 218
45 273
45 402
45 403
45 408
45 409
45 418
45 419
45 422
45 427
45 435
45 444
45 449
45 451
45 456
45 457
45 463
45 477
45 478
45 479
46 10
46 16
46 21
47 24
49 2
49 13
49 14
49 17
49 28
49 34
49 39
49 40
49 46
49 49
49 57
49 60
49 64
49 65
49 69
49 81
49 102
49 110
49 112
51 10
51 11
51 18
51 26
51 27
51 34
51 35
52 2
52 19
53 7
53 10
56 44
56 45
56 62
56 64
56 68
56 69
56 70
56 74
56 76
56 77
56 80
56 83
56 86
56 94
56 96
56 103
56 108
56 241
56 244
56 245
56 247
56 259
56 262
56 263
56 265
56 268
56 270
57 2
57 3
57 7
57 18
57 24
57 26
57 50
57 55
57 57
57 59
57 60
57 62
57 66
57 72
57 73
57 78
57 79
57 81
57 83
57 86
57 88
57 94
57 104
57 105
57 111
57 112
57 116
57 123
57 127
57 129
57 136
57 139
57 143
57 157
57 159
57 162
57 165
57 170
57 174
57 180
57 182
57 190
57 191
57 200
57 202
57 211
57 213
57 215
57 225
57 235
57 238
57 239
57 243
57 256
57 263
57 264
57 271
57 283
57 284
57 285
57 297
57 302
57 317
57 318
57 323
57 325
57 338
57 357
57 364
57 368
58 1
59 1
59 6
59 16
59 20
59 26
59 65
60 2
60 4
60 7
60 17
60 23
60 128
60 133
60 140
60 141
60 142
60 145
60 149
60 151
60 156
60 180
60 192
60 198
60 206
60 211
60 215
60 221
60 229
60 232
60 237
61 34
61 39
61 40
61 53
61 54
61 58
62 2
62 5
62 17
63 1
63 12
63 13
63 77
63 90
63 94
64 10
64 14
64 18
64 20
64 21
64 47
64 48
64 57
65 12
65 21
65 28
65 33
65 36
65 37
65 40
65 50
65 52
65 54
65 58
65 62
65 74
65 83
65 84
65 88
65 109
67 19
67 20
67 26
67 30
67 32
67 33
67 38
67 45
67 46
67 47
67 50
67 52
67 55
67 105
67 106
67 109
67 112
67 115
67 118
67 122
67 136
67 152
67 168
67 177
67 186
67 194
67 203
67 212
67 213
67 215
68 4
68 5
69 1
69 13
69 16
69 20
69 23
69 24
69 26
69 35
69 41
69 53
69 58
70 17
70 29
71 3
71 7
71 30
71 34
71 40
71 49
72 2
72 7
72 11
72 20
72 21
72 33
72 35
72 37
72 39
72 47
72 50
72 52
73 1
73 7
74 3
74 10
74 12
74 14
74 23
76 37
76 42
76 60
78 9
78 22
78 25
79 1
79 7
79 14
79 17
79 21
79 32
80 2
80 6
81 12
81 13
81 74
81 75
81 99
81 101
81 104
81 106
81 109
81 113
81 116
81 122
81 123
81 130
81 135
81 139
81 159
81 163
81 169
81 171
81 186
81 187
81 188
81 195
81 199
81 214
81 217
81 221
81 236
81 247
81 254
81 256
81 257
81 262
81 270
81 318
81 320
81 321
81 324
81 325
81 330
81 331
81 332
81 337
81 418
81 422
81 423
81 465
81 474
81 479
82 3
82 5
82 12
82 20
82 37
82 42
83 8
83 12
83 13
83 19
83 20
83 70
83 73
84 21
84 31
84 43
84 45
84 48
84 49
84 55
84 58
84 64
85 22
85 25
85 27
85 28
85 29
85 32
85 33
85 42
85 44
87 73
87 76
87 100
87 102
87 111
87 114
87 118
87 119
87 121
87 123
87 125
87 175
87 204
87 212
87 219
87 365
87 366
87 369
87 370
87 372
87 386
87 405
87 406
87 408
87 412
87 415
87 417
87 418
87 442
87 443
90 14
90 21
90 24
90 26
90 28
90 108
90 109
90 117
91 1
91 5
91 8
92 4
93 2
93 13
93 35
93 36
93 47
93 53
93 61
93 64
93 65
94 7
94 14
94 16
95 34
95 37
95 41
95 63
95 64
95 71
95 88
95 99
95 103
95 111
95 113
95 123
97 27
98 41
98 58
98 63
98 65
98 66
98 68
98 69
98 72
98 81
98 91
98 115
98 120
98 131
98 134
98 141
98 143
98 147
98 148
99 9
99 12
99 35
99 37
99 133
