1 12
1 13
1 18
1 19
1 24
3 2
3 5
3 7
3 24
3 26
3 47
4 5
4 14
4 20
4 28
4 29
4 31
4 43
4 45
4 50
4 57
4 61
7 105
8 1
8 18
8 20
8 21
8 28
8 35
9 2
9 12
9 15
9 16
9 17
9 24
9 32
9 34
9 44
9 48
9 51
9 53
9 55
9 62
9 66
9 70
9 73
9 76
9 86
9 87
10 3
10 12
10 16
10 20
10 21
10 23
10 26
10 27
10 33
10 42
10 45
10 54
10 56
10 114
10 115
10 120
10 151
10 154
10 162
10 170
10 185
10 189
10 191
10 193
10 212
10 221
10 224
10 231
10 236
10 239
10 248
10 249
10 255
10 258
10 260
10 261
10 263
11 1
11 4
11 5
11 7
11 23
11 24
11 30
11 34
11 36
11 44
11 45
11 51
11 85
11 88
11 89
11 105
11 112
11 113
11 135
11 142
11 148
11 151
11 152
11 153
12 1
12 10
12 12
12 28
12 31
13 7
13 10
13 11
13 33
15 53
15 55
15 63
15 70
15 80
17 47
17 63
17 79
17 91
17 97
17 104
17 107
17 111
17 112
17 128
17 134
17 138
17 161
18 1
19 6
19 7
19 14
19 22
19 50
19 56
19 61
19 75
19 124
19 133
19 139
19 143
19 147
19 157
20 59
20 60
20 67
21 37
21 39
21 43
21 44
21 48
21 55
21 69
22 1
22 11
22 17
22 18
22 21
22 22
22 25
22 27
22 33
22 34
22 36
22 38
22 41
22 44
22 47
22 48
22 58
22 61
22 64
22 65
22 68
22 76
24 16
24 149
24 151
24 152
24 157
24 162
24 167
24 174
24 177
24 184
24 203
24 217
24 219
24 220
24 221
25 3
25 16
25 31
25 48
25 51
26 4
26 7
28 19
28 32
28 33
29 12
29 20
29 27
29 29
29 37
29 44
29 53
30 12
30 14
30 16
30 29
30 31
30 35
30 38
30 39
30 40
30 42
30 44
30 45
30 46
30 58
30 59
30 61
32 11
32 14
32 15
32 22
32 23
33 1
33 3
33 16
34 7
34 17
34 25
34 26
34 37
34 41
34 52
34 53
34 54
34 64
34 70
34 71
34 76
34 77
34 79
35 1
35 3
35 6
35 14
35 17
35 19
35 42
35 50
35 70
35 79
35 93
36 1
36 3
36 19
36 28
36 31
36 48
36 51
36 53
36 56
36 58
36 65
36 90
36 109
36 115
36 132
36 140
36 143
36 147
37 5
37 13
37 27
37 83
37 89
37 113
37 116
37 130
37 131
37 145
37 153
37 155
37 178
37 185
37 190
37 194
37 202
37 205
38 10
38 12
38 16
39 4
39 14
39 24
40 20
40 23
40 33
40 36
40 42
40 43
40 50
40 59
40 189
40 197
40 203
40 204
40 205
40 209
40 211
40 212
40 213
40 217
40 219
40 225
40 233
40 243
40 279
40 282
40 284
40 297
40 298
41 1
41 3
41 28
41 35
41 37
44 22
44 30
44 38
44 44
44 56
44 65
44 75
44 80
44 81
44 84
46 12
46 15
46 18
46 22
46 26
46 39
46 42
46 43
47 16
47 21
47 22
47 26
47 28
47 29
47 34
47 35
47 40
47 44
48 4
48 6
48 8
48 18
48 21
48 28
48 34
48 39
48 53
48 59
48 73
48 75
48 78
48 88
48 93
48 98
48 99
48 115
48 122
48 130
48 132
48 133
48 142
48 146
48 149
48 150
48 152
48 154
48 163
48 171
48 178
48 180
48 185
48 194
48 197
48 198
48 204
49 2
49 6
49 9
49 34
49 41
49 50
49 51
49 56
49 67
49 68
49 72
50 2
50 6
50 9
50 13
50 17
50 21
50 23
50 29
50 39
50 43
51 5
51 8
51 13
51 14
51 21
51 22
51 25
51 26
51 27
51 37
51 38
52 1
52 2
52 4
52 6
52 19
52 20
52 25
55 31
55 33
55 36
55 37
55 43
55 45
55 52
55 73
55 79
55 86
55 104
55 106
55 107
55 111
55 114
55 121
55 126
55 137
55 146
55 151
55 153
55 161
55 167
55 168
55 174
55 176
55 178
55 184
55 189
55 192
55 193
55 195
55 198
55 214
55 219
55 223
55 225
55 229
56 13
56 32
56 34
56 36
56 45
56 50
56 109
56 124
56 125
56 133
56 137
56 145
56 146
56 147
56 149
56 151
56 152
56 160
56 166
56 180
56 190
56 194
56 197
56 198
57 14
57 19
57 25
58 1
58 4
58 5
59 10
59 23
59 27
59 32
59 34
59 36
59 39
60 118
60 120
60 122
60 125
60 128
60 142
60 144
60 157
60 158
60 287
60 294
61 2
61 6
61 7
61 16
61 17
61 24
61 30
61 43
61 44
61 45
61 49
61 54
61 58
61 59
61 63
63 66
63 77
63 78
65 1
65 9
66 3
67 24
67 28
69 1
69 2
70 4
70 5
70 10
70 27
70 32
70 39
71 8
71 18
71 21
71 22
71 24
71 26
71 32
71 45
71 47
71 53
71 58
71 63
71 72
71 74
71 80
71 82
71 84
71 85
71 92
71 97
71 100
71 101
71 118
71 125
71 134
71 145
71 153
71 156
71 159
71 163
71 169
71 170
71 172
71 178
71 186
71 189
71 198
71 200
71 214
71 215
72 9
72 11
73 83
73 90
73 93
73 101
73 102
73 105
74 5
74 8
74 9
74 10
74 22
74 38
74 40
74 44
74 103
74 110
74 112
74 119
74 126
74 128
74 131
74 133
74 137
74 143
74 157
74 158
74 160
74 161
74 163
74 164
74 168
74 170
74 173
74 176
74 177
74 181
74 301
74 305
74 311
74 324
74 334
74 349
74 378
74 382
74 392
74 404
74 405
74 411
74 422
74 431
74 432
74 437
74 438
74 459
74 461
74 482
74 498
74 499
74 501
74 503
74 504
74 505
74 508
74 509
74 516
74 517
74 525
74 526
74 535
74 545
74 546
75 43
75 47
75 51
75 52
75 57
75 63
75 64
75 65
75 71
76 13
76 26
77 49
77 53
77 69
77 70
77 74
77 77
77 82
77 83
77 107
77 114
77 120
77 122
77 123
77 126
77 133
77 138
78 8
78 11
80 12
81 4
81 5
81 8
81 10
81 34
81 37
81 61
82 4
82 13
82 23
82 53
82 56
82 60
82 77
82 78
82 79
82 102
82 110
82 126
82 135
82 151
82 165
82 173
82 177
82 185
82 186
83 109
83 113
83 114
83 122
83 137
84 4
84 11
84 19
84 21
84 22
84 29
84 36
84 39
84 48
84 56
84 57
84 59
84 65
84 71
84 72
84 74
84 79
84 87
84 98
84 108
84 113
84 117
84 119
84 123
84 124
84 129
84 131
84 146
84 151
84 154
84 163
84 176
84 178
84 179
84 181
84 186
84 191
84 195
84 196
87 42
89 8
89 23
89 107
89 110
89 123
89 126
90 4
90 5
90 8
90 12
90 22
90 26
90 27
90 39
90 43
90 45
90 61
90 65
91 78
91 84
91 89
91 92
91 101
91 145
91 146
91 158
91 173
91 178
91 181
91 182
91 188
91 204
91 206
91 209
91 211
91 214
91 218
91 222
91 229
91 247
91 248
91 253
92 1
92 22
93 4
93 9
93 11
93 24
93 29
93 34
93 35
93 42
93 46
93 47
93 53
93 55
93 58
93 65
93 86
93 89
93 90
93 92
93 97
93 106
94 6
94 7
94 11
94 14
94 19
94 35
95 5
95 10
95 14
95 20
95 22
95 31
95 33
96 5
96 17
96 19
96 28
96 31
96 33
96 35
96 40
97 22
97 26
97 35
97 40
97 42
97 44
97 45
97 47
97 48
97 53
98 1
98 19
98 26
98 71
98 73
98 174
99 1
99 4
99 12
99 13
99 15
99 19
99 25
99 37
99 41
99 50
99 51
99 55
99 57
99 67
99 68
99 77
99 78
99 85
99 93
101 76
101 77
101 79
101 84
101 88
101 89
101 114
101 124
101 125
101 129
102 7
102 17
102 19
102 21
103 2
103 3
103 6
103 17
103 31
104 6
104 14
104 15
104 41
104 42
104 46
104 48
104 51
104 53
104 56
104 88
104 97
104 98
104 101
105 2
105 82
105 84
105 88
