1 7
1 14
1 177
2 11
2 51
2 55
2 57
2 77
2 85
3 3
3 10
3 22
3 29
3 32
3 43
3 49
3 59
3 62
3 70
3 79
3 80
3 84
3 90
3 117
3 118
3 124
4 3
4 4
4 5
4 8
4 38
4 51
4 53
4 61
4 65
4 79
4 106
4 114
4 125
4 128
4 129
4 130
4 132
4 134
4 139
4 141
4 148
4 151
4 156
4 161
4 164
4 167
4 174
4 175
4 177
4 180
4 188
4 190
4 192
4 201
4 206
4 212
5 1
5 9
5 10
5 19
5 22
5 25
5 26
6 3
6 7
6 14
6 42
6 50
6 55
6 57
6 58
6 60
7 2
7 10
7 11
8 7
8 16
8 18
8 23
8 39
8 41
8 48
13 5
14 5
14 6
14 8
14 30
14 40
14 42
14 47
14 95
14 98
14 99
14 101
14 102
14 107
14 109
14 112
14 118
14 121
14 126
14 127
14 130
14 140
14 144
14 149
14 152
14 154
14 162
14 179
14 184
15 31
16 15
16 16
16 19
16 20
17 1
17 3
17 6
17 11
17 13
17 21
17 24
17 39
17 40
17 53
17 61
17 63
17 67
17 72
17 73
17 76
17 78
17 81
17 85
18 9
18 13
18 18
18 26
18 31
18 36
18 37
18 41
18 44
18 50
18 60
18 63
21 47
21 52
21 53
21 56
21 59
21 61
21 62
21 65
21 67
21 70
21 75
21 78
21 82
21 89
21 91
21 116
21 118
21 124
21 135
21 136
21 141
21 144
21 146
21 154
21 284
21 287
21 289
21 298
21 300
21 313
21 319
21 327
21 328
21 329
21 332
21 333
23 25
23 26
23 32
23 42
23 51
23 63
23 65
24 3
24 17
24 22
24 34
24 51
24 56
27 41
27 46
27 47
27 55
27 60
27 65
27 84
27 86
27 89
27 98
27 99
27 107
27 112
27 130
27 134
27 145
27 151
28 2
28 5
28 9
28 10
28 14
28 19
28 20
28 29
28 33
28 38
28 45
28 47
28 54
28 115
29 5
30 4
30 9
30 18
31 5
31 98
31 101
31 103
31 106
31 110
31 114
31 129
31 133
31 134
31 243
31 246
31 248
31 249
31 253
31 260
31 263
31 267
31 268
31 273
31 283
31 290
31 292
31 295
31 301
31 308
31 310
31 312
31 317
34 24
34 34
34 35
34 39
34 46
34 51
34 59
34 63
34 72
34 77
34 79
34 80
34 81
35 7
35 10
35 11
35 16
35 17
35 20
35 25
35 38
35 39
35 44
35 55
35 58
35 62
35 68
35 74
35 77
35 79
35 83
35 84
35 91
35 97
35 107
35 109
35 111
35 249
35 250
35 255
35 268
35 269
35 273
35 279
35 280
36 37
36 42
36 46
36 48
36 51
36 73
36 83
36 85
36 88
36 90
36 91
36 96
36 102
36 110
36 113
36 118
36 120
36 132
36 136
36 138
36 139
36 140
36 169
36 171
36 176
37 13
37 22
37 25
37 26
37 27
39 6
39 12
39 25
39 33
39 37
39 43
39 52
39 53
39 57
39 65
39 72
39 74
39 81
39 87
40 3
40 5
40 11
40 15
40 16
41 37
41 40
42 9
42 10
42 12
42 13
42 16
42 17
42 28
42 31
42 35
42 45
42 50
42 56
42 57
42 59
42 64
42 67
42 68
42 78
43 4
43 14
43 34
43 44
43 54
43 60
43 67
43 70
44 1
44 3
44 17
44 18
44 21
45 5
45 136
46 5
46 7
46 12
46 25
46 32
46 39
46 56
46 66
46 72
46 77
46 92
46 93
46 96
46 98
46 103
46 118
46 134
46 142
46 159
46 160
46 173
46 174
46 187
46 198
46 200
46 227
46 228
46 229
46 240
46 246
48 26
48 128
48 129
48 131
48 133
48 138
48 140
48 148
49 35
49 41
49 51
50 39
50 40
50 41
50 52
50 55
50 62
50 67
50 75
53 5
53 10
53 137
53 143
53 153
53 157
53 159
54 1
54 8
54 12
54 17
54 18
54 41
54 46
54 176
54 177
54 179
54 181
54 185
54 186
54 199
54 203
54 211
56 21
57 69
57 74
57 76
57 79
57 83
57 96
57 97
57 98
57 102
57 105
57 107
57 109
57 115
57 120
57 129
57 131
57 148
57 150
57 154
57 161
57 162
57 172
57 178
57 182
57 267
57 269
57 272
57 275
58 11
58 12
58 14
58 19
58 38
58 50
58 58
58 59
58 62
58 72
58 73
58 74
58 75
58 82
58 86
58 95
60 10
60 32
60 34
60 40
60 43
60 64
61 2
61 3
61 5
61 6
62 1
64 1
65 14
65 16
65 21
65 41
65 54
65 57
65 65
65 82
65 89
65 91
65 106
65 109
65 110
66 1
66 2
66 10
66 12
66 13
67 2
67 9
67 11
67 12
67 14
67 15
67 17
67 18
67 20
67 21
67 27
67 30
67 36
67 48
68 4
68 13
68 14
68 21
68 26
68 27
68 42
69 1
69 8
69 12
69 22
69 23
69 29
69 50
69 53
69 70
70 4
70 5
70 6
70 7
71 2
71 10
71 22
71 37
71 45
71 46
72 44
72 52
72 65
72 68
73 3
73 4
73 71
73 75
73 83
73 84
73 86
73 94
73 100
73 102
73 103
73 108
73 109
73 120
73 238
73 239
73 242
73 249
73 252
73 258
73 259
73 279
73 281
73 283
77 3
77 13
77 15
77 26
77 29
77 33
77 37
77 38
77 41
77 45
77 46
77 48
77 53
77 71
77 75
77 77
77 84
77 88
77 93
77 95
77 99
77 138
77 139
78 142
78 143
79 5
79 7
79 13
79 24
79 29
79 44
79 46
79 48
80 6
80 17
81 6
81 77
81 80
81 81
81 84
81 86
81 87
81 91
81 92
81 93
82 1
82 12
82 15
82 19
82 20
82 24
82 25
82 29
82 30
82 32
82 34
82 40
82 47
82 48
82 51
82 53
82 61
82 63
83 19
83 20
83 22
83 23
83 41
83 52
83 55
83 68
83 77
83 79
84 2
84 8
84 9
84 14
84 20
84 21
84 23
84 25
84 26
84 36
84 38
84 45
84 53
84 59
84 61
84 62
84 78
84 79
85 1
85 6
85 21
85 38
85 44
85 52
85 53
85 55
85 56
85 59
85 60
85 71
85 76
86 3
86 5
86 6
86 7
86 14
86 20
86 23
86 31
86 48
86 54
86 57
87 1
87 4
87 14
87 20
87 21
88 7
88 21
88 29
88 44
88 66
88 68
88 87
89 69
89 71
89 73
89 76
89 94
89 98
89 99
89 100
90 5
90 20
91 11
91 17
91 24
91 27
91 30
91 38
91 44
91 45
91 54
91 76
91 79
91 89
91 100
91 104
91 107
91 109
91 111
91 114
91 134
92 2
93 70
93 73
93 80
93 84
93 153
93 171
93 190
93 199
94 4
94 5
98 2
98 7
100 42
100 44
100 49
100 50
100 53
100 59
100 71
100 75
101 13
102 10
103 4
103 10
103 17
104 3
104 37
104 39
104 45
104 49
104 54
105 2
105 5
105 14
105 27
105 28
105 52
105 55
105 60
105 61
105 68
105 71
105 78
105 79
105 91
105 92
105 101
105 112
105 113
105 119
105 135
105 139
105 144
105 147
105 194
105 199
105 200
105 201
106 17
106 19
106 20
106 73
107 5
107 6
107 13
107 17
107 23
107 26
107 33
107 34
108 119
108 130
108 133
108 138
108 140
108 148
108 162
108 164
108 170
108 184
108 186
108 193
108 194
108 197
108 201
108 202
108 204
108 206
108 209
108 211
108 232
108 233
108 236
108 240
108 242
108 246
108 247
108 248
108 255
108 270
