1 5
1 8
1 9
1 18
1 19
1 23
1 41
1 43
1 48
1 52
1 54
1 58
1 66
1 77
1 81
1 82
1 96
1 98
1 105
1 106
1 108
1 119
3 53
3 119
3 125
3 131
3 133
3 138
3 144
3 156
3 164
3 166
3 169
3 173
3 189
3 190
3 204
3 205
3 208
3 212
3 222
3 223
3 229
4 8
4 11
4 13
4 14
5 9
5 16
5 17
5 22
6 13
6 15
6 16
6 28
7 16
7 17
7 19
7 23
7 30
7 38
7 46
7 52
8 37
8 58
8 61
8 70
8 83
9 49
9 52
9 56
9 59
9 62
9 66
9 67
11 4
11 12
11 15
11 20
11 27
11 29
11 50
11 59
11 61
11 80
11 84
11 91
11 93
11 94
11 96
11 101
11 107
11 109
11 115
11 116
11 121
11 126
11 143
11 148
11 159
11 160
11 161
11 171
11 177
11 235
11 236
11 239
11 240
11 246
11 251
11 258
11 379
11 384
11 390
11 395
11 403
11 405
11 406
11 411
11 412
11 416
12 1
12 4
12 10
12 22
12 30
12 37
12 41
13 1
13 4
13 11
13 22
13 25
13 32
13 41
14 13
14 15
14 16
14 20
14 23
14 24
14 33
14 163
15 1
15 3
15 9
15 21
15 23
15 26
15 27
15 29
17 51
17 58
17 61
17 73
17 82
17 101
18 45
18 46
18 49
18 56
18 58
18 60
18 61
18 63
18 64
18 72
18 77
18 82
18 92
18 94
18 97
18 99
18 117
18 127
18 128
18 136
18 266
18 267
18 268
18 271
18 284
18 299
18 312
18 315
18 316
18 319
19 2
19 6
19 14
19 20
19 22
19 26
20 72
20 75
20 84
20 88
20 90
20 98
21 6
21 14
21 38
21 47
21 49
21 50
21 56
21 62
21 69
21 70
21 80
21 89
21 109
21 110
21 111
22 2
22 3
22 7
23 1
23 8
23 9
23 11
23 21
23 28
23 29
23 34
23 35
23 185
23 195
23 197
24 37
24 41
25 4
25 7
25 11
25 15
25 16
25 21
26 26
26 36
26 45
26 47
26 48
26 50
26 53
27 7
27 20
27 48
27 50
27 53
27 58
27 67
27 70
27 84
27 85
27 111
27 118
27 123
27 126
27 127
27 137
27 139
29 12
29 27
29 29
29 30
29 32
30 6
30 7
30 10
30 13
30 15
30 16
30 24
30 27
30 28
30 39
31 1
31 6
31 11
31 32
31 34
31 40
31 50
31 51
31 58
31 60
31 92
31 96
31 107
31 109
31 124
31 125
31 128
31 131
31 133
31 148
31 152
31 153
31 159
31 165
31 167
31 170
31 176
31 180
31 181
31 189
31 191
32 9
33 69
33 70
33 83
33 84
33 85
33 144
34 2
34 14
34 26
34 42
35 10
35 18
36 4
36 5
36 6
36 12
36 16
36 26
36 34
36 42
36 44
36 45
36 53
37 1
37 5
37 6
37 12
38 4
38 7
38 9
38 12
38 15
38 27
38 28
38 36
38 37
38 53
38 68
38 69
38 90
38 92
38 93
38 107
40 4
40 10
40 12
40 14
40 15
40 17
40 22
40 28
40 31
40 35
40 67
40 70
40 72
40 75
40 76
40 82
40 95
40 96
40 104
41 2
41 13
41 16
42 4
42 8
42 30
42 34
42 47
42 50
42 55
42 72
42 75
42 82
42 85
43 11
43 13
43 27
43 29
43 32
43 33
43 55
44 4
44 17
44 20
44 32
44 36
44 43
44 52
47 35
47 40
47 42
47 53
48 122
48 133
48 137
48 152
48 154
48 157
48 158
48 161
48 180
48 184
48 186
48 212
48 216
48 223
48 236
48 243
48 257
48 320
48 324
48 327
48 329
48 331
48 332
48 335
48 339
48 348
48 367
48 368
48 369
48 372
48 373
48 375
48 380
48 384
48 389
48 391
48 393
48 409
48 415
48 420
48 421
48 424
48 429
49 24
49 26
49 33
49 38
49 41
49 43
49 46
49 52
49 59
49 60
49 83
49 89
49 91
49 92
50 1
50 17
50 23
51 2
51 7
51 8
51 15
51 17
51 21
51 23
51 24
51 28
51 31
52 62
52 67
52 68
52 77
52 80
52 89
53 1
53 4
53 11
53 14
53 16
53 18
53 23
53 32
53 41
53 42
53 47
53 48
53 54
53 56
53 75
53 212
53 247
53 248
53 252
53 256
53 257
53 261
53 268
53 273
53 277
53 336
53 340
53 346
54 2
54 4
54 11
54 15
54 20
54 46
54 51
54 53
54 55
54 58
54 59
54 62
54 70
54 73
55 2
56 10
56 141
56 143
56 150
56 152
56 157
56 159
56 161
56 175
56 178
56 183
56 189
56 201
56 213
56 218
56 220
56 226
56 229
57 14
57 19
57 20
58 12
58 13
58 21
58 25
58 30
58 31
58 33
58 37
58 71
58 80
58 92
59 39
59 41
59 44
59 47
59 48
59 57
59 63
59 72
59 75
59 81
59 83
59 87
59 89
59 93
59 94
59 101
61 89
61 91
61 97
61 104
61 137
62 2
62 3
62 6
62 16
62 22
62 24
62 27
62 28
63 1
63 5
63 15
63 16
63 19
63 22
63 24
63 26
63 27
63 38
63 44
63 60
63 68
64 5
64 13
64 21
64 33
64 38
64 42
64 44
64 45
64 51
64 60
64 65
65 3
65 20
65 23
65 28
65 36
65 37
65 40
65 46
65 52
65 72
65 73
65 88
65 91
65 95
65 99
65 100
66 4
66 27
66 29
66 30
66 37
66 38
66 40
66 44
66 71
66 74
66 80
66 86
66 95
66 96
66 103
66 106
66 108
66 109
66 110
66 120
66 125
66 127
66 129
66 135
66 139
66 141
66 142
66 145
67 4
67 5
67 8
67 13
67 14
67 17
67 19
67 22
67 33
67 66
67 76
67 78
67 216
67 218
67 222
67 225
67 228
67 263
67 286
67 287
69 25
69 26
70 2
70 6
70 7
70 10
71 33
71 34
71 36
71 52
71 75
71 79
71 84
71 88
72 1
72 4
72 8
72 10
72 20
72 30
72 33
72 45
72 48
72 71
72 72
72 74
72 77
72 82
72 89
72 95
72 107
72 108
72 109
72 147
72 153
72 156
72 164
72 167
72 179
72 180
72 181
74 3
74 9
75 1
75 9
75 15
76 15
76 17
77 35
77 49
77 50
77 58
77 59
77 61
77 63
77 64
77 68
78 1
78 2
79 9
79 11
79 17
79 26
80 12
80 16
80 22
80 24
80 45
80 47
80 48
81 13
81 16
81 18
81 19
81 21
81 24
81 36
81 51
81 64
81 76
81 77
81 90
81 91
81 99
81 100
81 102
81 103
81 114
81 117
81 125
81 136
81 146
82 8
82 22
82 23
82 27
82 37
82 41
82 48
82 59
82 70
82 80
82 83
83 16
83 29
83 32
83 40
83 51
83 62
83 76
83 81
83 97
83 99
83 100
84 3
84 6
84 10
84 17
84 19
84 21
84 25
84 43
84 47
84 55
84 59
84 61
84 67
84 70
85 207
85 220
85 223
85 232
85 238
85 240
85 257
85 259
85 266
85 267
85 271
86 3
86 13
86 41
86 44
86 46
86 48
86 52
86 59
86 64
86 69
86 74
86 75
86 78
86 80
87 1
87 5
87 6
87 16
87 17
87 158
87 172
87 174
87 191
87 205
87 215
87 223
87 230
87 238
87 240
87 246
87 247
87 254
90 24
90 26
90 28
90 31
91 71
91 210
91 212
91 213
91 221
91 237
91 242
91 249
93 15
93 18
93 26
93 28
93 30
93 39
93 47
93 50
93 55
93 57
93 62
93 70
93 76
93 92
93 97
93 106
93 118
93 120
93 131
93 132
93 139
94 25
94 26
94 33
94 36
94 43
97 21
98 6
98 74
98 84
99 3
99 9
