1 14
1 24
2 13
2 21
2 24
2 31
2 36
2 39
2 47
2 61
2 70
2 72
2 73
3 15
3 28
3 30
3 40
4 1
4 13
4 29
4 32
4 37
4 45
4 69
4 73
5 7
5 9
5 17
5 18
5 23
5 26
5 35
5 43
5 47
5 60
5 64
5 66
5 79
5 80
5 214
5 216
5 225
5 231
5 236
5 239
5 263
5 265
5 268
5 274
5 275
5 277
5 284
5 285
5 290
5 291
5 297
5 300
5 304
5 305
5 310
5 323
5 337
5 352
5 367
5 369
5 370
6 1
6 3
6 6
6 8
6 13
6 15
6 22
6 34
6 37
6 38
6 47
6 52
6 81
6 85
6 93
7 5
7 10
7 28
7 29
7 30
8 8
8 17
8 23
8 30
8 34
8 39
8 41
8 173
8 174
8 176
8 178
9 4
11 37
11 44
11 48
11 59
11 60
11 61
11 65
11 83
11 85
14 21
14 30
14 34
15 7
15 13
15 20
15 21
15 24
15 25
15 33
15 43
15 51
17 2
17 18
17 20
17 24
17 28
17 30
17 34
17 36
17 41
17 44
17 52
17 53
17 67
17 70
17 73
17 76
17 78
17 80
17 81
17 102
17 112
17 117
17 118
17 123
17 135
18 5
18 7
19 1
19 5
19 9
19 11
19 13
19 17
19 21
19 24
19 28
19 29
19 35
19 39
19 42
19 49
19 50
19 53
19 54
19 56
19 64
19 69
19 74
19 75
19 78
19 89
19 90
19 92
20 15
20 27
20 29
20 37
20 48
20 49
23 4
23 7
23 8
23 16
23 19
23 27
25 21
25 35
25 38
25 39
25 44
25 47
25 59
25 64
25 69
25 73
25 83
25 84
25 95
25 99
25 116
25 120
25 121
25 143
25 149
25 160
25 166
25 170
25 187
25 189
25 196
25 202
25 207
25 228
25 237
25 248
25 252
25 258
25 263
25 275
25 278
25 284
25 285
25 299
25 300
26 1
26 4
26 8
27 56
27 63
29 14
29 19
29 23
29 54
29 186
29 195
29 204
29 235
29 244
29 245
29 256
29 280
29 285
29 296
29 300
29 303
29 311
29 319
30 2
30 6
30 17
30 23
30 24
30 25
30 34
30 44
30 48
30 49
30 56
30 58
30 60
31 23
31 28
31 36
31 44
31 50
31 52
31 56
31 58
32 4
32 8
32 14
32 18
32 36
32 37
32 55
32 56
32 62
32 64
33 6
34 1
34 13
34 14
34 21
34 27
34 32
34 46
34 55
34 62
38 35
38 38
38 39
38 40
38 50
38 54
38 73
38 79
38 82
38 87
38 227
38 230
39 2
39 8
39 9
39 15
39 20
39 23
39 27
39 28
39 33
39 38
39 40
39 43
39 47
39 56
39 64
39 74
39 81
39 82
39 90
39 102
39 112
39 114
39 117
39 147
39 156
39 162
39 165
39 166
39 179
40 2
40 11
42 7
42 9
42 13
42 23
42 28
42 29
42 40
42 41
42 42
42 45
42 72
42 85
42 90
42 91
42 95
42 102
42 113
42 115
42 123
42 128
42 136
42 139
43 21
43 26
43 27
43 32
43 45
43 47
43 50
43 52
43 53
43 54
43 67
43 80
43 82
43 87
43 93
43 94
43 119
43 121
43 124
43 127
43 128
43 139
43 141
43 145
44 56
44 66
44 70
46 16
47 15
47 17
50 7
50 13
50 15
50 22
50 51
51 8
51 11
51 12
51 21
51 26
51 28
51 31
51 32
51 35
51 40
52 2
52 8
52 11
52 14
52 17
52 26
52 27
52 30
52 32
52 34
52 39
52 42
52 51
52 57
52 58
52 66
52 70
53 3
53 8
53 23
53 24
53 154
53 155
53 163
53 174
54 14
54 26
54 31
54 33
54 42
54 45
55 7
55 22
55 27
55 29
55 34
55 42
55 44
55 58
55 64
55 69
55 71
55 79
55 80
55 81
55 83
55 86
56 2
56 8
57 3
57 7
57 9
57 13
57 18
57 29
57 35
57 37
57 38
57 43
57 45
57 56
57 59
57 98
57 100
57 103
57 109
57 111
57 147
57 148
57 151
57 155
57 156
57 157
57 194
58 8
58 15
58 18
58 29
58 31
58 37
58 39
58 40
58 46
58 66
58 69
58 86
58 87
58 90
58 97
58 110
58 123
58 125
58 126
58 140
58 141
58 146
58 147
58 148
58 152
58 156
58 164
58 165
58 171
58 172
58 174
58 177
58 178
58 197
58 199
58 202
58 203
58 214
58 220
58 221
58 223
58 231
58 245
58 247
58 253
58 255
58 257
58 274
58 276
58 405
58 411
58 420
58 422
58 426
59 51
59 58
59 66
59 68
59 72
59 74
59 80
59 83
59 87
59 92
59 93
59 104
59 115
59 121
59 126
59 128
59 136
59 137
59 143
59 144
60 13
60 22
60 25
60 31
60 33
60 54
60 56
60 64
60 65
61 1
62 17
66 19
66 23
66 32
66 34
66 36
66 140
66 146
66 147
66 161
66 169
66 172
66 174
66 181
66 187
66 189
66 196
66 225
66 230
66 245
66 247
66 251
66 308
66 309
66 311
66 319
66 320
67 75
67 84
67 87
67 89
67 98
67 105
67 106
68 3
68 5
68 36
68 37
68 44
70 33
70 49
70 58
70 60
70 62
70 66
70 79
70 82
70 90
70 98
70 108
70 110
70 126
70 129
70 131
70 138
70 141
70 154
70 160
71 4
71 21
71 24
71 28
71 31
71 34
71 41
71 43
71 52
71 66
71 75
71 81
71 85
71 93
71 98
71 100
71 109
71 242
71 244
72 79
72 81
73 126
73 130
73 132
73 139
73 144
73 149
73 153
74 14
74 22
74 28
74 30
74 34
74 41
74 47
75 14
75 16
75 18
75 30
75 31
75 34
75 43
75 56
75 83
75 89
75 90
75 93
76 1
76 10
76 14
76 21
77 2
77 4
77 21
77 24
77 33
78 3
78 6
78 9
78 10
78 16
78 21
78 27
78 29
78 31
78 40
78 43
78 66
78 67
78 70
78 76
78 85
78 94
78 97
78 102
79 1
79 2
79 4
79 12
79 14
79 16
79 22
79 33
79 37
79 40
80 1
80 4
80 10
80 14
80 18
80 21
80 27
80 39
80 40
80 44
80 78
80 84
80 91
80 114
80 115
80 118
80 120
80 123
80 128
80 130
80 137
80 140
80 141
80 153
80 163
80 172
80 173
80 182
81 6
81 12
81 20
81 21
81 33
81 37
81 45
81 46
81 49
81 54
81 55
82 2
82 131
82 136
82 142
82 159
82 170
82 177
82 182
82 190
82 191
82 194
82 199
82 206
82 207
82 212
82 215
82 219
83 17
83 19
83 31
83 32
83 38
83 41
83 42
83 46
83 48
83 56
83 64
84 1
84 7
84 12
84 14
85 3
85 11
85 13
85 14
85 15
85 18
85 29
85 32
85 141
85 147
85 160
85 255
85 263
85 264
85 270
85 274
85 279
85 280
86 5
86 18
86 22
86 23
86 25
86 27
87 10
87 12
87 17
87 29
87 42
87 45
87 46
87 49
87 52
87 53
87 55
87 56
87 62
87 66
87 202
87 208
87 219
87 220
87 228
87 232
87 242
87 246
87 262
88 6
88 16
88 33
89 75
89 80
89 89
89 178
89 179
89 187
89 194
89 209
89 217
89 220
89 223
89 227
89 230
89 232
89 234
89 240
89 251
90 3
90 4
90 13
90 18
90 26
90 38
90 51
91 5
91 6
91 10
91 11
92 2
92 8
92 10
92 22
92 25
92 26
92 30
93 6
93 11
93 15
93 19
93 24
93 27
93 32
93 36
93 44
94 29
94 39
94 44
94 46
95 24
95 26
95 27
96 13
98 23
98 27
98 40
98 41
98 50
98 51
98 52
98 53
98 54
98 63
98 66
98 76
98 83
98 84
98 89
98 92
98 94
98 104
98 107
98 114
98 119
98 126
98 137
98 142
98 144
98 151
99 2
99 7
99 8
99 10
99 11
99 13
99 24
99 27
99 34
99 35
99 39
99 49
99 53
99 54
100 1
100 2
100 6
100 12
100 15
100 17
102 107
102 111
102 118
106 68
106 70
106 76
106 88
106 97
106 231
106 239
106 254
106 263
106 281
106 283
106 289
106 293
106 294
106 295
106 301
106 312
106 313
106 323
106 335
106 338
107 1
107 4
107 6
107 12
107 18
107 21
107 22
107 27
107 31
107 33
107 36
107 41
107 46
107 47
107 49
107 52
107 53
107 55
107 57
