1 65
1 71
1 73
1 80
1 83
1 85
1 87
2 1
3 2
3 9
3 18
3 31
3 48
4 4
5 2
5 5
5 8
5 137
5 148
5 151
5 169
5 179
5 187
5 189
5 196
5 204
5 224
5 225
5 244
5 249
5 251
5 278
5 282
5 290
5 297
5 305
5 310
5 315
5 321
5 361
5 367
5 369
5 374
5 381
5 397
5 405
5 415
5 421
5 431
5 432
6 8
6 18
6 45
6 46
6 51
6 52
6 57
6 58
6 65
6 72
6 102
6 106
6 113
6 114
6 118
6 120
6 129
6 130
6 131
6 132
6 133
7 3
7 7
7 9
7 19
7 22
7 35
7 36
7 45
9 71
9 74
11 1
13 25
13 26
13 38
13 42
13 44
13 45
13 55
15 1
15 8
15 10
15 14
15 21
15 22
15 23
15 25
15 26
15 34
15 36
15 44
15 46
15 47
15 50
15 69
15 75
15 78
16 5
17 6
18 10
18 19
18 22
18 25
19 6
19 9
20 4
20 13
20 18
20 21
22 2
22 43
22 57
22 79
22 94
22 102
22 107
22 111
22 115
22 120
22 121
22 125
24 5
24 6
24 17
24 36
24 50
24 58
24 67
24 71
24 74
24 75
26 46
27 3
27 5
27 12
27 15
27 20
27 22
27 23
27 24
27 29
27 31
27 34
27 35
27 37
27 43
27 48
27 51
27 55
27 67
28 4
28 5
28 6
28 38
28 45
31 21
31 22
31 35
31 46
31 50
31 63
31 67
31 74
31 76
31 99
31 101
31 102
31 104
31 109
31 110
31 114
31 125
31 128
31 129
31 137
32 2
32 11
33 32
33 36
33 41
33 50
33 74
33 81
33 84
35 22
35 24
35 26
35 38
35 42
35 45
35 50
35 55
35 57
35 61
35 62
35 65
35 69
35 70
35 76
35 81
35 97
35 98
35 106
35 115
35 119
35 189
36 2
36 7
36 13
36 14
36 15
36 53
36 59
36 64
36 69
36 79
36 80
39 1
39 2
39 5
39 8
39 14
39 16
39 35
39 43
39 46
39 58
39 61
39 63
39 71
39 75
39 81
39 82
39 84
39 88
39 94
40 3
40 6
40 12
40 20
40 35
40 41
40 42
40 43
40 47
40 48
40 56
40 70
40 75
40 79
40 82
40 88
40 92
40 97
40 210
40 212
40 220
40 222
40 232
41 3
41 17
44 67
44 68
44 70
44 75
44 114
44 119
44 122
44 123
45 4
45 6
46 1
46 8
46 14
46 18
46 40
46 48
46 51
46 54
47 1
48 1
48 14
48 27
48 29
49 1
49 8
49 19
49 20
49 21
49 49
49 57
49 67
49 77
50 1
50 8
51 1
51 9
51 22
51 27
51 33
51 37
51 39
51 54
51 61
53 1
54 6
54 10
54 11
54 13
54 16
54 22
54 27
54 34
54 41
54 43
54 47
54 50
54 56
54 64
54 65
54 66
54 77
54 81
54 85
54 92
54 102
54 103
54 109
54 117
54 122
54 125
54 127
55 4
55 6
55 23
56 1
56 4
56 11
56 12
56 15
56 22
56 26
56 28
56 29
56 44
56 47
56 52
56 59
56 81
56 89
56 92
56 93
56 99
57 5
57 10
57 11
57 12
57 17
57 26
57 28
57 40
57 41
57 45
57 49
58 1
58 3
58 5
58 7
58 10
58 16
58 19
58 56
58 68
58 75
58 81
58 85
58 102
58 110
58 116
58 117
58 123
58 124
58 132
58 133
58 140
58 141
58 148
58 160
58 164
58 170
59 1
59 2
59 8
60 3
60 9
61 4
61 5
61 7
62 4
62 11
62 12
62 15
62 19
62 21
62 22
62 24
62 26
62 44
62 45
62 174
62 175
62 179
62 183
62 186
62 187
62 188
62 201
62 202
62 203
62 206
62 208
62 209
63 7
63 8
63 11
63 15
63 27
63 30
63 38
63 43
63 44
63 47
63 50
63 53
63 58
65 10
65 23
65 26
66 67
66 69
66 85
66 88
67 11
67 15
67 16
67 29
67 35
67 42
67 44
67 46
67 48
67 51
67 52
67 54
67 72
67 73
67 84
67 103
67 109
68 2
68 4
68 7
69 2
69 4
69 25
69 31
69 37
69 43
69 47
71 5
71 7
71 11
71 16
71 19
71 27
71 31
71 35
71 38
71 49
71 52
71 62
71 66
71 79
71 81
71 82
71 101
71 103
71 104
71 167
74 17
74 18
74 29
74 52
74 58
74 61
74 69
74 72
76 49
76 54
76 69
77 1
77 9
77 16
77 31
77 41
78 43
78 50
79 1
79 3
80 1
80 7
80 14
80 18
80 19
80 20
80 28
80 34
80 41
80 50
80 51
80 54
80 60
80 67
85 1
85 5
86 16
86 20
86 24
86 25
86 26
86 29
86 39
87 11
89 65
89 78
89 81
89 85
89 93
89 98
89 107
89 109
89 113
89 114
90 8
90 9
90 15
90 78
90 85
90 86
90 87
90 92
90 99
90 100
90 109
90 116
90 118
91 10
91 13
91 16
91 33
91 35
91 37
91 47
91 189
91 241
91 253
92 52
92 68
92 98
92 106
92 109
92 116
92 118
93 79
93 82
94 5
94 23
94 24
94 26
94 43
94 47
94 49
94 52
94 53
94 56
94 63
94 69
94 80
94 82
94 85
94 88
94 90
94 92
94 98
94 107
95 6
95 12
95 18
95 36
95 37
95 38
95 42
95 54
95 63
95 66
95 67
95 71
95 73
95 83
95 86
95 87
95 190
96 2
97 3
97 7
97 15
97 16
97 36
97 42
97 47
97 51
98 6
98 76
99 5
100 23
100 24
100 25
100 26
100 30
100 33
101 48
101 51
101 58
101 72
102 1
102 6
102 7
102 14
102 15
104 45
104 47
104 60
104 63
104 66
104 68
104 72
104 90
104 91
104 101
104 104
105 5
105 6
105 9
105 10
105 14
105 17
105 29
105 41
105 42
105 46
105 48
105 49
105 56
106 2
106 6
106 8
106 21
106 29
106 30
106 40
107 9
107 15
107 17
107 19
107 23
107 29
107 31
107 37
107 41
107 51
107 61
107 73
107 77
107 85
107 86
107 90
107 104
107 105
107 111
107 117
107 125
107 135
107 136
107 138
107 139
107 151
107 156
107 165
107 169
107 176
107 192
107 195
107 202
107 211
107 215
107 217
107 219
107 307
107 314
107 325
107 328
107 341
107 342
108 13
108 16
108 20
108 30
108 36
108 43
108 46
108 52
108 61
108 62
108 106
108 118
108 122
108 125
108 137
108 140
108 141
108 146
108 151
108 155
108 158
108 159
108 161
108 171
108 173
108 177
108 178
108 180
108 181
108 187
108 188
109 22
109 23
109 25
109 26
109 29
109 32
109 34
109 40
109 48
109 63
109 65
109 67
109 70
109 82
109 88
109 89
109 90
109 93
110 23
110 34
110 37
110 39
110 42
110 57
110 58
110 64
110 76
110 93
110 96
110 104
110 122
110 127
110 128
110 141
110 143
110 147
110 160
110 166
110 171
110 179
111 37
111 42
111 43
111 48
111 50
111 53
111 57
111 58
111 62
111 71
111 72
111 76
113 1
113 24
113 26
113 29
113 31
113 37
113 38
114 28
114 39
114 50
115 4
115 7
115 23
115 25
115 26
115 30
115 34
115 35
116 15
116 18
116 38
116 46
116 48
116 49
116 62
116 63
116 68
116 69
116 70
116 77
116 89
116 95
116 96
116 100
116 105
116 110
116 113
116 161
116 168
116 169
116 176
116 181
117 7
117 10
117 11
117 15
117 17
118 55
118 56
118 63
118 71
118 89
118 91
118 94
118 103
118 104
118 114
118 120
119 3
119 10
122 12
122 13
122 14
122 15
125 2
125 18
125 40
125 44
125 49
125 54
125 62
125 66
125 73
125 75
126 76
127 5
127 11
128 2
128 4
129 6
130 37
131 2
131 12
131 15
131 19
131 21
131 44
131 51
131 59
131 67
131 69
131 72
131 74
131 75
131 77
131 82
