1 3
1 5
1 9
1 12
2 5
2 10
2 11
2 18
2 19
5 39
5 40
5 46
5 51
5 65
5 69
5 71
6 1
6 3
6 8
7 126
7 130
7 138
7 140
7 145
7 151
7 154
8 6
8 8
8 13
8 14
8 17
8 30
8 46
8 47
8 50
8 54
8 61
8 74
8 77
8 81
8 103
8 104
8 109
8 120
8 128
8 137
8 139
8 140
8 148
8 150
8 151
8 154
8 158
8 161
8 163
8 178
9 4
9 10
10 31
10 34
10 36
10 37
10 57
10 58
10 63
10 67
10 71
10 73
10 75
10 85
10 89
12 86
12 87
12 94
12 106
12 108
12 112
12 114
12 118
12 139
12 140
12 143
12 152
12 165
12 166
12 168
12 183
12 189
12 194
12 210
12 237
12 238
12 241
12 243
12 253
12 256
12 257
13 2
13 6
13 17
13 20
13 23
13 24
13 49
13 54
13 55
13 57
13 58
13 64
13 68
13 72
13 75
16 64
16 84
16 85
16 93
16 103
16 105
17 3
17 4
17 10
17 13
17 14
17 28
17 55
17 59
17 64
18 1
18 10
18 11
18 14
18 20
18 25
18 38
18 45
18 57
18 59
18 108
18 110
18 115
18 120
18 122
18 126
19 6
19 17
23 11
23 13
23 23
23 27
23 38
23 41
23 43
23 46
23 55
23 58
23 62
23 66
23 71
23 78
23 91
23 94
23 96
23 105
23 117
23 118
23 124
23 130
23 131
23 132
23 145
23 153
23 162
23 165
23 178
23 183
23 185
23 187
23 192
23 197
24 49
25 4
25 18
25 20
26 2
26 3
26 4
26 78
27 51
27 53
27 54
27 59
27 85
27 92
27 103
27 105
28 5
28 8
28 11
28 17
28 23
28 43
28 47
28 49
28 52
28 56
29 65
29 71
29 76
29 77
29 82
29 84
29 85
29 88
29 89
29 96
29 105
29 126
29 128
29 131
29 135
30 52
30 56
30 59
32 49
32 60
32 63
32 65
32 73
32 82
32 85
32 88
32 95
32 97
32 100
32 106
32 110
32 126
32 132
32 139
32 143
32 146
32 151
32 156
32 161
32 166
32 171
32 187
32 191
32 193
32 194
32 195
32 204
32 207
32 208
32 217
32 218
32 227
32 242
32 250
32 251
32 252
32 259
32 260
32 262
32 263
32 265
32 266
32 279
32 292
32 298
32 301
32 312
32 314
32 318
32 325
32 331
32 332
32 337
32 343
33 68
33 69
33 73
33 87
33 91
33 101
33 103
33 104
33 111
33 114
33 117
33 118
33 120
34 5
34 10
34 11
34 15
34 16
37 19
37 23
37 27
37 29
37 32
37 39
40 40
40 46
40 49
40 51
40 59
40 63
40 70
40 71
40 76
40 79
40 85
40 88
40 90
40 99
40 104
40 105
40 106
40 111
40 119
40 138
40 141
40 146
40 149
40 152
40 165
40 168
40 175
40 176
40 179
40 184
40 189
40 190
40 196
40 198
40 203
41 6
41 10
42 57
43 3
43 8
45 2
46 16
46 18
46 19
46 36
46 42
46 44
46 51
46 52
46 56
46 61
46 66
46 70
46 71
46 75
46 78
46 81
46 91
46 105
46 108
46 115
46 127
47 15
47 19
47 37
47 39
47 44
47 49
47 166
47 172
47 173
47 180
47 184
47 185
47 188
47 191
47 205
47 207
47 215
47 228
47 240
47 252
47 262
47 271
47 272
49 21
50 6
50 8
51 39
51 47
51 52
51 53
53 7
53 16
53 29
53 32
53 33
53 43
53 56
53 57
53 59
53 60
53 72
54 3
54 12
54 20
54 21
55 6
55 14
55 15
55 16
55 20
55 22
55 23
55 29
55 31
55 35
55 37
55 38
55 44
55 51
55 54
55 58
55 61
55 98
56 3
56 5
56 9
56 16
56 26
56 31
56 34
56 40
56 50
56 55
56 56
56 57
56 60
56 66
56 67
57 5
57 9
58 24
58 34
59 24
59 28
59 30
59 37
59 47
59 50
59 67
59 72
60 4
60 21
60 26
60 28
60 43
61 1
61 4
61 5
61 10
61 12
61 14
61 24
61 25
61 27
61 28
61 33
61 40
61 46
61 67
61 69
61 74
61 75
61 81
61 84
61 87
61 95
61 102
62 74
62 87
62 95
62 98
62 112
62 119
62 251
62 255
62 258
62 261
62 265
62 272
62 275
62 278
62 287
62 330
62 335
62 341
62 345
62 358
62 359
62 360
63 3
63 4
63 6
63 8
63 11
63 13
63 16
63 17
63 19
63 30
63 34
63 37
63 39
63 60
63 62
63 66
63 71
63 73
63 76
63 79
63 80
63 95
63 99
64 5
64 21
64 28
64 38
64 41
64 51
64 55
64 56
64 58
64 62
64 63
64 64
64 66
64 67
64 68
64 81
64 85
64 86
64 92
64 95
64 103
64 104
64 115
64 118
64 126
64 134
64 137
64 151
64 162
64 170
64 174
64 176
65 5
65 6
65 12
65 18
65 23
65 32
65 33
65 37
65 38
65 41
65 46
65 53
65 54
65 56
67 53
67 57
67 64
67 67
67 72
67 75
67 78
67 80
67 90
67 95
67 96
67 101
67 114
67 120
67 124
67 128
67 131
67 134
67 136
67 141
67 145
67 147
67 151
67 154
67 162
67 184
67 185
67 187
67 200
67 203
67 215
68 5
68 6
68 11
68 32
68 33
68 39
68 41
71 5
71 7
71 10
71 11
71 14
71 21
71 36
71 42
71 52
71 58
71 73
71 75
71 77
71 84
71 89
71 90
71 93
71 95
71 103
72 6
72 9
72 40
72 42
72 47
72 50
72 58
72 60
72 69
72 104
72 105
72 117
72 123
72 128
72 136
72 138
72 151
72 153
72 163
72 164
72 169
72 175
72 179
72 180
72 189
73 1
73 3
73 8
73 14
77 144
77 147
77 149
77 150
77 158
77 159
78 11
78 21
78 36
79 1
79 3
79 4
79 8
79 11
79 29
80 4
80 7
80 12
80 22
80 32
80 166
80 177
80 179
80 185
80 186
80 188
80 199
80 216
80 218
80 219
80 233
80 240
80 242
80 243
80 254
80 255
80 258
80 265
80 269
81 7
81 19
81 22
81 63
81 69
81 73
81 76
81 77
81 80
81 85
81 98
81 110
81 114
81 116
81 117
81 119
81 123
81 125
81 127
81 146
81 153
81 161
81 169
81 170
81 173
81 177
81 178
81 181
81 184
81 187
81 216
81 221
81 222
81 224
81 235
81 236
81 243
81 246
81 253
83 3
83 8
83 22
83 30
83 31
83 34
84 19
84 21
85 3
85 11
85 16
87 74
87 101
87 102
87 104
88 12
88 13
88 33
91 19
91 28
91 29
91 31
91 39
91 40
91 43
91 53
91 56
91 58
91 77
91 82
91 101
91 114
91 115
91 124
91 125
92 16
92 19
93 6
95 22
95 35
95 36
95 42
95 43
95 51
95 65
95 66
95 75
95 81
95 86
95 90
95 102
95 112
95 113
95 121
95 125
95 128
95 136
95 144
95 168
95 169
95 171
95 172
95 175
95 182
95 184
95 188
95 192
95 196
95 197
95 202
95 204
95 205
95 207
95 212
95 303
95 306
95 313
95 315
95 317
95 320
95 321
95 368
95 371
95 374
95 379
95 386
95 397
95 399
95 401
95 403
95 404
95 405
95 408
95 409
95 421
95 423
95 430
96 5
96 10
96 22
97 5
99 31
99 32
99 33
99 44
99 45
99 49
99 53
99 54
99 55
99 57
100 2
100 13
100 20
100 34
100 36
100 37
100 39
100 44
100 45
100 48
100 50
100 52
100 54
100 61
100 63
100 64
100 73
100 74
100 77
101 4
101 10
101 29
101 33
101 39
101 52
101 57
101 63
101 74
101 79
101 87
101 89
101 100
101 107
101 109
101 112
101 115
102 8
102 9
102 11
102 13
103 3
103 19
103 27
104 105
104 107
105 5
105 8
105 9
105 21
105 31
105 33
105 34
105 54
105 57
105 79
105 94
105 103
105 113
105 114
106 7
106 11
106 18
107 5
107 7
107 13
107 18
107 35
107 36
107 40
107 68
107 70
107 73
107 80
107 81
107 94
107 95
107 97
108 12
108 16
108 21
109 1
109 5
109 7
109 12
109 34
109 43
109 75
109 77
109 84
109 95
109 112
109 113
109 119
109 127
109 134
109 141
109 148
109 156
109 158
109 170
109 178
109 198
109 201
109 207
109 341
109 354
109 363
109 366
109 368
