1 1
1 8
1 11
1 12
1 13
1 16
1 20
1 23
1 30
1 40
1 42
1 45
1 52
1 56
1 58
2 47
3 4
3 7
3 18
3 32
4 1
4 4
4 7
4 8
4 12
4 28
4 44
5 2
5 13
6 8
6 11
6 22
6 23
6 25
6 26
6 50
7 15
7 29
7 30
7 46
7 48
9 6
9 9
9 15
9 26
9 39
9 46
9 47
9 49
11 101
11 106
11 107
12 40
12 41
12 47
12 48
12 52
12 65
12 66
14 17
14 26
15 3
15 6
17 12
17 18
17 38
17 43
17 48
17 179
17 183
17 199
17 213
18 2
18 13
18 17
18 24
18 63
18 68
18 75
18 80
18 81
18 83
18 85
19 52
19 57
19 58
20 6
20 8
21 1
21 7
21 20
21 31
21 33
21 52
21 55
21 63
21 73
22 23
22 48
22 53
22 54
22 58
22 59
22 63
22 87
23 6
23 10
23 14
24 13
24 26
24 27
24 30
24 32
24 37
24 44
24 46
24 49
24 50
24 68
24 71
24 93
24 95
24 99
24 104
24 110
24 112
24 116
24 118
24 135
24 136
24 138
24 139
24 152
24 160
24 162
24 163
24 166
24 169
24 172
24 178
24 181
24 186
24 192
24 193
24 198
24 222
24 225
24 228
24 233
24 235
24 254
24 256
24 266
24 270
24 271
24 275
24 276
24 282
24 284
24 296
24 301
24 314
24 325
24 348
24 353
24 359
24 363
24 365
24 375
24 382
24 387
24 390
24 394
24 400
24 407
24 410
24 412
24 414
24 415
24 419
24 427
24 442
24 450
24 451
24 456
24 457
24 460
24 469
24 474
24 477
24 482
25 62
25 68
25 70
25 74
26 4
26 5
26 6
26 55
26 70
26 71
26 74
26 84
26 101
26 103
26 108
26 111
26 113
26 116
26 117
26 126
26 133
26 137
27 1
27 10
27 27
27 33
27 51
27 57
27 64
27 66
28 1
28 9
29 10
29 12
29 67
29 75
29 90
29 94
29 98
29 106
29 108
29 120
29 127
29 128
30 4
30 6
30 7
30 9
30 10
30 23
30 26
31 1
32 13
32 16
32 19
32 31
32 37
32 39
32 42
32 43
32 45
32 48
32 54
32 64
32 82
32 89
32 97
32 103
32 108
32 111
32 112
32 114
32 118
32 120
32 130
33 1
33 2
33 7
33 13
33 17
33 21
33 23
33 42
33 49
33 58
33 61
33 62
33 76
33 84
33 86
33 89
33 94
33 110
33 114
36 4
36 9
36 17
36 27
36 35
36 44
36 50
36 55
36 63
36 68
36 73
36 76
36 85
36 164
36 168
36 169
36 174
36 178
36 181
36 183
36 192
36 207
36 208
36 210
36 211
36 213
36 214
36 217
36 257
36 259
36 272
36 274
36 289
36 293
36 298
36 314
36 315
36 317
36 323
36 324
36 329
36 347
36 349
36 350
36 358
36 361
36 368
36 373
36 376
36 380
36 386
36 406
36 407
36 425
36 430
36 434
36 440
36 458
36 475
36 476
36 492
36 497
36 505
36 507
36 509
36 512
36 519
36 529
36 530
36 538
37 16
37 17
37 18
37 22
37 23
37 25
37 26
37 27
37 83
37 86
37 87
37 103
37 105
37 110
37 114
37 116
37 120
37 121
37 128
37 129
37 137
37 141
37 142
37 150
37 151
37 155
37 174
37 176
37 177
37 196
37 197
37 212
37 216
37 220
37 227
37 231
37 232
37 233
37 236
38 13
38 23
38 30
38 34
38 60
38 65
39 28
39 32
39 33
39 50
39 56
39 63
39 69
39 95
40 81
40 82
40 86
40 87
40 94
40 105
40 107
40 114
40 117
40 125
40 128
40 130
40 131
40 139
40 144
40 148
40 149
40 153
40 154
41 30
41 31
41 33
41 44
41 50
41 58
41 73
41 76
41 82
41 85
41 93
41 96
41 101
41 106
41 108
41 116
41 121
41 123
41 130
42 10
42 16
42 18
42 19
42 22
42 31
42 37
42 41
42 44
42 59
42 63
42 71
42 72
42 77
42 89
42 90
42 103
42 113
42 119
43 23
43 24
43 27
43 35
43 38
43 43
43 45
43 51
43 52
43 55
43 57
43 142
43 143
43 153
43 158
43 159
43 165
43 170
43 174
43 178
43 182
43 188
43 199
43 201
43 331
43 338
43 341
43 344
43 345
43 347
43 355
43 360
43 361
43 362
43 433
43 450
43 462
43 463
43 467
44 2
44 5
44 10
45 6
45 11
45 12
45 15
45 19
45 31
45 38
45 39
45 43
45 44
45 53
45 55
45 61
45 73
45 76
45 77
45 83
45 86
45 93
45 95
45 107
45 108
45 109
45 115
45 128
45 145
45 151
45 152
45 162
45 167
45 177
45 182
45 188
45 197
45 198
45 201
45 208
45 211
45 213
45 216
45 222
45 224
45 227
48 61
48 63
48 73
48 76
49 2
49 15
49 20
49 22
49 23
49 25
49 33
49 38
49 40
49 46
49 50
49 55
49 59
49 81
49 92
49 95
49 101
49 102
49 236
49 238
49 244
49 253
49 258
49 260
49 264
49 272
49 287
50 2
51 2
51 3
51 13
51 22
51 24
51 31
51 45
51 46
51 53
51 55
51 62
51 65
51 160
51 172
51 184
53 25
54 1
54 2
54 17
54 21
54 23
54 42
54 46
54 51
54 52
54 54
54 56
55 89
55 92
55 97
55 99
55 108
55 110
55 111
55 116
55 117
55 119
55 125
55 126
55 127
55 129
55 132
55 138
55 140
55 141
55 150
55 152
55 157
55 159
55 167
55 169
55 172
55 174
55 186
55 190
55 208
55 212
55 216
55 223
55 224
55 230
55 234
55 239
55 241
55 242
55 248
55 257
55 258
55 272
55 274
55 275
55 280
55 283
55 287
55 418
55 421
55 426
55 429
55 433
55 447
55 452
55 453
55 456
55 459
55 468
56 1
56 2
56 5
56 8
56 20
56 23
56 25
56 27
56 32
56 37
56 44
56 47
56 53
56 55
56 56
56 59
56 60
56 85
56 89
56 90
56 91
56 92
56 98
56 108
57 1
57 6
57 18
57 28
57 31
57 32
57 33
58 8
58 9
58 13
58 15
58 23
58 25
58 32
58 51
58 52
59 2
59 4
59 5
59 15
60 4
60 6
60 8
60 9
60 14
60 15
60 16
60 24
60 26
61 7
62 7
62 8
62 14
62 23
62 24
62 34
62 37
62 50
62 56
62 66
62 69
62 76
62 78
62 83
62 90
62 92
62 96
62 106
62 110
62 111
62 119
62 120
62 125
62 130
62 133
63 70
63 72
63 73
63 83
63 99
65 1
66 1
66 3
66 4
66 9
66 11
66 14
66 38
66 44
66 45
66 58
66 63
66 64
66 65
66 66
66 72
66 80
66 81
67 3
67 5
68 63
68 73
68 77
68 84
68 87
68 94
68 96
68 111
68 116
68 127
68 135
68 136
68 139
68 145
68 146
68 155
68 164
68 166
68 176
68 183
68 187
68 200
68 233
68 366
68 367
68 374
68 380
68 381
68 390
68 395
68 396
68 482
68 489
68 491
68 500
68 502
68 504
68 512
68 523
68 528
68 530
68 531
68 538
68 539
68 541
68 545
68 546
68 553
68 556
68 567
68 569
68 571
68 584
68 586
68 593
68 600
68 610
68 614
68 617
68 621
68 632
68 634
68 637
68 642
68 646
69 54
69 56
69 62
69 68
69 95
69 99
71 43
71 47
71 54
71 61
71 69
71 95
72 26
75 73
75 76
75 80
75 83
75 88
75 95
75 96
75 98
75 99
75 105
75 111
76 1
76 5
76 6
76 15
77 2
77 4
77 8
77 12
77 14
77 24
78 7
78 9
78 11
78 22
78 27
78 86
78 106
78 107
78 211
78 214
78 223
78 224
78 292
78 295
78 308
78 310
78 315
78 319
78 332
78 333
78 340
78 343
78 345
79 1
79 6
79 8
79 12
79 28
84 129
84 134
84 136
84 142
84 160
85 7
85 14
85 15
85 17
85 22
85 32
85 33
85 43
85 45
85 49
86 8
86 27
86 29
86 85
86 90
86 91
88 5
88 13
88 18
88 32
88 36
88 45
88 46
88 54
89 22
89 27
89 31
89 39
92 7
92 10
92 14
92 21
93 9
93 14
93 15
93 31
93 44
93 54
93 56
93 63
93 66
93 89
93 92
93 93
93 122
93 130
93 131
93 135
93 136
93 147
93 153
93 165
93 167
93 171
93 180
93 181
93 184
93 187
93 280
