1 18
1 31
1 32
1 34
2 1
2 13
2 15
2 28
2 29
2 31
2 32
3 8
3 14
3 16
3 24
3 28
3 29
3 33
3 34
3 35
3 36
3 37
3 39
3 46
4 7
4 9
4 24
4 29
4 33
4 35
4 41
4 46
4 55
4 57
4 69
4 74
4 75
4 76
4 83
4 93
4 95
4 106
4 111
4 114
4 116
5 9
5 10
5 12
5 21
5 24
5 25
6 4
6 5
6 7
6 8
6 13
6 28
6 34
6 35
6 39
6 47
6 53
6 72
6 77
6 79
6 80
6 82
6 99
6 101
6 111
6 150
6 151
6 160
6 163
6 172
6 175
6 190
6 194
6 195
6 200
6 202
6 206
6 211
7 2
7 6
7 7
7 13
7 26
7 29
7 39
7 41
7 54
7 62
7 64
7 65
7 71
7 79
7 81
7 89
8 2
8 102
8 205
9 3
9 19
9 22
9 25
9 30
9 33
9 42
9 50
9 55
9 61
9 65
10 5
12 21
12 24
12 29
12 32
12 47
12 59
13 78
13 79
13 80
13 222
13 225
13 227
13 250
13 252
13 254
13 261
13 265
13 291
13 292
13 328
13 329
13 335
13 340
13 343
13 348
13 357
13 363
13 364
13 374
13 375
13 386
13 389
13 390
13 391
13 396
14 10
14 16
14 20
14 21
14 29
14 32
14 35
14 37
14 43
14 45
14 57
14 62
14 82
14 89
14 102
14 104
14 108
14 128
14 132
14 141
14 142
14 145
14 146
14 156
14 158
14 160
14 162
14 173
14 175
14 176
14 177
14 191
14 192
14 200
14 201
14 205
14 210
15 5
15 7
15 10
15 18
15 22
15 23
15 34
15 38
15 53
15 68
15 69
15 76
15 86
15 90
15 98
15 102
15 108
15 115
15 116
15 119
15 120
15 126
17 10
17 11
17 20
17 22
17 29
17 32
17 38
17 41
18 15
18 16
18 23
18 44
18 45
18 49
18 50
18 56
18 62
18 67
18 71
18 72
18 75
18 77
18 80
18 87
18 99
18 101
18 105
19 5
19 8
19 16
19 19
19 25
19 26
19 27
19 43
19 45
19 49
19 52
19 57
19 60
19 193
19 198
20 3
20 6
20 12
20 19
20 47
20 54
20 59
21 12
21 25
21 38
21 42
21 55
22 51
22 67
22 68
22 87
22 94
22 107
22 108
22 117
22 127
22 133
22 134
22 135
22 136
23 6
24 8
24 12
24 17
24 33
24 34
24 40
24 54
24 66
24 75
24 83
24 84
24 106
24 136
24 143
24 148
24 150
24 161
24 162
24 163
24 180
24 184
24 191
24 194
24 199
24 206
24 209
26 7
26 8
26 18
26 19
26 20
26 23
26 25
29 64
29 74
29 77
29 83
31 6
31 8
31 25
31 28
31 54
31 55
31 65
31 73
31 77
31 78
31 86
31 87
31 93
31 103
31 109
31 112
32 76
33 82
33 89
33 96
33 106
33 111
33 116
33 130
33 136
33 141
33 145
33 147
33 149
33 152
33 158
33 165
33 167
34 6
34 13
34 20
34 26
34 28
34 29
34 31
34 44
34 52
34 68
35 96
35 100
35 106
35 110
35 118
35 123
35 125
35 129
35 135
35 136
35 139
35 142
35 145
35 161
35 164
35 172
35 175
35 178
35 179
35 182
35 184
35 193
35 202
35 204
35 277
35 279
35 280
35 285
35 286
36 2
37 55
37 59
37 62
37 73
37 83
37 86
38 3
38 5
38 7
38 24
38 35
38 37
39 4
39 9
39 10
39 13
39 18
39 33
39 34
39 42
39 50
40 30
40 31
40 35
40 36
40 38
40 55
40 58
40 62
42 51
42 57
42 62
42 63
42 73
42 85
42 95
42 107
42 109
42 113
42 119
42 134
42 144
42 157
42 219
42 223
42 235
42 246
42 250
42 253
42 264
43 9
43 10
43 11
43 24
43 26
43 30
44 3
44 10
44 15
44 33
44 34
44 36
44 37
44 42
44 45
44 49
44 55
44 57
44 76
45 5
46 3
46 12
46 13
46 16
46 20
46 21
46 30
46 34
46 59
46 79
46 85
46 89
46 93
46 94
46 97
48 76
48 77
49 6
49 13
49 30
49 34
50 46
50 51
50 52
50 53
50 57
50 82
50 95
50 96
50 103
50 105
50 108
50 111
50 115
50 125
50 126
50 133
50 207
50 223
50 229
50 235
50 239
50 240
50 245
50 256
50 258
50 260
50 264
50 265
50 286
50 287
50 288
50 290
50 291
51 37
51 43
51 48
51 63
51 68
51 130
51 135
52 6
53 41
53 53
53 56
53 61
54 3
54 5
55 7
56 2
56 14
56 53
56 62
56 69
56 70
56 74
56 78
56 79
56 80
56 83
56 84
56 92
56 93
57 2
57 16
57 19
57 23
57 26
57 27
57 35
57 37
57 38
58 6
58 22
58 26
58 32
58 38
58 42
58 54
58 63
58 64
58 75
58 76
58 84
58 94
58 95
58 104
59 6
59 10
59 11
59 15
59 22
59 34
59 39
59 44
59 45
59 50
59 51
59 52
59 57
59 66
60 1
60 8
60 14
60 22
60 34
60 36
60 42
60 44
60 52
60 57
60 60
61 2
62 13
62 16
62 17
62 26
62 29
62 32
62 37
62 43
62 48
62 57
62 62
62 65
62 67
62 70
63 4
64 1
64 2
65 2
65 4
66 1
66 4
66 11
66 12
66 26
66 34
66 40
66 41
68 61
68 63
69 3
69 4
69 7
69 8
69 12
69 13
69 105
69 109
69 115
70 27
70 32
70 47
72 10
72 12
72 113
72 116
72 117
72 129
72 136
72 137
72 149
72 150
72 182
73 30
73 36
73 38
73 42
73 46
73 54
73 59
73 61
73 82
73 83
75 16
75 25
75 26
75 28
75 50
75 58
75 64
75 76
75 82
75 85
75 93
75 103
75 104
75 106
75 107
75 116
75 120
75 129
75 140
75 146
75 163
76 2
76 6
77 6
77 16
77 17
77 24
78 1
78 4
78 10
79 56
79 59
79 60
79 61
79 63
79 73
79 82
79 94
79 97
79 98
79 105
79 108
79 113
79 114
79 118
79 119
79 138
79 143
80 6
80 12
80 16
80 23
80 27
80 36
80 38
80 45
80 50
81 19
81 23
81 30
81 32
81 42
81 43
83 61
83 67
83 73
83 75
83 77
83 99
83 100
83 101
83 105
83 108
83 111
83 112
83 113
83 120
84 14
85 7
85 13
85 15
85 24
85 40
86 2
86 10
86 14
86 21
86 22
86 27
86 36
86 38
86 53
86 70
86 83
86 142
86 155
86 156
86 157
86 163
86 173
86 176
86 188
86 195
86 197
86 199
86 201
88 13
88 15
88 19
88 21
88 22
88 29
88 144
88 146
88 147
88 282
88 285
88 288
88 298
88 301
88 315
88 321
88 328
88 330
88 334
88 338
88 339
88 343
88 345
88 352
88 356
88 357
88 365
88 370
88 383
88 385
88 387
90 48
90 52
90 61
93 4
93 8
93 18
93 36
93 47
93 49
93 58
93 62
93 65
93 67
93 68
93 69
93 77
93 78
93 81
93 85
93 93
93 99
93 100
93 102
93 113
93 119
93 120
93 133
93 145
94 4
94 8
94 20
94 26
94 28
94 41
94 48
94 54
94 66
95 11
95 13
95 17
95 21
95 25
95 44
95 47
95 52
95 54
95 61
96 5
96 61
96 64
96 67
96 70
96 78
96 79
96 88
96 90
96 93
96 98
96 106
96 126
96 129
96 131
96 132
96 136
96 144
100 12
100 26
100 31
100 32
100 41
100 45
100 47
100 49
100 55
100 57
100 60
100 68
100 72
100 81
100 84
100 86
100 90
100 91
100 105
100 110
100 115
100 120
100 121
100 124
100 125
100 133
100 134
100 137
100 148
100 160
100 167
101 3
101 19
101 23
101 44
102 24
102 31
102 33
102 34
103 43
