1 17
1 21
1 31
1 99
1 100
1 105
1 106
1 107
2 28
3 44
3 48
3 50
3 53
3 96
3 99
3 102
3 105
4 4
4 7
4 10
4 11
4 12
4 16
4 20
4 26
5 38
6 9
6 24
6 112
6 118
6 120
6 122
6 123
6 140
6 158
6 166
6 167
6 172
6 173
6 187
6 192
6 193
6 195
6 201
6 202
6 203
6 209
6 213
6 241
6 243
6 245
6 254
6 313
6 316
6 323
10 22
10 30
10 33
10 38
10 43
10 45
10 47
10 176
10 177
10 184
10 188
10 197
10 209
10 210
10 220
10 224
10 225
10 226
10 228
10 238
10 240
10 244
10 246
10 249
10 256
10 260
10 263
10 267
10 268
10 272
10 273
10 276
10 282
10 284
10 286
10 301
10 311
10 312
10 324
10 325
10 329
10 332
10 333
10 335
12 47
12 50
12 55
12 57
12 72
12 76
12 79
12 83
12 85
12 86
12 92
12 94
12 99
13 15
13 17
13 18
13 20
13 28
14 10
14 13
14 18
14 19
14 33
14 37
14 39
15 25
16 6
17 2
17 4
17 7
17 8
17 14
17 25
17 31
17 32
17 41
17 46
17 78
17 91
17 93
17 95
17 96
17 214
17 216
17 218
17 225
17 228
17 237
17 239
18 3
18 8
18 11
18 14
18 16
18 34
18 41
18 43
18 46
18 56
18 61
18 62
18 74
18 76
18 79
18 81
19 6
19 10
19 13
19 23
19 24
19 25
19 30
19 31
19 35
19 37
19 44
19 48
19 49
19 69
19 71
19 73
20 9
20 11
20 19
20 21
20 26
20 33
22 3
22 5
22 10
22 20
22 21
22 30
23 2
23 3
23 9
23 10
23 18
23 27
23 31
23 35
23 36
23 39
23 114
24 1
24 14
24 16
25 13
25 26
25 28
25 36
25 41
25 49
26 2
26 5
26 11
27 1
27 3
29 5
29 8
30 16
30 18
30 21
30 24
30 26
30 32
30 46
30 48
30 57
30 65
30 72
30 84
30 90
30 96
30 101
30 132
32 100
32 102
32 103
32 104
32 118
32 120
32 122
32 124
32 126
32 128
32 129
32 137
32 149
32 150
32 151
32 155
32 287
32 289
32 291
32 298
32 299
32 300
32 301
32 303
32 305
32 309
32 312
32 313
32 316
32 317
33 1
33 7
34 3
34 17
34 28
34 29
34 32
34 34
34 38
34 46
34 47
34 57
34 71
34 72
34 76
34 83
34 98
34 109
34 111
34 115
34 128
35 5
35 11
35 13
35 15
35 28
35 29
36 8
36 13
36 15
36 22
36 24
36 25
36 26
36 38
36 49
37 43
37 57
39 64
39 66
40 15
40 23
40 25
40 29
40 36
40 42
40 50
40 54
40 58
40 66
40 68
40 69
40 70
42 29
42 101
42 181
42 184
42 197
42 198
42 202
42 237
42 243
42 249
42 257
42 259
42 263
42 264
42 265
42 267
42 273
42 276
43 8
43 9
43 15
44 1
44 4
44 7
44 11
44 13
44 38
44 40
44 51
44 52
44 53
44 67
44 84
44 87
44 92
44 100
44 104
45 1
45 3
45 7
46 2
46 18
46 20
46 30
46 31
46 36
46 39
46 43
46 50
46 52
46 54
46 72
46 74
46 75
47 31
47 34
47 43
47 59
47 63
47 64
47 72
47 73
47 81
47 83
48 1
49 6
49 14
49 18
49 28
49 34
49 35
49 51
49 56
49 83
49 91
49 100
50 6
51 2
51 11
51 15
51 27
51 29
51 47
51 50
51 52
51 57
51 60
51 63
51 66
51 72
52 10
52 12
52 19
52 25
53 1
53 4
53 22
53 23
53 35
53 36
53 39
53 40
53 52
53 56
54 5
54 10
54 15
54 17
54 30
54 34
54 35
54 54
54 71
54 76
54 82
54 84
54 99
54 101
54 110
54 116
54 117
54 128
54 149
54 150
54 158
55 16
55 27
55 28
57 2
57 10
57 14
57 19
57 28
57 31
57 41
57 44
57 61
57 76
57 77
58 11
58 13
58 151
58 156
58 159
59 27
59 30
59 33
59 34
59 39
59 45
59 47
59 52
59 54
59 59
60 1
60 6
60 14
61 3
61 5
61 7
61 10
61 14
61 20
61 23
62 1
62 4
62 11
62 12
62 19
63 30
63 32
64 10
64 12
64 19
64 24
64 28
64 32
65 4
65 5
65 6
66 3
66 4
66 134
66 136
66 144
66 196
66 198
66 214
66 217
66 219
66 227
66 229
67 12
67 24
67 33
67 40
67 42
67 47
68 46
68 48
68 50
69 4
69 6
69 15
69 16
69 20
69 22
69 27
69 28
69 30
69 31
69 37
69 42
69 45
69 46
69 48
69 49
69 84
69 98
69 117
69 122
69 124
69 129
69 132
70 2
70 8
70 11
71 1
71 5
71 19
71 23
71 26
71 29
71 32
72 2
72 5
72 9
72 12
72 18
72 23
72 45
72 47
72 51
73 2
73 5
73 21
73 23
74 1
74 6
74 7
74 24
74 39
74 41
74 43
74 45
74 48
74 62
74 65
74 69
74 74
74 77
74 89
74 105
74 109
74 122
74 232
74 233
75 4
76 66
80 2
80 9
80 24
80 155
80 156
80 162
80 169
80 173
80 178
80 182
80 183
81 99
83 41
83 102
83 113
83 117
83 118
83 121
83 127
83 130
83 134
83 149
83 154
83 161
83 170
83 174
83 175
83 176
83 178
83 183
83 187
83 191
83 192
83 193
83 207
83 216
83 219
83 221
83 223
83 225
84 86
84 91
84 98
84 105
84 106
84 108
84 140
84 147
84 153
84 155
84 281
84 289
84 296
84 305
84 311
84 319
84 329
84 330
84 338
84 345
84 348
84 349
84 357
84 374
84 382
84 391
85 3
85 17
86 3
86 11
86 12
86 16
86 22
86 25
86 30
86 31
86 37
86 39
86 45
86 49
87 2
87 51
87 55
87 56
87 68
87 73
87 74
88 55
88 69
88 70
88 72
88 84
88 91
88 94
88 98
88 99
89 46
89 55
89 58
89 71
89 74
89 86
89 88
89 90
89 99
89 104
89 106
89 107
89 117
89 121
89 125
89 127
89 130
89 131
89 138
89 146
89 157
89 160
89 163
89 164
89 165
89 167
89 169
89 173
89 182
89 186
89 205
89 206
89 210
89 219
89 223
89 225
89 234
89 237
89 242
89 243
89 246
89 250
89 266
89 273
89 276
91 18
91 22
91 24
91 32
91 37
91 38
91 39
91 43
91 46
91 52
91 60
91 61
91 63
91 66
91 76
91 80
91 83
92 5
92 11
92 15
92 30
92 49
92 55
92 56
92 64
92 72
92 75
92 77
92 89
92 94
92 102
92 108
92 112
92 113
92 156
92 157
92 160
92 165
92 166
92 172
92 175
92 176
92 177
92 178
93 22
93 23
93 31
93 43
93 45
93 51
93 59
93 66
93 84
93 85
93 90
93 91
94 7
94 19
94 23
94 26
94 27
94 39
94 46
99 12
99 18
99 19
99 32
99 33
99 36
99 37
99 38
99 39
99 42
99 43
99 59
99 61
99 65
99 67
99 68
102 4
102 15
102 16
102 17
102 23
102 25
102 41
102 45
102 50
102 51
102 58
102 62
102 67
102 68
103 4
103 10
103 11
103 18
103 19
103 20
103 23
103 26
103 29
103 33
103 38
103 56
103 57
103 58
103 63
103 77
103 82
103 101
103 103
103 112
103 113
103 114
103 116
103 120
103 122
103 126
104 4
104 29
104 30
105 19
105 21
105 29
105 38
105 41
105 52
105 58
105 59
105 64
105 66
106 1
106 2
106 5
106 13
106 206
106 213
106 221
106 227
106 235
106 236
106 238
106 247
107 3
107 6
107 8
107 12
107 22
107 34
107 59
107 61
107 62
107 69
107 71
107 82
107 97
107 109
107 114
107 121
107 125
107 127
107 132
107 141
108 3
108 18
108 24
108 31
108 35
108 37
108 173
108 176
108 185
108 195
108 197
108 202
108 216
108 218
108 228
109 4
109 12
109 19
109 21
109 30
109 33
109 38
109 50
109 53
109 58
109 65
109 76
109 79
109 88
109 90
109 99
109 101
109 106
109 111
109 117
109 122
109 140
109 141
109 148
109 150
109 202
109 209
109 227
109 233
109 234
109 241
109 242
109 246
109 259
109 262
109 273
109 280
109 281
109 284
109 289
109 294
109 297
109 304
109 306
110 2
110 3
110 7
110 10
110 15
110 16
110 18
110 21
110 39
110 40
110 42
110 44
110 49
110 51
110 52
110 53
