1 35
1 36
1 42
1 46
1 48
1 54
1 57
1 61
1 82
1 98
1 104
1 113
1 133
1 144
6 18
6 21
6 22
6 25
6 26
6 30
6 35
6 57
6 60
6 197
6 213
6 216
6 229
6 232
6 244
6 251
6 256
6 262
6 275
6 285
6 289
6 424
6 438
7 6
8 35
8 38
8 41
8 43
8 46
8 49
8 54
8 57
8 65
8 66
8 70
8 74
8 76
8 84
8 198
8 201
9 114
9 133
9 159
9 161
9 166
9 171
9 172
9 189
9 191
9 194
9 196
9 200
9 202
9 204
9 206
9 207
9 219
9 221
9 223
10 18
10 24
10 30
10 32
10 38
11 4
11 13
11 22
11 23
11 28
14 10
14 11
15 4
15 8
15 29
15 33
15 50
15 51
16 36
16 42
16 54
16 104
16 109
16 119
16 120
16 126
17 11
17 18
17 91
17 106
18 1
18 6
18 9
18 13
18 17
18 27
18 28
18 31
20 1
20 6
21 2
21 27
21 40
21 48
21 49
21 60
21 62
22 99
22 109
22 115
23 5
23 13
23 53
23 66
24 32
24 41
24 72
25 6
25 9
25 23
26 12
26 15
26 21
26 23
26 24
26 34
26 41
26 44
27 4
27 7
27 11
27 12
27 13
27 21
27 42
27 43
27 46
27 60
27 63
27 65
27 72
27 80
27 83
27 87
27 92
27 94
27 99
28 22
28 23
28 33
28 37
28 39
28 41
28 45
28 47
28 50
28 54
28 55
28 120
29 1
29 5
29 15
29 23
29 166
29 168
29 169
29 175
29 189
29 199
30 2
31 4
31 7
31 25
31 27
31 35
31 37
31 39
31 55
31 56
31 71
32 5
32 6
32 7
32 10
32 16
32 17
34 96
34 100
34 102
34 103
34 105
34 110
37 40
38 89
38 92
39 3
39 4
39 6
39 8
39 141
39 150
39 166
39 170
39 181
39 183
40 2
41 21
41 24
42 2
42 3
42 7
46 32
46 40
46 45
46 46
46 51
47 3
47 9
47 14
48 4
48 11
48 40
48 52
48 63
48 73
48 89
48 93
48 103
48 104
48 109
48 111
48 121
48 123
48 126
48 139
51 38
51 54
51 87
51 90
51 98
51 101
51 105
54 9
54 11
54 21
54 22
54 23
54 27
54 194
57 57
57 60
57 61
57 68
57 153
57 174
57 186
57 189
57 191
57 193
58 57
58 61
58 74
58 86
58 97
58 105
58 106
58 112
58 225
58 243
58 248
58 272
58 274
58 276
58 279
58 301
58 303
58 305
58 308
58 309
58 310
58 312
59 1
59 5
59 8
60 98
60 101
60 109
60 111
60 114
60 116
60 129
60 132
60 135
60 137
60 140
60 145
60 150
60 161
60 163
60 168
60 186
60 187
60 190
60 194
60 195
60 213
60 223
61 99
61 113
61 117
61 126
61 128
61 134
61 137
61 138
61 139
61 143
61 149
61 150
62 3
62 7
62 15
62 20
62 34
62 45
62 46
62 49
62 50
62 56
62 60
62 62
63 7
63 14
63 19
63 30
63 36
63 48
63 54
63 57
63 58
63 60
63 61
63 69
63 75
63 80
63 84
63 87
63 94
63 100
63 122
63 124
63 126
63 148
63 156
63 158
63 168
63 180
63 182
64 5
65 55
65 58
65 65
65 91
65 100
65 101
65 106
65 107
65 116
65 187
65 205
65 208
65 213
66 6
66 11
66 16
66 17
66 43
66 44
66 48
66 49
66 50
66 52
66 54
67 12
67 14
68 3
68 7
68 16
68 20
68 29
68 35
68 37
68 39
68 53
68 55
68 68
68 75
68 93
68 95
68 110
68 111
68 114
68 117
69 2
69 10
69 16
69 27
69 38
69 39
69 124
69 126
69 132
69 140
69 146
69 165
69 167
69 168
69 177
69 181
69 186
69 188
69 191
69 206
69 215
69 223
69 224
70 2
70 3
70 10
70 20
71 2
71 3
71 4
75 48
76 1
76 7
76 12
76 14
76 17
76 20
77 5
77 7
77 16
77 19
77 25
77 30
77 63
77 68
77 73
77 81
77 83
77 92
77 112
77 115
77 116
77 117
77 120
77 122
77 123
77 124
77 126
77 156
77 162
77 168
77 170
77 172
77 174
77 179
77 188
77 190
77 195
77 196
78 53
78 63
78 68
78 84
78 99
78 101
78 104
78 106
78 111
78 113
78 115
78 145
78 151
78 162
78 174
78 175
78 189
78 195
78 211
79 2
79 8
79 12
79 22
79 36
79 101
79 103
79 105
79 109
80 1
80 10
80 31
80 33
80 38
81 9
81 10
82 15
82 20
82 31
82 32
82 34
82 36
82 60
82 62
82 70
82 71
83 1
83 7
83 8
83 18
83 19
83 22
83 26
83 31
83 41
83 50
83 54
84 1
84 3
84 9
84 23
84 26
84 36
86 45
86 49
86 55
86 61
86 70
86 88
86 91
86 93
86 97
86 104
86 119
86 121
86 123
86 125
86 130
86 137
86 149
86 154
86 160
86 164
86 177
86 180
86 182
86 183
86 191
86 192
86 208
86 213
86 214
86 217
86 234
86 236
86 237
86 253
86 255
86 260
86 275
86 280
86 294
86 308
86 311
86 318
86 319
86 321
86 335
86 337
86 339
86 348
86 375
86 376
86 379
86 392
86 405
86 416
86 420
86 428
86 434
86 438
86 451
86 453
86 457
86 459
86 466
86 471
86 478
88 101
88 108
88 110
88 124
88 134
88 136
88 149
89 3
89 4
89 26
89 34
89 36
89 39
90 76
90 85
90 101
90 105
90 106
91 2
91 14
91 19
91 22
91 23
91 29
91 40
91 43
91 50
91 51
92 9
92 11
92 19
92 23
92 24
92 25
93 1
93 12
93 15
93 29
93 39
93 51
93 54
93 59
93 62
93 67
93 95
93 101
93 131
93 133
93 138
93 139
93 150
93 159
94 2
94 6
94 11
94 13
94 15
94 20
94 24
94 28
94 33
95 4
95 10
95 20
95 22
95 26
95 34
95 56
95 68
95 70
95 79
95 80
95 86
95 94
95 96
95 98
95 100
95 106
95 107
95 111
95 121
95 124
96 4
96 6
96 8
96 9
96 17
96 23
96 24
96 25
98 27
98 35
101 1
101 6
101 7
101 18
101 36
101 39
101 47
101 51
101 52
101 64
101 65
101 92
101 101
101 106
101 111
101 113
102 10
102 11
102 17
102 24
102 37
102 38
102 40
102 47
102 49
102 52
102 53
102 55
102 56
102 60
102 63
103 1
103 10
103 12
103 13
104 1
104 9
104 15
104 28
105 9
105 17
105 18
105 21
105 22
105 35
105 40
105 42
105 49
105 51
106 2
106 3
106 19
106 20
106 30
106 36
106 37
106 39
106 53
106 62
106 78
106 80
107 5
107 7
107 15
107 21
107 29
107 35
107 40
107 41
107 42
107 45
107 46
107 49
107 51
108 6
109 8
110 91
110 95
110 104
110 110
110 112
110 116
110 145
111 12
111 14
111 19
111 32
111 48
111 54
111 67
111 85
111 88
111 89
111 93
111 132
111 135
111 148
111 170
111 173
111 174
111 178
111 181
111 183
111 188
111 199
111 200
111 201
111 205
111 212
112 3
112 22
112 32
112 42
112 46
112 53
