2 8
2 16
2 21
2 63
2 64
2 68
2 71
2 72
2 73
2 86
2 87
2 91
2 94
2 95
2 119
2 124
4 74
4 77
5 1
5 5
6 5
7 23
7 24
8 8
8 12
8 24
8 28
8 31
8 34
8 43
8 51
8 57
8 62
8 71
8 74
8 77
8 79
8 85
8 88
8 99
8 106
8 108
8 110
8 130
8 133
8 137
8 139
8 144
9 2
9 7
9 8
9 15
9 25
9 33
9 36
9 42
9 43
10 1
10 6
10 12
10 16
10 24
10 25
11 2
11 12
12 8
12 9
12 40
14 74
14 76
16 40
16 47
16 51
16 63
16 69
16 189
16 215
16 217
16 219
16 231
16 237
16 241
16 253
16 261
16 277
16 298
16 303
16 304
16 309
16 313
16 320
16 321
16 328
16 336
20 41
20 42
20 44
20 51
20 54
20 59
22 8
22 10
22 15
22 19
22 23
22 33
22 44
22 47
22 51
22 52
22 54
22 64
22 68
22 73
22 76
22 83
22 87
22 91
22 92
22 106
23 6
23 20
23 31
23 32
23 37
23 40
23 47
23 66
23 85
25 118
25 120
25 124
25 129
25 131
25 135
25 136
25 139
25 140
25 143
25 145
25 152
25 153
25 154
25 155
25 159
25 165
25 171
25 174
25 200
27 1
28 2
28 21
28 22
28 26
28 28
28 31
28 36
28 37
28 40
28 42
28 44
28 51
29 1
29 8
29 10
29 48
29 58
29 60
29 62
29 65
29 66
29 70
29 72
29 73
29 74
29 85
29 88
29 95
29 96
29 169
29 186
29 195
29 204
29 220
29 235
29 247
29 259
30 4
30 5
30 15
31 1
31 6
31 19
31 21
31 22
31 27
31 29
31 30
31 36
31 103
31 108
32 12
32 15
32 16
32 20
32 22
32 24
32 25
32 34
32 39
33 6
33 7
33 10
33 14
33 17
33 20
33 27
33 30
33 31
33 53
33 55
33 56
33 60
34 9
34 21
34 26
34 34
34 40
34 45
34 51
34 58
34 65
34 73
34 85
34 88
34 95
34 99
34 102
34 113
34 115
34 120
34 127
34 131
34 136
34 139
34 147
34 150
34 151
34 153
34 158
34 167
34 168
34 171
34 178
34 191
34 203
34 224
34 230
34 231
34 266
34 271
34 288
34 312
34 316
34 324
34 333
34 342
34 343
34 356
34 359
34 367
34 370
34 381
34 406
34 412
34 419
34 424
34 434
34 435
34 439
34 440
34 444
34 450
34 454
34 462
34 470
34 475
34 478
34 479
34 481
34 487
34 488
34 493
34 626
34 628
34 630
34 635
34 636
34 639
35 3
35 13
35 22
35 26
35 27
35 32
35 62
35 64
35 67
35 68
35 76
35 83
35 92
35 104
36 14
36 19
36 22
36 23
36 26
36 34
36 36
36 40
37 8
37 11
37 15
37 18
37 19
37 49
37 51
37 55
37 56
37 65
37 69
38 4
38 10
38 15
38 17
39 92
39 99
39 102
39 107
39 121
39 135
39 136
39 140
39 153
39 162
39 167
39 170
39 171
39 196
39 198
39 201
39 209
39 211
39 214
39 215
39 241
39 248
39 249
39 253
39 254
39 258
39 263
39 285
39 287
39 288
39 294
39 298
41 16
41 31
41 32
41 36
41 42
41 47
41 49
41 53
41 54
41 191
41 196
41 198
41 203
41 206
41 276
41 289
41 295
41 296
41 298
41 299
41 302
41 303
42 4
42 9
42 10
42 22
43 6
43 7
43 16
43 19
43 27
43 35
44 55
44 59
44 63
44 64
45 2
45 3
45 8
47 5
47 13
48 3
48 14
48 18
48 20
48 29
48 64
48 69
48 72
48 74
48 82
48 85
48 101
48 115
48 122
48 132
48 137
48 144
48 145
48 146
48 149
48 155
48 184
48 193
48 198
48 199
48 202
48 204
48 206
48 208
48 222
48 224
49 2
49 13
49 20
50 1
50 20
50 26
50 40
50 41
50 42
51 26
51 27
52 1
52 3
52 5
52 7
52 9
52 19
52 21
52 22
52 83
52 84
52 91
52 99
52 100
52 110
52 112
52 137
52 138
52 143
52 155
52 156
52 158
52 175
52 184
52 192
52 193
52 195
53 8
53 23
53 24
53 27
53 31
53 33
53 47
53 51
53 61
53 63
53 68
53 69
54 18
54 22
54 24
54 30
54 38
55 1
56 3
56 8
56 24
56 25
56 26
56 33
56 60
56 196
56 197
56 204
58 46
58 48
58 49
58 50
58 53
58 55
58 63
58 66
58 71
58 73
58 80
58 93
58 100
58 101
58 103
58 104
59 23
61 123
62 135
62 142
62 150
62 154
62 172
62 175
62 176
62 189
62 203
62 207
62 255
62 258
62 260
63 1
63 10
64 5
64 10
64 14
64 17
64 34
64 38
64 47
64 49
64 52
64 53
64 64
64 75
64 92
64 98
64 101
64 114
64 119
64 160
67 9
67 10
67 13
67 21
67 23
67 30
67 36
67 47
67 51
68 5
68 9
68 21
68 30
68 38
68 42
68 49
68 50
68 51
68 56
68 63
68 66
68 70
68 71
68 79
68 85
68 92
68 96
68 104
68 109
68 111
68 113
68 116
70 3
70 7
70 24
70 25
70 30
70 62
70 74
70 80
70 82
70 85
70 89
70 93
70 97
70 103
71 1
71 7
71 10
71 23
71 25
71 31
71 52
72 1
72 3
72 12
72 14
72 29
72 30
72 33
72 39
72 47
72 52
72 57
72 63
72 74
72 75
72 84
72 86
72 93
72 102
72 119
72 124
72 126
72 127
72 131
73 2
73 9
73 11
73 18
73 22
73 26
73 30
73 43
73 44
74 23
74 31
74 44
74 49
74 53
74 55
76 1
76 3
76 16
76 25
76 27
76 39
76 44
76 55
76 63
76 64
76 90
76 127
76 134
76 138
77 16
77 18
77 33
77 35
78 1
78 4
78 11
78 13
78 15
78 35
78 36
78 42
78 50
78 52
78 64
78 66
78 69
78 72
78 86
79 1
79 2
79 10
79 18
79 31
79 35
79 41
79 43
79 44
79 50
79 52
79 57
79 62
79 65
80 4
80 124
80 132
80 150
80 151
80 153
80 156
80 160
80 181
80 182
80 192
82 5
82 6
82 13
82 14
82 21
82 32
82 37
82 39
82 50
82 53
82 66
82 69
82 88
82 97
82 110
82 117
82 121
82 123
82 124
82 126
82 131
82 135
82 148
82 152
82 154
82 156
82 162
82 168
82 170
82 174
82 185
83 102
83 105
83 106
83 109
83 112
83 118
83 120
83 121
83 124
83 141
83 143
83 155
83 166
85 61
85 69
85 70
86 2
86 5
86 6
86 10
86 12
86 13
87 80
87 83
87 99
87 106
87 109
87 113
87 116
87 118
87 203
87 207
87 209
87 210
87 216
87 221
87 225
88 5
88 7
88 8
88 10
88 42
88 44
88 47
89 3
89 15
89 21
89 24
89 27
89 35
89 39
89 42
89 45
90 1
90 3
90 7
90 61
90 64
94 23
94 28
94 33
94 35
94 61
94 77
94 86
94 87
94 89
94 90
94 93
94 95
94 102
94 171
94 181
94 184
94 191
94 194
94 199
94 222
94 235
94 321
94 323
94 327
94 331
94 332
94 339
94 347
94 350
94 351
94 354
94 357
94 369
94 371
94 372
94 376
94 382
94 393
94 395
94 402
94 405
94 411
94 412
94 413
94 420
94 421
94 423
94 435
94 437
94 440
96 9
96 18
96 24
96 28
96 30
96 34
96 35
96 43
96 44
96 45
96 53
96 70
96 73
96 78
96 79
96 80
96 89
98 1
98 6
98 16
98 17
98 18
98 21
98 38
98 48
99 1
99 6
99 8
99 13
99 28
99 29
99 33
99 92
99 97
99 102
99 103
99 115
99 122
100 59
100 78
100 79
100 80
100 88
100 89
100 90
100 100
100 109
100 112
100 114
100 118
100 120
100 122
100 124
101 15
101 17
101 20
101 29
102 9
104 36
105 1
105 8
105 11
