1 2
1 10
2 119
2 123
2 127
2 128
2 129
2 135
2 138
3 3
5 11
5 17
5 23
5 35
5 37
5 47
5 56
5 72
5 208
5 215
5 218
5 232
5 242
5 243
5 274
5 299
5 300
5 304
5 305
5 306
5 307
5 320
5 326
5 328
5 338
5 354
5 363
5 369
5 370
5 379
5 382
6 3
6 6
6 7
6 11
6 17
6 22
6 26
7 13
7 74
7 81
7 84
7 94
7 97
7 113
7 120
7 121
7 122
9 80
9 81
9 89
10 12
10 21
10 79
11 1
11 6
11 8
11 12
11 17
11 18
11 25
11 32
11 33
11 36
11 38
11 43
13 3
13 6
13 21
14 22
14 23
14 30
14 36
14 39
14 46
14 54
14 57
14 65
14 77
14 81
14 84
14 98
14 106
14 122
14 124
14 125
14 132
14 133
14 137
14 138
14 143
14 145
15 11
15 21
15 22
15 29
15 32
15 40
15 44
15 45
15 54
15 55
15 68
15 69
15 76
15 79
15 84
15 86
15 87
15 95
15 100
15 114
15 115
15 116
15 123
15 125
15 130
15 135
15 136
16 1
16 3
17 16
17 26
17 30
17 36
17 42
17 47
17 61
17 74
17 85
17 88
17 96
17 102
17 108
17 113
17 116
17 117
17 122
17 131
17 132
17 138
17 140
17 155
17 159
17 164
17 174
17 180
17 186
18 2
18 5
18 8
18 19
20 14
20 50
20 54
20 58
20 60
20 67
20 73
20 84
20 87
20 88
20 89
20 97
20 99
20 100
20 108
20 109
20 110
20 126
20 131
20 135
20 143
21 1
21 13
21 17
21 22
21 35
21 39
21 44
21 50
21 53
21 58
21 64
21 65
21 71
21 72
21 82
21 85
22 6
22 8
22 9
22 11
22 16
22 32
22 41
22 44
22 45
23 6
23 14
23 17
24 4
24 12
24 56
24 58
24 86
24 88
24 92
24 98
24 111
24 119
24 126
24 129
24 132
24 144
24 145
24 161
24 169
24 184
24 185
24 187
24 194
24 197
24 199
24 200
24 219
24 220
24 222
24 224
24 228
24 229
24 234
24 249
24 250
24 252
24 256
24 258
24 260
24 261
24 269
28 8
28 10
28 13
29 7
29 10
29 18
29 23
31 2
34 76
34 82
34 95
34 99
34 105
34 108
34 118
34 121
35 4
35 6
35 7
35 16
35 21
35 23
35 29
35 41
35 46
35 47
35 49
35 55
35 56
35 61
35 63
35 70
35 74
35 76
35 81
35 91
35 107
36 4
37 2
37 9
38 2
38 4
39 9
39 11
39 14
39 16
39 18
39 20
39 25
39 28
39 29
39 30
39 32
39 40
39 46
39 48
39 53
39 87
40 1
40 14
40 22
40 24
40 35
40 41
41 5
41 9
41 17
41 29
41 52
41 53
41 65
43 4
43 10
43 14
43 16
43 17
43 41
43 50
43 52
43 53
43 61
43 63
43 66
43 69
43 72
43 96
43 131
43 140
44 16
44 17
44 22
44 46
44 52
44 53
44 83
44 90
44 94
44 99
44 105
44 111
44 112
44 113
44 127
44 152
44 157
44 165
44 169
44 179
45 5
46 2
46 7
46 8
46 14
46 26
46 32
46 34
46 114
46 116
46 118
46 119
46 126
46 131
46 143
46 144
46 166
46 170
46 173
46 176
46 181
46 187
46 195
46 197
47 27
48 21
48 30
48 49
48 65
48 67
49 17
49 26
49 29
49 31
49 37
49 39
49 40
50 68
50 73
50 74
50 106
50 256
50 257
50 259
50 270
50 271
50 283
50 285
50 292
50 293
51 57
52 3
53 3
53 13
53 17
53 28
53 29
53 33
53 35
53 41
54 4
54 6
55 8
55 15
55 18
56 1
56 6
56 13
56 16
56 18
56 19
56 27
56 34
56 42
56 46
56 47
56 56
57 62
57 64
57 70
57 72
57 77
57 78
57 81
57 212
58 2
58 5
58 14
58 19
58 22
58 26
58 37
58 46
58 47
58 48
58 51
58 56
58 61
58 69
58 76
58 79
58 82
58 99
60 100
60 105
60 107
60 108
60 123
60 129
60 144
60 145
60 147
60 149
62 1
63 26
63 29
63 37
63 43
63 44
63 88
63 92
63 97
63 98
63 107
63 110
63 228
63 229
63 230
63 234
63 237
63 241
63 245
63 246
64 1
64 10
64 21
64 22
64 27
64 33
64 41
64 51
64 52
64 65
64 76
64 132
64 135
64 137
65 4
65 5
65 8
65 13
65 33
65 36
65 38
65 50
65 56
65 61
65 62
65 67
65 70
65 73
67 11
67 37
67 38
69 24
69 43
69 45
69 54
69 59
69 69
69 70
69 73
69 80
69 135
69 136
69 145
69 157
69 169
69 173
69 178
69 181
69 186
69 193
71 3
71 11
71 13
71 16
71 29
71 33
71 39
71 48
71 52
71 55
71 63
71 66
71 79
72 1
72 23
73 4
73 24
73 147
73 150
73 155
73 158
73 159
73 163
73 166
73 171
74 18
74 22
74 23
74 25
74 26
74 32
75 8
75 9
75 10
75 32
75 36
76 1
76 14
76 21
76 22
76 29
76 39
76 41
76 46
76 48
76 64
76 73
76 80
76 100
76 210
76 212
76 215
76 258
76 272
76 288
76 292
76 293
76 301
76 319
76 324
76 329
76 356
76 363
76 376
76 379
76 387
76 388
76 400
76 401
76 407
76 413
77 2
77 3
77 8
77 35
77 39
77 42
77 46
77 48
77 91
77 100
77 104
77 105
77 117
77 142
77 148
78 92
78 97
79 89
79 90
79 92
80 16
80 17
80 76
80 83
80 86
80 104
80 114
80 122
80 124
80 187
80 190
80 199
80 201
80 202
80 217
80 224
80 226
80 227
82 7
82 10
82 15
82 23
82 32
82 33
82 38
82 40
82 46
83 3
83 9
83 29
83 32
83 34
83 45
83 46
83 48
83 56
83 61
83 63
85 3
85 4
85 28
85 51
85 55
85 64
85 80
85 91
85 93
85 102
85 112
85 114
85 120
85 130
85 132
85 135
85 145
85 149
85 150
85 169
85 174
85 178
85 182
85 189
85 191
85 192
85 194
85 196
85 198
85 202
85 214
85 216
85 224
85 229
85 232
85 236
85 244
85 249
85 262
85 268
85 275
85 284
85 285
85 288
85 292
85 296
85 300
85 304
85 310
85 311
85 314
85 315
85 317
85 452
85 453
86 14
86 19
86 28
86 29
86 46
86 56
86 61
86 62
86 80
86 81
86 82
86 85
86 95
86 107
86 110
86 112
88 5
88 10
88 14
88 17
88 23
88 24
88 29
88 31
88 32
88 34
88 39
88 41
88 45
88 57
88 60
88 67
88 71
88 81
88 85
88 89
88 90
88 92
88 102
88 106
88 107
89 18
89 33
89 39
89 40
89 45
89 63
89 66
89 68
89 77
89 83
89 85
89 87
89 104
89 105
89 117
89 119
89 121
89 122
89 124
91 67
91 98
91 103
91 109
91 111
91 114
91 116
91 119
91 121
91 127
91 130
92 1
92 3
92 10
92 12
92 13
92 16
92 28
92 41
92 82
92 86
92 89
92 91
92 95
92 104
92 111
92 114
92 121
94 14
94 17
94 47
94 53
94 63
94 69
94 70
94 80
94 81
94 82
94 85
94 86
94 93
94 101
94 104
94 110
94 111
94 136
94 137
94 167
94 168
94 169
94 174
94 175
94 177
94 185
94 201
94 204
95 1
98 4
98 5
98 19
98 23
98 27
98 28
99 5
99 14
99 17
99 30
99 31
99 36
99 42
99 43
99 47
99 49
99 54
99 55
99 81
99 82
99 90
99 94
99 97
99 98
99 100
100 5
100 9
100 29
100 32
100 36
101 4
101 9
101 11
101 13
101 22
101 24
101 29
101 33
101 34
101 35
101 36
101 39
101 43
101 53
101 71
101 74
101 75
101 80
101 83
101 90
101 93
101 96
101 118
101 121
101 173
101 175
101 191
101 195
101 198
101 199
101 205
101 208
101 213
101 215
101 223
101 226
101 235
101 239
101 247
101 262
101 263
101 268
101 276
101 277
101 279
101 287
101 291
101 292
101 300
101 306
101 308
101 309
102 23
102 26
102 35
102 36
102 41
102 45
102 48
102 54
102 61
102 62
102 66
102 69
102 71
102 72
103 2
103 19
105 31
105 35
106 45
106 46
106 60
106 70
106 78
106 83
106 95
106 97
106 99
106 114
106 118
106 122
106 124
106 125
106 132
106 139
106 150
