1 3
1 7
2 3
2 11
2 12
2 23
2 27
2 36
2 51
2 59
2 60
2 62
2 66
2 79
2 83
2 88
2 92
2 108
2 115
2 116
2 117
2 124
2 126
2 133
2 134
2 142
2 147
2 166
2 173
2 177
2 182
2 184
4 14
5 2
5 3
5 5
5 6
5 17
5 32
5 53
5 57
5 67
5 78
5 90
5 108
6 6
6 14
7 15
7 31
8 3
8 17
8 24
8 48
8 49
8 54
9 75
9 84
9 95
9 99
9 102
9 103
9 113
9 114
9 117
9 122
10 3
10 12
10 20
11 6
11 8
11 21
11 28
11 34
11 42
11 43
11 56
11 61
11 62
11 64
11 71
11 72
13 36
13 43
13 47
13 49
13 51
13 57
13 63
13 70
13 73
14 1
14 8
14 10
14 12
14 13
17 6
17 8
17 15
18 1
18 11
18 12
18 16
18 22
18 27
18 28
18 46
18 54
18 57
18 58
18 59
19 1
20 6
20 12
20 14
20 16
20 26
20 29
20 31
20 41
20 45
20 47
20 54
20 55
20 66
20 71
20 72
20 73
20 80
20 83
20 106
20 122
20 127
20 128
20 136
20 139
20 158
21 4
21 11
21 25
21 30
21 54
21 56
21 57
21 60
21 72
21 76
21 89
21 90
21 92
21 99
21 103
21 113
21 114
21 115
21 123
21 129
21 139
21 141
22 46
22 47
22 51
22 114
22 115
22 119
22 123
22 128
22 138
22 145
22 147
22 157
23 7
23 10
23 23
23 25
23 29
23 37
23 47
23 57
23 59
23 67
23 68
23 206
23 228
23 237
23 246
23 248
23 250
23 266
23 269
23 274
24 52
24 56
24 57
24 62
24 75
24 78
24 80
24 90
24 92
24 93
24 98
25 1
25 2
25 133
25 134
25 137
26 1
26 7
26 14
26 15
26 18
26 29
26 32
26 42
26 46
26 49
26 53
26 57
26 60
26 61
26 62
26 66
26 81
26 83
26 86
26 92
26 102
26 105
26 109
26 112
27 1
27 4
27 11
27 13
27 14
27 16
27 33
27 37
27 52
27 53
28 2
28 3
28 24
28 25
28 28
28 43
28 47
28 57
28 61
28 64
28 106
28 110
28 118
28 123
28 124
28 126
28 135
28 139
28 147
28 150
28 158
28 166
28 170
28 171
28 175
28 191
28 196
29 8
29 17
29 26
29 27
29 29
29 30
29 33
29 44
29 50
29 59
29 194
29 197
29 198
29 201
29 205
29 218
29 280
29 285
29 287
29 289
29 295
29 303
30 1
30 7
30 11
31 1
31 5
35 2
35 5
35 9
35 11
35 14
35 18
35 48
35 49
35 52
35 54
35 55
35 64
35 68
36 89
36 93
36 105
36 110
36 114
36 122
36 128
36 136
36 142
36 143
36 144
36 145
36 149
36 158
36 167
36 168
36 171
36 172
36 174
36 177
36 184
36 195
36 197
36 203
36 210
36 217
36 218
36 220
36 241
36 245
36 246
36 250
36 263
36 264
37 51
37 52
37 59
37 60
37 68
37 70
37 73
37 74
37 75
38 10
38 14
38 17
38 25
38 26
38 36
38 42
38 50
38 55
38 59
38 61
38 69
38 74
38 77
39 2
39 3
39 4
39 8
39 13
39 20
39 26
39 27
39 35
39 40
39 43
40 20
40 23
40 25
40 35
40 36
40 49
40 58
40 61
40 62
41 6
41 8
41 9
41 18
41 23
41 24
43 62
43 92
44 28
44 34
44 41
44 42
44 46
44 51
44 63
44 75
44 77
44 80
44 89
44 94
44 96
44 104
44 116
44 211
44 214
44 215
44 216
44 226
44 229
44 230
44 232
44 235
45 2
45 4
45 5
45 17
45 19
45 22
45 26
45 32
45 33
45 47
45 49
45 50
45 67
45 85
45 92
45 95
45 98
45 115
45 135
45 136
45 146
45 152
45 153
45 159
45 165
46 2
46 5
46 6
46 11
46 13
46 15
46 43
46 47
46 80
46 89
46 105
46 107
46 110
46 115
46 121
46 131
46 147
46 153
46 175
47 14
47 20
47 25
47 30
47 31
47 38
47 39
47 50
47 60
48 42
48 45
48 48
48 53
48 55
48 56
48 59
48 63
48 64
48 67
49 4
49 6
49 8
49 14
49 26
49 29
49 30
49 32
49 33
49 41
49 47
49 59
49 61
49 68
49 87
49 101
50 1
50 6
50 13
50 14
50 18
50 20
50 21
50 24
50 29
50 30
50 38
50 40
50 42
50 53
50 55
50 56
50 59
50 86
51 2
51 12
51 15
52 10
52 12
52 14
52 34
52 36
52 57
52 63
52 72
52 78
52 80
52 83
52 84
52 95
52 97
52 99
52 102
52 104
52 107
52 108
52 111
52 119
52 123
52 127
52 128
52 130
52 133
53 35
53 41
53 68
53 76
53 77
54 32
54 42
54 44
54 46
54 48
54 50
54 179
54 184
54 185
54 191
54 203
54 209
54 216
54 233
54 238
54 240
54 247
54 249
54 256
54 259
54 261
54 262
54 270
54 276
54 280
54 285
54 292
54 300
54 309
55 1
55 8
55 11
55 28
55 34
55 36
55 37
55 40
55 135
55 141
55 149
55 164
55 168
56 60
56 61
56 67
56 73
56 80
56 99
56 107
56 118
56 123
56 126
56 133
56 138
56 146
56 147
56 158
56 159
56 168
56 169
56 185
56 187
56 190
56 194
56 195
57 1
58 1
58 4
58 10
58 16
58 22
58 25
58 28
59 3
59 8
59 9
59 19
59 20
59 26
59 55
59 56
59 62
59 63
59 66
59 70
59 73
59 94
59 104
60 3
60 8
60 10
60 11
60 17
60 28
60 36
60 54
60 58
60 64
60 65
60 69
61 27
61 28
61 33
61 45
61 60
61 61
61 68
61 76
61 80
61 88
61 95
61 96
61 114
61 116
61 120
61 128
61 139
61 140
61 142
62 6
62 14
62 25
63 82
63 87
63 102
63 108
63 110
63 113
63 117
63 146
63 161
63 163
63 169
64 1
64 9
64 11
64 12
64 22
64 28
64 30
64 38
64 44
64 47
64 49
64 56
64 61
64 65
64 66
64 70
64 79
64 80
64 83
64 84
64 95
64 98
64 110
64 112
64 113
64 116
64 126
64 127
64 135
64 137
64 150
64 159
64 160
66 42
66 49
66 52
66 53
66 61
66 64
66 67
70 41
70 51
70 56
70 61
70 62
70 71
70 72
71 94
76 8
76 12
76 14
76 16
76 43
76 58
76 72
76 78
76 84
76 85
76 87
76 88
76 92
76 99
76 106
76 109
77 5
78 7
78 13
78 53
78 59
78 66
78 82
78 85
78 88
78 91
78 97
78 109
78 119
78 149
78 152
78 154
78 159
78 162
78 166
78 168
78 171
78 172
78 185
79 1
79 5
79 7
79 13
79 17
81 5
81 6
81 11
81 16
81 20
81 21
81 23
82 37
82 43
83 33
83 35
83 41
83 55
83 58
83 61
83 70
83 73
83 75
83 78
83 86
83 89
83 96
83 99
83 104
83 108
83 114
84 1
84 11
84 15
84 19
84 23
84 37
84 50
84 53
84 56
84 72
84 74
84 96
84 101
85 1
85 4
85 15
85 20
87 3
87 8
87 9
87 13
87 15
87 18
87 24
87 36
87 66
87 69
89 16
89 19
89 27
89 28
89 38
89 41
89 87
89 89
89 93
89 97
89 105
89 113
89 118
90 13
90 23
90 27
90 41
90 45
90 52
90 53
90 57
90 69
90 80
90 96
90 100
90 102
90 105
90 110
91 2
92 8
92 15
92 18
92 21
92 22
93 7
93 10
93 17
93 20
93 21
93 22
93 24
93 25
94 1
94 5
94 6
94 13
95 36
95 48
95 65
95 66
95 69
95 72
95 74
95 75
95 91
96 2
96 5
96 21
96 27
96 35
96 40
96 60
96 68
96 73
96 77
96 82
96 155
96 157
96 162
97 1
97 4
98 1
98 12
98 17
98 21
98 25
98 27
99 2
99 6
99 36
99 41
99 42
99 47
99 49
99 108
99 113
99 114
99 118
99 125
99 132
99 154
99 158
99 159
99 160
99 162
99 169
99 171
99 173
99 187
99 192
99 198
99 206
99 210
99 211
99 214
100 4
100 7
100 10
100 12
100 13
100 16
100 18
100 26
100 45
100 51
100 54
100 58
100 67
100 72
100 76
100 81
100 87
100 90
100 92
100 93
100 94
100 103
100 125
101 69
101 70
101 71
101 75
101 79
101 80
101 86
101 87
101 92
101 95
101 224
101 235
101 236
103 5
104 4
104 10
104 24
104 28
104 31
104 34
106 32
106 38
106 39
106 43
106 44
106 47
106 58
106 67
106 71
106 82
106 84
106 91
106 93
106 96
106 103
106 107
106 109
106 113
