1 4
1 14
1 23
2 1
2 14
2 15
2 18
5 8
5 9
6 1
6 20
6 21
6 23
9 16
9 23
10 4
12 2
12 3
12 4
12 7
12 11
12 12
12 22
12 27
12 44
12 45
12 56
12 60
12 70
12 71
12 72
12 81
12 82
12 89
13 13
13 22
13 23
13 25
13 28
13 43
13 49
13 53
13 62
13 74
14 2
14 11
14 23
14 25
14 26
14 28
15 72
15 74
15 75
15 82
15 94
15 96
15 116
15 122
15 143
16 4
16 13
17 3
17 12
17 22
17 26
17 29
17 31
17 38
17 44
17 45
17 52
17 59
17 63
17 66
17 73
17 76
17 86
17 97
17 103
17 106
17 113
17 116
17 119
17 120
17 148
17 153
17 154
17 159
17 162
17 163
17 169
17 171
17 178
17 185
18 7
18 108
18 121
18 122
18 125
18 128
20 38
20 39
20 73
20 75
20 76
20 80
20 85
20 89
20 90
20 93
20 95
20 96
20 101
20 103
20 104
20 106
20 109
20 111
20 115
20 125
20 130
20 134
20 137
20 141
20 150
20 151
21 4
21 7
21 9
21 13
21 29
22 10
22 14
22 15
22 17
22 21
22 22
22 45
22 46
22 49
22 61
22 66
22 71
22 75
22 88
22 90
22 93
22 106
22 107
22 111
22 114
22 117
22 118
22 130
22 132
22 133
22 141
22 142
22 144
22 148
22 153
22 154
23 42
23 51
23 57
23 63
23 68
23 81
23 89
23 101
23 102
23 103
23 104
23 109
23 114
23 125
23 128
23 130
23 132
23 133
23 138
23 141
23 154
23 171
23 191
23 198
23 199
23 204
23 205
23 208
23 209
23 213
23 214
23 217
24 2
24 6
24 21
24 24
24 31
24 33
24 35
24 38
24 45
24 62
24 70
24 73
25 32
25 34
25 53
25 54
25 57
27 41
27 50
27 66
27 71
27 72
27 84
27 100
27 101
27 105
27 120
27 126
27 128
27 129
27 141
27 143
27 147
27 148
27 149
27 170
27 189
27 194
27 205
27 206
28 28
28 30
28 34
28 44
28 49
28 55
28 56
28 62
28 73
28 74
28 84
28 92
28 93
28 99
28 100
28 123
28 128
28 129
28 131
28 132
28 135
28 138
28 139
28 140
28 273
28 288
28 289
28 297
28 311
28 316
28 327
28 338
28 359
28 366
28 367
28 375
29 3
29 8
29 10
29 11
29 17
29 18
29 20
29 35
29 36
31 80
31 95
31 98
31 101
31 113
31 175
31 269
32 7
32 10
35 62
36 9
36 10
36 15
36 16
36 19
36 20
36 38
36 40
36 47
36 49
36 88
36 98
36 102
36 107
36 111
36 113
36 128
36 130
36 131
37 12
37 20
37 22
38 5
38 11
38 16
38 25
38 28
38 37
38 38
38 48
38 59
38 63
38 67
38 75
38 84
38 86
38 91
38 95
38 101
38 104
38 116
39 83
39 90
39 93
39 98
39 113
39 174
39 175
39 195
39 198
39 201
39 218
40 1
41 41
41 44
41 45
41 127
41 129
41 131
41 157
42 2
42 6
42 83
42 87
42 88
42 89
42 93
42 100
42 102
42 106
42 107
42 116
43 15
43 21
43 23
43 30
43 31
43 34
43 46
43 47
43 61
43 65
43 72
43 92
43 94
43 98
43 99
43 106
43 109
43 116
43 117
43 125
43 128
43 130
43 144
43 148
43 149
43 152
43 161
43 172
43 182
43 186
43 191
43 198
43 204
43 210
43 217
43 220
43 350
43 352
43 363
43 372
43 373
43 406
45 5
45 7
45 14
45 15
45 19
45 20
45 99
45 114
45 118
45 136
45 143
46 2
46 6
46 13
46 14
46 18
46 24
46 32
46 45
47 50
48 27
48 28
51 1
51 3
51 9
51 11
51 17
51 21
52 8
52 17
52 29
52 31
52 32
52 41
52 44
52 51
52 55
52 59
52 64
52 72
53 9
54 3
54 5
54 11
54 16
54 42
54 44
54 46
54 54
54 67
54 79
54 82
54 87
54 91
54 99
54 100
55 5
55 6
55 15
55 28
55 32
55 34
55 38
55 44
55 57
55 82
55 83
55 91
55 92
55 101
55 108
55 117
55 120
55 128
55 130
55 134
55 135
55 140
56 2
56 21
58 40
58 41
58 49
58 59
58 61
58 64
58 69
58 77
58 85
58 86
58 89
58 90
58 94
58 99
58 108
58 113
58 115
59 1
59 5
59 17
59 19
59 23
60 2
60 9
60 41
61 2
61 8
61 14
61 20
61 21
61 23
61 24
61 25
61 26
61 28
61 36
61 37
61 50
61 52
61 61
61 63
61 66
65 32
65 43
65 49
65 52
65 57
65 104
65 108
65 112
66 49
66 51
67 1
67 5
67 7
68 1
68 10
68 12
68 20
68 21
68 31
69 6
69 15
69 25
69 29
71 87
71 88
71 103
72 4
72 15
72 18
72 25
72 29
72 34
72 36
72 38
72 44
72 45
72 46
72 65
72 67
72 68
73 2
73 5
73 6
73 25
73 26
73 28
73 29
73 34
73 49
73 55
73 58
73 59
73 61
73 64
73 65
73 68
73 70
73 73
73 79
73 91
73 92
73 98
73 99
73 101
73 108
73 132
73 144
73 147
73 277
73 282
73 297
73 298
75 62
75 63
75 125
75 127
75 134
75 136
75 138
75 139
75 142
75 146
75 152
75 155
75 156
75 158
75 161
75 165
75 167
75 298
75 299
75 300
75 302
75 306
75 311
76 20
76 27
76 30
76 35
76 41
76 62
76 64
76 74
76 75
76 80
76 84
76 87
76 91
76 93
76 94
76 95
76 106
76 109
76 110
76 112
76 144
76 151
76 155
76 164
76 170
76 182
76 188
76 190
77 1
77 2
77 25
77 26
77 27
77 36
77 47
77 58
77 61
77 62
77 74
77 75
77 76
77 82
78 2
78 8
78 15
78 24
78 26
78 28
78 32
78 38
78 44
78 46
78 47
78 49
78 50
78 52
78 62
78 67
79 8
79 9
79 17
79 21
79 26
79 29
79 33
79 46
79 53
79 83
79 136
79 139
79 143
79 144
79 145
79 150
79 151
79 155
79 156
79 162
79 165
80 100
80 105
80 108
80 113
80 168
80 169
80 170
81 5
81 6
81 11
81 17
81 22
81 23
81 27
81 33
81 37
81 44
81 46
81 53
81 54
81 60
81 64
81 66
81 67
81 68
81 92
82 5
82 74
83 3
83 32
83 38
83 43
83 59
83 63
83 68
83 71
83 80
83 86
84 3
84 9
84 12
84 15
84 39
84 41
84 76
84 104
84 105
84 108
84 109
84 113
84 114
85 5
85 13
85 18
85 20
85 24
86 5
86 19
86 31
86 33
87 41
87 42
87 50
87 53
87 54
87 55
87 72
87 75
87 86
88 1
88 12
88 20
88 23
88 28
88 99
88 110
88 112
88 117
88 118
88 119
88 124
88 128
88 135
88 137
88 138
88 143
89 87
89 90
89 93
89 94
89 101
89 106
89 109
89 111
89 116
89 123
89 134
89 137
89 141
89 144
89 150
90 6
90 9
90 18
90 26
90 30
90 37
90 44
90 182
90 184
90 186
90 270
90 274
90 275
90 276
90 283
90 286
90 289
90 293
90 294
90 301
90 304
90 384
90 385
90 386
92 52
92 59
92 71
92 73
92 74
92 79
92 82
92 85
92 92
92 93
92 114
92 117
92 120
92 128
92 145
92 148
93 6
93 7
93 9
93 10
93 14
93 36
93 47
93 48
93 52
93 58
94 10
94 16
94 26
94 29
95 3
95 19
95 24
95 26
95 28
95 31
95 35
95 36
95 40
95 41
95 44
95 45
95 49
95 50
95 180
95 182
96 5
96 6
96 11
96 12
96 17
96 28
96 29
96 45
96 47
96 51
96 56
96 63
99 48
99 57
99 61
99 62
99 72
99 74
99 84
99 86
99 89
99 223
99 228
99 248
99 250
99 258
99 260
99 262
99 272
99 297
99 303
99 319
99 323
99 329
99 334
99 336
99 343
99 345
99 347
99 349
99 368
99 370
99 372
