1 1
2 4
2 5
2 9
2 10
2 12
2 52
2 54
2 62
2 83
2 101
3 85
6 16
6 19
6 28
6 31
6 36
6 38
6 42
6 43
6 52
6 60
6 64
6 69
6 75
6 87
6 209
6 212
6 213
6 267
6 270
6 271
6 274
6 368
7 1
7 7
7 10
7 17
7 27
8 2
8 4
8 5
8 10
8 17
8 28
8 31
9 3
9 6
9 10
9 17
9 19
9 23
9 26
9 42
9 43
9 56
9 60
9 68
9 72
9 84
9 87
9 106
10 8
10 9
10 10
10 21
11 1
11 3
11 11
11 16
11 22
11 26
11 27
11 37
11 43
11 44
11 48
11 49
11 69
11 73
11 74
11 76
11 77
11 83
11 227
11 235
12 6
12 15
12 19
12 20
12 29
12 30
12 47
12 48
12 51
14 52
14 54
14 56
14 65
14 66
14 69
14 133
14 140
14 142
14 143
14 148
14 149
14 154
14 156
14 159
14 160
14 162
14 181
14 182
14 190
14 192
14 195
14 206
14 210
14 214
14 224
14 225
15 3
15 10
15 12
15 25
15 27
16 9
16 10
16 12
16 13
16 14
16 20
17 2
17 7
17 9
17 10
18 8
18 12
18 19
18 23
18 24
18 32
18 41
18 43
18 44
18 45
18 146
18 148
18 149
19 1
19 8
19 38
19 42
20 5
20 31
20 36
20 39
20 44
20 58
20 70
20 90
20 96
20 101
20 114
20 115
20 126
20 135
20 138
20 140
20 141
20 146
20 148
20 149
20 153
20 158
20 160
21 8
22 2
22 3
22 6
22 8
22 16
22 17
22 22
22 26
22 27
22 34
22 36
22 37
22 40
22 42
22 43
22 44
22 62
22 63
22 64
22 70
22 72
22 81
22 82
22 99
22 105
22 114
22 126
22 141
22 142
22 155
22 166
22 170
22 179
23 9
23 16
23 18
23 20
23 21
23 22
23 27
23 32
23 35
23 57
23 63
23 65
23 69
23 76
23 78
23 81
23 84
23 95
23 120
23 122
23 124
23 132
23 144
24 7
25 1
25 2
25 7
25 12
25 16
25 24
25 31
25 33
25 34
25 39
25 43
25 56
25 64
25 66
25 70
25 73
25 88
25 91
25 209
25 210
25 215
25 348
25 352
25 374
25 376
25 378
26 5
26 9
26 14
26 22
26 27
26 33
26 34
26 37
26 46
26 56
26 59
27 11
27 16
27 24
28 48
28 65
28 66
28 84
28 90
28 94
28 97
28 98
28 120
28 123
28 125
28 130
28 131
28 145
28 147
28 148
28 150
28 152
28 156
28 166
28 170
28 173
28 177
28 178
28 184
28 186
28 187
28 195
28 202
28 205
28 224
28 225
28 229
28 232
28 241
28 244
28 249
28 251
28 254
28 259
28 261
28 265
28 266
28 275
28 278
28 281
28 283
28 303
28 311
28 315
28 321
28 324
28 334
28 341
28 343
28 346
29 3
29 6
30 9
30 26
30 38
30 43
30 53
30 58
30 60
30 63
31 24
31 27
31 29
31 45
31 51
31 54
31 60
31 63
31 64
31 68
31 83
31 102
31 116
31 125
31 191
31 193
31 197
31 200
31 201
31 229
31 236
31 251
31 254
31 257
31 266
31 270
31 274
31 286
31 287
31 297
31 302
31 304
31 308
31 311
31 316
31 317
31 318
31 329
31 330
31 331
31 335
33 63
33 72
33 79
33 80
34 14
34 15
34 20
34 23
34 29
34 30
34 41
34 45
34 48
34 49
34 60
34 62
34 85
34 86
34 88
34 99
34 100
34 101
34 108
34 112
34 113
34 122
35 66
35 68
35 129
35 132
36 55
36 57
36 81
36 93
36 96
36 101
36 117
36 118
36 139
36 141
36 142
36 144
36 153
37 2
37 3
38 17
38 24
38 25
38 39
39 5
39 43
39 46
39 48
39 61
39 104
39 105
39 110
39 111
39 117
39 119
39 122
39 123
39 128
39 131
39 132
39 134
40 4
40 6
40 24
40 35
40 40
40 57
40 60
41 90
41 93
41 99
41 112
41 138
41 139
41 143
41 148
41 151
41 152
41 188
41 191
41 195
41 201
42 6
43 1
43 3
43 16
43 17
43 53
43 62
43 82
43 99
43 103
43 105
43 206
43 209
43 216
43 217
43 219
43 226
43 241
43 243
44 18
44 22
44 36
44 39
44 58
45 6
47 18
47 25
47 26
47 32
47 37
47 38
47 41
47 42
47 45
48 42
48 55
48 59
48 60
48 70
48 72
48 74
48 89
49 1
49 5
49 6
49 17
49 32
49 38
49 43
49 44
49 52
49 58
49 72
49 74
49 77
49 88
49 96
49 98
49 102
49 105
49 108
49 115
49 118
50 3
50 20
50 21
51 2
51 12
51 18
51 20
51 25
51 36
51 38
51 53
51 60
51 61
51 72
51 77
51 83
51 93
51 100
51 113
51 115
51 121
51 134
51 139
51 140
51 148
51 154
51 155
51 161
51 165
51 166
51 170
51 172
51 176
51 177
51 180
51 181
51 185
51 186
51 190
51 192
51 197
51 202
51 219
51 233
51 234
51 236
51 239
51 241
51 242
51 243
51 252
51 267
51 274
51 290
51 292
51 304
51 316
51 319
51 332
51 342
51 343
51 354
51 356
51 371
51 373
51 376
51 387
52 2
52 7
53 3
53 11
53 18
53 19
53 32
53 55
53 56
53 58
53 61
53 63
53 75
53 76
53 80
53 89
53 93
53 95
53 96
53 98
53 99
53 103
53 105
53 111
53 114
53 118
54 7
54 8
54 11
54 15
54 17
54 18
54 19
54 28
54 34
54 43
54 45
55 11
55 23
55 40
58 34
58 101
58 110
58 114
58 116
58 121
58 125
58 127
58 157
58 158
58 159
58 160
58 161
58 176
58 178
58 180
58 182
58 188
58 190
58 193
58 197
58 198
58 202
58 208
58 209
58 211
58 212
58 215
58 232
58 243
58 248
58 251
58 269
58 274
58 275
58 294
58 303
58 306
58 308
58 309
58 330
58 346
58 348
58 357
58 376
58 378
58 383
58 388
58 389
58 390
58 398
58 411
58 419
58 429
58 431
58 438
58 440
58 456
58 457
58 464
58 466
58 469
59 85
59 86
59 90
59 106
59 111
59 113
59 119
59 124
59 126
59 128
59 129
59 134
60 11
60 17
60 20
60 30
60 41
60 43
60 58
60 61
60 80
61 1
61 12
61 15
61 19
61 21
62 38
62 39
62 40
62 45
62 46
62 60
62 61
62 62
62 69
62 73
62 78
62 87
62 88
62 100
62 103
62 104
62 106
62 111
62 112
62 119
62 125
62 130
62 148
62 151
62 152
63 6
63 7
63 27
63 28
63 31
63 36
63 42
63 53
63 55
63 61
63 64
63 84
63 127
63 131
63 146
63 148
63 153
63 154
63 156
63 164
63 165
63 168
63 173
63 178
63 186
63 190
64 1
64 12
64 23
64 44
64 47
64 49
64 69
64 71
64 73
64 84
64 93
64 96
64 101
64 102
64 111
64 118
64 137
64 139
64 141
64 142
64 143
67 38
67 44
67 49
67 53
67 55
67 64
67 65
67 69
68 3
68 8
68 15
68 24
68 29
68 30
68 45
68 50
68 66
68 74
68 78
68 82
68 84
69 3
69 6
69 9
69 21
69 29
69 31
69 37
69 39
69 58
69 67
69 68
69 69
70 2
70 5
70 6
70 15
70 19
70 24
70 33
70 55
70 63
70 65
70 67
70 70
70 74
70 204
70 213
70 215
70 226
70 229
70 252
70 258
70 260
70 266
70 268
70 270
70 272
70 274
70 290
70 291
70 295
70 297
70 318
70 319
70 325
70 367
70 374
70 388
70 402
70 406
70 412
70 413
70 414
70 417
70 438
71 11
71 27
71 29
71 31
71 34
71 37
71 38
71 40
71 43
71 52
71 57
71 61
71 69
71 79
71 86
71 89
71 94
71 95
71 96
71 102
71 106
71 131
71 151
71 175
71 178
71 215
71 218
71 227
71 308
71 312
71 322
71 329
71 331
71 340
71 351
71 359
72 2
72 16
74 1
74 2
74 13
74 14
74 21
74 32
74 34
74 43
74 53
74 72
74 74
74 78
74 83
74 86
74 90
74 94
74 95
74 100
74 113
74 118
74 140
74 141
74 144
74 152
74 162
74 166
74 168
74 169
74 179
75 4
75 7
75 13
75 39
75 61
76 3
76 12
76 13
76 14
76 16
76 17
77 1
77 4
77 8
77 11
77 12
77 31
77 34
77 38
78 5
78 7
78 13
79 1
80 6
80 7
80 13
81 37
81 38
81 58
81 64
81 82
81 98
81 100
81 108
81 116
81 156
81 158
81 160
81 182
81 185
81 188
81 189
81 191
81 192
81 193
82 71
82 77
83 2
83 3
83 10
