1 3
1 15
1 17
1 19
1 22
2 1
3 7
3 16
3 18
3 34
3 99
3 102
3 108
3 109
3 110
3 111
3 116
3 119
3 123
4 8
4 12
4 14
4 20
4 32
4 36
4 39
4 46
4 49
4 52
5 15
6 10
6 18
6 27
6 33
6 40
6 47
6 55
6 59
6 61
6 68
6 69
6 71
6 77
6 81
6 92
6 93
6 97
6 102
6 105
7 98
7 116
8 9
8 11
8 12
8 22
8 24
8 26
8 28
8 43
8 47
8 52
8 57
8 84
8 85
8 87
8 97
8 99
8 107
8 116
8 117
8 122
8 126
8 145
8 147
8 152
8 215
8 216
9 1
9 2
9 6
9 9
9 11
9 14
10 1
10 8
10 14
12 1
12 5
12 13
12 16
15 79
15 87
15 91
15 93
15 95
15 97
15 246
15 256
15 265
15 268
15 271
15 273
15 276
15 282
15 286
15 292
15 296
16 1
16 22
16 28
16 38
17 1
18 1
18 5
19 3
19 9
19 10
19 26
19 27
19 37
19 40
20 5
20 16
20 21
21 2
21 4
21 16
21 19
21 20
21 23
21 25
21 40
21 46
21 49
22 2
22 4
22 12
22 14
22 22
22 39
22 45
22 48
22 54
22 56
22 63
23 102
23 106
23 118
23 123
24 10
24 37
24 41
24 45
24 54
24 57
24 59
24 62
24 73
24 77
24 82
24 85
24 93
25 4
25 7
25 13
25 15
25 25
25 30
25 42
26 58
26 59
26 87
27 2
27 11
27 16
27 17
27 22
27 36
27 42
27 44
28 4
28 5
31 10
31 12
31 16
31 25
32 10
32 20
32 21
32 22
33 3
33 5
33 13
33 15
33 32
33 37
33 42
33 45
37 30
37 31
37 35
37 40
38 2
38 4
38 6
38 7
38 10
38 11
38 15
38 23
38 24
38 35
38 48
38 52
38 60
38 99
38 100
39 7
40 1
40 3
40 17
40 18
40 20
40 22
40 29
40 30
40 31
40 32
41 1
41 8
41 11
41 39
43 47
43 48
43 52
43 55
43 94
43 96
43 104
43 108
43 109
43 110
43 115
43 121
43 128
43 135
43 144
43 147
43 148
43 153
43 156
43 157
43 164
43 171
43 186
43 188
44 56
44 59
44 83
44 106
44 112
44 114
44 115
44 116
44 122
44 126
45 37
45 38
47 5
47 8
47 10
47 17
47 18
47 25
47 27
48 4
48 7
48 10
48 23
48 24
48 27
49 5
49 10
49 12
49 22
49 30
49 32
49 37
49 39
49 46
51 13
51 24
51 32
51 33
52 5
52 6
52 9
52 11
52 23
52 25
52 33
52 47
52 49
52 54
52 60
52 67
52 68
52 72
52 86
52 94
52 95
52 96
52 102
52 116
52 122
52 136
52 146
52 147
52 149
52 153
52 160
52 162
52 163
52 168
52 174
53 23
53 26
53 27
53 33
53 52
53 55
53 64
53 71
53 76
53 78
53 102
53 103
53 113
53 122
53 123
53 133
53 136
54 83
56 2
56 11
56 12
56 43
56 54
57 8
57 11
57 24
59 5
59 6
59 9
59 10
59 13
59 16
59 21
59 35
59 37
59 54
59 58
59 59
59 62
59 65
59 77
59 80
59 94
59 95
60 3
60 4
60 9
60 19
60 21
60 23
60 25
60 30
60 33
60 41
60 50
60 97
60 103
60 107
60 192
60 202
60 209
60 211
60 222
60 223
60 241
60 250
60 251
60 253
60 256
60 267
60 275
60 278
60 281
60 283
60 292
60 301
60 309
60 311
60 321
60 328
60 330
60 336
60 340
60 342
60 350
60 354
60 368
60 373
60 377
60 383
62 16
62 21
62 32
62 35
62 40
62 45
62 46
62 54
62 69
62 72
62 81
62 90
62 91
63 48
63 50
63 57
63 63
63 70
63 74
63 77
63 78
63 84
63 85
63 98
64 2
64 9
64 12
64 13
64 55
64 61
64 68
64 84
64 90
64 97
64 98
64 99
64 100
64 110
64 111
64 114
64 122
64 131
64 149
64 156
64 161
64 176
64 180
64 181
64 186
64 191
64 195
64 199
64 201
64 205
64 287
64 288
64 292
64 297
64 313
64 329
65 6
65 9
65 18
65 27
65 43
65 45
65 49
65 59
65 64
65 65
65 81
65 89
65 90
65 92
65 103
65 108
65 136
65 267
65 268
65 271
65 282
65 287
66 5
66 13
66 20
66 28
66 66
67 2
67 4
67 12
67 16
67 18
67 31
67 36
69 1
69 6
69 10
69 13
69 15
69 29
69 31
70 42
70 46
70 50
70 51
71 5
72 5
72 10
72 16
72 19
72 31
72 34
72 39
72 40
72 44
72 46
72 56
72 62
73 186
73 190
73 198
73 201
73 207
73 208
73 210
73 211
74 15
74 18
74 35
74 47
74 52
75 13
77 3
77 5
77 23
79 5
79 8
79 10
79 20
79 22
79 25
79 79
79 94
79 95
79 101
79 102
80 8
80 11
80 23
80 27
80 31
80 37
80 49
80 53
80 57
80 62
80 64
80 68
80 74
80 76
80 77
80 93
81 1
82 9
82 65
82 70
82 73
82 75
82 78
82 87
82 89
82 91
82 119
83 4
83 6
86 11
86 12
86 13
86 21
86 25
86 36
86 42
86 45
86 52
86 54
86 65
87 17
87 21
87 23
87 35
87 38
87 39
87 40
87 41
87 45
87 47
87 50
87 52
87 55
88 1
88 5
88 8
88 9
88 10
88 21
88 22
88 26
88 33
88 49
88 57
88 58
88 59
88 71
88 75
88 78
88 85
88 87
88 88
88 92
88 93
88 105
88 107
89 39
89 42
90 7
91 10
91 142
91 144
91 145
91 146
91 147
91 149
91 158
91 161
91 163
91 172
91 181
91 190
91 196
91 216
91 219
91 220
91 222
91 228
91 230
91 244
91 270
91 276
92 6
92 13
92 16
92 19
92 37
92 39
92 42
92 50
92 56
93 5
93 7
93 14
93 20
93 21
93 25
93 26
93 33
94 6
94 7
94 10
94 13
94 14
94 24
94 25
94 28
94 31
95 7
96 77
96 79
97 5
98 60
98 63
98 72
100 18
101 1
101 9
101 10
101 49
101 56
101 58
101 61
101 62
102 1
102 3
102 5
102 10
102 16
103 1
103 5
103 7
103 22
103 32
103 42
104 6
104 17
104 22
104 23
104 31
104 189
104 200
104 221
104 222
104 227
106 7
106 12
106 13
110 4
110 9
110 11
110 12
110 14
110 22
110 28
111 2
111 3
111 14
111 20
111 27
111 29
111 32
111 41
112 58
113 112
113 117
113 118
113 122
113 125
113 134
113 143
113 146
113 147
113 149
113 151
113 152
113 157
113 189
113 190
113 194
113 198
113 200
113 202
113 206
113 221
113 235
113 245
113 360
113 376
113 383
113 385
113 391
113 392
113 394
115 21
115 39
115 45
115 155
115 188
115 191
115 218
115 221
115 235
116 1
116 4
117 3
117 6
117 8
117 18
117 24
117 36
117 38
117 53
117 57
117 58
117 60
117 68
118 11
118 12
118 16
118 17
118 20
118 36
118 49
118 73
118 74
118 88
118 100
119 10
119 20
119 21
119 23
119 25
119 27
119 31
119 38
120 1
120 4
120 6
121 8
121 9
121 18
121 22
121 26
121 37
121 46
121 54
121 56
121 58
121 63
121 71
121 72
121 80
121 83
122 26
