1 2
1 10
1 11
2 4
3 3
4 11
4 15
4 67
5 45
6 63
6 64
6 74
6 91
7 2
7 13
7 27
7 36
7 43
7 49
7 52
8 2
8 3
8 5
8 8
9 1
9 4
9 9
9 14
9 17
9 18
9 20
9 21
9 28
9 49
9 52
9 60
9 64
9 67
9 72
9 73
9 75
9 80
9 81
10 1
10 6
10 9
10 10
10 20
10 28
10 34
10 51
10 53
10 56
10 61
11 119
11 125
11 126
11 135
11 137
11 153
13 48
13 53
13 57
14 1
16 11
16 15
16 16
16 18
16 22
16 26
16 28
16 32
16 40
16 43
16 49
16 50
16 54
16 59
16 65
16 71
16 141
16 144
16 149
16 165
16 177
16 179
16 185
16 186
16 192
16 193
17 2
18 10
19 2
20 3
21 115
21 123
21 128
21 143
24 10
24 22
24 26
25 4
25 5
25 7
25 8
25 13
26 2
26 7
26 21
26 32
26 33
26 34
26 36
26 39
26 47
26 48
26 49
26 53
26 58
26 59
26 60
26 67
26 71
26 80
27 3
27 7
27 13
27 16
27 19
27 22
27 34
27 38
27 41
27 43
27 49
28 76
28 80
28 82
28 86
28 94
29 13
29 24
29 27
29 31
29 45
31 9
31 10
31 16
31 36
31 42
33 3
33 9
33 88
33 95
33 97
33 108
33 109
34 2
34 16
34 17
34 18
34 22
34 28
34 113
34 114
35 1
35 3
35 11
37 2
37 7
37 8
37 13
37 15
37 19
37 22
37 38
37 56
37 62
37 68
37 69
37 72
37 74
37 78
37 79
37 91
37 97
37 99
37 101
37 102
38 5
38 12
38 17
38 45
38 47
38 50
38 54
38 64
38 67
38 70
38 77
38 83
38 90
38 93
38 98
38 99
38 104
38 118
39 1
39 8
39 10
39 11
40 44
40 48
40 50
40 57
40 58
40 71
41 1
41 3
41 9
41 10
41 20
41 23
41 29
41 34
41 38
41 45
41 47
41 58
41 70
41 79
41 103
41 110
41 112
42 2
42 10
42 13
42 14
43 7
45 73
45 76
45 89
45 92
45 93
45 96
46 6
46 8
47 29
47 49
48 2
48 6
48 8
48 17
48 19
48 27
48 33
48 37
48 41
48 44
48 50
48 56
48 58
48 59
48 61
48 68
48 69
48 79
48 87
48 90
48 93
48 103
48 108
48 112
48 116
48 134
50 20
50 21
50 22
50 107
52 103
53 2
53 6
53 10
53 11
53 17
53 24
53 29
53 30
54 3
54 4
54 6
54 16
55 17
55 19
55 22
55 43
55 45
55 48
55 53
55 59
55 65
55 66
55 68
55 69
55 70
55 80
56 14
57 6
57 16
57 109
57 110
57 113
57 117
57 118
57 121
59 27
59 36
62 13
62 15
62 16
62 22
62 35
62 51
62 52
62 60
62 65
62 67
62 69
62 70
62 71
62 94
62 105
62 106
62 114
62 119
62 124
62 131
62 133
64 91
64 95
64 99
64 100
64 105
64 107
64 109
64 200
64 211
64 212
64 221
64 222
64 227
64 230
64 359
64 360
64 364
64 366
64 381
64 383
64 384
64 389
64 392
65 20
65 35
65 49
65 52
65 56
65 64
65 82
65 84
65 90
65 94
65 100
65 102
65 104
65 108
65 109
65 113
66 54
66 58
66 75
66 82
66 88
66 94
66 95
66 97
66 99
66 103
66 116
66 121
66 122
66 138
66 145
66 146
66 152
66 153
66 154
67 2
67 3
67 9
67 10
67 11
67 15
67 23
67 26
67 30
67 31
67 35
67 36
68 74
68 77
68 79
68 81
68 92
68 147
68 154
69 24
69 25
69 33
69 37
69 38
69 47
69 48
69 52
69 54
69 57
69 61
69 72
69 75
69 84
69 86
69 90
69 92
69 102
69 105
70 36
70 46
71 1
71 11
71 12
71 14
71 17
71 18
71 23
71 51
71 52
71 53
71 66
71 67
71 74
71 75
71 79
71 80
71 98
71 99
71 100
71 108
71 126
71 131
71 134
71 137
71 217
71 348
71 355
71 357
71 372
71 381
71 386
71 389
71 393
71 397
71 398
71 404
71 410
72 111
72 120
72 123
72 127
72 148
72 151
72 166
72 172
72 180
72 192
72 193
73 1
73 13
73 25
73 26
73 32
73 38
73 39
73 40
75 113
75 122
75 126
75 132
75 134
77 48
77 49
77 51
77 53
77 69
77 81
77 82
77 86
77 87
81 1
81 5
81 8
81 10
81 19
81 20
81 27
81 32
81 42
81 43
81 44
81 47
81 56
81 66
81 72
81 73
81 75
81 81
81 84
81 89
81 90
82 2
82 8
83 1
83 12
83 18
83 25
83 27
83 34
83 35
83 38
83 41
83 45
83 48
84 8
84 17
84 27
84 35
84 38
84 54
84 61
85 17
85 19
85 20
85 23
85 35
85 43
85 46
86 28
86 45
86 46
87 40
87 45
87 46
87 51
87 53
87 62
87 115
87 119
87 121
87 139
87 142
87 147
87 148
87 150
87 151
87 153
87 155
87 159
87 170
87 173
87 177
87 186
87 188
87 191
87 197
87 199
87 201
87 209
87 212
87 218
87 219
87 222
87 227
87 228
87 229
87 236
87 244
87 251
87 252
87 253
87 260
87 262
87 264
87 268
87 269
87 271
87 272
88 2
88 9
88 12
88 22
88 31
89 18
89 25
90 2
90 6
90 8
90 18
90 31
90 34
90 35
90 37
90 47
91 10
92 1
92 22
92 28
92 38
92 39
92 40
92 45
92 47
93 4
93 29
93 34
93 38
93 42
93 55
93 56
93 59
95 26
95 43
95 48
95 53
95 54
95 64
95 68
96 8
96 10
96 13
96 17
96 26
96 31
96 33
96 35
96 42
97 11
97 15
100 6
100 21
100 26
100 32
100 36
102 4
102 16
102 17
102 30
102 31
102 35
103 8
103 9
103 13
103 15
104 13
104 16
104 40
104 41
104 70
104 78
104 91
104 92
104 95
104 96
104 106
104 109
104 125
104 127
104 139
106 4
106 7
106 9
106 11
106 13
106 15
106 19
106 31
106 36
106 38
106 40
106 46
106 68
106 71
106 74
107 125
107 130
107 133
107 139
107 141
107 144
107 146
107 161
107 165
107 166
107 179
107 182
107 193
107 194
107 196
107 201
107 214
108 127
108 134
108 139
108 152
108 159
108 161
108 296
108 300
108 313
109 23
109 28
109 33
109 39
109 41
109 46
109 49
112 11
112 12
112 24
112 27
112 42
112 43
112 46
112 48
112 58
112 70
113 8
113 10
113 11
113 21
113 26
114 8
114 10
114 19
114 20
115 3
115 7
115 34
115 41
115 44
115 48
115 72
115 74
115 75
115 80
115 84
115 85
115 91
115 101
115 102
115 165
115 166
115 167
115 168
115 176
115 181
115 185
115 186
115 191
115 198
115 199
115 200
115 206
115 233
115 247
115 257
115 259
115 277
115 280
115 281
115 297
115 304
115 306
115 309
115 316
115 323
115 329
115 334
