1 1
1 7
1 10
1 12
1 13
1 14
1 26
1 32
1 57
1 59
1 60
1 61
2 24
2 27
2 29
2 37
2 40
2 182
2 195
2 197
2 203
2 205
2 221
2 228
2 232
2 235
2 238
2 324
2 329
3 9
3 16
3 18
3 21
3 22
4 102
4 108
5 18
5 19
5 24
5 34
5 52
5 60
5 61
6 19
6 25
6 35
6 36
6 38
6 44
6 45
7 8
7 17
7 19
7 21
7 22
7 30
7 34
7 44
7 48
7 58
7 65
7 71
7 72
8 29
8 36
8 37
8 38
8 39
8 49
8 61
8 78
8 88
8 91
8 93
8 94
8 107
8 108
8 112
8 113
8 117
8 119
8 120
8 129
8 132
8 142
8 147
8 151
8 156
8 232
8 233
8 250
8 259
8 265
8 273
9 5
9 6
9 19
9 20
9 22
9 24
9 27
10 7
10 17
10 26
10 38
10 51
10 64
10 75
10 76
10 80
10 81
10 87
10 95
10 104
10 105
10 110
10 112
10 113
10 117
10 120
10 136
11 1
11 3
11 5
11 13
11 19
11 21
11 97
11 115
11 130
12 2
12 3
12 7
12 10
12 21
13 2
13 7
13 8
13 13
13 19
13 25
14 91
14 97
14 99
15 2
15 11
15 21
15 37
15 45
15 47
15 48
15 49
15 52
15 57
15 59
15 60
15 66
15 70
15 76
15 77
15 86
15 95
16 1
16 2
16 8
16 9
16 27
16 58
16 61
16 63
16 65
16 67
16 71
16 80
16 84
16 85
16 92
16 95
16 104
16 109
16 111
16 113
16 118
16 128
17 26
17 39
17 59
17 76
17 77
17 82
17 83
17 92
17 94
17 103
18 3
18 7
18 8
18 15
18 21
18 26
18 32
18 34
18 39
18 45
18 60
18 63
18 69
18 70
18 79
18 85
18 88
18 95
18 103
18 104
18 108
18 123
18 124
18 130
18 139
18 142
18 148
18 149
18 154
19 5
19 9
19 12
19 31
19 32
19 33
20 13
21 1
21 2
21 3
21 4
21 10
21 30
21 88
21 95
21 96
21 99
21 105
21 107
21 109
21 110
21 239
21 240
21 246
21 253
21 255
21 260
21 264
21 267
21 271
21 282
21 291
22 6
22 7
22 17
22 22
22 28
22 39
22 40
22 41
22 44
22 45
22 47
22 48
22 50
22 55
22 58
22 59
22 60
22 101
22 102
22 103
23 20
23 32
23 86
23 90
23 95
23 98
23 99
24 4
24 6
24 10
24 18
24 20
24 21
24 33
24 39
24 42
24 55
24 68
24 69
24 78
24 80
24 82
24 85
25 109
25 125
25 126
25 139
25 146
25 147
25 148
25 150
25 152
25 154
25 162
25 164
25 173
25 175
25 179
25 191
25 193
25 202
25 208
25 212
27 6
27 21
27 22
29 48
29 50
32 43
32 48
32 49
32 58
32 61
32 62
32 68
32 89
32 93
32 94
32 136
32 149
32 159
32 162
32 167
32 183
32 187
32 194
32 202
32 205
32 206
32 210
32 218
32 223
32 224
32 226
32 228
32 238
32 239
32 241
32 243
32 245
32 248
32 253
32 260
32 265
32 275
32 282
32 285
32 292
32 295
32 300
32 318
32 319
32 333
32 336
32 344
32 351
32 352
32 358
32 372
32 378
32 380
32 382
32 388
32 396
32 397
34 62
34 63
38 14
38 15
38 18
38 21
38 25
38 26
38 29
38 35
38 44
38 59
38 64
38 65
38 70
38 76
38 78
38 79
38 84
40 36
40 51
40 62
40 65
40 72
40 91
40 93
40 94
40 97
40 105
40 106
40 113
40 114
41 5
41 16
41 19
41 22
41 24
41 30
41 33
41 40
41 46
41 57
41 61
41 64
41 83
41 85
41 96
41 103
41 111
41 128
41 142
41 143
41 144
42 5
42 6
42 11
42 16
42 54
42 60
42 73
42 75
42 210
42 218
42 224
42 225
43 3
43 5
43 8
43 15
43 17
43 35
43 41
43 45
46 12
46 25
46 35
46 54
46 65
46 76
46 79
46 91
46 93
46 101
46 102
46 103
47 34
47 55
47 56
47 62
47 67
47 73
47 78
47 90
47 97
47 98
48 3
48 5
48 9
48 20
48 24
48 28
48 43
48 45
48 48
48 52
48 59
48 62
48 64
48 72
48 77
48 78
48 79
48 86
48 92
48 95
48 98
48 102
49 19
49 23
49 31
49 36
49 39
50 2
50 3
50 5
50 9
51 2
51 11
51 15
51 17
51 31
51 41
51 46
51 47
51 57
51 68
51 77
51 78
51 82
51 83
51 93
51 98
51 101
51 113
51 131
54 27
54 28
54 31
54 38
54 45
55 4
55 6
55 18
55 20
55 21
55 27
55 38
55 74
55 81
55 83
55 94
55 97
55 99
55 105
55 111
55 123
55 130
55 140
55 148
55 162
55 164
55 167
55 170
55 174
55 179
55 182
55 193
55 195
55 196
55 207
56 3
56 12
56 21
56 22
56 36
56 40
56 46
56 60
56 62
56 67
56 68
56 69
56 74
56 75
56 78
56 85
56 90
56 154
56 163
56 165
56 171
56 172
56 211
56 215
56 219
56 230
56 234
56 235
56 237
56 240
56 251
56 254
56 263
56 265
56 269
56 271
56 310
56 318
56 322
56 340
56 355
56 359
56 360
56 361
56 363
56 366
56 381
56 382
57 31
57 36
57 48
58 22
58 26
58 38
58 44
58 45
58 46
58 49
58 50
58 60
58 61
58 64
58 70
58 72
58 78
58 89
59 3
59 9
59 11
59 14
59 17
59 24
59 29
59 34
59 35
60 2
60 4
60 9
60 12
60 19
60 20
60 22
60 26
60 28
60 29
60 42
61 3
61 9
62 7
62 13
62 14
63 6
63 8
63 36
63 40
63 55
63 56
63 72
63 78
63 83
63 85
63 88
64 25
64 27
64 32
64 40
64 51
64 61
64 63
65 6
65 16
65 20
65 29
66 1
66 9
66 13
66 17
67 4
67 15
67 17
67 18
68 10
68 11
68 27
68 28
68 29
68 32
68 47
68 49
68 62
68 66
68 68
68 71
68 85
68 86
68 89
70 1
70 10
70 14
70 20
70 26
70 34
70 40
70 49
70 55
70 56
70 81
70 107
70 109
71 5
71 11
72 3
72 8
72 10
72 11
72 15
72 16
72 19
73 15
73 18
73 20
73 24
73 28
73 38
73 42
73 69
73 71
73 72
74 9
74 10
74 12
74 13
74 16
74 17
74 18
74 130
74 135
74 145
74 149
75 10
75 15
75 17
75 24
75 32
76 41
76 49
76 52
76 55
76 60
76 62
76 64
76 85
76 102
76 104
76 105
76 109
76 113
76 121
76 128
76 141
77 4
77 9
77 12
77 24
77 26
78 12
78 16
80 4
80 10
80 13
80 16
81 1
81 6
81 16
82 4
82 7
85 27
85 32
85 40
85 47
85 52
87 18
87 29
89 64
90 122
90 126
90 152
90 238
90 240
90 247
90 257
90 258
90 265
91 20
93 7
93 19
93 24
93 25
93 47
93 48
93 51
93 58
93 59
93 61
93 69
93 72
93 79
93 81
93 84
93 90
93 92
94 4
96 22
96 25
96 166
96 171
96 172
96 174
96 183
96 192
96 203
96 207
96 209
97 6
97 10
97 139
97 144
97 145
97 146
97 147
98 3
98 8
98 11
98 12
98 16
99 1
99 2
99 6
99 7
99 10
99 11
99 22
102 9
102 13
102 19
102 23
102 28
104 6
104 10
104 23
104 26
104 27
104 29
104 36
104 40
104 47
104 48
104 50
104 59
104 61
104 64
104 66
104 69
104 82
104 87
104 90
105 5
105 8
105 20
105 24
105 32
105 44
105 46
105 49
105 61
105 64
105 79
105 83
105 87
105 90
105 91
106 6
106 11
106 19
106 22
106 25
106 32
106 33
106 40
106 47
107 3
107 6
107 12
107 18
107 20
107 26
107 29
107 36
107 76
107 77
107 87
107 95
107 97
107 100
107 106
107 113
108 4
108 15
108 21
108 22
108 25
108 27
108 36
108 37
108 40
108 42
108 43
108 46
108 48
108 50
108 64
108 66
109 3
109 5
109 10
109 13
109 19
109 31
109 53
109 61
109 63
109 64
109 88
109 94
109 99
109 107
109 110
109 118
109 125
109 135
109 142
109 143
109 146
109 161
109 165
109 172
110 3
110 8
110 14
110 20
110 32
110 36
110 38
111 3
111 4
111 18
111 19
112 35
112 37
112 44
112 47
112 48
