1 13
1 15
1 23
1 25
1 29
1 30
1 36
1 50
1 66
1 72
1 140
1 152
1 157
1 159
1 160
1 161
1 175
2 7
2 9
3 87
3 90
3 106
3 109
3 110
3 111
4 10
4 11
4 12
4 20
4 28
4 29
4 42
5 1
5 4
5 8
5 10
5 19
5 21
5 29
5 37
5 42
6 4
6 22
6 30
8 104
8 105
8 107
8 121
8 127
8 128
8 133
8 136
8 143
8 167
8 174
8 192
8 193
9 13
9 17
9 21
9 24
9 28
9 34
9 38
9 39
9 49
9 53
10 16
10 68
10 73
10 77
10 79
10 81
10 86
10 95
10 103
10 104
10 105
10 112
10 115
10 131
10 136
10 138
10 140
10 151
10 157
10 163
10 175
10 192
10 203
10 207
10 217
10 218
11 70
11 93
11 100
11 107
11 111
11 118
11 119
11 120
11 122
11 134
11 136
11 159
11 162
11 176
11 183
11 187
11 188
11 191
11 196
11 208
11 220
11 222
11 226
11 231
11 240
12 1
12 4
12 17
12 48
12 49
12 62
12 63
12 74
12 77
12 81
12 92
12 98
12 106
13 78
13 81
13 84
13 87
13 91
13 92
13 104
13 114
13 117
13 118
13 130
14 86
14 92
14 93
14 99
14 113
14 135
14 149
14 152
14 153
14 165
14 171
14 179
14 181
15 93
15 96
15 101
15 107
15 109
15 112
15 114
15 224
15 231
15 237
15 238
15 242
15 244
15 245
15 246
15 251
15 255
15 264
15 270
15 276
15 277
15 279
15 281
15 289
15 295
16 4
16 10
16 18
16 28
16 32
16 39
16 52
16 68
16 72
17 7
17 16
17 18
17 37
17 38
17 43
17 47
17 50
17 57
17 66
17 82
18 12
18 17
18 18
18 19
18 20
18 157
18 159
18 166
18 167
19 4
19 7
19 8
19 20
19 26
19 28
19 39
19 40
19 42
19 52
19 58
19 62
19 68
20 1
20 3
20 6
20 9
20 12
20 14
20 22
20 25
20 29
20 31
20 36
20 37
20 47
20 48
20 51
20 53
20 55
21 3
22 4
23 4
23 9
23 13
24 14
24 15
24 18
24 19
24 20
24 27
24 38
25 6
25 11
25 14
25 37
25 39
26 3
26 22
26 29
26 38
26 45
26 47
26 52
26 55
26 69
26 70
26 71
26 78
26 81
26 91
27 1
27 20
27 21
27 39
27 41
27 54
27 62
27 63
27 66
27 76
27 77
27 110
27 112
27 124
27 132
27 135
27 145
27 147
27 151
28 3
28 17
28 29
28 30
28 31
28 36
28 42
28 85
29 65
31 72
31 74
32 5
32 11
32 18
32 37
32 40
32 41
32 43
32 52
32 53
32 55
32 56
32 58
32 63
32 66
32 67
32 68
32 75
32 79
32 80
33 1
33 2
33 5
33 16
33 23
33 27
33 38
33 39
33 53
33 67
33 74
33 84
33 85
33 86
33 88
33 90
33 93
33 98
33 101
33 106
33 113
34 2
34 7
34 8
34 143
34 145
34 162
34 176
34 179
34 197
34 203
34 228
34 235
34 237
34 241
34 242
34 244
34 262
34 264
34 266
34 269
34 274
34 277
34 294
34 295
34 298
34 301
34 307
34 309
34 376
35 27
35 30
35 33
35 37
36 3
36 4
36 5
37 5
37 6
37 89
37 98
37 103
37 107
37 151
37 163
37 174
37 176
38 136
38 139
38 142
38 143
38 155
38 161
38 163
38 172
38 187
38 202
38 204
38 206
38 210
38 212
38 214
38 219
38 221
38 222
38 223
38 228
38 233
38 236
39 14
39 20
39 24
39 37
39 49
39 56
39 66
39 67
39 91
39 100
39 107
39 111
39 117
39 120
39 125
39 129
39 131
39 136
39 138
42 77
42 82
42 92
42 93
42 101
42 110
42 119
42 122
42 124
42 128
42 133
42 134
42 141
42 166
42 175
42 184
42 190
42 195
42 201
42 204
42 208
42 210
42 212
42 215
42 219
42 222
42 229
42 237
43 6
43 13
43 22
43 25
43 26
43 32
43 34
43 36
43 39
43 45
43 49
43 50
43 53
43 72
44 94
44 101
44 106
44 118
44 120
44 131
44 151
44 158
44 166
44 167
44 169
44 170
44 174
44 193
44 200
46 14
46 29
47 4
47 5
47 6
47 11
47 14
47 18
47 26
47 30
47 37
47 43
47 46
47 48
47 65
47 68
47 70
47 80
47 82
47 91
47 93
47 105
47 107
49 5
49 29
49 32
49 33
49 42
49 57
50 2
50 7
50 8
50 9
50 12
50 14
50 15
50 22
50 23
50 29
50 30
50 32
50 42
50 43
50 68
50 70
50 75
50 77
50 80
50 84
50 105
50 106
50 111
50 116
50 119
50 121
50 122
50 125
50 130
50 134
50 146
50 149
50 152
50 164
50 165
50 166
51 2
51 16
51 18
51 22
52 3
52 12
52 14
52 27
52 31
52 33
52 35
52 45
52 56
53 8
53 11
53 12
53 20
53 23
53 25
53 38
53 42
53 52
53 53
53 56
53 59
53 70
53 71
53 73
53 77
53 88
53 103
53 104
53 105
53 109
53 115
53 118
54 1
54 3
54 9
54 139
54 144
54 153
54 155
54 163
54 177
54 180
54 188
54 192
54 193
54 195
54 203
54 208
54 216
54 217
54 231
54 266
54 272
54 274
54 279
54 281
54 282
54 289
54 297
54 298
54 305
54 307
55 125
55 138
55 139
55 144
55 154
55 159
55 161
55 162
56 6
56 25
56 41
56 50
56 66
56 67
56 68
56 70
56 74
56 80
56 82
56 86
56 96
57 3
58 43
58 44
58 48
60 9
60 12
60 13
60 15
60 38
60 39
60 42
60 48
60 58
60 71
60 77
60 84
60 86
60 91
60 93
61 9
61 26
61 35
61 43
61 45
61 55
61 60
61 65
61 66
61 71
61 80
61 106
61 112
61 117
62 6
62 10
62 15
62 17
62 29
62 34
62 42
62 52
62 60
62 65
63 131
63 132
63 139
63 143
63 147
64 6
65 2
65 4
65 8
65 9
68 22
68 24
68 27
68 40
68 43
68 45
68 49
68 53
68 56
68 57
68 65
69 5
69 53
69 54
69 56
69 63
69 65
69 66
69 70
69 78
69 86
69 87
69 95
69 96
69 99
69 100
69 101
69 107
69 121
69 126
69 127
69 133
70 6
70 11
71 4
71 5
71 9
71 12
71 18
71 22
71 30
71 50
71 52
71 79
71 80
72 2
72 4
72 5
74 4
74 6
74 133
74 138
75 13
75 21
75 29
75 32
75 51
75 53
75 56
75 66
75 79
75 91
75 98
75 103
75 106
75 112
76 68
76 170
76 171
76 177
76 178
76 187
76 197
76 225
76 228
76 250
76 251
76 254
76 257
76 269
76 270
76 274
76 278
76 279
76 294
76 295
76 296
76 297
76 304
77 6
77 9
77 10
77 26
77 33
77 42
77 43
77 53
77 68
77 69
77 71
77 77
77 78
77 84
77 108
77 117
77 118
77 121
77 154
78 22
78 29
78 52
78 55
79 3
79 13
79 14
80 118
80 122
80 136
81 1
81 4
81 14
81 30
81 40
81 46
81 50
81 64
81 66
81 68
81 83
81 90
81 94
81 96
81 97
81 100
81 109
81 116
82 1
82 2
82 11
82 13
82 19
82 20
82 22
82 30
82 34
82 36
82 44
82 47
82 53
82 70
83 2
83 8
83 18
83 21
83 26
83 29
83 30
83 33
83 35
84 12
84 24
84 47
84 59
84 63
84 65
84 68
84 70
84 74
84 77
84 81
84 99
84 108
84 110
84 116
84 125
84 129
84 142
86 4
86 9
86 15
86 28
86 30
86 36
86 50
86 55
86 56
86 72
86 77
86 79
86 80
86 87
86 96
86 101
86 105
86 106
86 112
86 115
86 119
86 145
86 146
86 160
86 174
86 175
86 178
86 188
86 198
86 204
86 210
86 212
87 5
87 10
87 13
87 18
87 20
87 22
87 32
87 33
87 34
87 38
87 46
87 47
87 58
87 59
87 62
87 80
88 27
88 28
88 35
88 42
88 56
88 60
88 62
88 63
89 1
89 6
89 8
89 9
89 18
89 19
89 30
89 34
89 37
89 38
89 43
89 47
89 69
89 70
89 93
89 116
89 117
89 119
89 131
89 138
89 139
89 143
89 148
89 152
89 165
89 167
