2 122
2 123
2 126
2 132
2 134
2 137
3 4
3 11
3 14
3 18
3 41
3 42
3 45
3 48
3 54
3 59
3 63
5 37
5 47
5 49
5 51
5 155
5 161
5 172
5 266
5 279
5 286
5 292
5 304
5 305
5 306
5 309
5 329
5 351
5 353
5 354
5 487
5 494
5 503
5 510
5 513
5 515
5 524
5 539
7 26
7 45
7 68
7 69
7 72
7 80
7 81
7 82
7 89
7 93
7 95
7 98
7 100
7 101
7 109
7 110
7 115
7 118
7 119
7 120
7 123
7 124
9 59
9 61
9 65
9 72
9 73
9 74
9 76
9 77
9 82
9 87
9 92
9 94
10 4
10 12
10 13
10 27
10 28
10 30
10 33
10 46
10 53
10 67
10 117
10 125
10 127
10 131
10 139
10 150
10 165
10 175
10 179
10 184
10 202
10 210
10 213
10 231
10 237
10 238
10 239
10 240
10 253
10 256
10 261
10 264
10 265
10 280
10 289
10 290
10 291
10 292
10 307
11 57
11 59
11 67
11 74
11 84
11 85
12 1
12 3
12 6
13 8
13 9
13 12
13 17
13 18
13 21
13 25
13 26
13 27
13 31
14 4
14 5
15 2
16 124
16 125
16 129
16 138
16 145
16 186
16 196
16 198
16 200
16 210
16 215
16 218
16 219
16 229
16 239
17 110
17 114
17 115
17 117
17 132
17 141
18 1
18 2
18 16
18 18
18 22
18 30
18 33
18 41
18 45
18 49
19 2
19 6
19 16
19 26
19 28
19 38
19 40
19 42
19 43
19 47
20 5
20 6
22 31
22 40
22 44
22 50
22 53
22 67
22 69
22 75
22 85
22 107
22 111
23 2
23 6
23 14
23 17
23 21
23 23
23 25
23 34
23 36
23 49
23 50
23 55
25 58
25 59
25 61
26 4
27 13
27 15
27 28
27 41
27 42
27 47
27 57
28 17
28 24
28 27
28 28
28 29
28 31
28 32
28 37
28 40
28 43
28 65
32 21
32 23
32 24
32 29
32 40
32 44
32 54
32 56
32 58
32 60
32 74
32 90
32 95
32 96
32 227
32 236
32 244
32 254
32 257
32 269
32 271
32 273
32 278
32 295
32 297
32 304
32 310
32 311
32 320
32 340
32 341
32 346
32 357
32 358
32 364
32 368
32 373
32 377
32 383
32 392
33 1
33 3
33 12
33 25
34 1
36 34
36 38
36 39
36 40
36 61
36 62
36 63
36 68
36 77
36 78
36 83
36 84
36 90
36 93
36 94
36 96
37 2
37 4
37 23
37 27
37 29
37 37
37 41
37 43
37 141
38 16
38 17
38 18
38 24
38 26
38 27
39 51
39 53
39 57
39 68
40 9
40 11
40 15
40 146
40 161
40 169
41 31
41 170
41 172
41 180
41 192
41 193
42 2
42 17
42 65
42 66
42 73
42 81
43 11
43 14
43 15
43 16
43 17
43 28
43 30
44 19
44 23
44 24
44 26
44 28
44 37
44 38
44 40
44 45
44 48
44 50
44 55
44 58
44 60
44 63
44 66
44 71
46 2
46 8
46 29
46 31
46 33
46 36
46 38
46 39
46 54
46 77
49 12
49 34
49 36
49 63
49 75
49 84
49 87
49 94
49 95
50 13
50 23
50 24
50 25
50 89
50 107
50 114
50 118
50 122
50 126
50 142
50 146
50 153
50 154
50 166
50 179
50 180
50 183
50 184
50 186
50 220
50 223
50 237
50 239
50 240
50 245
50 246
50 249
50 250
50 254
50 263
50 269
50 280
50 303
50 307
50 309
50 319
50 322
50 329
50 336
50 346
50 347
50 363
50 370
50 379
51 135
51 155
51 160
52 1
55 43
55 47
55 49
55 50
55 55
55 57
55 59
55 66
55 69
55 77
55 79
55 83
55 104
55 138
55 143
55 169
55 178
56 4
56 6
56 7
56 9
56 15
56 20
56 22
56 31
56 36
56 41
56 55
56 57
56 58
56 60
56 61
56 73
56 74
56 82
56 89
56 91
56 95
56 100
57 6
57 8
57 14
57 28
57 39
57 46
57 49
57 50
57 52
57 57
57 61
57 63
57 64
57 65
57 69
57 72
57 76
57 78
57 79
57 82
57 96
57 97
57 123
57 127
57 134
57 137
57 138
57 155
57 159
57 163
57 166
57 174
57 175
57 180
57 190
57 191
57 193
57 194
57 210
57 213
57 218
57 220
57 227
57 248
57 381
57 383
57 388
57 392
57 396
57 400
57 406
57 408
57 410
57 413
57 418
57 426
57 430
57 433
57 436
57 439
57 441
58 7
58 11
58 17
58 23
58 25
58 39
58 42
58 54
58 58
58 60
59 1
59 7
59 12
59 18
59 30
59 51
59 62
60 49
60 51
60 63
60 74
61 7
61 17
61 19
61 20
61 21
61 23
61 40
61 44
61 48
61 49
61 55
61 58
61 64
61 66
61 73
61 79
61 85
62 9
62 13
62 16
62 20
62 30
62 56
62 60
62 71
62 72
62 82
62 84
62 90
62 93
62 213
62 224
62 225
62 230
62 232
63 13
63 19
64 12
64 17
64 24
64 34
64 38
64 46
64 52
65 3
65 18
65 20
67 3
67 11
68 1
68 3
68 11
68 41
68 43
68 47
68 48
68 51
68 52
68 56
68 58
68 59
68 62
68 74
68 77
68 87
68 95
68 98
69 8
69 13
70 106
70 123
70 124
70 132
70 136
70 137
70 144
70 153
70 159
70 164
70 171
71 17
71 30
71 101
71 105
71 108
71 111
71 112
71 115
71 144
71 146
71 156
71 159
71 161
71 168
71 173
71 174
71 185
71 186
71 192
71 200
72 7
72 11
72 22
72 57
72 59
72 70
72 72
72 74
72 78
72 79
72 86
72 89
73 1
73 15
74 13
74 15
74 16
74 17
74 40
74 50
75 8
75 9
75 12
75 15
76 6
76 19
76 20
76 31
76 53
76 62
76 67
76 74
76 78
76 98
76 102
76 104
76 109
76 111
76 128
76 130
76 137
76 139
77 12
77 13
77 23
77 26
78 7
78 15
78 16
78 26
78 31
78 32
78 34
78 43
79 3
79 4
79 14
79 20
79 23
79 27
79 29
79 44
79 45
79 50
79 55
79 57
79 80
79 84
79 91
79 96
79 102
79 106
79 115
79 119
79 122
80 59
80 60
80 66
80 76
80 79
80 82
80 87
80 95
80 102
80 105
80 120
80 121
81 5
81 8
81 11
81 14
81 36
81 40
81 42
81 50
81 52
82 2
82 4
82 21
82 24
82 25
82 44
85 1
86 1
86 9
86 16
86 35
86 36
86 39
86 42
86 55
86 60
86 63
86 72
86 73
86 74
86 89
86 90
86 93
86 99
86 100
87 1
87 6
87 11
87 14
87 16
88 11
88 14
88 17
88 24
88 25
88 32
88 37
88 38
88 44
88 68
88 83
88 89
89 3
89 21
89 27
89 29
89 34
89 40
89 41
89 42
90 3
90 10
90 13
90 15
90 16
90 18
90 23
90 29
90 32
90 163
90 164
90 170
90 187
90 192
91 11
91 16
91 18
91 20
91 25
91 38
91 41
91 42
91 43
91 46
91 49
91 51
91 70
91 72
91 84
91 101
91 121
91 122
91 128
91 134
91 139
93 1
93 17
93 28
93 40
93 59
93 68
95 21
95 24
95 27
95 30
95 40
95 45
95 46
95 57
95 86
95 93
95 98
96 96
96 100
96 103
96 104
97 7
97 8
97 9
97 10
97 44
97 48
97 52
99 37
99 46
99 51
99 54
100 4
101 15
101 19
101 22
101 26
101 29
101 33
101 34
