1 3
1 5
1 12
1 28
1 33
1 37
1 40
3 67
3 80
3 85
4 2
4 8
5 7
5 15
5 17
5 18
5 20
5 21
7 11
7 13
9 5
9 9
9 16
9 30
9 37
9 43
9 48
9 53
9 54
9 59
9 70
9 73
9 78
9 84
9 85
9 120
9 123
9 124
9 130
11 8
11 17
11 31
11 32
11 34
11 44
11 45
11 48
11 49
11 50
11 60
11 66
11 86
17 8
17 11
17 13
17 14
17 82
17 163
17 170
17 175
17 190
17 191
17 193
17 198
18 7
18 9
18 12
18 18
18 26
18 47
18 53
18 59
18 94
18 101
18 111
18 123
18 125
18 133
18 143
18 145
19 21
19 22
20 21
20 30
20 32
20 34
20 35
20 39
20 48
20 51
20 53
20 61
21 1
21 3
22 9
22 12
22 32
22 39
22 47
22 48
22 50
22 65
22 66
22 71
22 72
22 104
22 107
22 111
22 112
22 124
22 128
22 135
22 138
22 145
23 2
23 3
23 10
23 11
23 22
23 33
24 2
24 13
24 14
25 16
26 8
26 15
26 17
26 19
26 20
26 21
26 24
27 104
27 105
27 108
27 110
27 117
27 119
27 120
27 121
27 130
27 131
28 1
28 7
28 10
28 12
28 13
29 2
29 4
29 6
29 13
29 17
29 22
29 35
29 36
29 38
29 40
29 43
30 1
30 13
30 14
30 15
31 16
31 17
31 18
31 24
31 27
31 33
31 35
31 37
31 43
31 49
31 51
31 54
31 56
31 59
31 60
31 63
31 64
31 65
31 67
31 73
31 75
31 89
31 110
31 111
31 115
31 126
31 129
31 131
31 133
31 137
31 139
31 144
31 154
31 168
31 178
31 181
33 24
33 25
33 28
33 37
33 47
33 48
33 50
33 63
33 66
33 77
33 81
33 83
33 84
33 97
33 118
33 256
33 266
33 277
33 282
33 295
33 302
33 311
33 313
33 320
33 324
33 325
33 402
33 404
33 410
33 421
33 425
33 427
33 434
33 438
33 440
33 445
33 446
34 7
34 19
34 25
34 32
34 35
34 53
34 61
34 70
34 73
34 76
34 88
34 91
34 95
34 97
34 102
34 104
34 105
34 110
34 122
34 129
34 130
34 133
35 4
35 7
35 24
35 26
35 33
35 35
35 51
35 55
35 62
35 63
35 64
35 65
35 71
35 82
35 85
35 98
35 102
35 106
35 112
35 115
35 118
35 119
35 128
36 1
36 12
36 13
36 38
36 39
36 49
36 51
36 56
36 60
36 64
36 75
36 83
36 105
36 111
36 114
37 99
37 102
37 104
37 109
37 116
37 129
37 134
37 135
37 138
37 142
37 165
37 168
37 172
37 173
37 176
37 177
37 192
37 198
37 206
37 233
37 237
38 3
38 9
38 16
38 17
38 23
38 40
38 50
38 51
38 55
38 65
38 67
38 69
38 76
38 80
38 85
38 95
38 108
38 109
38 112
38 113
38 130
38 132
38 134
39 4
39 17
39 24
39 29
39 37
40 5
40 14
40 22
40 28
40 39
40 47
40 50
40 55
40 57
41 32
41 44
41 46
41 47
41 50
41 52
41 54
41 58
43 85
43 86
43 92
43 93
43 96
43 101
43 105
43 108
43 109
43 110
43 116
43 125
45 1
45 4
46 2
46 17
46 20
47 11
47 13
47 21
47 36
47 42
47 47
47 57
47 64
47 81
47 84
47 96
47 99
47 108
47 111
47 114
47 117
47 122
49 38
49 40
49 43
49 54
49 57
49 62
49 78
49 80
50 4
50 6
50 9
50 17
50 23
50 32
50 33
50 38
50 41
50 46
50 54
50 60
50 77
50 108
50 120
50 123
50 126
50 141
51 2
51 11
51 12
51 13
51 25
52 77
52 79
52 80
52 88
52 97
52 99
52 108
52 109
52 114
52 118
52 121
52 122
52 124
52 134
52 144
52 149
52 151
52 337
52 353
52 355
52 370
53 5
53 6
53 11
53 16
53 20
53 24
53 157
53 166
53 173
53 175
53 179
53 181
53 192
53 198
53 203
53 211
53 214
53 219
53 235
53 257
53 261
53 263
53 264
53 288
53 332
53 333
53 348
53 356
53 357
53 364
53 369
53 378
53 379
53 381
53 382
53 385
53 387
53 401
53 404
53 406
53 415
53 416
53 422
53 423
53 425
53 460
54 2
54 3
54 8
54 10
54 14
54 20
54 49
54 51
54 54
54 59
54 60
54 63
54 92
54 108
54 110
54 111
54 120
54 122
54 125
55 10
55 12
55 14
55 40
55 42
55 46
55 49
55 53
55 62
55 68
55 79
55 83
55 87
56 131
56 133
56 134
56 136
56 142
56 159
56 166
56 169
56 183
56 190
56 202
57 2
57 4
57 26
57 28
57 32
57 44
57 45
57 50
57 52
57 61
57 193
57 195
57 284
57 287
57 289
57 296
57 302
57 323
57 330
57 331
57 337
57 347
57 350
58 28
58 31
58 34
58 42
58 44
58 49
58 50
58 52
58 53
58 54
59 30
60 2
60 11
60 23
60 28
60 32
60 41
60 43
60 44
60 48
60 50
60 59
60 69
60 71
60 73
60 75
60 76
60 80
60 220
60 229
60 230
60 235
60 236
60 243
60 245
60 246
60 247
60 248
60 253
60 267
60 268
60 272
60 282
60 283
60 285
60 289
60 291
60 303
60 312
60 314
60 318
60 336
60 346
61 2
61 6
61 19
61 22
61 23
61 26
61 27
61 28
61 34
62 1
62 19
62 20
62 27
62 29
62 34
62 38
62 40
62 42
62 44
63 2
63 12
63 13
63 19
63 22
63 27
63 38
63 43
63 51
63 53
63 54
63 59
63 63
63 67
63 79
63 80
63 83
63 84
63 86
63 96
63 97
64 97
65 6
65 34
65 37
65 41
65 50
65 54
65 63
65 74
65 75
65 110
65 114
66 8
66 9
66 16
66 35
66 39
66 42
66 171
66 172
66 184
66 195
66 198
66 202
66 208
66 212
66 221
66 222
67 1
67 2
67 3
68 9
68 13
68 25
69 4
69 5
69 8
69 9
69 10
69 20
69 24
69 30
70 94
70 95
70 100
73 30
73 47
73 55
73 58
73 59
73 61
73 62
73 63
73 71
73 77
74 2
74 3
74 4
74 18
74 19
74 20
74 22
74 25
75 1
75 11
75 13
75 121
76 61
78 18
78 22
78 23
78 27
78 34
78 61
78 75
78 80
78 97
78 98
78 108
78 114
78 121
78 127
78 136
78 137
78 143
78 147
78 155
78 156
78 166
78 170
78 171
78 175
78 181
78 184
78 207
78 208
78 209
78 213
78 219
78 220
78 238
78 240
78 241
78 244
78 246
78 250
78 255
78 263
78 267
79 8
79 22
79 25
79 38
79 45
79 52
79 62
79 63
79 74
79 76
79 85
79 96
79 97
79 99
79 102
79 107
79 116
79 122
79 125
79 128
79 141
79 142
79 144
80 16
80 23
82 3
82 4
82 7
82 12
82 13
82 14
82 22
82 24
82 34
82 39
82 41
82 50
82 70
82 78
82 80
82 92
82 99
82 104
82 111
82 114
82 125
82 126
82 133
82 139
82 141
82 146
82 160
82 164
82 167
82 184
82 185
82 187
83 4
83 15
83 20
83 27
83 28
83 31
83 38
83 41
83 44
83 45
83 48
83 49
83 53
83 63
83 64
83 67
84 2
84 8
84 10
84 12
84 16
84 19
84 23
85 7
85 20
85 24
85 25
85 30
85 31
85 35
85 38
85 51
85 52
85 56
85 57
85 67
86 1
86 2
86 10
86 13
86 27
86 28
86 31
87 89
87 92
87 94
87 96
87 98
87 101
87 107
87 109
87 121
87 122
88 1
88 3
90 3
90 6
90 9
90 10
90 22
90 66
90 68
90 74
90 78
90 82
90 83
90 84
90 110
90 112
90 121
90 126
90 127
90 128
90 143
90 147
90 150
90 164
91 7
91 10
91 21
91 36
91 48
91 52
91 57
91 59
91 64
91 67
91 76
91 79
91 81
91 83
91 98
91 100
91 101
91 112
91 114
91 126
91 129
91 130
91 131
91 138
91 144
91 151
91 190
93 29
93 41
93 43
93 50
93 52
93 55
93 67
93 77
93 89
93 106
93 112
93 114
93 115
93 116
93 121
93 122
93 125
93 128
93 133
93 139
93 144
93 152
93 167
93 169
93 170
93 171
93 176
93 177
94 12
94 13
95 4
95 7
95 18
95 24
100 39
100 43
100 51
100 52
100 53
101 2
102 4
102 5
102 14
102 17
102 26
102 34
103 6
103 13
103 14
103 22
104 5
104 23
