1 17
1 18
1 20
1 47
2 62
2 63
2 64
2 81
2 92
2 101
2 102
2 105
3 1
3 10
3 13
3 14
3 28
3 31
3 34
3 36
3 44
3 62
3 64
3 70
3 76
3 97
3 100
4 14
4 17
4 21
5 2
5 9
5 15
5 23
6 5
6 7
6 13
6 15
6 16
6 20
6 23
6 26
6 27
6 29
6 40
6 50
6 53
6 54
6 56
6 59
6 61
6 66
8 62
8 67
8 77
9 5
9 10
9 11
9 12
9 22
9 24
9 27
9 39
9 45
9 49
9 51
9 57
9 58
9 62
10 1
10 4
10 9
10 13
10 19
10 22
10 45
10 46
10 49
10 61
10 73
10 84
10 89
10 105
10 106
10 113
10 120
10 128
10 134
10 135
10 150
10 152
10 166
10 177
10 180
11 2
11 6
11 16
11 23
11 24
11 27
11 28
11 35
11 36
11 41
11 43
11 44
11 105
11 109
11 110
11 115
11 117
12 15
12 25
12 27
12 49
12 55
12 63
12 73
12 77
12 81
12 82
12 84
13 112
13 119
13 122
13 142
13 153
13 155
13 159
13 164
13 166
13 172
13 179
14 47
14 50
14 59
14 69
14 71
14 73
14 75
14 81
14 84
14 91
14 92
14 94
14 128
14 143
14 144
14 156
14 158
14 159
14 174
14 177
14 183
14 187
14 188
14 193
14 207
14 212
15 15
16 3
16 4
16 6
18 85
18 87
18 93
18 96
18 97
18 102
18 105
18 112
18 114
18 134
18 139
18 155
18 163
18 164
18 175
18 177
18 179
18 183
18 204
18 208
18 210
18 236
18 237
18 252
18 257
18 259
18 263
18 266
19 1
19 3
19 21
19 23
19 24
19 25
20 19
20 24
20 145
20 147
20 153
20 156
20 163
20 164
20 174
20 178
20 179
21 3
21 6
21 7
21 11
21 16
21 18
22 2
22 6
22 9
22 11
22 12
22 18
24 4
24 20
24 38
24 169
24 171
24 186
24 191
25 33
25 35
25 36
25 44
25 50
25 53
25 55
25 58
25 68
25 70
25 73
25 74
25 76
25 93
25 108
26 45
27 1
27 12
27 18
27 24
27 25
27 27
27 28
27 43
29 35
29 48
30 5
30 6
30 11
30 14
30 28
30 78
30 84
30 100
30 106
30 111
30 123
30 249
30 251
30 268
30 270
30 281
30 289
31 42
31 43
31 51
31 56
31 58
31 61
32 21
32 28
34 52
34 56
34 65
34 80
34 81
34 99
34 100
34 125
34 139
34 157
36 10
36 12
37 6
37 10
37 17
37 19
38 4
38 15
38 22
38 25
38 30
38 38
38 42
38 47
38 56
39 1
39 3
39 8
39 9
40 10
40 19
40 20
40 24
40 31
40 140
40 143
40 144
40 145
40 153
40 169
40 192
40 193
41 3
41 15
41 17
41 24
41 26
41 28
41 30
41 92
41 96
41 100
41 101
42 5
42 9
42 13
42 19
42 33
42 41
42 44
42 50
42 52
42 57
42 58
42 59
44 8
44 45
44 54
44 58
44 73
44 75
44 76
44 79
44 82
44 83
44 92
44 144
45 6
45 24
45 27
45 111
45 117
45 127
45 128
45 130
46 8
46 20
46 21
46 25
46 37
46 41
46 43
46 47
46 55
46 56
46 68
46 74
46 77
46 88
48 6
48 14
48 51
48 54
48 61
48 75
48 84
48 92
48 105
48 117
48 122
48 125
48 126
48 182
48 192
48 215
48 222
48 226
48 239
48 242
48 246
48 257
48 258
48 264
48 265
49 10
49 15
49 19
49 21
49 22
49 62
49 67
49 69
49 71
49 72
49 80
49 85
49 86
49 87
49 95
49 109
49 115
49 117
49 118
49 120
49 133
49 141
49 145
49 149
49 160
49 163
49 165
49 178
49 186
49 192
49 197
49 202
49 204
49 207
49 219
49 231
49 234
49 243
49 247
49 255
49 261
49 264
49 267
49 268
49 274
49 288
49 291
49 320
49 322
49 324
49 326
49 339
49 340
49 342
49 353
49 355
49 362
49 370
49 371
49 386
49 388
49 397
49 403
49 406
50 6
50 9
50 10
50 18
50 21
50 24
50 35
50 37
50 38
50 40
50 48
50 55
50 56
50 62
50 69
51 5
51 10
51 19
51 46
51 65
51 74
51 76
51 84
51 87
51 90
51 103
51 106
51 109
53 5
53 6
53 40
53 48
53 49
53 55
55 10
55 15
55 19
55 20
55 24
57 26
57 34
57 37
57 39
57 41
57 61
57 71
57 75
57 82
57 221
57 222
57 230
57 231
57 234
57 236
57 241
57 242
57 249
57 251
58 2
58 4
58 21
59 84
59 99
59 110
61 68
61 82
61 84
61 87
61 89
61 95
62 7
62 9
66 80
66 83
66 91
66 100
66 104
66 116
66 119
66 128
66 131
66 135
68 6
68 11
68 13
68 15
68 17
68 19
68 23
68 25
68 29
68 59
68 61
68 68
68 75
68 83
68 87
68 89
69 12
69 19
69 39
69 40
69 41
69 49
69 51
69 73
69 83
69 84
69 86
69 90
69 98
69 106
69 115
69 118
70 2
70 4
70 14
70 16
70 19
70 36
70 38
70 41
70 46
70 51
70 73
70 74
70 88
70 90
70 93
70 94
70 99
70 101
70 106
70 115
70 116
70 119
70 121
70 126
70 130
70 131
70 141
70 150
70 154
70 156
70 181
70 185
70 188
70 189
70 195
70 197
70 205
70 216
70 228
70 230
70 231
70 237
70 238
70 247
70 254
70 258
70 259
70 272
70 296
70 298
70 303
70 310
70 311
70 320
70 335
70 336
70 338
70 339
70 341
70 346
70 350
70 355
70 389
71 7
71 20
71 22
71 26
71 38
71 40
71 46
71 48
71 50
71 57
71 58
71 59
71 60
71 62
71 66
71 74
71 78
71 80
71 83
71 86
72 5
73 10
74 1
74 4
74 11
74 13
74 16
74 17
74 23
74 31
74 34
74 35
74 38
74 39
74 44
74 49
74 50
74 62
74 64
74 66
74 70
74 89
74 97
74 100
74 106
74 108
74 193
74 197
74 202
74 203
74 204
74 211
74 213
75 41
75 47
75 51
75 52
75 56
75 65
75 71
76 18
76 22
76 23
76 25
76 29
76 31
77 13
78 4
78 11
78 14
78 19
79 13
79 16
79 17
79 19
79 21
79 23
79 24
79 30
79 31
79 33
79 35
79 38
79 43
79 46
79 50
79 52
79 54
79 55
79 61
80 10
80 22
80 35
80 40
80 48
80 49
80 51
81 11
82 122
82 141
82 142
82 143
82 150
82 175
82 181
82 183
82 196
82 197
82 202
82 210
82 216
82 220
83 8
83 23
83 34
83 35
83 39
83 42
83 45
83 47
83 50
83 54
83 55
83 57
83 74
83 83
83 89
83 90
83 97
83 104
83 109
83 112
83 114
83 124
84 1
85 75
85 78
85 80
85 87
86 7
86 9
86 18
87 3
87 16
87 18
87 29
87 31
87 34
87 36
87 39
87 43
87 59
87 68
87 70
87 75
87 79
87 81
87 83
87 100
87 101
87 103
87 104
87 108
87 112
87 114
87 116
87 117
87 125
87 130
87 136
87 138
87 139
87 140
87 143
87 153
87 156
87 158
87 160
87 176
87 190
87 195
87 196
88 45
88 61
88 63
88 66
88 72
88 75
88 77
88 81
88 96
88 103
89 49
91 20
91 25
91 26
91 39
92 29
92 31
92 32
92 33
92 42
92 44
92 46
92 51
92 54
92 59
92 64
92 66
92 72
92 76
92 79
92 88
92 93
92 95
92 106
92 110
92 113
92 115
92 121
92 128
92 136
92 144
92 151
92 153
92 227
92 237
92 240
92 241
92 245
92 250
92 252
92 256
95 21
95 24
95 30
95 37
95 38
96 36
96 40
96 46
97 1
97 3
97 6
97 29
97 35
97 38
97 39
97 45
97 47
97 49
97 56
97 69
