1 12
1 15
1 18
1 26
1 28
1 31
1 43
1 69
1 74
1 79
1 83
1 88
1 99
1 112
1 127
1 131
1 132
1 136
1 140
1 141
1 142
1 172
1 192
1 199
2 78
2 81
2 89
2 90
2 104
2 108
2 115
2 120
2 121
2 133
2 135
2 140
2 141
2 145
2 149
2 155
2 156
5 31
5 48
5 54
5 62
5 73
5 186
5 188
5 193
5 195
6 10
6 14
6 19
7 3
7 4
8 6
8 12
8 19
8 22
8 25
9 6
9 10
9 16
11 20
11 22
12 62
12 65
12 66
12 75
12 83
12 98
12 144
12 145
12 156
12 162
12 164
12 169
12 187
12 208
12 218
12 241
12 254
12 259
12 262
12 264
12 266
12 269
12 272
12 276
12 287
12 290
12 295
12 301
13 2
13 3
13 4
13 7
13 17
13 25
15 5
15 9
15 16
16 9
16 16
16 18
16 104
16 110
16 111
16 117
16 123
16 125
16 132
16 138
16 140
16 276
16 283
16 289
16 292
16 293
16 299
16 300
16 303
16 306
16 308
16 325
16 326
17 86
17 94
17 96
19 10
19 24
19 27
19 39
19 45
19 53
19 58
19 63
19 84
19 115
19 116
19 118
20 19
20 26
20 35
20 40
20 55
20 71
20 83
20 84
21 1
21 8
21 9
21 19
21 23
21 32
21 36
21 40
21 45
21 47
21 59
21 68
21 75
23 12
23 13
23 16
23 25
23 28
23 31
23 37
23 39
23 44
23 55
23 115
23 120
23 121
23 128
23 131
23 133
23 146
23 147
23 149
23 151
23 161
23 163
23 169
23 181
23 183
23 186
23 190
23 193
23 195
23 197
23 198
23 203
23 205
23 206
23 218
23 227
24 2
24 3
24 5
24 9
24 11
24 16
24 19
24 22
24 25
24 34
24 40
24 50
24 60
25 10
26 10
27 2
27 17
27 26
30 2
30 18
30 59
31 15
31 21
32 4
32 9
32 10
33 1
33 4
33 13
33 17
33 22
33 35
33 41
33 43
33 48
33 49
33 51
33 184
33 185
33 190
33 193
33 195
33 196
33 197
33 199
33 204
33 207
33 209
33 213
33 214
33 222
33 224
33 228
33 234
33 239
33 240
33 248
33 260
33 266
33 267
33 273
33 285
33 288
34 6
34 9
34 13
34 21
34 26
34 27
34 30
34 33
35 11
35 16
35 29
35 42
35 44
35 46
35 50
35 76
35 108
35 113
35 114
35 117
35 122
35 125
35 133
35 144
35 145
35 157
35 158
35 160
35 162
35 165
35 166
35 167
35 172
35 180
35 189
35 196
35 199
35 203
35 213
35 218
35 220
35 227
35 230
35 232
35 235
35 238
38 30
39 10
39 14
40 10
40 16
40 29
40 41
40 47
40 50
40 54
40 63
40 65
40 67
40 69
40 70
40 85
40 87
40 93
40 103
40 110
40 114
40 118
40 121
40 129
40 130
40 136
40 147
40 167
40 173
40 178
40 180
40 182
40 196
40 199
40 200
40 334
41 6
42 13
43 3
43 4
43 17
43 19
43 20
44 1
44 25
44 26
44 30
44 35
44 78
44 84
44 87
44 88
44 95
44 98
44 102
44 106
44 109
44 110
44 137
44 150
45 5
45 6
45 10
45 12
45 18
45 92
45 195
47 8
47 11
47 13
47 20
47 42
47 50
47 53
47 54
47 59
47 61
48 1
48 10
48 16
48 32
48 40
48 51
48 54
48 58
48 62
48 68
48 74
48 78
48 98
48 101
48 106
48 112
48 117
48 118
48 124
48 131
48 156
49 1
49 7
49 13
50 69
50 74
50 109
50 111
50 118
52 35
52 43
52 44
53 1
53 39
53 48
53 50
53 52
53 78
55 87
56 9
57 9
57 34
57 36
57 170
57 176
57 180
57 187
58 5
58 13
58 19
58 20
58 24
58 25
59 3
59 7
59 9
59 10
59 16
59 23
59 33
59 162
59 164
59 294
59 297
59 300
59 302
59 303
59 304
59 309
59 310
59 314
59 318
59 332
59 333
59 337
60 2
60 134
60 141
60 142
60 145
60 146
60 148
60 151
60 157
60 162
60 170
60 175
60 181
61 49
61 51
61 59
61 62
61 65
61 78
61 84
62 2
62 4
62 8
62 10
62 11
62 18
62 22
62 29
63 12
63 13
63 17
63 19
63 22
64 6
64 11
64 13
64 27
64 29
64 30
64 38
64 39
64 45
64 61
64 64
64 65
64 70
64 75
64 83
64 84
64 87
64 107
64 111
64 114
65 1
65 3
65 5
65 8
65 11
65 15
65 16
65 24
65 28
65 47
65 53
65 57
65 65
65 71
65 72
65 73
65 75
65 84
65 85
65 88
65 91
65 95
65 108
65 109
65 113
65 117
65 121
65 122
65 127
66 1
67 9
67 11
67 77
67 78
67 79
67 85
67 95
67 105
67 110
67 116
67 133
67 157
67 158
67 163
67 185
67 187
67 189
67 197
67 199
67 203
67 215
67 218
67 221
67 224
67 227
67 241
67 253
67 268
67 273
68 3
68 11
68 20
68 27
68 31
68 40
68 41
68 46
68 48
68 53
68 60
68 70
68 72
68 73
68 93
68 96
68 103
68 107
68 111
68 117
68 119
68 121
68 123
68 125
68 127
68 128
68 132
68 133
68 139
68 141
68 147
68 151
68 154
68 166
68 171
68 179
68 184
68 191
68 195
68 210
69 6
69 10
69 16
69 27
69 29
69 39
69 40
69 64
69 71
70 1
70 4
70 5
70 14
70 23
70 29
70 33
70 38
72 2
72 5
72 11
72 23
72 26
72 27
72 60
73 2
73 3
74 55
74 58
74 62
74 63
74 65
77 26
77 39
77 41
77 42
77 49
77 53
77 62
78 72
78 73
78 75
78 78
78 79
78 82
78 85
78 86
78 90
78 230
78 237
78 241
78 242
78 253
78 256
78 259
78 263
78 269
78 282
78 285
78 286
78 289
78 301
78 309
78 311
78 312
79 5
79 7
79 26
79 32
79 33
79 46
79 48
79 50
79 57
79 63
79 65
79 76
79 89
79 117
79 119
79 120
79 136
79 142
79 147
79 148
79 149
79 153
79 159
79 160
79 210
79 218
79 224
79 227
79 228
79 246
79 254
79 272
79 280
79 282
79 289
79 291
79 294
79 313
79 316
79 318
79 353
79 354
79 355
79 373
79 377
79 384
79 387
79 389
79 406
79 506
79 508
80 7
80 15
82 20
83 7
83 9
83 11
83 14
84 22
84 25
84 29
84 36
84 48
84 55
85 28
85 33
85 40
85 51
85 54
85 56
85 57
85 69
85 78
85 91
85 96
85 97
85 107
85 108
85 111
85 116
85 120
85 121
85 122
85 123
85 140
85 155
85 163
85 174
85 175
85 181
85 199
85 213
85 216
85 222
85 230
85 235
85 239
85 290
85 307
88 7
89 1
89 7
89 15
89 17
89 19
89 25
89 26
89 32
89 36
89 50
89 70
89 73
89 76
92 25
92 42
92 43
92 53
92 54
92 61
92 69
92 73
92 82
92 85
92 88
92 99
92 100
92 102
92 104
92 105
92 109
92 125
93 15
93 21
93 29
93 31
94 1
94 2
94 4
94 6
94 8
94 41
94 48
94 49
94 51
94 57
94 59
94 65
94 69
94 73
94 77
94 85
94 93
94 97
94 103
94 104
94 113
94 121
94 122
94 135
94 136
94 138
94 142
94 149
94 153
94 164
94 166
94 174
94 175
94 185
94 194
94 195
94 253
94 255
94 259
94 287
94 290
94 315
94 316
94 339
94 341
94 343
94 346
94 348
96 69
96 70
96 73
96 74
96 76
96 78
96 87
96 90
96 94
96 112
96 115
96 117
96 118
96 119
96 123
96 136
97 3
97 8
97 140
97 143
97 149
97 156
97 158
98 10
98 17
98 27
99 6
99 13
99 23
99 28
99 30
99 37
99 43
100 17
