1 76
1 88
1 90
1 91
1 92
1 94
2 8
2 15
2 20
2 25
2 26
2 95
2 101
2 102
2 104
3 87
3 89
3 101
3 104
3 107
3 118
4 13
4 15
4 25
5 7
5 8
5 11
5 16
5 23
5 24
5 25
5 27
5 37
5 43
5 46
5 60
5 66
5 81
5 83
5 88
5 135
5 136
5 139
5 142
5 144
5 145
5 147
5 158
5 159
6 10
6 19
6 25
6 26
6 36
9 56
9 57
9 69
9 71
9 74
9 75
9 85
9 89
9 91
9 94
9 95
10 7
10 12
10 20
10 35
11 29
11 31
11 112
11 115
12 8
12 20
12 23
12 25
12 28
12 29
12 32
12 36
12 40
12 64
12 72
12 104
12 105
12 109
12 110
12 120
12 123
12 124
12 125
12 130
12 132
12 135
12 136
12 141
12 143
12 145
13 14
13 15
13 44
13 48
14 8
18 54
18 60
18 137
18 144
18 146
18 156
18 157
18 161
18 171
18 172
19 1
20 1
20 4
20 9
20 15
20 21
20 22
21 6
21 14
21 22
21 37
22 61
22 62
22 72
22 73
22 74
23 111
23 113
23 115
23 116
23 124
23 125
23 130
23 132
23 134
23 143
23 145
23 147
23 178
23 190
23 191
23 193
23 194
23 209
23 216
23 219
23 229
24 8
24 15
24 22
24 35
25 43
25 55
25 56
25 61
25 64
25 67
25 78
25 81
25 84
25 88
25 90
25 93
25 112
25 121
25 122
25 123
25 126
25 132
25 135
26 5
26 8
26 10
26 18
26 20
26 28
26 29
26 36
26 39
26 41
26 48
26 50
26 57
26 79
26 81
26 85
26 89
26 96
27 1
27 3
27 140
27 155
27 156
27 162
27 169
27 173
28 2
28 77
28 78
28 80
28 81
28 82
28 83
28 87
28 88
28 108
28 115
28 119
28 132
28 135
28 140
28 141
28 144
28 145
28 146
28 149
28 153
29 8
29 17
29 25
29 38
29 40
29 44
29 45
29 59
29 63
29 77
29 85
29 86
29 92
29 94
29 96
29 105
29 121
29 123
29 124
29 138
29 139
29 147
29 151
29 152
29 161
29 176
29 181
29 182
29 194
29 196
30 6
30 9
30 12
30 13
30 21
30 36
30 40
30 59
30 61
30 63
30 74
30 75
30 76
30 80
30 83
30 88
30 90
30 91
30 97
30 103
30 107
30 111
30 240
30 246
30 256
30 267
30 269
30 276
30 279
30 312
30 323
30 329
31 4
31 5
31 6
31 13
31 15
31 17
31 19
31 23
31 97
31 105
31 109
31 119
31 123
31 128
31 131
31 135
31 137
31 145
31 148
31 155
31 156
31 163
31 167
32 4
33 111
33 112
33 119
33 126
33 137
33 188
33 191
33 208
33 209
33 220
33 227
33 230
33 237
33 251
33 254
34 8
34 16
34 18
34 24
34 25
34 27
34 46
34 47
34 51
34 55
34 68
34 70
34 71
34 74
34 83
35 5
35 15
35 16
35 22
35 24
35 29
35 33
36 15
36 17
36 25
36 28
36 30
36 40
36 42
36 43
36 65
36 68
36 75
36 79
36 81
37 3
37 11
37 16
37 22
37 23
37 40
37 47
37 48
37 59
37 62
37 68
37 69
37 71
37 90
37 100
37 121
37 123
37 127
37 129
37 139
38 17
38 28
38 32
38 33
38 34
38 41
38 46
38 62
38 64
38 90
38 94
38 108
39 98
39 99
39 103
39 104
39 117
39 125
39 127
39 132
39 134
39 135
39 141
39 147
39 155
39 158
40 2
40 3
40 12
40 16
40 20
40 27
40 42
40 43
40 60
40 63
40 64
40 65
40 66
40 67
40 70
40 74
40 75
40 78
40 81
40 92
40 97
40 104
40 119
40 122
40 125
40 135
40 136
40 145
40 171
40 175
40 177
40 187
40 193
41 17
41 19
41 35
41 42
41 55
45 19
45 33
45 37
45 41
46 16
46 24
46 25
46 43
47 5
47 10
47 11
47 21
47 25
48 4
48 13
48 14
49 8
49 14
49 21
49 22
49 40
49 47
49 71
49 80
49 83
49 89
49 178
49 194
49 199
49 201
49 203
49 205
49 208
49 215
49 224
49 225
49 235
49 236
49 238
50 4
51 1
51 13
51 24
51 38
51 46
51 47
51 49
51 62
51 80
51 83
51 89
52 9
52 12
52 13
52 14
52 27
52 28
52 31
52 33
52 44
52 46
52 52
52 64
52 65
52 69
53 8
53 9
53 10
54 9
54 10
54 11
54 20
54 22
54 27
54 28
54 30
54 34
54 35
54 37
55 1
55 8
57 39
57 43
57 44
57 46
57 50
57 55
57 79
57 83
57 84
57 86
57 89
57 93
57 94
57 95
57 96
57 126
57 132
57 136
57 137
57 156
57 177
57 180
57 189
57 190
57 196
57 212
57 224
57 233
57 296
57 300
57 304
57 305
57 306
57 307
57 309
57 311
57 321
57 329
57 333
57 334
57 340
57 345
58 43
58 46
58 48
58 50
58 60
58 64
58 65
58 78
60 47
60 55
60 58
60 68
60 80
60 145
60 174
60 175
60 198
60 199
60 328
61 8
61 10
61 14
61 15
62 3
62 12
63 116
63 119
63 121
63 125
63 155
63 162
63 168
63 175
63 177
63 180
63 181
63 185
63 193
64 12
64 14
64 16
64 20
64 21
64 28
64 32
64 41
64 44
64 45
64 47
64 49
64 53
64 54
64 65
64 71
64 80
64 126
64 132
64 134
64 148
64 153
64 158
64 159
64 172
65 8
65 11
65 20
65 29
65 31
65 38
65 41
65 58
66 80
66 82
66 88
66 92
66 97
66 101
66 103
66 125
66 144
66 145
66 147
66 149
66 159
66 173
67 2
67 4
67 15
67 16
67 23
67 25
67 34
67 39
67 43
67 55
67 56
67 57
67 60
67 61
67 63
67 66
67 75
67 80
67 81
67 97
67 98
67 99
67 110
67 126
67 129
68 8
68 12
68 15
68 22
68 38
68 42
69 4
69 5
69 13
69 22
69 23
69 26
69 28
69 31
69 33
69 36
69 44
69 89
69 90
69 97
69 102
69 109
69 116
69 117
69 125
69 127
69 131
69 139
69 140
69 142
69 151
69 157
69 173
69 183
69 187
69 193
69 196
69 199
69 205
69 213
69 220
69 225
70 94
70 96
71 1
71 8
72 4
72 8
72 14
72 21
72 28
72 29
72 159
72 160
72 161
72 170
72 182
72 193
72 200
72 201
72 224
72 225
72 229
75 50
77 2
77 8
77 21
77 26
77 29
77 35
77 101
77 109
78 6
78 10
78 17
79 1
79 17
79 18
79 34
79 40
79 41
79 42
79 45
79 52
79 69
79 79
79 84
79 86
81 6
81 61
81 70
81 73
81 75
82 15
82 37
82 39
83 1
83 5
84 3
84 4
84 24
84 26
84 28
84 44
84 53
84 63
85 70
85 72
85 79
85 80
85 81
85 83
85 84
85 87
85 92
86 11
86 13
86 20
86 22
86 25
86 27
86 28
86 34
86 35
86 43
87 61
87 63
87 69
87 70
87 72
87 74
87 75
87 80
87 85
87 87
87 88
87 98
87 99
87 111
87 116
87 123
87 137
87 143
87 145
87 151
87 154
87 170
87 173
87 210
88 24
88 35
88 46
88 48
88 69
88 70
88 76
88 86
88 87
88 89
88 110
90 129
90 138
90 154
90 158
90 263
90 281
90 294
90 295
90 320
90 330
90 333
91 4
91 5
91 7
91 14
91 24
91 25
91 28
91 34
91 35
92 25
92 35
92 41
92 54
92 61
92 63
92 75
92 79
92 94
92 110
92 112
92 154
92 156
94 85
94 87
94 94
94 113
94 116
94 117
94 121
94 139
94 146
94 147
94 150
94 151
94 156
94 158
94 163
95 9
96 19
96 23
96 24
96 39
96 41
96 42
96 44
96 45
97 8
97 12
97 14
97 23
97 25
97 29
