1 15
1 20
1 24
1 25
1 29
2 2
2 13
2 15
2 20
5 17
5 18
6 5
6 7
6 15
6 17
6 50
6 52
6 56
6 65
6 71
6 77
6 80
6 82
6 86
6 91
8 20
8 25
8 27
8 28
8 33
8 36
8 41
8 44
8 45
8 54
12 6
12 7
14 38
16 10
16 19
16 22
17 3
17 11
17 12
18 4
18 9
18 13
18 32
18 42
18 53
18 59
19 2
19 4
19 7
20 9
20 14
24 18
26 14
27 25
27 27
27 31
27 35
27 37
27 44
27 45
28 127
29 4
29 10
29 19
29 25
29 36
29 37
29 38
29 42
29 50
29 52
30 1
30 15
30 18
30 31
30 34
30 53
30 57
30 61
30 69
30 73
30 79
30 87
30 88
30 89
30 92
30 94
30 102
30 108
30 112
30 117
30 118
30 120
31 12
31 19
31 21
31 24
31 25
31 26
31 29
31 43
31 44
31 54
31 55
31 59
34 20
34 22
35 16
35 41
36 12
36 15
36 30
37 24
37 29
37 39
37 40
37 41
37 45
37 63
37 112
37 129
37 133
37 134
37 137
37 138
37 142
37 151
39 114
39 120
39 125
39 128
39 132
39 133
39 134
40 9
40 11
40 38
40 42
40 50
40 70
40 74
40 75
40 82
40 86
40 90
40 92
40 102
42 38
42 52
43 40
43 48
43 60
43 62
43 68
43 76
43 78
43 90
43 97
43 100
43 112
43 127
43 128
43 132
43 264
43 265
44 3
46 25
46 37
46 42
46 54
46 56
47 1
47 2
47 7
47 10
47 20
47 31
47 41
47 43
47 54
47 55
47 56
48 119
48 124
48 128
48 130
48 131
48 144
48 145
48 148
50 35
50 41
50 42
50 44
50 48
51 2
51 21
51 23
51 26
51 27
51 35
51 166
51 177
51 182
51 201
52 13
52 15
52 23
53 52
53 53
55 9
55 20
55 29
55 32
55 33
55 36
55 38
55 39
55 45
55 50
55 73
55 86
55 91
55 99
55 114
55 117
55 121
55 128
56 2
56 3
56 12
56 13
56 18
56 20
56 45
56 51
56 56
56 57
56 58
56 69
56 73
56 75
56 77
56 84
56 88
56 95
56 99
56 103
56 105
57 2
57 5
57 6
57 10
58 1
59 5
59 9
59 11
59 20
60 4
60 12
61 5
61 6
61 8
61 10
62 50
62 51
62 52
62 54
62 69
62 71
64 27
64 33
64 40
64 42
64 45
64 64
64 66
64 67
64 72
65 6
65 17
65 22
65 26
65 140
65 148
65 150
65 157
65 161
65 162
65 167
65 173
65 194
65 196
65 206
65 207
65 211
65 217
65 228
65 238
65 239
65 243
65 244
65 247
65 256
65 262
65 265
65 269
65 287
65 297
65 310
65 327
65 328
66 22
66 45
66 46
66 47
67 109
67 111
67 130
67 131
67 142
67 158
67 159
67 160
67 180
67 184
67 188
67 208
67 213
67 219
67 220
67 222
67 223
67 228
67 233
67 246
67 249
67 255
67 265
67 304
67 305
67 312
67 327
67 332
67 335
67 343
67 346
67 347
67 355
67 362
67 365
67 370
67 376
67 378
67 383
67 387
67 388
67 394
67 405
67 428
67 429
68 74
68 80
68 82
68 92
68 94
68 139
69 6
69 12
69 14
69 17
69 18
71 5
71 7
71 33
71 34
71 38
71 39
71 41
71 43
71 44
71 46
71 63
71 104
71 150
71 159
71 168
71 169
71 173
72 22
72 27
73 3
73 5
73 13
73 16
73 21
73 26
73 41
73 48
74 77
76 10
76 12
76 14
76 15
77 124
77 127
77 175
77 188
77 201
77 207
77 211
77 214
77 218
78 14
78 21
78 39
78 40
78 49
78 53
80 71
80 74
80 85
80 86
80 88
80 93
80 115
80 133
80 135
80 137
80 138
80 146
80 149
80 151
80 152
80 170
80 178
80 212
80 214
80 215
80 217
80 222
80 241
80 250
80 257
80 271
80 282
80 283
80 286
80 299
81 80
81 84
81 85
84 76
84 77
84 85
84 100
84 111
84 113
84 125
84 132
84 136
84 139
84 141
85 8
85 10
85 11
85 12
85 14
85 17
85 24
85 28
85 29
85 31
85 35
85 39
85 47
85 52
85 66
85 68
85 69
85 72
85 83
85 85
85 96
86 44
86 48
86 49
86 50
86 51
86 58
86 62
86 71
86 72
86 76
86 78
86 81
86 96
86 117
87 1
87 3
87 9
88 3
89 43
89 44
89 118
89 124
91 72
91 73
91 87
91 88
91 90
91 95
91 96
91 100
91 104
91 115
91 117
91 126
91 128
91 133
91 137
91 142
91 145
91 148
91 195
91 196
91 209
91 210
91 211
91 214
92 9
92 14
92 16
92 21
92 29
92 43
92 44
92 75
92 90
92 94
92 97
92 99
92 107
92 120
92 126
92 128
92 132
92 134
92 136
92 143
92 155
92 156
93 1
93 9
93 13
93 19
93 26
93 28
93 33
93 34
93 40
93 51
93 56
93 59
93 67
93 72
93 201
94 7
94 15
94 20
95 22
96 3
96 18
96 27
96 28
96 63
96 65
97 1
97 9
98 7
98 9
98 12
99 17
99 33
99 47
99 48
99 51
99 60
99 62
99 65
99 67
99 69
99 73
99 81
99 82
99 93
99 96
99 101
99 104
99 117
99 127
99 128
99 130
99 131
99 132
99 143
99 145
99 146
99 151
99 159
99 161
101 68
101 88
101 89
101 95
101 106
101 108
101 109
101 110
101 113
101 117
101 118
101 120
101 126
102 41
102 46
102 56
102 62
102 71
102 72
102 74
102 78
102 81
102 84
102 95
102 98
102 115
102 117
102 134
102 162
102 167
102 169
102 177
102 183
102 185
102 186
102 190
102 193
102 202
102 205
102 208
102 210
102 211
102 223
102 229
102 235
102 251
105 12
105 16
105 27
105 29
105 33
105 34
105 41
105 50
105 53
105 57
105 67
105 74
105 87
105 115
105 117
105 129
105 133
105 136
105 147
105 151
105 154
105 159
105 160
105 164
105 165
105 167
105 169
105 174
105 175
105 180
105 182
105 186
105 191
105 198
105 201
105 202
105 206
107 3
107 9
107 10
107 24
107 26
107 29
107 34
108 7
108 9
108 12
108 69
108 138
108 139
108 144
108 164
108 169
108 173
108 174
108 176
108 184
108 192
108 207
108 211
108 215
109 17
109 23
109 24
109 26
109 27
109 31
109 50
109 53
109 55
109 85
109 86
109 87
109 93
109 95
110 2
110 12
110 13
110 35
110 43
111 127
112 6
112 7
112 11
112 14
112 15
112 29
113 6
113 8
114 13
114 15
114 33
115 2
115 4
115 5
115 9
116 2
117 6
117 13
117 15
117 16
117 19
117 40
117 41
117 50
117 51
117 65
117 73
117 78
117 80
117 82
117 84
117 86
117 88
117 91
118 5
118 6
118 17
118 24
118 33
118 36
118 39
118 47
118 66
118 77
118 78
118 80
118 84
118 88
118 90
118 92
118 94
118 97
118 100
118 102
118 115
118 124
118 127
118 131
118 135
118 136
118 150
118 151
118 153
118 161
118 168
118 173
118 174
118 175
118 182
118 183
118 191
118 193
118 196
119 8
119 14
119 15
119 30
119 36
119 43
119 47
119 65
119 81
119 82
119 84
119 88
119 90
119 101
119 107
120 10
120 58
