1 1
1 4
1 10
1 31
1 35
1 37
1 43
2 6
2 8
2 22
2 29
2 35
2 36
2 40
3 10
3 19
3 29
3 31
3 35
3 38
3 39
3 41
3 47
3 49
3 50
3 53
3 61
3 67
3 92
3 102
3 103
3 113
3 114
3 116
3 119
3 124
3 128
3 132
3 135
3 136
3 140
3 143
3 146
3 150
3 155
3 156
3 157
3 162
3 166
3 175
3 181
3 191
3 192
3 205
3 214
4 2
4 9
4 14
4 15
4 17
4 20
4 31
5 11
5 13
5 14
5 19
5 24
5 35
5 38
5 40
5 43
5 45
5 63
6 1
6 6
6 8
6 18
6 29
6 34
6 40
7 44
7 47
7 48
7 56
7 58
7 108
7 138
7 140
7 151
7 157
7 173
7 174
7 184
9 81
9 83
9 85
9 90
9 99
9 107
9 109
9 110
9 114
9 116
9 118
9 120
9 122
9 128
9 131
9 138
9 139
9 140
9 144
10 9
10 18
10 20
10 29
10 37
10 38
11 6
11 7
11 13
11 19
11 25
11 31
11 42
11 49
11 50
11 53
11 56
11 73
12 80
12 89
12 98
12 106
12 107
12 118
12 120
12 122
12 138
12 141
12 149
12 150
12 151
12 163
12 168
12 173
12 182
12 184
12 189
12 192
12 200
12 202
12 204
12 206
13 11
13 16
14 2
14 13
14 22
14 44
14 48
14 51
14 57
14 64
15 2
15 6
15 7
15 24
15 27
15 34
15 37
15 39
15 88
15 92
15 94
15 99
15 120
15 128
15 134
15 135
15 139
15 142
15 148
15 151
15 181
15 186
15 189
15 190
15 207
15 210
15 211
15 215
15 216
15 221
15 226
15 229
15 232
15 235
15 237
16 2
16 17
16 26
16 31
16 39
17 1
17 7
17 12
17 13
17 14
17 17
17 22
17 24
17 28
17 29
17 35
17 42
17 74
17 81
18 29
18 34
18 35
18 39
18 45
18 133
18 144
18 147
18 160
18 163
18 164
18 171
18 172
18 173
18 181
18 184
18 185
18 189
18 194
18 197
19 14
19 15
20 1
20 2
20 5
20 9
20 79
20 83
20 84
20 85
20 97
20 98
20 109
20 111
20 116
20 134
20 138
20 153
20 165
20 196
21 99
21 116
21 117
21 118
21 119
21 120
21 122
21 126
21 131
21 132
21 139
21 141
21 147
21 149
21 169
21 188
21 191
21 194
21 195
23 17
23 26
25 25
26 25
27 1
28 7
28 8
28 14
28 21
28 29
28 136
28 137
28 145
28 155
28 161
29 4
29 6
29 7
29 13
29 24
29 31
29 43
29 49
29 53
29 55
29 56
29 60
29 61
29 69
29 79
29 92
29 99
29 102
29 109
29 112
29 114
29 115
29 124
30 20
30 25
30 161
30 167
30 180
30 181
30 189
31 5
31 11
31 13
31 15
31 31
31 32
31 34
31 35
31 37
31 43
31 45
31 47
31 50
31 54
31 68
31 70
31 71
31 82
31 88
31 90
31 196
31 206
31 211
31 217
31 232
31 233
31 241
31 256
31 261
31 262
31 268
31 272
31 275
31 286
31 300
31 302
31 313
31 317
31 319
31 330
31 331
33 64
34 2
34 10
34 11
34 142
34 148
34 149
34 156
34 164
34 168
34 186
34 193
34 199
34 201
34 210
34 214
34 236
34 249
34 258
34 263
34 265
35 68
35 73
35 77
35 82
35 85
35 94
36 2
36 7
36 9
36 18
38 26
38 29
38 33
38 43
38 54
38 60
38 65
38 80
38 84
38 88
38 90
38 91
38 92
38 230
38 259
38 260
38 262
38 272
40 10
40 21
40 30
40 44
40 51
40 54
40 118
40 122
40 123
40 126
40 133
40 142
40 151
40 154
40 155
40 159
40 170
40 172
42 29
42 32
42 51
42 54
42 62
42 68
49 5
49 11
49 19
49 22
49 26
49 28
49 31
49 36
49 41
49 43
49 47
49 52
49 59
49 83
49 94
49 95
49 97
49 101
49 103
49 110
49 115
49 128
50 4
50 39
50 44
50 46
51 2
51 3
51 4
51 8
51 9
51 12
51 13
51 17
51 25
51 30
51 31
51 32
51 41
52 1
52 11
52 13
52 14
52 15
52 21
52 32
52 33
52 38
52 39
52 41
52 55
52 59
52 68
52 75
52 82
52 86
52 89
52 95
52 105
52 107
52 109
52 110
52 177
52 185
52 196
52 202
53 6
53 13
53 28
53 29
53 33
53 39
53 87
53 88
53 91
53 93
53 98
53 100
53 101
55 31
56 9
56 10
56 20
57 7
57 10
57 18
57 20
57 25
57 42
58 35
58 39
58 48
58 52
58 57
58 67
59 3
59 4
59 11
59 12
59 13
59 18
59 24
59 38
59 41
60 4
60 5
60 19
60 31
60 37
60 43
60 55
60 57
60 58
61 2
61 4
61 7
61 56
61 59
61 61
61 69
61 70
62 1
62 16
62 17
62 23
62 24
62 28
62 29
63 23
63 26
63 67
63 74
63 79
63 85
63 90
64 12
64 14
64 27
66 9
69 49
69 55
69 63
69 79
69 81
70 6
70 18
70 22
70 25
70 29
70 40
71 6
71 24
71 27
71 44
71 50
72 20
72 25
72 28
72 36
72 38
72 40
72 42
73 3
73 5
73 6
73 15
73 21
73 26
73 28
73 32
73 33
73 39
73 40
73 42
73 44
73 46
73 49
73 108
74 1
74 2
74 14
74 18
74 22
74 25
74 29
74 30
74 36
74 51
74 55
74 68
74 96
74 101
74 117
74 121
74 122
75 1
75 4
76 4
76 9
76 11
76 13
76 15
76 19
77 5
78 6
79 32
80 6
80 28
80 34
80 37
80 41
80 42
80 52
80 54
80 56
80 64
80 68
80 74
81 1
82 3
82 7
82 11
82 12
82 23
82 30
82 37
82 40
82 42
82 43
82 51
82 74
82 76
82 83
82 98
82 132
82 134
82 137
82 139
82 142
83 54
83 56
83 62
83 70
83 77
83 97
83 125
83 127
83 135
83 137
83 139
84 1
84 6
84 7
84 12
84 18
85 1
85 3
85 13
85 27
86 10
86 16
86 20
86 30
86 31
86 33
87 11
87 14
89 17
89 147
89 156
89 160
89 161
89 164
90 4
90 5
90 8
90 18
90 30
90 49
90 50
90 57
90 58
90 66
91 54
91 61
91 72
91 73
91 80
92 56
92 58
92 74
92 75
92 78
92 83
92 85
92 87
93 5
93 6
93 7
93 11
93 23
93 25
93 26
93 29
93 31
93 36
93 40
93 51
93 61
93 62
93 71
93 75
93 78
93 92
93 94
95 47
95 53
95 58
95 67
95 136
95 140
95 143
95 147
95 148
95 149
95 152
95 153
95 155
95 163
95 170
95 171
95 177
95 182
95 184
95 188
95 192
95 195
95 196
95 208
95 216
96 5
96 7
96 14
97 2
97 8
97 12
97 23
97 32
97 165
97 184
97 193
99 44
99 50
99 182
101 2
101 12
101 14
101 26
101 32
101 44
101 45
101 48
101 55
101 68
101 69
101 73
101 79
101 81
101 103
101 109
102 24
102 26
103 3
103 4
103 5
103 7
103 10
103 18
103 24
103 25
103 40
103 43
103 45
103 51
103 60
103 66
103 73
104 4
105 1
105 12
105 25
105 28
