1 2
1 3
1 6
1 7
4 45
4 50
4 60
4 63
4 66
4 73
4 79
6 10
8 68
8 81
8 83
8 87
10 57
10 61
10 64
10 68
10 71
10 72
10 84
10 88
10 100
10 101
10 103
10 111
10 114
11 2
11 5
11 14
11 22
12 30
12 31
12 39
12 40
12 44
13 8
13 12
13 17
13 30
13 31
13 35
13 45
13 49
13 51
13 53
13 58
13 61
13 72
13 76
13 77
13 78
13 80
13 90
14 64
15 10
15 47
15 50
15 51
15 129
15 133
15 134
15 142
15 157
16 2
16 9
16 11
16 12
16 24
16 28
16 39
16 46
17 97
17 103
17 104
17 108
17 112
17 114
17 117
17 124
17 127
17 129
17 142
17 144
17 151
17 152
17 156
17 162
17 163
17 165
17 166
17 171
17 183
17 185
17 187
17 190
17 218
17 224
17 226
17 228
17 235
17 244
17 248
17 254
18 5
18 13
18 14
19 3
20 2
20 11
20 17
20 18
20 22
20 42
20 47
21 54
21 69
21 78
21 80
21 86
21 88
21 89
21 95
21 96
21 99
21 100
21 101
21 110
21 111
21 119
21 138
21 139
22 7
22 37
22 41
22 48
22 61
22 67
22 70
22 78
22 82
22 99
22 102
22 103
22 105
22 108
22 110
22 119
22 125
22 131
22 135
22 140
22 145
22 149
22 151
22 158
22 164
24 19
24 25
24 28
24 36
24 37
24 39
24 50
24 53
24 54
24 57
25 6
25 8
25 26
25 36
25 42
25 47
25 59
25 63
25 68
25 70
25 77
25 80
25 81
25 82
25 86
25 90
25 94
25 101
25 102
25 105
28 21
29 12
29 13
29 14
29 22
29 48
30 7
30 8
30 12
30 13
30 19
30 25
30 26
30 29
30 35
31 12
31 16
31 18
31 24
31 33
31 41
31 42
31 44
31 49
31 51
31 54
31 56
31 57
31 71
31 94
31 100
31 114
31 119
31 125
31 127
31 129
31 138
31 139
31 143
31 171
31 191
31 192
31 193
31 198
31 205
31 207
31 209
31 215
32 6
33 1
33 3
33 5
34 1
34 15
34 18
34 19
34 22
34 23
34 38
34 48
34 51
35 2
35 5
35 8
35 10
35 34
35 37
35 38
35 53
35 54
35 62
35 64
35 74
35 75
35 89
35 92
35 106
35 107
35 112
35 121
35 122
35 123
35 129
35 132
35 136
35 138
35 140
35 141
35 143
35 145
35 150
35 160
35 163
35 165
35 168
35 173
35 176
36 17
36 37
36 38
36 49
37 14
38 2
38 6
38 9
38 20
39 11
39 12
39 27
39 28
39 35
39 39
39 48
39 57
39 59
39 61
39 64
39 82
39 86
39 90
39 94
39 101
39 116
39 133
39 157
39 162
39 163
39 166
42 14
42 15
42 18
42 21
42 25
42 39
44 63
44 65
44 69
44 70
44 84
44 85
44 87
44 92
45 52
45 54
45 59
45 70
45 79
45 86
45 88
45 101
45 126
45 131
45 132
47 30
47 32
47 35
47 47
47 51
47 59
47 60
47 65
47 66
47 71
47 73
47 79
47 82
47 88
48 15
48 18
48 20
48 23
48 34
48 40
48 56
48 68
48 72
48 81
48 89
48 96
48 104
48 114
48 118
48 119
50 25
50 27
50 30
50 31
50 41
50 46
50 54
50 63
50 68
50 218
50 223
50 255
50 256
50 261
50 267
50 272
51 1
51 10
51 18
51 21
51 22
51 27
51 29
51 31
51 33
51 45
52 4
52 5
52 7
53 5
53 7
53 13
53 19
53 29
53 37
54 89
54 90
55 75
55 76
56 7
56 9
59 4
59 12
59 16
59 19
59 23
59 24
59 34
61 1
61 10
61 11
61 16
61 18
61 21
61 25
61 32
61 37
61 42
61 45
61 49
63 8
63 30
63 35
63 37
64 1
64 8
64 11
64 20
64 23
64 24
64 25
64 28
64 41
64 47
64 48
64 53
64 66
64 67
64 72
64 76
64 79
64 87
64 103
65 15
65 16
65 19
65 22
65 26
65 27
66 6
66 15
66 27
66 28
66 36
67 9
67 41
67 42
67 48
67 61
67 74
69 53
69 55
69 61
69 72
69 76
69 205
69 214
69 223
69 241
69 254
69 259
69 274
69 285
70 10
70 17
70 19
70 21
70 27
70 29
70 31
70 32
70 38
70 39
70 43
70 45
70 49
70 52
70 55
70 129
70 136
70 143
70 146
70 151
70 167
70 169
70 170
70 177
70 184
71 1
71 6
72 13
72 24
72 41
72 51
72 53
72 57
72 70
72 80
73 12
73 13
73 15
74 2
74 6
74 7
74 11
74 12
74 18
74 19
74 21
75 2
75 48
75 49
75 56
75 57
76 20
76 30
76 32
76 98
76 104
76 105
76 117
76 119
76 128
76 133
76 143
76 144
76 159
76 160
76 167
76 179
76 183
76 184
76 188
76 194
76 202
76 211
76 212
76 219
76 222
76 235
76 247
76 248
77 3
78 1
78 7
78 11
78 16
81 59
81 63
81 69
81 72
81 91
81 94
81 96
81 100
81 218
81 220
81 224
81 231
81 235
82 6
84 36
84 57
84 68
84 69
84 96
84 110
86 74
86 75
86 80
86 82
86 91
86 94
86 95
86 97
86 103
86 114
86 119
86 125
86 268
86 271
86 275
86 281
86 282
86 289
86 293
86 300
86 302
86 305
86 313
86 320
86 323
86 325
86 326
86 350
86 354
86 355
86 360
86 368
86 383
86 391
86 392
88 10
88 15
88 29
88 32
88 34
88 51
88 57
88 64
88 82
88 86
88 90
88 91
88 92
88 94
88 100
88 105
88 110
88 112
88 115
88 117
88 118
88 122
88 130
88 136
88 139
89 28
89 31
89 32
89 37
89 39
89 51
89 66
89 67
89 74
89 78
89 83
91 102
91 105
91 106
91 110
91 114
91 115
91 137
91 142
91 146
91 149
92 29
92 30
92 40
92 46
92 50
92 51
92 58
92 71
92 77
92 85
92 86
92 91
92 92
92 93
92 95
92 98
92 232
92 236
92 237
92 245
92 246
92 250
92 252
92 253
92 259
93 3
93 10
93 11
93 15
93 17
93 119
93 156
93 158
93 164
93 168
93 175
93 187
93 190
93 192
93 196
93 198
93 212
93 233
93 240
93 241
93 243
93 246
93 247
94 1
94 2
94 18
94 19
94 21
94 22
94 26
94 33
94 55
94 59
94 61
94 81
94 85
94 90
94 98
94 106
94 110
94 120
94 124
94 128
94 131
94 137
94 138
94 140
94 146
94 147
94 153
94 154
94 155
94 156
94 166
94 180
94 183
94 191
94 199
94 202
94 210
94 211
94 218
94 220
94 221
94 244
94 246
94 249
94 255
94 268
95 1
95 5
95 53
95 59
95 60
95 67
95 73
96 2
96 17
96 21
96 24
96 26
96 31
96 36
96 37
96 41
96 177
96 187
96 188
96 192
96 205
98 63
98 87
98 89
98 91
98 97
98 98
98 113
98 122
98 124
98 133
99 12
99 16
99 29
100 2
100 10
100 16
100 24
100 25
100 29
100 32
100 43
100 44
100 45
100 58
100 59
100 61
100 69
100 70
100 73
101 6
101 10
101 13
101 15
101 16
101 18
101 21
101 23
101 32
101 36
101 46
101 63
101 66
101 83
101 85
101 94
101 95
101 101
101 102
101 104
101 108
101 110
101 116
101 117
101 122
101 134
101 141
101 271
101 278
101 285
101 291
101 294
101 297
101 301
101 305
101 310
101 320
101 321
101 322
101 327
101 329
101 332
101 338
101 339
101 347
101 357
101 364
101 365
101 370
101 380
101 383
101 401
101 404
101 406
101 408
101 409
101 422
101 426
101 429
101 430
101 431
101 432
101 440
101 442
101 456
101 457
101 461
101 464
101 469
101 474
101 482
101 491
101 492
101 499
101 503
102 7
102 12
102 13
102 27
102 32
102 51
102 101
102 107
103 102
