1 1
1 3
1 8
1 14
1 15
1 22
1 23
1 28
1 35
1 45
1 46
1 66
1 71
1 77
1 78
2 1
2 3
2 7
2 11
3 5
3 9
3 14
3 18
3 19
3 33
3 37
3 39
3 48
4 8
4 9
4 16
4 18
4 30
4 33
4 36
4 41
4 42
4 43
4 53
4 55
4 57
4 58
4 60
4 71
4 74
5 41
5 55
5 58
5 59
5 64
9 25
9 27
9 28
9 48
9 49
10 4
10 5
12 132
12 133
12 135
12 147
13 7
14 14
17 66
17 67
17 68
17 71
17 72
22 19
22 24
22 37
22 39
22 44
22 57
22 60
22 72
22 79
22 86
22 88
23 8
23 35
23 117
23 129
23 132
23 228
23 231
23 235
23 237
23 242
23 246
23 247
23 248
23 264
26 57
26 58
29 56
29 57
31 13
31 22
31 28
31 29
31 36
31 38
33 37
34 1
34 2
34 8
34 14
34 21
34 23
34 49
34 60
34 61
34 72
34 77
34 83
34 88
34 93
34 163
34 167
34 168
35 3
35 7
35 9
35 12
35 30
35 37
35 70
35 75
35 85
35 89
35 101
35 102
35 107
35 109
35 113
35 126
35 127
35 146
35 154
35 163
35 167
35 176
35 184
35 186
35 188
35 199
35 200
35 203
35 213
35 217
35 224
35 226
35 232
35 247
35 252
35 253
36 3
36 31
36 32
36 42
36 43
36 44
36 52
36 59
36 60
36 63
37 2
37 4
37 15
37 84
37 103
37 104
37 107
39 43
39 48
39 50
39 52
39 54
39 57
39 58
39 69
39 76
39 91
39 94
39 96
40 26
40 34
40 36
40 44
40 45
40 46
40 49
40 52
40 55
40 56
40 64
40 74
40 78
40 83
40 84
40 86
40 87
40 89
40 97
40 98
40 105
40 110
40 120
40 122
40 124
40 127
40 162
40 167
40 170
40 171
40 179
41 9
41 10
41 14
41 18
41 20
41 51
41 52
41 55
41 61
41 63
41 85
41 89
41 94
41 98
42 1
42 7
42 8
42 17
42 22
42 24
42 35
42 52
42 85
42 88
42 92
42 98
42 104
42 106
42 111
42 120
42 127
43 2
44 52
44 59
44 68
44 69
44 70
44 73
44 84
44 86
44 93
44 94
44 104
44 116
44 129
44 131
44 132
46 4
49 35
49 44
49 47
49 48
49 53
49 54
49 62
49 69
49 74
49 75
49 80
49 82
50 4
51 7
51 9
51 10
51 14
51 20
51 28
51 43
51 44
51 46
51 48
51 50
51 67
52 2
52 4
53 14
53 15
53 24
53 40
53 48
53 54
53 61
53 70
53 73
54 7
54 10
54 15
54 17
54 19
54 23
54 27
54 30
54 38
54 39
54 49
54 66
54 72
54 77
54 218
54 219
54 221
54 234
54 235
54 243
54 246
54 253
55 3
55 8
56 103
56 107
57 127
57 136
58 4
58 6
58 7
58 10
58 11
58 12
58 16
58 17
58 19
58 21
58 25
58 26
58 32
61 2
61 10
61 18
61 19
61 20
61 24
61 37
61 39
61 46
61 51
61 61
61 64
61 67
61 70
61 71
61 116
61 119
61 122
61 162
61 166
61 167
61 169
61 170
61 185
61 188
61 189
61 217
61 218
61 224
61 228
61 229
61 361
61 366
61 371
62 5
62 9
62 11
62 15
62 16
62 18
62 28
62 31
62 32
62 37
63 81
63 83
63 90
63 94
63 96
63 99
63 108
63 116
63 148
63 150
63 152
63 161
63 163
64 14
64 39
64 40
64 58
64 60
64 61
64 63
64 66
64 67
64 74
64 90
64 98
64 101
64 108
64 109
64 112
64 188
64 189
64 199
64 202
64 206
64 212
64 227
64 233
64 260
64 266
64 268
64 278
64 280
64 283
64 284
64 292
64 332
64 335
65 4
65 18
65 24
65 35
65 48
65 62
66 18
66 23
67 5
67 11
67 12
67 19
67 32
67 34
67 39
67 41
67 47
67 52
67 53
67 56
67 61
67 62
67 69
67 72
67 91
67 93
67 97
67 99
67 108
67 113
68 88
69 3
69 5
69 9
69 37
69 38
69 53
69 56
69 62
69 64
69 73
69 76
69 84
69 91
69 93
69 112
69 113
69 117
69 121
69 131
69 141
69 146
69 151
69 154
69 158
69 166
69 168
69 179
70 99
70 103
70 107
70 108
70 109
71 8
71 11
71 92
71 95
71 96
71 101
71 105
71 108
71 109
71 112
71 114
71 119
71 126
71 130
71 159
71 162
73 5
73 6
73 10
73 17
73 19
73 23
73 24
73 35
73 43
73 48
73 50
73 57
73 66
73 72
73 77
73 84
73 88
73 91
73 95
73 100
73 101
73 106
73 107
73 125
73 127
73 130
73 132
73 142
73 160
73 168
73 261
73 281
73 284
73 300
73 302
73 303
73 322
73 330
73 332
73 336
73 342
73 345
73 358
73 359
73 367
73 368
73 370
73 374
73 375
73 379
73 382
73 383
73 400
73 472
73 474
73 476
73 490
74 8
74 12
74 13
74 14
74 17
74 34
74 36
74 39
74 44
74 95
74 101
74 130
74 255
74 256
74 257
74 261
74 268
74 277
74 278
74 280
75 8
75 11
75 16
75 121
75 130
78 67
78 73
78 88
78 93
78 97
78 99
79 21
79 22
79 29
79 30
79 33
79 48
79 79
80 6
80 27
81 10
83 88
83 89
83 91
83 100
83 101
83 109
83 124
84 28
84 30
84 32
84 38
84 40
84 44
84 51
84 52
84 66
84 77
84 79
84 80
84 90
84 92
84 104
84 109
84 119
84 125
84 136
84 141
84 145
84 162
84 247
84 250
84 265
84 267
84 268
84 270
84 271
84 277
84 278
84 286
84 294
84 302
84 304
84 306
84 308
87 51
87 61
87 64
87 68
87 70
87 78
87 85
87 90
87 92
87 94
87 96
87 108
88 5
88 10
88 16
88 17
88 23
88 25
88 29
88 37
88 40
88 44
88 48
88 65
89 12
89 16
89 19
89 22
89 23
89 77
89 90
89 92
91 50
91 52
91 53
94 5
94 8
94 15
94 21
94 28
94 30
94 35
94 50
94 60
94 64
94 66
94 68
94 71
94 73
94 74
94 76
94 88
94 91
95 7
95 13
95 14
95 18
95 23
95 29
95 36
95 38
95 40
95 57
95 61
96 8
96 30
96 36
96 39
96 41
96 46
96 49
96 60
96 66
96 74
96 79
96 80
96 81
96 84
96 86
96 99
96 101
97 22
97 24
97 27
97 33
97 41
97 44
97 45
97 56
97 58
98 3
99 4
99 16
99 24
99 26
99 39
99 50
100 25
100 27
100 28
100 30
100 32
100 175
100 176
100 186
100 189
100 205
100 259
100 264
100 279
100 280
101 4
101 15
101 35
101 39
102 101
102 106
102 109
103 17
103 24
103 32
104 1
104 5
104 8
104 13
104 20
105 9
105 21
105 22
105 28
106 77
106 78
106 87
106 91
106 93
106 107
106 114
106 121
106 127
106 141
106 145
106 160
106 161
106 163
106 165
106 166
106 170
106 302
106 303
106 304
106 305
106 314
106 330
106 336
106 340
106 359
106 370
107 60
107 63
107 64
107 74
107 75
107 76
107 80
107 85
107 87
107 97
107 99
107 100
