1 27
1 32
1 39
1 40
1 48
1 60
1 61
1 63
1 67
2 5
2 7
2 107
2 114
2 117
3 1
3 4
3 6
3 8
3 12
5 64
5 65
5 71
5 86
5 89
5 90
6 2
6 7
6 10
6 15
6 20
6 21
6 33
6 56
6 70
6 72
6 75
6 82
6 83
6 87
6 102
6 103
7 72
7 76
7 78
7 82
7 214
7 216
7 219
7 225
7 226
7 230
7 235
10 44
11 3
11 8
11 9
11 11
11 17
11 38
11 40
11 48
11 49
12 30
12 41
12 43
12 46
12 50
12 53
13 9
14 12
15 10
15 19
15 20
15 22
15 23
15 25
15 38
15 59
19 13
19 16
19 18
19 19
19 25
19 33
20 1
20 3
20 5
20 19
20 21
20 34
21 4
21 11
21 15
21 18
21 28
21 34
21 35
21 37
23 18
24 3
24 10
24 17
26 62
26 69
26 72
26 75
26 98
26 99
26 175
26 177
26 182
26 199
26 207
26 209
26 219
26 223
26 229
26 237
26 251
26 258
26 261
26 269
26 274
26 278
27 4
27 13
27 15
27 17
27 24
27 38
27 40
28 27
28 44
28 46
28 47
28 50
28 53
28 54
29 6
29 7
29 15
29 37
29 43
29 46
29 57
29 104
29 111
29 119
29 139
29 142
29 149
30 34
30 40
30 45
30 58
30 61
30 76
30 77
30 78
30 80
30 85
30 94
30 96
30 97
30 99
30 187
31 2
31 3
31 7
31 20
31 35
31 36
31 42
31 46
31 48
31 50
33 16
33 23
33 32
33 35
33 46
33 48
33 50
33 51
33 53
33 59
33 60
33 61
33 71
33 73
34 29
34 30
34 41
34 42
34 44
34 50
34 52
34 89
34 98
34 103
34 110
34 125
35 24
35 47
35 49
35 52
35 56
35 57
35 58
35 59
36 3
36 9
36 17
36 19
36 22
36 23
36 26
36 28
36 33
36 35
36 41
36 54
36 58
36 59
36 68
36 72
36 73
36 79
36 80
36 99
37 1
38 22
38 31
38 33
38 127
38 130
38 134
38 135
38 143
38 146
38 149
38 156
38 166
38 171
38 173
38 175
38 177
38 178
38 183
38 184
38 194
39 7
39 8
39 17
39 20
39 34
39 39
39 48
39 51
39 55
39 77
39 79
40 1
41 5
41 7
41 15
41 25
41 32
41 36
41 38
41 167
42 8
42 18
42 30
42 37
42 46
42 50
42 56
42 64
42 82
42 84
42 86
42 87
43 2
43 14
43 15
43 19
43 30
43 37
43 42
43 52
43 55
43 83
43 85
44 4
44 7
44 11
44 23
44 25
44 28
44 32
44 38
44 44
44 49
44 50
44 55
44 57
44 61
44 69
44 76
45 71
45 79
45 84
45 91
45 158
45 161
45 180
45 181
45 182
45 184
45 185
45 188
45 190
45 196
45 202
45 203
45 205
45 210
45 223
45 234
45 235
45 236
45 244
45 251
45 253
47 20
47 21
47 25
47 28
47 32
47 35
47 39
47 45
48 2
49 3
49 7
49 32
51 61
51 66
51 70
51 73
51 83
51 88
51 97
51 103
51 108
51 113
51 116
51 117
51 128
51 130
51 131
51 139
51 143
52 1
52 30
52 33
52 42
52 45
52 49
52 64
52 88
52 93
52 113
52 118
52 121
52 122
52 125
52 260
52 276
52 299
54 23
54 28
54 31
54 34
54 38
54 39
54 42
54 44
54 121
54 123
54 127
54 205
54 209
54 228
54 256
54 266
54 267
54 289
54 291
54 320
54 321
54 341
55 11
55 16
55 49
55 51
56 9
56 11
56 15
56 21
56 26
56 28
56 35
60 20
60 22
60 24
60 25
60 26
60 37
60 42
61 1
61 9
61 24
61 26
61 28
61 30
61 41
61 47
61 51
61 61
61 70
62 2
62 5
62 6
62 12
62 17
62 22
62 30
62 31
63 8
63 13
63 16
64 4
64 5
64 8
64 11
64 18
64 22
65 2
65 59
65 66
65 77
65 82
65 83
65 94
65 99
65 106
65 107
65 121
65 125
65 126
65 133
65 139
65 285
65 286
65 291
66 7
66 15
67 124
67 125
67 130
67 133
67 134
68 18
69 4
69 5
69 7
70 23
70 24
70 30
70 33
70 43
70 52
70 53
70 55
70 57
70 59
70 63
70 87
70 102
70 104
70 106
70 110
71 2
71 4
71 7
71 10
71 16
71 17
71 24
71 27
71 32
71 33
71 37
71 45
71 46
71 54
71 66
71 68
73 9
73 17
73 21
73 41
73 48
73 54
73 57
73 61
74 5
74 14
74 19
74 27
74 29
74 30
74 37
74 40
74 43
74 46
74 50
74 55
74 57
74 66
74 70
74 71
74 74
74 76
74 79
74 80
74 82
74 86
74 94
74 98
74 101
74 109
74 115
74 148
74 150
74 153
76 53
76 57
76 67
76 86
76 95
76 101
76 102
76 104
76 106
76 117
76 118
76 121
76 128
76 135
76 141
76 142
76 145
76 156
76 158
76 175
76 178
76 179
76 185
76 189
76 190
76 191
76 194
76 195
76 210
76 211
77 1
77 6
77 8
77 11
77 26
77 29
77 37
77 47
77 54
77 59
77 65
77 75
77 82
77 87
77 90
78 61
78 62
78 63
78 68
78 75
78 86
78 90
78 92
78 134
78 136
78 139
78 143
78 155
78 158
78 160
78 167
78 171
78 172
78 178
78 181
78 188
78 189
78 194
78 203
78 209
78 215
78 217
78 221
79 2
79 7
79 9
79 11
81 16
81 20
81 21
81 31
83 75
83 76
83 90
83 91
83 98
83 108
83 114
83 119
83 121
83 140
83 147
83 149
83 152
83 289
83 290
83 294
83 297
83 304
83 309
83 344
83 372
84 17
84 21
84 22
84 25
84 50
84 61
84 64
84 78
84 79
84 81
84 83
84 84
84 85
84 177
84 178
84 179
84 182
84 183
84 187
84 197
84 211
84 219
84 226
84 228
84 230
84 236
84 238
84 239
84 253
84 263
84 268
84 274
85 107
85 139
85 143
85 152
85 156
85 161
86 56
87 1
87 3
87 9
87 10
87 28
87 39
87 40
87 53
87 71
87 85
87 88
87 94
87 95
87 110
87 118
87 119
88 90
88 93
88 94
88 95
88 115
88 118
88 124
88 131
88 136
88 143
88 145
88 167
88 173
88 181
88 183
88 193
88 195
88 197
88 198
89 24
89 25
89 27
89 29
89 31
90 1
90 4
90 6
90 11
90 16
90 18
90 31
90 33
90 40
90 42
90 44
90 58
90 64
90 72
90 76
90 77
90 84
90 88
90 91
90 97
90 98
90 107
90 109
90 110
90 117
90 121
90 124
90 125
90 127
90 130
90 136
90 142
90 143
90 145
90 147
90 156
90 166
90 171
90 177
90 188
90 192
90 195
90 198
90 205
90 208
90 216
91 11
91 19
91 28
91 33
91 40
91 42
91 43
91 60
91 61
91 62
91 64
91 65
91 74
91 85
91 121
91 136
91 139
91 142
91 145
91 149
91 151
91 157
91 161
91 164
91 166
91 176
91 177
91 184
93 2
93 7
93 9
93 11
93 18
93 20
93 25
93 30
93 32
93 36
93 37
93 44
93 46
93 47
93 54
93 144
93 148
93 155
93 156
93 166
93 167
93 176
94 6
94 16
94 24
94 27
94 28
94 31
94 62
95 1
95 9
95 11
95 19
95 25
95 29
95 30
95 32
95 40
96 2
96 4
96 5
96 24
96 32
96 39
96 40
96 47
96 49
96 50
96 75
96 79
96 83
96 92
96 104
96 105
96 141
96 145
97 1
97 5
97 10
98 1
98 9
98 10
98 19
98 38
98 41
98 50
98 51
98 55
98 58
98 60
99 8
99 13
99 15
99 27
99 30
100 6
100 7
100 14
100 21
101 12
102 5
102 12
102 15
102 19
102 22
102 24
