1 4
1 6
1 14
1 18
1 20
1 35
1 37
1 44
1 52
1 82
1 85
1 86
2 2
2 9
2 18
2 20
2 32
2 156
2 162
2 164
2 170
2 180
2 181
2 185
2 188
2 195
3 6
3 8
3 25
3 45
3 60
3 66
3 69
3 72
3 75
3 95
3 99
3 100
3 106
3 113
4 8
4 9
4 12
4 14
4 18
4 35
4 36
4 41
4 49
4 56
4 62
4 97
4 102
5 3
5 18
5 29
5 37
5 40
5 45
5 49
5 52
5 56
5 58
5 61
5 62
5 66
5 79
5 83
5 90
6 3
6 135
6 138
6 142
6 147
6 150
7 1
7 16
7 20
7 35
7 43
7 45
7 46
7 49
8 55
8 60
9 7
9 8
9 63
9 75
9 78
9 95
9 96
9 109
9 120
9 122
9 124
9 125
9 129
9 130
9 135
9 136
9 140
9 141
9 144
9 156
9 178
10 1
10 5
10 12
10 13
10 24
11 1
11 8
11 9
11 19
11 33
12 1
12 32
12 38
15 29
16 3
16 26
16 27
16 29
16 30
16 36
16 40
16 56
16 57
16 63
18 26
18 30
18 35
18 41
18 42
18 45
18 52
18 62
20 1
21 4
21 25
21 31
21 32
21 35
21 44
21 48
21 55
21 58
21 61
21 66
21 70
21 75
21 89
23 2
23 6
24 70
24 71
26 11
26 38
26 42
26 61
26 63
26 66
26 67
26 68
26 72
26 80
26 92
26 97
26 99
27 1
27 5
27 8
27 15
27 22
28 17
28 18
28 19
28 33
28 50
28 55
28 63
28 66
28 79
28 80
28 81
28 96
28 103
28 105
28 107
28 112
28 113
28 121
28 134
28 135
28 182
28 186
28 187
28 213
28 221
28 230
28 245
28 248
28 271
28 286
28 288
28 289
28 291
28 293
28 296
28 300
28 304
28 305
28 308
28 309
28 322
28 327
29 52
29 58
29 60
29 61
29 70
29 74
29 99
29 100
29 102
29 107
29 225
29 234
29 242
29 246
29 248
29 254
29 255
29 261
29 264
30 2
30 4
30 22
30 28
30 35
30 44
30 50
30 58
30 59
30 61
30 65
30 83
30 89
30 111
30 116
30 123
30 124
30 127
30 129
30 130
30 134
30 165
30 168
30 169
30 180
30 181
30 184
30 185
30 192
30 193
30 204
30 208
30 211
30 216
30 217
30 219
30 220
30 226
31 5
31 10
31 15
31 24
31 25
32 2
32 3
32 7
32 9
33 89
33 92
33 111
33 124
33 182
33 183
33 185
33 186
33 188
33 189
33 190
33 200
33 202
33 209
33 211
33 215
33 217
33 220
33 298
34 3
34 22
34 23
34 28
34 40
36 25
36 26
36 28
36 29
36 31
36 37
36 38
36 46
36 84
36 85
36 90
36 91
36 100
36 101
36 105
36 106
37 12
37 14
37 21
37 25
37 30
37 37
37 47
37 179
37 181
37 189
37 195
37 196
38 3
38 5
38 7
38 10
39 1
39 6
40 5
40 6
40 24
40 25
40 35
40 51
40 73
40 125
40 128
40 141
40 144
40 242
40 243
40 250
40 255
40 256
40 263
40 266
40 272
40 273
40 276
40 278
40 280
40 286
40 291
40 295
40 302
40 305
40 309
40 310
40 314
40 322
40 324
40 325
40 329
40 330
40 335
40 343
40 346
40 347
40 352
40 356
40 358
40 376
40 379
40 380
40 396
40 409
40 431
40 433
40 443
40 462
40 469
40 477
42 22
42 28
42 32
42 48
42 50
42 53
42 61
42 64
42 70
42 71
42 75
42 83
42 85
42 87
42 99
42 111
42 114
43 3
43 13
43 29
43 34
43 35
43 49
43 67
43 69
43 171
43 175
43 179
43 182
44 12
44 18
44 22
45 11
45 13
45 14
46 17
46 19
47 1
47 4
47 5
47 7
47 14
47 15
47 19
47 22
47 31
47 35
47 36
47 39
47 41
47 42
47 142
47 153
48 15
48 17
49 2
49 7
49 16
49 17
49 35
49 39
49 41
49 45
49 64
49 66
49 73
49 77
49 85
49 89
49 95
51 46
51 49
51 52
51 56
51 64
51 65
51 67
51 68
51 75
51 81
51 83
51 85
51 91
51 94
51 107
51 116
51 127
51 141
51 152
54 26
54 29
54 34
54 170
54 175
54 181
56 111
56 113
56 125
56 127
56 134
56 143
56 147
56 148
56 151
57 1
57 2
58 1
58 3
58 5
58 7
58 20
58 28
58 30
58 33
58 35
58 47
58 48
58 57
58 61
58 63
58 72
58 80
58 86
58 93
58 96
58 98
58 103
58 105
58 106
58 107
58 114
58 121
58 131
58 132
58 137
58 138
58 141
58 149
58 153
58 154
58 166
58 173
58 184
58 186
58 198
58 248
58 253
58 267
58 269
58 270
58 273
58 278
58 291
58 293
58 295
58 296
58 298
58 306
58 312
58 313
58 314
58 317
58 320
58 406
58 408
58 417
58 420
58 421
58 422
60 2
60 5
60 15
60 25
60 34
60 37
60 41
61 3
61 5
61 6
61 8
61 14
61 27
61 28
61 31
61 32
61 34
62 6
62 13
62 15
62 16
62 32
62 34
62 38
62 39
62 40
62 44
62 51
62 55
62 61
63 3
63 21
63 25
63 34
63 36
63 51
66 32
66 36
66 38
67 19
67 31
67 32
67 35
67 133
67 136
67 140
67 152
67 153
67 164
67 165
67 169
67 172
67 173
67 175
67 177
67 187
67 188
67 189
67 201
67 250
67 259
67 260
67 266
67 276
67 282
67 287
67 292
67 301
67 308
68 22
68 27
68 30
68 40
68 44
69 23
69 32
69 40
69 43
69 46
69 47
70 6
70 8
70 13
70 16
70 20
70 37
70 42
70 51
70 56
70 58
70 61
70 63
70 74
70 77
70 78
70 81
70 83
70 88
70 91
70 98
70 103
70 113
70 116
70 123
70 128
70 130
70 143
70 146
70 153
70 154
70 155
70 162
70 174
70 175
71 2
71 10
71 11
71 17
71 20
71 33
71 37
71 40
71 44
71 45
71 63
71 69
71 72
71 78
71 83
71 89
71 100
71 108
71 123
71 132
71 136
71 138
71 153
71 155
71 158
71 159
71 173
71 179
71 196
71 208
71 213
71 218
71 222
71 232
71 237
71 238
71 242
71 243
71 248
71 255
71 257
71 259
71 261
71 273
71 274
71 275
71 288
71 290
71 295
71 302
71 304
71 309
71 311
71 312
71 315
71 317
71 321
71 324
71 325
71 335
71 340
71 341
71 345
71 346
71 355
71 364
71 367
71 371
71 382
71 393
71 394
71 400
71 411
71 420
71 423
71 425
71 434
71 435
71 436
73 1
74 62
74 77
74 86
74 103
74 104
74 111
74 116
74 124
74 125
74 126
74 128
74 131
74 147
74 148
74 150
74 156
74 158
74 159
74 165
74 178
74 180
74 192
74 194
75 4
75 8
75 25
75 39
75 44
75 45
75 59
75 61
75 64
75 77
75 107
75 109
76 1
76 14
76 15
76 22
77 10
77 22
77 38
77 46
77 70
77 93
77 94
77 97
77 99
78 5
78 8
78 10
78 20
78 23
78 77
78 85
78 101
78 102
78 106
78 107
79 6
79 11
79 12
79 15
79 16
80 22
80 27
80 35
80 50
80 65
80 71
80 116
80 117
80 121
80 122
80 128
80 138
80 144
80 148
80 151
80 158
80 160
80 168
80 169
80 176
80 178
80 181
80 186
80 187
80 188
80 190
80 208
80 211
80 213
80 220
80 224
81 3
82 2
82 3
82 8
82 9
82 15
82 22
82 25
82 27
82 30
82 32
82 36
82 40
84 20
84 22
84 27
84 31
84 32
84 162
84 164
84 165
84 178
84 197
84 339
84 345
85 7
85 8
85 181
85 188
85 198
85 201
85 202
85 214
85 218
86 1
86 6
86 23
86 29
86 31
86 33
86 47
86 50
86 51
86 54
86 60
86 65
86 67
86 72
86 89
86 95
87 83
87 84
87 100
87 104
87 119
87 122
87 124
87 131
87 132
87 135
87 142
87 151
87 153
87 156
87 162
87 169
87 175
87 176
87 179
87 180
87 182
87 184
87 188
87 191
87 192
87 197
87 203
87 212
87 254
87 257
87 259
87 267
87 269
87 271
87 272
87 274
87 277
87 280
88 1
88 10
88 13
88 25
88 27
88 40
88 41
88 45
88 48
88 51
88 54
88 60
88 61
88 62
88 90
88 93
88 99
88 119
89 2
89 14
