1 3
1 132
1 138
1 143
1 166
1 169
1 178
1 179
1 181
1 184
1 190
1 197
1 199
1 200
1 202
1 211
1 213
1 220
1 223
1 228
1 234
1 239
1 246
1 248
1 277
1 278
1 316
2 1
2 4
2 9
2 12
2 14
2 16
2 29
2 35
2 36
2 37
2 39
2 42
2 50
2 51
2 54
2 61
2 62
2 71
2 73
2 78
2 79
3 1
3 9
3 10
3 12
3 14
5 57
5 64
5 71
5 74
5 77
5 78
5 83
5 91
5 93
5 94
5 99
6 61
6 70
6 72
6 82
6 108
6 115
6 120
6 121
6 122
6 129
6 139
6 153
8 56
8 62
8 70
8 73
8 79
8 84
8 87
8 95
8 110
8 111
8 112
8 121
8 127
8 128
8 135
8 137
8 141
8 151
8 158
8 161
8 164
8 177
8 178
8 181
8 182
8 184
8 188
10 4
10 9
10 12
10 16
10 49
10 53
11 3
11 6
11 7
11 12
11 19
11 38
11 40
11 43
11 45
11 53
11 65
11 66
11 70
11 77
11 83
11 93
11 97
11 100
11 108
11 112
11 119
11 125
11 134
11 147
11 157
11 168
12 1
12 3
12 7
12 14
12 23
12 25
12 38
12 40
12 41
12 47
12 48
12 54
12 56
12 66
12 72
12 81
12 82
12 108
12 116
12 127
12 134
12 139
12 140
12 141
12 146
12 156
12 158
12 162
12 166
12 172
12 184
12 185
13 1
13 30
13 40
13 43
13 45
13 55
13 63
13 67
13 68
13 84
13 87
13 106
13 109
13 110
14 4
14 9
14 17
14 18
14 23
14 28
14 36
14 37
14 46
14 49
14 51
14 56
15 2
15 4
15 8
15 16
15 25
15 158
15 163
15 167
15 169
19 36
19 38
19 42
19 52
19 61
19 64
19 65
19 66
19 69
19 70
19 72
19 75
19 76
19 80
19 86
20 10
20 16
20 21
20 24
20 34
20 56
20 57
20 73
20 77
21 4
21 17
21 18
22 51
22 53
22 56
22 60
22 61
22 66
22 68
23 2
24 8
24 12
24 20
25 14
25 18
25 21
26 117
26 119
26 121
26 126
26 131
26 133
26 144
26 153
26 155
26 156
26 159
27 1
27 3
27 11
27 22
27 23
27 39
27 42
27 52
27 65
27 74
27 75
28 1
28 2
28 7
28 21
28 22
28 24
28 25
28 26
28 82
28 85
28 92
28 108
28 109
28 110
28 123
28 125
28 126
28 137
29 117
29 133
29 138
29 139
29 146
29 147
29 151
29 153
29 158
29 160
29 164
29 165
29 166
29 167
29 169
29 175
29 179
29 185
29 187
29 191
29 197
29 236
29 238
29 267
29 269
29 283
29 291
30 60
30 66
30 69
30 77
30 106
30 120
30 122
30 125
30 127
30 134
30 136
30 137
30 138
30 151
30 157
30 161
30 167
30 176
30 183
30 184
30 191
30 196
30 198
30 202
30 208
32 1
32 7
32 25
32 43
33 10
33 14
33 25
33 30
33 36
33 40
33 42
33 43
33 64
33 65
33 70
33 71
33 73
33 80
33 81
35 20
35 41
35 47
35 50
35 59
35 60
35 67
35 72
35 203
35 204
35 213
35 214
35 237
35 368
35 371
35 373
36 28
36 31
36 32
36 39
37 6
37 8
37 10
37 11
37 12
37 16
37 19
37 21
37 25
37 30
37 40
37 51
37 55
37 56
37 63
37 67
37 69
37 73
37 84
37 85
37 99
37 106
38 6
38 7
38 27
38 37
38 48
39 2
39 5
39 6
39 11
39 17
39 20
39 21
39 33
39 36
39 40
39 48
39 55
39 78
39 93
39 94
39 100
39 102
39 107
39 109
39 114
39 116
39 130
39 139
39 154
39 161
39 165
40 2
40 7
40 8
40 13
40 18
40 25
40 26
40 27
40 35
40 43
40 58
40 65
40 72
40 74
40 76
40 89
44 13
44 67
44 70
44 74
44 75
44 78
44 80
44 88
44 90
44 99
44 100
44 101
44 105
44 111
44 116
44 133
45 11
45 13
46 122
46 123
46 127
46 130
46 140
46 141
46 149
46 155
46 271
46 272
46 276
46 280
46 283
46 290
46 300
46 302
46 305
46 308
46 323
46 330
46 354
46 357
46 365
46 367
47 2
47 9
47 10
47 16
47 21
47 22
47 26
47 36
47 48
47 54
47 55
47 68
48 5
48 9
49 46
49 49
49 54
49 55
49 61
49 64
49 69
49 79
49 85
49 96
49 123
49 124
50 82
50 88
51 90
51 106
51 107
51 110
51 117
51 166
51 170
51 171
51 173
51 182
51 184
51 187
53 11
53 15
53 19
53 22
53 28
53 109
53 119
53 126
53 266
53 269
53 278
53 281
53 336
53 338
53 353
53 354
53 365
53 370
53 373
53 380
53 381
53 388
53 524
53 526
53 527
53 649
53 671
53 672
53 673
53 674
53 680
53 685
53 688
53 690
56 54
56 64
56 80
56 81
56 82
56 89
56 91
56 92
56 97
56 100
56 104
56 108
56 110
56 117
56 132
56 139
56 142
56 149
56 153
56 158
59 21
59 23
59 24
59 33
59 36
59 51
59 58
59 62
60 3
60 7
60 8
60 17
60 28
60 34
60 37
60 38
60 42
61 22
61 31
61 36
61 76
61 95
62 3
63 5
63 12
63 20
63 25
63 30
63 31
63 48
63 50
63 52
63 53
63 61
63 64
63 67
63 72
63 110
65 33
65 35
65 42
65 46
65 49
65 50
67 2
67 5
67 29
67 44
67 46
67 65
67 67
67 69
67 70
67 71
67 72
67 73
67 76
67 84
67 87
69 59
69 60
69 66
69 82
69 90
69 104
69 106
70 24
70 25
70 26
70 28
70 38
70 48
70 56
70 157
70 167
70 176
70 177
70 188
70 190
70 198
70 202
70 205
70 211
70 219
70 220
70 231
70 236
71 12
71 16
71 17
71 19
71 22
71 26
71 28
71 29
71 50
71 107
71 116
71 128
71 137
71 147
71 152
72 1
72 6
72 8
73 9
73 21
73 30
73 32
73 33
75 88
75 90
75 101
76 2
76 3
77 6
77 7
77 10
77 11
77 26
77 47
77 50
77 68
77 69
77 74
77 86
77 97
77 98
77 108
77 114
77 115
77 124
77 125
77 126
77 127
77 128
77 135
77 140
77 144
77 149
77 166
77 191
77 192
77 198
77 201
77 204
77 209
77 210
78 2
78 8
78 21
79 5
79 6
80 1
80 4
80 6
81 37
81 40
81 62
81 78
82 8
82 16
82 17
82 32
82 45
82 47
82 56
82 59
82 65
82 91
82 98
82 116
82 128
82 131
82 138
82 142
82 144
82 148
82 149
82 161
82 164
82 166
82 168
82 170
82 185
82 188
82 193
82 194
82 199
82 201
82 203
82 205
82 210
82 211
82 214
82 217
82 334
82 343
82 353
82 396
82 407
82 409
82 411
82 418
82 428
82 446
83 1
83 6
83 16
83 20
83 23
83 25
83 27
83 41
83 42
83 48
83 52
83 61
83 67
83 68
83 75
83 86
83 89
83 93
83 94
83 129
83 130
83 138
83 141
83 144
83 146
83 149
83 152
83 153
83 155
83 156
83 170
83 171
83 172
83 179
83 184
83 188
83 194
83 198
83 205
83 213
83 217
83 220
83 228
83 229
83 235
83 238
83 246
83 250
84 3
84 11
84 13
85 43
85 51
85 54
85 55
85 68
85 70
85 78
85 79
85 105
85 108
85 113
85 117
85 122
85 129
85 141
85 143
85 147
85 155
85 163
85 179
85 184
85 191
85 194
85 196
85 201
85 206
85 208
85 209
85 212
85 215
85 225
85 227
85 228
85 230
87 31
87 42
87 54
87 137
87 146
87 148
87 152
87 159
87 173
87 180
87 189
87 208
87 212
87 219
87 224
87 227
87 228
87 230
87 241
87 248
87 249
87 252
87 256
87 257
88 1
88 5
