2 3
2 20
2 26
2 36
3 10
3 22
3 27
3 31
3 38
3 44
3 51
3 62
3 68
3 89
4 11
4 16
4 20
4 24
4 35
4 40
4 41
4 42
4 45
5 6
5 11
5 12
5 24
5 34
5 48
5 49
5 58
5 70
5 82
5 83
5 84
5 86
5 91
5 98
5 99
5 106
5 119
5 121
5 133
5 134
5 135
5 141
5 146
5 148
5 149
5 154
5 159
5 290
6 9
6 14
6 21
6 30
6 31
7 5
7 16
7 20
7 34
7 35
7 41
7 44
7 47
9 60
9 70
9 86
9 87
9 91
9 93
9 115
9 116
9 118
9 119
9 126
9 129
9 131
9 138
9 141
9 152
9 153
9 241
9 244
9 247
10 5
10 13
10 15
10 23
10 29
10 30
10 34
10 38
10 39
10 49
10 55
10 64
10 73
10 128
10 132
10 134
10 138
11 3
11 7
11 10
11 19
11 26
11 38
11 39
11 41
11 46
11 53
11 62
11 63
11 64
11 65
11 67
11 74
11 76
11 78
11 79
11 80
11 81
11 86
12 3
12 7
12 14
12 15
12 19
12 22
12 25
12 26
12 27
12 32
12 34
12 50
12 56
12 61
12 75
12 76
12 79
12 83
13 74
13 75
13 79
14 14
14 15
14 19
14 33
14 37
14 44
14 54
14 55
14 59
14 61
14 82
14 90
14 95
14 104
14 108
14 111
14 120
14 125
14 127
14 128
14 130
14 135
14 143
14 144
14 146
14 152
14 160
14 163
15 70
15 73
15 81
15 97
15 100
16 9
16 11
16 22
16 41
16 43
16 144
16 146
16 148
16 149
16 151
16 189
17 3
17 4
17 8
17 9
17 22
17 46
17 48
18 3
18 11
18 21
18 24
18 29
18 32
18 40
18 53
18 72
18 74
18 83
18 87
18 89
18 98
18 109
18 110
18 116
18 118
19 54
20 18
20 19
20 23
20 38
20 43
20 44
20 50
20 54
20 60
20 61
20 67
20 74
20 75
20 88
20 93
20 96
21 120
21 152
21 159
21 164
21 165
21 168
21 174
21 179
22 33
22 36
23 98
23 100
23 105
23 122
24 3
24 5
27 17
27 18
27 35
27 46
27 47
27 50
27 51
27 67
27 68
27 71
27 77
27 82
27 96
27 98
27 107
27 119
27 123
27 128
27 131
27 156
27 160
27 166
27 171
28 5
28 6
28 8
28 9
28 10
28 12
28 16
28 25
31 10
31 12
31 18
32 4
32 16
32 18
32 22
32 24
32 25
32 26
32 37
32 38
32 43
32 44
32 62
32 66
32 84
32 85
32 89
32 90
32 104
32 108
32 115
32 116
32 121
32 127
32 134
32 137
32 153
32 157
32 168
32 179
32 202
32 204
32 206
32 208
32 213
32 214
33 10
33 13
33 146
33 153
33 164
33 176
33 178
33 179
33 180
33 183
33 191
33 194
33 196
33 198
33 199
33 217
33 219
33 228
33 240
33 245
33 247
33 249
33 254
33 259
33 260
33 269
33 279
34 126
34 127
34 136
34 158
34 167
34 170
36 4
36 7
37 1
37 10
37 20
37 24
38 14
38 21
38 23
38 31
39 11
39 51
39 53
39 54
39 59
39 60
39 70
39 78
39 89
40 1
41 3
41 8
41 10
41 34
41 42
41 45
42 1
42 8
42 12
42 29
43 12
43 13
45 16
45 19
45 32
45 37
45 40
45 41
45 47
45 51
45 60
45 63
45 70
45 80
45 81
45 84
45 90
45 99
45 100
45 104
45 106
45 108
45 112
45 115
45 119
45 125
45 132
46 17
46 19
46 29
46 35
47 8
47 12
47 15
47 21
47 26
47 54
47 58
47 63
47 70
47 80
47 81
47 97
47 103
47 106
47 110
47 118
48 38
48 58
48 64
48 71
48 77
48 79
48 82
48 88
50 81
50 87
50 95
51 8
51 9
51 22
51 34
51 35
52 3
52 17
54 9
54 10
54 16
54 17
54 24
54 29
54 31
54 34
54 43
54 46
54 53
54 57
54 61
54 63
54 67
54 68
54 72
54 73
54 84
54 98
54 101
54 102
54 103
54 104
54 106
54 113
54 118
55 29
56 16
56 17
56 24
56 44
57 20
57 28
57 30
57 34
57 38
57 46
57 65
57 68
57 71
57 75
57 79
57 84
57 89
57 95
57 110
57 122
57 126
57 130
57 133
57 139
57 149
59 12
59 13
59 23
59 25
59 31
59 97
59 102
59 104
59 110
59 122
59 123
59 125
59 128
59 136
59 140
59 143
59 163
59 165
59 176
59 186
59 188
59 189
59 190
59 199
59 207
59 210
59 214
59 219
60 23
61 9
61 10
61 12
61 16
61 22
61 23
61 27
62 1
62 13
62 19
62 24
62 49
62 52
62 60
62 65
62 66
62 73
62 75
63 38
63 40
63 41
63 51
63 53
63 65
63 67
64 92
65 38
65 47
65 48
65 51
65 58
65 59
65 62
66 9
66 10
66 25
66 29
66 31
66 37
66 38
66 70
66 71
67 11
67 13
67 20
67 21
67 34
67 35
67 38
67 40
68 7
68 8
68 12
68 13
68 20
68 25
68 32
68 37
68 40
68 48
69 7
69 9
70 2
71 1
71 2
72 11
73 90
73 92
73 94
73 119
73 120
73 122
73 129
74 1
74 5
75 1
76 1
76 9
76 11
76 21
76 23
76 24
76 27
76 28
76 34
76 48
76 49
76 66
76 71
76 75
76 77
76 79
76 81
76 83
76 91
76 101
76 107
76 109
76 112
76 127
76 130
76 155
76 156
76 162
76 163
78 29
78 31
78 32
78 33
78 43
78 49
78 52
78 54
78 55
78 66
78 72
79 9
79 16
79 17
79 19
80 6
80 11
80 12
80 16
80 17
80 27
80 33
80 35
80 38
80 39
80 43
80 55
80 57
80 67
80 79
80 80
80 81
80 92
80 93
80 118
80 121
80 124
81 4
81 5
81 27
81 32
81 38
81 48
81 58
81 60
81 67
81 69
81 77
81 79
81 91
81 99
81 100
81 107
83 8
83 16
83 18
83 25
83 28
83 32
83 43
83 51
83 63
83 68
83 224
83 228
83 240
85 45
85 50
85 52
85 55
85 57
85 59
85 61
85 64
85 79
85 97
85 105
85 107
85 114
85 115
85 119
85 121
85 125
85 127
85 129
85 142
85 147
85 149
85 157
85 158
85 160
85 162
85 166
85 170
85 174
85 187
85 189
85 208
85 216
85 219
85 225
85 226
85 229
85 239
85 240
85 250
86 52
86 54
86 57
86 58
86 70
86 72
86 77
86 78
86 80
86 81
86 89
86 93
86 95
87 3
87 7
87 17
87 21
87 24
87 25
87 53
87 65
87 67
87 69
87 76
87 80
87 86
87 93
88 2
88 5
88 6
88 7
88 35
88 46
91 11
91 19
91 25
91 26
92 80
92 81
92 83
92 85
92 86
92 93
92 99
92 111
92 138
92 143
92 144
92 150
92 155
92 157
92 170
93 93
93 94
93 104
93 107
93 129
93 132
93 143
93 144
93 145
93 155
93 180
94 3
94 18
94 19
94 22
94 28
94 35
94 121
94 122
94 124
94 136
94 147
94 148
94 150
94 156
94 158
94 161
94 177
95 23
96 14
96 16
96 17
96 21
96 24
97 11
97 23
97 27
97 32
97 39
97 42
97 45
97 90
97 107
97 108
98 69
98 72
98 74
98 80
99 6
99 9
99 14
99 21
99 38
99 46
99 47
99 52
99 54
99 65
99 69
99 75
99 79
99 170
99 174
99 175
99 177
99 180
99 181
99 193
99 199
99 202
99 204
99 208
99 210
99 215
101 9
101 11
101 15
101 19
101 35
101 45
101 47
101 48
101 58
101 62
101 64
101 71
101 78
101 95
101 96
101 97
101 112
101 114
101 247
101 248
101 253
101 255
101 256
101 260
101 265
101 269
101 270
101 274
101 280
101 281
101 282
101 284
101 298
101 301
101 304
101 321
101 322
101 327
101 328
101 330
101 339
101 342
101 356
101 357
101 359
101 373
101 396
101 444
101 446
101 450
101 457
101 492
