1 9
2 5
2 16
2 17
2 24
2 28
2 29
2 35
2 36
2 40
2 42
2 48
2 50
2 51
2 55
2 63
2 66
2 75
2 78
2 88
2 91
2 94
2 96
2 137
2 140
2 150
2 151
2 153
2 164
2 166
3 1
3 6
3 20
3 24
4 9
5 2
5 15
5 21
5 35
6 3
6 9
6 12
7 7
7 14
7 15
7 20
7 31
7 49
7 50
7 54
7 55
7 63
7 65
7 76
7 80
7 93
7 96
7 99
7 104
7 117
7 137
7 150
7 158
7 167
8 4
8 8
8 10
8 17
8 19
8 23
8 33
8 36
8 45
8 48
8 55
8 56
8 59
8 62
8 70
8 85
8 88
8 95
8 97
8 98
8 106
8 114
8 116
8 118
9 4
9 11
9 12
9 13
9 18
9 20
9 24
9 27
9 30
9 33
9 34
9 37
9 39
9 42
9 60
9 65
9 70
9 77
9 85
9 119
9 120
9 128
9 134
9 137
9 195
10 6
10 8
10 12
10 26
11 21
11 29
11 32
11 38
11 47
11 58
11 71
11 77
11 88
11 92
11 93
11 94
11 100
11 103
11 106
11 107
11 111
11 121
11 128
11 133
11 137
11 140
11 141
11 147
11 154
11 155
12 1
12 10
12 13
12 14
12 19
12 21
12 34
12 35
12 44
12 46
12 69
12 71
12 73
12 75
12 76
12 77
12 85
13 2
13 14
13 15
13 67
13 71
13 74
13 76
14 5
14 12
14 15
14 16
14 27
14 37
14 52
14 56
14 58
14 64
14 77
14 78
14 84
14 98
14 99
14 107
14 108
14 262
14 272
14 273
14 277
14 283
14 288
14 294
14 431
14 441
14 445
14 446
14 469
14 500
17 4
17 6
17 19
17 24
18 1
19 1
19 120
19 124
19 126
19 131
20 15
21 3
21 4
21 7
21 15
21 22
21 30
21 31
21 32
22 24
22 38
22 40
22 52
22 54
22 59
22 76
22 79
22 81
22 83
22 108
22 109
22 114
22 119
22 138
22 141
22 148
22 150
22 151
22 156
22 158
22 162
22 163
22 170
22 174
22 176
22 180
23 4
23 28
24 5
24 7
24 12
24 14
24 15
24 17
24 29
24 31
24 34
24 39
24 40
24 41
24 53
24 56
24 61
24 62
24 70
24 71
24 73
25 2
25 12
25 15
25 24
25 36
25 59
25 61
25 62
25 151
25 157
25 272
25 277
25 279
25 282
25 288
25 306
26 2
26 4
26 6
26 12
26 17
26 19
26 21
27 4
27 9
27 12
27 13
27 16
27 17
27 41
28 2
28 5
28 38
28 67
28 70
29 2
29 8
29 18
29 31
29 39
29 47
29 49
29 52
29 53
29 140
29 149
30 1
30 2
30 11
30 15
30 16
30 21
30 23
30 24
30 33
30 39
30 49
30 59
30 68
30 98
30 108
30 141
30 144
30 148
30 150
30 155
30 159
30 162
30 164
30 174
30 180
30 182
30 185
30 187
30 188
30 197
30 204
30 211
30 233
30 243
30 249
30 250
30 252
30 258
30 260
30 268
31 5
31 18
31 22
31 25
31 59
33 4
33 11
33 15
33 29
33 32
33 36
33 40
34 6
34 9
34 11
34 19
34 23
34 51
34 52
34 62
35 1
35 3
36 11
36 16
36 27
36 29
36 34
36 100
36 108
36 111
36 114
36 123
36 126
36 128
36 130
36 132
36 136
36 141
36 147
36 156
37 14
37 21
37 40
38 7
38 15
40 74
40 76
41 5
41 29
41 30
41 33
41 34
42 4
42 8
42 9
42 23
42 24
42 27
42 28
42 38
42 39
43 56
43 58
43 75
43 80
43 81
43 82
43 104
43 109
43 148
43 161
43 162
43 172
43 173
43 175
43 250
43 252
43 254
43 258
43 260
43 268
43 269
43 272
45 1
45 2
45 23
45 27
45 36
45 47
45 59
45 64
45 72
45 76
45 86
45 92
45 103
45 106
45 113
45 115
46 17
46 23
46 36
46 38
46 41
46 44
46 55
50 9
50 20
50 32
50 50
50 55
50 56
50 58
50 65
51 3
51 8
51 13
51 19
51 21
51 22
51 23
51 26
52 1
52 4
52 8
52 10
52 45
52 55
52 57
52 59
52 62
52 68
53 76
53 91
53 93
53 97
53 103
53 106
53 122
53 123
53 124
53 126
53 127
53 128
53 144
53 146
53 156
55 17
55 22
55 27
55 28
55 35
56 5
57 16
57 20
57 21
57 34
57 35
57 38
57 59
58 33
58 36
58 39
58 44
58 63
58 66
60 74
62 3
62 9
62 52
62 84
62 85
62 90
62 99
62 101
62 102
62 114
62 124
62 132
62 145
62 147
62 148
62 154
62 156
63 1
64 6
64 12
65 26
65 27
65 39
65 43
65 45
65 47
65 51
65 55
65 56
65 59
65 60
65 61
65 62
65 68
65 70
65 80
65 86
66 46
66 47
66 51
67 3
67 9
67 19
68 12
68 18
68 19
68 40
68 44
70 1
70 4
70 11
70 14
70 22
70 36
70 41
70 44
70 48
70 55
70 60
70 61
70 62
71 3
71 8
71 11
71 13
71 22
71 29
71 30
71 33
71 34
71 38
71 39
71 40
71 41
71 43
71 59
71 69
71 72
71 78
71 80
71 81
71 85
71 90
71 94
71 95
71 101
71 110
71 119
71 197
71 202
71 204
71 218
71 222
71 233
71 244
71 251
71 254
71 263
71 274
71 279
71 284
71 286
71 288
71 299
71 436
71 444
71 449
71 452
71 453
71 457
71 462
71 467
71 469
71 491
71 495
71 501
71 503
72 5
72 11
72 19
72 23
72 26
72 29
72 30
72 34
72 35
72 48
72 49
73 6
73 16
73 20
73 27
73 28
74 1
74 5
74 80
74 84
74 86
74 89
74 138
74 143
74 146
76 16
76 24
76 26
76 28
76 38
76 52
76 65
76 71
76 72
76 76
76 79
76 84
76 90
77 45
77 46
77 57
77 58
78 9
78 17
78 24
78 27
78 30
78 31
79 4
79 5
79 7
79 16
79 17
80 103
80 115
80 116
83 3
83 7
83 8
83 14
83 35
83 41
83 42
83 68
83 69
83 74
83 75
83 78
83 89
83 113
83 116
83 119
83 121
83 128
83 135
83 143
83 152
83 162
83 166
83 178
83 182
83 249
84 28
84 30
84 33
84 41
84 43
84 46
84 49
84 54
84 55
84 63
84 64
85 1
86 7
86 14
86 18
86 24
86 25
86 32
86 46
86 48
86 50
86 55
86 56
86 57
86 59
86 61
86 64
86 65
86 73
86 77
86 82
86 86
86 89
86 92
86 95
86 99
86 103
86 104
86 107
86 108
86 111
86 112
86 117
86 130
86 131
86 133
86 139
86 148
86 153
86 157
86 167
86 168
86 170
86 174
86 176
86 177
86 198
86 200
86 202
87 1
87 5
87 8
88 1
89 7
90 8
90 11
90 14
90 39
91 19
91 20
91 28
91 29
91 31
91 33
91 35
91 38
91 42
91 56
91 60
95 7
96 5
96 8
96 19
97 10
97 16
97 17
97 20
97 35
97 55
97 60
97 72
97 76
97 85
97 89
97 90
98 5
98 16
98 20
98 28
98 30
98 52
98 67
98 75
98 78
98 96
98 140
98 162
98 174
98 175
98 182
98 183
98 188
98 194
98 195
98 198
98 210
98 229
98 233
98 244
98 246
98 248
98 252
98 259
98 260
98 261
98 352
99 3
99 18
99 29
99 30
99 47
99 51
99 57
99 64
99 69
99 71
99 72
99 79
99 93
99 98
99 102
99 104
99 115
99 246
99 249
99 261
99 263
99 267
99 316
99 319
99 340
100 23
100 24
100 25
100 36
101 2
101 6
101 8
101 39
101 47
101 50
101 55
101 60
101 63
102 1
102 8
102 11
102 14
102 29
102 30
102 35
102 42
102 47
102 51
102 52
102 69
102 70
102 71
102 81
102 94
102 103
102 104
102 110
102 166
102 167
102 170
102 173
102 184
102 186
102 187
102 197
102 208
103 13
103 15
103 22
103 24
103 97
103 98
103 104
103 109
103 110
104 8
104 10
104 13
104 14
104 18
104 44
104 52
108 4
108 9
108 11
108 18
108 22
108 26
108 34
108 39
108 43
114 5
115 8
115 20
115 21
115 25
115 29
115 33
115 34
115 49
117 89
117 94
117 99
117 101
117 107
117 113
117 119
117 120
117 126
117 127
117 130
117 135
117 154
117 156
117 158
117 160
117 164
117 176
117 190
117 193
117 204
117 210
118 1
