1 3
1 5
1 10
1 12
1 13
1 17
1 19
1 33
1 45
1 48
1 50
1 52
1 56
1 58
1 79
1 86
1 90
1 231
1 243
2 4
2 11
2 13
2 15
2 17
3 6
3 9
3 10
3 23
3 24
4 109
4 117
4 123
4 129
4 162
4 166
4 169
7 37
7 39
7 42
8 2
8 18
8 19
8 22
8 30
8 75
8 82
9 6
10 4
10 9
10 26
10 29
10 34
10 50
10 56
10 58
10 63
10 66
10 69
10 76
11 3
11 8
11 13
11 16
11 19
11 20
11 23
11 30
11 33
11 38
11 40
12 31
12 33
13 8
14 8
14 9
14 12
14 14
15 16
15 26
15 27
15 39
15 115
15 117
15 122
15 124
15 125
15 126
15 128
15 132
15 141
16 9
17 1
17 6
17 19
17 23
17 25
17 26
17 30
17 32
17 39
17 40
18 1
18 7
18 14
18 23
18 25
18 32
18 36
18 39
18 44
18 49
19 5
19 8
19 10
19 13
19 15
19 19
19 40
19 47
19 57
19 58
19 75
19 84
20 24
20 31
20 35
20 44
20 51
20 62
20 68
20 71
20 75
20 76
20 80
20 84
20 89
20 90
21 6
21 13
21 16
21 17
22 24
22 26
22 93
22 95
22 100
22 103
22 113
22 114
22 119
22 122
22 127
22 128
22 132
22 164
22 173
22 177
22 186
22 192
22 195
22 198
22 202
22 210
22 221
22 223
22 226
22 227
22 228
22 233
22 234
22 251
22 255
22 256
22 262
22 269
22 272
22 299
22 302
22 310
22 311
22 312
22 314
22 315
23 14
23 15
23 21
23 26
23 30
23 99
23 108
23 112
23 113
23 133
23 135
23 136
23 149
23 151
23 155
23 161
23 167
23 170
23 173
25 23
25 26
25 33
25 35
25 38
25 39
25 45
25 53
26 3
26 8
26 10
26 23
26 26
26 37
26 42
26 46
26 50
26 59
26 70
26 82
26 85
26 86
28 15
28 32
28 49
28 54
28 66
29 3
29 17
29 105
29 110
29 113
29 118
29 123
29 125
29 126
29 197
29 199
29 203
29 207
30 1
30 2
30 16
30 17
30 18
30 19
30 28
30 33
30 40
30 45
30 46
32 37
32 40
32 47
32 50
32 51
32 54
32 61
32 69
32 72
32 88
32 92
32 94
32 100
32 101
32 106
32 108
32 115
32 123
32 125
32 128
33 8
33 14
33 39
33 44
33 45
33 51
33 63
33 69
34 1
34 13
34 24
34 25
34 35
34 36
34 85
34 90
34 95
34 131
34 136
36 18
37 27
37 28
37 30
37 31
37 43
37 47
37 49
37 55
37 65
37 68
37 173
37 174
37 178
37 184
37 192
37 197
37 199
37 201
37 216
37 222
37 224
37 232
37 244
37 248
40 20
41 4
41 5
41 6
41 20
41 33
41 35
41 36
41 39
41 41
42 7
42 20
42 21
42 23
42 26
42 29
42 30
42 40
42 43
42 46
42 54
42 57
42 61
42 62
42 69
42 78
42 83
42 90
42 91
42 95
42 101
42 108
42 111
42 112
42 114
42 134
42 146
42 153
42 165
42 174
42 175
42 190
42 194
42 197
42 201
44 15
44 18
44 32
44 35
44 38
44 43
44 57
44 60
44 64
44 80
44 90
44 99
44 131
45 4
45 13
45 15
45 26
45 30
45 34
45 43
45 46
46 29
46 34
46 44
46 51
46 116
46 119
46 144
46 146
47 6
47 17
47 23
47 25
48 106
48 119
48 132
48 137
48 145
48 149
48 154
49 54
50 1
50 2
50 3
50 6
50 9
50 16
50 17
50 19
50 21
50 28
50 29
50 33
50 36
50 38
50 44
50 53
50 55
50 57
50 60
50 84
50 98
50 106
50 107
50 113
50 121
50 133
50 135
50 144
50 145
50 149
50 190
50 195
50 198
50 206
50 208
50 212
50 215
50 220
50 225
50 228
50 229
50 235
50 238
50 249
50 252
50 259
50 263
50 264
50 273
50 280
50 281
50 284
51 42
51 43
51 51
51 63
51 64
51 70
51 71
51 75
51 93
51 112
51 119
51 121
53 11
53 16
53 25
53 52
53 55
53 56
53 57
53 63
53 76
53 78
53 81
53 99
53 123
53 133
53 139
53 143
53 151
53 166
53 169
53 170
53 177
53 178
54 2
54 3
54 26
54 31
54 38
54 44
54 53
54 69
54 74
54 79
55 82
55 89
55 90
55 91
55 97
55 98
55 101
55 105
55 107
55 114
55 119
55 121
55 125
55 140
55 143
55 145
55 150
55 165
56 43
56 45
56 52
56 57
56 58
56 61
56 63
57 48
57 54
57 61
57 143
57 150
59 45
59 60
60 2
60 11
60 14
60 24
60 35
60 40
60 42
60 43
60 46
60 48
60 51
60 61
60 68
60 82
60 90
60 96
61 9
61 11
61 21
61 31
61 38
61 45
61 48
61 52
61 58
61 144
61 152
61 158
61 173
61 183
61 185
61 187
61 189
61 192
63 1
63 3
63 4
63 18
64 2
64 5
64 12
64 13
64 21
64 34
64 42
64 56
64 62
64 64
64 65
64 69
64 72
64 77
64 80
66 24
66 36
66 41
66 45
66 46
66 48
67 1
67 5
67 12
67 20
67 22
67 24
67 25
67 39
67 60
67 70
67 93
67 94
67 95
67 97
67 99
67 102
67 108
67 109
69 1
69 4
69 9
69 13
69 17
69 41
69 42
69 50
69 52
69 54
69 64
69 66
69 68
69 71
69 72
69 74
69 79
69 84
69 87
69 98
69 102
69 118
69 125
69 128
69 129
69 132
69 147
69 153
69 154
69 156
70 10
70 11
70 18
70 31
70 32
73 36
73 42
73 43
73 45
73 46
73 62
73 69
73 72
73 74
73 78
73 79
73 108
73 122
73 127
73 133
73 153
73 157
73 185
73 188
73 194
73 197
73 202
73 204
73 205
73 210
73 214
73 220
73 236
73 245
73 249
73 256
73 259
73 274
73 278
73 285
73 289
73 291
73 292
73 302
73 310
73 339
73 340
73 343
73 365
73 373
74 2
74 3
74 4
74 8
74 24
74 27
74 36
74 40
74 66
74 76
74 81
74 92
74 96
74 98
74 99
74 102
74 108
74 109
75 40
75 42
75 58
75 60
76 12
76 15
76 23
76 29
76 47
76 56
76 58
76 62
76 76
76 79
76 81
76 82
76 91
76 93
76 94
76 113
76 121
76 152
76 156
76 160
76 161
76 180
77 6
77 7
77 11
77 16
77 28
77 32
77 36
77 42
77 45
77 46
77 50
77 55
77 59
78 3
78 17
78 20
78 32
78 44
78 49
78 58
78 60
78 64
79 2
79 3
79 21
79 75
79 79
79 86
79 89
79 117
79 119
79 122
79 128
79 154
79 176
79 183
79 190
79 193
79 201
79 202
79 204
79 210
79 216
79 217
79 225
79 228
80 1
80 2
81 38
81 40
81 42
81 44
81 46
81 50
81 54
81 57
81 63
81 64
81 82
81 88
81 96
81 103
81 114
81 128
81 133
81 134
81 137
81 138
81 141
81 143
81 144
81 146
81 151
81 154
81 166
81 168
81 169
81 172
81 177
81 179
81 182
81 185
81 197
82 133
82 136
82 143
82 155
82 160
82 170
82 181
82 313
85 86
85 87
85 98
85 99
85 109
85 114
85 123
85 124
85 126
85 131
85 133
85 134
85 149
85 153
85 154
85 155
86 5
86 6
86 14
86 16
86 19
86 20
87 6
87 9
87 15
87 17
87 19
87 25
87 27
87 33
87 43
87 44
87 45
87 48
87 65
87 70
87 74
87 78
87 92
87 95
87 98
88 8
88 16
88 22
88 31
88 43
89 40
90 15
90 19
90 20
91 13
91 20
91 48
91 57
91 62
91 78
91 83
91 84
92 8
92 15
93 7
93 11
93 15
93 16
94 1
94 130
94 131
94 136
94 146
94 149
94 151
94 157
94 175
94 176
94 178
94 186
94 211
94 214
94 217
94 220
94 263
94 278
94 283
94 289
94 304
95 17
95 31
95 32
95 42
95 45
95 47
97 10
97 18
97 32
97 35
97 37
97 42
97 43
97 44
97 50
97 53
97 55
97 58
97 71
97 75
97 89
97 92
97 93
98 3
98 9
98 13
98 15
98 18
98 22
98 24
98 28
98 39
98 48
98 54
98 56
98 59
98 61
98 68
98 80
98 88
98 142
