1 6
1 15
1 16
1 31
1 82
1 89
2 14
2 17
2 30
2 36
2 43
4 9
4 12
4 15
4 17
4 31
4 65
4 71
4 72
4 73
4 74
4 75
4 82
4 87
4 88
4 93
4 94
5 4
6 6
6 11
6 14
6 48
6 55
6 58
6 60
6 70
6 78
6 79
6 84
6 86
6 88
6 89
6 97
6 98
6 100
6 106
6 107
6 115
6 155
7 2
7 4
7 16
7 17
7 27
7 51
7 54
7 56
7 58
7 63
7 64
7 125
7 126
7 130
7 136
7 141
7 146
7 147
7 162
7 167
7 169
7 174
7 175
7 179
7 186
8 97
8 108
8 121
8 122
8 125
8 163
8 169
8 182
8 184
8 186
8 194
9 13
9 24
9 27
9 34
9 35
10 8
10 19
10 26
10 31
10 39
10 44
10 52
10 59
10 69
10 70
10 73
10 87
10 90
10 93
11 1
11 9
11 17
11 34
11 40
11 48
11 49
11 54
11 57
11 58
11 71
11 73
11 74
11 85
11 103
11 105
11 107
11 116
11 151
11 159
11 162
11 163
11 180
11 201
11 216
11 233
11 237
11 239
11 242
11 244
11 248
11 268
11 273
11 286
11 291
11 298
11 300
11 304
12 5
12 6
12 21
12 30
12 37
14 162
14 173
16 19
16 27
17 45
17 47
17 50
17 51
17 55
17 62
17 63
17 71
17 76
17 85
17 93
17 94
20 16
20 19
20 27
21 2
21 4
21 5
21 11
21 12
21 14
21 15
21 27
21 33
22 10
22 11
22 12
24 1
26 21
26 24
26 30
26 34
26 39
26 41
27 4
27 7
27 8
27 15
27 18
27 30
27 33
27 34
27 35
27 39
27 43
27 50
27 52
27 54
27 64
27 67
27 84
27 94
28 2
28 15
28 17
28 100
28 113
28 115
28 119
28 126
28 129
28 130
28 134
28 267
28 280
28 299
28 318
28 379
28 380
28 391
28 393
28 394
28 403
28 409
28 428
28 450
28 457
28 463
29 3
29 6
29 10
29 14
29 15
29 27
29 28
29 34
29 36
29 39
30 11
30 14
30 15
30 27
30 33
30 36
31 16
31 19
31 23
31 29
31 32
31 36
31 38
31 40
31 45
31 48
31 61
31 68
31 75
31 80
31 82
32 5
32 7
32 17
32 20
32 29
32 41
32 44
32 45
32 46
34 49
34 50
34 52
34 56
34 57
34 62
34 76
34 83
34 84
34 89
34 95
34 97
34 109
34 110
34 114
34 115
34 117
34 119
34 131
34 132
34 153
34 172
34 180
34 183
34 184
34 195
35 4
35 14
35 16
35 19
35 22
35 24
35 27
35 31
35 34
35 43
35 50
35 63
35 66
35 67
35 69
35 71
35 75
36 59
36 60
36 69
36 73
36 81
36 94
36 102
36 104
36 105
36 113
36 118
36 132
36 133
36 135
36 137
36 138
37 8
37 10
37 51
37 62
37 70
37 74
37 78
37 83
37 84
37 91
37 93
37 101
37 105
37 107
37 108
37 114
37 118
37 121
37 122
37 141
37 145
37 152
37 189
37 194
37 196
37 222
37 235
37 238
37 241
37 244
37 247
37 249
40 25
40 30
41 7
41 22
41 25
41 27
41 38
41 48
41 49
41 51
41 58
41 67
41 77
41 79
41 80
41 91
41 93
41 95
41 99
41 102
41 107
41 108
41 121
41 128
41 136
41 137
41 145
41 151
41 164
41 170
41 194
41 200
41 201
41 203
41 206
41 210
41 211
41 214
41 216
41 217
41 219
41 227
41 234
41 235
41 253
41 255
41 263
41 264
41 272
41 326
41 332
42 4
42 7
42 9
42 10
42 12
43 4
43 6
43 8
43 13
43 17
43 20
43 26
43 29
43 58
43 67
43 68
43 69
43 70
43 73
43 75
43 78
43 81
43 101
43 104
43 113
43 115
43 117
44 10
44 11
44 21
44 37
44 39
44 52
44 57
44 152
44 154
47 41
47 48
48 9
48 11
48 14
48 15
48 22
50 3
50 5
50 7
50 8
50 16
50 18
50 25
50 27
50 41
50 43
50 46
50 51
50 55
50 67
50 70
51 7
51 10
51 46
53 1
53 3
53 7
53 15
53 21
53 23
53 24
54 31
54 42
54 45
54 46
54 53
54 72
54 75
54 78
54 81
54 87
54 89
54 90
54 91
54 94
54 95
54 110
54 111
54 115
54 127
54 130
54 132
54 133
54 142
54 145
54 150
55 9
55 24
55 25
55 27
55 29
55 32
56 2
57 40
57 43
57 49
57 56
57 62
57 66
57 104
57 111
57 112
57 117
57 123
57 124
57 133
57 139
57 151
57 153
57 165
57 166
57 180
57 222
57 249
57 250
57 254
57 258
57 259
57 264
59 98
60 3
61 2
61 10
61 18
61 20
63 3
63 11
63 13
63 19
64 16
64 20
64 28
64 31
64 36
64 38
64 46
64 47
64 50
64 56
64 61
64 67
64 71
64 79
64 80
64 102
64 110
64 111
64 113
64 117
64 124
64 127
64 128
64 130
64 135
64 148
64 153
64 156
64 160
64 162
64 164
64 166
64 169
64 170
64 173
64 178
64 181
64 202
64 209
64 219
64 225
64 227
64 232
64 235
64 241
64 252
64 253
64 255
64 269
64 272
64 300
64 301
64 306
64 307
65 4
65 6
65 7
65 12
65 48
65 51
65 68
65 82
65 89
65 97
65 98
65 126
65 128
65 133
65 136
65 138
65 140
65 141
65 148
65 150
65 154
65 158
65 160
65 162
65 166
65 173
65 177
65 182
68 17
68 27
68 28
68 96
68 99
68 103
68 111
68 117
68 123
68 125
68 126
68 128
68 130
68 135
68 143
69 3
70 88
70 89
70 103
70 119
70 129
70 138
70 139
71 11
71 21
71 29
71 32
71 41
71 44
71 60
71 61
71 66
71 79
71 81
71 93
71 95
71 187
71 188
71 196
71 201
71 202
71 205
71 206
71 215
72 4
72 22
72 24
72 31
72 36
72 37
72 39
73 5
73 7
73 13
73 14
74 9
74 18
74 24
74 26
74 29
74 33
74 34
74 39
74 44
74 49
74 53
74 102
74 104
74 114
74 134
74 136
74 140
74 148
74 157
74 159
74 162
74 163
74 164
74 181
74 184
74 187
74 188
75 2
76 28
76 29
76 31
76 33
77 2
77 8
77 12
77 20
77 31
77 37
77 46
77 64
77 69
77 73
77 83
77 91
77 95
77 97
77 105
77 107
77 111
77 113
77 121
78 1
78 10
78 12
78 19
78 24
78 27
79 3
81 23
81 34
81 47
81 51
81 63
81 69
81 76
81 94
81 100
81 105
81 109
81 113
81 132
81 152
81 164
81 168
81 170
81 180
81 181
81 183
81 187
81 188
81 193
82 3
82 12
82 16
82 19
82 20
82 31
82 67
82 71
83 55
83 63
83 73
84 1
84 12
84 25
84 26
84 30
84 34
84 38
85 24
85 33
85 43
85 56
85 58
85 67
85 69
85 71
85 72
86 1
86 11
88 42
88 64
88 66
88 68
88 80
88 90
88 96
88 213
88 215
90 24
90 27
90 34
90 43
90 44
90 48
90 51
90 56
91 1
91 2
91 4
91 10
91 23
91 25
91 30
91 35
91 39
91 50
91 56
91 58
91 59
91 71
91 75
91 92
91 93
91 116
91 120
91 131
91 132
91 139
91 140
91 146
91 154
91 165
91 170
91 171
91 176
91 180
91 201
91 204
91 206
92 3
92 8
93 4
93 8
93 34
94 3
95 1
95 6
95 8
95 17
95 18
95 21
95 23
95 35
95 47
95 49
95 53
95 56
96 3
96 6
98 3
98 7
98 8
98 13
99 6
99 10
99 17
99 24
99 31
99 33
99 39
100 8
100 17
100 21
100 23
100 24
100 26
100 43
100 49
101 10
101 11
101 18
101 20
102 3
102 7
102 9
103 55
103 192
103 201
103 207
103 211
103 212
103 218
103 219
103 224
103 225
104 3
104 7
104 8
104 10
104 23
104 24
104 32
104 34
104 35
104 38
104 49
104 52
104 54
104 55
104 56
104 57
104 64
104 73
104 79
105 3
105 4
105 7
105 26
105 30
105 31
105 33
105 36
105 37
105 42
105 45
105 57
105 65
105 68
105 75
105 76
105 78
105 82
105 83
105 87
105 100
105 106
105 107
105 108
105 110
105 112
105 124
