1 1
1 9
1 12
1 14
1 22
1 26
1 27
1 29
1 42
1 45
1 52
1 112
1 116
1 118
1 133
1 138
3 30
3 31
3 33
3 34
3 42
3 47
3 48
3 178
3 185
3 198
3 208
3 210
3 213
4 1
4 2
4 6
5 2
5 3
5 9
5 18
5 20
5 21
5 33
5 50
5 51
5 58
5 71
5 72
5 75
5 76
5 92
6 1
7 18
8 2
8 6
8 8
8 12
8 19
8 31
8 35
8 36
8 40
8 41
8 51
8 52
8 66
8 68
8 71
8 74
8 77
8 82
8 84
8 102
8 107
8 108
8 116
8 117
8 124
8 128
8 133
9 112
11 1
11 4
11 5
11 12
11 20
12 8
12 54
12 63
12 65
12 74
12 78
12 85
12 89
12 108
12 120
12 121
12 125
12 133
12 136
12 144
12 147
12 174
12 178
12 185
12 188
12 189
12 198
12 203
13 7
13 10
13 14
13 19
13 22
13 23
13 25
13 30
13 44
13 45
13 46
13 53
13 68
14 8
14 20
14 28
16 6
16 9
16 11
16 12
16 26
16 32
16 34
16 35
16 36
16 46
16 52
16 53
16 58
16 68
16 72
16 75
16 77
16 81
16 93
16 94
16 102
16 113
16 118
16 122
16 123
16 127
16 129
17 4
17 34
17 35
17 39
17 43
17 50
17 54
17 61
17 67
17 71
17 76
17 88
17 91
17 97
17 98
17 103
17 108
17 115
19 6
19 9
19 16
19 20
19 34
19 35
19 36
19 40
19 47
19 49
19 53
19 57
19 58
22 75
22 83
22 84
22 96
22 99
22 104
22 115
22 128
22 132
22 134
22 143
22 145
22 146
23 29
23 42
24 3
24 7
25 28
25 36
25 60
26 5
26 13
26 15
26 17
26 20
26 24
26 26
26 27
26 125
28 4
28 17
28 24
28 45
28 66
28 69
28 85
30 1
30 11
30 18
30 22
30 39
30 43
31 3
31 6
31 8
31 11
31 14
31 16
31 19
31 20
32 5
32 7
32 16
32 27
32 34
32 39
32 49
32 52
32 57
32 63
33 8
33 18
33 20
33 21
33 28
33 29
33 39
33 40
33 53
34 89
34 90
34 96
34 106
34 110
34 111
34 113
35 3
35 9
35 25
35 34
35 49
35 53
35 57
35 61
36 2
38 45
38 47
38 50
38 54
38 58
38 61
38 67
38 75
38 84
38 97
38 98
38 101
38 102
39 1
39 14
39 16
39 17
39 23
39 25
39 33
39 42
39 65
39 67
39 69
39 70
39 82
39 85
39 86
39 92
39 96
39 105
39 108
39 109
39 110
39 121
39 122
39 128
39 135
40 5
40 13
40 26
41 5
41 10
41 11
41 15
41 17
41 18
41 26
41 30
41 34
41 35
41 38
41 45
41 59
41 67
41 79
41 85
41 86
41 87
41 97
41 100
41 107
41 113
41 114
41 117
41 122
41 124
41 126
41 130
41 131
41 135
41 136
41 137
41 139
41 148
41 153
41 203
41 204
42 4
42 6
42 8
42 11
42 15
42 16
42 17
42 18
42 30
42 39
42 51
42 53
42 60
42 65
44 35
44 52
44 57
44 59
44 64
44 68
44 71
44 76
44 78
44 83
44 88
44 89
44 90
44 94
45 15
45 21
45 34
45 48
45 69
45 71
45 77
45 79
45 83
45 84
45 92
46 1
46 6
46 11
46 12
46 26
46 32
46 43
46 59
46 60
46 66
46 68
46 70
46 88
46 98
46 99
46 103
46 104
46 109
46 112
46 113
46 116
46 119
46 121
46 131
46 134
46 140
46 149
47 14
47 22
47 23
47 25
47 26
48 66
48 75
48 85
48 88
48 102
48 108
48 114
48 116
48 120
48 122
49 8
49 20
49 22
49 25
49 28
49 49
49 59
49 63
49 67
49 79
49 87
49 88
49 90
49 96
49 107
49 108
49 117
49 129
49 131
49 140
49 157
49 160
49 161
49 296
49 388
49 395
49 399
49 401
49 402
50 2
50 7
50 10
50 23
50 36
50 41
50 48
50 52
50 56
50 80
52 34
52 39
52 51
52 62
52 66
52 72
53 10
53 13
53 19
54 7
54 18
54 24
54 31
54 37
54 38
54 42
54 43
54 48
54 53
55 1
55 3
55 10
56 5
56 8
56 20
56 21
56 22
57 34
57 38
57 40
57 56
57 59
57 61
57 65
57 68
57 78
57 81
57 84
57 99
57 100
57 101
57 210
57 226
57 230
57 239
57 244
57 248
57 257
58 1
58 9
58 10
58 20
58 21
58 23
58 24
58 41
58 45
58 52
58 53
58 56
58 64
58 69
58 80
58 85
59 16
59 22
59 24
59 29
59 39
59 52
59 55
59 57
59 59
59 65
59 96
60 5
60 7
60 10
60 13
60 15
60 16
60 23
60 29
60 31
60 33
60 46
60 52
60 55
60 57
60 65
60 70
60 86
60 90
61 9
61 11
61 24
61 25
61 34
61 35
61 41
61 50
61 60
61 61
61 71
61 73
61 99
61 100
61 103
61 105
62 17
62 29
62 33
62 37
62 41
62 43
62 50
62 52
62 69
62 72
62 78
62 81
62 85
62 102
62 105
62 108
62 121
62 125
62 138
62 140
62 157
62 158
62 164
63 2
63 12
63 13
63 15
63 17
66 24
66 32
66 35
66 41
66 53
66 56
66 58
66 59
66 60
66 61
66 73
66 79
66 80
66 88
66 89
66 96
66 97
66 109
66 114
66 115
66 125
66 132
66 133
66 139
66 143
66 152
66 153
66 162
66 164
66 175
66 179
66 194
66 200
67 4
67 8
67 14
67 16
67 17
67 21
67 24
67 30
67 32
67 39
67 48
67 49
67 58
67 60
67 76
67 94
67 96
67 98
67 106
67 108
67 115
68 89
68 93
68 110
68 113
68 118
68 120
68 124
68 133
68 144
68 147
68 158
69 1
70 18
70 19
71 47
71 50
71 59
71 64
71 73
71 74
71 75
73 6
73 9
73 11
73 20
73 21
73 27
73 35
76 50
76 52
76 54
76 59
76 61
76 65
76 71
76 76
76 83
76 84
76 90
76 92
76 93
76 96
76 100
76 101
76 102
76 104
76 106
76 111
76 113
76 122
77 7
77 8
77 29
78 2
78 5
78 6
78 12
79 43
79 52
79 54
79 55
79 63
79 64
79 71
79 79
79 84
79 90
79 93
79 99
79 108
79 111
79 118
79 127
79 129
79 131
79 132
79 136
80 21
80 26
80 31
80 40
80 41
80 46
80 51
80 69
80 73
80 74
80 75
80 79
80 81
80 87
80 111
80 123
80 126
80 127
81 5
81 18
83 1
83 8
83 28
84 5
84 37
84 41
84 56
84 57
84 59
84 84
84 85
84 97
84 101
84 105
84 109
84 122
84 124
84 127
84 133
84 134
84 143
84 147
84 153
84 173
84 174
84 193
84 203
84 206
84 257
84 261
84 263
84 267
84 268
84 272
84 281
85 7
85 8
85 19
85 22
86 2
86 5
86 10
87 6
87 16
87 24
87 28
87 36
87 44
87 51
87 56
87 58
87 60
87 64
87 68
87 73
87 79
87 80
87 86
87 87
87 89
87 92
87 95
87 99
87 109
87 122
87 128
87 131
87 143
87 144
87 255
88 1
88 5
88 6
88 10
88 13
88 39
91 27
91 30
91 32
91 33
91 35
91 47
91 55
91 57
91 62
91 63
91 66
91 68
91 75
91 77
91 80
91 81
91 86
91 105
91 114
91 123
91 130
91 131
91 142
91 145
91 158
91 160
91 164
91 165
91 172
91 178
95 3
95 7
95 12
95 25
95 31
95 67
96 13
96 18
96 29
97 1
97 5
97 13
97 14
97 18
97 22
97 24
97 33
97 35
97 38
97 40
97 46
97 47
97 48
97 52
97 56
97 85
97 86
97 89
97 90
97 98
97 101
97 113
100 15
100 16
100 20
100 23
100 30
100 32
100 68
100 73
100 77
100 81
101 12
101 41
101 44
101 47
101 62
101 63
101 69
101 70
101 76
101 79
102 4
102 5
102 7
102 54
102 55
102 81
102 87
102 92
102 95
102 97
102 99
102 104
102 109
102 110
102 114
102 124
102 125
102 137
103 26
103 32
103 38
103 42
103 44
103 47
103 49
103 73
103 76
103 82
103 85
103 95
103 105
103 107
103 108
103 117
103 125
105 16
106 2
106 8
106 9
106 10
106 11
106 25
106 32
106 39
106 50
106 63
106 64
106 65
106 66
106 74
106 86
106 88
106 89
106 90
107 61
107 63
107 70
107 77
107 85
107 86
107 90
108 8
108 13
108 46
108 64
108 68
108 71
109 7
109 10
110 10
110 11
110 13
110 14
110 16
110 26
110 33
110 45
110 47
110 53
111 2
111 4
111 5
111 14
111 15
111 38
111 44
111 45
111 57
111 63
111 67
112 18
112 21
112 23
112 25
112 51
112 91
112 104
112 108
112 110
112 112
