1 19
1 24
1 25
1 27
1 32
1 42
2 13
2 15
2 72
2 74
2 77
2 86
2 89
2 95
2 99
2 102
2 107
2 116
2 128
3 1
3 2
3 9
3 10
3 16
4 17
4 18
4 20
4 29
4 33
4 37
4 47
5 5
5 9
5 25
5 36
5 39
5 48
5 57
5 59
5 64
6 10
9 3
9 5
9 11
9 28
9 36
9 41
9 42
9 49
9 51
11 70
12 5
12 10
12 13
12 20
12 21
12 30
12 31
12 33
12 40
12 44
12 50
12 52
12 53
12 57
12 61
13 1
13 9
13 10
13 12
13 20
13 40
13 51
13 72
13 74
13 78
13 86
13 88
13 89
14 33
14 45
14 51
14 52
14 59
14 63
14 64
14 70
15 89
15 99
15 101
15 151
15 153
15 162
16 3
16 22
16 29
16 35
16 36
16 46
16 51
16 54
16 55
16 57
16 63
16 64
17 1
17 7
18 9
18 22
18 26
18 28
19 1
19 3
19 6
19 8
19 26
19 33
19 40
19 52
19 54
19 85
19 91
19 93
19 106
19 112
19 116
19 118
19 123
19 127
19 130
19 133
19 138
19 140
19 147
20 8
20 9
20 26
20 30
20 36
20 52
20 53
20 54
20 55
21 51
21 60
21 62
21 63
21 72
21 81
21 111
21 112
21 119
21 125
22 5
22 7
22 23
22 24
22 30
22 33
22 44
22 45
22 46
22 54
22 61
22 62
22 66
22 67
22 74
22 79
22 80
23 2
25 1
25 6
25 33
25 36
25 42
25 44
25 52
27 54
27 67
27 71
27 88
27 92
27 94
27 97
28 1
28 3
28 5
28 9
28 25
28 26
28 34
28 39
28 42
28 44
28 46
28 56
28 63
28 67
28 69
28 70
28 80
28 83
28 88
28 91
29 2
30 1
30 3
30 7
30 14
30 16
30 20
30 23
30 27
30 29
30 31
30 55
30 56
30 80
31 7
31 11
31 25
31 30
31 32
31 121
31 122
31 135
31 136
31 140
31 143
31 145
31 146
31 207
31 210
31 211
31 215
31 225
31 226
32 1
32 2
32 12
32 13
32 15
33 13
33 16
33 41
33 45
33 48
34 116
34 118
34 126
35 2
35 3
35 6
35 12
35 14
35 30
35 32
35 35
35 36
36 14
37 3
37 9
37 11
37 18
37 29
37 47
37 48
37 49
37 53
37 54
37 70
37 80
37 95
37 101
37 105
37 107
37 111
37 124
37 127
37 128
37 133
38 6
38 21
38 26
38 42
38 51
38 58
38 60
38 62
38 64
39 2
39 4
39 7
40 4
40 9
40 125
40 128
40 130
40 134
40 137
40 141
40 146
41 64
42 2
42 4
42 8
42 12
42 25
42 57
42 60
42 61
42 66
42 73
42 76
42 83
42 85
43 6
43 19
43 23
43 26
43 31
43 38
43 43
45 14
45 33
45 39
46 23
46 27
46 47
46 55
46 69
46 72
46 82
46 83
46 84
46 89
46 99
46 100
46 107
46 110
46 119
46 120
46 134
46 135
46 141
46 152
46 156
46 159
46 161
46 164
46 165
46 166
46 178
46 180
46 185
46 189
46 192
46 193
47 18
47 27
47 29
47 37
47 47
47 48
47 51
47 61
47 68
47 74
47 82
47 83
47 90
47 91
47 101
47 107
47 109
47 125
47 138
47 145
47 149
47 151
47 170
47 171
47 175
47 178
47 180
47 185
47 187
47 195
47 326
47 328
47 331
47 337
47 342
47 345
47 359
48 4
48 18
49 11
49 39
49 40
49 48
49 51
49 53
49 54
49 77
50 1
50 10
50 45
50 47
50 52
50 61
50 67
50 69
50 72
50 77
50 82
51 1
51 4
51 7
51 9
51 10
51 15
51 27
51 32
51 49
51 51
51 53
51 54
51 62
51 67
51 71
51 72
51 76
51 78
51 80
51 81
51 84
51 94
51 95
51 97
51 99
53 16
53 17
53 24
53 32
54 5
55 6
55 11
56 3
56 11
56 12
56 17
56 25
56 34
56 35
56 39
57 89
57 92
57 96
57 98
57 102
57 103
57 112
57 113
57 117
57 119
57 125
57 127
57 132
57 138
57 146
57 155
57 158
57 165
57 175
57 184
57 190
57 194
57 209
57 217
57 220
57 221
57 231
57 236
57 277
57 285
57 291
57 300
57 305
57 311
57 328
57 332
57 335
57 345
57 350
57 351
57 370
57 374
58 30
58 31
58 32
58 55
58 57
60 86
62 33
62 36
62 38
62 43
62 44
62 45
62 49
62 50
63 57
63 72
63 77
63 80
63 86
63 89
63 95
63 96
63 102
63 108
63 109
63 120
63 123
63 129
63 141
63 155
63 158
63 159
63 172
63 319
63 323
63 333
63 334
63 339
63 340
63 351
63 352
63 354
63 356
63 358
63 365
64 21
64 25
64 26
64 30
64 41
64 48
64 56
64 59
64 64
64 68
65 1
65 5
65 17
65 18
65 21
65 25
65 29
65 31
65 36
65 39
66 4
66 8
66 9
67 9
67 16
67 17
67 101
67 102
67 116
67 120
67 123
67 159
67 170
67 184
67 188
68 2
68 3
68 19
68 20
68 33
68 37
68 41
68 50
68 57
68 62
68 63
68 65
68 71
68 82
68 83
68 84
68 87
68 90
68 96
68 102
68 104
68 109
68 125
68 139
68 156
68 157
68 172
68 178
68 185
69 2
69 9
70 2
70 4
70 6
70 21
70 29
70 40
70 58
71 4
71 10
71 12
71 14
71 16
71 20
74 70
74 71
74 73
75 20
75 34
75 40
75 41
75 45
75 46
75 95
75 97
75 118
75 121
75 123
76 23
76 26
76 31
76 34
76 40
76 46
76 47
76 49
76 50
76 53
76 59
76 70
76 74
76 75
76 78
76 91
76 95
76 96
76 110
76 111
76 123
76 127
76 128
76 131
76 136
76 139
76 142
76 147
76 151
77 1
77 6
78 16
78 20
78 30
78 34
78 35
78 44
79 1
79 22
79 30
79 44
79 52
79 65
79 66
79 107
80 1
81 19
81 20
81 28
81 29
82 14
82 15
82 17
82 22
82 23
82 30
82 31
82 34
82 41
82 43
82 48
82 49
82 55
82 70
82 71
82 86
82 92
82 94
82 98
82 101
82 102
82 105
82 106
82 109
82 118
82 130
82 131
82 138
82 145
82 146
82 149
82 152
82 155
82 159
83 21
83 22
83 35
83 38
83 39
83 40
83 55
83 59
83 61
83 62
83 70
84 2
84 5
84 7
84 11
84 15
84 20
85 14
88 113
90 1
90 10
90 24
91 3
91 4
91 6
92 3
92 12
92 18
92 23
92 77
92 78
92 144
92 147
92 149
92 152
92 170
92 172
92 174
92 178
94 4
94 14
94 18
94 22
94 25
94 53
94 58
94 59
94 62
94 69
94 81
94 85
94 87
94 91
94 94
94 116
94 133
94 145
94 148
94 164
94 189
94 198
94 208
95 6
95 11
95 18
95 19
95 20
95 24
95 32
95 40
95 46
95 58
95 63
96 2
96 11
96 17
96 19
96 28
96 31
96 45
96 47
97 4
97 6
97 7
97 9
97 13
97 14
97 23
97 26
97 153
98 18
98 23
98 31
98 32
98 49
98 57
98 62
98 75
98 76
98 79
98 97
99 14
99 17
99 32
99 47
99 50
99 51
99 52
99 53
99 56
99 58
99 60
99 61
99 67
99 69
99 70
99 71
99 84
100 1
100 4
100 6
100 7
100 15
100 17
100 27
100 39
100 48
100 53
100 56
100 63
100 72
100 81
100 86
100 88
101 11
101 17
101 21
101 22
101 27
101 29
101 31
101 34
101 37
101 46
101 53
101 54
101 61
101 62
101 63
101 81
101 90
101 99
102 4
102 6
102 15
102 17
102 32
102 33
102 45
102 48
102 49
102 58
102 62
102 68
102 69
102 70
102 74
102 77
102 81
102 86
102 92
102 99
102 110
102 122
102 140
102 141
102 145
102 154
102 243
102 244
102 247
102 253
103 2
103 25
103 26
103 27
103 29
103 38
103 39
103 54
103 60
103 71
103 76
103 79
103 80
103 91
104 13
104 36
105 1
105 5
105 22
105 25
105 28
105 30
105 39
105 42
105 49
105 59
105 76
105 77
105 83
105 85
105 90
105 95
105 97
105 98
105 101
105 103
106 3
106 20
106 21
106 24
106 26
106 28
107 9
107 15
107 33
107 34
107 54
107 58
107 66
107 73
108 1
108 4
108 10
108 15
108 34
108 36
108 38
108 41
108 42
108 44
108 51
108 75
108 77
108 82
108 87
108 155
108 165
108 177
108 180
108 189
108 204
108 208
108 209
108 221
108 222
108 228
108 240
108 244
108 249
108 250
108 269
108 281
108 283
108 285
108 289
108 291
108 292
108 305
108 311
108 315
109 13
109 22
109 26
109 31
109 32
109 33
109 35
109 37
109 42
109 65
109 67
