1 21
1 162
1 163
1 167
1 174
1 197
1 200
1 202
1 206
1 212
2 1
2 15
2 17
2 22
2 23
2 27
2 29
2 33
2 38
3 3
3 5
3 7
3 16
3 33
3 41
3 68
3 69
3 71
4 7
4 9
4 12
4 14
4 33
4 35
4 41
5 1
5 2
5 4
5 7
5 10
6 1
6 3
7 31
7 36
7 39
7 44
7 46
7 70
7 76
7 80
7 81
7 260
7 276
7 279
7 280
7 281
7 286
7 291
7 294
7 297
7 310
7 313
7 322
7 343
7 349
7 354
7 362
7 369
7 371
7 383
7 386
7 387
7 388
7 392
7 399
7 406
7 409
7 411
7 412
7 415
7 418
7 424
7 432
7 458
7 468
7 475
7 478
7 481
7 482
7 491
7 509
7 522
7 523
7 531
7 532
7 542
7 544
7 554
7 559
7 572
7 578
8 1
8 8
8 10
8 14
8 15
8 22
8 26
8 27
8 30
8 38
8 40
8 44
8 46
8 49
8 53
8 64
8 78
8 88
8 94
8 100
9 1
9 5
9 46
13 26
14 75
14 76
14 144
14 159
14 169
14 177
14 179
14 180
14 184
14 193
14 196
14 208
14 216
14 229
14 233
15 60
17 4
17 5
17 6
18 3
18 4
18 9
18 12
18 13
18 24
19 3
19 4
19 8
19 10
19 16
19 23
20 7
20 20
20 26
20 28
20 32
20 39
20 44
20 45
20 51
20 56
20 62
20 83
20 101
20 106
20 107
20 114
20 118
21 2
21 16
21 145
21 148
21 150
21 153
21 155
21 156
21 161
21 162
21 165
21 177
21 181
22 59
22 68
22 69
22 78
22 103
22 104
22 108
22 113
22 119
22 124
22 147
22 154
22 163
22 164
22 168
22 194
22 205
22 206
22 214
22 224
22 230
22 233
22 241
22 269
22 273
22 281
22 284
22 289
22 290
22 291
22 295
22 298
22 307
22 311
23 50
23 51
23 53
23 54
23 57
24 17
24 19
25 3
25 5
25 6
25 78
25 86
25 89
25 91
25 96
25 98
25 102
25 127
25 132
25 135
25 136
25 143
25 149
25 152
25 154
25 171
25 172
25 173
25 179
25 186
27 6
27 13
27 34
27 36
27 46
27 52
27 59
27 88
27 99
27 101
27 107
27 117
27 118
27 125
27 126
28 18
28 23
28 26
28 32
28 35
28 41
28 42
28 51
28 71
28 72
28 74
30 21
30 24
30 28
30 30
30 37
30 39
30 40
32 34
32 40
32 57
32 60
32 65
32 67
32 69
32 74
32 78
32 82
32 84
33 8
33 9
33 32
33 34
33 37
33 56
33 64
33 66
33 200
33 204
33 218
33 229
33 234
33 238
33 239
33 242
33 243
33 245
33 246
33 247
34 27
34 29
34 30
34 40
34 41
34 43
34 59
34 96
34 97
34 98
34 103
34 105
34 108
34 128
34 133
34 140
34 141
34 145
34 169
34 175
34 191
34 194
34 196
34 204
34 209
34 214
34 215
34 240
34 247
34 251
34 268
34 270
34 280
34 286
34 287
34 291
34 294
34 295
34 296
34 300
34 307
34 308
34 313
34 315
34 318
34 319
34 326
34 334
34 342
34 344
36 6
36 18
37 5
37 6
37 14
37 33
37 34
37 35
37 41
37 43
37 56
38 1
38 5
38 9
38 66
38 69
38 77
38 80
38 84
38 87
38 94
38 95
38 107
38 111
38 114
38 116
38 118
38 120
38 195
38 198
39 17
39 19
39 22
39 25
39 34
39 37
39 49
39 51
40 18
40 25
40 27
41 2
41 6
41 12
41 14
41 23
41 32
41 38
41 39
41 55
41 63
41 64
41 65
41 66
42 3
42 12
42 15
42 20
42 21
42 23
42 42
42 46
42 51
42 53
42 63
42 70
42 72
42 78
42 87
42 96
42 99
42 104
42 107
42 110
42 115
42 135
42 140
42 141
42 153
42 166
42 172
42 176
42 191
42 194
42 199
42 203
42 212
42 213
42 215
42 220
42 225
42 232
42 233
42 234
42 237
42 240
42 252
42 253
42 258
42 261
42 268
42 269
42 274
42 276
42 278
42 280
42 285
42 292
42 294
42 296
42 305
42 308
42 315
42 320
42 326
42 327
42 330
42 340
42 343
42 375
42 376
42 379
42 382
42 386
42 388
42 395
42 397
42 401
42 406
42 413
42 418
42 432
42 433
42 435
42 438
42 442
42 458
42 466
42 468
42 470
42 475
43 7
43 9
43 13
43 15
43 17
43 20
43 28
43 30
43 31
43 39
43 46
43 52
43 57
43 58
43 84
43 90
43 107
45 9
45 11
45 28
45 30
46 3
46 5
46 13
46 14
46 18
46 20
46 22
46 23
46 25
46 27
46 32
46 38
46 77
46 78
46 90
46 91
46 93
46 97
46 116
46 140
46 144
46 153
46 169
46 176
46 181
46 201
46 205
46 206
46 208
46 214
46 221
46 223
46 228
46 323
46 331
46 339
47 12
47 13
47 16
47 24
47 25
47 27
47 32
47 43
47 44
47 46
47 56
47 59
50 28
52 1
52 10
52 14
52 22
52 23
52 27
52 37
52 38
52 44
52 46
52 57
52 66
52 75
52 76
52 77
52 78
52 190
54 2
54 14
54 20
54 21
55 4
55 15
55 19
55 30
55 67
55 68
55 73
55 75
55 76
56 1
56 7
57 9
57 11
57 29
57 30
57 33
57 41
57 43
57 61
57 66
57 103
57 112
58 2
58 9
58 12
58 24
58 29
58 31
58 37
58 42
59 31
59 36
59 42
59 50
59 55
59 67
59 68
60 3
60 7
60 15
60 18
60 22
61 5
61 7
61 13
61 20
61 22
61 23
61 36
61 41
61 44
61 46
61 52
61 53
61 56
61 60
61 62
61 68
61 70
61 76
61 80
61 114
61 122
61 124
61 125
61 134
61 143
61 156
61 159
61 162
61 170
61 174
61 177
61 178
61 180
62 7
62 8
62 13
62 32
62 35
62 122
62 123
62 124
62 128
62 134
62 138
62 139
62 141
62 158
62 166
62 169
62 175
62 182
62 191
62 193
62 198
62 199
62 209
62 225
62 285
62 288
62 294
62 299
62 301
62 302
62 306
62 310
62 314
63 5
63 6
63 8
63 29
63 31
63 50
63 56
63 61
63 83
63 86
63 91
64 85
64 88
64 97
64 109
64 116
64 125
65 1
65 7
65 11
65 15
65 21
65 22
65 24
66 7
66 8
66 15
66 19
66 23
66 25
67 3
67 4
69 1
69 4
70 4
70 6
70 10
70 12
70 21
70 24
70 27
70 41
70 50
70 54
70 57
70 68
70 79
70 80
70 87
70 88
70 89
70 90
70 96
70 110
70 168
71 4
71 7
71 11
71 14
71 16
73 40
75 55
75 56
75 63
75 66
75 71
75 82
75 88
76 2
76 15
76 20
76 34
76 39
76 52
76 61
76 70
76 72
76 74
76 79
76 98
76 175
76 176
76 194
76 217
76 222
76 224
76 226
76 234
76 247
76 263
76 264
76 265
76 272
76 274
76 275
76 276
76 277
76 288
76 293
76 295
76 296
76 318
76 328
76 332
76 337
76 339
76 340
77 122
77 124
77 131
77 133
77 134
77 135
77 151
77 152
77 153
77 164
77 175
77 176
77 178
77 179
77 196
77 201
77 212
77 219
78 10
78 11
78 26
78 34
78 37
78 38
78 52
79 1
79 5
79 14
79 16
79 23
79 24
79 30
79 35
79 44
79 45
79 47
79 53
79 65
79 74
80 7
80 8
80 11
80 50
80 61
80 67
80 74
81 1
81 5
81 13
81 25
81 41
81 51
81 61
81 70
81 77
81 78
81 89
81 92
81 104
81 105
81 124
81 133
81 143
81 146
81 147
82 3
82 8
85 22
85 25
85 34
85 45
85 47
85 48
85 49
85 58
85 77
85 80
85 84
85 90
85 106
85 113
85 124
85 129
85 138
85 142
85 156
85 163
85 194
85 207
87 4
87 6
87 12
87 14
87 20
87 22
87 77
87 136
87 138
87 147
87 150
87 151
87 155
87 165
87 170
87 177
87 183
87 186
87 192
89 1
89 18
89 20
89 27
89 31
89 35
89 176
89 177
89 178
89 181
89 194
89 198
89 203
89 206
89 207
89 222
89 229
89 236
89 247
90 1
90 6
90 8
90 16
90 24
90 27
90 29
90 36
90 38
90 43
90 44
90 46
90 49
90 56
90 62
90 72
90 78
90 80
90 81
90 85
90 91
90 94
90 107
90 109
90 111
90 120
90 121
90 124
90 136
90 137
90 139
90 141
90 142
90 144
90 146
90 153
90 156
90 161
90 164
90 167
90 170
90 172
90 192
90 194
90 204
90 205
90 208
90 210
90 211
90 217
90 221
90 227
90 230
91 12
91 24
91 27
91 28
91 30
91 32
91 35
91 41
91 51
91 84
91 91
91 104
91 117
91 129
