1 5
1 8
1 11
1 23
1 26
1 34
3 16
3 37
3 41
3 47
3 72
3 76
4 5
6 22
6 25
6 29
6 32
6 33
6 36
6 44
6 45
7 16
8 12
8 25
8 27
8 32
8 34
9 1
9 4
9 8
9 20
9 22
9 23
9 29
9 37
9 47
9 49
9 52
9 68
9 78
9 87
9 91
9 93
9 103
9 117
9 139
9 149
9 150
9 151
9 153
9 154
9 162
9 163
9 170
9 175
9 180
9 185
9 186
9 192
9 193
9 196
9 201
10 7
10 10
10 17
10 24
10 27
10 28
10 31
10 34
10 41
10 42
11 2
11 7
11 21
11 30
11 31
11 169
11 184
11 188
11 190
11 192
11 196
12 21
13 3
13 6
14 1
14 8
16 6
16 8
16 9
17 5
17 9
17 13
17 15
18 2
19 2
19 16
19 17
19 19
19 26
19 33
19 35
19 39
20 101
20 111
20 113
20 115
20 172
21 123
23 20
23 22
24 85
25 3
25 6
25 24
25 26
25 33
25 37
25 39
25 41
25 42
25 43
25 50
26 13
26 18
26 27
26 28
26 37
26 48
26 49
26 68
26 71
26 73
27 1
27 7
27 9
27 12
27 19
28 10
28 15
28 26
28 28
28 31
28 33
28 34
28 35
29 4
29 145
29 147
29 148
29 152
29 167
29 172
29 181
29 182
30 1
30 5
30 11
30 15
30 18
30 19
30 23
30 24
30 31
30 39
30 46
30 49
30 65
30 68
30 85
30 87
30 93
30 100
30 101
30 104
30 211
30 214
30 222
30 227
30 228
30 229
30 250
30 257
31 3
31 6
31 11
31 31
31 33
31 168
31 170
31 172
31 173
31 181
31 188
31 189
31 199
31 207
31 208
31 223
31 235
31 237
31 245
31 250
31 257
32 30
32 35
33 3
34 2
34 3
34 4
34 13
34 16
34 20
34 21
34 22
34 28
34 29
34 46
34 56
34 57
34 64
34 65
34 88
34 90
34 104
34 198
34 206
34 207
34 259
34 260
34 261
34 262
35 1
35 8
35 11
37 50
38 8
38 12
38 16
38 24
38 151
38 160
38 167
38 180
38 189
39 6
39 11
39 22
39 29
39 30
39 163
39 169
39 182
39 202
39 203
39 208
39 216
39 237
39 243
40 89
40 95
40 99
40 105
40 107
40 116
40 118
41 1
41 8
41 26
41 29
41 35
41 39
41 47
41 50
41 55
41 61
41 62
41 64
42 12
42 13
42 17
42 24
42 30
42 33
42 35
43 52
43 69
43 75
43 77
44 17
44 26
44 28
44 30
44 38
44 39
44 40
44 42
44 44
44 47
44 66
44 72
44 78
44 88
44 99
44 110
44 112
44 127
44 133
44 138
44 139
45 14
45 17
45 18
45 22
45 26
45 27
45 29
45 30
45 35
45 40
45 41
45 47
45 56
46 14
46 19
46 20
46 21
46 22
46 24
46 29
46 33
46 35
46 40
47 9
48 1
48 15
48 17
48 22
48 25
48 60
48 69
48 76
49 2
49 10
51 29
51 49
51 53
51 155
51 157
51 158
52 1
52 2
52 12
52 14
52 20
52 22
52 25
52 27
52 37
52 46
52 55
52 80
52 82
52 95
52 109
53 22
53 47
53 51
53 62
53 131
54 9
54 11
54 12
54 28
54 36
54 37
55 4
56 54
56 56
56 57
56 70
56 72
56 76
56 81
56 85
56 92
56 95
56 96
56 97
56 98
56 109
56 115
56 116
56 118
56 137
56 145
56 146
56 149
56 153
56 155
56 161
56 165
56 168
56 173
56 177
57 3
57 5
57 6
57 34
57 36
57 52
57 58
58 2
58 14
58 25
58 30
58 44
58 52
58 54
58 66
58 67
58 87
59 42
59 53
59 57
59 67
60 1
60 6
60 10
60 12
60 14
60 24
60 26
60 27
60 29
60 30
60 42
60 44
60 47
60 48
60 55
60 56
60 58
60 86
60 92
60 93
60 94
60 101
60 103
60 113
60 114
60 126
60 127
61 4
61 13
61 15
61 16
61 17
61 25
61 31
61 33
61 34
61 42
61 45
61 46
61 47
61 55
61 62
61 77
61 79
61 81
62 21
62 23
62 25
62 27
62 29
62 38
62 49
62 53
64 38
64 49
64 55
64 58
64 60
65 9
65 15
65 17
65 23
65 31
65 37
65 54
65 80
65 81
65 84
65 85
65 90
65 92
65 95
65 100
65 104
65 109
65 111
65 115
65 127
65 129
65 135
65 138
65 139
65 173
65 175
65 178
65 183
65 186
65 199
65 200
65 209
65 223
65 310
65 314
65 317
65 325
65 329
65 332
65 334
65 336
65 339
65 343
65 344
65 350
65 360
65 364
65 369
65 370
66 90
66 91
66 108
66 114
66 121
66 122
66 125
66 126
66 129
66 133
66 134
66 139
66 140
66 143
66 157
66 159
66 162
66 170
66 172
66 205
66 207
66 211
66 217
66 218
66 228
66 235
66 239
66 241
66 243
66 248
66 253
66 259
66 266
66 268
66 273
66 281
66 291
66 297
66 300
66 305
66 316
66 320
66 327
66 333
67 120
68 4
68 8
68 10
68 13
68 20
68 22
68 25
68 27
68 36
68 39
68 47
68 52
68 54
68 55
68 65
68 66
68 68
68 78
68 79
68 80
68 84
68 94
68 102
70 95
70 103
70 112
70 113
70 117
70 125
70 126
70 130
70 135
70 141
70 152
70 155
70 175
70 184
70 199
70 216
70 218
70 222
70 226
70 228
71 3
71 4
71 11
71 25
71 31
71 33
71 37
71 44
71 47
71 67
71 69
71 71
71 74
71 86
71 90
75 7
75 12
75 38
75 39
75 40
75 44
76 104
76 106
76 119
76 121
76 125
77 29
77 39
77 43
77 48
77 50
77 58
77 63
77 64
77 80
78 2
79 13
79 16
79 19
79 22
79 30
79 32
79 33
79 38
79 63
79 65
79 78
79 81
79 82
79 94
79 97
79 160
79 164
79 166
79 169
79 179
79 190
79 207
79 212
79 220
79 222
79 223
80 17
80 26
80 32
80 36
80 43
80 51
80 52
80 54
80 61
80 66
81 5
81 9
81 10
82 12
82 19
82 20
82 52
82 65
83 1
83 2
83 6
84 12
84 18
84 33
84 36
84 45
84 57
84 60
84 68
84 73
84 75
84 79
84 82
84 89
84 90
84 92
84 94
84 113
84 120
84 126
84 127
84 134
85 71
85 72
85 73
86 2
86 5
86 38
86 49
86 50
87 4
87 10
87 20
87 23
87 24
87 32
87 46
87 47
87 48
87 57
87 65
87 68
87 74
87 76
87 221
87 226
87 229
87 240
87 241
87 243
87 248
87 252
87 268
87 270
87 277
87 406
87 407
87 411
87 541
87 550
87 557
87 559
87 564
87 566
87 567
87 573
87 575
87 583
87 596
87 600
88 4
88 8
88 12
88 18
88 20
88 21
88 24
88 32
88 40
88 41
88 52
88 55
88 68
88 73
88 78
88 80
88 82
88 85
89 2
89 8
89 19
89 27
89 34
89 45
89 52
89 184
89 195
89 200
89 202
89 229
89 230
89 233
89 236
89 249
90 1
90 2
90 3
90 7
90 8
90 10
90 14
90 19
90 22
90 28
90 31
90 32
90 33
90 34
90 36
90 37
90 59
90 73
90 74
90 76
90 77
90 87
90 88
90 91
90 113
90 117
91 102
91 103
91 108
91 116
91 119
91 125
91 130
91 132
91 136
91 138
91 148
91 149
91 160
91 163
91 169
91 171
91 176
91 222
91 231
91 237
91 238
91 241
91 249
91 255
91 256
91 258
91 259
91 262
91 264
91 266
91 269
91 291
91 293
91 294
91 298
91 303
91 305
91 313
91 326
91 327
91 336
91 340
91 347
91 350
91 353
91 354
91 372
94 19
94 26
94 28
94 29
94 31
94 38
94 41
94 51
94 52
94 53
94 64
94 68
94 71
94 74
95 8
95 19
95 25
95 30
95 33
95 34
95 37
95 38
95 40
95 42
95 46
95 70
