1 7
1 8
1 12
1 14
1 22
1 29
1 38
1 40
1 41
1 44
1 168
3 2
3 7
3 10
3 37
3 42
3 47
3 48
5 5
5 9
5 12
5 13
6 2
6 7
7 1
7 15
8 1
8 5
9 8
9 10
9 11
9 15
9 17
9 22
9 23
9 29
9 31
9 40
9 96
9 101
9 110
9 123
9 125
9 129
9 134
10 32
10 34
10 35
10 42
10 48
10 57
10 63
10 64
10 71
10 72
10 86
10 96
12 75
12 77
12 93
12 94
12 100
12 102
12 161
12 164
12 165
12 169
12 227
12 233
12 236
12 244
12 246
12 250
14 104
14 106
14 130
14 135
14 153
14 155
14 157
14 158
14 160
14 178
14 180
14 184
15 3
15 12
15 16
15 18
15 34
15 37
15 46
15 56
17 13
18 1
18 14
18 18
18 21
18 28
18 32
18 47
18 51
18 53
18 63
18 67
18 73
18 82
18 87
18 89
18 94
18 96
18 102
18 187
18 188
19 12
19 16
19 21
19 23
19 32
19 36
19 40
20 89
20 91
20 105
20 109
20 110
20 119
20 135
20 136
21 3
21 6
22 4
22 12
22 18
23 71
24 7
24 10
24 14
24 20
28 37
28 43
28 71
28 72
28 78
28 83
28 85
28 99
28 108
28 110
28 113
28 117
28 119
28 124
28 135
28 140
28 147
28 153
28 155
28 157
28 161
28 177
28 181
28 187
28 196
28 201
28 202
28 204
28 216
28 219
28 240
28 254
28 258
29 16
29 20
29 23
29 24
29 26
33 42
33 44
33 45
33 59
33 60
33 61
33 65
33 66
33 75
33 78
33 96
33 97
33 117
33 123
33 127
33 137
33 140
33 152
33 153
33 157
33 164
33 167
33 173
33 181
33 190
33 210
33 211
33 215
33 217
33 218
33 222
33 224
33 250
33 257
33 261
33 262
33 267
33 272
33 280
33 281
33 282
33 285
33 294
33 314
34 5
34 8
34 15
35 5
35 38
35 51
35 52
35 55
35 196
36 1
36 14
36 18
36 20
36 24
36 28
36 41
36 49
36 54
36 56
36 59
36 60
36 62
36 69
36 74
36 75
36 85
36 87
36 88
36 91
36 101
36 107
36 111
36 113
36 114
36 116
36 126
36 129
36 131
36 146
36 149
36 153
36 161
36 162
37 2
37 7
37 8
37 9
37 15
37 20
37 24
37 39
37 43
37 44
37 53
37 57
38 7
38 9
38 11
38 19
38 22
38 28
38 45
38 50
38 52
38 54
38 67
38 76
38 83
38 91
38 103
38 106
38 116
38 121
38 128
39 16
39 24
39 25
39 32
39 34
39 77
39 81
39 82
39 83
39 87
39 103
39 105
39 112
39 123
39 127
41 77
41 80
41 85
41 87
41 88
41 90
41 95
41 99
41 100
42 7
42 11
42 142
42 146
42 149
42 163
43 5
43 9
43 11
43 19
43 30
43 35
43 36
43 38
43 46
43 50
43 55
43 79
43 87
43 91
43 92
43 100
43 103
43 106
43 117
43 123
43 137
43 139
43 144
43 150
43 156
45 13
45 25
45 29
45 30
45 42
45 49
45 57
45 63
45 65
45 85
45 86
45 87
45 90
45 91
45 107
45 116
46 1
46 13
46 18
46 29
46 33
46 47
46 50
46 54
46 60
46 65
46 67
46 70
46 91
46 93
46 95
46 101
46 113
46 114
46 118
46 124
48 7
48 19
48 20
48 25
48 30
48 35
48 38
48 54
49 22
49 29
49 30
49 32
49 33
49 38
49 56
49 70
49 71
49 76
49 78
49 79
49 81
49 86
49 91
50 5
50 6
50 11
50 12
50 13
50 17
50 29
50 30
50 84
50 89
50 91
50 95
51 28
52 75
52 87
52 91
52 100
52 106
52 112
52 131
52 132
52 133
52 138
52 139
52 141
52 160
53 8
53 11
54 2
54 4
54 8
54 24
54 25
54 31
54 47
54 50
54 59
54 66
54 70
55 13
55 31
55 32
55 33
55 42
55 60
55 63
55 66
55 70
55 74
56 23
56 24
56 29
56 31
56 45
57 2
57 6
57 13
57 20
57 22
57 28
57 46
57 50
57 53
57 58
57 70
57 71
57 79
57 86
57 95
57 100
57 104
57 106
57 114
57 117
57 122
57 133
57 135
57 144
57 156
57 162
57 173
57 181
57 182
57 206
58 84
58 85
58 92
58 94
58 98
58 117
58 127
58 128
58 130
58 133
58 139
58 143
58 146
58 157
58 158
58 173
58 177
58 178
58 196
58 204
58 208
58 212
58 216
58 232
58 245
58 246
58 247
58 248
58 259
58 260
58 267
58 272
59 8
59 13
59 21
59 152
59 153
59 158
59 162
59 173
59 179
59 182
59 189
59 190
59 194
59 195
59 199
59 201
59 231
59 232
59 239
59 240
59 245
59 247
59 260
59 264
59 271
59 273
59 274
59 277
59 286
59 417
60 93
60 94
60 101
60 110
60 114
60 116
60 117
60 121
60 123
60 124
60 143
60 150
60 155
60 160
61 17
61 21
61 25
61 26
61 29
61 39
61 51
61 79
61 89
61 100
61 154
62 1
63 10
63 14
63 16
63 19
63 21
63 23
66 18
66 20
66 24
66 35
66 36
66 37
66 41
66 56
66 57
66 63
66 64
66 71
66 74
66 77
66 93
66 96
66 97
66 99
66 103
66 107
66 108
66 117
66 122
66 127
66 130
66 137
66 138
66 156
66 158
66 159
66 166
67 1
67 8
68 29
68 34
68 40
68 45
68 86
68 89
68 96
68 97
68 101
68 108
68 115
68 136
68 140
68 158
68 161
68 170
68 174
68 179
68 181
69 6
69 7
69 14
69 22
69 32
69 49
69 51
69 59
70 3
70 9
70 19
70 26
70 31
70 37
70 43
70 44
70 45
70 47
70 49
71 2
71 8
72 10
72 13
72 16
72 17
73 4
73 9
73 13
73 15
73 16
74 9
74 18
74 22
74 23
74 35
74 39
74 41
74 53
74 55
74 65
74 66
74 91
74 105
74 112
74 118
74 121
74 124
74 143
74 147
74 148
74 152
74 154
74 155
74 165
74 181
75 5
75 15
75 20
75 35
75 111
75 113
75 114
75 115
75 119
75 126
75 127
75 130
75 132
76 1
76 9
76 28
76 30
76 37
76 45
76 46
76 50
76 55
76 64
76 68
76 74
76 90
76 92
79 6
79 9
79 12
79 13
79 22
79 42
79 58
79 76
79 79
79 84
80 4
80 6
80 12
80 15
80 18
80 29
80 32
81 11
81 12
81 20
81 29
81 35
81 41
81 47
81 48
81 58
81 59
81 67
81 91
81 106
81 108
81 120
81 132
81 136
81 139
81 155
81 156
81 157
82 2
82 15
82 29
82 31
82 34
82 39
82 43
82 44
82 45
83 2
83 9
83 11
83 12
86 10
86 16
86 19
86 23
86 30
88 1
88 11
88 29
88 37
88 39
88 43
88 44
88 45
88 47
88 52
88 61
89 34
89 37
89 53
89 75
89 83
89 89
89 95
89 97
89 131
89 136
89 145
89 157
89 158
89 163
89 166
89 171
89 172
89 208
89 215
89 217
89 222
89 226
89 236
89 241
89 242
89 255
89 272
89 279
90 3
90 5
90 6
90 9
91 9
91 16
91 18
91 22
92 2
92 8
92 12
92 16
92 22
92 44
92 49
92 55
92 58
92 61
92 93
92 96
92 100
92 106
92 116
92 127
92 131
92 135
92 268
92 269
92 271
92 291
92 298
92 306
92 307
92 312
92 320
92 321
92 331
92 332
92 336
92 342
92 351
92 358
92 364
92 366
92 369
92 370
92 375
92 385
92 386
92 400
92 405
92 425
92 427
92 431
92 433
92 436
92 445
92 448
94 46
94 48
95 3
95 14
95 17
95 33
95 44
95 48
95 49
95 61
95 69
95 85
96 13
96 19
96 42
96 69
96 72
96 79
96 86
96 99
96 102
96 111
96 115
96 155
96 159
96 174
96 182
96 187
96 188
96 192
96 193
98 62
98 63
98 70
98 74
98 82
98 84
98 91
98 94
98 96
98 97
98 98
98 99
98 106
98 108
98 109
98 144
98 150
98 160
98 164
98 174
98 176
98 183
98 184
99 14
99 101
99 102
99 112
99 116
99 119
99 123
100 3
101 2
101 5
101 6
101 8
101 39
101 40
101 45
101 46
101 58
101 60
102 8
103 18
103 20
103 31
103 40
