1 1
1 11
1 14
1 17
1 19
1 20
1 41
1 44
1 54
1 60
1 65
1 66
1 68
1 71
1 74
1 76
1 85
2 1
2 16
2 18
3 146
3 148
6 11
6 14
6 24
6 28
6 32
6 37
6 41
6 42
7 8
8 66
8 71
8 77
8 80
8 81
8 87
8 95
8 103
8 117
8 119
8 122
9 4
10 2
10 6
10 11
10 19
10 22
10 24
10 30
10 31
11 2
11 13
11 20
11 21
11 22
12 13
12 16
12 39
12 59
12 62
12 65
12 72
12 74
12 77
12 80
12 81
12 88
12 92
12 95
12 109
12 113
12 118
12 120
12 121
12 129
12 132
12 264
12 283
13 23
13 36
13 46
13 50
13 56
13 58
13 61
13 88
14 2
14 4
14 7
14 33
14 37
14 38
14 44
14 49
14 53
14 56
14 61
14 77
14 78
14 80
14 89
14 91
15 126
15 152
15 163
15 164
15 166
15 171
16 1
16 10
16 22
16 27
16 29
16 32
17 64
17 87
17 89
17 95
20 6
20 8
20 9
20 15
20 19
20 56
20 65
20 67
20 74
20 76
20 81
20 88
20 210
20 217
20 218
20 224
21 5
21 7
21 9
21 10
23 70
23 81
23 82
23 91
23 92
23 94
23 100
23 117
23 118
23 119
23 121
24 32
24 37
24 43
24 54
24 59
24 65
24 70
24 78
24 79
24 82
24 83
24 84
24 91
24 94
24 102
24 109
24 120
24 149
24 151
24 153
24 154
24 162
24 165
25 5
25 22
25 24
26 5
26 12
26 19
26 31
26 33
26 38
26 41
26 45
26 59
26 61
26 64
26 66
26 82
26 86
26 96
26 97
26 102
26 105
26 119
26 149
26 158
26 188
26 321
26 322
26 327
26 332
26 335
26 338
26 342
26 343
26 383
26 394
26 402
26 403
26 411
27 18
27 20
27 28
27 32
27 37
27 39
27 41
27 58
27 192
27 194
27 201
27 210
27 222
27 225
27 227
27 231
27 233
27 236
27 237
27 241
27 245
27 246
27 264
27 272
27 275
30 4
30 7
30 8
30 145
30 147
30 154
30 155
30 156
30 158
30 163
30 164
30 167
30 178
30 183
30 187
31 8
31 17
32 7
32 9
33 5
33 6
33 11
33 53
34 10
34 13
34 15
35 4
35 5
35 17
37 19
38 23
38 28
39 9
39 13
39 15
39 150
39 154
40 2
40 3
40 5
40 19
40 36
40 44
40 52
40 54
41 125
42 2
42 4
42 21
42 23
42 29
42 31
42 33
42 35
42 41
42 45
42 60
42 63
42 68
42 70
42 85
42 88
43 118
44 1
45 82
45 92
45 101
45 111
45 121
45 169
45 174
45 178
45 180
45 181
45 193
45 212
45 223
45 224
45 227
45 241
45 243
46 13
51 9
51 10
51 13
51 15
51 28
51 29
51 31
53 14
53 15
53 16
53 29
53 52
53 53
53 97
53 106
53 110
53 116
53 118
53 121
53 122
53 269
53 273
53 281
53 286
53 297
53 308
53 314
53 315
53 316
54 1
54 11
54 14
54 24
54 29
55 22
56 1
56 2
56 3
56 4
56 5
56 15
56 22
56 24
56 25
56 33
56 47
56 49
56 69
56 73
56 76
56 77
56 80
56 88
56 101
56 102
56 114
56 121
56 122
56 126
56 127
56 143
56 156
56 160
56 163
56 164
56 168
56 169
56 172
56 176
56 177
56 180
56 201
57 27
58 2
58 6
58 15
58 18
58 21
58 27
58 36
58 38
58 46
58 54
58 56
59 3
59 5
59 15
59 17
59 22
59 25
59 27
59 30
59 83
59 91
59 92
59 97
59 101
59 104
59 105
59 106
59 116
59 118
59 123
59 125
59 126
59 131
59 133
59 134
60 5
60 18
60 20
60 23
60 30
60 37
60 46
60 49
60 59
60 61
60 65
60 71
60 72
60 73
60 81
60 87
60 100
60 101
60 106
61 6
61 7
61 11
61 12
61 15
61 18
61 20
61 28
61 32
62 1
62 2
62 7
62 28
62 29
62 42
62 47
62 56
62 69
62 73
62 74
62 96
63 2
63 6
63 7
63 12
63 13
63 14
63 22
63 29
63 30
63 34
63 38
63 44
63 50
63 55
63 72
63 80
63 81
63 83
63 87
63 88
63 90
63 91
63 94
63 98
63 101
63 110
63 112
65 12
65 27
65 31
65 33
65 38
65 40
66 84
66 88
66 92
66 95
66 97
66 104
66 121
66 124
66 129
66 136
66 170
66 172
66 181
66 182
66 187
66 197
66 200
66 201
66 206
66 213
66 217
66 218
67 46
67 48
67 52
67 54
67 57
67 83
67 97
67 103
67 112
67 117
67 122
67 139
67 143
67 144
67 150
67 167
68 14
68 16
68 17
68 27
68 31
68 35
68 36
68 39
68 45
68 52
68 54
68 73
68 84
68 87
68 88
68 89
69 1
69 2
69 10
69 16
71 8
71 26
71 69
71 73
71 74
71 75
71 80
71 84
71 86
71 94
71 96
71 194
71 199
71 204
71 206
71 216
71 218
71 220
71 222
71 238
71 242
71 260
71 263
71 268
71 269
71 271
71 273
72 8
72 12
72 13
73 2
73 7
73 19
73 20
73 29
73 35
73 42
73 43
73 49
73 53
73 59
73 146
73 153
73 157
73 160
73 165
73 280
73 291
74 1
74 25
74 33
74 36
74 41
74 42
74 44
74 48
74 51
74 86
74 89
74 109
74 122
75 9
75 18
75 24
75 25
75 29
75 31
75 37
75 40
75 53
75 59
75 73
75 74
76 7
76 9
76 11
76 16
76 20
76 22
76 27
76 34
76 38
76 41
76 44
76 55
76 64
76 70
76 83
76 86
76 94
76 96
77 35
77 53
77 59
77 74
77 76
77 78
77 80
77 98
77 109
77 111
77 114
77 123
77 130
77 140
77 141
78 13
78 15
78 18
78 32
78 36
78 53
78 54
78 55
78 57
78 71
78 85
78 111
78 119
79 1
79 19
79 20
79 25
79 29
79 38
79 39
79 41
80 12
80 13
80 89
80 92
80 103
80 104
80 106
80 109
80 112
80 115
80 121
80 122
80 125
80 126
80 131
80 135
80 136
80 139
80 140
80 143
80 144
80 150
80 158
80 161
80 167
80 175
80 177
81 3
81 5
81 27
81 43
81 58
81 93
81 94
81 95
82 17
82 18
82 31
82 33
82 40
82 44
82 57
82 58
82 60
82 93
82 101
82 105
82 116
82 120
82 121
82 123
82 132
82 143
82 157
82 158
82 159
82 163
83 21
83 26
83 33
83 46
83 56
83 62
83 65
83 70
83 82
83 86
83 89
83 90
83 96
83 104
83 109
83 114
83 120
83 128
83 132
83 155
83 161
83 165
83 169
83 180
83 181
83 185
83 200
83 203
83 204
83 205
83 212
83 213
83 224
83 225
83 227
83 230
88 1
88 6
88 9
88 15
88 19
88 21
88 25
88 30
89 12
89 13
89 34
89 42
89 43
89 45
89 48
90 5
91 4
91 9
91 10
91 14
92 6
92 14
92 15
92 46
92 49
92 56
92 61
92 72
92 79
92 83
92 86
92 87
92 93
93 1
93 3
93 4
94 4
94 8
94 14
94 15
94 22
94 25
94 31
94 35
94 39
94 46
94 54
94 61
94 65
94 68
94 69
94 76
94 80
94 82
94 87
94 105
94 107
94 109
94 126
94 128
94 134
94 136
94 145
94 150
94 151
94 154
94 288
94 289
94 294
94 297
94 298
94 301
94 302
94 306
94 312
94 314
94 321
96 1
96 4
96 9
97 1
97 29
97 39
97 41
97 42
97 50
97 53
97 57
97 58
97 73
97 74
97 76
97 79
97 89
97 93
97 96
97 109
97 116
97 117
97 131
97 133
97 141
97 185
97 188
97 190
97 196
97 225
97 226
97 229
97 235
97 236
97 249
97 251
97 265
97 266
98 1
99 5
99 6
99 33
99 35
99 47
99 61
100 2
100 3
100 9
100 10
100 32
100 34
100 41
100 46
100 53
100 62
100 69
100 75
100 76
100 80
100 91
101 9
101 11
101 22
101 25
101 30
101 32
101 34
101 38
102 2
102 6
