1 14
1 27
2 9
2 13
2 14
2 26
2 31
3 11
3 14
3 20
3 21
3 22
3 28
3 31
3 35
3 36
4 9
4 71
4 78
4 80
4 94
4 96
4 235
4 237
4 241
4 243
4 247
4 251
4 254
4 280
4 282
4 285
4 287
4 289
4 290
4 296
4 298
4 300
4 304
4 310
4 317
4 319
4 323
4 329
4 335
4 336
4 341
4 357
4 358
4 361
4 387
5 3
5 14
5 15
5 18
5 19
5 25
5 27
7 85
8 15
8 21
8 22
8 25
8 33
8 40
8 60
8 62
8 70
8 73
8 75
8 78
8 89
8 91
8 93
8 96
8 97
8 102
8 114
8 120
8 130
8 133
8 135
8 136
8 142
8 145
8 147
8 148
8 149
8 159
8 160
8 162
8 163
8 169
8 176
8 179
8 186
8 204
8 205
8 209
8 214
8 218
8 225
8 229
8 324
10 9
10 16
11 21
11 27
12 81
12 82
12 89
13 32
13 33
13 39
13 46
13 51
13 60
13 88
13 91
13 93
13 94
13 139
13 140
13 147
13 148
13 149
13 151
13 157
13 162
13 175
13 179
13 186
13 191
13 195
13 198
13 200
13 201
13 202
13 207
13 213
13 215
13 217
13 220
13 224
13 226
13 228
13 235
13 236
13 240
13 242
13 247
13 254
13 255
13 259
13 267
13 277
13 279
13 286
13 289
13 290
14 2
14 3
14 4
14 28
14 35
14 38
14 57
14 60
14 61
14 63
14 65
14 72
14 73
14 91
14 96
14 100
14 102
14 104
14 108
15 6
15 13
15 16
15 17
15 26
15 34
15 40
15 42
15 44
15 55
15 60
15 64
15 68
15 69
15 77
15 79
15 80
15 120
15 126
15 129
15 131
15 134
15 137
15 157
15 162
15 163
15 164
15 166
15 322
15 325
15 329
15 337
15 341
15 347
15 350
15 371
15 372
15 385
16 3
16 13
16 21
16 22
16 23
16 28
16 33
16 37
16 41
16 44
16 51
16 55
16 57
16 62
16 65
16 66
16 85
16 100
16 106
16 116
16 117
16 119
17 1
17 10
17 13
17 16
17 26
17 32
17 34
17 35
17 37
17 38
17 40
17 45
17 48
17 49
17 50
18 6
18 13
18 18
18 26
19 3
19 6
20 12
20 14
21 133
21 136
21 141
21 155
21 161
22 7
22 9
22 10
22 21
25 2
25 8
25 15
25 19
25 22
25 33
25 34
25 40
25 42
25 45
25 48
25 49
25 55
25 57
26 1
26 4
26 10
26 13
27 4
27 12
27 14
27 15
27 39
27 44
29 8
29 9
29 12
29 18
29 20
29 26
29 32
29 33
29 42
29 44
29 47
29 48
29 49
29 56
29 64
29 69
29 76
29 80
29 83
29 87
29 88
29 98
29 105
29 111
29 122
29 127
29 129
29 130
29 173
30 7
30 12
30 17
30 32
31 2
31 45
32 2
32 8
32 9
32 21
32 22
32 31
32 33
32 60
32 63
32 71
32 93
32 101
32 111
32 119
32 121
32 137
32 142
32 143
32 145
33 31
33 42
33 43
33 44
33 49
33 56
34 1
34 27
34 31
34 86
34 97
34 100
34 103
34 108
34 144
34 156
34 159
34 161
36 18
36 20
37 17
37 33
37 42
37 49
37 53
38 8
39 1
39 22
39 25
39 48
39 49
39 56
39 57
39 74
39 79
39 81
39 82
39 86
40 1
40 5
40 13
40 15
40 26
40 35
43 4
43 5
43 15
43 23
43 26
43 45
44 52
44 60
44 67
44 70
44 97
44 98
44 102
44 108
44 115
44 120
44 138
44 144
44 146
44 153
44 155
44 159
44 162
46 18
47 4
47 13
48 2
48 3
48 7
48 19
48 21
48 24
48 30
48 34
48 36
48 37
48 38
48 40
48 42
48 45
49 18
49 19
49 27
49 32
49 51
49 57
49 67
49 71
49 74
49 77
49 90
49 94
49 106
49 120
49 132
49 137
49 138
49 140
49 143
49 145
49 146
49 149
49 151
49 152
49 154
49 155
49 156
49 160
49 163
49 176
50 3
50 11
50 21
50 25
50 31
50 32
50 38
50 42
50 58
50 59
50 61
51 3
51 4
51 8
51 9
51 22
51 23
52 1
52 4
52 7
53 27
53 36
53 39
53 41
53 47
54 18
55 4
55 6
55 16
55 17
55 20
55 21
56 2
56 9
56 10
56 26
56 30
56 33
56 36
56 39
56 40
56 45
56 47
56 54
56 57
56 58
57 4
57 15
57 62
57 65
57 69
57 86
57 89
57 102
57 116
57 118
57 119
57 122
57 125
57 128
58 1
58 17
58 23
58 57
58 61
58 62
58 68
58 70
59 6
59 13
59 36
59 46
59 47
60 12
60 16
60 18
60 21
60 27
60 28
60 39
60 56
60 58
60 59
60 67
60 82
60 88
60 95
60 106
60 107
60 172
60 185
60 186
60 189
60 193
60 203
60 206
60 210
60 214
60 337
60 350
60 354
60 360
60 370
60 371
60 373
61 12
61 14
61 15
61 24
61 26
61 30
61 36
61 39
61 42
61 53
61 55
61 67
61 70
61 75
61 84
61 85
61 87
61 94
61 113
61 115
61 121
61 126
61 127
62 43
62 48
62 52
62 55
62 56
62 58
62 63
62 68
62 71
62 72
62 79
62 87
62 89
63 3
63 5
63 7
63 8
63 19
63 23
63 29
63 30
63 33
64 1
64 5
64 15
64 37
64 56
64 58
64 60
64 61
64 65
64 71
64 91
64 96
64 104
64 106
64 110
64 113
64 115
64 125
64 129
64 136
64 143
64 147
64 150
64 159
67 14
67 15
67 28
67 29
67 35
67 40
67 169
67 173
67 175
67 176
67 177
67 179
67 180
67 182
67 186
67 213
67 215
67 216
67 217
67 222
67 225
67 229
67 244
67 251
67 256
67 257
67 258
67 269
67 270
67 275
67 278
67 284
69 34
69 36
69 37
69 46
69 52
69 61
69 66
69 82
69 86
69 88
69 90
69 120
69 122
69 129
69 131
69 231
69 278
69 281
69 302
69 303
69 326
69 328
69 335
69 338
69 343
69 347
69 425
71 80
71 81
71 87
71 90
71 100
71 106
71 115
71 117
71 125
71 126
71 127
71 129
71 130
71 132
71 136
71 139
71 144
71 147
71 151
71 158
71 161
71 163
71 168
71 176
71 185
71 188
71 192
71 205
71 206
71 211
71 217
71 221
72 5
73 4
73 9
73 14
73 15
73 18
73 22
73 35
73 41
74 3
75 1
75 7
75 20
75 41
75 48
75 53
75 71
75 81
75 82
75 90
75 92
75 95
75 98
75 109
75 110
75 117
75 121
75 126
75 127
75 149
75 150
75 159
75 168
75 170
75 180
75 185
75 211
75 213
76 2
76 3
76 18
76 25
76 27
76 44
76 46
76 48
77 6
77 7
77 22
77 26
77 43
77 46
77 47
77 53
77 58
77 77
78 68
78 69
79 63
79 75
79 79
79 88
79 90
79 93
79 94
79 100
79 119
79 121
79 122
80 6
80 11
80 47
80 51
80 57
80 59
80 67
80 69
80 74
80 75
80 78
80 85
80 93
80 119
80 121
80 130
80 138
80 152
80 157
80 158
80 171
80 173
81 26
81 28
81 29
81 33
81 34
81 36
81 45
81 47
81 52
81 60
81 66
81 67
81 70
81 74
81 76
81 79
81 80
83 1
83 11
83 15
83 28
84 1
84 2
84 27
85 3
85 15
85 16
86 12
86 15
86 16
86 21
86 29
86 61
86 63
87 67
87 79
87 90
87 91
87 95
87 214
87 218
87 229
87 239
87 243
87 263
87 266
87 279
87 298
87 306
90 31
90 86
90 88
90 97
90 113
90 128
91 13
91 21
91 26
91 27
91 30
91 32
91 36
91 43
91 50
92 31
92 39
92 40
92 43
92 45
92 63
92 78
92 82
92 83
92 90
92 99
92 102
94 9
94 15
94 21
94 23
95 14
95 20
95 26
95 33
96 6
96 8
96 10
96 23
96 24
97 9
97 15
97 18
97 19
97 25
97 38
97 39
97 41
97 44
97 50
97 54
97 55
97 68
97 79
97 84
97 98
97 124
97 125
97 126
99 5
99 10
99 17
99 19
99 20
