1 5
1 10
1 17
1 23
1 29
1 35
1 42
1 45
1 50
1 63
1 75
1 76
1 81
1 84
1 95
1 96
1 105
1 109
1 113
1 117
1 119
1 123
1 178
1 191
1 192
1 195
1 200
1 202
1 211
1 212
1 223
1 278
1 279
1 282
1 286
1 291
1 292
1 299
1 300
1 307
1 311
1 313
1 317
1 323
1 333
1 350
1 352
1 363
1 367
1 384
1 396
1 409
1 412
1 417
1 422
1 430
1 446
1 456
1 471
1 478
1 484
1 490
1 493
1 495
1 529
1 534
1 599
1 602
1 612
1 618
1 673
1 685
1 696
1 739
1 805
1 813
1 816
1 819
1 820
1 828
1 832
2 1
2 11
2 16
2 26
2 40
2 56
2 62
2 66
2 67
2 75
2 76
2 81
2 83
2 85
2 89
2 94
2 103
2 109
2 116
2 122
2 132
2 138
2 140
2 147
2 155
2 167
2 168
2 169
2 171
2 173
2 175
2 193
2 196
2 198
2 203
2 206
2 209
2 215
2 217
2 252
2 259
2 264
2 274
3 15
3 18
3 31
3 36
3 39
3 46
3 54
3 59
3 71
3 73
3 74
3 75
5 29
5 31
5 36
5 41
6 3
6 4
6 8
6 11
6 15
6 16
6 31
6 35
6 52
6 55
6 58
6 59
6 60
6 61
6 70
6 73
6 129
6 132
8 1
8 4
8 5
8 24
8 25
8 33
8 35
8 38
8 39
8 47
8 50
8 77
8 82
8 86
8 92
8 99
8 100
8 102
8 104
8 111
8 118
8 119
8 126
8 132
8 135
8 137
9 59
9 64
9 65
9 67
9 69
9 82
9 87
9 103
9 109
9 110
9 112
9 114
9 132
9 137
9 147
9 157
9 165
9 180
10 77
10 78
10 89
11 1
11 2
12 5
12 9
12 12
12 17
12 18
12 22
14 1
14 3
14 8
14 11
14 14
14 19
14 27
14 32
14 35
15 8
15 9
15 13
15 16
15 20
15 23
15 28
15 29
15 31
15 34
15 48
15 75
15 91
15 95
15 100
15 101
15 117
15 120
15 122
15 125
15 130
15 132
15 136
15 138
15 142
15 144
15 146
15 155
16 19
16 21
17 10
17 13
17 45
17 51
17 52
17 55
17 62
17 65
17 69
17 80
17 81
18 3
18 4
18 5
18 21
18 24
18 26
18 29
18 34
18 58
18 61
18 64
18 80
19 5
19 8
20 4
20 10
20 21
20 22
20 29
20 39
20 47
20 48
21 7
21 17
21 39
21 41
21 47
21 48
21 53
21 57
21 58
21 60
21 63
22 6
22 10
22 11
22 12
22 15
22 18
22 25
22 27
22 31
22 39
22 40
22 56
22 60
23 7
23 12
23 16
23 18
23 25
23 48
23 50
23 52
23 53
23 54
23 61
23 65
23 67
23 68
23 70
23 74
23 81
23 88
23 93
23 108
23 111
23 112
23 123
23 134
24 54
24 59
24 62
24 72
24 78
24 80
24 85
24 91
24 94
24 101
24 109
24 111
24 116
24 118
24 119
24 122
25 4
25 17
25 25
25 42
28 62
28 70
28 80
28 82
28 87
28 91
28 142
28 145
28 150
30 7
30 8
30 16
30 17
30 30
30 33
30 39
30 44
30 45
30 50
31 5
31 15
31 33
31 43
31 44
32 2
32 6
32 9
32 81
32 82
32 91
32 102
32 104
32 106
32 107
32 108
32 112
32 113
32 125
32 126
32 131
32 133
32 141
32 142
32 147
32 159
32 160
32 191
32 198
32 203
32 208
32 215
32 218
32 221
32 227
32 239
32 247
32 249
33 9
33 19
34 7
35 3
35 9
35 21
35 23
35 24
35 29
35 38
35 39
35 50
35 78
35 86
35 90
35 95
36 4
36 5
37 7
37 8
37 12
38 116
38 117
38 123
38 138
38 142
38 148
38 149
39 2
39 3
39 22
39 27
39 33
39 39
39 42
39 171
39 180
40 4
41 97
41 99
41 103
41 113
41 119
41 120
41 121
41 131
41 135
41 150
41 153
41 157
42 7
42 9
42 10
42 21
43 49
43 50
43 64
43 70
43 92
43 101
43 102
43 109
43 110
43 114
43 115
43 124
44 2
44 109
44 117
44 121
44 125
45 5
45 15
45 19
46 2
46 7
46 10
46 19
46 20
46 43
47 1
48 1
48 6
48 8
48 17
48 25
48 27
49 4
49 9
49 10
49 16
49 22
49 26
49 157
49 159
49 162
49 166
49 177
49 185
49 187
49 192
49 196
49 198
49 206
49 211
50 3
50 13
50 14
50 22
50 24
50 25
51 5
51 7
51 13
51 15
51 19
51 53
51 68
52 45
52 47
52 58
52 59
52 62
52 63
52 78
52 79
52 81
52 83
52 86
52 91
52 115
52 116
53 2
53 7
53 12
54 4
54 8
54 12
54 15
54 23
54 30
54 36
54 45
54 52
54 55
54 57
55 1
55 21
55 24
55 44
55 53
55 55
55 57
55 60
55 95
55 98
55 110
55 113
55 120
55 124
55 125
55 133
55 135
55 138
55 272
55 273
55 277
56 11
56 12
56 15
56 25
56 27
56 37
56 38
56 44
56 48
56 61
57 20
57 26
57 30
57 32
57 38
57 42
59 37
59 45
59 59
59 60
59 67
59 76
59 80
59 86
59 95
59 96
59 103
59 108
59 109
59 111
59 114
60 99
61 29
61 35
61 68
61 71
61 74
61 86
61 88
61 93
61 114
61 122
61 128
61 131
61 143
61 149
61 165
61 167
61 173
61 174
61 176
61 178
61 187
61 190
61 191
61 194
61 199
61 200
61 202
61 220
61 223
63 41
63 42
63 47
63 48
65 8
65 11
66 59
66 68
67 4
69 4
69 6
69 8
69 12
69 17
69 18
69 21
69 22
69 25
69 34
69 37
69 38
69 43
69 45
69 58
69 114
69 116
69 119
69 128
69 135
69 141
69 144
69 145
69 148
69 153
69 154
69 164
69 165
69 173
69 178
70 5
70 8
70 9
70 11
71 13
71 27
71 36
71 37
72 49
72 121
72 122
72 126
72 135
72 140
72 141
72 143
72 148
72 149
72 153
72 159
72 160
72 163
72 172
72 191
72 215
72 225
72 226
72 235
72 240
72 248
73 2
73 3
73 9
73 10
73 67
73 81
73 82
73 85
73 92
73 94
73 137
73 146
73 148
73 149
73 150
74 6
74 7
74 13
74 25
74 26
74 28
74 30
74 31
75 1
75 3
75 4
78 7
78 8
78 9
78 10
78 11
78 22
78 23
78 26
78 27
78 30
78 39
81 32
81 40
81 44
81 50
81 52
81 55
82 8
82 9
82 17
82 29
82 43
82 47
82 49
82 62
82 66
82 68
82 69
82 72
82 82
83 4
83 13
83 14
83 15
83 19
83 24
83 34
84 30
84 32
84 33
84 38
85 7
85 12
85 19
85 29
85 35
85 37
85 48
85 57
85 62
85 77
85 81
85 93
85 98
85 112
85 113
85 140
85 151
85 157
85 164
85 171
85 174
85 177
85 180
85 185
86 1
86 17
86 19
86 20
86 21
86 58
86 66
86 70
86 73
86 84
86 86
86 88
86 118
86 119
86 121
86 124
86 130
86 132
86 133
86 193
86 198
86 202
86 205
86 206
86 222
87 5
87 6
87 9
87 13
87 23
87 24
87 28
87 29
87 36
87 40
87 41
87 53
87 61
88 3
88 14
88 22
88 24
88 31
88 41
88 51
89 28
89 85
89 105
89 106
89 130
89 132
89 143
90 4
90 9
90 10
90 179
90 190
90 200
90 205
90 207
90 209
90 219
90 225
90 235
90 241
90 243
90 255
90 389
90 390
90 392
90 406
91 65
91 66
91 68
91 75
91 88
91 90
91 95
91 96
91 98
91 100
92 5
92 18
92 32
92 36
92 44
92 48
92 50
92 166
92 170
92 180
92 181
92 199
92 201
92 203
92 209
92 211
92 214
92 217
92 235
92 242
92 244
92 251
92 255
92 261
93 3
93 13
93 21
93 24
93 25
93 30
93 39
93 41
93 42
93 46
93 48
93 61
93 65
93 90
93 93
94 12
94 34
94 37
94 57
94 62
94 63
94 72
94 73
94 74
94 78
94 106
94 110
94 111
94 117
94 119
94 120
94 122
94 123
95 4
95 14
95 15
95 24
95 35
95 41
95 42
95 43
95 97
96 3
96 8
96 20
96 22
96 28
