1 1
1 5
1 8
1 11
1 12
1 17
1 19
1 31
3 59
3 67
3 83
3 88
3 96
4 6
4 137
4 142
4 143
4 147
4 148
4 154
4 172
4 175
6 38
6 43
6 44
6 46
6 47
6 52
6 60
6 65
6 70
6 73
6 77
6 132
6 136
6 137
6 142
6 144
7 5
7 27
7 28
7 37
8 64
8 65
8 67
8 87
9 1
9 2
9 18
9 19
9 20
9 22
9 23
9 25
9 32
9 50
9 51
9 53
9 71
9 77
9 93
9 95
9 98
9 99
9 116
9 121
9 123
9 132
9 140
9 148
9 152
9 164
9 170
9 175
9 178
9 182
9 185
9 187
9 188
9 195
9 196
9 322
9 324
9 330
9 344
9 345
9 356
9 360
9 362
9 365
9 368
9 371
9 376
9 377
9 380
9 384
9 389
9 393
9 397
11 77
12 18
12 25
12 27
12 31
12 32
12 45
12 60
12 61
12 68
12 73
12 74
12 75
12 76
12 82
12 85
12 91
12 105
12 113
12 139
12 153
12 157
12 159
12 176
12 179
12 188
12 190
12 217
12 218
12 249
12 256
12 257
12 261
12 262
12 264
12 265
12 294
13 1
13 4
13 8
13 15
13 25
13 26
13 39
14 23
14 28
15 38
15 42
15 43
15 129
15 133
15 135
15 156
15 170
15 178
15 181
15 183
15 184
15 237
15 240
15 247
15 250
15 252
15 257
15 265
15 267
15 268
15 314
15 315
15 324
15 326
15 337
15 339
15 342
16 4
16 14
16 16
16 17
16 18
16 21
16 29
18 1
18 8
18 12
18 13
18 19
18 41
18 47
18 48
19 4
20 8
20 9
20 10
20 12
20 16
20 23
20 26
20 28
21 88
21 89
21 98
24 49
24 52
24 54
24 55
24 65
24 70
24 72
24 76
24 81
24 83
24 212
24 214
24 219
24 226
24 238
24 248
24 249
24 261
24 276
24 283
24 289
24 308
24 310
24 311
24 317
24 331
24 333
24 338
24 343
25 1
25 3
25 4
25 6
25 16
25 17
25 19
25 20
25 23
26 7
26 9
26 10
26 12
26 15
26 24
26 30
26 32
26 37
26 44
26 48
26 54
26 144
26 145
26 148
26 149
26 155
26 162
28 6
28 13
28 14
28 28
28 38
28 40
28 48
28 50
28 71
29 7
29 13
30 76
30 79
30 82
30 83
30 85
30 88
30 89
30 95
30 99
30 108
31 3
31 7
32 16
32 21
32 22
32 26
32 34
32 39
32 45
32 61
32 63
32 69
32 75
32 85
32 86
33 9
33 10
33 13
33 15
33 20
33 22
33 24
34 11
34 15
34 18
34 19
34 41
34 47
34 51
34 65
34 67
34 70
34 75
34 77
34 170
34 179
34 200
34 202
34 204
34 207
34 208
34 222
34 227
34 231
34 237
34 242
34 250
35 2
35 11
35 13
35 16
35 18
35 20
35 25
35 26
35 29
35 35
35 47
35 60
35 62
36 2
36 4
36 5
37 2
38 5
38 6
38 14
38 22
38 24
38 33
38 37
38 45
38 47
38 49
38 53
39 30
39 59
39 61
39 62
39 65
39 69
39 78
39 79
39 90
39 101
40 16
40 21
41 3
41 20
41 24
41 28
41 30
41 45
41 46
41 53
41 64
41 67
41 71
45 56
45 64
45 65
45 71
45 90
45 105
45 106
45 114
45 116
45 120
45 123
46 68
46 69
46 73
47 2
47 9
47 27
47 33
47 40
47 43
47 48
51 67
51 69
51 71
51 72
52 64
52 71
52 73
52 80
52 82
52 93
52 96
52 105
52 109
52 115
52 117
52 124
52 125
52 142
52 147
52 152
52 154
52 161
52 162
52 164
52 170
52 180
52 199
52 204
52 205
52 212
52 213
52 216
52 221
52 222
52 225
52 231
52 232
52 245
52 248
52 252
52 256
52 261
52 274
52 278
52 281
52 285
52 289
52 292
52 302
52 319
52 321
52 322
52 325
52 331
52 356
52 357
52 362
53 119
53 120
53 131
53 139
53 143
53 147
53 160
53 177
53 179
53 190
53 193
53 207
53 210
53 214
53 215
54 146
54 147
54 154
54 170
54 175
54 177
54 178
54 185
54 204
54 209
54 210
55 8
55 11
55 14
55 20
55 24
55 34
55 40
55 42
55 43
55 59
55 60
55 65
55 73
55 75
55 79
55 132
55 155
55 160
56 80
56 87
57 10
57 15
57 18
57 29
57 46
57 47
57 53
57 55
57 65
57 67
57 75
58 3
58 4
58 17
58 30
58 33
59 2
59 9
59 17
59 23
59 27
59 32
59 34
59 38
59 39
59 41
59 53
60 31
60 45
60 50
60 56
61 33
61 48
61 51
61 60
61 67
61 78
61 132
61 134
62 95
62 103
62 104
62 107
62 111
62 112
62 117
62 119
62 128
62 130
62 138
62 143
62 145
62 148
62 152
62 171
62 175
62 186
62 194
63 15
63 21
63 22
64 18
64 26
64 27
64 31
64 34
64 40
64 55
64 62
64 63
64 65
64 89
64 102
64 104
64 107
64 110
64 134
66 19
66 124
66 126
66 129
66 135
66 138
66 144
66 153
66 156
66 158
66 160
66 164
66 167
66 168
66 173
66 177
66 178
66 181
66 182
66 185
66 197
66 199
66 212
66 218
66 233
66 247
67 25
67 117
67 140
67 143
67 146
67 149
67 155
67 158
67 160
67 165
67 170
67 175
67 178
67 179
67 189
67 203
67 207
67 216
67 218
67 220
67 228
67 246
67 251
67 253
67 255
67 259
67 265
67 269
67 272
67 279
67 286
67 291
67 296
67 302
67 305
67 308
67 324
67 332
67 338
67 403
67 405
67 407
67 409
67 416
67 417
67 430
67 437
67 438
67 447
67 451
67 456
67 457
68 8
68 10
68 17
68 24
68 27
68 29
68 30
73 6
73 7
73 9
73 17
73 19
73 40
73 42
73 78
73 86
73 88
73 102
73 106
73 110
73 112
73 127
73 135
73 136
73 139
73 154
73 155
73 160
73 162
73 195
73 211
73 214
73 225
73 241
73 242
74 5
74 6
74 12
74 18
74 23
74 31
74 34
75 2
75 3
75 17
75 18
75 25
75 26
75 37
75 39
75 42
75 46
75 179
75 183
75 184
75 188
75 189
75 198
75 245
75 248
75 252
75 260
75 389
75 391
75 396
75 397
75 399
75 414
76 59
76 61
76 75
76 76
77 6
77 9
77 14
77 28
77 46
77 63
77 65
77 68
77 73
77 78
77 98
77 102
77 113
77 120
77 123
77 130
77 131
77 135
77 136
81 1
82 21
82 23
82 26
82 31
82 33
82 38
82 39
82 43
82 57
82 62
82 63
82 71
82 73
83 4
83 7
83 23
83 25
83 31
83 33
83 46
83 64
83 69
83 73
83 89
83 95
83 106
84 8
84 21
84 24
84 30
85 90
85 123
85 124
85 129
85 135
85 144
85 145
85 148
85 149
85 155
85 159
85 162
85 163
85 164
85 165
85 176
85 180
85 184
85 187
85 194
85 213
85 230
85 234
85 235
86 7
86 53
87 12
87 23
87 24
89 23
89 32
90 28
90 30
90 44
90 48
90 54
90 72
91 26
91 30
91 99
91 101
91 160
91 168
91 175
91 178
91 179
91 190
91 191
91 193
91 201
91 202
91 207
91 210
92 4
92 11
92 31
