1 1
1 5
1 7
1 9
1 10
1 20
1 39
1 40
1 43
1 50
1 52
1 53
1 58
1 60
1 63
1 68
1 74
1 87
1 94
1 96
1 100
1 101
1 124
1 138
2 17
2 18
2 34
2 51
2 54
2 66
2 67
2 76
2 77
2 88
2 93
2 95
2 98
2 101
3 8
4 84
4 85
4 86
4 103
4 106
4 108
4 113
4 115
4 116
4 119
4 120
4 122
4 129
4 135
4 143
4 144
4 146
4 168
4 169
4 179
4 182
5 1
5 13
5 24
5 27
5 31
5 38
5 39
5 42
5 44
5 53
5 82
5 83
5 84
5 85
6 5
6 7
6 11
6 19
6 27
6 32
6 41
6 49
6 56
6 59
6 61
6 62
6 66
6 68
6 76
8 3
8 6
8 9
8 13
8 15
8 28
8 91
8 98
8 103
8 107
8 128
8 131
8 132
8 141
8 143
8 146
8 153
8 155
9 9
9 16
9 33
9 43
9 47
9 48
9 50
9 57
10 1
11 45
12 73
12 78
12 80
12 83
12 93
12 107
12 115
12 117
12 118
12 127
12 129
12 132
12 133
12 139
12 142
12 156
12 161
12 163
12 172
12 186
12 190
12 193
12 194
12 199
12 202
13 75
17 2
17 16
17 18
17 21
18 4
18 6
18 13
18 18
18 23
18 28
18 47
19 25
19 38
19 42
19 54
19 66
19 68
20 2
20 6
20 14
20 24
20 29
20 33
20 36
20 39
20 45
20 52
20 55
20 68
20 74
20 81
20 88
20 94
20 105
20 109
20 111
20 113
21 1
21 16
21 37
21 39
21 45
21 48
21 49
21 53
21 55
21 93
21 100
21 107
21 115
21 116
21 123
21 128
21 130
21 131
21 139
21 140
21 141
21 149
22 10
22 17
22 31
22 34
22 36
22 39
22 43
22 47
22 51
22 52
22 55
22 59
22 84
22 85
22 100
23 93
23 99
23 101
23 109
23 111
23 120
23 121
23 125
24 57
24 58
24 61
25 6
25 10
25 14
25 55
25 62
25 63
25 66
25 70
26 83
26 96
26 104
26 112
26 113
26 114
26 119
26 121
26 125
26 128
26 132
26 133
26 140
26 141
26 144
26 155
27 4
28 2
28 5
29 5
29 34
29 36
29 148
29 149
29 152
29 153
29 165
29 167
29 173
29 175
29 176
29 186
29 188
29 189
29 194
29 199
29 206
29 213
29 218
29 223
29 228
29 231
29 232
29 242
29 244
31 5
31 9
31 10
32 10
32 11
32 25
32 26
32 27
32 32
32 36
32 37
32 47
32 55
32 63
32 65
32 69
32 70
32 76
32 78
32 85
32 87
32 91
32 102
33 3
33 16
33 17
33 35
33 38
33 39
34 27
35 7
36 6
36 12
36 16
37 13
37 16
37 21
37 30
37 31
37 36
37 53
37 66
37 71
37 72
38 3
38 7
38 11
38 18
38 32
38 35
38 41
38 60
38 61
39 4
39 25
39 32
39 41
40 2
40 7
40 9
40 27
40 35
40 37
40 41
40 49
40 51
40 55
41 11
41 21
41 24
41 32
41 38
42 10
42 21
42 23
42 27
42 29
42 32
42 33
42 38
42 52
42 56
42 94
42 98
42 101
42 105
45 1
45 4
45 25
45 29
45 36
45 39
48 41
48 45
48 49
48 63
48 70
48 72
49 3
49 13
49 15
52 40
52 44
52 51
52 72
52 76
52 78
52 85
52 88
52 89
52 96
52 108
52 118
52 125
52 129
52 130
52 133
52 141
52 143
53 4
53 8
53 9
53 10
54 4
56 4
56 5
56 13
56 21
56 32
56 39
56 56
56 63
56 65
56 70
56 71
56 80
56 81
56 84
56 89
56 96
56 102
56 105
56 113
56 115
56 120
56 124
56 125
56 139
56 140
56 141
56 151
56 156
56 160
56 185
56 186
56 191
56 201
56 203
56 205
56 211
56 226
56 241
56 260
56 268
56 271
56 272
56 285
56 297
56 298
56 302
56 318
56 323
56 331
56 333
56 340
56 341
56 346
56 347
56 349
56 351
56 370
56 372
56 376
56 377
56 403
56 404
56 410
56 413
56 417
56 422
56 423
56 429
56 433
56 443
56 446
56 447
56 457
56 467
56 468
56 471
56 477
56 483
56 488
56 494
56 500
56 506
56 511
56 516
56 520
56 529
56 630
56 634
56 636
56 639
56 650
56 657
57 32
57 36
57 38
57 39
57 49
57 50
57 53
57 54
57 61
57 62
57 200
57 212
58 2
58 4
58 7
58 8
58 17
59 2
59 8
59 9
59 12
59 24
59 35
59 37
59 45
59 53
59 56
59 57
59 87
59 210
59 221
59 226
59 235
59 240
60 5
61 1
62 3
63 3
63 14
63 18
63 29
63 30
63 45
63 50
63 52
63 53
63 112
63 166
63 178
63 183
63 188
63 190
63 191
64 10
64 15
64 19
64 27
64 30
64 31
64 33
64 41
64 45
64 49
64 54
64 57
65 2
65 4
65 13
65 18
65 21
65 50
65 54
65 64
65 65
65 71
65 82
65 91
65 96
65 99
65 102
65 103
65 106
65 107
65 119
65 135
65 137
65 139
65 143
65 144
65 146
65 151
65 158
65 166
65 167
65 169
66 5
67 1
67 11
67 17
67 38
67 47
67 50
67 56
67 58
67 63
67 78
67 82
67 84
67 89
67 93
67 94
67 95
67 97
67 98
67 99
67 101
67 103
67 106
67 115
67 138
67 142
67 146
67 150
67 157
67 158
67 162
68 9
68 17
68 19
68 23
69 9
69 11
69 14
69 19
69 22
69 24
69 37
69 43
69 50
69 51
69 55
69 58
69 66
69 68
69 79
69 98
69 105
69 108
69 109
71 99
71 102
71 106
71 115
71 123
71 129
71 132
71 133
71 138
71 142
71 144
72 7
72 11
72 17
72 24
72 35
72 36
72 38
72 41
72 46
72 50
72 62
72 65
72 67
72 128
72 129
72 133
72 135
72 138
72 139
72 143
72 155
72 157
72 167
72 172
72 174
72 178
72 182
72 184
72 205
72 209
72 214
72 215
72 222
72 225
72 230
72 234
72 238
72 239
74 1
74 2
75 69
75 72
75 78
75 104
75 116
75 119
75 121
75 136
75 139
75 144
75 150
75 156
75 162
75 171
75 172
75 192
75 195
75 198
75 209
75 220
75 236
75 238
75 241
75 242
75 244
75 253
75 338
75 352
75 353
75 360
75 363
75 367
75 370
75 372
75 382
75 388
75 392
75 398
75 401
75 405
75 409
75 416
75 417
75 419
75 432
75 448
75 478
75 534
75 536
75 551
75 563
75 568
75 587
75 588
75 597
75 599
75 600
75 605
75 611
75 614
75 620
75 621
75 637
75 640
75 646
75 652
75 659
75 661
75 678
75 694
75 699
75 718
75 736
75 739
75 744
75 748
75 749
75 759
76 3
76 11
76 12
76 30
76 31
77 3
78 1
78 12
78 14
78 16
78 17
78 20
78 22
78 30
78 35
78 41
78 44
78 54
78 56
78 65
78 66
82 32
82 42
82 44
82 58
82 59
82 60
82 63
82 66
82 114
82 139
84 34
84 50
84 52
84 59
84 64
84 69
84 74
84 78
84 84
84 90
84 91
84 96
84 102
84 106
84 118
85 7
85 10
85 19
85 21
85 24
85 26
85 27
85 34
85 38
85 39
85 45
85 51
85 52
85 65
85 74
85 80
85 84
85 85
85 94
85 103
85 112
85 113
85 117
85 125
85 127
86 8
87 47
87 54
87 58
87 63
87 68
88 8
88 13
88 19
88 20
88 29
88 34
88 45
88 52
88 59
88 60
88 65
92 32
92 37
92 38
92 79
92 96
93 11
93 17
93 23
93 47
93 48
93 50
93 55
93 57
93 61
93 66
93 76
93 88
93 92
93 94
93 95
93 105
93 106
93 109
93 111
93 114
93 123
93 127
93 149
93 152
93 164
93 167
94 25
94 33
94 97
94 109
95 13
95 14
97 64
97 66
97 83
97 84
97 87
97 90
97 98
97 103
97 252
97 267
97 268
97 274
97 279
97 281
97 283
97 284
97 286
97 292
97 293
97 295
98 7
99 3
99 4
99 16
99 19
99 26
99 29
100 25
101 1
101 8
101 19
101 22
101 33
102 2
102 5
102 8
102 12
102 33
102 37
103 6
103 7
103 9
103 17
103 18
103 23
103 25
104 6
104 23
104 25
104 31
104 32
104 45
104 48
105 17
105 19
105 25
105 27
106 4
106 15
106 30
106 41
106 45
106 47
106 49
106 54
106 59
106 62
106 68
106 72
106 75
107 5
107 6
107 7
107 11
107 12
107 13
107 19
107 24
107 28
107 30
107 33
107 35
107 36
107 56
107 67
107 72
108 3
108 13
108 15
108 16
108 21
108 24
108 25
108 38
108 40
108 41
108 47
108 53
108 54
108 60
108 67
108 73
108 74
108 78
108 81
108 88
108 90
108 95
109 2
109 3
109 53
109 65
109 67
