1 1
1 14
1 20
1 22
1 23
1 30
1 36
1 42
1 44
1 48
1 49
1 50
1 52
2 3
2 5
2 13
3 2
3 6
3 19
3 20
3 22
3 24
3 27
3 36
3 43
3 62
3 63
3 74
5 2
5 19
5 20
5 21
5 23
5 25
5 35
5 38
5 41
5 43
5 47
5 57
5 64
5 65
5 76
5 89
5 90
5 99
5 106
5 111
5 123
5 158
6 2
6 6
6 9
6 12
6 19
6 27
8 68
8 77
8 78
8 83
8 84
8 91
8 94
8 101
8 103
8 108
8 114
8 119
8 124
8 133
8 135
8 148
8 154
8 156
8 157
8 159
8 164
8 168
8 169
8 174
8 175
8 197
9 30
9 34
9 35
9 40
9 41
9 43
9 44
9 55
9 59
9 72
9 77
9 80
9 89
9 91
9 92
9 93
9 95
9 96
9 97
9 105
9 120
9 127
9 129
9 130
9 131
10 45
10 51
10 53
14 48
14 50
14 56
14 57
14 59
16 20
16 23
16 24
16 29
16 38
16 56
16 64
16 79
16 99
16 104
16 110
16 117
16 122
16 127
16 131
16 132
16 155
17 1
17 6
17 9
17 14
17 15
17 28
17 29
17 38
17 47
18 1
18 28
18 31
18 33
18 44
18 53
18 55
18 75
18 77
18 85
18 87
19 53
19 57
19 60
19 64
19 65
21 7
22 1
22 8
23 3
24 7
24 8
24 13
24 20
24 22
25 6
25 10
27 45
27 50
27 59
27 60
27 61
27 70
27 72
27 73
27 75
27 86
28 1
28 2
28 138
28 147
28 150
28 158
28 159
29 4
29 11
29 34
29 35
29 38
29 49
29 53
29 72
29 75
29 76
29 108
29 111
30 1
30 7
30 16
30 20
30 23
30 38
30 42
30 43
30 50
30 60
30 65
30 70
30 73
30 74
30 76
30 82
30 83
30 88
30 100
30 104
30 114
31 4
31 10
31 11
31 18
31 25
31 26
32 44
32 45
33 3
33 4
33 6
33 7
33 12
33 18
33 23
33 24
33 30
33 31
33 39
33 42
33 43
33 46
33 51
33 52
33 57
33 64
33 65
35 15
35 27
35 30
35 32
35 42
35 48
35 51
35 57
35 60
38 24
38 27
38 41
38 44
38 48
38 49
38 50
38 71
38 78
38 94
38 96
38 105
38 107
38 110
38 114
38 115
38 117
38 121
38 131
38 140
39 1
39 7
39 13
39 14
39 17
40 1
40 3
40 7
40 8
40 16
40 23
40 29
40 31
41 15
41 19
41 27
41 29
41 39
41 40
41 46
41 55
41 56
41 58
41 65
41 71
41 75
41 76
41 81
41 83
41 88
41 90
41 99
42 1
42 7
42 24
42 155
42 164
42 166
42 174
42 176
42 190
42 196
42 207
42 213
42 214
42 221
43 3
43 5
43 11
44 1
44 10
44 17
44 20
45 10
45 12
45 13
45 15
45 27
45 30
45 48
45 62
46 1
46 108
46 109
46 112
46 113
46 115
46 116
46 121
46 131
46 135
48 14
48 20
48 21
49 13
49 22
49 28
49 30
49 37
49 39
49 43
49 48
49 50
49 57
49 60
49 63
49 65
49 77
49 85
49 87
49 90
49 111
50 4
50 13
50 15
51 1
51 4
51 22
52 9
53 1
53 3
53 24
53 28
53 35
53 38
53 40
53 44
53 54
53 184
53 190
53 194
53 198
53 203
53 214
53 216
53 229
53 238
53 239
53 244
53 266
53 267
53 275
53 277
53 279
53 287
53 295
53 302
53 310
53 318
53 320
53 323
54 3
54 4
54 10
54 11
54 15
54 28
55 1
55 8
55 36
55 41
57 42
57 44
57 67
57 70
57 75
58 4
58 5
58 16
59 2
61 19
61 30
61 31
61 34
61 48
61 59
61 64
61 83
61 85
61 158
61 162
61 165
61 166
61 173
61 177
61 190
61 195
61 196
61 197
61 202
61 209
61 218
61 221
61 222
61 225
61 234
61 239
61 240
61 244
64 24
64 108
64 122
64 196
64 200
64 202
65 9
65 11
65 13
65 15
65 20
65 23
65 31
65 49
65 54
65 55
65 63
65 71
65 82
65 85
65 90
65 91
65 96
65 99
65 105
65 118
65 122
65 150
65 151
65 155
65 159
65 160
65 169
66 2
66 13
66 15
66 16
66 19
66 20
66 24
66 25
66 26
66 27
66 32
66 38
66 56
66 63
66 65
66 73
66 75
66 83
66 89
66 158
66 160
66 161
66 164
66 167
66 170
66 174
66 179
66 181
66 198
66 200
66 203
66 333
66 337
66 339
66 352
66 358
66 364
66 365
66 378
66 383
66 387
66 395
67 1
67 6
67 8
68 36
68 51
68 52
68 57
69 18
70 2
70 4
70 6
70 9
70 10
70 20
70 25
70 33
70 40
70 46
71 7
71 20
71 25
71 42
71 67
71 70
71 72
71 104
71 108
71 109
71 113
72 24
72 38
72 39
72 43
72 44
72 56
72 58
75 3
75 14
76 3
76 5
77 4
77 11
77 15
77 35
77 37
77 43
78 1
81 5
81 10
81 151
81 152
81 157
81 161
81 165
81 167
81 172
81 176
81 181
81 196
81 197
81 199
81 203
81 204
81 210
81 218
81 219
82 2
82 3
82 5
83 3
83 5
83 14
83 21
83 34
83 48
83 52
83 55
83 56
83 74
83 94
83 95
83 102
83 110
83 114
83 115
83 118
83 119
83 122
83 124
83 130
83 138
83 147
83 158
83 164
83 170
83 177
83 178
83 191
83 211
83 225
83 231
83 246
83 258
83 269
83 281
83 298
83 302
83 312
84 4
84 8
84 12
84 16
84 27
84 35
84 38
84 39
84 41
84 53
84 55
84 57
84 73
84 78
84 97
84 98
84 101
85 7
85 10
85 11
85 92
85 97
86 31
86 32
86 162
86 165
86 173
86 185
86 194
86 199
86 212
86 214
86 222
86 230
86 232
86 235
87 21
87 30
87 31
87 34
87 36
87 37
87 38
87 43
87 44
87 47
87 52
88 45
88 48
89 44
89 46
89 58
89 61
89 64
89 197
89 206
91 14
91 28
91 38
91 43
91 50
91 56
91 58
91 59
91 61
91 62
91 74
91 180
91 186
93 14
93 16
93 27
93 28
93 44
93 52
93 83
93 98
93 109
93 114
93 122
93 133
93 136
93 141
93 159
93 163
93 172
94 22
94 28
94 29
94 31
94 40
94 41
94 45
94 56
94 59
94 71
94 73
94 79
94 91
94 97
94 98
94 179
95 1
96 8
96 11
97 42
97 43
97 46
97 47
97 48
97 49
97 50
97 51
97 75
97 84
97 86
99 21
99 28
99 35
99 46
101 1
101 2
101 16
101 20
101 27
101 28
101 32
101 37
101 49
101 52
101 59
101 73
101 77
101 79
101 86
101 92
102 2
102 5
102 20
102 26
102 33
103 49
103 58
103 59
103 63
103 70
103 76
103 78
103 91
103 93
103 96
103 99
103 101
103 125
103 127
103 133
104 25
104 31
105 2
105 5
105 12
105 27
105 165
105 168
105 171
105 178
105 180
106 11
106 14
106 15
106 26
106 38
109 41
109 58
109 73
109 81
109 84
109 88
109 90
109 92
109 94
109 100
109 124
109 144
109 161
109 163
109 171
109 186
109 202
109 215
109 217
109 220
110 7
110 24
110 35
110 39
110 44
110 51
110 53
110 58
110 72
110 77
110 78
110 89
110 108
110 110
110 111
111 3
111 4
111 8
111 9
112 2
112 5
112 8
112 14
