1 24
1 25
2 1
2 3
2 6
4 11
4 12
4 14
4 18
4 26
4 37
4 150
4 238
4 242
4 243
4 247
4 253
4 275
4 276
4 281
4 296
4 298
4 303
4 311
4 313
4 314
4 317
4 328
4 334
4 335
4 341
4 343
4 351
4 354
4 357
4 359
4 365
4 375
4 379
4 388
4 389
4 393
4 403
4 407
4 413
4 416
5 1
5 14
5 35
5 39
5 44
5 46
5 48
5 53
5 56
5 65
5 83
5 94
5 98
5 109
5 116
5 117
6 1
6 2
6 5
6 6
6 57
6 60
8 1
8 4
8 10
8 11
8 25
8 26
8 29
8 36
8 40
8 43
8 45
8 50
8 58
8 60
8 61
9 3
9 13
9 18
9 19
9 22
9 23
9 29
9 38
9 45
9 52
9 54
9 56
9 58
9 62
9 63
9 66
9 69
9 74
9 78
9 80
9 82
9 87
9 92
9 103
9 110
9 114
10 7
10 12
10 19
10 29
10 33
10 35
10 41
10 42
10 51
10 57
10 59
10 66
10 67
10 78
10 84
10 85
10 90
10 94
10 107
11 24
11 32
11 172
11 174
11 182
11 183
11 189
11 190
11 192
11 201
12 8
12 11
12 14
12 27
12 28
12 36
12 37
12 42
12 55
12 60
12 68
12 71
12 154
13 58
13 59
13 63
13 70
13 75
13 77
13 78
13 84
13 94
13 98
13 103
13 106
14 4
14 16
15 1
15 6
15 11
15 15
15 18
15 21
15 28
15 41
15 42
15 45
15 48
15 52
15 57
15 68
15 70
16 8
16 20
16 23
16 41
16 42
17 34
17 35
17 37
17 42
17 55
17 56
18 68
18 73
18 80
18 83
18 94
18 99
18 155
18 158
18 160
18 165
18 168
18 178
19 1
19 17
19 23
19 27
19 30
19 45
19 47
20 9
20 58
20 66
20 75
20 78
20 80
21 1
21 3
21 9
23 43
23 46
23 49
23 60
23 75
23 94
23 96
23 100
23 107
23 108
23 147
24 110
24 119
24 123
24 136
24 137
25 15
25 18
25 32
25 46
25 50
25 52
25 53
25 55
25 58
25 59
25 61
25 67
25 76
25 77
25 78
25 81
25 115
25 120
25 122
25 130
26 2
26 20
26 22
26 24
26 26
26 34
26 36
26 42
26 49
26 56
26 58
27 3
27 4
27 7
27 8
27 14
27 19
27 20
27 23
28 3
28 4
28 6
29 3
29 12
29 18
30 2
31 1
31 5
32 8
32 9
32 10
32 21
32 22
32 30
32 35
32 41
32 51
32 53
32 61
32 73
32 85
32 93
33 3
33 7
33 26
34 6
34 8
35 6
35 16
35 22
35 32
35 39
35 40
35 42
35 56
35 69
35 71
35 73
35 79
36 2
36 5
38 4
38 8
38 15
38 23
38 29
38 33
38 36
38 40
38 44
38 45
38 49
38 59
38 69
41 37
41 43
41 50
41 52
41 55
41 66
41 80
41 88
41 89
42 111
42 115
42 117
42 121
42 131
42 140
42 141
42 152
42 154
42 159
42 160
42 167
42 169
42 171
42 176
42 179
42 180
43 4
43 5
43 15
43 17
43 30
43 35
43 89
43 92
43 100
43 107
43 108
43 109
44 8
44 14
44 26
44 28
44 29
44 32
44 38
44 44
44 55
44 57
44 83
44 85
49 15
50 1
50 7
50 10
50 12
50 20
51 1
51 4
51 133
51 134
51 143
51 144
52 115
52 117
52 122
52 125
53 38
53 46
53 57
53 60
53 66
53 72
53 85
53 89
53 93
53 112
53 247
53 256
53 262
53 271
53 272
53 278
53 279
53 285
53 287
53 293
53 297
53 302
53 312
53 332
54 5
54 15
54 22
54 35
54 39
54 42
54 44
54 45
55 7
55 14
55 16
55 17
55 20
55 34
55 38
55 43
55 44
55 45
55 58
55 68
55 69
55 72
55 84
56 3
56 9
56 11
56 14
56 27
56 36
56 100
56 102
56 109
56 111
56 127
56 133
56 135
56 139
56 145
56 150
56 159
56 163
56 168
56 169
56 175
56 192
57 9
57 10
58 14
58 15
58 19
58 23
58 32
58 89
58 95
58 96
58 107
58 110
58 113
58 115
58 124
58 126
58 135
59 12
59 14
60 1
60 3
60 8
60 9
60 15
60 29
60 32
60 38
61 70
61 72
61 74
61 75
62 2
62 9
62 142
62 200
62 202
62 204
62 208
62 218
62 220
63 10
63 30
63 31
63 34
63 35
63 40
63 44
64 7
65 3
65 13
65 64
65 77
66 8
66 13
66 26
66 33
66 36
66 41
66 51
66 58
66 77
66 89
66 91
66 93
66 100
66 122
66 123
66 125
66 127
66 132
66 133
66 136
66 138
66 140
66 141
66 146
66 147
66 177
66 183
67 5
67 14
67 39
67 43
67 113
67 122
67 123
67 128
67 132
67 140
67 141
67 142
67 144
67 150
67 160
67 161
67 164
67 166
67 177
67 197
67 210
67 211
67 218
67 219
67 221
67 225
67 230
67 234
67 241
67 253
67 261
68 3
68 6
68 17
69 32
69 38
69 39
69 47
69 56
69 76
69 80
70 4
70 9
70 10
70 18
70 21
70 25
70 27
70 30
70 31
70 40
70 48
70 51
70 52
70 54
70 57
70 63
70 64
70 71
71 2
71 3
71 8
71 12
71 14
71 15
71 26
71 28
71 29
71 31
71 36
71 38
71 39
71 44
72 1
72 5
72 11
72 14
72 15
72 22
72 35
72 39
72 40
72 48
72 51
73 6
73 8
73 22
73 23
73 28
73 52
73 58
73 61
73 73
73 93
73 103
73 108
73 110
73 111
73 118
73 121
73 129
73 135
73 142
74 60
74 75
74 84
74 92
74 96
74 97
74 100
74 105
74 114
74 117
75 6
75 12
75 17
75 20
75 22
75 23
75 28
75 30
75 35
75 38
76 11
76 17
76 19
76 21
76 26
76 27
76 33
76 37
76 43
76 46
76 49
76 50
76 51
76 54
76 57
76 70
77 1
77 18
78 39
78 42
78 46
78 48
78 53
78 60
78 63
79 2
79 25
83 19
83 20
83 26
83 29
83 30
83 31
83 32
83 38
83 46
84 8
84 17
84 27
84 31
85 12
85 16
85 21
85 23
85 25
85 28
85 29
85 38
85 50
85 51
85 52
85 54
85 59
85 63
85 79
85 80
85 85
85 90
86 77
86 78
86 81
86 82
86 100
86 101
86 105
87 2
87 4
87 19
87 21
88 2
88 9
88 22
88 24
88 27
88 39
89 1
89 6
89 7
89 15
90 5
90 25
90 28
90 29
90 35
90 43
90 63
90 65
90 70
91 12
91 15
91 16
91 21
91 23
91 27
91 33
91 39
91 45
91 47
91 102
91 103
92 5
92 12
92 20
92 21
92 24
92 27
92 28
92 45
92 59
92 62
93 3
93 5
94 118
95 4
95 29
95 30
95 31
95 33
95 45
95 52
95 60
95 63
95 64
95 65
95 96
95 100
95 101
95 104
95 107
95 122
95 137
95 138
95 146
95 174
95 176
95 182
95 185
95 189
95 190
95 196
95 201
96 7
96 11
96 16
96 22
96 24
96 40
96 54
96 56
96 57
96 59
96 61
96 67
97 7
97 8
97 47
97 51
99 78
99 83
99 85
99 86
99 88
99 90
99 93
99 102
99 108
99 117
99 131
99 140
99 144
99 165
99 172
99 181
99 189
99 199
99 209
99 218
99 219
99 221
99 222
99 223
99 262
99 264
99 265
99 274
99 280
99 294
99 295
99 311
99 313
99 322
99 323
99 335
100 69
100 72
100 77
100 86
100 95
100 98
101 10
101 16
102 3
102 8
102 9
102 16
102 22
102 24
102 26
102 31
102 40
102 42
102 56
102 60
102 65
102 66
102 68
102 81
103 9
103 15
103 21
103 23
103 50
103 52
103 55
103 58
103 60
103 61
103 65
103 68
103 75
104 1
105 2
105 23
105 45
105 47
106 6
106 13
107 40
107 44
108 13
108 17
108 18
108 20
108 21
108 44
108 47
108 53
108 60
108 62
108 67
108 74
108 75
108 83
108 86
108 92
108 145
108 147
108 156
108 164
108 184
