1 2
1 3
1 4
1 5
1 6
1 8
1 13
1 19
1 21
1 34
1 35
1 42
1 43
1 46
1 51
1 53
2 12
2 19
2 21
2 32
3 67
3 76
3 84
3 93
3 121
3 125
3 126
3 133
3 141
3 148
3 149
8 55
9 2
10 6
10 7
10 9
10 21
10 23
12 3
12 7
12 10
12 18
12 26
12 33
12 48
12 54
12 59
12 75
12 76
12 83
12 87
12 100
12 115
12 127
12 128
12 137
12 153
12 154
13 4
13 10
13 12
13 19
13 22
13 25
13 26
13 29
13 35
13 37
13 44
13 47
13 49
13 51
14 2
14 3
14 22
14 29
14 30
14 32
14 33
14 88
14 90
14 92
14 97
14 107
14 117
14 122
14 124
14 141
14 153
14 154
14 158
14 164
14 167
14 183
14 185
14 194
14 204
14 212
14 221
14 231
14 237
14 249
14 251
14 260
14 267
14 268
14 274
14 275
14 293
14 301
14 310
14 311
14 312
14 313
14 316
14 321
14 334
14 336
14 340
14 359
14 360
14 362
14 363
14 369
14 373
14 375
14 376
14 379
14 393
14 394
14 402
14 415
14 418
15 3
15 5
15 9
15 10
15 33
16 30
16 33
16 52
16 63
16 66
16 68
16 78
16 89
16 96
16 104
16 123
16 127
16 136
16 143
16 153
16 156
16 184
16 186
16 197
18 4
18 5
18 13
18 35
18 43
18 45
19 5
19 7
19 14
20 73
20 74
20 87
20 95
20 100
21 12
21 38
21 113
21 116
21 119
21 127
21 130
21 142
21 153
21 165
21 167
21 170
21 177
21 181
21 182
21 199
21 211
21 218
22 3
22 15
22 17
22 20
22 21
22 22
22 30
22 39
22 44
22 48
22 68
22 72
22 78
23 80
23 84
23 89
23 92
23 93
24 4
24 8
24 10
25 2
25 8
25 13
25 15
25 17
25 30
25 31
25 35
25 43
25 47
25 61
25 66
25 67
25 73
25 76
25 78
25 80
25 84
25 86
25 89
25 100
25 102
25 141
25 142
25 145
25 146
25 149
25 226
25 229
29 12
29 24
29 30
29 33
30 2
30 23
31 2
31 7
31 11
32 2
32 4
32 5
33 3
33 5
33 10
33 13
33 14
33 33
33 41
33 53
33 63
33 72
33 78
34 116
34 119
34 124
34 125
34 129
34 131
34 137
34 149
34 150
34 157
35 1
35 8
35 24
35 43
35 47
35 49
35 51
35 56
35 62
35 72
35 73
35 77
35 80
35 81
35 85
35 86
35 89
35 94
35 96
35 102
36 148
36 154
36 174
37 10
39 2
39 4
39 5
39 6
39 7
39 10
39 21
39 22
39 28
39 30
39 32
39 169
39 173
39 174
39 175
39 182
39 191
39 196
39 213
39 218
39 226
39 227
39 234
39 245
39 254
39 266
39 270
39 278
40 13
40 16
40 18
40 20
40 25
40 28
40 40
40 44
40 47
40 57
40 62
40 72
40 74
40 80
40 88
40 90
40 100
40 105
40 108
40 116
40 118
43 21
43 30
43 47
43 48
43 63
43 82
43 90
43 92
43 94
43 96
43 98
44 1
44 5
44 6
44 19
44 20
44 26
44 30
44 32
44 35
44 36
44 42
44 55
44 60
44 61
44 62
44 65
44 77
44 78
44 79
44 86
44 92
44 94
45 21
46 62
46 76
46 90
46 103
46 235
46 241
46 242
46 243
46 250
46 251
46 331
46 465
46 473
46 474
46 479
46 482
46 484
46 486
46 494
46 497
46 503
46 506
46 508
46 541
46 545
46 548
47 3
47 5
47 12
47 13
47 148
47 149
47 151
47 165
47 169
47 172
47 174
47 177
47 192
47 204
47 205
47 207
47 211
47 213
47 237
47 250
47 251
47 262
47 268
47 269
47 285
47 297
47 302
47 305
48 2
48 7
49 3
49 6
49 14
49 16
49 20
49 28
49 36
49 39
49 40
49 41
49 43
49 44
49 47
50 1
50 3
52 6
52 11
52 16
52 18
52 19
52 22
52 28
52 32
52 33
52 38
52 45
52 51
53 10
53 23
53 30
53 33
53 40
54 28
54 29
54 32
54 40
54 41
54 43
54 52
54 54
54 58
54 68
54 72
54 73
54 79
54 84
54 114
54 115
55 8
55 9
55 13
55 15
55 41
55 43
55 47
55 51
55 55
55 56
55 62
56 1
56 5
56 20
57 2
57 6
57 8
57 12
57 13
57 20
57 21
57 22
57 25
57 28
57 39
57 40
57 42
57 50
58 36
58 37
58 38
58 54
58 58
58 69
58 72
58 73
58 83
60 24
61 1
61 2
61 10
61 64
61 66
61 77
61 79
61 80
61 86
61 96
62 14
62 19
62 20
63 2
63 4
63 5
63 11
63 34
63 45
63 50
63 140
63 149
63 160
63 217
63 221
63 229
63 232
63 233
63 234
63 236
63 238
63 241
63 243
63 245
63 249
63 255
63 276
63 285
63 293
63 297
63 308
63 310
63 311
63 320
63 327
63 332
63 341
63 346
63 356
63 362
63 387
63 399
64 9
64 10
64 59
64 62
65 71
65 85
65 87
65 90
65 107
66 4
66 16
66 18
66 29
66 34
67 1
67 2
67 4
67 7
67 16
67 26
68 7
68 8
68 14
68 24
68 38
68 46
68 47
69 3
69 5
69 8
69 66
69 67
69 158
69 172
69 177
69 186
69 190
69 204
69 214
69 216
69 220
69 234
69 236
69 237
69 246
69 248
69 277
70 3
70 5
70 12
70 37
70 40
70 41
70 52
70 53
70 56
70 59
70 80
70 109
70 139
70 148
70 158
70 172
71 1
71 7
73 55
73 57
73 58
73 59
73 61
73 82
73 84
73 93
73 106
73 116
73 124
73 125
73 133
73 141
73 144
73 149
73 150
73 153
73 155
73 157
74 6
74 15
74 38
74 40
74 52
74 54
74 59
74 68
74 70
74 72
74 74
74 78
74 79
74 82
74 212
74 213
74 216
74 222
74 231
74 233
74 235
74 238
74 252
74 264
74 268
74 290
74 292
74 297
74 306
74 308
74 309
74 314
74 320
74 321
74 323
74 325
74 336
74 337
74 338
74 341
75 6
75 7
75 9
76 2
76 12
76 22
76 23
76 25
76 40
76 54
76 68
76 71
76 80
76 98
76 100
76 101
76 102
76 116
78 4
78 19
78 20
78 24
78 36
78 38
78 48
78 78
78 81
78 85
78 93
79 2
79 13
79 26
79 35
79 37
79 39
79 54
79 65
79 67
80 1
80 2
80 4
80 7
81 3
81 21
81 22
81 24
81 33
81 52
81 55
81 56
81 79
81 81
81 170
81 171
81 174
81 193
81 207
81 208
81 210
81 211
81 222
81 224
81 226
81 231
81 243
81 251
81 252
86 12
86 53
86 54
86 58
86 59
86 67
86 73
86 76
86 78
86 85
86 90
86 91
86 98
86 119
86 123
86 130
86 131
86 133
86 137
86 139
86 143
86 145
86 152
86 157
86 159
86 162
86 163
87 2
87 10
87 12
88 9
89 138
89 142
89 143
89 155
90 6
90 7
91 65
93 36
93 50
93 53
93 55
93 56
93 67
93 68
93 73
93 78
93 80
93 90
93 91
93 95
93 98
93 110
93 129
93 134
93 144
93 146
93 149
93 152
93 155
95 7
95 136
95 138
95 139
95 157
95 159
95 168
95 177
95 187
95 194
95 197
95 210
95 215
95 220
95 222
95 233
95 240
96 3
96 4
96 10
97 2
97 8
97 14
99 5
99 6
99 12
99 27
99 29
100 26
100 28
100 32
100 40
101 3
101 4
101 5
101 24
101 26
102 4
102 29
102 30
102 32
102 34
102 39
102 50
102 57
102 63
102 64
102 65
103 10
103 18
103 23
104 29
104 39
104 46
104 55
104 59
104 63
104 64
104 67
104 69
104 81
104 82
105 1
105 8
105 9
105 15
105 24
105 31
105 32
105 40
105 45
106 2
106 13
106 23
106 26
106 27
106 30
106 33
106 34
106 37
106 39
106 49
106 56
