1 5
1 9
1 12
1 13
4 1
4 2
4 4
4 16
4 22
4 24
4 26
4 28
4 30
4 32
4 38
4 45
5 53
5 54
5 59
5 61
5 68
6 15
6 34
6 35
6 40
6 43
6 49
6 59
6 70
7 119
7 124
8 22
8 24
9 5
9 6
9 7
9 11
9 20
9 24
9 31
9 32
9 33
9 49
10 12
10 13
10 15
10 22
10 23
10 24
10 27
10 52
10 61
10 73
10 74
10 82
11 4
11 8
11 11
12 3
13 5
13 9
13 13
13 23
14 5
14 7
14 9
14 10
14 11
14 18
14 26
14 34
14 35
14 40
14 42
14 46
14 49
14 55
14 83
14 88
14 92
14 93
14 140
14 148
14 154
14 158
14 163
14 186
15 6
15 14
15 29
15 34
15 44
15 50
15 51
15 52
15 53
15 63
15 73
16 3
16 9
16 14
16 26
16 112
16 113
16 116
16 117
16 131
16 137
16 157
16 158
16 159
16 164
16 166
16 171
16 180
18 1
18 5
18 12
18 31
18 35
18 38
18 52
18 60
19 13
19 20
19 24
19 35
19 36
20 19
21 10
22 35
22 45
22 48
22 51
22 54
22 56
22 62
22 66
22 80
22 88
22 94
22 107
22 108
22 111
22 113
22 119
22 125
22 136
22 186
22 193
22 195
22 205
22 211
22 226
23 1
23 47
23 49
23 50
23 51
23 60
23 69
23 72
23 86
23 87
23 88
23 99
23 102
24 2
24 5
24 11
24 22
24 27
24 31
24 32
24 35
24 39
24 40
24 41
24 45
24 54
24 57
24 64
24 69
24 70
24 88
24 89
24 98
24 112
24 194
24 195
24 212
24 214
24 215
24 217
24 223
24 225
24 242
26 77
26 79
26 92
27 2
27 11
27 40
27 55
27 62
27 63
27 76
27 81
27 83
27 88
27 93
28 2
30 11
30 14
30 16
30 43
30 57
30 62
30 67
30 68
30 80
31 1
31 3
31 14
31 25
31 27
31 35
31 36
31 37
31 41
31 47
31 52
31 53
31 65
31 67
31 69
31 74
31 75
31 77
33 11
33 16
33 17
33 18
33 22
33 30
33 31
33 49
33 58
34 1
34 11
34 14
34 17
34 32
34 106
34 113
35 4
35 6
35 7
35 17
35 34
35 36
36 7
36 15
36 21
36 29
36 36
36 42
37 4
37 6
37 18
37 26
37 28
39 6
39 8
39 15
39 18
39 29
39 34
40 1
40 118
40 121
40 126
40 129
43 9
43 17
43 19
43 22
43 23
45 1
45 6
45 9
45 10
45 12
45 14
45 27
45 33
46 11
46 76
47 2
47 7
47 8
47 11
47 32
47 33
47 45
48 109
48 112
48 129
48 133
48 139
48 150
48 157
48 162
48 168
48 169
48 178
48 185
48 201
48 208
48 215
48 216
48 218
48 219
48 228
48 233
48 239
48 247
48 251
48 262
48 265
48 270
48 272
48 274
48 276
48 278
48 281
48 304
48 306
48 308
48 313
48 314
48 320
48 325
48 328
48 354
48 362
48 363
48 365
48 371
48 375
49 9
49 13
49 18
49 19
49 24
49 25
49 26
49 27
49 38
49 54
49 77
49 79
49 84
49 87
49 89
49 95
49 97
49 109
49 110
49 116
49 136
49 138
49 142
49 146
49 150
49 154
50 10
50 19
50 22
50 25
50 36
50 61
50 66
50 67
50 69
50 94
50 97
50 103
50 110
50 114
50 122
50 123
50 127
50 129
50 132
50 141
51 4
51 6
51 7
51 14
51 17
51 22
51 38
51 40
51 80
51 86
51 88
51 89
51 91
51 98
51 183
51 195
51 234
51 238
51 245
51 251
52 23
52 25
52 30
53 1
53 10
53 13
53 24
53 25
53 35
53 39
53 47
53 71
53 72
53 74
53 82
53 197
53 198
53 206
53 207
54 5
54 37
54 44
54 49
54 59
54 74
54 83
54 94
54 100
54 121
54 127
54 140
54 149
54 155
54 158
54 168
54 173
54 181
54 194
54 196
55 91
55 97
55 106
55 108
55 118
55 120
55 121
55 124
55 129
55 142
56 3
56 5
56 8
56 17
56 19
56 21
56 61
56 65
56 66
56 68
56 79
56 82
56 89
56 96
56 97
56 118
56 121
56 124
56 158
56 160
57 113
57 122
57 155
57 163
57 168
58 9
58 10
58 34
58 37
59 1
59 7
59 13
59 17
59 20
59 27
59 38
59 41
59 52
60 93
60 96
60 101
60 104
60 114
60 117
60 119
60 122
60 124
60 131
60 132
60 141
60 142
60 149
60 150
60 156
60 164
60 168
61 99
61 102
61 106
61 107
61 111
61 114
61 122
61 123
61 130
62 3
62 11
62 16
62 25
62 33
64 18
64 19
64 27
64 33
65 10
65 11
65 14
65 27
65 28
65 32
65 35
65 36
65 43
65 46
65 49
65 51
65 52
65 57
66 3
66 4
66 7
66 8
66 9
66 14
66 20
66 21
66 30
66 32
66 35
66 39
66 51
66 53
66 55
67 6
67 22
67 31
67 32
67 56
67 61
67 73
67 78
67 93
67 100
67 101
67 108
67 122
67 139
67 143
67 152
67 155
67 160
67 163
67 177
67 187
67 193
67 197
67 201
67 203
67 204
67 210
67 215
67 223
67 230
67 264
67 266
67 272
67 273
67 278
67 283
67 295
67 302
67 304
67 312
68 5
68 7
68 8
68 11
68 18
68 21
68 23
68 28
68 32
68 37
68 72
68 80
68 85
68 90
68 94
68 100
68 107
68 109
68 119
68 121
68 122
68 129
68 130
70 76
70 77
70 79
70 84
70 100
71 87
71 89
73 2
73 9
75 8
75 9
75 15
75 28
75 29
75 33
75 38
75 47
76 1
76 5
76 10
76 12
76 16
76 17
76 20
76 24
76 28
76 29
76 34
76 41
76 54
76 55
76 57
76 58
76 72
76 75
76 77
76 78
76 81
76 82
76 83
76 85
76 97
76 102
77 127
77 130
77 135
77 182
77 186
77 189
77 198
77 205
77 206
77 212
78 2
80 1
80 2
80 3
81 5
81 6
81 8
81 47
81 58
81 64
81 68
81 69
81 72
81 74
81 90
81 92
81 93
81 97
81 99
81 100
81 142
81 147
81 148
81 149
81 150
81 153
81 154
81 155
81 173
81 180
81 184
81 198
81 211
81 212
81 217
81 219
81 220
81 223
81 230
81 238
81 245
81 251
81 253
81 265
81 268
81 281
81 282
81 285
81 286
81 289
81 297
81 301
81 302
81 305
81 307
81 315
81 328
82 67
82 68
82 71
82 72
82 79
82 82
82 93
83 98
83 100
84 10
84 12
84 14
84 15
84 18
84 24
84 31
84 32
84 38
84 39
84 45
84 53
84 61
84 70
84 72
84 78
84 95
84 100
84 104
84 112
84 121
84 126
84 127
84 128
84 132
85 6
85 7
86 1
86 5
86 44
86 62
86 192
87 12
87 22
87 24
87 29
87 31
87 44
87 45
87 47
87 48
87 49
87 65
87 67
87 69
87 71
87 74
87 75
87 81
87 83
87 85
87 86
87 87
88 2
88 12
88 16
88 20
88 26
89 2
89 3
91 21
91 29
91 30
91 36
91 37
91 44
91 48
92 33
92 49
93 9
93 15
93 16
93 33
93 98
94 12
94 14
94 16
95 2
95 9
95 10
95 20
95 21
95 23
95 25
95 26
95 29
95 34
95 44
96 63
96 64
96 72
96 86
96 87
96 93
96 104
96 106
96 108
96 109
96 116
96 126
96 130
96 132
96 134
96 142
96 149
96 152
96 154
96 162
97 1
97 3
97 12
97 14
97 20
97 31
97 33
97 42
97 44
97 52
97 55
97 60
97 62
97 64
97 68
97 70
97 78
97 94
97 95
97 100
97 101
98 6
98 7
98 16
98 20
98 21
98 31
98 33
98 34
98 41
98 48
98 52
98 53
98 54
98 57
98 59
98 67
98 69
98 71
98 74
98 85
98 101
98 103
99 3
99 14
99 16
99 23
99 24
99 27
99 28
99 30
99 37
99 65
99 67
99 70
99 71
99 72
99 75
100 2
100 6
100 26
100 46
100 55
100 56
100 58
100 64
100 65
100 73
100 76
100 82
100 84
100 92
100 94
100 98
100 99
100 100
100 105
100 108
100 115
100 123
100 124
100 133
100 134
100 139
100 142
100 152
100 156
100 163
100 169
100 177
100 182
100 188
100 190
100 195
100 202
100 205
101 13
101 15
101 16
101 28
101 42
101 43
101 47
101 52
101 70
101 71
101 74
101 76
102 1
102 3
102 6
102 11
102 14
102 29
102 45
102 52
102 55
102 56
102 89
102 91
102 95
102 105
102 112
102 117
104 26
104 28
104 29
104 31
104 43
104 66
104 75
104 76
104 81
104 89
104 90
104 96
104 98
104 99
104 101
104 111
104 124
104 125
104 134
104 138
104 198
