1 4
1 15
1 20
1 22
1 23
1 26
1 27
1 30
1 35
1 39
2 6
2 11
2 15
2 17
3 2
3 7
3 8
3 20
3 24
3 35
3 38
3 55
3 59
3 68
3 70
3 84
3 92
5 117
5 122
5 128
6 6
6 9
6 17
6 18
6 20
6 24
6 31
6 32
6 36
6 75
6 81
6 94
6 101
6 103
6 105
6 113
8 159
10 1
10 3
10 4
10 5
10 6
10 8
10 9
10 12
10 16
10 24
10 27
12 64
12 68
12 74
12 76
12 85
12 89
12 95
12 102
12 103
12 113
12 116
12 127
12 133
12 135
13 58
13 66
13 68
13 73
13 76
13 77
13 81
13 90
13 91
14 10
14 11
14 21
14 31
15 10
15 15
16 3
16 7
16 12
16 17
16 25
16 26
16 49
16 51
16 65
16 69
16 78
16 79
16 80
16 83
16 84
16 98
16 109
16 110
16 121
19 26
19 27
20 32
20 34
20 39
20 43
20 45
20 59
20 60
20 64
20 68
20 91
20 94
20 99
20 101
21 25
21 28
22 4
22 10
22 20
22 23
22 32
22 60
22 65
22 82
22 90
22 97
22 109
22 115
22 116
22 123
22 130
22 138
22 142
23 3
23 4
23 9
23 22
23 23
23 26
23 27
25 30
25 46
25 48
25 50
26 1
26 4
26 5
26 21
26 25
27 26
27 34
27 39
27 54
27 63
27 66
27 67
27 69
28 6
28 9
28 12
28 14
28 24
28 29
28 30
28 35
28 36
28 39
28 78
28 79
28 87
28 90
28 91
28 99
28 101
29 31
29 40
29 56
29 59
29 60
29 65
30 26
30 41
30 47
31 4
31 7
31 9
31 11
31 13
31 15
31 20
31 21
34 51
34 54
34 57
34 58
34 62
34 77
34 78
34 86
34 90
34 93
34 95
34 101
34 108
34 124
34 134
34 146
34 157
34 158
34 159
34 172
34 191
35 2
35 7
35 11
35 15
35 17
35 19
35 28
35 29
35 33
35 39
35 42
35 48
35 53
35 58
35 73
35 80
35 82
36 9
36 13
36 21
36 28
36 36
36 82
36 92
36 93
36 95
36 112
37 1
38 1
38 9
38 19
38 25
38 29
38 36
38 41
38 42
38 43
38 58
38 59
38 61
38 64
38 76
38 77
38 80
38 89
39 4
39 9
39 12
39 15
39 20
39 84
40 1
40 3
41 1
41 3
41 8
41 9
41 23
41 26
42 89
42 103
42 106
42 110
42 111
42 113
42 121
42 125
42 133
42 135
42 150
42 152
42 161
42 170
42 174
42 175
43 1
43 5
43 6
43 8
43 20
43 22
43 32
43 35
43 44
43 173
43 180
43 182
43 190
43 195
43 204
43 207
45 20
45 25
45 30
45 33
45 38
46 4
46 5
46 21
46 22
48 26
48 29
48 49
48 53
48 61
48 85
48 86
48 89
48 103
50 2
50 3
50 27
50 41
50 58
50 66
50 68
50 75
51 11
51 23
51 24
51 26
51 27
51 113
51 124
51 134
51 138
51 142
51 155
51 157
51 165
51 166
51 172
51 178
51 228
51 229
51 232
51 234
51 237
51 239
51 250
51 253
51 256
51 263
51 265
51 271
51 272
51 277
51 279
51 284
51 294
51 301
52 2
52 8
52 9
52 35
52 43
52 51
53 8
53 9
53 14
53 20
53 28
53 39
53 40
53 50
53 61
53 67
53 68
56 13
56 20
56 23
56 26
56 90
56 94
56 97
56 101
56 106
56 121
56 133
56 135
56 161
56 163
56 178
56 189
56 190
56 192
56 196
56 198
56 201
56 202
56 208
56 222
56 227
56 237
57 61
57 63
57 68
59 39
59 43
59 47
59 50
59 57
59 74
59 79
59 81
59 82
59 87
59 91
59 99
59 102
59 104
59 116
59 118
59 124
59 131
59 140
59 150
60 9
60 16
60 21
60 29
60 30
60 33
60 36
60 37
60 58
60 63
60 71
60 72
60 83
60 86
61 2
61 3
61 11
61 31
61 32
61 41
61 47
61 54
61 56
61 58
61 60
61 67
61 76
61 77
61 84
61 97
61 99
61 104
61 107
61 136
61 146
61 148
61 151
63 1
63 2
64 1
65 2
65 6
65 29
65 34
65 36
65 40
65 49
66 79
66 83
66 86
66 88
66 89
66 94
66 116
67 20
67 22
67 23
67 33
67 39
67 40
67 55
67 69
67 88
67 90
67 91
67 111
67 120
67 130
67 133
67 136
68 1
68 6
68 14
68 15
68 18
68 19
68 26
68 165
68 174
68 179
68 180
68 181
69 1
69 9
69 12
70 3
70 4
70 9
70 19
70 20
70 24
70 31
70 32
70 37
70 39
70 45
72 2
72 6
72 9
72 15
72 31
72 35
72 45
72 46
72 50
72 64
72 67
72 74
74 53
74 72
74 82
74 95
74 109
74 115
74 124
74 126
74 131
74 134
74 138
74 139
74 144
76 8
76 9
80 4
81 47
82 3
82 5
82 11
82 14
82 15
83 12
83 15
83 16
83 21
83 27
83 40
83 49
83 56
83 66
83 73
83 74
83 75
83 95
83 98
83 99
84 1
84 10
84 11
86 3
87 3
87 9
87 18
87 29
87 30
87 37
87 40
87 48
88 4
89 6
89 7
89 18
89 20
89 25
89 29
90 3
91 19
91 38
91 42
91 48
91 52
91 89
91 98
91 101
91 103
91 104
91 110
92 51
93 5
93 6
93 7
93 19
93 27
93 30
93 35
93 38
93 47
94 6
94 11
94 27
95 2
95 9
95 15
95 126
95 132
95 134
95 163
95 168
96 2
96 5
96 13
96 14
96 25
96 32
96 33
96 40
97 16
97 17
97 22
97 24
97 28
97 32
97 35
97 36
97 45
97 52
97 64
97 65
97 69
97 74
97 76
97 77
99 22
99 31
99 33
99 45
99 74
99 87
99 92
99 98
100 6
101 7
101 10
101 18
101 22
101 25
102 1
102 5
102 8
102 18
102 29
102 32
102 35
102 40
102 45
102 46
102 50
102 51
102 63
102 67
102 68
102 76
102 82
102 95
102 96
102 100
102 103
102 105
102 111
102 113
102 248
102 255
102 259
102 263
103 1
103 6
103 7
103 56
103 69
103 82
103 83
103 95
103 96
103 98
103 117
104 1
107 76
107 81
108 2
109 4
109 8
109 17
110 3
110 11
110 20
110 24
110 30
110 38
110 40
110 50
110 54
112 11
112 16
112 23
113 80
113 91
113 99
113 104
113 106
113 120
113 124
113 125
113 129
113 131
113 133
113 136
113 138
113 141
113 142
113 145
113 155
113 156
113 168
113 179
113 182
113 185
113 191
113 199
113 228
113 231
113 239
113 240
113 242
113 245
113 250
113 261
113 271
113 273
113 275
113 279
113 281
113 288
114 1
114 4
114 18
114 19
114 21
114 34
114 36
114 37
114 42
114 53
114 55
114 59
114 62
114 69
114 75
114 85
114 86
114 88
114 92
114 93
114 101
114 111
114 116
114 122
114 126
114 131
114 142
114 146
114 149
114 150
114 152
114 153
115 19
115 26
115 27
115 29
115 31
115 42
115 62
115 66
115 68
115 69
115 76
116 1
116 83
116 86
116 98
117 27
117 29
117 42
117 43
117 51
117 57
117 60
117 63
117 70
117 73
117 78
117 90
117 173
117 174
117 176
118 65
118 66
118 75
118 78
118 87
118 96
