1 2
1 5
2 3
2 50
2 53
2 54
2 63
2 82
2 98
2 107
2 152
2 164
2 169
2 174
2 177
2 185
2 203
2 213
2 218
2 220
2 245
2 249
2 257
2 262
3 26
3 31
3 47
3 50
3 57
5 1
5 2
5 5
5 18
5 41
6 5
6 6
6 7
6 11
6 12
6 21
6 29
6 30
6 40
6 41
6 42
6 49
7 2
7 7
7 23
7 24
7 27
7 28
7 45
7 60
7 73
7 75
7 86
7 91
7 99
7 101
7 108
7 113
7 114
7 115
7 116
7 120
7 143
7 276
7 282
7 292
7 377
7 378
7 379
7 382
7 385
7 387
7 389
7 393
7 396
7 408
7 411
7 418
7 420
7 433
7 434
7 438
7 439
7 440
7 443
7 448
7 456
7 467
7 472
7 475
7 480
7 481
7 487
7 491
7 502
7 513
7 523
7 540
7 553
8 57
8 59
8 63
8 66
8 69
9 2
9 6
9 14
9 17
9 21
9 22
9 34
9 39
9 45
9 46
9 47
10 2
10 4
10 86
10 92
10 96
10 97
10 99
10 109
10 110
10 113
10 114
10 120
10 127
10 129
10 132
10 141
10 142
10 145
10 146
10 159
10 160
10 165
10 172
11 11
11 14
11 18
11 24
11 25
11 32
11 35
11 37
11 39
11 49
11 53
11 65
11 69
11 70
11 80
12 4
12 9
12 16
12 17
12 21
12 22
14 31
14 36
14 37
14 48
14 59
14 60
14 65
14 66
14 70
14 88
14 92
14 93
14 98
14 109
14 121
14 135
14 136
14 139
14 144
14 146
14 149
17 20
17 31
17 37
17 46
18 1
18 2
18 11
18 14
19 10
19 17
19 18
19 32
19 39
19 46
19 57
19 71
19 77
19 83
19 142
19 145
19 148
19 154
19 155
19 160
19 163
19 164
19 169
19 175
19 180
19 181
19 186
19 195
19 196
19 210
19 214
19 218
19 233
19 235
19 236
19 241
19 245
19 249
19 261
19 270
19 271
19 275
20 9
20 12
20 28
20 29
20 35
20 40
20 42
20 43
20 58
20 70
20 75
20 83
21 2
22 1
22 4
22 9
22 15
22 17
22 55
22 56
22 68
23 1
23 2
23 9
23 17
23 21
23 34
23 35
23 38
23 44
23 51
23 52
23 56
23 78
23 90
23 97
23 98
23 105
23 109
23 116
23 121
23 131
23 134
23 137
23 143
23 144
24 1
24 6
24 142
24 163
24 173
24 175
25 5
25 6
25 7
25 15
25 16
25 18
25 40
25 41
25 52
25 53
25 67
25 68
25 83
25 87
25 108
26 4
26 7
26 8
26 12
26 15
26 18
26 21
26 22
26 25
26 27
26 50
26 54
26 67
26 81
27 1
27 6
27 12
27 20
29 38
29 49
29 50
29 55
29 60
29 67
29 71
29 78
29 79
29 82
29 85
30 1
30 6
31 1
31 14
31 35
31 38
32 10
32 11
32 18
32 20
32 22
32 23
32 33
33 9
33 18
33 19
33 21
33 24
34 9
34 17
34 25
34 30
34 34
34 38
34 41
34 45
34 49
35 2
35 9
35 15
35 17
35 24
35 45
35 47
35 56
35 61
35 62
35 68
35 73
35 79
35 82
35 86
35 87
35 90
35 99
35 101
35 102
35 105
35 108
35 109
35 112
35 114
35 116
35 117
35 118
35 119
35 125
35 134
35 147
35 157
35 158
35 163
35 166
35 167
35 170
35 171
35 181
35 192
35 194
35 196
35 199
35 202
35 214
35 220
35 222
35 224
35 226
35 240
35 245
35 257
35 261
35 268
35 271
35 278
36 1
36 12
36 35
37 10
37 31
37 63
37 66
37 79
37 111
37 123
37 124
38 10
38 11
38 24
38 35
38 36
38 40
38 90
38 94
38 95
38 100
38 109
38 142
38 155
38 157
38 165
38 166
38 167
38 172
38 186
38 192
38 194
38 199
38 207
38 208
38 226
39 88
39 96
39 102
40 20
40 21
40 35
40 38
40 39
40 40
40 48
40 50
40 57
40 59
41 6
41 7
41 36
41 53
41 56
41 59
41 60
41 61
41 65
41 74
41 79
41 93
41 95
41 117
44 14
44 22
44 23
44 35
48 4
48 13
48 21
48 22
48 30
48 32
48 41
48 43
48 45
48 114
48 115
48 117
48 126
48 128
48 129
48 134
48 140
48 152
48 156
48 159
51 18
51 28
51 32
51 39
51 55
51 60
51 65
51 74
51 80
51 98
51 101
51 104
52 7
52 17
52 24
52 25
53 80
53 90
53 208
53 212
54 36
54 37
55 3
55 47
55 56
55 60
55 66
55 75
55 77
55 87
56 1
56 2
57 2
57 11
57 13
57 14
58 1
60 25
60 26
60 32
60 33
61 3
61 10
61 14
61 21
62 1
62 16
62 23
62 25
62 30
62 39
62 47
62 55
64 4
64 5
64 13
64 17
64 19
64 21
64 34
64 41
64 54
65 8
65 10
65 24
65 25
65 36
65 37
65 47
65 59
65 60
65 64
65 90
65 104
65 109
65 110
65 112
66 1
66 13
66 14
66 20
68 7
68 8
68 11
68 16
68 20
68 23
68 29
68 33
68 41
68 47
68 83
68 90
68 98
68 104
70 2
70 4
70 11
70 18
70 24
70 32
70 37
70 41
70 43
70 68
70 69
70 91
71 4
71 17
71 24
71 25
71 26
72 6
72 12
72 19
72 22
73 4
73 17
73 21
73 29
73 31
73 34
73 38
73 40
73 46
73 48
73 60
73 76
73 86
73 88
73 89
73 90
74 8
74 9
74 12
74 19
74 22
75 2
75 5
75 12
76 2
76 6
76 7
76 11
76 14
76 20
76 23
76 24
76 26
76 29
76 35
76 37
76 38
76 43
76 60
78 32
78 34
78 36
78 39
78 40
78 41
78 49
78 54
78 57
78 72
78 75
78 77
78 82
78 84
78 86
78 90
78 93
78 96
80 22
80 28
80 29
80 72
80 76
80 86
81 7
81 12
81 50
81 53
83 43
83 44
83 90
83 94
83 116
83 119
83 120
83 126
83 128
83 129
83 131
83 136
83 149
83 154
83 156
83 160
83 164
83 173
83 178
83 181
83 183
83 188
83 197
83 199
83 205
84 5
84 6
84 9
84 26
85 4
85 9
85 22
85 30
85 32
85 38
85 42
85 43
85 145
85 146
85 154
85 155
85 160
85 179
85 226
85 228
85 230
85 234
85 239
85 250
85 254
85 266
85 269
85 275
85 276
85 277
85 278
85 280
85 285
85 304
85 308
85 316
85 317
85 352
85 353
87 70
88 1
88 9
91 77
91 78
91 79
91 87
91 90
91 129
91 137
91 151
91 153
92 15
92 17
92 24
92 28
92 32
92 36
92 40
92 44
92 46
92 56
92 61
92 70
92 72
92 76
92 78
92 84
92 92
92 114
94 12
94 17
94 24
94 25
94 30
94 48
94 53
94 55
94 76
94 77
94 80
94 83
94 86
95 81
95 83
95 84
95 85
95 88
96 5
96 8
96 9
96 14
96 30
96 31
98 17
98 18
98 23
98 27
98 32
98 39
98 155
98 161
98 172
98 179
98 181
98 199
98 206
98 209
98 210
98 215
98 217
98 222
98 223
98 224
98 238
98 242
98 244
98 246
98 249
98 262
98 268
98 270
98 289
98 291
99 1
99 2
99 21
100 5
100 9
100 13
100 15
100 20
100 22
100 35
100 42
100 54
101 7
101 16
101 29
101 30
101 43
102 1
102 3
102 6
102 8
102 10
102 18
102 19
102 63
102 64
102 65
102 67
102 75
102 76
102 78
102 94
102 114
102 117
103 17
103 18
103 29
103 30
103 34
103 53
103 56
103 60
103 66
103 67
103 79
103 81
103 85
103 90
103 95
103 98
103 101
103 113
103 119
103 127
103 142
103 146
103 155
103 166
103 167
103 168
103 170
103 173
103 177
103 186
103 197
103 200
103 203
103 207
103 210
104 30
104 33
104 34
104 41
104 49
104 50
104 61
104 64
104 65
104 90
104 95
104 103
104 109
104 111
104 116
104 181
104 202
104 206
104 208
104 210
104 212
104 220
104 222
104 223
104 229
104 234
104 246
104 252
104 254
104 257
104 268
104 272
104 277
104 281
104 286
104 288
104 297
104 305
104 313
104 314
104 322
104 326
104 333
