1 1
1 6
1 10
1 12
1 17
1 39
1 40
1 62
1 71
1 85
1 87
1 90
1 100
1 120
1 129
1 135
1 142
1 144
1 161
1 165
1 298
1 299
1 301
1 303
1 306
1 307
1 324
1 337
1 343
1 344
1 345
1 350
1 353
1 364
1 365
1 366
1 371
1 381
1 400
1 413
1 424
1 425
1 453
1 472
1 476
1 494
1 497
1 558
1 561
1 564
1 572
1 578
1 585
1 612
1 629
1 630
1 632
1 645
1 649
2 5
2 20
2 29
2 41
2 43
2 47
2 51
2 57
2 59
2 72
2 73
2 75
2 77
2 80
3 92
3 99
3 112
3 114
3 126
3 127
3 135
3 138
3 145
3 152
3 155
3 165
3 172
4 2
4 4
4 6
4 9
4 34
4 39
4 41
4 56
5 3
5 5
5 10
5 17
5 19
6 130
6 142
6 145
6 147
6 149
6 152
6 174
6 179
6 180
6 194
6 195
6 196
6 212
6 241
6 244
6 250
6 256
6 261
6 269
6 271
6 358
6 362
7 1
7 6
7 15
7 17
8 47
8 53
8 71
8 73
8 77
8 96
8 98
8 108
8 109
8 114
8 119
8 123
8 124
8 127
8 134
8 137
8 139
8 142
8 147
8 152
8 154
8 159
8 161
8 166
9 4
9 13
9 37
10 31
11 1
11 3
11 5
11 12
11 16
11 19
11 22
11 23
11 28
12 2
12 10
12 18
13 2
14 34
14 35
14 47
14 51
14 53
14 58
14 63
14 64
14 69
14 72
14 86
14 91
14 99
14 122
15 14
15 18
15 22
15 24
15 26
15 27
15 31
15 33
15 39
15 44
15 48
15 51
15 52
15 54
15 58
15 120
15 128
15 131
15 146
15 154
15 161
15 172
15 177
15 184
15 215
15 219
15 220
15 222
16 26
16 31
16 39
16 40
16 45
16 53
17 71
17 75
17 79
17 80
17 96
17 101
17 103
17 134
17 135
17 139
17 146
17 148
17 156
17 162
17 168
17 170
17 186
17 187
17 192
17 199
17 202
17 210
17 219
17 224
17 238
17 240
17 243
17 247
18 30
18 45
18 58
18 59
18 69
18 80
18 83
18 87
18 89
18 92
18 93
18 100
18 104
18 108
18 120
18 127
18 129
18 148
18 152
18 162
18 165
19 22
19 24
19 26
19 27
21 3
21 12
21 14
21 23
21 39
21 41
21 43
21 45
21 53
21 55
21 67
21 75
21 81
21 88
21 91
21 103
21 108
21 111
21 118
21 120
21 128
21 132
22 3
22 10
22 12
22 25
22 34
22 35
22 166
22 169
22 170
22 183
22 184
22 195
22 199
22 200
22 201
22 206
22 207
22 220
22 228
22 229
22 232
22 239
22 275
22 289
22 292
22 296
22 297
22 302
23 9
23 15
23 26
23 29
23 30
23 41
23 58
23 59
23 60
23 63
23 65
23 69
23 70
23 71
24 2
24 5
24 6
24 15
24 26
24 44
24 45
24 48
24 52
24 54
24 62
27 14
28 36
28 37
28 41
28 53
28 56
28 73
28 83
28 86
28 87
28 88
28 89
28 91
28 107
28 113
28 118
28 135
29 2
29 51
29 58
30 2
30 3
30 6
30 7
30 9
30 12
30 14
30 51
30 52
30 54
30 62
30 69
30 73
30 77
30 93
31 5
31 9
31 12
31 15
31 16
31 18
31 31
32 107
32 108
32 115
32 118
32 132
32 144
32 147
32 150
32 152
32 155
32 157
32 158
33 2
33 30
33 35
33 45
35 2
36 12
36 27
36 67
36 84
36 95
36 97
36 116
36 152
36 284
37 1
37 11
37 17
37 24
37 30
37 32
37 34
37 37
37 39
37 40
37 46
38 6
38 9
38 17
38 20
38 25
38 32
38 35
39 1
39 5
39 6
39 17
39 18
39 25
39 31
39 56
40 10
40 11
40 59
40 64
40 69
40 74
40 75
40 78
41 8
41 27
41 39
41 42
41 49
41 51
41 77
41 78
44 31
44 33
44 36
44 39
44 52
44 54
44 61
44 66
44 67
44 69
44 74
44 81
44 84
44 87
44 91
44 104
44 109
44 113
44 114
44 115
44 117
44 131
44 152
46 61
46 72
46 87
46 99
46 103
46 104
46 108
46 111
46 121
46 131
46 138
46 140
46 149
46 155
46 159
46 169
46 299
46 306
46 307
46 311
46 313
46 314
46 335
46 467
46 469
46 470
46 472
47 1
47 7
47 10
47 40
47 43
47 45
47 115
47 119
47 128
49 32
49 33
49 37
49 39
49 44
49 50
49 51
49 53
49 56
49 59
49 63
49 77
49 89
49 91
49 100
49 103
49 105
49 107
49 129
49 131
50 53
52 3
53 4
53 7
53 10
54 19
54 22
54 23
54 26
54 38
54 44
54 59
54 60
54 61
54 68
54 69
54 72
54 78
54 88
54 93
55 74
55 77
55 81
55 85
55 86
56 22
56 28
56 29
56 31
57 27
57 50
57 163
57 166
57 173
57 175
57 178
61 5
61 21
61 33
62 1
62 16
62 18
62 26
62 29
62 30
62 32
62 44
62 45
62 46
62 47
62 50
62 54
62 90
62 93
62 99
62 103
62 104
62 108
62 126
62 143
62 149
62 150
62 157
62 158
62 162
62 171
62 180
62 183
62 187
62 189
62 193
62 194
62 197
62 205
62 206
62 212
62 215
62 218
62 227
62 233
62 248
62 256
62 260
62 262
62 300
62 316
62 332
62 337
62 338
62 340
62 343
62 349
62 351
62 352
62 356
62 366
62 367
62 369
62 377
62 382
64 18
64 22
65 13
65 14
65 19
65 20
65 21
65 27
65 28
65 33
65 34
66 6
66 13
66 19
66 29
69 37
69 40
69 41
69 53
70 5
70 15
70 17
70 30
70 31
70 66
70 75
70 86
70 93
70 94
70 99
70 100
70 108
70 114
70 116
70 123
70 125
70 131
70 132
70 154
71 8
71 17
71 19
71 22
71 26
71 36
71 63
71 65
71 70
71 71
71 78
71 79
71 81
71 84
71 86
71 89
71 101
71 109
71 113
71 115
71 120
72 9
72 14
72 15
72 17
72 30
72 39
72 49
72 56
72 67
72 79
72 82
72 85
73 18
73 21
74 4
74 90
74 91
74 101
74 107
76 52
76 53
77 8
77 21
77 22
77 138
77 149
78 1
78 4
78 8
78 11
78 20
78 24
78 26
78 45
81 15
81 29
81 30
81 37
81 43
81 45
81 148
81 149
81 157
81 158
81 159
81 162
81 169
81 173
81 177
82 4
82 20
82 23
82 26
82 38
82 60
82 61
82 64
82 68
82 200
82 216
83 5
83 12
84 46
84 48
84 53
84 54
84 56
84 61
84 63
84 65
84 72
84 77
84 81
84 82
84 87
84 93
84 110
84 121
84 122
84 125
84 139
84 140
84 142
85 42
85 63
85 67
85 77
85 94
85 95
85 105
85 113
85 114
85 122
85 131
85 144
85 145
85 158
85 163
85 168
86 1
86 12
86 22
86 23
86 43
86 48
86 50
86 51
86 54
86 70
86 72
86 74
86 78
86 91
86 107
86 110
86 121
87 18
87 20
87 41
87 51
87 62
87 67
87 79
87 81
87 89
87 91
87 101
87 108
87 110
87 121
87 127
87 128
87 130
87 132
87 135
87 136
87 143
87 147
87 154
87 155
87 164
87 178
87 180
87 184
87 189
87 195
87 203
87 208
87 215
87 216
87 228
87 231
87 234
87 249
87 250
87 256
87 266
87 272
87 278
87 285
87 291
87 292
87 301
87 305
87 309
87 313
87 314
87 317
87 319
88 1
88 2
88 16
88 17
88 21
88 31
88 34
88 36
88 58
88 114
