1 3
1 6
1 7
1 9
1 12
1 14
1 16
1 28
4 36
4 38
5 6
5 16
5 17
5 20
5 28
5 33
5 34
5 36
5 37
5 106
5 109
5 112
5 116
5 118
5 123
5 124
5 139
5 140
5 151
5 152
5 153
5 157
5 158
5 159
5 162
5 166
5 169
5 179
5 180
5 190
5 199
5 201
5 203
5 204
5 205
5 209
5 211
5 235
5 237
5 243
5 252
5 256
5 260
5 265
6 10
6 13
7 47
7 56
8 3
8 6
8 18
8 20
8 21
8 25
8 36
8 38
9 10
9 18
10 2
10 6
10 15
10 16
10 18
10 22
10 30
10 34
10 37
10 41
10 43
10 46
10 54
10 62
10 68
10 71
10 73
10 76
10 79
10 89
10 103
10 105
10 113
10 164
10 187
10 188
11 7
11 10
11 16
11 19
11 28
11 29
11 34
11 42
11 43
11 57
11 96
11 102
11 111
12 10
12 13
12 15
12 16
12 17
12 20
12 25
12 27
12 28
12 34
12 35
12 42
12 44
12 45
12 47
13 7
13 14
13 16
13 25
13 42
13 44
13 55
13 58
13 63
14 7
14 19
14 20
14 31
14 32
14 45
14 51
14 55
14 64
14 66
14 67
15 1
15 6
15 12
15 18
15 20
15 29
15 31
15 33
15 38
15 50
15 55
15 57
16 2
16 6
16 14
16 21
16 23
16 26
16 27
16 37
16 41
16 43
16 56
16 60
16 64
16 65
19 4
19 23
19 28
19 31
19 35
19 43
19 47
22 32
22 34
22 44
22 52
22 186
22 191
22 194
22 200
22 220
22 224
22 226
22 230
23 7
23 11
26 19
26 20
26 23
26 35
26 45
26 60
26 62
26 64
26 74
26 89
26 98
26 99
26 104
26 111
26 114
26 116
26 137
26 143
26 164
26 175
26 180
26 181
26 182
26 185
27 4
27 10
28 6
28 14
28 15
28 17
28 25
28 28
28 36
28 43
28 46
28 52
29 8
29 10
29 15
29 18
29 19
29 21
31 2
31 6
31 10
31 16
31 17
31 21
31 35
31 41
31 49
31 51
31 57
31 58
31 66
31 76
31 77
31 78
31 83
31 99
31 103
31 106
31 119
31 124
31 126
31 129
31 134
31 138
31 153
31 154
32 4
32 7
32 15
32 16
32 20
32 25
32 26
32 30
33 8
33 10
33 18
33 58
33 69
33 79
37 1
37 4
37 17
37 28
37 32
37 36
37 38
37 43
37 50
37 58
37 59
37 63
37 70
37 72
37 77
38 7
38 22
38 26
38 28
38 38
38 44
38 64
38 68
38 80
38 81
38 85
38 88
38 90
38 91
38 95
38 96
39 1
39 5
39 13
39 18
39 21
39 30
41 5
41 6
41 15
41 26
41 28
41 31
41 34
41 36
41 37
41 38
41 41
41 46
41 90
41 108
41 112
41 118
41 119
41 122
41 138
41 142
41 144
42 3
43 6
43 9
43 11
43 16
43 17
43 23
43 38
43 42
43 54
44 11
45 11
45 19
45 21
45 25
45 30
45 31
46 149
46 152
46 166
46 167
49 20
49 47
49 50
49 65
49 71
49 77
49 78
52 15
52 27
53 1
53 6
54 83
56 59
56 60
56 69
56 78
56 82
56 96
56 97
56 102
57 1
57 30
57 33
57 35
57 39
57 46
57 47
57 48
57 57
57 69
57 112
57 187
57 191
57 198
57 201
57 217
57 221
57 227
57 236
57 238
57 247
57 248
57 252
57 257
57 258
57 264
57 269
57 272
57 285
57 297
57 298
57 313
57 318
57 326
57 328
57 333
57 336
57 339
57 455
57 456
57 459
57 463
57 467
57 471
57 473
57 481
57 485
57 498
57 501
57 510
57 522
57 526
57 528
57 531
58 4
58 17
58 20
58 25
58 28
58 31
58 54
58 59
58 60
59 13
59 14
59 18
60 3
60 5
60 6
60 10
61 19
61 21
61 24
63 31
64 25
64 28
64 30
64 43
64 56
64 57
64 61
64 64
64 75
64 77
64 82
64 83
64 84
64 87
64 98
64 109
64 121
64 126
64 129
64 137
64 148
64 151
64 152
64 153
64 157
65 31
65 32
65 41
65 42
66 8
66 16
66 17
66 25
66 41
66 43
66 47
67 5
67 10
67 11
67 12
67 13
67 14
67 19
67 23
67 26
67 30
67 34
67 35
67 50
67 56
67 58
68 2
68 5
68 13
69 2
72 8
72 14
72 18
72 20
72 26
72 31
72 35
72 45
72 51
72 65
72 67
72 76
73 13
73 14
73 16
73 17
73 21
73 22
73 28
74 155
74 158
74 164
74 165
74 174
74 180
74 182
74 190
74 200
74 213
74 216
74 256
74 263
74 264
75 75
75 76
75 86
75 88
75 106
75 111
75 128
75 132
75 143
75 146
76 10
76 17
76 18
76 68
76 76
76 78
76 79
76 81
76 91
76 99
76 137
76 212
76 219
76 220
76 228
76 236
76 238
76 245
76 259
76 265
76 283
76 284
76 292
76 294
76 306
76 308
76 320
76 325
77 8
77 12
77 23
78 19
78 27
78 34
78 39
79 4
79 7
79 10
80 22
80 24
80 30
80 34
80 51
81 11
81 15
81 28
81 42
81 50
81 54
83 61
83 62
83 70
83 74
83 99
83 103
83 106
83 108
83 131
84 7
84 10
85 1
85 3
85 15
86 48
86 50
86 52
86 54
86 55
87 26
87 31
87 44
87 46
87 63
87 69
87 71
87 81
87 87
87 163
87 167
87 171
87 176
87 179
87 182
87 190
87 193
88 3
88 13
88 16
88 22
88 24
89 5
89 13
89 18
89 26
89 31
89 38
89 39
89 41
89 47
89 53
89 70
89 78
89 80
89 82
89 89
90 9
91 55
93 7
95 38
95 44
95 56
95 57
96 4
96 6
96 9
96 10
96 18
96 28
97 11
98 49
98 50
98 53
98 56
98 57
98 58
98 59
98 62
98 67
98 68
98 75
98 83
100 8
101 70
101 71
101 78
101 80
101 86
101 94
101 97
101 100
101 128
101 132
101 136
101 139
101 140
101 145
101 147
101 154
101 156
101 158
101 170
101 172
101 183
101 187
101 190
101 191
101 232
101 247
101 282
101 283
101 312
101 314
101 323
101 327
101 329
101 468
101 469
101 475
101 479
101 484
101 488
101 493
101 542
101 562
101 563
101 645
102 1
102 9
102 11
102 19
102 21
103 104
103 107
103 120
104 1
104 4
104 8
104 14
104 17
104 146
104 148
104 149
104 157
104 163
104 191
104 201
104 203
104 205
104 207
104 212
104 215
104 216
104 217
104 219
104 225
104 247
104 249
104 257
104 266
104 284
104 288
104 293
104 297
104 304
104 306
104 308
106 59
106 61
106 62
106 65
106 68
106 72
106 75
106 82
106 85
106 103
106 106
106 115
108 17
108 27
108 41
108 43
109 11
109 17
109 24
109 26
109 28
109 34
109 42
109 47
109 48
110 4
110 5
110 12
111 1
112 2
113 9
114 46
114 47
114 54
114 57
114 65
114 70
114 76
114 86
114 89
114 91
114 221
114 222
114 223
114 234
114 235
114 238
114 240
114 246
114 252
114 257
114 262
114 284
114 286
114 289
114 304
114 319
114 334
115 1
115 4
115 5
115 10
115 14
115 17
115 21
115 75
115 101
115 117
115 162
115 169
115 172
115 190
116 3
116 9
