1 4
4 4
4 15
4 18
4 26
4 35
5 3
5 20
5 21
5 23
5 24
5 32
6 2
6 13
6 17
6 21
6 57
6 69
6 71
6 81
6 161
7 6
7 9
7 13
7 18
7 22
7 24
7 31
7 32
7 37
7 41
7 45
7 47
7 49
7 51
7 60
7 105
7 115
7 121
7 140
7 156
7 167
7 171
7 174
9 55
10 3
11 46
11 51
11 52
11 55
11 73
11 80
11 94
11 105
11 108
11 121
11 122
12 39
12 40
12 41
12 46
12 55
12 58
12 59
12 64
12 66
12 67
12 71
12 73
12 94
12 98
12 101
12 125
12 134
12 136
12 138
13 6
13 11
13 12
13 31
13 64
13 65
13 72
13 78
13 86
13 94
13 95
14 2
14 5
14 14
14 15
14 16
14 23
14 24
14 31
14 32
14 35
14 36
14 44
14 51
14 56
14 71
14 89
14 93
14 102
14 107
14 133
14 134
14 145
14 146
14 153
14 171
14 179
14 180
14 182
14 185
15 115
15 121
15 127
15 137
15 142
15 147
15 148
15 149
15 155
15 157
15 173
15 180
15 188
15 193
15 217
15 225
15 235
15 237
15 244
15 245
16 2
16 3
16 9
16 18
16 31
16 34
16 50
16 52
16 59
16 61
16 72
16 73
16 117
16 127
16 130
16 138
16 143
17 3
17 5
17 24
17 25
17 26
17 28
17 31
17 42
17 54
17 60
17 63
17 67
17 77
17 81
17 87
17 89
18 2
18 4
18 8
18 10
18 12
18 13
18 20
18 35
18 48
18 50
18 56
18 60
18 68
19 10
19 11
22 58
22 69
23 1
23 6
23 14
23 18
23 22
23 40
23 41
24 3
24 4
24 10
24 16
24 23
24 24
24 29
25 16
25 24
25 153
25 156
25 180
25 187
25 189
25 190
25 199
25 206
25 223
25 235
25 243
26 87
26 90
26 99
26 102
26 107
26 111
26 113
26 118
26 144
27 4
27 9
27 24
27 25
27 26
27 33
28 9
28 31
28 32
28 37
28 44
28 46
28 53
28 54
28 55
28 57
28 66
28 67
28 104
28 117
28 118
28 124
29 94
29 100
29 106
29 108
29 113
29 140
29 143
29 150
29 157
29 163
29 176
29 178
29 186
29 192
29 193
29 200
29 202
29 203
29 204
29 206
29 213
29 219
29 222
29 224
29 230
29 250
29 253
29 263
29 274
29 295
30 4
30 5
30 11
30 14
30 29
30 38
30 43
34 7
34 8
34 10
34 13
34 15
34 27
34 28
34 29
34 40
34 48
34 49
35 4
35 13
36 1
36 5
36 8
36 20
36 25
36 27
36 37
36 40
36 46
36 62
37 5
37 14
37 18
37 19
38 34
38 37
39 5
39 6
39 20
39 28
39 30
39 40
39 41
39 49
39 59
39 63
39 74
39 75
39 81
39 82
39 88
39 90
39 91
39 103
39 113
39 118
39 122
39 126
39 133
39 138
39 155
39 157
39 159
39 164
40 117
40 119
40 129
40 130
40 133
40 138
40 145
40 152
40 156
40 160
41 5
41 8
41 10
41 12
41 16
41 18
41 38
41 46
41 47
41 64
42 4
42 11
42 12
42 15
42 21
42 27
43 10
43 19
43 21
43 31
43 40
43 45
43 51
43 59
43 68
43 69
43 133
43 137
43 144
43 150
43 153
45 39
45 41
45 46
45 48
45 50
46 1
46 6
46 35
46 38
46 41
46 42
46 56
46 59
46 65
46 68
46 70
46 89
46 91
46 93
46 98
46 99
46 100
46 113
46 115
46 121
46 129
46 130
46 134
47 3
47 7
47 13
47 14
47 17
47 21
47 22
48 14
49 3
49 4
49 9
49 10
49 14
49 31
49 33
49 39
49 132
49 143
49 144
49 152
49 156
49 162
49 163
49 170
49 171
49 172
49 174
49 177
49 193
49 199
49 251
49 263
49 268
49 270
49 275
49 283
49 285
49 296
49 297
50 4
50 11
50 14
50 15
50 21
50 30
50 42
50 70
50 71
50 83
50 95
50 97
50 101
50 104
50 111
50 113
50 114
50 117
52 19
52 89
52 92
52 94
52 105
54 37
55 100
55 103
55 112
55 115
55 117
55 121
55 123
55 132
55 182
55 206
56 21
56 23
56 29
56 38
57 1
57 4
57 7
57 15
57 20
57 21
57 22
57 35
57 40
57 48
57 58
57 60
57 63
57 64
59 14
59 17
59 19
59 26
59 27
60 20
60 38
60 40
60 41
60 46
60 47
60 59
60 63
60 74
60 77
60 82
62 11
62 15
62 19
62 39
62 54
62 64
63 4
63 8
63 13
63 14
63 21
63 26
63 30
63 38
63 44
63 46
64 4
64 5
64 7
64 10
64 13
64 24
64 28
64 41
64 47
64 70
64 131
64 139
64 144
64 147
64 165
66 17
66 25
66 29
66 30
67 12
67 36
67 37
67 40
67 48
67 54
67 55
67 60
67 71
67 79
67 82
67 84
67 90
67 91
67 93
68 1
68 12
68 22
68 30
68 32
68 34
68 39
68 40
68 52
68 57
68 63
68 70
68 72
69 6
69 9
69 20
69 24
69 25
69 26
70 2
70 8
70 26
70 34
70 42
70 47
70 53
70 56
70 63
70 65
70 70
70 114
70 119
70 125
70 131
70 140
70 192
70 208
70 210
70 216
70 218
70 222
70 260
70 265
70 269
70 272
70 273
70 298
70 343
70 347
70 348
70 351
72 39
72 49
72 59
72 63
72 69
72 71
72 76
72 78
72 115
72 126
72 147
72 149
72 151
72 152
72 167
72 170
72 175
73 2
73 3
73 9
73 30
73 46
73 96
73 100
73 108
73 115
73 120
73 126
74 11
74 16
74 25
74 27
74 28
74 29
74 36
74 166
74 168
74 172
74 191
74 199
74 209
74 216
74 217
74 222
77 60
77 68
77 78
77 82
77 100
77 103
77 104
78 1
78 4
78 6
78 10
78 12
78 15
78 23
78 27
78 28
78 34
78 39
78 41
78 51
78 60
78 63
78 66
78 71
78 93
78 95
78 105
78 117
79 5
79 11
79 18
79 20
79 40
79 41
79 48
79 59
79 62
79 64
79 72
79 80
79 83
79 86
79 91
79 102
79 103
79 118
79 120
79 127
79 129
79 133
79 182
79 185
79 197
80 7
80 8
80 9
80 17
80 24
80 27
80 28
80 37
80 44
80 48
80 58
80 62
80 64
80 67
80 83
85 1
85 3
85 8
85 15
85 23
85 27
85 32
85 34
85 38
85 44
85 46
85 57
85 64
85 65
85 68
85 72
85 89
85 91
85 93
86 2
86 3
86 5
86 23
86 25
86 32
86 38
86 48
86 60
86 81
86 86
86 189
86 198
86 201
86 266
86 277
86 279
86 295
87 42
87 46
87 47
88 5
88 10
88 14
88 18
88 53
88 59
88 66
88 75
88 84
88 89
88 95
88 113
88 116
88 121
88 125
88 127
88 144
88 150
88 157
88 165
88 173
88 194
88 202
88 203
88 204
89 7
89 9
89 21
92 19
92 21
92 23
92 24
92 27
92 34
92 49
92 50
92 51
92 55
92 66
92 76
92 77
92 82
92 83
92 90
93 17
93 21
93 26
93 27
93 36
93 44
93 62
93 68
94 2
94 8
94 9
94 16
95 5
95 7
95 8
95 13
95 38
95 39
95 42
95 61
95 65
95 67
95 82
95 97
95 106
97 114
97 115
97 120
97 133
97 134
97 138
97 148
98 10
98 11
98 37
98 44
98 49
98 56
98 61
99 3
100 4
100 12
100 16
100 17
100 18
100 20
100 33
100 42
100 43
100 44
100 48
100 56
100 59
100 71
100 73
100 78
100 92
100 97
100 111
