1 17
1 18
1 21
1 36
1 37
1 67
1 69
3 4
5 12
5 21
5 22
5 23
5 26
5 31
5 35
5 37
5 74
5 77
5 85
5 109
5 117
5 127
5 129
5 132
6 2
7 6
7 9
8 75
8 79
8 80
8 84
8 86
8 89
8 100
8 101
8 105
8 116
8 119
8 120
8 122
8 145
9 14
9 17
9 21
9 30
9 38
10 1
11 1
11 2
11 3
11 6
11 7
11 14
11 15
12 112
12 122
12 131
12 134
13 16
14 3
14 4
14 10
14 60
14 62
14 67
14 77
15 1
15 4
15 11
15 12
15 15
15 23
15 24
15 27
15 35
15 36
15 40
15 43
15 49
16 50
16 56
16 57
17 1
17 15
17 17
17 20
17 34
17 40
17 48
17 52
18 15
18 24
18 32
18 34
18 37
18 52
18 62
18 65
18 67
18 71
19 6
19 12
19 21
19 22
19 153
19 157
19 158
19 162
19 172
19 181
19 224
20 2
20 10
20 34
22 2
22 3
25 2
25 10
25 11
25 17
25 23
25 28
25 30
25 32
25 33
25 39
25 58
25 187
25 191
25 193
25 202
25 207
25 214
25 217
25 221
26 2
26 6
26 9
26 14
26 15
26 26
26 34
26 36
26 45
26 52
26 61
26 62
26 64
26 68
26 71
26 72
26 75
26 77
26 78
26 83
27 1
27 6
27 15
27 17
27 18
27 20
27 24
27 29
27 31
27 35
27 38
27 39
27 45
27 61
27 62
27 63
27 71
27 78
27 88
27 109
27 112
27 134
27 152
27 156
27 158
27 159
27 177
27 180
27 186
27 192
27 194
27 198
27 200
27 215
27 219
27 234
27 240
27 242
27 246
27 250
27 253
27 254
27 257
27 260
27 266
27 278
27 283
27 284
27 285
27 313
27 314
27 335
27 339
27 349
27 354
27 360
27 370
27 376
27 378
27 380
27 381
28 2
28 20
28 27
28 30
28 57
28 58
29 5
29 11
29 25
29 27
29 28
29 31
29 50
29 55
29 56
29 58
29 72
29 76
29 82
30 53
30 64
30 65
30 72
30 73
30 76
30 83
31 15
31 23
31 28
31 30
31 37
31 39
31 49
31 61
31 67
31 74
31 81
31 88
31 93
31 105
31 112
31 114
31 121
31 128
31 131
31 134
31 136
31 139
32 5
32 8
32 9
32 10
32 13
34 15
34 25
34 27
36 34
36 35
36 38
36 46
36 54
36 57
36 58
36 61
36 66
36 76
36 78
36 88
37 127
37 130
37 138
37 173
37 242
37 246
37 256
37 259
37 260
37 263
37 268
37 271
37 272
37 282
37 283
38 50
38 51
38 55
38 57
38 70
38 74
38 76
38 79
38 80
38 81
38 90
38 91
38 101
38 109
38 111
38 112
38 114
38 115
38 119
38 135
38 137
38 148
38 151
38 153
38 158
38 164
39 27
40 2
40 7
40 8
40 10
40 12
40 17
40 22
41 2
41 4
41 13
41 15
41 17
41 20
41 21
41 22
41 30
41 40
41 43
41 44
41 54
41 61
41 72
41 74
42 3
42 6
42 10
42 14
42 15
42 26
42 27
42 30
43 5
43 11
43 28
43 50
43 51
43 52
43 55
43 75
43 77
46 6
46 9
46 12
46 18
46 20
46 28
46 29
46 32
46 34
46 43
46 45
46 49
47 9
47 13
47 22
47 24
47 28
47 36
47 43
47 48
47 50
47 62
47 63
47 76
47 77
47 80
49 64
49 66
49 71
50 3
50 4
50 11
50 13
50 24
50 26
50 35
50 39
51 4
51 18
52 1
52 4
52 8
52 9
52 21
52 36
52 39
52 42
52 51
52 52
52 57
52 58
52 61
52 70
52 84
52 88
52 89
52 91
52 95
52 100
52 137
52 142
52 149
52 152
52 162
52 169
52 174
54 3
54 9
54 24
54 27
54 29
54 38
54 45
54 47
54 58
54 188
54 190
54 200
55 42
55 53
55 57
55 65
55 70
55 81
55 82
55 83
55 85
55 91
56 9
56 11
56 18
56 27
56 32
56 33
56 58
56 64
56 71
56 73
56 74
56 81
56 84
56 105
56 115
56 123
56 129
56 130
56 134
58 13
58 20
58 22
59 10
59 13
59 16
59 24
59 27
59 33
59 36
59 39
59 42
59 50
59 56
59 64
59 66
59 75
59 76
59 86
59 87
59 108
59 150
59 153
59 170
59 176
59 180
61 21
61 45
61 51
61 52
61 55
61 58
61 59
61 64
61 115
61 120
61 121
61 144
61 146
61 149
61 155
61 174
61 186
61 193
61 194
61 202
62 30
62 34
62 36
62 42
62 43
63 130
63 133
63 137
63 138
64 5
64 8
64 12
64 22
64 37
64 42
64 45
64 46
64 49
64 57
64 58
64 59
66 106
66 118
66 123
66 128
66 137
66 140
66 141
66 143
66 145
66 157
66 169
66 183
66 185
66 190
66 191
66 194
66 200
66 205
66 209
66 210
66 214
66 227
66 246
66 257
67 4
67 9
69 3
69 84
69 97
69 99
69 100
69 104
69 111
70 2
70 4
70 5
70 12
70 15
70 23
70 25
70 31
70 43
70 49
70 60
70 61
70 63
70 140
70 142
70 160
70 162
70 183
70 185
70 193
70 203
70 211
70 217
70 221
70 358
70 372
70 375
70 378
70 384
70 385
70 394
70 399
70 401
70 402
70 407
70 409
70 413
70 415
72 17
72 19
72 27
72 30
72 34
72 36
74 5
74 8
74 9
74 11
74 17
74 18
74 31
74 40
74 41
74 44
74 48
74 54
74 58
74 61
74 74
74 93
74 97
74 109
74 114
74 116
74 126
74 163
74 166
74 167
74 169
74 170
74 182
74 203
74 218
74 221
74 234
74 237
74 251
75 7
75 13
75 14
75 16
75 17
75 22
75 35
75 38
75 39
75 52
75 55
76 13
77 42
77 51
77 56
77 58
78 1
78 9
78 11
78 12
78 18
78 21
78 25
78 30
78 37
78 43
79 2
79 4
79 9
79 12
79 17
79 22
79 25
79 28
79 38
79 45
79 52
79 189
79 191
79 201
79 205
79 209
79 210
79 215
79 217
79 220
79 221
79 230
79 232
80 16
80 20
80 22
80 25
80 33
80 34
80 43
80 44
80 46
80 47
80 50
80 57
80 63
80 67
80 68
80 75
80 81
80 89
80 92
80 99
80 101
80 110
80 115
80 124
80 125
80 129
80 144
80 145
80 147
82 2
82 10
83 8
83 10
83 18
83 22
83 25
83 26
83 30
83 33
83 41
83 45
83 46
83 47
83 51
83 61
83 63
83 66
85 8
85 20
85 33
85 44
85 47
85 52
85 57
85 74
85 79
85 90
85 102
85 119
86 3
86 16
86 29
87 10
87 11
87 19
88 4
88 8
89 7
89 11
89 13
89 20
89 32
89 37
89 40
90 51
90 52
90 57
90 58
90 61
90 120
90 121
90 130
90 131
90 135
90 140
90 141
90 143
90 149
90 160
91 4
91 8
91 15
91 16
91 20
91 24
91 36
91 53
91 64
93 117
93 120
93 127
93 130
93 134
93 135
93 136
93 150
93 159
93 169
93 170
93 182
93 189
93 194
93 198
93 208
93 218
93 220
93 231
93 233
93 243
93 248
93 250
94 9
94 15
94 20
94 21
94 25
94 26
94 28
94 34
94 40
95 12
96 1
96 5
96 20
96 25
96 31
96 46
96 48
96 70
96 75
96 81
99 5
99 12
99 13
99 20
99 30
99 40
99 45
99 57
99 67
99 75
99 77
103 28
103 169
103 177
103 180
103 182
103 184
103 189
103 193
103 195
103 197
105 4
106 7
106 13
106 19
106 25
106 30
106 32
106 34
106 38
106 40
106 42
106 47
106 48
106 49
106 51
106 64
106 74
106 84
106 88
106 95
106 119
106 126
106 132
106 136
106 138
107 2
107 4
107 6
107 7
107 19
107 23
107 24
107 25
107 27
107 30
107 185
107 189
107 208
107 212
107 214
107 221
107 226
107 256
107 263
107 265
107 275
108 13
108 17
108 19
109 1
109 6
109 7
109 19
109 40
109 43
109 45
109 52
109 56
109 57
