1 1
1 2
1 11
1 12
1 16
1 22
1 36
1 39
1 40
1 49
1 51
1 52
1 54
1 56
2 4
2 6
2 10
2 11
2 17
2 20
2 24
2 34
2 35
3 1
3 5
3 6
3 8
3 20
3 22
3 26
3 27
3 28
3 32
3 39
3 48
3 53
3 58
3 63
3 68
3 74
3 81
4 2
4 7
4 19
4 20
4 27
4 29
4 31
4 38
4 46
4 71
5 30
5 39
6 8
6 27
6 31
6 32
6 46
6 48
6 51
6 54
6 68
6 95
6 96
6 101
8 15
8 17
8 18
8 40
8 62
8 64
8 73
8 74
8 80
8 103
8 107
8 114
8 116
8 122
8 132
8 134
9 7
9 9
9 27
9 29
9 37
9 47
9 51
9 55
9 58
9 64
9 65
9 79
10 11
10 15
10 51
10 108
10 109
10 115
10 116
10 121
10 123
11 3
11 5
11 8
11 11
11 12
11 16
11 17
11 20
11 37
11 38
11 39
11 50
11 54
11 57
11 65
11 66
11 72
11 75
12 2
12 7
12 12
12 25
12 31
12 34
12 36
12 38
13 4
13 6
13 9
13 11
13 12
13 57
13 60
13 65
13 67
13 68
15 49
15 58
15 63
15 72
15 75
15 78
15 81
15 85
15 89
15 92
15 99
15 110
15 121
16 22
16 25
16 26
16 27
16 38
16 40
16 45
16 53
16 58
16 67
16 71
16 81
17 2
17 3
17 16
17 20
17 23
17 26
17 41
17 42
17 48
17 57
17 58
17 66
17 67
17 83
18 7
19 3
22 15
22 19
22 26
22 31
22 34
22 35
22 36
22 41
22 44
22 46
22 53
22 62
22 67
22 75
22 86
22 100
22 106
22 108
22 113
22 114
23 26
23 28
23 33
23 34
23 44
23 48
23 59
23 64
23 71
23 72
23 76
23 78
23 89
23 97
23 106
23 144
23 147
23 160
23 164
23 173
24 39
24 41
24 47
24 56
24 61
24 65
24 69
24 70
24 73
24 83
24 87
24 95
24 98
24 103
24 109
24 112
24 119
25 2
25 3
25 5
25 8
25 15
27 13
27 16
28 1
28 22
28 24
28 31
29 3
29 25
29 28
30 7
30 13
30 16
30 17
30 29
30 30
30 33
30 34
30 39
30 44
30 53
30 56
30 60
30 62
30 64
30 70
30 71
30 84
30 91
30 92
30 93
30 98
30 101
30 103
30 115
30 118
30 137
30 139
30 217
32 15
32 16
32 24
33 13
33 21
33 31
33 34
33 35
33 40
33 45
34 3
34 4
34 5
34 13
34 14
34 16
34 18
34 21
34 28
34 34
34 42
34 50
35 59
35 66
35 75
35 76
35 82
35 83
35 90
36 5
36 13
36 19
36 43
36 49
36 54
37 19
37 21
37 22
37 25
37 139
37 143
37 154
37 155
37 158
37 161
37 162
37 167
37 170
37 187
37 198
37 201
37 202
37 203
37 210
37 214
39 76
39 79
39 85
39 90
39 93
39 104
39 111
39 114
39 120
39 124
39 134
39 139
39 140
40 4
40 5
40 8
40 11
40 15
40 20
40 36
40 41
40 55
40 56
40 59
40 64
40 65
40 81
40 82
40 88
40 89
40 92
40 93
40 106
42 41
42 42
42 52
42 61
42 67
42 68
42 75
42 77
42 79
42 80
42 82
42 87
42 91
42 92
42 99
43 5
43 12
43 14
43 21
43 38
43 40
43 53
43 63
43 65
45 10
45 12
45 13
45 20
45 29
45 44
45 50
45 51
45 59
45 60
45 66
45 68
45 78
45 81
45 100
45 104
46 120
46 125
46 139
47 34
47 46
47 50
47 56
47 60
47 63
47 75
47 79
47 83
47 86
47 115
47 117
47 120
48 6
48 10
48 67
48 69
48 71
48 74
48 76
48 86
48 87
48 89
48 98
48 103
49 4
49 7
49 13
49 14
49 26
49 35
49 37
49 62
49 80
49 87
49 89
49 92
49 96
52 33
52 36
52 64
52 69
52 71
52 73
52 74
52 78
52 82
52 84
52 86
52 92
52 112
52 113
52 119
52 120
54 25
55 3
55 8
56 18
57 1
60 17
60 22
60 24
60 26
60 30
60 44
60 52
60 53
60 61
60 63
60 82
61 4
61 8
61 21
61 30
61 35
62 4
62 5
64 37
64 38
64 43
65 11
65 23
65 25
65 26
65 33
65 104
65 107
65 111
65 114
65 121
66 13
66 26
66 39
66 43
67 69
67 74
67 76
67 78
67 95
67 96
67 97
67 112
67 116
67 119
67 122
67 127
67 128
67 138
67 142
67 145
68 2
68 19
68 28
68 35
68 50
68 62
68 63
69 56
69 57
70 1
70 4
70 16
70 21
70 23
70 25
70 27
70 29
70 32
70 35
70 42
71 125
71 126
71 129
71 132
71 141
71 195
71 203
71 205
71 217
71 220
71 222
71 223
71 232
71 234
71 242
71 243
72 6
72 16
72 23
72 29
72 34
72 36
72 47
72 52
72 56
72 57
72 82
72 85
72 86
72 91
72 99
72 101
72 108
72 109
72 115
72 135
72 140
74 42
74 43
74 53
74 60
74 70
74 74
74 76
74 84
75 2
75 8
75 11
76 64
76 68
76 71
76 74
76 107
76 114
76 128
76 131
76 146
76 147
76 152
76 165
76 167
76 168
76 175
76 179
76 182
76 188
76 202
76 203
76 210
76 214
76 218
76 225
76 233
76 240
76 243
76 251
76 252
76 261
77 1
77 2
77 17
77 18
77 21
77 23
77 26
77 31
77 36
77 37
77 40
77 53
77 55
77 61
77 62
77 73
77 96
77 104
78 1
78 10
78 20
78 97
78 99
78 100
78 109
78 114
78 116
78 119
78 127
78 130
78 132
79 2
79 5
79 13
79 16
79 19
79 21
79 22
79 24
79 30
79 31
79 40
79 43
79 58
79 64
79 76
79 87
79 90
79 95
79 97
79 113
79 131
79 138
79 139
79 148
79 262
79 264
79 284
79 298
79 301
79 302
80 3
80 7
80 8
80 9
80 16
80 18
80 19
80 20
80 33
80 41
80 46
80 57
80 74
80 76
80 80
80 82
80 85
80 86
80 97
80 98
80 102
80 117
80 119
80 123
80 127
80 130
80 134
80 148
80 151
80 158
80 165
80 168
80 175
80 178
80 180
80 202
80 203
80 208
81 10
81 11
81 15
81 16
82 3
82 9
82 12
82 15
82 18
82 21
82 32
82 41
82 42
83 16
83 27
83 31
83 37
84 2
84 5
84 9
84 13
84 18
84 22
85 7
85 8
85 24
85 29
85 35
85 40
85 42
86 4
86 5
86 10
86 12
86 15
86 20
86 26
86 28
86 30
86 46
86 53
86 56
86 57
86 59
86 63
86 67
86 69
86 71
86 75
86 89
86 96
86 101
86 107
86 110
90 7
95 9
96 1
96 4
96 13
96 22
96 24
96 28
97 2
97 11
97 16
97 23
97 25
97 26
97 29
97 32
97 34
97 36
97 37
97 44
97 51
97 54
97 62
97 66
97 73
97 75
97 81
97 83
97 84
97 89
97 93
97 95
97 99
97 100
97 114
97 120
97 126
97 140
97 141
97 142
97 143
97 148
97 152
97 169
97 172
97 178
97 221
98 122
98 130
98 141
98 146
98 148
98 150
99 75
99 85
99 87
99 103
99 108
99 111
99 113
99 123
99 131
99 132
99 134
99 138
99 140
99 144
99 146
99 147
99 148
99 150
99 151
99 168
99 169
99 173
99 176
99 187
99 201
100 9
100 15
100 23
100 35
100 37
100 38
100 56
100 57
100 178
100 189
100 190
100 192
100 200
100 203
100 213
100 218
100 226
100 241
100 243
101 1
101 11
101 13
101 20
101 32
101 33
101 34
101 38
101 45
101 52
101 80
101 84
101 99
101 100
101 114
101 116
101 130
101 132
102 3
102 12
102 17
102 18
102 30
102 31
103 18
103 20
103 23
104 13
104 14
104 20
104 24
104 45
104 46
104 48
107 19
109 47
109 48
109 52
109 56
109 60
109 62
109 64
109 73
109 86
109 91
109 97
110 5
110 8
110 14
110 28
110 35
110 38
110 45
110 54
110 59
110 62
110 69
110 71
110 73
110 78
110 83
110 87
110 139
110 141
110 145
110 146
110 149
110 152
110 160
110 167
110 170
110 174
110 185
111 33
111 35
111 41
111 57
111 59
111 63
111 69
111 75
111 81
111 87
111 94
112 11
112 14
112 15
112 18
112 23
113 2
113 7
113 10
113 11
114 6
114 14
114 16
114 28
114 39
114 41
114 51
114 52
114 56
114 62
114 67
114 72
114 79
114 83
114 86
114 132
114 137
