1 7
1 11
1 21
1 22
1 37
1 54
1 57
1 58
1 59
1 64
1 65
1 114
1 118
4 1
4 2
4 3
4 5
4 11
4 16
4 25
4 39
4 40
4 48
4 57
4 70
4 82
4 85
5 4
5 17
5 18
5 21
5 23
5 34
5 37
5 40
5 51
6 24
6 31
6 35
6 39
6 43
6 50
6 60
6 61
6 62
6 63
6 67
6 72
6 73
6 80
6 89
6 131
6 134
6 139
6 140
7 6
7 8
7 10
7 11
7 16
7 21
7 26
7 29
7 33
7 34
7 38
7 40
7 44
7 46
7 50
7 58
7 61
7 63
7 81
7 84
7 88
7 91
10 11
10 25
10 41
10 53
10 90
10 92
10 93
10 96
10 102
10 103
10 107
10 108
10 110
11 104
11 105
11 138
11 163
11 169
11 171
11 177
11 178
11 181
11 210
11 223
11 228
11 235
11 237
11 245
11 256
11 259
11 270
13 75
13 76
14 1
14 3
14 9
14 12
14 24
14 39
14 40
14 43
14 44
15 2
16 1
16 6
16 8
16 13
16 14
16 21
17 23
17 26
17 27
17 94
17 96
17 103
17 116
17 119
17 120
17 123
17 124
17 128
17 131
17 132
17 137
17 138
17 140
17 243
17 257
17 263
17 273
17 308
17 310
17 312
17 315
17 317
17 323
17 329
17 332
17 333
17 334
17 338
17 345
17 350
17 357
17 359
17 368
17 378
17 381
17 384
17 394
17 400
17 401
17 419
17 422
17 428
17 429
17 431
17 433
17 437
17 439
17 442
17 450
17 461
17 467
17 476
17 477
17 479
17 489
17 495
17 497
17 498
17 500
18 7
19 8
19 9
19 10
19 13
19 21
20 2
20 8
20 9
20 18
20 19
20 25
20 32
20 35
20 36
20 41
20 47
20 54
20 66
20 72
21 2
21 4
21 12
21 14
21 20
21 21
21 31
21 32
21 45
21 59
24 14
24 21
26 32
26 58
26 67
26 84
26 85
26 89
26 90
26 99
26 100
26 115
26 118
26 119
26 135
26 144
26 145
26 150
27 94
27 103
27 104
27 106
27 119
27 124
27 127
27 129
27 130
27 142
27 145
27 147
27 152
27 162
27 164
27 267
27 272
27 276
27 277
27 409
27 414
27 416
27 423
27 427
27 432
27 433
27 435
27 437
27 567
27 570
27 575
27 580
27 587
27 591
27 598
27 603
27 614
27 618
27 627
27 629
27 633
27 634
27 637
27 638
27 645
27 651
27 654
28 1
28 10
28 11
28 12
28 17
28 21
28 219
28 220
28 234
28 236
28 244
28 256
29 2
29 6
29 7
30 11
30 12
30 24
30 33
30 36
30 42
30 54
30 59
30 115
31 14
31 21
31 26
31 27
31 28
31 34
31 39
31 44
32 31
32 33
32 35
32 36
32 44
32 45
32 47
32 95
32 99
32 107
32 118
32 121
32 124
33 1
33 2
33 10
33 17
33 19
33 21
33 30
33 35
33 39
33 48
34 2
34 3
34 9
34 19
34 20
34 22
34 23
34 35
34 37
34 40
34 45
34 70
34 74
34 76
34 77
34 80
34 87
34 92
34 93
34 94
34 98
34 107
34 112
34 118
34 120
34 121
35 2
35 4
35 13
36 2
36 3
36 8
36 10
36 13
36 15
36 21
36 27
36 56
36 69
36 71
36 73
36 75
36 107
36 109
37 2
37 6
38 3
38 8
38 35
38 36
38 42
38 74
38 85
38 88
38 99
38 103
38 105
38 112
38 129
38 131
38 133
38 134
38 144
38 146
38 151
38 154
38 158
38 165
38 171
38 179
38 189
38 221
38 225
38 231
38 275
38 276
38 278
38 280
38 281
38 282
38 285
38 286
38 288
38 292
38 297
40 27
40 48
40 55
40 58
40 60
40 69
40 70
40 74
40 171
40 173
40 177
40 188
40 196
40 198
40 201
41 2
41 10
41 30
41 36
41 40
41 43
41 48
41 116
41 131
42 41
42 53
42 57
43 5
43 12
45 17
45 19
45 25
45 31
45 33
45 39
45 42
45 53
45 59
45 69
45 74
45 85
45 88
47 75
49 89
49 93
49 94
49 97
49 103
49 108
49 119
49 120
49 123
49 140
49 143
49 151
49 153
51 21
51 22
51 31
51 40
53 10
53 11
53 32
53 35
53 36
53 74
53 83
53 89
53 91
53 123
53 124
53 127
53 128
53 135
53 144
53 145
53 153
53 155
53 164
53 171
53 174
53 182
53 185
53 187
53 188
53 191
53 194
53 195
53 215
53 218
53 230
54 5
55 6
55 10
55 16
55 19
57 33
57 35
57 44
57 47
57 53
57 57
57 58
57 66
57 75
57 83
57 170
57 174
57 177
57 185
57 186
57 189
57 191
57 194
57 195
58 1
58 2
58 3
58 11
58 14
58 18
58 20
58 26
58 27
58 34
58 35
58 40
58 51
58 53
58 55
58 56
58 70
58 73
58 79
58 82
58 84
58 86
58 94
58 95
59 5
59 8
59 10
59 13
59 14
60 1
60 6
60 8
60 11
60 12
60 16
60 17
60 23
60 24
60 28
60 30
60 32
60 62
60 63
60 72
60 73
60 75
60 78
60 84
60 85
60 89
60 95
60 97
62 5
62 13
62 17
63 85
63 87
64 7
64 17
64 19
64 25
64 28
64 29
64 40
64 45
64 46
65 1
65 15
65 26
65 35
65 40
65 46
65 58
65 64
65 73
65 78
65 87
65 102
65 109
65 119
66 9
66 20
66 23
66 26
66 43
67 6
67 22
67 28
67 29
67 37
67 40
67 49
67 57
67 58
67 66
67 70
67 80
67 90
67 94
67 96
67 101
67 104
67 114
67 125
67 168
67 182
68 3
68 4
68 5
68 9
68 15
69 3
69 4
69 13
69 14
69 18
69 19
69 21
69 24
71 1
72 21
72 23
72 38
72 40
72 45
72 47
72 48
72 49
72 52
72 60
72 63
72 65
72 71
72 75
72 85
72 87
72 91
72 99
72 100
72 149
73 7
73 15
73 26
73 38
73 39
73 40
73 49
73 51
73 52
73 57
73 62
73 64
73 66
73 71
73 73
73 83
73 87
73 88
73 95
73 98
73 100
78 34
78 35
78 37
78 38
78 41
78 43
79 4
79 5
79 10
79 18
79 21
79 25
79 29
79 34
79 43
79 50
79 52
80 3
80 4
80 6
80 9
80 17
80 58
81 17
81 24
83 1
83 3
83 6
84 8
84 13
84 15
84 26
84 32
84 37
84 40
85 1
85 11
85 25
85 28
85 30
85 57
85 62
85 64
85 72
85 75
85 78
85 82
85 86
85 90
85 93
85 100
85 107
85 108
85 119
85 129
85 130
85 133
85 134
85 145
85 148
85 151
86 1
86 7
86 8
86 13
86 15
86 22
86 24
86 26
86 31
89 2
89 3
89 21
89 25
89 31
89 33
89 37
91 44
91 45
91 50
91 62
93 7
93 8
93 11
93 38
93 45
93 49
93 55
94 1
94 8
94 11
94 17
94 24
94 30
94 34
94 38
94 43
94 45
95 1
97 111
99 47
99 48
100 5
100 9
100 13
100 17
100 19
100 21
100 29
100 40
100 141
100 148
100 153
101 121
101 122
102 30
102 32
102 37
102 40
102 42
102 45
102 58
102 61
102 67
102 76
102 77
102 90
102 92
102 96
102 103
102 104
102 108
102 121
102 144
102 145
102 150
102 153
102 156
104 103
104 108
104 112
104 114
104 118
104 121
105 6
105 15
105 21
105 29
105 31
105 35
106 1
106 5
106 9
106 13
106 18
106 24
106 97
106 98
106 99
106 100
106 102
106 103
107 17
107 22
107 40
107 41
107 50
107 54
107 65
107 72
107 73
107 77
107 83
107 84
107 86
107 88
107 91
107 100
107 111
107 116
107 117
107 118
107 133
107 141
107 142
107 145
107 150
107 154
109 21
