1 4
1 12
1 14
1 26
1 31
1 33
1 40
1 41
1 42
1 49
1 64
1 66
1 72
1 80
1 84
1 90
1 98
1 99
1 104
1 105
1 114
1 120
1 124
1 134
1 145
1 153
1 155
1 164
3 37
3 39
3 40
3 43
3 47
3 49
3 56
3 59
3 68
6 28
6 30
6 40
6 41
6 42
6 45
7 7
7 13
7 24
7 26
7 37
7 66
7 75
7 78
7 81
7 87
7 89
7 94
7 116
7 121
7 126
7 133
7 135
7 137
7 147
7 154
7 156
7 158
7 173
7 182
7 184
7 186
7 187
7 189
7 190
7 202
7 205
7 206
7 209
7 210
7 213
7 216
7 218
7 220
7 222
7 225
7 226
7 230
7 234
7 238
7 275
7 288
7 294
7 302
7 362
7 373
7 387
7 393
7 394
8 7
8 10
8 11
8 20
9 9
9 12
9 15
9 17
9 19
9 40
9 43
9 45
11 37
11 43
11 52
11 57
11 58
12 79
12 91
14 3
14 13
14 20
14 21
14 34
14 39
15 5
15 6
15 9
15 15
15 29
15 36
15 55
15 56
15 62
16 1
16 8
16 12
16 14
16 15
16 17
16 23
16 24
16 25
16 31
16 39
16 53
16 55
16 57
16 68
16 71
16 74
16 76
16 81
18 36
18 37
18 44
19 61
19 66
19 68
19 72
19 73
19 80
20 1
20 117
20 120
20 138
20 139
21 5
21 12
21 15
21 21
21 33
21 48
21 53
21 66
21 70
21 74
21 75
21 76
21 81
21 87
21 93
21 101
21 118
21 121
21 124
21 129
21 132
21 140
21 148
21 150
21 153
21 154
21 155
21 166
21 169
21 174
22 2
22 4
22 16
22 23
22 25
22 43
23 1
23 5
23 10
23 11
23 21
23 27
24 24
24 33
24 39
25 8
25 27
25 29
25 30
26 16
26 18
26 20
26 31
26 32
26 33
26 37
26 38
26 39
26 42
26 47
26 52
26 58
26 60
26 62
26 64
26 87
26 89
27 1
27 2
27 13
27 16
30 41
30 50
30 54
30 60
30 69
30 71
30 72
30 74
30 79
30 86
30 102
30 106
30 111
30 146
30 152
30 159
30 160
30 179
30 180
30 183
30 185
30 186
30 198
31 6
31 8
31 21
31 31
31 44
31 45
31 46
31 51
31 64
31 76
31 82
31 89
31 91
31 95
31 102
31 125
31 129
31 136
31 137
32 2
32 8
32 13
32 15
32 17
32 18
32 22
32 25
32 33
32 57
32 61
32 63
32 91
32 227
32 235
32 237
32 243
32 264
32 265
32 268
32 269
32 278
32 282
32 290
32 422
32 425
32 430
32 442
34 69
34 80
34 86
34 97
34 105
34 111
35 2
35 15
36 4
36 10
36 14
36 21
36 25
36 26
36 27
36 41
36 43
36 45
36 57
36 66
36 70
36 79
36 80
36 85
36 94
36 103
36 115
36 204
36 220
36 227
36 232
36 236
36 237
37 3
37 5
37 12
37 22
38 14
38 17
38 23
38 26
38 32
38 35
39 6
39 8
39 14
39 15
39 29
39 32
40 7
40 9
40 24
40 29
40 38
40 56
40 59
40 67
40 201
40 205
40 216
40 218
40 227
40 239
40 243
40 247
40 251
40 252
40 254
40 257
40 268
40 277
41 10
43 7
43 17
44 73
44 77
44 82
44 128
44 144
44 150
44 156
44 167
44 171
44 177
44 179
44 180
44 188
45 1
45 6
45 10
45 11
45 17
45 30
45 37
45 51
45 54
45 61
45 68
45 78
45 79
45 82
45 85
45 89
45 92
45 120
45 132
45 133
46 2
46 5
47 12
47 13
47 22
47 36
47 37
47 40
47 42
47 53
47 54
47 62
47 194
47 199
47 202
47 206
47 207
47 216
47 226
47 230
48 11
48 27
48 29
48 64
48 69
48 73
48 76
48 83
48 91
48 112
48 117
48 119
49 2
49 4
49 6
49 19
49 26
49 30
49 37
49 38
50 4
50 5
50 12
50 14
50 17
50 21
50 27
50 40
50 42
50 46
50 51
50 56
50 57
50 69
50 71
50 73
50 81
50 84
50 90
50 97
50 165
52 18
52 29
53 8
53 13
53 21
53 25
53 26
53 29
53 36
53 40
53 44
53 54
53 66
53 80
53 83
53 92
53 95
53 100
53 111
53 115
53 116
53 121
53 124
53 125
53 132
53 135
53 137
54 4
54 5
54 7
54 11
54 15
54 19
54 21
54 25
54 27
54 29
54 37
55 4
55 11
55 14
55 15
55 16
55 17
55 20
55 24
55 26
55 48
55 50
55 181
55 197
55 198
55 200
55 210
55 213
55 216
55 219
55 220
55 223
56 10
56 16
56 26
56 29
56 30
56 37
56 64
56 65
56 75
56 88
56 89
56 91
56 94
56 99
57 2
57 12
58 29
58 32
59 81
59 88
59 92
59 96
59 98
59 102
59 123
59 136
59 141
59 144
59 157
60 2
60 4
60 13
60 17
60 27
60 28
60 29
60 30
60 32
61 3
61 4
61 21
61 30
61 33
61 35
61 43
61 44
61 52
61 64
61 77
61 80
61 83
62 1
62 7
62 8
62 10
62 19
62 25
62 27
62 29
62 39
62 40
63 3
63 11
63 19
63 34
63 35
63 48
63 51
63 54
63 64
63 65
63 67
63 68
63 70
63 77
63 79
63 92
63 94
63 99
63 101
64 3
64 4
64 22
65 21
65 28
65 31
65 41
67 1
67 2
67 3
67 6
67 10
67 21
67 26
67 30
67 33
67 50
67 60
67 116
67 121
67 127
67 136
68 21
68 23
68 27
68 31
68 34
68 37
68 49
68 59
68 81
68 82
68 87
68 89
68 96
68 105
68 115
68 117
69 3
69 9
69 18
69 23
69 28
69 31
69 37
70 4
70 13
70 14
70 23
70 24
70 27
70 35
70 44
70 45
70 53
70 55
70 68
70 76
70 89
70 91
70 92
70 96
70 108
70 109
70 114
70 115
70 118
70 126
70 137
70 138
70 149
70 161
70 180
70 194
70 459
71 50
71 63
71 67
71 80
71 83
71 84
71 85
71 94
72 29
72 34
73 9
73 41
73 56
73 64
73 68
73 74
73 81
73 92
73 98
73 100
73 105
73 106
73 117
73 120
73 124
73 128
73 136
73 137
73 153
73 157
73 167
73 171
73 201
73 218
73 219
73 221
73 244
73 250
73 254
73 256
73 261
73 272
73 277
73 300
73 311
73 317
73 319
73 320
73 325
73 327
73 360
73 381
73 382
73 387
73 389
73 391
73 395
73 396
74 57
74 66
74 68
74 76
74 78
74 79
74 87
74 88
74 98
74 108
74 116
74 118
74 120
74 127
78 53
78 56
78 66
78 68
78 70
78 79
78 80
78 83
78 85
80 4
80 6
80 7
80 21
80 22
80 33
80 40
81 8
81 10
81 15
81 25
81 27
81 30
82 21
82 22
82 33
82 39
83 107
83 108
83 111
83 131
83 132
83 136
83 140
83 147
83 151
83 152
83 156
86 73
86 83
86 86
86 90
87 4
88 166
88 168
88 171
88 177
88 182
88 187
88 199
88 205
88 209
88 214
88 215
88 223
88 231
88 233
88 235
88 241
88 249
88 250
88 254
88 262
88 265
88 271
88 272
90 2
90 8
90 16
90 24
90 31
90 35
90 46
90 59
90 71
90 77
91 3
91 10
91 18
91 30
92 3
92 7
92 16
92 20
92 31
92 33
92 35
92 40
92 47
92 53
93 1
93 2
93 4
93 11
94 4
94 8
94 9
95 1
95 17
95 22
95 25
95 37
95 48
95 49
95 52
95 57
95 58
95 61
95 62
95 63
95 67
95 197
95 201
95 211
95 213
95 214
95 216
95 228
95 229
95 240
95 251
95 253
95 255
95 257
95 259
95 260
95 261
95 262
98 5
98 10
98 13
98 14
98 18
98 29
98 38
98 40
98 43
98 47
98 58
98 61
99 7
100 1
100 7
100 16
100 22
100 23
100 32
100 34
100 52
100 59
100 61
100 66
100 70
100 94
100 100
100 106
100 111
100 114
100 115
100 118
100 183
