1 2
1 6
1 7
1 11
1 16
2 4
2 16
2 18
2 19
2 22
3 5
3 10
3 14
4 2
4 8
4 13
4 28
4 37
4 39
4 49
4 61
4 66
4 70
5 1
5 17
5 20
5 24
5 34
6 4
6 6
6 8
6 10
6 11
6 20
6 21
6 25
6 41
6 46
6 49
6 56
6 68
6 71
6 76
6 87
6 105
6 109
6 110
6 121
6 142
6 157
6 162
6 164
6 165
6 173
6 219
6 232
6 233
6 238
6 264
6 270
6 271
6 278
6 279
6 282
6 283
6 287
6 291
6 297
6 299
6 302
6 304
6 307
6 312
6 316
7 2
7 5
7 8
7 13
7 14
7 18
7 20
7 23
7 29
7 44
8 5
8 10
8 11
8 22
8 34
8 36
9 8
9 12
9 22
9 30
9 36
9 39
9 49
9 55
9 56
9 59
9 68
9 74
9 76
9 80
9 83
9 99
9 102
9 104
9 107
10 8
10 31
11 9
11 22
11 39
11 41
11 47
11 52
11 53
11 69
11 73
11 76
11 84
11 86
11 87
11 103
11 110
11 111
11 116
12 3
12 5
12 6
12 7
12 8
12 14
12 15
12 17
12 27
12 30
12 32
12 33
12 35
12 36
12 85
12 88
12 92
12 93
12 99
12 102
12 103
12 116
12 130
12 133
12 136
12 138
12 143
12 144
12 154
12 172
12 173
12 187
12 209
13 87
13 100
13 101
13 106
13 110
13 112
13 117
13 124
13 126
13 134
13 135
14 3
17 10
17 20
17 23
17 25
17 27
17 30
17 32
17 33
17 43
17 45
17 51
17 54
17 61
18 7
18 12
18 21
18 25
18 29
18 34
18 38
18 49
18 51
18 54
18 55
18 66
18 77
18 85
18 90
18 93
19 2
19 7
19 17
20 16
20 26
20 27
20 35
20 44
20 47
20 50
20 52
20 55
20 59
20 71
20 85
20 87
20 89
20 94
20 95
20 96
20 100
20 105
20 155
20 197
21 115
21 122
21 135
21 137
21 140
21 141
21 151
21 158
21 164
21 169
21 170
21 177
21 178
21 179
21 197
21 199
21 208
21 229
22 8
22 83
22 92
22 93
22 95
22 101
22 107
22 108
22 110
22 114
23 2
23 9
23 10
23 19
23 20
23 24
23 31
23 32
23 35
23 36
23 47
23 48
23 53
23 66
23 70
23 73
26 10
26 15
26 27
26 30
26 106
26 112
26 123
26 131
26 134
26 138
26 144
26 146
27 26
27 28
27 30
27 33
27 38
27 39
27 44
27 48
27 51
27 53
27 55
27 65
27 156
27 164
27 169
27 176
27 188
27 194
27 198
27 211
27 212
27 217
27 226
27 284
27 285
28 9
28 10
29 11
29 16
29 19
29 25
29 33
29 40
29 46
29 47
29 53
29 62
29 76
29 78
29 106
29 114
29 116
30 4
30 8
30 16
30 17
30 26
30 33
30 37
30 38
32 65
32 66
32 67
32 71
32 84
32 88
32 91
32 98
32 110
33 20
33 21
33 23
34 2
34 24
34 31
34 33
34 34
34 41
37 79
37 86
37 92
37 96
37 110
37 114
37 118
37 124
37 126
37 150
37 157
37 161
37 168
37 175
37 183
37 186
37 323
37 330
37 334
37 337
37 342
37 348
37 403
37 405
37 407
37 424
37 434
37 439
38 4
38 7
39 3
39 7
39 20
39 26
39 30
39 35
39 40
39 44
40 2
40 14
40 30
41 1
41 3
41 4
41 8
41 9
41 10
43 2
43 3
44 4
44 5
45 8
45 49
45 52
45 55
45 57
45 60
45 62
45 64
45 70
45 79
45 80
45 81
45 82
45 83
45 157
46 1
46 25
46 33
46 34
46 40
46 43
47 8
47 10
47 11
47 22
47 23
47 27
47 32
47 34
47 41
47 67
48 103
48 109
48 117
48 124
48 129
48 133
48 148
48 160
48 178
50 10
50 13
51 5
51 18
51 27
51 31
51 33
51 34
51 64
51 76
51 78
51 80
51 91
51 92
51 177
51 195
51 196
51 202
51 225
52 4
52 5
52 42
52 44
52 54
52 71
52 73
52 93
52 101
52 103
52 106
52 111
53 3
53 14
53 21
53 25
53 26
53 46
53 57
53 65
53 74
53 170
53 176
53 178
53 181
53 196
53 201
53 202
53 209
53 218
53 221
53 227
53 236
53 237
53 250
53 262
53 263
53 268
53 274
53 286
54 17
54 19
54 24
54 27
54 31
54 35
54 40
54 51
54 55
54 58
54 61
54 62
55 2
55 3
55 39
55 43
55 59
55 61
55 63
55 66
55 67
55 73
55 76
55 83
56 11
56 14
57 45
57 63
57 68
57 72
57 75
57 81
57 94
57 97
57 99
57 104
57 106
57 109
57 119
57 125
57 131
57 138
57 144
57 145
57 147
57 151
58 124
58 126
58 163
58 165
58 172
58 174
58 179
58 181
58 184
58 189
58 195
58 198
58 200
58 202
59 4
59 5
59 42
59 44
59 46
59 48
60 2
61 4
61 5
61 18
61 19
61 24
61 29
61 43
61 49
61 130
61 131
61 153
61 154
61 158
61 168
61 171
61 173
61 175
61 176
61 177
61 189
61 192
61 211
61 237
61 238
61 246
61 248
61 260
61 266
61 270
61 277
62 10
62 21
62 23
62 38
62 40
62 48
62 51
62 52
62 55
62 56
62 64
62 68
62 71
62 146
62 147
62 237
63 23
63 31
63 35
63 36
63 49
63 55
64 7
64 19
64 27
64 32
64 37
64 44
64 46
64 51
64 54
64 55
65 2
65 3
65 6
65 8
65 14
66 11
66 17
67 5
67 7
67 10
67 14
67 19
67 26
67 27
68 3
68 9
68 14
68 20
68 21
68 27
68 30
68 32
69 52
69 56
70 1
70 2
70 3
70 18
70 39
70 41
70 49
70 60
70 74
70 79
70 82
70 91
70 100
70 102
70 104
70 222
70 234
70 235
70 252
75 3
75 4
75 11
75 16
76 2
76 4
76 6
78 65
78 79
78 86
78 89
78 93
78 96
79 9
79 13
79 15
79 16
80 2
80 6
80 10
81 3
81 8
81 16
81 29
81 31
81 33
81 39
81 41
81 48
81 50
81 51
81 56
81 57
81 65
81 70
81 78
81 184
81 185
81 188
81 194
81 204
81 206
81 316
81 317
81 320
81 322
83 59
83 60
83 62
83 66
83 69
83 77
83 79
83 152
83 153
83 155
83 157
83 162
83 189
83 193
83 194
83 199
83 200
83 206
83 210
83 213
83 214
83 268
83 270
83 281
83 284
83 285
84 2
84 6
84 8
84 10
84 13
84 15
84 26
86 1
86 14
86 26
86 33
86 47
86 53
87 22
87 26
87 33
87 34
87 39
87 40
87 41
87 42
87 43
87 44
87 46
87 47
87 50
87 52
87 61
87 64
87 70
87 71
87 72
88 38
88 51
88 54
88 61
88 64
89 19
90 10
90 11
90 23
90 31
90 33
90 34
91 4
91 7
91 13
91 33
91 41
91 45
91 49
91 50
91 84
91 99
91 101
91 102
91 103
91 105
91 107
91 108
92 44
92 53
92 54
92 67
92 74
92 82
92 87
92 104
92 107
92 113
92 116
92 121
92 251
93 5
93 9
93 11
93 13
93 16
93 19
93 26
93 29
93 57
93 69
93 70
93 72
93 74
93 78
93 90
93 230
93 233
95 60
95 193
95 195
95 208
95 211
96 3
96 18
96 19
96 43
96 45
96 50
96 71
96 81
96 82
96 85
96 91
96 97
96 106
96 114
96 123
96 128
96 132
96 133
96 138
96 146
96 156
96 157
96 160
96 184
97 1
97 16
97 19
97 20
97 21
97 23
97 34
97 37
97 39
97 41
97 44
97 52
97 53
97 54
97 55
97 57
97 59
97 60
97 61
97 65
97 69
97 79
97 81
97 86
97 95
97 103
97 107
97 109
97 111
97 119
97 136
97 139
97 141
97 151
97 158
97 162
97 164
97 165
97 171
97 172
97 183
97 193
97 202
97 204
97 214
97 220
97 230
97 243
97 246
97 247
97 249
97 256
97 258
97 262
98 15
98 17
98 28
98 32
98 33
98 36
98 37
98 38
