1 2
1 3
1 8
2 33
2 41
2 57
2 69
2 76
2 79
2 80
2 96
2 97
2 105
2 115
2 117
2 122
2 128
2 134
2 136
2 143
2 144
2 150
2 157
3 8
4 19
5 5
5 9
6 10
7 5
8 36
8 37
8 39
8 43
8 47
8 49
8 53
9 10
9 22
9 27
9 28
9 32
9 36
9 39
9 48
9 63
9 64
9 65
9 71
10 3
11 2
11 17
11 27
11 29
11 30
11 32
11 34
11 47
11 55
11 58
11 61
11 62
11 76
11 78
11 83
11 90
11 106
11 165
11 168
11 173
11 177
11 179
11 189
11 195
11 196
11 214
11 221
11 224
11 255
11 256
11 271
11 274
11 278
11 285
12 3
12 11
12 31
12 38
12 42
12 44
12 47
12 58
12 59
13 2
13 6
14 6
15 12
15 25
15 31
15 32
15 46
15 48
15 52
15 53
15 59
15 61
15 63
15 65
16 1
16 8
16 10
16 32
16 39
16 45
16 51
17 97
17 98
17 101
17 103
17 112
17 123
17 124
17 137
17 148
17 150
17 152
17 160
17 178
17 180
17 184
17 192
17 195
17 196
17 199
17 222
17 226
18 67
18 70
18 71
18 80
18 83
18 87
18 97
18 101
18 103
18 104
18 105
18 115
18 125
18 133
18 136
18 137
18 143
18 171
18 179
18 190
18 197
18 208
18 211
18 214
18 224
18 227
18 232
19 71
19 87
19 116
19 121
19 122
19 129
19 156
19 158
19 168
20 10
20 13
20 18
20 21
20 25
20 30
20 39
20 44
20 50
20 53
20 55
20 64
20 74
20 78
20 80
20 81
20 86
20 149
21 2
21 15
21 23
21 25
21 42
21 43
21 50
21 53
21 55
21 57
21 66
21 70
21 76
21 80
21 82
22 5
22 7
22 8
22 11
22 21
23 74
24 2
24 3
24 6
24 15
24 16
24 22
24 25
24 27
24 29
24 30
24 53
24 93
24 95
24 113
24 118
24 151
24 164
24 172
24 179
24 183
24 185
24 189
24 195
24 205
24 215
24 224
24 225
24 226
24 231
24 235
24 246
24 252
24 260
24 262
24 266
24 269
24 292
26 29
26 31
26 35
27 50
27 106
27 113
27 118
27 122
27 130
27 153
27 161
27 167
27 179
27 189
27 191
27 192
27 193
27 197
27 204
27 215
27 218
28 7
28 8
28 11
28 12
28 16
28 18
28 21
28 31
28 43
28 46
28 47
28 50
28 59
28 63
28 67
28 69
28 83
28 87
28 89
28 90
28 92
28 99
28 102
28 112
28 116
28 118
29 2
29 5
29 16
29 52
29 53
29 54
29 55
29 58
29 61
29 63
29 80
29 88
29 91
29 93
29 98
29 100
29 106
29 109
29 118
29 120
29 122
29 128
29 130
29 131
29 134
29 135
29 140
29 143
29 144
29 149
29 155
29 164
29 170
29 172
29 175
29 179
29 181
29 186
29 197
29 202
29 224
30 4
30 21
30 23
30 28
30 29
30 34
30 37
30 38
30 39
30 44
30 47
30 48
30 53
30 55
30 63
30 90
30 91
30 95
32 1
32 6
32 11
32 15
33 119
33 123
33 131
33 140
33 142
33 151
33 156
33 160
34 2
34 20
34 36
34 38
34 51
34 59
34 62
34 70
34 83
34 89
34 91
34 93
34 94
34 98
34 106
34 109
35 8
35 10
35 14
35 19
35 22
35 24
35 36
35 46
35 49
35 57
35 59
35 64
35 157
35 160
35 165
35 174
35 180
35 182
35 183
35 185
35 186
35 193
35 197
35 198
35 202
35 204
35 209
35 214
35 215
35 216
35 226
35 229
35 232
35 233
35 238
35 240
35 246
35 395
35 399
35 422
35 424
35 430
35 434
35 439
35 441
35 442
35 456
35 469
35 470
35 486
35 487
35 488
35 493
35 498
36 2
36 5
36 6
36 10
37 2
37 6
37 9
37 11
37 12
37 14
37 21
37 24
37 32
37 33
37 35
37 42
37 48
37 50
37 58
37 60
37 63
37 70
37 94
37 99
37 103
37 107
38 1
38 10
38 16
38 20
38 31
38 37
38 41
38 58
38 63
38 65
38 70
38 74
38 79
38 86
38 101
38 104
38 106
38 107
38 109
38 117
38 121
38 122
38 135
38 137
38 146
38 149
38 155
38 163
38 165
38 167
38 175
38 178
38 182
38 193
38 200
38 202
38 212
39 1
39 3
39 5
39 11
39 17
39 18
40 5
40 9
40 12
40 13
40 22
40 24
41 11
41 13
41 38
41 39
41 41
41 48
42 8
42 9
42 12
42 15
42 18
42 29
42 31
42 80
42 86
42 89
42 90
42 94
42 98
42 100
42 102
42 106
43 15
43 24
43 35
43 38
43 43
43 50
43 54
43 61
43 63
43 67
43 81
43 84
43 85
43 99
43 104
43 107
43 109
43 110
43 119
43 138
43 143
43 153
43 310
44 1
44 2
44 7
44 16
44 19
44 20
44 23
44 24
45 3
46 6
46 12
46 53
46 61
46 62
46 74
46 77
46 81
46 82
46 85
46 89
46 95
46 97
46 100
46 105
46 110
46 111
46 112
46 117
46 124
46 129
47 4
47 12
47 16
47 18
47 27
47 28
47 31
47 32
47 33
47 37
47 81
47 88
48 4
48 6
48 7
48 10
48 19
48 33
48 40
48 42
48 43
48 44
48 55
48 62
48 64
48 73
48 74
48 79
49 1
49 2
49 11
49 36
49 44
49 46
49 63
49 64
49 67
49 70
49 76
49 82
49 87
49 93
49 99
49 110
49 116
49 117
49 125
49 126
50 9
50 15
50 16
50 24
50 30
50 36
50 39
50 61
50 64
50 68
50 74
50 76
50 79
50 92
50 104
50 105
50 108
50 113
50 114
50 124
51 20
51 23
51 34
53 30
53 37
53 46
53 52
53 60
53 66
53 76
53 79
53 81
53 87
53 88
53 92
53 95
53 97
53 98
53 103
53 104
54 2
54 82
54 98
54 125
54 134
54 136
54 137
54 140
54 149
54 174
54 189
54 206
54 208
54 210
54 212
54 213
54 215
54 217
54 220
54 223
54 226
54 245
54 246
54 249
54 250
54 255
54 259
54 263
54 265
54 269
54 274
54 275
54 285
54 291
54 295
54 300
54 311
54 314
54 319
54 320
55 2
55 7
55 17
55 31
55 48
55 57
55 64
55 79
55 81
55 85
55 86
55 105
55 120
55 121
55 135
55 139
55 141
55 150
55 159
55 163
55 164
56 3
56 5
56 12
56 15
56 19
56 22
56 30
56 38
56 39
56 41
56 51
56 62
56 63
56 66
56 69
57 4
57 5
57 13
57 23
57 25
57 36
57 39
57 49
57 51
57 52
57 90
57 93
57 100
57 112
57 115
57 116
57 131
57 132
57 136
57 144
57 147
57 152
57 154
57 164
57 166
57 168
57 172
57 177
57 186
57 188
57 189
57 205
57 210
57 214
57 223
58 7
58 30
58 35
58 37
58 38
58 40
58 49
58 57
58 174
58 175
58 176
58 182
58 184
58 191
58 195
58 209
58 213
58 232
58 233
58 239
58 240
58 242
58 257
58 262
58 395
59 5
59 6
59 12
59 16
59 26
60 10
60 20
60 22
60 28
61 38
61 39
61 50
61 51
61 57
61 67
61 71
61 74
61 85
61 86
61 87
62 2
62 3
62 7
62 10
64 59
64 73
64 86
64 94
64 97
64 104
64 105
64 109
64 113
64 117
64 127
64 131
64 138
64 139
64 150
64 152
65 17
65 19
65 89
65 92
65 94
65 100
65 105
65 111
65 114
66 3
66 4
66 7
66 18
66 25
66 29
66 30
66 54
66 55
66 79
66 80
66 81
66 83
66 85
66 87
66 89
66 91
66 100
66 106
66 114
66 117
66 118
66 124
66 132
66 135
66 146
66 149
66 163
66 165
66 169
66 170
66 189
66 197
66 200
66 202
66 209
66 218
66 220
66 225
66 230
66 237
66 241
67 42
67 44
67 48
67 54
67 59
67 62
67 65
67 76
68 2
68 3
68 8
68 12
68 14
68 26
68 30
68 43
68 45
68 62
68 196
68 201
68 208
69 5
69 9
69 15
69 16
69 23
69 44
69 46
69 53
69 67
69 68
69 71
70 4
70 6
70 8
70 9
70 17
70 20
70 24
70 25
70 31
70 40
70 46
70 52
70 87
70 89
70 93
70 108
70 109
72 97
72 102
72 103
73 2
74 10
74 13
74 18
74 19
75 80
75 84
75 86
75 89
75 90
75 95
75 100
75 120
75 128
75 139
75 141
75 146
75 151
75 162
75 179
75 192
79 2
79 3
79 11
79 16
79 42
79 43
79 44
79 47
79 131
79 145
79 158
80 8
80 15
80 19
80 21
80 32
80 38
80 59
80 65
80 66
80 75
80 78
80 95
80 97
80 109
80 110
80 111
80 120
81 8
81 13
81 29
81 37
81 56
81 58
81 98
81 102
81 154
81 157
81 161
82 19
82 24
82 29
82 33
82 34
82 48
82 80
83 80
83 91
