1 6
1 7
1 19
1 26
1 29
2 7
2 8
2 14
2 17
2 18
2 24
2 35
2 41
2 44
2 49
2 51
2 53
2 59
2 61
2 63
2 72
2 74
2 78
2 102
2 108
2 118
2 127
2 129
2 131
2 135
3 28
3 32
3 34
4 2
4 6
5 2
5 23
5 26
5 27
5 32
5 41
5 58
5 62
5 65
9 5
9 23
10 5
10 8
10 27
10 37
11 4
11 6
11 17
11 23
11 27
11 29
12 7
12 9
12 15
12 30
12 35
12 45
12 119
12 132
12 133
12 142
12 149
12 156
12 157
12 166
12 168
12 171
12 172
12 178
12 192
12 198
12 205
12 208
12 216
12 232
12 233
12 251
12 258
12 269
12 286
12 306
12 309
12 310
12 311
12 313
12 314
12 316
12 319
12 322
13 12
13 13
13 26
13 28
13 32
14 14
14 18
14 21
14 23
14 24
14 159
14 160
14 169
14 171
14 174
14 175
14 177
14 183
14 187
14 199
15 2
15 13
16 1
16 10
18 26
18 30
18 33
18 36
18 37
18 103
18 104
18 106
18 114
18 118
18 122
18 129
18 132
18 144
18 164
18 167
18 171
18 176
18 178
18 181
18 190
18 192
18 196
18 198
18 207
18 210
18 212
18 216
18 217
18 225
18 226
18 227
18 228
19 6
19 14
19 23
19 27
19 30
19 34
19 38
19 39
19 42
19 43
19 45
19 47
19 48
19 50
19 52
19 71
19 81
19 94
19 98
19 99
20 6
20 9
20 15
20 20
20 46
20 48
20 51
20 63
20 65
20 73
20 74
21 2
21 3
21 4
21 14
21 64
21 70
21 81
22 9
23 1
23 6
23 9
23 12
23 16
23 25
23 31
23 39
23 49
23 54
23 58
26 26
26 30
27 34
28 3
29 50
29 54
29 57
29 63
29 64
29 68
29 69
29 77
29 82
29 89
29 91
29 98
29 100
29 105
29 118
29 124
29 126
29 128
29 138
29 143
29 214
30 82
30 92
30 95
30 97
31 8
31 17
31 19
31 43
31 46
31 49
31 50
31 64
31 65
32 1
32 11
32 15
32 18
33 8
33 14
33 21
33 31
33 33
33 35
33 42
33 48
33 56
35 82
35 88
35 90
35 93
35 101
35 103
35 104
35 114
35 116
36 18
36 23
36 27
36 29
36 36
36 48
36 51
36 52
36 54
36 58
36 68
36 71
36 75
36 77
36 92
36 100
36 101
36 102
36 111
36 112
36 114
36 127
36 128
37 2
37 11
37 12
37 145
38 11
38 15
38 16
38 19
38 20
38 30
38 38
38 52
38 56
38 63
38 65
38 66
38 70
38 72
38 79
38 80
39 24
39 46
39 50
39 57
39 68
39 69
39 72
39 73
39 79
39 82
39 90
39 97
39 216
39 221
39 265
39 266
39 267
39 270
39 275
39 282
39 288
39 297
39 307
39 313
40 16
40 18
40 21
40 22
40 38
40 40
40 43
40 48
40 181
40 183
40 185
40 194
40 208
40 214
40 229
40 232
40 234
40 235
40 242
40 248
41 3
41 10
41 13
41 20
41 22
41 29
41 30
41 39
41 42
41 54
41 59
41 67
42 1
42 11
42 18
42 20
42 25
42 26
42 31
42 32
42 42
42 43
42 46
42 56
43 15
43 26
43 34
43 36
43 39
44 26
45 31
46 12
46 35
46 36
46 40
46 51
46 57
46 59
46 63
46 71
46 76
46 79
46 87
46 107
46 118
46 133
46 147
46 152
46 155
46 160
46 261
46 262
46 263
46 265
46 297
46 299
46 301
46 306
46 309
46 312
46 315
46 318
46 321
46 329
46 332
46 336
46 350
46 353
46 357
48 3
49 6
49 7
49 10
49 11
49 13
49 37
49 40
49 43
49 45
49 54
49 60
49 61
49 69
49 85
49 86
49 92
50 3
50 19
50 20
50 23
50 25
50 44
50 46
50 88
50 153
50 166
50 175
50 178
50 186
50 194
51 2
51 7
51 11
51 16
51 19
51 28
51 34
51 35
51 38
51 39
51 50
51 56
51 57
51 60
51 64
51 66
51 67
51 82
51 105
51 108
51 109
51 111
51 129
51 139
51 143
51 146
51 147
51 151
54 10
54 11
54 14
54 16
54 30
54 32
54 37
54 38
56 2
56 9
56 11
56 12
56 43
56 44
56 90
56 95
56 96
56 103
56 107
56 117
56 121
56 123
56 127
56 128
56 129
56 144
56 148
57 2
58 9
58 23
58 39
59 7
60 19
60 20
60 24
60 26
60 42
60 55
60 61
60 64
60 67
60 78
60 82
60 95
60 99
60 102
60 107
60 118
60 119
60 124
60 125
60 134
60 135
60 136
60 138
60 139
60 148
60 149
60 240
60 288
60 290
60 295
60 318
60 344
60 429
60 435
60 438
60 441
60 450
60 451
60 453
60 465
60 473
60 475
60 480
60 482
60 484
60 487
60 495
60 496
60 499
60 504
60 519
60 522
60 532
60 537
60 541
60 549
60 550
61 10
61 20
61 23
61 24
61 25
61 26
61 30
61 34
61 38
61 41
61 44
61 46
61 50
61 56
61 59
61 63
61 72
61 76
61 89
61 90
61 92
61 93
61 95
61 96
61 109
61 115
61 117
61 122
61 123
61 134
61 135
61 136
62 68
62 69
62 90
62 91
63 46
63 47
63 56
63 60
63 61
63 70
63 79
63 80
63 84
63 101
63 102
63 105
63 107
63 108
64 5
64 9
66 25
66 30
66 32
66 34
66 38
66 174
66 185
66 197
67 1
67 7
67 13
67 20
68 6
68 32
68 38
68 48
69 46
69 62
69 66
69 70
69 71
69 73
69 74
69 79
69 80
69 83
69 88
69 89
69 109
69 111
69 113
69 128
69 136
69 138
69 140
69 142
69 145
69 150
69 153
69 157
69 172
69 173
69 182
69 183
69 193
69 202
69 214
69 217
69 227
69 238
69 250
69 254
69 256
69 271
69 274
69 275
69 277
70 2
70 9
70 17
70 31
70 32
70 35
70 101
70 103
70 105
70 108
70 118
70 127
70 135
70 137
70 138
70 151
70 183
70 204
70 210
70 214
70 222
70 238
70 240
70 245
74 27
74 29
74 39
74 49
74 51
74 52
74 57
74 67
74 70
74 95
75 21
75 22
75 26
75 30
76 3
77 21
77 24
78 5
78 9
78 12
78 39
78 40
78 41
78 43
78 47
79 4
79 5
80 1
80 3
80 4
80 11
80 17
80 18
80 23
80 24
80 27
80 28
80 29
80 33
80 52
80 59
81 1
82 1
82 13
82 16
82 29
82 31
83 3
83 8
83 11
83 17
88 25
88 28
88 32
88 36
88 47
88 49
88 55
88 61
88 68
89 9
89 17
89 18
89 36
89 39
89 43
89 50
90 2
90 46
90 47
90 48
90 62
90 64
90 72
90 75
90 105
90 113
90 114
90 119
90 122
90 132
90 139
91 5
91 11
92 2
92 9
92 27
92 30
93 5
93 8
93 16
93 17
94 1
94 10
94 12
94 22
94 34
94 46
94 48
94 50
94 52
94 53
94 55
94 64
94 65
94 66
94 69
94 91
94 98
94 114
94 120
94 124
94 125
94 126
94 206
94 208
94 211
94 229
94 231
94 232
94 236
94 245
94 247
94 249
94 263
94 264
95 4
95 5
96 94
96 97
96 98
96 107
96 111
96 121
96 125
96 134
96 138
96 151
96 159
96 165
96 169
96 171
96 172
96 175
96 186
96 187
97 3
97 17
97 37
97 38
97 44
97 50
97 55
97 61
97 74
97 78
97 79
99 5
99 10
99 14
99 28
99 37
99 39
99 41
99 42
99 46
99 56
99 62
99 63
100 7
100 8
100 9
100 12
100 15
100 20
100 33
100 43
101 10
101 19
101 30
101 32
101 39
101 44
101 46
101 48
101 54
101 58
101 59
101 66
102 1
102 21
102 22
102 26
102 96
102 103
102 105
104 1
104 6
104 69
104 73
105 4
106 2
106 13
106 21
106 24
106 51
106 56
106 64
106 68
106 79
106 82
106 109
106 110
106 111
106 114
106 118
106 123
106 124
106 126
106 133
106 134
106 138
106 143
107 40
