2 2
2 4
2 10
5 1
5 3
5 4
5 17
5 37
5 38
5 39
5 40
5 45
5 46
6 19
6 30
6 45
6 46
6 49
6 57
6 61
6 62
6 65
6 68
6 70
6 71
6 85
6 89
6 93
6 113
6 114
6 121
6 122
6 126
6 127
7 1
7 6
7 12
7 20
7 25
7 33
7 35
7 39
7 51
7 52
8 5
8 9
8 10
8 11
8 18
8 45
8 52
8 58
8 63
9 1
10 5
10 37
10 40
10 70
10 84
10 94
11 1
11 4
11 22
11 31
11 32
11 42
12 4
12 5
12 13
12 15
12 23
13 8
13 9
13 10
13 23
13 27
13 34
13 36
13 37
13 49
15 5
15 6
15 29
15 43
15 47
15 56
15 62
15 71
15 72
15 78
15 86
15 91
15 97
15 101
15 119
15 136
15 139
15 140
15 144
15 156
16 9
16 10
16 90
16 92
16 104
16 105
16 108
16 115
16 118
16 136
16 138
16 154
16 156
16 159
16 160
16 164
16 176
16 178
16 186
16 190
16 194
16 195
16 206
16 208
16 210
16 222
16 229
16 247
16 249
17 11
17 16
17 24
17 89
18 1
18 4
18 8
18 14
18 17
18 19
19 1
19 11
19 14
19 33
19 44
19 49
19 50
20 7
20 35
20 39
20 42
20 57
20 60
20 77
20 83
20 85
21 34
22 18
22 21
23 18
23 22
23 29
23 30
23 32
23 38
23 59
23 61
23 67
23 70
23 76
24 15
24 40
24 43
24 44
24 74
25 7
25 114
25 122
25 124
25 128
25 132
26 5
26 10
26 11
26 17
27 1
27 17
27 30
27 31
27 34
27 36
27 42
27 45
27 59
27 65
27 66
28 6
28 10
28 12
28 15
28 21
28 22
28 23
28 29
28 36
28 41
28 45
28 52
28 55
28 56
28 59
28 60
28 65
28 80
29 6
29 13
29 37
29 39
29 52
29 60
29 64
31 6
31 10
31 12
31 21
31 23
31 25
32 3
32 9
32 13
32 27
33 59
33 60
33 64
33 70
33 125
33 126
33 131
35 1
36 6
36 29
36 37
36 43
36 53
37 18
37 24
37 26
37 28
37 41
37 43
37 47
37 49
37 54
37 59
37 63
37 65
37 66
37 78
37 89
37 92
37 93
37 96
37 101
37 104
37 107
37 130
37 131
37 145
37 150
37 160
37 168
37 172
37 185
37 188
37 206
37 218
37 231
37 234
37 236
37 240
37 243
37 250
37 256
37 265
37 275
37 277
37 286
37 295
37 310
37 313
37 316
37 322
37 325
37 331
37 334
37 337
37 348
37 373
37 376
37 395
37 403
37 420
37 422
37 423
37 425
37 439
37 442
37 443
37 445
37 450
37 451
37 453
37 454
37 463
37 477
37 485
37 488
37 491
37 499
37 508
37 536
37 537
37 539
37 586
37 587
37 588
37 590
37 610
37 617
37 625
37 628
37 631
37 636
37 638
37 644
37 646
37 655
37 661
37 663
37 676
37 681
37 686
37 691
37 692
37 725
37 731
37 733
37 741
37 757
37 766
37 773
37 779
38 106
38 107
38 121
38 127
38 133
38 135
38 148
38 149
39 1
39 5
39 13
39 20
39 21
39 26
39 28
39 33
39 45
39 54
39 55
39 56
39 57
39 69
39 75
39 76
39 80
39 83
40 30
40 33
40 36
40 39
40 40
40 52
40 55
40 60
40 61
40 65
40 73
40 74
40 100
40 105
40 107
40 113
40 114
42 3
42 64
42 66
43 4
43 7
43 13
43 16
43 21
43 23
43 26
44 3
44 8
44 19
44 33
44 34
44 45
44 49
44 54
44 60
45 8
45 14
45 30
45 35
45 39
45 41
45 46
45 49
45 52
46 1
46 9
46 18
46 22
48 2
48 6
48 10
48 22
48 23
48 28
48 30
48 39
48 41
48 49
48 53
48 58
48 61
48 62
48 64
48 65
49 3
49 15
49 54
49 63
49 76
49 78
49 79
50 1
50 18
50 24
50 32
50 39
50 41
50 55
51 32
51 38
51 46
51 47
51 51
51 54
51 64
51 75
51 76
51 80
52 6
52 20
52 21
52 29
53 4
53 6
53 15
58 75
59 7
59 10
59 16
59 20
59 21
59 25
59 26
59 29
59 34
59 39
59 43
59 47
59 66
59 67
59 71
59 84
59 86
59 89
59 108
59 109
59 112
59 118
59 128
59 129
59 147
59 149
59 151
59 153
59 157
59 158
59 160
59 168
59 176
59 182
59 186
59 194
59 199
59 203
59 206
60 11
60 17
60 18
60 22
61 130
61 131
61 135
61 157
61 158
61 162
61 164
61 167
61 171
61 174
61 177
61 192
61 204
61 209
61 214
61 216
61 221
61 225
61 228
62 2
62 4
62 11
62 17
62 18
62 23
62 41
63 18
63 19
64 4
64 10
64 12
64 18
64 36
64 39
65 1
65 2
65 8
65 13
65 16
65 18
65 24
65 26
65 47
65 51
65 60
65 64
65 70
65 71
65 77
65 83
65 85
65 89
65 93
65 100
65 113
66 61
66 62
67 5
67 7
67 18
67 32
67 33
67 37
67 42
67 43
67 45
67 48
67 51
67 66
68 4
68 12
68 30
68 32
68 47
68 52
68 53
68 58
69 137
69 142
69 145
69 147
69 149
69 151
69 153
69 156
69 163
69 171
69 173
69 179
69 184
69 194
69 198
69 202
69 203
69 207
69 209
69 214
69 218
69 223
69 224
70 74
70 75
70 97
70 105
70 107
70 110
70 118
70 121
70 122
70 129
70 130
70 131
70 132
71 6
71 19
71 28
71 30
71 45
71 46
71 50
71 52
71 61
71 67
71 75
71 80
71 88
71 90
71 109
71 110
71 129
71 151
71 154
71 156
73 1
73 4
73 21
73 24
73 35
73 38
73 49
73 50
73 53
73 54
73 56
73 58
73 59
73 60
73 64
73 68
73 71
73 73
73 96
74 9
74 16
74 42
74 45
74 48
74 49
74 66
74 71
74 75
74 79
74 86
74 93
74 98
74 101
74 107
74 110
74 116
74 122
74 138
74 149
74 160
74 161
74 162
74 165
74 174
74 192
74 193
74 194
75 3
75 13
75 14
75 20
76 5
76 7
76 11
76 13
76 14
76 17
76 30
77 4
77 16
77 36
77 46
77 50
77 59
77 64
77 65
77 68
77 69
77 76
77 89
77 96
77 100
78 2
78 6
78 13
78 26
80 1
82 46
82 50
82 51
82 55
82 58
82 60
82 62
82 63
82 69
83 1
83 2
83 22
83 27
83 33
84 1
84 4
84 6
84 8
84 9
84 13
84 15
84 22
84 26
84 29
84 49
84 50
84 53
84 54
84 57
84 58
84 189
84 190
84 192
85 34
86 2
86 25
87 4
87 8
87 26
87 30
87 33
87 40
87 51
87 52
87 62
87 77
87 78
87 80
87 82
88 3
88 6
88 8
88 11
88 17
88 18
88 22
88 28
88 29
88 34
89 2
89 6
90 3
90 13
90 20
90 25
90 30
90 35
90 39
90 50
90 55
90 66
90 73
90 78
90 90
90 108
90 112
90 114
90 116
91 1
91 7
91 12
91 18
91 19
91 20
91 21
91 29
91 32
91 39
91 48
91 50
91 52
91 55
91 57
91 58
91 59
91 87
91 89
91 90
91 99
91 104
91 107
93 55
93 61
93 72
93 82
93 83
93 90
93 91
93 102
93 110
94 60
94 66
94 72
94 85
95 3
95 6
95 8
95 18
95 23
95 30
95 33
95 91
95 97
95 106
95 109
95 115
95 118
95 124
95 128
95 134
95 137
95 141
95 150
95 152
95 162
95 169
95 177
95 179
95 181
96 1
99 1
100 12
100 15
100 20
100 24
100 28
100 37
100 41
100 52
100 53
100 58
100 74
100 79
100 85
100 88
100 91
102 10
102 12
102 13
102 19
102 51
102 67
102 78
102 79
102 86
102 95
102 96
102 99
102 113
102 116
102 123
102 131
103 1
104 3
104 7
104 20
104 35
104 38
104 40
104 45
104 55
104 65
104 68
104 69
104 71
104 75
104 90
104 158
104 160
104 163
104 169
104 171
104 172
104 173
104 187
104 198
105 10
105 19
105 22
105 38
105 59
107 20
107 23
107 27
107 30
107 33
107 35
107 36
107 42
107 53
107 56
108 212
108 221
108 227
108 234
108 258
108 259
108 270
108 274
108 276
108 277
108 282
108 285
109 34
109 39
109 47
109 51
109 68
109 81
112 11
112 15
112 22
112 24
112 52
112 54
113 4
113 7
113 10
113 12
113 33
113 35
114 120
114 122
114 129
114 133
114 137
114 140
114 142
114 145
114 148
114 151
114 162
115 6
115 26
115 45
115 48
115 56
116 2
116 5
116 11
116 17
116 20
116 28
116 29
116 30
117 3
117 4
117 5
117 11
117 14
117 15
117 17
117 21
117 33
117 34
117 42
117 45
117 49
117 58
117 59
118 3
118 7
118 20
118 21
120 3
120 8
120 10
120 11
120 22
120 23
120 26
120 35
120 36
120 47
120 54
120 55
120 61
120 64
121 11
121 14
121 31
121 35
121 39
121 42
122 4
122 5
122 6
122 12
122 14
122 19
122 32
122 34
122 49
122 55
122 61
122 64
122 66
123 13
123 16
123 18
123 23
123 35
123 41
123 48
123 62
123 74
123 92
123 93
123 130
123 154
