1 1
1 3
1 10
1 13
1 26
1 30
1 33
1 40
1 43
1 44
1 49
1 55
1 60
1 64
3 28
3 29
3 30
3 36
3 44
3 51
3 55
3 61
3 80
3 82
3 88
3 89
3 91
3 122
3 131
3 134
5 14
5 21
5 26
5 38
5 47
5 59
5 62
5 72
5 75
5 79
5 81
5 148
5 154
5 155
5 157
5 159
5 163
5 165
5 171
5 184
5 185
5 188
5 190
5 194
5 195
5 197
5 216
5 223
5 228
5 237
5 239
5 240
5 242
5 245
5 246
5 248
5 252
5 275
5 280
5 288
5 291
5 295
5 301
6 1
6 19
6 29
6 33
6 34
6 36
6 38
6 41
6 45
6 49
6 60
6 73
7 8
7 12
8 2
8 23
8 27
8 29
8 33
8 40
8 41
11 27
11 29
11 31
11 36
11 52
11 62
12 7
12 12
12 15
12 20
12 23
12 24
12 35
12 43
12 46
12 51
12 55
12 57
12 59
13 8
13 15
13 22
13 39
13 54
13 56
13 58
13 62
13 80
13 122
13 128
14 9
14 166
14 167
14 172
14 174
14 178
14 183
16 3
16 4
16 15
17 124
17 133
17 143
18 2
18 8
18 15
18 28
18 49
18 54
18 58
18 65
18 68
18 81
18 83
18 90
19 4
19 5
19 6
19 26
19 37
19 39
19 43
19 125
19 128
19 132
19 136
19 138
19 141
19 142
19 165
19 170
19 172
19 176
20 20
20 22
20 25
20 30
20 38
20 40
20 46
20 55
20 62
20 64
20 70
20 76
20 78
20 84
20 85
20 87
20 91
20 93
20 94
20 98
20 109
20 120
20 122
20 123
20 124
20 125
20 135
20 141
20 156
20 158
20 160
20 188
20 193
20 194
22 130
22 134
22 142
22 149
22 150
22 155
22 159
22 167
22 170
22 178
22 186
22 187
22 205
22 214
22 215
22 218
22 220
22 223
22 267
22 268
22 282
22 285
22 289
22 291
22 294
22 295
22 299
22 309
22 310
22 316
22 319
22 333
22 337
22 339
22 340
22 345
22 352
22 358
22 359
22 369
22 380
22 386
22 391
22 399
22 401
22 417
22 424
22 439
22 450
22 453
22 454
22 457
22 465
22 466
22 470
22 476
22 478
22 501
22 506
22 512
22 513
22 516
22 517
22 522
22 529
22 533
22 537
22 634
22 643
22 644
22 647
22 650
22 652
22 654
22 656
22 669
22 674
22 683
22 689
22 701
22 706
22 711
22 722
22 723
22 730
22 737
22 747
22 752
22 771
22 773
22 776
22 780
22 877
22 882
22 886
22 889
22 891
22 893
22 913
22 925
22 933
22 938
22 942
22 949
23 2
23 5
23 6
23 15
23 17
23 19
23 23
23 28
23 31
23 36
23 39
23 41
23 43
23 44
23 48
24 41
25 5
25 11
25 17
25 20
25 67
26 15
26 29
26 36
26 85
26 90
26 91
26 99
26 108
26 110
27 53
28 15
28 22
28 27
28 31
28 35
28 37
28 43
28 44
28 61
28 135
28 139
28 143
28 145
28 147
28 154
28 157
28 166
28 177
28 181
29 5
29 12
29 16
29 19
29 22
29 23
29 27
29 28
29 34
30 1
30 2
30 7
30 8
30 11
30 21
30 22
30 23
32 4
32 7
32 11
32 19
32 20
32 23
32 24
32 39
32 57
32 73
32 79
32 84
32 87
32 90
34 10
35 10
35 24
36 22
36 23
36 29
36 32
36 34
36 49
36 55
37 19
37 20
37 24
37 31
37 32
37 38
37 39
37 45
37 46
37 53
37 60
37 61
37 62
37 98
37 105
37 109
39 26
39 27
39 28
39 34
39 37
39 40
39 42
39 44
39 54
39 148
39 152
39 156
39 157
39 158
39 159
39 166
39 167
39 170
39 172
39 175
39 176
39 180
40 8
40 9
40 10
40 15
41 1
41 2
41 3
41 5
41 7
41 9
41 18
41 24
41 32
41 42
41 46
41 48
41 60
41 64
41 163
43 8
43 13
43 14
43 15
43 24
43 31
43 34
44 13
44 19
44 22
44 29
44 30
44 48
45 8
45 19
45 21
45 22
45 30
45 34
45 41
45 60
45 66
45 85
45 87
45 93
45 104
45 111
45 117
45 118
45 122
45 129
45 263
45 265
45 269
45 284
45 287
45 294
45 297
45 298
45 377
45 379
45 383
45 385
45 390
45 393
45 395
45 397
45 402
45 406
45 418
45 421
45 424
45 432
47 2
47 3
47 8
47 15
47 31
47 44
52 129
52 130
52 136
52 141
52 145
52 147
52 148
52 154
52 156
52 160
52 161
52 166
52 167
52 169
52 180
52 186
52 189
52 191
52 198
52 200
52 211
52 215
52 216
52 220
52 222
52 235
52 237
52 240
53 82
53 92
53 93
53 96
53 100
53 105
53 109
53 110
53 113
53 121
53 124
53 141
54 3
54 6
54 30
54 31
54 37
54 43
54 55
54 58
54 59
54 65
54 76
54 145
54 170
54 180
54 188
54 189
54 197
54 207
54 219
54 221
54 225
54 226
54 230
54 233
54 270
54 298
54 335
55 9
55 11
55 57
55 107
55 113
55 123
55 124
56 5
56 8
56 19
56 20
56 25
56 29
56 30
56 32
56 34
56 43
56 46
56 48
56 52
56 54
56 60
56 64
57 5
57 20
57 24
57 51
57 74
57 80
57 97
57 98
57 100
57 107
57 111
57 120
57 123
57 124
57 128
57 130
57 140
57 142
58 2
58 11
58 14
58 29
58 36
58 43
58 46
60 92
60 98
60 101
60 118
60 121
60 122
60 132
60 223
60 227
60 240
60 249
60 257
60 349
60 354
60 355
60 361
60 362
60 367
61 18
61 19
61 20
61 29
61 36
61 44
61 46
61 51
61 54
61 55
61 66
61 67
61 68
61 70
61 76
61 78
61 80
61 81
61 91
61 93
61 128
61 130
61 131
61 132
61 133
61 138
61 142
61 149
61 158
61 167
61 194
61 196
61 209
61 210
61 222
61 224
61 228
61 238
61 239
61 241
63 16
63 32
63 35
63 41
63 46
63 50
63 52
63 54
63 62
63 69
63 72
63 74
63 80
63 85
63 89
63 107
63 110
63 111
63 117
63 126
63 127
64 1
64 4
64 6
64 9
64 12
64 14
64 15
66 50
66 52
66 57
66 58
66 59
66 60
67 4
67 5
67 21
67 26
67 32
67 48
67 52
67 57
67 58
67 62
67 98
67 109
67 111
67 121
67 126
67 132
67 146
67 151
67 155
67 163
67 172
67 173
67 176
67 182
67 183
67 185
67 191
67 210
67 212
67 214
67 217
67 219
67 226
67 230
67 231
67 238
67 241
67 248
67 249
67 256
67 265
67 267
67 272
67 285
67 287
67 297
67 301
67 302
67 308
67 310
67 329
67 390
67 404
67 407
67 408
68 1
68 4
68 17
68 18
68 24
68 175
68 176
68 177
68 189
68 191
68 192
68 201
68 205
68 224
68 227
69 3
69 5
69 9
69 10
69 24
69 38
69 39
69 53
69 62
69 84
69 102
69 111
69 122
69 138
69 143
69 147
69 149
69 150
69 154
69 155
69 160
69 173
69 176
69 182
69 217
69 219
69 223
69 235
69 236
69 240
69 242
69 249
69 254
69 256
69 287
69 304
69 318
69 322
69 341
69 343
70 146
70 152
70 153
70 162
70 171
70 179
71 11
72 10
72 25
72 28
72 31
72 34
72 35
72 36
72 42
72 48
72 50
72 56
72 57
73 2
73 4
73 5
73 28
73 31
73 32
73 35
73 36
74 10
74 11
74 16
74 17
75 57
75 67
75 68
76 5
79 3
79 4
79 6
79 9
80 1
80 13
80 29
80 39
80 40
80 56
80 57
80 64
80 65
80 66
80 73
80 74
80 77
80 83
80 86
80 100
80 105
80 106
80 110
81 2
81 4
81 5
81 6
81 56
82 5
82 10
82 11
82 13
82 17
82 20
83 2
83 14
83 18
83 19
83 22
83 32
83 35
83 37
83 50
84 8
84 9
84 12
84 14
84 16
84 32
84 36
84 41
85 1
85 2
85 7
85 25
87 2
89 15
89 22
89 32
89 48
91 24
91 44
91 46
91 67
94 36
94 39
94 42
94 43
94 46
94 49
94 53
94 60
95 22
95 23
95 28
95 29
95 37
95 38
95 41
95 42
95 49
95 59
