1 9
1 19
1 20
1 24
1 28
1 32
1 36
1 68
1 82
1 87
1 93
1 95
1 100
1 109
1 111
2 3
2 4
2 10
2 20
2 33
2 87
2 94
2 95
2 97
2 103
2 109
2 110
2 112
2 126
2 134
2 147
2 155
2 156
2 159
2 168
2 169
2 175
2 179
2 188
2 189
2 199
3 2
3 18
3 33
3 40
3 41
3 46
3 48
3 49
3 53
3 59
3 62
3 63
4 8
4 17
5 5
5 10
5 15
5 28
5 37
5 43
5 46
5 54
5 56
5 57
5 60
5 65
5 70
5 76
5 83
5 98
5 108
5 109
5 115
5 116
5 117
5 118
6 3
6 9
6 13
7 2
7 9
7 15
8 81
8 88
8 95
8 105
8 106
8 115
8 140
8 141
8 144
8 145
8 149
8 150
8 156
8 157
8 162
8 167
8 184
8 200
9 7
9 123
9 126
9 136
9 141
12 8
12 18
12 23
12 25
12 29
12 35
12 39
12 46
12 52
12 53
12 60
12 75
12 77
12 78
12 81
12 82
12 86
13 12
13 14
13 20
13 21
13 27
14 1
14 3
14 4
15 3
15 10
17 19
17 45
17 46
17 55
17 56
17 78
17 79
17 87
17 96
17 97
17 99
17 113
17 121
17 122
17 126
17 127
17 133
17 144
17 151
17 159
17 164
17 187
17 189
17 190
17 199
18 47
18 53
18 55
18 72
18 73
18 74
18 79
18 82
18 85
20 119
20 122
20 132
20 134
20 142
20 143
20 145
20 148
20 149
20 150
20 152
22 35
22 40
22 49
22 58
22 63
22 81
22 90
25 7
25 26
25 35
25 36
26 8
26 9
26 10
26 23
26 25
26 26
26 27
26 29
26 30
26 31
26 45
27 39
27 42
28 2
28 4
28 14
28 26
28 29
28 32
28 36
28 37
28 49
28 53
28 82
28 87
28 90
28 91
28 106
30 104
30 107
30 113
31 1
31 3
31 4
32 35
32 36
32 38
32 47
32 48
32 51
32 53
32 54
32 98
32 100
32 106
32 117
32 121
32 124
32 137
32 138
32 141
32 147
33 9
33 10
33 20
33 21
33 22
33 29
33 31
33 33
33 35
33 48
33 49
33 54
34 3
34 4
34 11
34 15
34 40
34 52
34 54
34 63
34 69
36 16
36 19
36 21
36 43
36 47
36 49
36 50
36 56
36 61
36 66
36 71
37 1
39 21
39 36
39 46
40 9
40 14
40 19
40 21
40 24
40 26
40 28
40 31
40 38
40 45
40 48
40 49
40 52
40 54
40 56
40 57
40 67
40 82
40 84
41 66
41 67
41 81
42 11
42 22
42 23
42 37
42 43
42 47
42 49
43 114
43 115
43 116
43 126
44 2
44 7
44 8
44 11
44 20
44 42
44 66
44 67
45 2
45 3
45 6
45 10
45 11
47 18
47 21
47 22
47 28
48 130
48 132
48 133
48 143
48 145
48 149
48 150
48 151
49 131
49 136
49 140
50 12
50 18
50 19
50 23
50 24
50 29
50 34
50 39
50 46
50 50
50 54
50 68
50 70
50 72
50 77
50 78
50 85
50 101
50 104
50 110
50 112
50 115
50 142
50 144
50 151
50 154
50 159
50 160
50 162
50 164
50 178
50 180
50 183
50 205
50 206
50 209
50 214
50 215
50 235
50 241
50 250
50 260
50 261
50 264
50 266
50 278
50 287
50 292
50 296
50 308
50 309
50 318
50 333
50 342
50 344
50 351
50 353
50 355
50 356
50 492
50 496
50 501
51 69
51 74
51 76
51 81
51 83
51 84
51 86
51 88
51 93
51 95
51 102
51 104
51 105
52 3
52 4
52 5
52 14
52 16
52 23
52 25
53 2
54 4
54 14
54 23
54 29
54 30
55 8
55 23
56 9
56 13
56 14
57 15
57 35
57 45
57 47
57 54
57 59
57 60
57 72
57 78
57 81
57 105
57 110
57 112
57 116
57 125
57 126
57 128
57 138
58 3
58 10
58 11
58 13
58 16
58 18
59 7
59 13
59 15
59 20
59 26
59 31
59 37
59 40
59 43
59 52
59 53
59 57
59 60
59 61
59 63
59 72
59 74
59 78
59 86
59 91
59 96
59 97
59 99
59 101
59 102
59 104
59 107
59 133
59 148
59 150
59 155
59 160
59 162
59 166
59 171
59 178
59 199
59 207
59 213
59 221
59 239
59 245
59 246
59 263
59 265
59 266
59 278
59 295
59 297
59 326
60 17
60 24
60 49
60 53
60 62
60 68
60 72
60 74
60 76
60 84
60 88
60 94
61 1
61 3
61 4
62 3
62 8
62 21
62 32
62 33
62 38
62 40
62 49
62 58
62 62
62 64
64 98
64 100
64 103
65 3
65 4
65 5
65 6
65 7
65 9
65 11
65 23
65 24
65 26
65 31
65 40
65 46
65 56
65 64
66 2
66 4
66 7
66 10
66 16
66 22
66 32
66 36
66 40
66 41
66 44
66 45
66 48
66 75
66 77
67 8
67 16
67 33
67 39
67 41
67 42
67 49
67 52
67 53
67 55
68 1
68 9
68 35
68 37
68 45
68 49
68 58
68 62
68 78
68 79
68 81
68 87
68 96
68 108
68 126
68 136
68 139
68 140
68 141
68 145
68 153
68 159
68 164
69 13
69 26
69 27
69 35
69 60
69 61
69 62
69 206
69 210
69 216
69 229
69 244
69 257
69 278
69 286
69 287
69 289
70 20
70 24
70 25
70 30
70 34
70 53
70 54
70 55
70 62
70 84
71 55
71 56
71 57
72 3
72 5
75 4
75 6
75 115
75 116
75 122
75 251
75 253
75 255
75 271
75 276
75 284
75 291
75 298
75 303
75 304
77 2
77 9
77 10
77 15
77 16
77 18
77 19
77 22
77 38
77 39
77 60
77 66
77 87
77 99
77 100
77 104
77 108
77 113
77 124
77 129
77 134
77 136
77 141
78 75
78 79
78 88
78 90
78 101
78 110
78 111
78 113
78 116
78 118
78 121
78 126
78 138
78 153
78 156
78 159
78 160
78 182
78 184
78 186
78 222
78 223
78 230
78 232
78 241
78 253
78 255
78 258
78 264
78 271
78 278
78 279
78 281
78 286
80 2
80 17
80 18
80 20
82 1
82 2
82 5
82 7
82 12
82 13
82 14
82 18
82 26
82 27
82 38
82 58
82 63
82 64
82 67
82 71
83 5
83 7
83 8
83 15
83 33
83 34
83 37
83 43
83 44
83 48
83 49
83 61
83 70
83 78
83 80
83 83
83 87
83 89
83 90
83 103
83 106
84 7
84 9
84 11
84 21
84 22
84 25
84 26
84 27
84 45
84 59
84 61
84 63
84 70
84 73
84 75
84 84
84 93
84 100
84 101
84 105
84 109
84 112
84 118
84 128
84 138
85 1
85 10
85 12
85 24
85 25
85 31
85 33
85 35
85 40
85 49
85 53
85 55
85 61
85 65
85 66
86 19
86 29
86 32
86 33
87 1
87 4
87 7
87 9
87 10
87 19
87 21
87 27
88 46
88 51
88 53
88 55
88 56
88 65
88 66
88 109
88 133
88 135
88 151
88 156
88 173
88 176
88 212
88 215
88 228
88 237
88 240
88 246
89 1
89 2
90 13
90 15
90 145
90 147
90 166
90 168
90 170
90 172
90 177
90 188
90 189
90 191
90 193
90 195
90 201
90 202
90 204
90 208
90 212
90 216
90 218
90 221
90 227
90 231
90 233
90 243
90 245
90 246
90 252
91 3
91 7
91 9
91 12
91 16
91 31
91 39
91 46
91 51
91 57
91 58
91 64
91 74
91 75
91 82
93 15
95 18
95 29
95 30
96 5
96 144
96 156
96 165
96 166
96 171
96 180
96 181
96 199
96 207
96 209
96 213
96 214
96 216
96 237
96 257
96 259
97 3
97 9
97 17
97 26
97 33
98 10
100 9
100 16
100 17
100 18
100 22
100 34
100 39
100 41
100 46
100 47
100 49
100 50
100 55
101 3
101 8
101 9
101 20
101 22
102 7
102 8
102 21
102 22
102 24
102 29
102 32
102 35
102 44
102 50
102 53
102 56
102 69
102 70
102 76
102 80
102 84
102 95
102 101
102 107
102 109
102 110
102 122
