1 8
1 15
1 24
1 25
1 49
2 4
2 20
2 21
2 24
2 27
2 29
2 47
2 56
2 62
2 73
2 79
3 8
3 18
4 2
4 7
6 20
6 23
6 33
6 34
6 39
6 40
6 41
6 46
6 59
6 64
6 65
6 75
6 78
6 79
7 3
7 5
7 13
7 14
7 16
7 19
7 21
7 26
7 34
7 36
8 4
8 9
8 11
10 1
10 4
10 6
10 19
10 23
10 33
10 39
10 41
10 49
10 58
11 21
12 40
12 43
12 44
12 45
13 3
13 10
13 14
13 22
13 23
13 37
13 40
13 57
13 58
13 65
13 73
15 20
15 46
15 49
15 64
17 80
17 87
17 94
17 97
17 114
17 118
17 120
17 249
17 252
17 258
17 259
17 263
17 272
18 4
19 4
19 5
19 8
19 15
19 17
19 24
21 16
21 21
22 14
22 15
22 19
22 23
22 33
22 35
22 38
22 41
22 42
22 50
22 53
22 54
22 55
22 57
22 59
22 70
22 85
22 220
22 225
22 230
22 237
22 240
22 243
22 245
22 248
22 283
22 300
22 313
22 316
22 317
22 318
22 329
22 332
22 334
22 336
22 338
22 469
22 470
22 472
22 474
22 479
22 486
22 492
22 496
22 498
22 499
22 505
22 514
22 531
22 532
22 533
22 539
22 548
22 556
22 557
22 558
22 562
22 573
22 576
22 587
22 595
22 600
22 611
22 613
22 620
22 621
22 623
22 641
22 645
22 652
22 654
22 655
22 659
22 668
22 670
22 675
22 682
25 107
25 114
25 119
26 66
29 6
29 15
29 16
29 25
30 6
30 8
30 14
30 16
32 4
32 7
32 10
32 12
32 21
32 22
32 29
32 39
32 42
32 48
32 54
32 56
32 63
32 64
32 78
32 79
32 85
32 88
32 93
33 2
33 12
33 14
33 15
33 16
33 23
33 29
33 37
33 49
33 56
33 59
33 62
33 65
33 70
33 72
33 74
33 75
33 78
33 96
33 112
33 122
33 126
33 128
33 130
33 136
33 138
33 145
33 146
33 157
33 160
33 168
33 188
33 196
34 6
34 9
34 18
34 23
34 38
34 40
34 43
34 48
34 56
34 76
34 82
34 117
34 121
34 133
36 2
36 3
36 8
36 15
36 100
36 108
36 111
36 112
36 117
36 119
36 124
36 125
36 262
36 263
36 272
36 274
36 275
36 281
36 284
36 294
36 295
36 296
36 304
36 320
36 322
36 326
36 328
36 335
36 340
36 344
36 345
36 352
36 357
36 359
36 374
36 375
36 385
36 386
36 393
36 395
36 404
36 405
36 417
36 420
37 11
37 15
37 21
37 22
37 23
37 29
37 32
37 35
37 50
37 55
37 58
37 61
39 81
39 88
39 89
39 101
39 105
39 106
39 110
39 111
39 114
39 116
39 127
39 128
39 140
39 144
39 147
39 150
39 153
39 182
43 37
43 48
43 106
43 110
43 124
43 130
43 227
43 236
44 11
44 20
44 24
44 25
44 32
44 38
44 39
44 47
44 50
44 54
44 61
44 63
44 193
44 195
44 196
44 198
44 205
44 206
44 214
45 1
45 3
45 9
45 16
45 18
45 22
45 30
46 16
46 19
46 33
46 37
46 46
46 50
46 71
46 76
46 77
46 81
46 82
46 83
46 85
46 91
47 1
47 2
47 3
47 15
47 18
47 28
47 37
47 40
47 41
47 47
47 48
47 52
47 54
47 63
47 67
47 68
47 80
47 81
47 91
47 102
47 103
47 107
47 109
47 116
47 120
47 126
47 127
47 142
47 151
47 158
47 160
48 15
48 16
48 23
48 32
48 35
48 37
48 40
48 43
48 47
48 48
48 52
48 58
50 36
50 39
50 40
50 44
50 45
50 51
51 14
51 15
51 25
51 28
51 31
51 47
51 48
51 55
51 62
51 65
51 67
51 70
51 75
51 78
51 81
51 100
51 137
51 145
51 148
52 35
52 39
52 42
52 105
52 126
52 133
52 134
52 136
52 141
52 158
52 163
52 169
52 170
52 175
52 180
52 182
52 183
52 185
52 188
53 1
53 11
53 29
53 37
53 62
53 67
53 80
53 84
53 91
53 97
53 101
53 103
53 104
53 105
53 108
53 115
53 116
53 121
53 122
53 140
53 147
53 150
53 153
53 162
53 170
53 171
53 177
53 194
53 196
53 205
53 211
53 216
53 226
54 47
54 51
55 7
55 81
55 96
55 100
55 105
57 26
57 31
57 37
57 45
57 47
57 51
57 54
57 57
57 59
57 60
57 72
58 4
58 9
61 70
61 73
61 75
61 77
61 89
61 90
61 94
61 104
63 35
63 38
63 47
63 49
63 51
63 53
63 67
63 68
63 70
63 73
63 76
63 79
63 83
64 2
64 3
65 4
65 5
65 12
65 16
65 22
65 27
65 31
65 33
65 43
65 49
65 51
65 54
65 55
65 58
66 1
66 12
67 5
67 9
67 11
67 19
67 21
67 26
67 42
67 44
67 47
67 48
67 51
67 66
67 71
68 126
68 131
68 158
68 162
69 11
69 14
69 18
69 19
69 26
69 30
69 33
69 37
69 42
69 47
70 60
70 79
70 88
70 93
70 102
71 1
71 6
71 8
71 14
71 15
71 24
73 6
73 143
73 145
73 146
73 147
73 153
73 154
73 157
73 158
73 162
73 179
73 191
73 201
73 211
73 212
73 213
74 1
74 13
74 16
74 23
74 24
74 25
74 34
74 42
74 44
74 69
74 72
74 92
74 96
74 105
74 111
74 115
74 131
74 133
74 137
74 138
74 224
74 227
74 233
75 6
75 10
75 15
75 17
75 48
75 65
75 81
75 86
75 98
75 114
75 121
75 125
75 140
75 161
75 168
77 3
77 4
77 8
77 19
77 30
77 38
77 40
77 43
78 10
78 14
79 3
79 4
79 7
80 7
80 8
80 13
80 14
80 18
80 20
80 36
80 40
80 49
80 52
82 21
82 25
82 29
82 33
82 34
83 2
83 4
83 7
84 1
84 12
84 14
84 18
84 25
84 27
84 29
84 53
84 60
84 65
86 30
86 39
86 44
86 45
86 46
86 49
86 51
86 65
86 70
86 85
86 86
86 87
86 91
86 100
86 101
86 116
86 118
86 121
86 122
86 124
86 132
86 137
86 142
86 171
86 176
86 220
86 234
86 235
86 260
86 263
86 269
87 6
87 7
87 21
87 35
87 37
87 38
87 40
87 41
87 47
87 54
87 65
87 77
87 85
87 86
87 96
87 98
87 103
88 2
88 11
88 15
88 23
88 24
88 27
88 40
88 45
88 47
88 49
88 52
88 67
88 73
88 76
88 78
88 83
89 21
90 9
90 15
90 18
90 22
90 23
92 93
92 98
92 100
92 103
92 104
92 132
92 137
93 2
93 3
94 8
94 16
94 17
94 18
94 23
94 27
94 35
94 41
94 43
95 1
95 8
95 12
95 15
96 5
96 12
96 13
96 21
96 22
96 27
96 33
96 37
96 52
96 56
96 58
96 68
96 69
96 71
96 77
96 90
96 91
96 102
96 110
96 115
96 196
96 198
96 199
96 219
96 228
96 229
97 5
97 12
97 15
97 16
97 19
97 27
97 34
97 35
97 39
97 43
98 42
98 43
98 45
98 48
98 52
98 56
98 62
98 63
98 69
98 74
101 8
104 17
104 18
104 21
104 23
104 24
104 27
104 32
104 36
104 44
104 50
104 59
104 63
105 15
106 3
106 6
106 9
106 23
107 1
107 8
107 17
107 21
107 40
107 46
107 55
107 56
107 66
107 68
107 70
107 106
107 113
107 115
107 116
107 121
107 127
107 135
107 146
107 149
107 153
107 157
107 158
107 163
107 171
107 173
107 177
107 198
107 199
107 207
108 3
108 8
108 12
108 18
108 24
108 30
108 37
108 41
108 50
108 52
108 58
108 62
108 77
108 82
108 86
108 88
108 92
108 96
108 105
108 106
108 109
108 110
108 120
109 1
109 6
110 60
110 62
112 3
112 4
112 5
113 129
