1 16
1 17
1 19
1 25
1 29
2 9
2 13
2 15
2 17
2 20
2 28
2 33
2 36
2 168
2 169
2 174
2 190
2 203
2 204
2 205
2 206
2 214
2 223
2 229
3 14
3 23
3 30
3 36
3 71
3 72
3 74
3 78
3 83
3 93
3 94
3 102
3 107
3 118
3 119
3 126
3 127
4 3
4 8
4 9
4 10
4 13
4 20
4 33
5 1
5 7
5 8
5 10
5 11
5 17
5 18
5 23
5 29
5 48
5 49
5 58
5 62
5 67
5 68
6 6
6 12
6 14
6 17
6 18
6 26
6 34
6 42
9 135
9 145
9 147
9 152
9 157
9 160
9 164
9 165
9 174
9 178
9 213
13 15
13 19
13 23
13 35
13 43
13 44
13 48
13 50
13 57
13 59
13 191
14 4
14 6
14 7
14 9
14 30
14 35
14 37
14 45
17 10
17 15
17 24
17 37
17 38
18 3
18 10
20 6
20 9
20 20
21 2
21 4
21 7
21 11
22 51
22 82
22 84
22 97
22 98
22 102
22 104
22 106
22 114
22 121
22 128
23 4
23 13
23 16
23 17
23 18
23 32
23 34
23 38
23 40
23 43
23 48
23 61
23 62
23 83
23 85
23 119
23 125
24 3
24 5
24 8
24 23
24 26
24 29
24 51
24 55
24 56
24 63
24 65
24 69
24 86
24 99
24 102
24 109
24 112
24 120
24 127
24 129
24 136
24 155
24 166
25 1
25 2
25 6
25 11
25 16
25 26
25 27
28 71
28 82
28 87
28 96
28 109
28 127
28 130
28 134
28 135
28 161
28 171
28 174
28 178
28 188
28 193
28 194
28 196
28 198
28 200
28 210
28 212
28 219
28 226
28 229
28 232
29 2
29 9
29 138
29 156
29 163
29 164
29 178
29 181
29 183
29 287
29 290
29 342
29 346
29 368
29 375
29 377
29 381
29 383
29 388
29 399
29 421
29 445
29 456
29 457
29 460
29 462
29 468
29 474
29 494
29 504
29 505
29 507
29 508
29 518
30 3
30 8
30 22
30 32
30 33
30 39
30 46
30 49
31 3
33 6
33 7
34 55
34 58
34 67
34 71
34 76
36 16
36 17
36 20
36 22
36 26
36 28
36 32
36 35
36 36
37 17
38 1
38 2
38 17
38 32
38 33
38 56
38 69
38 73
38 90
38 101
40 21
40 22
40 26
40 29
40 31
40 39
40 42
40 48
40 49
40 54
40 62
40 63
40 67
41 46
41 49
43 70
43 74
43 89
43 100
43 101
43 116
43 132
43 134
43 147
43 153
43 155
43 157
43 168
43 176
43 181
43 187
44 4
44 13
44 19
44 20
44 28
44 32
44 46
44 47
44 51
44 57
44 62
44 66
44 84
44 86
45 4
45 25
46 22
46 31
46 41
47 6
47 13
47 18
47 27
47 32
47 46
47 64
48 4
48 15
48 16
48 20
48 24
48 26
48 41
48 44
48 47
48 56
49 6
49 9
49 13
49 117
49 122
49 124
50 4
50 5
50 10
50 14
50 17
50 20
50 25
50 26
50 28
50 37
50 46
50 60
50 66
50 79
50 80
51 1
52 4
52 18
52 21
52 26
52 27
52 29
52 30
52 31
52 35
52 38
52 41
53 3
53 4
53 9
53 17
53 21
53 25
53 31
53 34
53 37
53 38
54 12
54 27
54 31
54 37
54 41
54 43
55 9
55 21
55 25
55 34
55 35
55 44
55 47
55 93
55 96
55 100
55 108
55 109
55 113
55 133
55 136
55 138
55 149
55 150
55 151
55 152
55 157
55 165
55 174
55 176
55 203
55 211
55 222
55 224
55 226
55 232
55 234
55 236
55 240
55 244
55 245
55 256
55 266
55 273
55 275
55 278
55 282
55 288
55 291
55 303
57 2
57 18
57 19
57 20
57 26
57 31
57 32
57 35
57 38
57 39
59 6
59 18
61 86
61 90
62 2
62 15
63 2
63 4
63 25
63 27
63 38
63 60
63 61
63 71
63 75
63 79
64 22
64 23
64 27
64 38
64 40
64 46
64 47
64 54
64 57
64 58
64 63
64 65
64 66
64 70
64 71
64 73
64 75
64 79
65 18
65 27
65 29
65 31
65 39
65 46
65 50
66 1
66 7
66 11
66 13
66 25
66 30
66 32
66 39
66 41
66 47
67 5
67 15
68 6
68 9
68 11
68 18
68 24
68 154
68 167
68 182
68 187
68 188
68 190
68 200
68 210
68 217
68 223
68 225
68 231
68 235
68 251
68 253
68 261
69 8
69 30
69 36
69 43
69 51
69 92
69 93
70 2
70 20
70 114
70 117
70 121
70 140
70 142
70 148
70 153
70 155
70 159
70 162
70 165
70 169
70 174
70 199
70 200
70 202
71 91
71 187
71 189
71 190
71 191
71 194
71 200
71 214
71 219
71 223
71 229
71 231
72 8
72 12
72 26
72 30
72 52
72 54
72 58
72 59
73 17
73 19
73 26
73 39
73 48
73 52
73 55
73 58
73 62
73 66
73 70
73 72
73 75
73 78
73 84
74 11
74 17
74 19
75 3
77 55
77 59
77 64
77 78
77 85
77 87
77 95
77 102
77 108
79 6
79 11
79 13
79 15
79 16
80 3
80 6
80 16
80 172
80 176
80 192
80 201
80 202
81 5
81 8
81 14
81 18
81 19
81 27
81 36
81 38
81 40
81 63
81 65
81 66
83 22
83 27
83 37
83 50
83 57
83 61
83 66
83 67
83 72
83 95
83 101
83 111
84 5
84 18
84 19
84 21
84 22
84 23
84 37
84 40
84 49
84 110
84 112
84 115
86 1
86 11
86 13
88 9
88 13
88 54
88 58
88 60
88 78
91 47
91 48
91 59
91 72
91 73
91 75
91 78
91 79
91 85
91 91
91 93
92 4
92 16
92 29
92 33
92 39
92 44
92 59
93 3
93 5
93 8
93 13
93 16
93 19
93 23
93 33
93 36
93 41
93 55
93 57
93 65
93 74
93 79
93 90
93 92
93 95
93 96
93 103
93 111
93 114
93 116
93 119
93 120
93 121
94 50
94 52
94 54
94 57
94 58
94 66
94 68
94 74
94 78
94 83
94 87
94 88
94 96
96 20
96 24
99 72
99 84
99 85
99 110
99 112
99 126
100 5
100 10
100 13
100 18
100 23
100 25
100 27
100 36
100 37
100 46
100 57
100 65
100 68
100 69
100 90
100 114
100 122
100 123
100 130
100 133
100 139
100 161
100 165
100 178
100 182
100 186
100 187
100 189
100 195
100 196
100 215
100 217
100 218
100 222
100 225
100 228
100 229
100 232
100 233
100 237
100 254
100 258
101 10
101 12
101 18
101 19
101 49
101 56
101 83
101 86
101 89
101 92
101 113
101 120
102 3
102 6
102 8
102 22
102 23
102 25
103 28
103 33
103 42
103 46
103 47
103 53
103 54
103 56
104 8
104 20
104 21
104 22
104 30
104 33
104 34
104 45
104 57
104 66
104 72
104 85
104 87
104 88
104 89
104 96
104 115
104 118
104 121
104 123
104 126
104 128
104 135
104 138
104 148
104 149
104 153
104 159
104 161
104 172
104 184
104 188
104 190
104 196
104 198
104 202
104 256
104 261
104 263
104 273
104 319
104 332
105 15
105 17
105 18
106 5
106 6
106 20
106 21
106 31
106 32
106 33
106 37
106 50
106 51
106 52
106 57
106 65
106 67
106 68
106 69
106 83
106 94
106 111
106 113
106 114
107 3
107 9
107 10
107 11
107 24
107 45
107 46
107 50
107 55
107 60
107 69
107 72
107 77
107 78
107 90
107 91
107 93
107 94
107 121
107 128
107 132
107 136
107 156
107 159
107 167
107 179
107 181
107 184
107 187
107 188
108 6
108 23
108 26
108 27
110 15
110 19
110 21
111 25
