1 8
1 9
1 10
1 30
1 34
1 42
1 53
1 54
1 58
1 60
1 62
1 64
1 66
1 68
1 69
1 70
1 82
1 90
1 97
1 109
1 112
1 117
1 128
1 147
1 148
1 150
1 160
1 170
1 174
1 181
2 13
2 17
2 25
2 31
2 33
2 34
2 37
2 41
3 4
3 7
3 8
3 20
3 48
3 51
3 57
3 64
3 66
3 77
3 81
4 5
4 7
4 19
4 23
4 35
5 2
5 18
5 25
5 31
5 40
5 42
5 50
5 53
5 55
5 56
5 67
5 72
5 73
5 81
5 85
5 88
5 93
5 97
5 102
5 104
5 105
5 109
5 113
5 132
5 156
5 174
5 179
5 180
5 182
5 183
5 198
5 202
5 204
5 213
5 224
6 2
6 26
6 27
6 29
6 38
6 46
6 51
6 55
6 60
6 67
6 69
6 75
6 77
6 83
6 85
6 105
6 131
6 135
6 136
6 140
6 144
6 146
6 148
6 154
6 160
6 172
6 177
6 178
6 179
6 180
6 188
6 190
6 195
6 205
6 206
6 209
6 213
6 220
6 226
6 232
6 238
6 253
6 274
6 283
8 112
8 129
8 133
8 141
8 148
8 149
8 151
8 153
8 155
8 163
8 179
8 180
8 182
8 185
8 187
8 210
8 212
8 216
8 218
8 219
8 220
8 225
8 230
8 240
10 30
10 37
10 38
10 42
10 48
10 57
10 62
10 73
10 75
10 76
10 92
10 147
10 163
11 12
11 14
11 30
11 31
11 35
11 54
11 60
11 65
11 70
11 72
11 81
11 83
11 95
11 104
11 119
11 122
11 135
11 144
11 146
11 150
11 153
11 160
11 180
11 182
11 183
11 193
11 201
11 203
11 223
11 226
11 237
11 245
11 248
11 254
11 255
11 260
11 267
11 282
11 285
11 289
11 292
11 294
11 313
11 316
11 322
11 356
12 6
12 8
12 11
13 21
13 26
13 31
13 43
13 45
13 48
13 51
13 56
13 59
13 66
13 69
13 74
13 83
13 88
13 89
13 92
13 108
13 110
13 114
13 119
13 126
13 128
13 130
13 135
13 136
13 269
13 275
13 286
13 290
13 292
13 316
13 318
13 320
13 329
13 336
13 347
13 354
13 357
13 359
13 361
13 365
13 368
13 372
13 377
13 378
13 394
13 403
13 410
13 422
13 429
13 436
13 440
13 449
13 455
13 459
13 465
13 472
13 476
13 488
13 493
14 25
14 48
14 50
14 57
14 60
14 70
14 72
14 73
14 77
14 81
14 87
14 90
14 92
14 93
14 98
15 8
15 17
15 22
15 29
16 24
16 25
16 36
16 40
16 41
16 55
16 69
16 72
16 73
16 77
17 3
17 49
17 55
17 133
17 141
17 153
18 7
18 10
18 11
18 14
18 15
18 20
18 30
18 32
18 43
18 46
18 54
18 62
18 69
18 85
18 92
18 96
18 106
18 115
18 135
18 137
18 140
18 144
18 155
18 185
18 187
18 189
18 191
18 192
18 201
18 204
18 208
18 237
20 19
20 26
20 39
20 44
20 51
20 58
20 62
20 66
20 67
20 72
21 16
23 49
23 52
23 68
23 69
24 2
24 8
24 11
27 2
27 3
27 7
27 8
27 10
27 25
27 28
27 32
27 35
28 9
28 11
28 23
28 32
28 41
28 97
28 107
28 108
28 113
28 125
28 129
28 143
28 145
28 147
28 160
28 174
28 176
28 184
28 190
28 192
28 195
28 198
28 199
28 201
28 207
28 217
28 224
28 225
28 227
28 228
28 234
28 235
28 241
28 246
29 12
29 17
29 31
29 32
29 42
29 54
29 60
29 61
29 66
29 68
29 71
29 72
29 206
29 222
29 223
33 8
33 14
33 21
33 25
33 38
33 45
33 102
35 1
35 126
35 128
35 129
36 19
36 22
37 8
37 17
37 27
37 35
37 52
37 53
37 59
37 60
37 67
37 68
40 1
40 17
40 18
40 24
40 50
40 56
40 59
40 62
40 63
40 66
40 68
40 85
41 4
41 10
41 11
41 14
41 24
41 26
41 27
41 34
41 42
41 50
41 58
42 16
42 28
42 32
42 166
42 167
42 169
42 180
42 186
42 188
42 193
42 194
42 196
42 197
42 203
42 219
42 224
42 234
42 240
42 243
42 250
42 251
43 4
43 10
43 14
43 30
43 32
46 12
46 14
46 18
46 25
46 31
46 35
46 37
46 39
46 43
46 49
46 54
48 31
48 32
48 35
48 36
48 45
48 50
48 52
48 57
48 64
48 79
48 80
48 82
48 86
48 88
48 98
50 37
50 41
50 54
50 60
50 61
50 80
51 1
51 6
51 7
51 13
51 29
52 9
53 4
53 9
54 31
54 33
54 34
54 40
54 41
54 48
54 65
54 96
54 105
54 116
54 129
54 132
54 133
54 134
54 139
54 144
54 145
54 149
54 151
54 159
54 167
55 16
55 19
55 20
55 22
55 24
55 32
56 4
56 8
56 14
56 112
56 123
56 127
56 129
56 130
56 135
56 212
57 6
57 10
57 20
57 21
57 22
57 30
57 36
57 37
57 50
57 54
57 57
57 62
57 88
57 101
57 114
57 119
57 120
57 123
57 140
57 142
57 146
57 150
58 6
59 3
59 6
59 9
59 14
59 31
59 39
59 53
59 61
59 64
59 66
59 82
59 84
59 89
59 93
59 117
59 130
60 2
60 7
60 15
61 9
61 23
61 26
62 12
62 17
62 21
62 44
62 55
62 56
62 58
62 62
64 4
64 5
64 22
65 1
65 3
66 48
67 2
67 3
67 6
67 27
67 31
67 43
67 45
67 56
67 62
67 79
67 89
67 96
67 98
67 100
67 101
67 102
67 105
67 116
67 122
67 125
67 143
67 193
67 194
67 205
67 211
67 219
67 221
67 226
67 235
67 237
68 9
68 16
68 42
68 45
68 46
68 50
68 59
68 74
68 78
68 83
69 13
69 20
69 28
70 4
70 5
70 13
70 16
70 22
70 27
70 28
70 32
70 33
70 38
70 42
70 50
70 55
70 57
70 59
70 69
70 78
70 79
70 80
70 81
70 86
70 88
70 101
70 104
70 109
70 247
70 248
70 251
70 253
70 281
70 285
70 295
70 298
70 299
70 309
70 312
70 317
70 320
70 355
70 363
71 3
71 12
71 17
71 18
72 49
72 51
73 42
74 4
74 10
74 14
74 16
75 100
75 112
75 113
75 125
75 126
75 132
75 139
75 140
75 142
75 145
75 150
75 151
75 157
75 161
75 165
75 166
75 202
75 204
75 205
75 208
75 223
75 227
75 229
75 230
75 231
75 260
75 267
75 284
75 285
75 291
75 292
75 295
75 298
75 300
75 301
76 11
76 21
76 28
76 30
76 39
76 63
76 69
76 80
76 81
76 83
76 86
76 106
76 109
76 116
76 117
76 131
76 133
77 4
77 12
77 15
77 22
77 26
77 29
77 36
77 43
78 2
79 37
79 38
79 46
79 48
79 52
79 53
79 56
79 62
79 63
79 69
79 74
79 96
79 98
79 102
79 104
79 106
79 110
79 113
79 120
79 130
79 148
79 160
80 10
80 20
80 22
80 34
82 79
82 88
82 180
82 182
82 203
82 205
82 212
82 217
82 220
82 223
82 225
82 235
82 239
82 243
82 244
82 250
82 251
82 257
82 264
82 275
82 276
82 284
82 286
82 305
82 309
82 315
82 363
82 367
82 368
82 375
82 377
82 382
83 6
83 7
83 11
83 15
83 19
84 60
84 63
84 67
84 73
84 76
84 82
84 84
84 85
84 87
84 90
84 92
84 94
84 95
84 103
84 104
84 113
84 123
84 132
85 2
85 8
85 11
85 13
85 22
85 28
85 32
86 11
86 15
86 32
86 41
87 2
87 4
87 15
87 26
87 30
87 32
87 40
87 45
87 47
87 49
87 50
87 51
87 62
87 81
87 86
87 87
87 89
87 138
87 149
87 150
87 191
87 192
87 195
87 205
87 206
87 207
87 213
87 214
87 218
87 222
87 223
87 230
87 233
87 238
87 286
87 289
87 294
87 305
87 307
88 33
88 35
88 45
89 46
89 51
89 59
89 66
89 68
89 70
89 79
89 82
89 94
89 106
89 108
91 2
91 3
91 75
91 80
91 87
91 123
91 125
91 136
91 148
91 162
91 169
91 171
91 177
95 23
96 20
