1 1
1 14
1 18
1 21
1 24
1 25
1 32
1 34
1 38
1 51
1 56
1 67
1 74
1 78
1 121
1 126
1 129
1 130
2 10
2 15
2 19
2 23
2 128
2 149
2 153
2 162
2 164
2 173
2 174
2 175
2 189
2 191
2 312
2 320
2 322
2 323
2 338
2 339
2 353
2 355
2 356
2 371
2 385
2 390
3 4
3 9
3 12
3 23
3 93
3 116
3 117
3 118
3 128
3 162
3 164
3 166
3 168
3 188
3 190
3 200
3 221
3 226
3 230
3 233
3 244
4 6
4 18
4 22
4 35
4 39
5 3
5 15
5 27
5 28
5 41
5 45
5 55
5 60
5 67
5 70
5 73
6 3
6 17
6 27
6 36
8 120
8 126
8 130
8 131
8 154
8 160
8 162
8 165
8 173
8 189
8 204
8 210
8 215
8 218
8 228
8 230
8 239
10 114
10 127
10 138
10 139
10 145
10 148
10 149
10 162
10 165
10 172
10 247
10 254
10 257
10 260
10 270
10 271
10 279
10 288
10 300
10 302
10 306
10 308
10 309
10 316
10 317
10 319
10 320
10 329
10 331
10 332
10 333
10 336
10 340
10 343
10 374
10 378
12 71
13 1
13 3
13 4
13 60
13 62
13 64
13 80
13 85
13 86
15 3
15 5
15 13
15 18
15 24
15 33
15 35
15 38
15 39
15 48
15 51
15 64
17 27
17 28
17 33
17 61
17 65
17 69
20 37
20 50
20 52
20 56
20 58
20 60
20 63
20 74
20 75
20 76
20 80
21 94
21 95
21 103
21 108
21 128
21 129
21 133
21 134
21 141
23 5
23 6
23 144
23 155
23 163
23 164
23 169
23 176
23 184
23 187
23 189
23 192
23 202
23 220
23 230
23 235
23 238
23 239
23 240
23 244
23 250
23 251
23 254
23 275
23 286
23 287
23 291
23 300
23 308
23 329
23 330
24 32
24 33
24 44
24 64
24 66
24 75
24 85
24 92
24 93
24 97
24 113
24 122
24 131
24 132
24 136
24 147
24 174
24 184
24 185
24 187
24 195
24 196
24 198
24 203
24 208
24 209
24 217
24 221
24 235
24 248
24 257
24 266
25 2
25 4
25 10
25 11
25 24
25 29
25 32
25 35
25 39
25 41
25 44
25 48
25 57
25 58
25 60
25 69
25 75
25 87
25 89
25 90
25 94
25 95
25 96
25 97
25 108
25 111
25 124
25 129
25 132
25 136
26 12
26 15
26 16
26 18
26 19
26 22
26 24
26 25
26 26
26 50
26 54
26 58
26 66
26 70
26 71
26 154
26 159
26 164
26 176
26 196
26 199
26 337
26 341
26 349
26 350
26 362
26 368
27 21
27 25
27 47
28 17
28 20
28 28
28 40
28 45
28 48
28 66
28 89
28 95
28 96
28 117
28 120
28 124
28 138
28 141
28 144
28 145
28 155
28 156
30 13
30 21
30 22
30 25
30 35
30 37
30 53
30 59
30 64
30 76
34 8
34 12
34 13
34 15
34 21
34 23
34 28
34 39
34 54
34 57
34 63
34 65
34 66
34 72
34 76
34 77
34 84
34 92
34 95
34 98
34 107
34 109
34 112
35 5
36 42
36 51
36 69
36 71
36 72
36 75
36 83
36 92
36 106
38 87
38 109
38 111
38 115
38 116
38 122
38 124
38 136
38 140
38 145
38 149
38 152
38 159
38 160
38 167
38 178
38 179
38 180
38 185
38 196
38 202
38 206
38 211
38 215
38 224
38 228
38 238
38 264
38 269
38 324
38 326
38 344
38 346
39 82
40 3
40 6
40 16
40 146
40 147
40 149
40 150
40 152
40 154
40 156
40 160
40 166
40 169
40 172
40 174
40 176
40 177
40 188
40 201
41 11
41 14
41 25
41 26
41 33
41 34
41 37
41 38
41 46
41 56
41 59
41 66
41 67
41 75
41 82
41 83
41 85
41 87
41 99
41 109
42 10
42 12
42 15
42 20
42 44
42 46
42 48
42 57
42 62
43 9
43 16
44 3
47 7
47 11
47 14
47 15
47 19
47 21
47 27
47 37
47 39
47 43
47 56
47 58
47 62
47 79
47 88
47 91
47 92
47 94
47 95
47 107
47 109
47 114
47 117
47 123
48 5
48 6
48 8
48 12
48 14
48 16
48 23
48 50
48 56
48 58
48 65
48 70
48 75
49 1
52 21
52 23
52 24
55 77
55 88
55 89
55 94
55 100
55 102
55 104
55 105
55 109
55 121
55 124
55 126
55 133
55 135
55 138
55 144
56 2
56 10
56 21
56 25
59 38
59 49
59 67
59 69
59 108
59 111
61 10
61 20
61 24
61 34
61 41
61 44
61 45
61 46
61 63
61 64
61 72
61 73
61 76
61 93
61 96
61 106
62 2
62 4
62 22
62 23
62 25
62 29
62 38
62 103
62 108
62 111
62 120
62 126
62 129
64 15
64 23
64 43
64 46
64 48
64 53
64 54
64 57
64 70
64 71
64 75
64 124
64 130
65 1
65 2
65 9
65 20
65 22
65 29
65 35
65 42
65 52
65 56
65 61
65 62
65 64
65 69
65 80
65 82
65 83
65 86
65 97
65 107
65 113
65 134
65 135
65 137
65 150
65 155
65 161
65 166
65 169
65 170
65 180
65 189
65 195
65 218
65 224
65 225
65 227
65 229
65 232
66 12
66 13
66 14
66 34
66 37
67 3
67 4
67 10
67 23
67 30
69 37
69 38
69 41
69 44
70 1
70 2
70 3
70 7
70 25
70 27
70 34
70 39
70 44
70 46
70 48
71 1
71 2
71 6
71 7
71 11
71 13
71 21
71 23
71 25
71 26
71 30
71 32
71 38
71 54
71 66
71 73
71 76
71 80
71 81
71 85
71 94
74 29
75 1
75 6
75 12
75 18
75 22
75 34
75 39
75 41
75 42
75 43
75 46
75 61
75 63
75 65
75 74
75 76
75 80
75 103
76 15
76 24
76 29
76 30
76 33
76 35
76 40
76 43
77 6
77 10
77 17
77 18
77 25
77 31
77 37
77 41
77 46
77 49
77 51
77 55
77 66
77 70
77 71
77 74
77 88
77 91
77 96
77 137
77 138
77 139
77 146
77 149
77 158
77 159
77 160
77 173
77 177
77 178
77 180
77 181
77 194
77 197
77 201
77 221
77 223
77 227
77 229
77 243
77 246
77 265
77 271
77 276
77 280
77 293
77 297
77 298
77 372
77 378
77 382
78 1
78 21
81 15
81 30
81 32
81 40
81 47
81 49
81 55
81 56
81 57
81 77
81 79
81 85
81 92
81 101
81 103
81 106
81 109
81 112
81 113
81 116
81 120
81 129
82 15
82 23
82 24
82 30
82 38
82 39
82 56
82 69
82 94
82 98
82 110
82 114
82 115
83 40
83 46
83 50
83 52
83 59
83 60
83 70
83 86
84 2
84 3
84 12
84 32
84 38
85 6
85 9
85 16
85 22
85 27
85 32
85 40
85 41
85 54
85 55
85 59
85 63
85 66
85 74
85 76
86 11
86 12
86 13
86 143
87 7
87 11
87 12
87 14
87 21
87 30
87 37
88 27
88 36
91 44
92 16
93 14
93 18
93 21
93 24
94 4
94 9
94 10
