1 1
2 4
2 6
2 16
2 18
2 19
2 20
2 21
2 104
2 106
2 111
2 114
2 115
3 4
3 6
3 12
4 1
4 7
4 11
4 12
4 13
4 50
4 52
4 53
4 58
4 60
5 19
5 26
5 27
5 29
5 33
5 51
5 56
5 57
5 63
5 72
5 73
5 77
5 80
5 82
5 85
5 90
5 114
5 124
5 130
6 1
6 6
6 8
6 11
6 14
6 15
6 17
6 28
6 32
6 39
6 44
6 49
6 68
6 97
6 117
6 124
7 2
7 22
7 40
7 52
7 53
7 67
7 69
7 79
7 82
7 83
7 84
7 88
7 102
7 104
7 105
7 107
7 108
7 112
7 113
7 123
7 126
8 1
8 11
8 16
8 19
8 27
8 38
9 4
9 6
9 7
9 12
9 14
9 21
9 22
9 38
9 48
9 54
9 55
9 57
9 65
9 66
9 68
9 71
9 72
9 74
9 77
9 81
9 83
9 90
9 221
12 24
12 30
12 35
12 38
12 44
12 46
13 2
13 3
13 17
13 21
13 25
13 28
13 32
13 34
13 36
13 51
13 59
13 68
13 69
14 16
14 21
14 26
14 36
14 46
14 50
14 55
14 63
14 88
14 90
14 91
14 112
14 116
15 77
15 82
15 87
15 90
15 93
15 95
15 98
15 101
15 104
15 108
15 109
15 115
15 119
15 131
15 146
15 151
15 153
15 157
15 164
15 177
15 180
15 181
15 183
16 1
16 2
16 3
16 4
16 6
16 7
16 25
16 30
16 31
16 38
16 47
16 48
16 54
16 59
16 64
16 67
16 76
16 81
16 102
16 122
16 127
16 134
16 145
16 154
16 157
16 160
16 190
16 196
18 100
18 104
18 106
19 1
19 9
19 24
19 28
19 34
19 36
19 39
19 46
19 51
20 11
20 16
20 19
20 24
20 26
20 27
20 55
20 56
20 59
20 70
20 73
20 118
20 132
20 146
20 148
20 151
20 154
20 166
20 167
20 169
20 174
20 178
20 190
20 191
20 192
20 193
20 209
20 210
20 216
20 219
20 226
20 227
20 242
20 243
20 254
20 256
20 261
20 277
20 278
20 283
20 284
20 291
20 341
20 361
20 367
20 374
20 377
20 383
20 384
21 4
21 7
21 17
21 19
21 22
21 30
21 33
21 35
21 43
21 48
21 49
21 60
21 62
23 13
24 1
25 1
25 9
25 13
25 16
25 17
25 22
25 32
25 35
25 39
25 51
25 56
25 58
25 62
25 66
25 67
25 69
25 70
25 84
25 86
25 87
25 91
29 31
29 32
29 33
29 39
29 42
32 39
32 48
32 57
32 136
32 148
32 155
32 157
32 163
32 164
32 168
32 171
32 174
32 178
32 182
33 5
33 11
33 24
33 26
33 28
33 29
33 36
33 38
33 51
33 58
33 63
33 66
33 69
33 71
33 72
33 79
33 80
33 83
33 86
33 89
33 90
33 91
36 21
36 22
36 34
39 49
39 55
39 58
39 59
39 64
39 68
39 73
39 74
39 75
39 86
39 95
39 106
39 121
39 129
39 130
39 138
39 157
39 167
39 176
39 187
40 20
40 23
40 25
40 26
40 30
40 34
40 36
40 39
41 3
41 4
41 15
41 18
43 37
43 62
43 65
43 81
43 87
43 93
43 102
43 125
43 138
43 140
43 150
43 153
43 154
43 158
43 167
43 169
43 174
43 181
43 185
43 189
43 199
43 200
43 207
43 213
43 222
43 226
43 227
43 237
43 251
43 256
43 262
43 272
43 278
43 299
43 300
43 302
44 10
44 15
44 16
44 17
44 47
44 56
44 91
44 98
44 104
44 110
44 113
44 115
44 120
44 140
44 143
44 145
44 148
44 157
44 166
44 168
44 170
45 5
45 11
45 12
45 16
45 19
45 33
47 7
47 14
47 20
47 21
47 24
49 116
49 119
49 124
49 128
49 130
53 60
53 67
53 75
54 9
54 14
54 16
54 26
55 10
55 12
55 17
56 10
56 11
58 2
58 4
58 7
58 16
58 21
58 28
58 30
58 42
58 44
58 62
58 75
60 5
60 7
61 1
61 8
61 10
61 19
61 45
61 47
61 50
61 54
61 55
61 64
61 65
61 69
61 70
61 75
61 84
61 122
65 11
65 17
65 18
65 25
65 26
65 43
65 44
65 47
65 50
65 55
65 61
65 65
65 81
65 84
65 109
65 111
65 114
65 115
65 134
65 135
65 161
65 167
65 174
65 178
65 179
65 182
65 184
65 190
65 193
65 197
65 199
65 204
65 224
65 225
68 16
68 32
68 73
68 78
69 11
70 18
73 4
73 25
73 35
73 44
73 46
73 47
73 49
73 62
73 95
73 97
73 100
73 101
73 104
74 2
74 6
74 12
74 13
74 15
74 17
74 18
74 32
74 36
74 39
75 1
75 8
75 10
75 83
75 85
75 93
75 98
75 100
75 123
75 129
75 131
75 137
75 138
75 140
75 145
75 151
75 165
76 9
76 25
76 32
76 33
76 40
76 41
76 47
76 48
76 50
76 52
76 54
76 56
76 62
76 72
76 80
76 85
77 11
77 18
77 20
77 22
77 27
77 28
77 49
77 50
77 51
78 12
78 145
78 154
79 5
79 10
79 25
81 39
81 42
81 44
81 56
81 65
81 66
81 69
81 75
81 87
81 88
81 95
84 46
84 60
84 61
84 69
84 77
84 79
84 90
84 95
84 96
84 99
85 122
85 130
85 135
85 141
85 168
85 169
85 174
85 178
87 13
90 81
90 86
90 88
91 12
91 22
91 25
91 26
91 27
91 28
91 31
94 11
94 12
94 14
94 36
94 39
94 40
94 46
94 48
94 84
94 93
94 97
94 104
94 106
94 109
95 4
95 7
95 14
95 32
95 39
95 53
95 60
95 62
95 77
95 81
95 83
95 88
95 105
95 106
95 115
95 130
96 2
96 12
96 15
96 22
96 37
96 41
96 52
98 16
98 26
98 30
98 31
98 44
98 47
98 48
98 55
98 61
98 67
98 73
98 75
98 84
98 100
98 124
98 146
98 151
98 152
98 153
98 156
98 167
98 171
98 177
98 178
98 181
98 184
98 200
98 202
98 217
99 22
99 27
99 34
99 43
99 54
99 56
99 57
101 39
102 13
102 15
102 18
103 3
103 9
103 11
103 16
103 18
103 20
103 45
104 17
104 20
104 27
104 28
104 31
104 53
104 61
104 77
104 104
104 105
104 118
104 125
104 132
104 134
104 146
104 152
104 155
104 166
104 167
108 24
108 33
108 38
108 50
112 75
112 84
112 95
112 102
112 103
112 111
112 114
112 116
112 120
116 19
116 23
116 26
116 30
116 33
117 77
117 208
117 210
117 216
118 11
118 16
118 19
118 21
118 28
118 35
118 39
118 42
118 43
118 44
118 47
118 54
118 67
118 69
118 76
118 209
118 215
118 216
118 233
118 260
118 265
118 268
118 272
118 279
118 285
118 292
118 293
118 295
118 302
118 305
118 307
118 310
118 312
118 315
121 23
121 26
122 4
122 5
122 11
122 23
122 26
123 2
123 3
123 8
123 20
123 21
123 24
123 33
123 57
125 18
125 19
125 33
