1 9
1 10
1 13
1 17
1 18
1 41
2 4
2 12
2 16
2 17
2 19
2 24
2 25
2 133
2 136
3 2
3 6
3 11
4 6
4 8
4 9
4 69
4 71
4 82
4 91
4 105
4 110
5 1
5 8
5 137
5 138
5 140
5 144
5 152
5 153
5 164
5 177
5 188
5 193
5 195
5 201
5 208
5 210
5 214
5 241
5 244
5 249
5 265
6 5
6 6
6 14
6 15
6 24
6 29
6 31
6 32
6 38
6 41
6 43
6 45
6 49
6 53
6 57
6 63
6 64
6 69
6 73
8 1
8 9
8 20
8 24
8 33
8 39
8 44
8 46
8 62
8 64
9 1
9 49
9 50
9 56
9 58
9 59
9 76
9 78
9 79
10 3
10 12
10 14
10 19
10 21
10 30
10 33
10 40
10 60
10 68
10 70
10 72
10 75
10 79
10 80
11 1
11 2
11 10
11 19
11 39
11 41
11 43
11 50
11 51
11 70
11 78
11 81
11 86
11 96
12 29
12 39
12 51
12 65
12 74
12 75
12 80
12 86
12 90
12 91
12 102
12 105
12 109
12 116
12 119
12 121
12 124
12 127
12 135
12 144
13 14
13 28
13 38
13 50
13 63
13 72
13 73
13 76
13 78
14 28
14 58
14 68
14 73
14 75
14 80
14 84
14 87
14 89
14 98
15 5
18 29
18 36
18 40
18 45
18 50
18 51
18 55
18 56
19 79
19 87
19 89
19 97
19 98
19 102
19 107
19 123
19 125
19 135
19 136
19 265
22 92
22 100
22 107
22 108
22 110
22 127
22 141
22 144
22 148
22 165
22 168
22 171
22 181
22 182
22 186
22 187
23 2
23 12
23 13
23 28
23 30
23 37
23 45
23 61
23 67
23 69
23 73
23 79
23 83
23 84
23 94
23 99
23 100
23 116
23 264
23 277
23 285
23 300
23 303
23 307
23 312
23 315
24 32
24 43
26 83
26 98
26 99
26 104
26 242
26 248
28 16
28 19
28 25
28 33
28 49
28 51
28 52
28 62
30 65
30 67
30 71
30 77
30 78
30 88
30 93
30 100
30 107
30 109
30 110
30 112
30 113
30 119
30 128
30 132
30 167
30 187
30 189
30 192
30 266
30 267
30 275
30 280
30 291
33 48
33 51
34 1
35 1
35 4
35 11
35 12
35 25
35 33
35 38
35 41
35 49
35 51
35 57
35 66
35 79
36 2
36 11
36 26
36 28
36 47
37 1
37 3
37 44
37 67
37 77
37 80
37 88
37 226
37 229
37 232
37 241
37 246
39 29
39 36
39 37
39 45
39 53
39 59
40 24
40 28
40 29
40 47
40 48
40 49
40 53
40 56
40 59
40 61
40 67
40 70
40 86
40 99
40 106
40 107
40 117
40 126
41 1
43 24
43 44
43 46
43 58
43 61
43 62
43 67
43 79
43 81
43 86
43 96
43 100
43 116
43 122
43 132
43 134
46 2
46 3
46 10
46 15
46 19
46 20
46 34
46 39
46 169
46 180
46 183
47 35
48 16
48 17
48 23
48 34
48 35
48 37
48 57
48 59
48 62
48 64
48 78
48 88
48 99
48 126
48 127
48 133
48 141
48 220
48 232
48 236
48 243
49 7
49 12
49 13
49 20
49 25
49 31
49 34
49 39
50 1
50 5
51 14
51 19
52 6
52 7
52 10
52 17
52 18
52 23
52 24
52 25
52 33
52 37
52 38
52 40
52 47
52 48
52 53
52 76
52 86
52 91
52 94
52 100
52 101
52 110
52 116
52 124
52 125
52 127
52 149
52 152
52 165
52 186
52 189
52 192
52 198
52 199
52 209
52 216
52 218
52 221
52 222
52 235
52 256
52 273
52 280
52 286
52 293
52 296
52 299
52 300
52 313
52 315
52 320
52 324
52 329
52 342
52 347
52 349
52 350
52 355
52 356
52 362
52 364
52 376
52 378
52 393
52 394
53 1
53 2
53 15
53 18
54 7
54 10
54 11
54 13
54 14
54 38
54 60
54 61
54 65
54 66
54 77
55 67
55 70
55 72
55 83
55 93
56 4
56 11
56 143
57 3
57 21
57 28
57 29
57 31
57 36
57 42
57 43
57 48
57 49
57 55
57 66
57 70
57 74
57 86
58 42
58 54
58 58
58 78
58 84
58 114
58 115
58 125
58 128
58 131
58 137
58 138
58 146
58 149
58 160
59 9
59 13
59 14
59 27
60 1
60 3
60 21
60 25
60 26
60 33
60 41
60 58
60 59
60 65
60 71
60 72
60 88
60 91
60 111
60 118
60 125
60 126
60 133
61 58
61 69
61 74
61 82
61 89
61 91
61 94
61 115
63 9
63 10
63 11
63 82
63 83
63 96
63 103
63 104
63 107
63 110
63 112
63 120
63 124
63 131
63 156
63 158
63 159
63 161
63 163
63 174
63 181
63 188
63 195
64 1
64 6
64 14
64 19
64 23
64 26
64 36
64 37
64 42
64 54
64 56
64 70
64 72
65 2
65 5
65 6
65 12
65 16
66 2
66 5
66 7
66 14
66 23
66 26
66 38
66 39
67 7
67 11
67 20
68 17
68 21
68 22
68 31
68 34
69 8
69 21
69 23
69 27
69 29
69 33
69 40
69 41
69 45
69 53
69 56
69 59
69 65
69 67
69 72
69 75
69 84
69 106
69 123
69 124
69 128
69 133
69 139
69 141
69 147
69 154
69 155
69 156
69 157
69 159
69 161
69 167
69 168
69 177
69 180
69 193
69 201
69 220
69 221
69 230
70 4
70 5
70 10
70 12
72 3
72 67
72 69
72 73
72 77
72 84
72 86
72 88
72 95
72 233
72 239
72 251
72 279
72 281
73 1
73 2
73 11
73 23
73 24
73 29
73 40
73 43
73 50
75 4
75 5
75 16
75 27
75 29
75 36
75 38
75 43
75 44
75 45
75 65
75 70
75 88
75 95
77 6
77 19
78 1
78 3
78 6
78 13
78 15
78 23
78 27
78 34
79 93
79 99
79 105
79 116
79 130
79 131
79 133
79 141
79 146
79 149
79 161
79 165
79 167
79 168
79 183
79 184
79 189
80 5
80 7
80 8
80 11
80 17
80 18
80 26
80 34
80 38
80 39
80 42
80 43
80 61
80 62
80 66
80 68
80 71
80 75
80 81
80 95
80 105
80 209
80 220
80 221
80 222
80 224
80 228
80 235
80 239
80 245
80 247
80 249
80 250
80 259
80 362
80 363
80 368
81 2
81 3
82 3
82 7
82 8
82 18
82 19
82 24
82 26
82 41
82 43
82 45
82 49
83 6
83 23
83 30
83 45
83 50
84 4
84 15
84 17
84 19
84 35
85 3
85 8
85 10
86 13
86 107
86 109
86 112
86 119
86 122
86 126
86 127
87 5
87 6
87 9
87 18
87 19
87 22
87 31
87 33
88 13
88 16
88 40
88 42
88 44
88 45
89 1
89 2
89 7
89 11
89 12
89 18
89 23
89 25
89 31
89 37
89 41
89 48
89 56
89 62
90 115
90 126
90 131
90 142
90 149
90 161
90 165
90 167
90 196
90 204
90 207
90 209
90 211
90 213
90 215
90 216
90 319
90 320
90 321
90 324
90 326
90 331
90 333
90 360
90 363
90 365
90 369
90 371
90 372
90 374
90 379
92 24
92 25
92 26
92 31
92 32
92 35
92 45
93 8
93 12
94 4
94 28
94 29
94 31
94 32
94 33
94 39
94 46
94 56
94 76
95 1
95 28
95 29
95 31
95 32
95 41
95 46
95 59
95 63
95 65
95 67
95 82
95 86
95 88
95 90
95 94
95 98
95 99
95 102
97 14
