1 1
1 3
1 13
1 14
1 24
1 28
1 37
1 50
1 52
1 63
1 66
1 69
1 73
1 77
1 80
1 82
1 91
1 163
1 171
1 176
1 183
1 191
1 193
1 198
1 202
1 216
1 223
1 224
1 229
1 232
1 233
1 237
1 282
1 286
1 306
1 318
1 320
2 3
2 20
2 25
2 28
2 29
2 41
2 48
2 50
2 51
2 55
3 16
3 18
3 25
3 39
3 43
3 45
5 38
5 47
5 48
5 50
5 55
5 56
5 60
5 63
5 68
5 71
5 79
5 83
6 1
6 7
6 8
6 9
6 30
6 31
6 36
6 67
6 70
6 79
7 8
7 18
7 22
7 26
7 27
7 34
7 41
7 45
7 59
7 76
8 7
8 10
8 11
8 24
8 26
8 29
10 36
10 39
10 40
11 27
11 28
11 37
11 38
11 52
11 54
11 62
11 63
11 71
11 72
11 77
11 86
11 90
11 99
11 127
11 135
11 138
11 140
11 215
11 224
11 226
11 240
11 245
11 247
11 251
11 254
11 255
11 257
11 259
11 286
11 291
11 292
11 314
11 316
11 323
11 328
11 340
11 343
11 400
11 405
11 409
11 410
11 416
11 417
11 441
11 446
11 458
11 466
11 478
11 479
11 480
11 531
11 533
11 540
11 541
11 545
11 548
11 554
11 562
12 3
12 9
12 14
12 32
12 39
12 41
12 43
12 58
12 59
12 74
13 3
13 6
13 19
13 22
13 24
13 30
13 34
13 36
13 37
13 39
13 43
13 57
13 61
13 65
13 66
13 67
13 75
13 77
13 80
13 83
13 86
13 90
13 92
13 94
13 96
13 107
13 110
13 116
13 128
13 144
13 146
13 160
14 5
14 6
14 17
14 31
14 35
14 42
14 48
14 61
14 62
14 64
14 65
14 152
14 154
14 173
14 181
14 186
15 73
15 86
15 90
15 94
15 99
15 120
15 127
15 128
15 129
16 1
16 3
16 9
16 20
16 26
16 34
16 36
16 38
16 40
16 43
16 44
16 45
16 56
16 65
16 77
17 132
17 133
17 138
17 144
17 177
17 178
17 188
17 191
17 193
17 200
17 205
17 208
17 209
17 219
17 224
17 228
17 231
17 235
17 237
17 245
17 269
17 271
19 10
19 14
19 62
19 66
19 70
19 77
19 84
19 90
23 42
23 58
23 72
23 82
23 101
23 103
23 112
23 130
23 132
23 135
24 3
24 12
24 15
24 20
24 28
24 34
24 37
25 4
25 5
25 7
25 10
25 12
25 14
25 16
25 54
25 66
25 68
25 74
25 82
25 85
26 4
26 64
26 67
26 68
26 72
26 84
26 88
26 89
26 233
26 245
27 6
27 20
27 28
27 30
27 36
27 44
27 45
27 52
27 58
27 73
27 83
27 89
27 97
27 103
27 106
27 117
27 118
27 122
27 123
27 124
27 129
27 130
27 132
27 133
27 139
27 141
28 1
28 2
28 7
28 26
29 10
29 12
29 19
29 23
29 25
29 33
29 35
29 51
29 52
29 56
29 59
29 62
29 65
29 66
31 10
31 12
31 13
31 21
31 23
31 26
31 27
32 111
32 112
32 125
32 138
32 140
32 141
32 147
32 167
32 168
32 172
32 183
32 199
32 204
34 21
34 30
34 31
34 40
34 42
34 47
34 49
35 6
35 9
35 18
35 19
35 26
35 27
35 41
35 45
35 52
35 66
35 68
35 85
35 91
35 96
35 97
35 100
36 2
36 10
36 17
36 18
36 30
36 50
36 51
36 58
36 63
36 72
36 75
36 76
36 91
36 96
36 97
36 110
36 111
36 114
36 128
36 135
36 148
36 156
36 165
36 170
36 311
36 313
36 315
36 317
36 318
36 323
36 327
36 331
36 332
36 342
36 350
36 353
36 359
36 365
36 368
36 373
36 387
36 396
36 400
36 403
36 404
36 409
36 541
36 544
36 548
36 556
36 577
36 580
36 583
36 584
36 589
36 596
36 599
36 602
37 4
37 9
37 20
37 31
38 32
38 39
38 46
39 3
39 17
39 19
39 20
39 25
39 55
39 68
39 75
39 81
39 89
40 2
40 8
40 12
40 35
40 38
40 41
40 48
40 52
40 54
40 57
40 65
40 66
40 69
40 75
40 109
40 112
40 116
41 3
41 4
42 9
42 18
42 20
42 42
42 44
43 9
43 11
43 45
43 47
43 51
43 60
43 66
43 70
45 37
45 47
45 49
46 83
46 84
46 107
46 109
46 115
46 128
47 109
47 116
47 119
47 120
47 123
49 43
49 48
49 49
49 56
49 57
49 60
49 64
49 67
49 78
49 79
49 90
49 91
49 93
49 96
49 117
49 123
49 124
49 136
49 138
49 144
49 145
49 149
50 5
50 11
50 15
50 18
50 27
50 37
50 153
50 162
50 177
50 187
50 191
50 200
50 210
51 1
51 3
51 4
51 18
51 23
51 39
52 2
52 9
52 11
52 45
52 51
52 114
52 117
52 119
52 129
52 134
52 137
52 146
52 149
53 23
53 30
53 31
53 33
53 43
53 46
53 52
53 57
53 59
53 60
53 64
53 76
53 79
53 90
53 92
53 93
53 101
53 111
53 114
53 247
53 248
53 251
53 254
53 263
53 268
53 272
53 281
53 284
53 287
53 290
53 293
53 300
53 324
53 325
53 329
53 332
53 335
53 336
53 340
54 1
54 3
55 5
55 6
55 8
55 11
55 19
56 1
56 9
56 56
57 10
57 14
57 17
57 29
57 36
58 5
58 12
58 16
58 20
58 29
58 31
58 50
58 52
58 61
60 48
60 49
60 59
60 64
60 66
60 77
60 80
60 89
60 92
60 93
60 97
60 112
60 113
60 114
61 8
61 13
61 14
61 21
61 22
61 23
61 24
61 27
61 29
63 4
63 9
63 13
63 25
63 44
63 45
63 48
63 53
63 61
63 87
63 103
63 108
63 109
63 123
63 124
63 144
63 153
63 154
63 160
63 174
63 225
63 235
63 236
63 251
63 256
64 4
64 6
64 7
64 9
65 1
65 3
66 7
66 8
66 9
66 13
66 37
66 51
66 52
66 55
66 62
66 67
68 4
68 5
68 12
68 13
68 16
68 23
68 32
68 34
68 37
68 40
68 41
68 43
69 2
69 6
69 7
70 104
70 121
70 125
70 139
70 142
70 143
70 148
70 152
70 154
70 163
70 177
70 181
70 203
70 210
70 213
70 214
70 216
70 218
70 221
70 222
70 228
70 232
70 236
70 241
70 245
70 246
70 247
70 249
70 259
70 260
70 263
70 272
70 275
70 283
70 294
70 296
70 301
72 5
72 7
72 21
72 56
72 59
72 65
72 83
72 87
72 94
72 95
72 99
72 106
72 107
72 113
72 122
72 123
72 125
72 132
72 134
72 155
72 164
72 166
72 168
72 171
72 186
72 192
72 195
72 204
73 17
73 23
73 27
73 32
73 34
73 37
73 38
73 39
73 41
73 50
73 67
73 76
73 78
74 1
75 6
75 16
75 18
75 22
76 71
76 78
76 82
76 85
76 95
76 100
76 105
76 111
77 5
77 8
77 13
77 18
77 33
77 39
77 41
77 42
78 3
78 5
78 6
78 47
78 50
78 51
78 52
78 54
78 56
78 57
78 64
78 66
78 69
78 70
79 1
79 7
79 12
79 17
79 20
79 24
79 27
79 36
79 88
79 90
79 99
79 106
79 115
79 116
79 117
79 120
79 131
79 133
79 137
80 14
80 15
80 20
80 25
80 39
80 44
81 16
81 21
81 22
81 29
81 31
81 52
81 54
81 106
81 115
82 77
83 5
84 8
84 9
84 18
84 22
84 25
84 28
84 33
84 40
84 44
84 48
84 58
84 68
84 71
84 73
84 79
84 83
84 84
84 85
84 87
84 89
84 97
84 100
84 104
84 107
84 108
84 115
84 122
84 145
84 147
84 148
84 151
84 158
84 296
84 309
84 346
84 355
84 367
84 379
84 380
85 44
85 50
85 51
85 60
85 64
85 70
85 79
85 81
85 82
85 84
85 85
85 87
85 89
86 9
86 10
86 12
86 21
86 29
86 30
86 35
86 44
86 48
86 51
86 56
86 66
86 75
86 76
86 84
87 8
87 12
87 29
87 33
87 41
87 42
87 45
87 46
87 52
87 75
87 78
87 84
87 85
87 104
88 103
88 106
88 108
88 109
88 110
88 123
88 129
88 130
88 136
90 14
91 54
91 58
92 2
92 16
92 22
92 23
