1 14
1 16
1 22
1 27
2 2
2 4
2 9
2 10
2 12
4 21
4 22
6 5
6 10
6 15
6 38
6 42
6 43
6 45
6 51
6 53
6 77
6 82
6 85
6 91
6 102
6 106
6 108
6 110
6 112
6 114
7 9
7 10
7 11
7 15
7 18
7 21
7 26
7 28
7 35
7 36
7 41
7 47
7 48
7 58
7 62
7 68
10 27
10 31
10 54
10 58
10 65
10 66
10 130
10 132
10 133
10 139
10 142
10 145
10 154
12 6
12 7
12 15
12 62
12 74
12 80
12 85
12 87
12 93
12 96
12 97
12 113
12 142
12 161
12 162
12 168
12 171
12 172
12 303
12 307
12 308
12 310
12 312
12 318
14 20
14 22
14 27
14 41
14 46
14 49
14 51
14 56
14 57
14 69
14 74
14 85
14 93
14 94
15 7
15 16
15 17
15 26
15 34
15 35
15 45
15 47
15 52
15 56
15 57
15 59
15 69
15 70
16 4
17 13
17 25
17 32
17 33
17 165
17 170
17 177
17 178
18 12
18 21
18 25
18 32
18 34
18 36
18 44
18 46
18 47
18 49
18 56
18 58
18 60
18 70
18 73
18 76
18 78
18 79
18 86
18 88
18 147
18 151
18 153
18 166
18 167
18 169
18 173
18 179
18 181
18 195
18 200
18 204
18 206
18 211
18 214
18 217
18 218
18 224
18 230
18 312
19 45
19 47
19 52
19 55
19 59
19 62
19 72
19 80
19 83
19 84
19 92
19 100
20 1
20 10
20 11
20 15
20 20
20 27
21 1
21 5
21 15
21 20
21 22
21 34
21 53
21 55
21 60
21 62
21 63
21 66
21 72
21 79
21 80
21 84
21 89
21 97
21 102
21 104
21 114
21 116
21 134
21 138
21 140
21 145
21 148
21 155
21 159
21 290
21 293
21 295
21 308
21 314
21 322
21 331
21 333
25 70
25 72
25 76
25 78
25 86
25 90
25 93
25 99
25 112
25 113
25 114
25 119
25 126
25 130
25 134
25 135
25 144
25 145
25 148
25 153
25 154
25 158
25 160
26 3
26 10
26 21
26 23
26 38
26 42
27 39
27 46
27 49
27 50
27 51
27 61
27 73
27 75
28 6
28 8
28 14
28 21
28 38
28 43
28 47
28 55
28 57
28 61
28 67
28 82
28 83
28 89
29 44
29 45
29 47
30 6
30 7
30 10
30 12
30 18
30 20
30 28
30 31
30 38
30 45
30 49
30 52
30 54
30 61
31 9
31 12
31 14
31 17
31 29
31 32
31 38
31 39
31 54
32 1
32 4
32 5
32 7
32 24
32 29
32 32
32 33
32 39
32 54
32 58
32 67
32 77
32 78
32 82
32 86
32 87
32 91
32 100
32 103
32 105
32 107
32 111
32 113
33 2
33 16
33 20
33 22
33 32
33 35
34 3
34 8
34 11
35 5
35 6
35 23
35 31
35 32
35 33
35 51
35 57
35 59
35 62
35 74
35 89
35 91
35 94
35 100
35 101
35 102
35 107
36 1
36 5
36 7
36 13
36 18
36 52
36 55
36 62
36 64
36 74
36 90
36 102
36 103
36 109
36 110
36 113
36 118
36 120
36 125
36 137
38 1
38 7
38 8
38 15
38 18
38 20
38 27
38 28
38 31
38 38
38 52
38 59
38 66
38 81
38 89
38 92
38 94
38 100
38 113
38 133
38 143
38 144
38 145
38 150
38 156
38 162
38 163
38 168
38 176
38 178
38 185
39 11
39 29
39 34
39 37
39 39
39 43
39 45
39 55
39 56
39 58
39 59
39 66
39 69
39 70
39 73
39 74
39 83
39 86
39 88
39 105
39 107
39 108
39 114
39 125
39 130
39 148
39 149
40 1
41 7
41 14
42 2
42 10
43 3
43 8
43 9
43 11
43 24
43 26
43 27
43 40
43 41
43 44
44 29
44 42
44 44
44 51
44 56
44 61
44 64
44 65
44 80
44 81
44 84
44 93
44 95
44 113
44 118
44 124
44 125
44 138
44 140
44 153
47 79
47 83
47 96
47 101
47 104
47 105
47 112
49 1
49 12
49 13
49 18
49 20
49 41
49 53
50 12
50 13
50 16
50 25
52 10
52 12
52 13
52 17
52 19
52 21
52 25
52 39
52 40
52 55
52 60
52 70
52 86
52 87
52 88
52 89
52 99
52 118
52 120
53 2
54 4
54 6
54 10
54 12
54 13
55 21
55 23
55 50
55 51
55 52
57 21
57 25
57 30
57 38
57 39
57 49
57 125
57 126
57 132
57 144
57 147
58 3
58 12
58 15
58 17
58 25
58 26
58 39
58 49
60 54
60 61
60 68
60 73
61 23
61 33
61 34
61 38
61 39
61 49
61 51
61 53
61 57
61 60
61 61
61 74
61 91
61 94
61 96
62 1
62 3
62 4
62 5
62 9
62 11
64 31
64 35
64 38
64 40
64 55
64 56
64 59
64 61
64 67
64 68
64 85
64 87
64 93
64 97
64 102
64 109
64 127
64 129
64 136
64 138
64 153
64 163
64 164
64 166
64 167
64 178
64 186
64 187
65 38
65 52
65 58
65 74
66 1
66 4
66 8
66 11
66 18
66 19
67 6
67 8
68 24
68 31
68 34
68 41
68 43
68 47
68 56
68 68
68 76
68 79
68 88
68 91
70 10
70 11
70 17
70 21
70 22
70 25
70 27
70 30
70 33
70 37
70 38
71 2
71 7
71 9
71 18
71 20
71 23
71 24
71 27
71 28
71 30
71 33
71 38
71 44
71 46
71 55
71 64
71 68
71 69
71 70
71 75
71 83
71 102
71 104
71 120
71 123
72 22
72 37
72 46
72 63
73 8
75 53
75 55
75 56
75 61
75 73
75 79
75 86
75 91
75 94
75 95
75 106
75 110
76 14
76 15
76 22
76 29
76 36
76 37
76 45
76 46
76 51
76 52
76 55
76 56
76 57
76 58
78 4
78 47
78 49
78 55
78 71
78 74
78 122
78 132
78 143
78 145
78 161
80 103
80 107
80 122
80 123
80 131
81 2
81 16
81 17
81 33
81 34
81 37
81 41
81 48
81 56
81 62
81 67
81 70
81 84
81 87
81 96
81 102
82 5
82 14
82 16
82 29
82 39
84 9
84 11
84 13
85 6
85 10
85 25
85 27
85 28
85 37
85 39
85 41
86 2
86 8
86 16
86 18
86 19
86 23
86 25
86 27
86 47
86 50
86 55
86 56
86 66
86 71
87 3
87 15
87 64
87 65
87 67
87 73
87 80
87 99
87 102
87 113
89 44
89 54
89 59
89 64
89 71
89 76
89 83
89 212
89 214
89 216
89 223
89 224
89 227
89 232
89 233
89 252
89 381
89 384
89 385
89 397
89 410
89 414
89 423
89 428
89 429
89 433
89 442
89 453
89 454
89 459
89 465
89 482
89 483
90 3
90 12
90 14
90 25
90 31
90 46
90 49
90 50
90 55
90 60
90 72
90 79
90 80
90 90
90 97
92 76
92 100
92 114
92 120
92 121
92 130
92 134
92 137
92 139
92 140
92 142
92 151
92 158
92 159
92 160
92 164
92 168
92 169
92 172
92 173
92 188
92 189
92 198
92 214
92 215
92 216
92 217
92 225
92 234
92 236
92 242
92 243
92 248
92 255
92 276
93 2
95 24
95 30
95 44
95 45
95 47
98 63
98 64
98 76
98 88
98 95
98 98
98 101
98 103
98 107
98 183
98 191
98 192
98 202
98 203
98 204
99 19
99 20
99 33
99 40
99 43
100 8
100 16
100 57
101 10
101 11
101 22
102 1
102 4
102 5
102 12
102 14
102 21
102 30
102 33
102 34
102 37
102 45
102 47
102 51
102 52
102 53
102 64
102 65
102 92
102 95
102 228
102 229
103 15
103 19
103 28
103 33
103 47
103 49
103 50
103 55
103 60
103 65
103 67
103 76
104 7
104 15
105 9
105 10
105 15
105 18
105 21
105 31
105 35
105 48
105 49
105 50
105 57
105 62
105 65
105 67
106 4
106 8
106 10
106 16
106 18
106 19
106 24
106 32
106 37
106 38
106 40
106 68
108 47
108 50
108 52
108 60
108 71
108 74
108 89
108 95
108 104
108 110
109 65
109 67
109 190
109 216
109 217
109 228
109 229
109 237
109 243
109 244
109 248
109 266
109 269
109 278
109 283
109 293
109 298
110 1
110 3
110 4
110 6
110 11
110 14
110 18
110 21
110 24
110 25
110 26
110 27
110 28
110 38
110 39
110 87
