1 4
1 21
1 32
1 47
1 53
1 54
3 1
3 17
3 45
3 52
3 58
3 63
3 66
3 73
3 83
3 95
3 96
3 97
3 109
3 113
5 38
5 43
5 44
5 46
5 54
5 65
5 67
5 80
5 85
5 90
5 98
5 107
6 5
6 136
6 141
6 155
6 158
6 160
6 162
6 164
6 166
6 172
6 180
6 194
7 26
7 27
7 28
7 32
7 41
7 49
7 53
8 1
8 3
8 6
8 11
8 17
8 35
8 52
8 66
8 72
8 80
8 83
8 84
8 104
8 111
8 116
8 126
8 154
8 163
8 180
8 181
8 337
8 339
8 348
8 354
8 356
8 367
8 368
8 369
8 371
8 374
8 378
8 382
9 21
9 23
9 36
9 37
9 46
10 3
11 8
11 9
11 21
11 22
11 37
11 39
11 40
11 51
11 58
11 59
11 61
11 62
11 67
11 68
11 77
11 88
11 95
11 113
11 115
11 120
11 130
11 131
11 136
11 151
11 154
11 160
11 162
11 163
11 170
11 180
11 181
11 186
11 187
11 188
11 216
12 16
12 18
12 24
12 25
12 30
12 37
12 38
12 43
12 44
12 47
12 48
12 50
12 53
12 59
12 63
12 64
12 68
12 69
12 71
14 59
14 68
14 71
14 73
14 80
14 83
14 84
14 91
15 21
15 29
15 37
15 181
15 188
15 189
15 221
15 229
15 231
15 364
15 372
15 373
15 376
15 378
15 405
15 411
15 431
15 433
15 448
15 454
16 46
16 49
16 51
16 53
16 54
16 55
16 67
16 74
16 78
17 2
17 40
17 42
17 55
17 58
17 60
17 75
17 83
17 95
17 101
18 6
18 10
18 13
18 16
18 46
18 53
18 59
18 62
18 63
18 66
18 68
18 72
18 73
18 79
19 39
19 43
19 53
21 5
21 8
21 11
21 22
21 24
21 25
22 11
22 18
22 21
22 22
22 24
22 27
22 38
22 39
22 43
22 44
22 46
22 50
22 63
22 65
22 74
22 78
22 84
22 108
22 120
22 123
22 129
22 133
22 134
22 137
22 138
22 157
22 160
22 177
22 181
22 185
22 190
22 194
22 213
22 221
22 226
22 228
22 233
22 234
22 238
22 245
22 255
22 259
22 264
22 351
22 367
22 372
22 379
22 383
22 384
22 391
22 393
22 397
22 412
22 413
22 422
22 429
23 64
23 92
25 55
25 71
25 81
25 82
25 86
25 93
25 101
25 102
25 103
25 107
26 7
26 10
26 32
26 40
26 43
26 50
26 51
26 61
26 64
26 135
26 136
26 144
26 145
26 146
26 148
26 157
26 163
26 165
26 171
26 195
26 206
26 207
26 208
27 10
28 6
28 12
28 29
28 34
29 74
29 76
29 82
29 91
35 1
35 5
35 11
35 18
35 30
35 37
35 44
35 53
35 55
35 82
35 87
35 99
35 101
35 104
35 109
35 117
35 125
35 128
35 133
35 141
36 13
36 16
36 19
37 4
37 6
37 9
38 4
39 3
39 10
39 13
39 20
39 25
39 26
39 29
39 30
39 41
39 51
39 70
39 84
39 99
39 105
39 110
39 113
39 118
39 126
39 128
40 7
40 17
40 19
40 22
40 23
42 4
42 12
42 15
42 16
42 22
42 29
42 38
42 41
42 42
42 52
42 53
42 64
42 219
42 223
42 228
42 230
43 26
43 32
43 42
43 52
45 16
45 29
46 2
46 4
46 7
46 13
46 18
46 28
46 31
46 41
46 44
46 55
46 56
46 61
46 63
46 66
46 68
46 108
46 109
46 116
47 1
47 4
47 18
47 20
47 23
47 24
47 29
47 33
47 40
47 41
49 6
49 9
49 10
49 15
49 20
49 23
49 29
49 41
49 44
49 47
49 68
49 70
49 73
50 2
51 89
51 161
52 1
52 20
52 27
52 40
52 46
52 47
53 5
53 6
53 11
53 18
53 35
53 36
53 61
53 75
53 77
53 80
53 83
53 87
54 21
54 30
54 31
54 36
54 59
56 7
56 14
57 85
57 94
57 95
57 99
57 112
57 114
57 255
57 260
57 263
57 264
57 289
57 298
57 301
58 4
58 9
59 119
59 125
59 127
59 138
59 140
59 149
59 161
59 167
59 173
59 181
59 189
59 214
59 215
59 222
59 223
59 225
59 226
59 230
59 235
59 254
60 4
60 7
60 16
60 17
60 19
60 24
60 28
60 31
60 32
60 45
61 84
61 87
61 88
61 89
61 119
62 79
62 83
62 98
62 102
62 105
62 107
62 108
63 1
63 15
63 20
63 37
64 3
65 1
65 3
65 5
66 3
66 4
66 6
66 9
66 31
66 33
67 6
67 17
68 30
68 36
68 45
68 53
69 7
69 21
69 23
69 25
69 29
69 34
69 35
69 38
69 41
69 45
69 54
69 60
69 70
69 78
69 88
71 85
71 89
71 93
71 96
71 102
72 6
72 14
72 15
72 19
72 20
72 28
72 61
72 63
72 65
72 67
72 68
72 81
72 83
72 84
72 92
72 94
72 103
72 104
72 108
73 7
73 8
73 9
73 11
73 15
73 17
73 22
73 24
73 27
73 29
73 36
73 41
73 54
73 59
73 64
73 68
73 72
73 75
73 78
73 85
73 86
73 109
73 117
73 118
73 130
73 131
73 132
73 134
73 135
73 145
73 147
73 155
73 158
73 169
73 174
73 189
73 190
73 201
73 202
73 206
73 312
73 314
73 315
73 334
73 335
73 344
73 345
73 356
73 362
73 366
73 374
73 375
73 386
74 3
74 7
74 8
75 1
75 4
75 5
75 11
75 13
75 16
75 21
75 22
75 28
76 5
76 7
76 9
76 12
76 14
77 3
77 4
77 9
77 10
77 16
77 20
77 21
77 50
77 55
77 61
77 62
77 110
77 115
77 123
77 124
78 2
78 9
78 10
78 16
78 19
78 95
78 119
78 126
80 14
81 7
81 8
81 28
81 29
81 32
81 36
81 63
81 65
81 67
81 77
81 90
82 14
83 111
83 114
83 115
83 118
83 119
83 123
83 124
83 131
83 133
84 36
84 38
84 45
84 48
84 52
84 62
84 64
85 1
85 12
85 13
85 25
85 30
85 54
85 55
85 58
85 64
85 67
85 70
85 75
85 81
85 107
85 113
85 120
85 126
85 135
85 142
85 145
85 153
85 161
85 179
85 180
85 186
85 192
85 197
85 198
85 200
85 201
85 203
85 209
85 225
85 230
85 233
85 240
85 241
85 330
89 7
89 8
89 55
89 58
89 69
89 75
90 23
90 32
90 36
90 40
90 41
90 44
90 52
90 57
91 32
92 47
92 49
92 50
92 54
92 183
92 190
92 194
92 235
92 237
92 238
92 239
92 264
92 269
92 276
92 285
92 287
93 55
93 58
93 59
93 65
93 69
93 72
94 8
94 10
94 13
94 20
94 22
94 28
95 25
96 8
96 15
96 34
96 38
96 41
96 53
96 56
97 1
97 8
97 10
97 13
97 78
97 84
97 90
97 92
97 95
97 116
97 122
97 124
97 138
97 142
