2 8
2 16
2 18
2 23
2 24
2 37
2 43
2 49
2 54
2 56
2 64
2 68
2 80
2 85
2 87
2 92
6 2
6 5
6 13
6 15
6 16
6 20
6 22
7 1
7 12
7 19
7 20
7 23
7 26
7 28
7 29
7 31
7 37
7 42
7 45
7 46
7 56
8 5
8 6
9 3
9 22
9 29
9 31
9 39
9 54
9 55
9 57
9 62
9 70
9 71
11 8
11 16
11 18
11 24
11 28
11 29
11 33
11 45
11 49
12 1
12 93
12 97
12 102
12 106
12 121
12 122
13 7
13 25
13 31
13 37
13 41
13 45
13 49
13 51
13 65
13 81
13 85
13 97
13 102
14 8
14 15
14 19
14 24
14 25
14 28
14 30
14 40
14 41
14 44
14 53
14 55
14 61
14 63
14 75
14 91
14 94
14 107
15 3
15 10
15 21
15 22
15 24
15 25
15 26
15 33
15 34
15 35
15 36
15 37
15 38
15 42
16 1
16 3
16 6
16 7
16 9
16 15
16 18
16 20
16 22
20 13
20 15
20 16
20 18
20 19
20 23
21 8
21 13
21 15
21 18
21 26
21 34
21 49
21 50
21 58
21 74
21 78
21 80
21 86
21 107
21 117
21 120
23 34
23 40
24 1
24 8
24 9
24 98
24 103
24 123
24 124
24 125
24 132
24 133
24 146
24 150
24 156
24 159
24 189
24 191
24 205
24 214
24 216
24 219
24 220
25 26
25 43
25 44
25 55
25 61
25 76
25 80
25 88
25 89
25 93
25 105
26 3
26 5
26 6
26 15
26 35
26 41
26 50
26 54
26 58
28 17
28 19
28 24
28 25
29 54
29 57
29 59
29 62
29 64
29 69
29 71
30 1
32 39
32 40
33 12
33 17
33 20
33 24
33 26
33 27
33 31
33 39
34 11
34 24
34 25
34 28
34 45
34 47
34 50
34 58
34 75
34 81
34 82
34 96
34 106
34 113
34 122
34 128
34 130
34 138
37 50
37 52
37 65
37 69
37 70
37 78
37 80
38 8
38 14
38 15
38 21
39 5
40 3
40 9
40 11
40 12
40 19
40 23
40 24
40 27
40 29
41 25
41 26
41 106
41 107
41 111
41 116
41 118
41 120
41 125
41 129
41 130
41 132
41 140
41 145
41 153
43 28
43 32
43 42
43 43
43 44
43 59
43 68
43 78
43 83
43 99
43 101
43 103
43 119
43 126
43 128
43 132
44 13
44 31
44 32
44 34
44 113
44 119
44 120
44 130
44 133
44 141
45 11
45 19
45 29
45 37
45 40
45 41
45 42
45 45
45 48
45 56
45 60
45 63
45 67
45 75
45 89
45 91
45 93
45 100
45 110
45 115
45 118
45 119
45 121
45 123
45 124
45 126
45 129
45 137
45 234
45 244
45 248
45 253
45 254
46 1
46 2
46 20
46 21
46 25
46 39
46 53
47 62
47 71
47 83
49 8
49 12
51 67
51 78
51 80
51 86
51 89
51 93
51 100
51 104
51 111
52 15
52 20
52 26
52 27
52 28
52 29
52 34
52 36
52 40
52 52
53 2
53 5
53 6
54 2
54 11
54 19
54 36
54 54
54 55
54 57
54 59
56 8
56 19
56 21
56 40
57 4
57 13
57 18
57 19
57 23
57 31
57 33
57 35
57 42
57 45
57 56
57 62
57 75
57 77
57 81
57 90
57 96
58 1
59 4
59 15
59 83
61 1
61 2
61 5
61 11
61 34
61 35
61 41
61 46
61 47
61 52
61 60
63 6
63 35
63 41
63 44
63 46
63 47
63 52
63 56
63 57
63 63
63 66
63 88
64 21
65 57
65 60
65 65
65 70
65 80
65 82
65 85
65 103
65 104
65 109
65 113
65 122
65 137
65 144
65 147
65 157
66 2
66 11
66 19
66 20
66 26
67 17
68 41
68 50
68 52
68 59
68 74
68 83
68 87
68 89
68 93
68 95
68 107
68 109
68 111
68 112
68 113
68 115
68 116
68 125
68 131
68 132
68 133
70 34
70 37
70 46
70 50
70 52
70 54
70 69
70 79
70 84
70 88
70 96
70 99
70 100
70 108
71 2
71 4
71 5
71 11
71 18
72 30
72 35
72 36
72 37
73 3
73 16
73 18
73 20
73 28
73 31
74 1
77 34
77 43
77 49
77 51
77 57
77 61
77 65
77 66
79 21
79 35
79 43
79 55
79 56
79 58
79 60
79 70
79 72
79 73
79 77
79 79
79 82
79 94
79 100
79 107
79 108
79 120
81 144
81 216
81 219
81 224
81 233
81 235
82 1
82 5
82 26
82 35
82 37
82 41
82 42
82 44
83 3
83 7
83 8
83 9
83 17
83 23
83 28
83 30
83 33
84 1
84 4
84 13
84 24
84 30
84 37
84 44
84 49
84 61
84 64
84 73
85 5
85 9
85 13
85 15
85 19
85 21
85 27
85 30
85 31
85 40
85 45
85 51
85 52
85 54
85 56
85 63
85 64
86 6
86 7
86 10
86 18
86 22
86 32
86 44
86 50
86 67
86 74
86 76
86 77
86 78
86 82
86 86
86 90
86 93
86 98
86 99
86 106
86 107
86 108
86 196
86 200
86 207
86 214
86 219
86 223
86 226
86 227
86 228
86 229
86 230
86 247
86 252
86 254
86 262
86 269
87 4
87 5
87 9
87 16
87 26
87 33
87 36
88 1
88 13
88 26
89 6
89 14
89 20
89 31
89 39
89 40
89 50
89 52
89 55
89 66
89 67
89 72
89 73
89 88
89 98
89 103
89 105
89 106
89 118
89 211
89 215
89 218
89 224
89 227
89 233
89 241
89 246
89 252
89 258
89 265
89 268
89 269
89 270
89 278
89 349
90 8
90 13
90 14
90 16
90 91
91 2
91 4
91 54
91 72
91 87
92 4
92 5
95 32
95 34
95 43
95 57
96 122
96 141
96 142
96 143
96 146
97 1
97 9
97 13
97 14
97 15
97 17
97 28
97 43
98 14
98 15
98 26
98 27
98 39
98 50
98 51
98 52
98 69
98 70
98 87
98 88
98 90
98 94
98 125
98 128
98 129
98 131
98 132
98 143
98 150
98 156
98 157
98 159
98 269
99 1
99 7
99 9
99 11
99 18
99 20
99 23
99 26
99 28
99 29
99 31
99 35
99 46
99 61
99 67
99 78
99 80
99 81
99 91
99 92
99 93
99 101
99 104
99 108
99 110
99 112
99 148
100 58
100 69
100 84
100 85
100 86
100 88
100 96
100 102
100 117
100 118
100 190
100 205
100 214
100 221
100 226
100 276
101 1
101 2
101 3
102 3
102 4
102 14
102 16
102 29
102 30
102 36
102 37
102 52
102 57
102 59
102 62
102 71
102 84
102 86
102 95
102 101
102 109
102 126
102 127
102 139
102 143
102 152
103 1
103 13
103 14
103 18
103 30
103 34
103 36
103 43
103 44
103 46
103 51
103 62
105 74
105 75
105 92
106 6
106 7
106 10
106 15
107 1
107 6
107 8
107 21
108 3
108 10
108 11
109 7
109 18
109 19
109 20
109 154
109 158
109 168
109 183
109 187
109 192
110 64
110 70
110 72
111 48
111 51
111 68
111 83
111 90
111 94
111 105
111 107
112 76
112 78
112 80
112 86
112 92
112 94
112 107
112 124
112 134
112 137
112 150
112 157
112 163
113 11
113 17
113 23
113 28
113 29
115 25
115 27
115 31
115 32
115 37
115 73
115 75
115 90
115 93
116 3
116 10
116 17
116 22
116 25
116 38
116 44
116 45
116 46
116 52
116 56
117 6
117 8
117 15
117 23
117 29
117 56
117 65
117 66
117 78
117 86
117 100
117 101
117 105
117 121
117 130
117 145
118 22
118 25
118 29
118 30
118 34
118 37
118 39
118 46
118 48
118 54
118 69
118 71
118 78
118 84
118 105
118 106
118 112
118 114
118 118
119 4
119 6
119 7
120 7
120 9
