1 3
1 4
1 13
1 24
1 29
1 30
1 40
1 41
1 44
1 48
1 51
2 17
2 24
2 36
3 1
3 10
3 11
3 12
3 17
3 30
3 39
3 45
3 49
3 50
4 7
4 10
4 11
4 12
4 14
4 18
4 26
5 6
5 14
5 21
5 32
5 37
7 2
7 4
8 20
8 23
8 26
8 95
8 102
8 103
8 111
8 123
8 125
8 133
8 135
9 1
9 2
9 13
9 14
9 18
9 19
9 22
9 28
9 42
9 135
9 138
9 154
9 155
9 164
9 167
9 171
9 173
9 177
9 180
9 181
9 183
9 186
9 193
9 194
9 206
9 221
9 230
9 248
9 255
9 256
9 270
9 271
9 279
9 281
9 283
9 289
9 290
9 291
9 293
9 296
9 297
9 300
9 305
9 314
9 344
10 7
10 14
11 41
11 44
11 51
11 55
11 56
11 59
11 62
11 90
11 91
11 96
11 227
11 232
11 238
12 14
12 24
12 27
12 139
12 148
12 157
12 166
12 168
12 169
12 171
12 172
12 179
13 4
14 1
14 8
14 20
14 25
14 36
14 37
14 70
14 82
14 83
14 89
14 95
14 96
14 99
14 102
14 107
14 112
14 115
14 116
14 118
14 119
14 121
14 124
14 136
14 138
14 141
14 145
14 149
14 158
14 160
14 182
14 184
14 189
14 191
15 13
15 23
15 29
15 31
15 32
15 36
16 2
16 3
16 147
16 154
17 4
17 6
17 7
17 14
17 21
17 34
17 39
17 40
17 45
17 51
17 52
17 54
17 55
17 57
17 62
17 65
17 76
17 80
17 85
17 117
17 119
17 120
17 122
17 138
17 146
17 155
17 157
17 159
17 161
19 4
19 12
19 23
19 79
19 85
19 96
19 104
19 109
19 110
19 115
19 124
19 234
19 235
19 237
19 239
19 244
19 246
20 3
20 5
20 8
20 12
20 13
20 21
20 25
20 28
20 39
20 41
20 42
20 56
20 72
20 79
20 80
20 83
21 8
24 32
24 34
24 38
24 43
24 50
24 54
24 56
24 61
24 62
24 63
24 67
24 68
24 79
24 89
24 97
24 103
25 2
25 9
25 21
25 24
25 31
25 32
25 58
25 73
25 82
25 91
25 94
25 96
25 98
25 104
25 108
25 114
25 184
25 186
25 189
25 190
25 192
25 193
25 206
25 208
25 210
25 297
25 302
25 303
25 306
25 310
25 318
25 321
25 326
25 327
26 81
26 85
26 94
26 104
26 108
27 37
27 40
27 41
27 55
27 63
27 64
27 68
27 78
27 79
27 82
27 88
28 5
28 47
28 48
28 65
28 115
28 121
28 123
28 132
28 137
28 144
29 29
29 37
29 55
29 56
29 57
29 62
29 63
29 78
29 89
29 98
30 31
30 33
30 34
30 40
30 41
30 43
30 51
30 62
30 65
31 56
31 63
31 75
33 27
33 67
33 69
33 70
33 83
34 35
34 51
34 54
34 55
34 62
34 65
34 76
34 77
34 83
34 84
34 98
34 103
34 105
34 121
34 124
34 127
34 137
34 138
34 139
35 19
35 26
35 28
35 34
35 35
38 7
38 16
38 26
38 29
38 81
38 89
38 105
38 107
38 117
38 130
38 135
38 138
39 2
39 3
40 31
40 126
40 145
40 147
40 152
40 153
41 10
41 12
41 15
41 28
41 29
41 30
41 33
41 45
41 47
41 55
41 62
41 66
41 67
41 79
42 70
42 72
42 73
42 90
42 92
42 99
42 102
43 7
43 8
45 9
45 10
45 15
45 25
45 36
45 43
45 46
45 48
45 49
45 71
45 89
45 90
45 92
45 93
45 95
45 97
46 8
46 10
46 17
46 20
46 32
46 35
46 40
46 44
46 59
46 62
46 67
47 10
51 38
51 41
52 3
52 4
52 19
52 28
52 29
52 31
52 43
52 52
52 53
52 55
52 59
52 68
52 71
52 77
52 93
52 94
52 96
52 104
52 107
52 113
52 114
52 115
52 150
52 158
52 162
53 1
53 8
53 10
53 11
53 15
54 80
54 100
54 106
54 247
54 257
54 262
55 1
56 4
57 8
57 14
57 20
57 29
57 33
59 83
59 86
59 90
59 97
59 103
59 104
59 113
59 120
59 132
60 3
60 9
60 10
60 16
60 41
60 52
60 57
60 58
60 86
60 98
60 102
60 106
60 119
60 121
60 122
60 123
60 127
60 137
60 139
61 2
61 3
61 6
61 11
61 12
61 17
61 20
61 22
61 23
61 30
61 33
61 38
61 40
61 43
61 49
61 50
61 51
61 64
61 67
61 70
61 79
61 80
61 84
61 87
61 91
61 96
61 107
62 2
62 9
62 10
62 15
62 18
62 28
62 34
62 35
62 37
62 77
62 92
62 94
62 116
62 121
62 123
63 7
63 14
63 29
63 31
63 46
63 51
64 59
64 65
64 69
64 75
64 77
64 91
64 92
64 102
64 103
64 120
64 125
64 131
64 133
64 139
64 148
64 150
64 159
64 160
64 162
64 163
64 164
64 301
64 305
64 308
64 313
64 320
64 329
64 334
64 339
64 342
64 350
64 355
64 385
64 393
64 397
64 411
64 412
64 428
64 437
64 438
64 442
64 450
65 5
65 9
65 16
65 18
65 34
65 35
65 38
66 1
66 6
66 7
66 8
66 18
66 23
66 24
66 27
66 36
66 44
66 47
66 48
66 49
66 69
66 72
66 74
66 76
66 82
66 87
66 92
66 93
66 94
66 104
67 1
68 2
68 7
68 10
68 11
68 13
68 15
68 18
68 20
68 22
68 24
68 25
68 26
68 28
68 31
68 51
68 53
68 55
69 13
69 14
69 19
69 20
69 30
69 34
69 35
69 38
69 42
70 14
70 29
71 6
72 4
72 5
72 16
72 17
72 21
72 26
72 29
72 30
72 43
72 56
72 75
72 78
72 80
72 86
72 102
72 103
73 1
73 3
73 111
73 114
73 117
73 129
73 131
73 137
73 142
73 148
73 153
73 156
73 244
73 250
73 266
73 279
73 282
73 303
73 305
73 308
73 309
73 314
73 329
73 341
73 342
73 348
73 356
73 360
73 362
74 8
74 10
74 12
74 16
74 42
74 58
74 60
74 75
74 83
74 86
74 96
75 1
75 5
75 6
75 13
75 15
75 16
75 19
75 46
75 47
75 48
76 2
76 3
76 28
76 31
76 34
77 2
77 11
77 17
77 23
77 26
77 95
77 105
77 106
78 6
78 11
78 12
78 13
78 25
79 6
79 7
79 11
79 14
79 16
79 21
79 22
79 32
79 33
79 36
79 39
79 59
79 71
79 77
79 93
79 96
79 99
79 230
79 232
79 235
79 236
79 243
79 261
79 262
79 270
79 275
79 279
79 297
79 302
79 304
79 305
79 306
79 310
79 315
79 316
79 317
79 318
80 2
80 10
80 12
80 38
80 53
81 62
81 64
81 69
81 76
81 79
81 82
81 216
81 221
81 228
81 236
81 241
82 19
82 22
82 24
82 26
82 28
82 31
82 38
82 41
82 53
82 57
83 16
83 18
83 39
83 47
83 49
83 57
84 1
84 6
84 7
84 8
84 14
84 16
84 25
84 31
84 43
84 51
84 54
84 59
84 64
84 68
84 75
84 79
85 20
85 23
85 30
85 33
85 36
85 38
85 41
85 43
85 44
85 49
85 50
85 53
85 58
85 63
85 71
85 84
86 56
86 62
86 70
86 82
86 97
86 99
86 100
87 14
87 26
87 28
87 31
87 37
89 19
89 24
89 25
89 29
89 30
89 40
89 42
89 54
89 57
89 59
89 69
89 74
89 84
89 90
89 92
90 44
90 46
90 54
91 3
91 5
91 7
91 8
91 11
91 14
91 17
91 31
91 33
91 39
92 4
92 5
92 8
92 16
92 17
92 22
92 28
93 2
93 5
93 12
93 15
93 22
93 26
93 27
93 35
93 43
93 48
93 49
93 58
93 59
93 61
93 62
93 67
93 71
93 74
93 93
93 96
93 103
93 104
93 109
93 114
93 195
93 200
93 226
93 229
93 231
94 25
94 38
94 40
94 91
