1 6
1 10
1 17
1 27
1 33
1 52
1 61
1 68
1 70
1 71
1 72
1 84
1 225
1 226
1 229
1 230
1 233
1 236
1 237
1 243
1 247
1 251
1 256
1 262
1 265
1 266
1 272
1 283
1 289
2 4
2 8
2 24
2 38
2 40
2 45
2 49
2 57
2 59
2 191
2 196
2 199
2 201
2 212
2 213
2 221
2 222
2 228
2 237
2 244
2 245
2 250
2 258
2 260
2 263
2 267
2 273
2 277
2 280
2 286
2 287
2 297
2 305
2 314
2 315
2 319
3 3
3 4
3 17
4 1
4 3
4 5
4 7
4 17
4 27
4 28
4 31
4 165
4 171
4 172
5 2
5 8
5 15
5 19
5 24
5 26
5 29
5 32
5 37
5 167
5 171
5 173
5 175
5 179
5 181
5 182
5 183
5 186
5 199
5 206
5 227
5 228
5 233
7 9
7 13
7 26
8 2
8 10
8 24
9 80
9 84
9 109
9 119
9 121
9 128
9 133
9 139
9 143
9 154
9 158
9 166
9 168
9 172
9 178
9 183
10 7
10 13
11 2
14 5
14 12
15 3
16 3
16 4
16 9
16 11
16 49
17 2
17 4
17 13
17 18
17 22
17 28
17 30
17 33
17 36
17 39
17 51
17 56
17 60
17 62
18 5
18 32
20 20
20 22
20 28
21 7
22 4
22 20
22 90
22 92
22 93
22 99
22 101
22 106
22 112
22 132
22 135
22 136
22 161
22 178
22 180
22 192
22 194
22 222
22 223
22 229
22 239
22 240
22 241
22 243
22 246
22 247
22 250
22 254
22 260
23 3
23 4
23 11
23 22
23 23
23 36
23 48
23 110
23 111
23 117
27 27
27 43
27 59
27 61
27 98
27 111
27 112
27 119
27 128
27 135
27 139
27 140
27 149
27 152
27 177
27 183
27 209
27 211
27 341
27 342
27 364
27 366
28 112
28 116
28 120
28 126
28 127
28 134
28 137
28 142
28 144
28 145
28 170
29 1
29 131
29 133
29 136
29 137
29 143
29 151
29 156
29 163
29 164
29 166
30 51
31 1
31 5
31 8
31 11
31 15
31 28
31 32
32 3
32 5
32 8
32 9
32 20
32 31
32 33
32 34
32 37
33 13
33 15
33 20
33 29
33 34
33 44
33 74
33 75
34 2
34 4
34 7
34 12
34 14
34 19
34 22
34 33
34 35
35 108
35 109
35 113
35 116
35 124
35 127
35 147
35 153
35 158
35 160
35 165
35 172
35 173
35 175
35 185
35 192
35 194
35 195
35 203
35 209
35 210
35 246
35 247
35 276
35 283
35 286
35 287
35 292
35 300
35 307
35 309
36 1
36 5
36 6
36 19
36 20
36 21
36 23
37 1
37 2
37 4
37 14
37 23
37 28
37 33
37 35
37 40
37 43
37 47
37 97
37 100
37 103
37 114
37 116
37 125
37 127
37 129
37 130
37 132
37 133
37 134
37 145
37 146
37 149
37 161
38 107
38 109
38 122
38 123
38 131
38 153
38 160
38 181
38 185
38 188
38 192
38 197
39 3
39 12
39 15
39 16
39 19
39 23
39 25
40 15
40 19
40 23
40 29
40 40
40 45
40 58
40 61
40 70
40 71
41 7
41 8
41 12
41 21
41 23
41 39
41 43
41 55
41 57
41 62
41 63
41 74
41 85
41 91
42 3
42 5
42 8
42 9
42 10
43 3
43 6
43 8
43 10
43 28
43 31
43 36
43 46
43 56
43 59
43 64
43 67
44 98
44 106
44 115
44 124
44 136
44 265
44 270
44 275
45 125
45 126
45 134
45 143
45 145
45 150
45 173
45 175
45 182
45 190
45 328
46 7
46 12
46 22
47 28
47 31
47 35
47 37
47 38
48 10
49 2
49 3
49 6
49 10
49 16
49 22
49 37
49 40
49 42
49 53
49 68
49 70
49 75
49 87
49 92
49 96
49 101
49 106
49 111
49 112
49 113
49 117
49 119
49 127
49 136
49 137
49 143
49 148
49 149
49 150
49 152
49 158
49 164
50 2
50 5
50 8
50 25
50 48
50 50
51 11
51 14
51 16
51 22
52 48
52 53
52 58
52 61
52 75
52 87
52 90
52 105
52 106
52 107
52 110
52 116
52 124
52 128
52 130
52 169
52 170
52 187
52 189
52 191
52 193
52 201
52 203
52 206
52 207
52 209
52 213
52 214
52 219
52 220
52 231
52 245
52 246
52 247
52 250
53 3
53 4
53 26
53 27
53 28
53 36
54 1
55 1
55 24
55 25
57 11
57 16
57 19
57 22
57 30
58 8
58 27
58 41
58 42
58 43
58 44
58 46
58 51
58 61
58 66
58 70
58 79
58 80
58 116
58 119
58 129
58 179
58 183
58 189
59 106
60 7
60 40
60 67
60 75
60 83
60 85
60 88
60 96
60 106
60 124
60 127
60 129
60 132
60 135
60 136
60 137
60 139
60 144
60 146
60 168
60 172
60 173
62 59
62 66
62 68
62 74
62 87
62 93
62 101
62 118
62 120
62 127
62 132
62 134
62 137
62 146
64 5
64 7
64 14
65 1
65 7
66 5
66 8
66 18
66 22
66 23
66 37
66 52
67 2
67 3
67 8
67 11
67 113
67 114
68 6
68 19
68 26
68 33
68 35
68 54
68 59
68 60
68 76
68 78
68 81
68 82
68 94
68 100
68 104
68 106
68 109
68 115
68 116
69 15
69 19
69 20
69 23
69 25
70 9
70 14
70 17
70 22
70 24
72 13
72 30
72 37
72 40
72 62
72 66
72 75
72 79
74 4
74 7
74 11
74 12
74 22
74 27
74 28
74 29
75 71
75 79
75 95
76 29
76 36
76 38
76 43
76 45
76 56
76 66
76 67
76 77
76 86
76 100
78 2
78 4
78 11
78 14
78 15
78 24
79 23
79 25
79 34
79 42
79 49
80 192
80 195
80 203
80 205
80 210
80 212
80 213
80 217
80 218
80 224
80 225
80 364
80 366
80 372
80 373
80 386
80 388
80 406
80 407
80 413
80 415
80 421
80 422
80 522
80 531
80 567
80 570
80 583
80 585
80 592
80 594
80 598
80 603
80 634
80 640
81 5
81 16
81 20
81 26
81 30
81 32
81 51
81 52
82 9
82 15
82 27
82 33
82 48
82 53
82 61
82 62
82 65
82 66
83 4
83 13
84 4
84 6
84 9
84 10
84 17
84 20
85 12
85 15
85 34
85 35
85 39
85 40
85 44
85 48
85 50
85 51
85 54
85 55
85 56
85 58
85 60
86 11
86 15
86 17
86 26
88 33
88 43
88 50
88 56
88 57
88 63
88 70
88 75
88 85
88 95
88 97
88 98
88 100
89 4
89 15
89 28
89 33
89 34
90 4
90 21
90 27
90 31
90 37
90 78
90 81
90 88
90 89
90 92
90 99
91 3
91 8
91 14
91 19
91 42
91 46
91 52
91 53
91 55
91 60
91 62
91 79
91 86
91 93
93 33
93 40
94 3
94 5
94 6
94 16
94 25
94 30
94 37
95 89
96 1
97 13
97 17
97 19
97 24
98 114
98 116
98 124
98 129
98 131
98 134
99 1
99 5
99 7
99 9
99 19
99 37
99 50
99 72
99 86
99 87
99 92
99 96
99 111
99 114
99 123
99 129
99 133
99 145
101 3
101 5
101 7
