1 5
1 13
1 16
1 17
1 21
1 23
1 29
1 30
1 33
1 40
1 54
1 63
1 69
1 73
1 119
1 136
1 145
1 148
1 151
1 154
1 160
1 165
1 172
1 173
1 175
2 9
2 16
2 22
3 1
3 6
4 11
5 2
5 7
5 14
5 16
5 17
5 18
5 20
5 27
5 28
5 43
5 46
5 57
5 62
6 3
6 4
6 9
6 10
6 12
6 15
6 16
6 17
6 18
6 21
6 30
6 35
6 36
6 47
6 49
6 53
6 58
6 60
6 61
6 62
6 84
6 88
6 96
6 98
6 99
6 110
6 115
6 117
6 125
6 131
6 136
6 161
6 164
8 65
8 70
8 75
9 5
9 34
10 4
10 5
10 6
10 11
10 17
10 21
10 26
10 28
10 34
10 41
10 43
10 46
10 49
10 50
10 57
10 60
10 62
10 68
10 69
10 73
10 78
10 83
10 93
10 103
11 5
11 15
11 20
11 30
11 42
11 47
11 49
11 51
11 59
11 64
11 67
11 69
11 83
11 88
11 102
11 104
11 114
11 117
11 123
11 131
11 133
11 135
11 138
11 139
11 146
11 148
11 161
11 167
11 169
11 170
11 172
11 175
11 189
12 2
12 5
12 18
12 23
13 122
13 124
13 125
13 126
13 129
13 131
14 2
15 16
15 34
15 41
15 43
15 46
15 47
15 48
15 53
15 54
15 57
15 59
15 71
16 4
16 6
16 17
16 18
16 100
16 102
16 105
16 109
16 125
16 126
16 129
16 145
17 29
17 31
18 3
18 22
18 39
18 43
19 2
19 6
19 13
19 33
19 34
19 37
19 48
19 58
19 65
19 71
19 73
19 77
19 78
19 82
19 91
19 92
19 94
19 104
19 107
19 108
19 113
19 120
19 122
19 123
19 136
20 9
20 10
20 32
20 35
20 43
20 49
20 60
21 2
21 10
21 18
21 24
21 34
21 41
21 50
21 52
21 54
21 56
21 66
21 67
21 68
21 69
21 71
21 72
22 1
22 4
23 5
23 7
23 16
23 18
23 23
23 24
23 38
23 39
23 46
23 48
23 49
23 52
25 13
25 16
25 17
25 19
26 10
26 20
26 21
26 23
26 28
26 32
26 37
26 49
26 50
26 54
26 57
26 61
26 64
26 65
26 66
26 88
26 102
26 103
26 111
26 112
26 116
26 121
26 142
26 144
26 149
26 159
26 162
26 170
26 176
27 9
27 12
27 13
27 14
27 17
27 22
27 26
27 29
27 34
27 40
28 12
28 14
28 19
29 6
29 7
29 17
30 8
30 13
31 3
31 22
31 40
31 45
32 1
32 3
32 19
32 20
32 29
32 32
32 37
32 44
32 48
32 51
32 52
32 62
33 1
33 16
33 21
33 24
34 25
34 31
36 31
36 35
36 40
36 59
36 67
36 68
36 71
36 73
36 77
36 82
36 87
36 89
36 95
36 100
36 106
36 108
36 112
36 115
36 118
36 128
36 131
36 132
36 135
36 148
36 152
36 165
36 167
36 176
36 179
36 183
36 213
36 218
36 228
36 231
36 237
38 3
39 15
39 16
39 20
39 23
39 33
39 39
39 44
39 47
39 49
40 30
40 33
40 36
40 172
40 183
40 185
40 192
40 207
40 219
40 225
40 227
40 230
40 232
40 233
40 237
40 248
40 262
40 263
40 291
40 292
42 43
42 46
42 62
42 63
42 72
42 73
42 86
42 109
42 110
42 113
42 116
42 118
42 119
42 123
42 128
42 130
42 139
43 114
43 116
43 132
44 6
44 11
44 31
45 13
45 14
45 24
45 26
45 28
46 10
46 12
46 15
48 15
48 18
48 21
48 25
48 28
48 34
48 44
48 46
48 52
49 1
49 12
49 35
49 40
49 47
49 49
49 53
49 54
51 1
51 3
51 75
52 7
52 9
52 11
52 15
52 145
52 160
52 165
52 170
52 172
52 173
53 4
53 6
53 8
53 14
53 15
53 32
56 8
56 9
56 35
56 36
56 43
60 11
60 26
60 27
60 32
60 34
60 35
60 37
60 45
60 48
61 10
61 16
61 30
61 39
61 41
61 47
61 50
62 3
62 14
62 18
62 20
62 22
62 25
62 26
62 34
62 49
62 71
62 81
62 88
62 92
62 94
62 97
62 102
62 126
62 138
62 189
62 192
62 193
64 20
64 25
64 27
65 3
65 4
65 14
65 19
66 9
66 14
66 22
66 33
66 72
68 5
68 6
68 10
69 9
69 11
70 4
70 14
70 20
70 23
71 15
71 26
71 33
71 34
71 49
71 51
71 56
71 57
71 66
71 78
71 79
71 81
71 87
71 91
71 94
71 108
71 115
71 118
71 129
71 134
71 135
71 136
72 2
72 5
72 6
72 11
72 17
72 18
72 20
72 21
72 26
74 12
74 14
74 17
74 30
74 31
74 34
74 35
74 39
74 43
75 37
75 39
75 48
75 50
75 54
75 56
75 68
75 73
75 80
75 86
75 88
75 95
75 96
75 101
75 109
77 24
77 30
77 35
77 48
77 50
77 55
77 76
77 97
77 99
77 113
77 114
77 116
77 117
77 127
77 131
77 133
77 140
78 2
78 14
78 36
78 37
78 59
78 69
78 72
78 79
78 82
78 83
78 84
78 96
79 5
79 8
79 10
79 11
79 15
79 17
79 23
81 40
81 48
81 49
81 51
81 54
81 57
81 63
81 71
81 76
81 80
81 82
82 1
82 2
82 4
82 27
82 38
83 1
83 11
83 17
83 22
83 25
83 28
83 30
83 31
83 34
83 77
83 94
83 96
83 100
83 107
83 109
83 110
83 111
83 114
83 140
83 141
83 142
83 149
83 150
83 154
83 156
83 160
84 5
84 13
84 15
84 20
84 26
84 28
84 33
84 39
84 64
84 73
84 83
84 84
84 85
84 175
84 186
84 194
84 199
85 14
85 31
85 33
85 34
85 35
85 41
85 44
85 46
85 50
85 54
85 67
86 2
86 22
87 58
87 76
87 81
87 89
87 90
87 121
87 124
87 127
87 128
87 131
87 135
87 137
87 138
88 6
88 7
88 8
88 10
88 12
88 16
88 20
88 29
88 34
88 39
88 54
88 55
88 56
88 57
88 60
88 63
88 67
88 73
88 74
88 75
88 76
88 81
88 82
88 85
88 87
91 1
91 4
91 6
91 7
92 110
92 113
92 121
92 130
92 132
92 148
94 10
94 14
94 16
94 22
94 37
94 40
95 58
95 63
95 70
95 75
95 76
95 82
95 88
95 98
95 103
95 120
95 124
95 125
95 128
96 1
96 3
96 10
96 17
96 19
96 35
96 53
96 63
96 70
96 77
96 81
96 85
96 87
96 93
96 97
96 109
97 1
97 13
97 15
98 44
98 50
98 53
98 59
98 64
98 67
98 73
98 78
98 81
98 84
98 85
98 88
98 105
98 111
98 114
98 115
98 117
98 120
98 121
98 122
98 136
98 144
98 274
98 276
98 289
99 9
99 10
99 17
99 22
99 23
99 24
99 33
99 39
99 45
99 66
99 70
99 74
99 75
99 77
99 82
99 103
99 104
99 107
99 109
99 110
99 111
99 121
99 124
99 126
100 13
100 22
101 27
101 40
101 47
101 61
101 62
101 65
101 67
101 74
101 77
102 5
102 6
102 9
102 19
102 25
102 31
102 35
102 38
102 48
102 59
103 7
103 12
103 13
103 15
103 23
103 27
103 33
103 34
104 18
104 21
104 27
104 28
104 30
104 31
104 35
105 20
105 22
105 39
105 47
105 50
105 53
105 59
105 60
105 61
105 64
105 67
105 74
106 1
106 6
106 7
106 10
106 17
106 25
106 26
106 30
107 3
107 16
107 20
107 22
109 40
109 48
109 55
109 58
109 60
109 61
109 63
109 69
109 74
109 77
109 79
109 80
109 86
109 89
109 104
109 117
109 120
109 124
109 125
109 126
109 130
109 135
109 140
109 145
109 148
109 156
109 158
109 166
109 171
109 179
109 184
109 185
109 193
110 1
110 3
110 4
110 9
110 18
110 107
110 115
110 119
110 130
110 138
111 4
111 18
111 24
111 30
111 32
111 34
111 38
111 39
111 47
111 73
111 85
111 103
111 104
111 108
111 112
111 115
111 118
111 123
111 124
111 126
111 138
111 149
111 150
111 155
111 167
111 179
111 181
111 192
111 194
112 2
113 3
113 12
113 13
113 15
113 24
113 30
113 31
113 33
113 57
114 7
115 135
115 136
115 146
115 148
115 149
115 163
115 165
115 174
115 178
115 180
115 182
115 186
115 188
119 31
119 32
119 37
119 38
119 39
119 42
119 48
119 49
119 59
119 60
119 71
119 81
119 83
119 86
119 87
119 104
119 117
119 120
119 124
119 131
119 136
119 141
119 147
119 152
119 154
119 157
119 158
119 166
119 167
119 168
119 228
119 231
119 242
119 246
119 247
119 249
119 264
120 40
120 49
120 51
120 56
121 14
121 18
121 20
121 31
122 3
122 16
122 22
122 27
122 44
