1 3
1 8
1 15
1 27
1 28
1 40
1 45
1 49
1 62
1 63
1 66
1 77
1 80
1 82
1 83
1 86
1 88
1 99
1 106
1 116
1 249
1 250
1 262
1 263
1 264
1 268
1 269
1 281
2 41
2 43
2 51
2 53
2 182
2 187
2 190
2 192
2 204
2 205
4 1
4 4
4 14
5 12
6 1
6 11
6 12
6 18
7 4
7 9
7 11
7 18
7 26
7 42
7 44
7 46
9 6
9 14
9 23
9 24
9 29
9 30
9 33
9 35
9 39
9 42
9 55
9 57
9 69
9 71
9 85
10 2
10 6
10 8
10 9
10 10
10 18
10 25
10 26
10 27
10 51
10 54
10 55
10 56
10 60
10 90
10 222
10 230
10 234
10 260
10 264
10 272
10 274
11 15
11 17
11 36
11 43
11 57
11 59
11 61
11 63
11 68
11 69
12 36
12 38
12 39
12 75
12 80
12 92
12 93
12 95
13 5
13 21
14 1
14 10
14 11
14 13
14 18
14 23
14 24
14 28
14 30
14 35
15 3
16 3
16 30
16 31
16 32
16 34
16 37
17 3
17 9
17 12
17 15
17 17
17 19
18 26
18 30
18 35
18 37
18 43
18 47
18 57
18 62
18 69
18 79
18 81
19 16
19 17
19 21
19 22
19 25
19 33
19 77
20 32
20 35
20 36
20 38
20 39
20 62
20 63
20 66
20 69
21 98
21 122
21 127
21 128
21 143
21 145
21 154
21 158
21 161
21 172
21 176
21 178
22 3
22 4
22 8
22 9
22 13
22 15
22 20
22 23
22 24
22 26
22 32
22 37
22 59
22 63
22 65
22 71
22 95
22 97
22 115
22 125
22 131
22 135
22 139
22 146
22 147
22 163
22 164
22 172
22 183
22 187
22 188
22 190
22 202
22 208
22 211
22 224
22 228
22 231
22 260
22 262
22 266
22 281
22 331
22 341
22 343
22 351
22 353
22 354
22 360
22 365
22 366
22 373
24 18
24 41
24 42
24 48
24 52
24 60
24 62
24 70
24 81
24 85
25 3
25 6
25 11
25 133
26 1
26 13
26 20
26 24
26 25
26 30
26 32
26 37
26 38
26 39
26 55
26 57
26 60
26 70
26 71
26 73
26 76
26 83
26 88
26 95
26 97
26 100
26 102
27 4
27 16
28 5
28 7
28 22
28 29
28 36
28 44
28 47
28 48
28 54
28 57
28 62
28 75
28 77
28 78
28 83
28 85
28 89
29 2
29 16
29 22
29 41
29 53
29 56
29 60
29 65
29 67
30 43
30 45
30 46
30 53
30 55
30 66
30 74
30 75
30 80
30 87
30 90
30 94
30 109
31 3
31 16
31 23
31 28
31 29
31 51
31 52
31 60
31 62
31 63
31 67
31 71
31 74
31 84
31 112
31 120
31 122
31 127
31 129
31 133
32 4
32 11
32 38
33 5
35 1
35 26
35 28
35 30
35 31
36 12
36 14
37 11
37 14
37 18
37 24
37 28
37 49
37 50
37 51
37 56
37 58
37 63
37 64
37 67
37 68
37 75
39 3
39 11
39 16
39 18
39 19
39 27
39 42
39 51
39 54
39 59
39 61
39 63
39 71
39 149
39 153
39 164
39 169
41 3
41 9
41 12
41 24
41 34
41 45
41 51
41 57
41 59
42 2
42 8
42 14
42 23
42 25
42 27
42 34
42 37
42 38
43 7
44 7
44 8
44 19
44 20
44 25
44 31
44 32
44 40
44 44
44 45
44 46
44 71
44 73
44 84
44 85
44 89
44 99
44 113
44 114
44 115
44 117
44 120
44 122
44 216
45 3
46 3
46 5
46 14
46 59
47 2
47 3
47 13
47 16
47 19
47 21
47 29
47 37
47 41
47 48
47 49
47 54
49 1
49 10
49 18
49 21
49 23
49 32
49 39
49 63
50 17
50 18
50 21
50 24
50 30
51 3
51 5
51 9
51 19
51 28
51 30
51 44
51 48
51 55
51 66
51 70
51 74
52 15
52 21
52 22
52 24
56 54
56 59
56 67
56 68
57 7
57 8
57 14
57 19
57 24
58 5
58 11
58 13
58 24
58 57
58 60
58 61
58 87
58 90
58 91
58 97
58 102
58 119
58 120
58 122
58 130
58 135
58 137
58 138
58 140
58 158
58 166
58 171
58 175
58 180
58 183
58 226
58 227
58 242
58 246
59 3
59 15
59 95
59 96
59 98
59 103
59 110
61 15
61 17
61 19
61 22
61 49
64 10
64 12
64 15
64 25
64 27
64 28
64 31
64 33
64 37
64 52
64 55
64 60
64 61
66 29
66 32
66 34
66 36
66 55
66 66
66 76
66 78
66 104
67 3
67 10
67 24
67 29
67 30
67 37
67 42
67 54
67 58
67 63
67 65
67 68
67 71
67 77
67 89
67 94
67 101
67 103
67 122
67 125
67 128
67 129
67 133
67 135
67 137
67 139
69 4
69 10
69 12
69 14
69 16
69 18
69 19
69 20
69 24
69 43
69 44
69 52
69 53
69 59
69 61
70 1
70 9
70 11
70 22
70 27
70 41
70 43
71 2
71 11
71 141
71 142
71 147
71 148
71 164
71 168
71 170
71 175
72 5
72 13
72 15
73 3
74 98
74 99
74 108
74 117
74 124
74 128
75 4
75 5
75 10
75 15
76 5
76 6
76 9
77 1
77 4
77 20
79 48
80 70
80 77
80 82
80 87
81 19
81 28
82 2
82 8
82 19
82 23
82 34
82 41
82 43
82 45
82 46
82 48
82 49
82 51
82 83
82 84
82 86
82 87
82 88
82 95
82 99
82 100
82 105
82 123
82 129
82 131
82 133
82 141
82 142
82 154
82 155
82 159
82 169
82 177
82 182
82 188
82 196
82 206
82 207
82 209
82 214
82 217
82 222
82 225
82 229
82 230
82 248
82 251
82 252
82 380
82 384
82 406
82 409
82 412
85 83
85 87
85 111
85 115
85 121
85 129
85 134
85 138
85 141
85 147
85 148
85 150
85 156
86 5
86 52
86 55
86 62
86 188
86 200
86 202
86 210
86 211
86 226
88 19
88 30
88 33
88 34
88 37
88 55
88 57
88 61
88 62
88 63
88 72
88 83
88 84
88 90
88 92
88 102
88 104
88 109
88 116
88 123
88 124
88 127
88 142
88 144
91 20
91 21
91 23
91 24
94 4
94 9
94 10
94 16
94 22
94 34
94 39
94 46
94 49
94 50
94 51
94 53
94 54
94 55
94 56
94 58
94 60
94 67
94 73
95 34
95 35
95 39
95 41
96 8
96 12
96 13
96 17
96 18
96 24
96 30
96 33
96 34
96 35
96 37
96 38
96 39
96 44
96 50
96 51
97 1
97 3
97 5
97 55
97 59
97 65
97 68
97 81
97 96
97 99
98 13
98 16
98 27
98 28
98 38
98 41
98 43
98 53
98 54
99 5
99 23
99 31
99 33
99 35
99 41
99 43
99 50
99 54
99 55
99 57
100 10
100 14
100 23
100 24
100 26
100 27
100 29
101 12
101 23
101 26
101 30
101 34
101 36
101 42
101 54
101 55
101 69
102 1
102 36
102 41
102 42
102 55
102 74
102 91
102 95
102 98
102 99
102 111
102 113
102 116
102 132
102 135
102 136
102 155
102 163
102 173
102 179
102 182
102 292
102 296
103 16
103 19
103 26
103 33
103 34
103 37
103 38
103 44
103 52
103 56
103 58
103 85
103 95
104 1
104 11
104 14
106 4
107 2
107 6
107 18
107 154
107 155
107 161
107 163
107 168
107 174
107 176
107 177
107 179
107 201
107 203
107 207
107 208
107 211
107 212
107 215
108 2
108 8
108 54
108 70
108 73
108 105
108 115
108 117
110 28
110 34
110 45
110 50
110 62
110 75
110 77
110 78
110 90
110 98
110 103
110 109
110 114
110 115
111 4
111 7
111 10
111 15
111 42
111 47
111 48
111 56
111 59
112 13
112 14
112 19
112 30
112 33
113 2
113 14
113 15
113 22
113 25
113 31
113 34
113 38
113 41
113 44
113 48
113 49
113 60
113 70
113 71
113 92
113 93
113 94
113 96
113 123
114 3
114 6
114 14
114 18
114 22
114 26
114 29
114 36
115 5
