1 1
1 5
2 3
2 7
3 3
3 6
3 19
3 20
3 24
3 29
3 35
3 39
3 44
3 48
3 80
4 7
4 8
4 16
4 19
4 20
4 37
5 5
5 7
5 8
5 12
6 4
6 5
6 11
6 21
6 26
6 34
6 41
6 54
6 84
6 89
6 90
6 93
6 102
6 106
6 114
6 120
6 137
6 146
6 148
6 154
6 164
6 180
6 190
6 194
6 202
6 204
6 205
6 210
6 212
6 217
6 220
6 228
6 231
6 244
6 246
6 256
8 45
8 53
8 54
8 58
8 66
8 67
8 84
8 85
8 95
8 100
8 104
8 115
8 116
8 119
8 134
8 139
8 143
8 151
8 157
8 164
8 172
8 175
8 177
8 182
8 193
8 197
8 204
8 308
8 314
8 328
8 330
8 336
9 2
9 23
9 27
9 30
9 32
9 35
9 40
9 42
9 46
10 1
10 4
10 6
10 9
10 13
10 14
10 21
10 22
10 27
10 30
10 33
10 37
10 40
10 42
10 53
10 59
10 60
10 69
10 73
10 74
10 78
10 86
10 102
10 111
10 112
10 113
10 114
10 116
10 131
10 135
10 138
10 142
10 145
10 151
10 155
10 157
10 163
10 298
10 299
10 304
10 316
10 321
11 2
11 8
11 18
11 22
11 25
11 28
11 33
12 4
12 10
12 24
12 25
12 28
12 31
13 65
13 66
13 74
13 76
13 77
13 78
13 88
13 91
14 9
14 10
14 12
14 16
14 33
14 36
14 47
14 52
15 12
15 18
16 1
16 2
16 4
16 6
16 8
16 14
16 31
16 45
16 62
16 63
16 66
16 70
16 79
16 101
16 104
16 114
16 116
16 125
16 130
16 139
16 149
16 153
16 155
16 161
16 163
16 171
16 180
16 183
16 191
16 192
16 204
16 206
16 212
16 238
17 4
17 9
17 17
17 22
17 31
17 34
18 10
18 12
18 13
18 26
18 43
18 44
18 55
18 75
18 83
18 84
18 86
18 89
18 90
18 99
18 100
18 104
19 3
19 5
19 10
20 4
20 8
20 10
20 11
20 14
20 22
20 28
20 29
21 1
21 10
21 12
21 17
21 24
22 20
22 67
22 68
22 75
22 76
22 78
22 81
22 84
22 90
24 1
24 7
26 40
26 49
26 50
26 56
26 60
26 65
26 77
26 80
26 89
26 94
26 99
26 101
26 105
26 114
26 117
26 119
27 1
27 5
27 9
27 18
27 30
27 37
27 43
27 45
27 46
27 48
27 49
27 54
27 55
27 58
27 80
27 88
27 111
27 125
27 127
27 129
27 136
27 138
27 140
27 146
27 148
27 152
27 158
27 159
27 166
27 168
27 174
27 175
27 177
27 184
27 188
27 195
27 198
27 205
27 206
27 214
27 216
27 219
27 224
28 33
28 38
28 49
29 43
29 46
31 7
31 9
31 21
31 60
31 62
31 63
31 64
31 66
31 71
31 78
31 104
31 119
31 126
31 128
31 134
31 142
31 143
31 149
31 152
31 155
31 162
31 165
31 169
31 177
31 178
31 179
32 4
32 9
32 19
32 21
33 15
33 17
33 21
33 31
33 34
33 36
33 41
34 3
34 13
34 16
35 7
35 8
35 34
35 36
35 40
35 41
35 52
35 66
35 70
35 71
35 102
35 105
35 108
35 110
35 117
35 118
35 125
35 318
35 321
35 325
35 353
35 370
35 377
35 378
35 379
35 399
36 68
36 70
36 76
36 88
38 83
38 86
38 87
38 95
38 96
38 97
38 106
38 129
38 132
38 135
38 141
38 147
38 149
38 151
38 160
38 163
38 165
38 207
38 225
38 234
38 237
38 241
38 297
38 303
38 307
38 310
38 312
38 318
38 334
38 340
38 343
38 357
38 361
38 376
38 385
38 387
38 389
38 397
38 406
38 411
38 413
38 417
38 426
38 450
38 457
38 465
38 467
38 472
38 484
38 485
38 488
38 493
38 504
38 512
38 519
38 526
38 539
38 550
38 552
38 557
38 560
38 567
38 581
38 587
38 590
38 593
38 595
39 6
40 43
41 20
41 30
41 34
41 38
41 46
41 47
41 50
41 59
42 2
42 6
42 7
42 16
42 21
42 37
42 38
42 40
42 41
42 46
42 50
42 55
42 61
42 127
42 133
42 134
42 135
42 143
42 148
42 163
42 164
42 173
43 3
43 6
43 7
44 5
44 11
45 9
45 13
45 17
45 18
45 37
45 42
45 43
46 6
46 8
46 9
46 18
46 19
46 27
46 28
46 33
46 34
46 35
46 41
46 44
46 50
46 54
46 61
46 62
48 1
48 4
48 14
48 56
48 63
48 70
48 85
48 86
48 89
48 91
48 95
48 101
48 132
48 133
48 135
48 139
48 146
48 156
48 159
48 168
48 178
48 179
48 185
48 187
48 188
48 190
48 195
48 203
50 19
50 20
50 30
50 38
50 46
50 60
51 54
51 62
52 6
52 7
52 11
52 14
52 17
52 26
52 46
53 84
53 92
53 111
53 132
53 137
53 143
53 144
53 149
53 158
54 8
54 9
54 11
54 19
54 20
54 22
54 27
54 28
54 30
54 31
54 38
54 53
54 69
54 93
54 101
55 100
55 112
55 119
55 121
55 133
55 139
55 140
55 146
55 147
55 148
55 150
55 151
55 154
56 1
56 4
56 10
56 141
56 143
56 151
56 152
56 155
57 2
58 12
58 13
58 15
58 23
58 29
58 38
58 42
58 43
58 49
58 65
58 87
58 104
58 111
58 122
58 125
58 132
58 140
58 144
58 145
58 161
58 167
58 180
58 184
58 190
59 10
59 13
59 17
59 24
59 39
59 49
59 58
59 67
60 7
60 11
60 15
60 17
61 5
61 14
61 15
61 18
61 26
61 28
61 35
62 2
62 9
62 11
62 27
62 34
62 40
62 70
62 71
62 78
62 83
62 85
62 94
62 98
62 103
63 4
63 9
63 16
63 23
64 2
64 4
65 1
65 12
65 22
65 25
65 28
66 51
66 53
66 60
66 66
66 69
66 79
66 100
66 103
66 106
66 107
66 113
66 118
66 123
66 125
66 130
66 135
66 142
66 143
66 149
66 152
66 153
66 158
66 159
66 164
66 169
66 180
66 183
66 184
66 188
66 201
67 3
67 10
67 11
67 22
67 27
67 29
67 36
67 37
67 51
67 57
68 1
68 7
72 21
72 22
72 30
72 31
72 34
72 46
72 47
72 50
72 53
72 62
72 70
73 4
73 14
73 15
73 23
73 24
73 30
73 31
73 42
73 48
73 66
73 69
73 77
73 88
73 102
73 105
76 17
76 24
76 25
76 43
76 46
77 5
77 7
77 12
77 28
79 7
79 9
79 140
79 151
79 152
79 159
79 193
79 194
80 10
80 16
81 10
82 3
82 5
82 8
82 11
82 12
82 14
82 16
82 31
82 36
83 26
83 27
83 29
83 30
83 32
83 39
83 41
83 47
83 48
83 58
84 61
84 64
84 70
84 71
84 72
84 73
84 75
84 83
84 120
84 123
84 126
84 127
84 133
84 136
84 141
84 142
84 143
84 144
84 145
84 148
84 170
84 174
84 175
84 181
84 193
84 194
84 195
84 205
84 209
84 215
84 216
84 228
84 231
84 233
84 234
84 238
84 241
84 245
84 246
84 247
84 264
84 266
84 267
84 268
84 282
84 283
84 298
84 299
84 306
84 307
84 309
84 313
84 315
84 316
84 323
84 328
84 351
84 357
84 374
84 375
85 8
85 12
85 14
86 1
86 2
86 4
86 12
86 17
86 22
86 26
86 33
86 48
86 51
86 54
86 68
86 69
87 6
87 20
87 34
87 52
87 55
87 60
87 72
87 78
88 12
88 20
88 30
88 38
88 48
88 49
88 54
88 59
88 60
88 61
88 71
88 77
88 78
88 83
88 84
88 86
88 91
89 62
89 83
89 104
89 123
89 126
89 129
89 132
89 149
89 156
89 161
89 163
89 166
89 171
89 176
89 179
89 184
89 195
89 203
89 212
89 231
89 243
89 244
89 253
89 254
89 261
89 264
89 266
89 387
89 391
89 397
90 79
90 81
90 84
90 88
90 94
90 98
90 109
90 111
90 123
90 145
90 146
90 150
90 155
90 156
90 162
90 171
90 182
90 183
90 194
90 196
90 204
90 206
90 212
90 213
90 215
90 223
90 228
90 235
90 286
90 303
91 1
91 8
91 10
91 12
91 16
91 18
91 20
91 24
91 26
91 49
91 67
91 69
91 73
92 16
92 29
92 33
93 9
93 24
93 31
93 32
93 39
93 42
93 43
93 50
93 63
93 64
93 67
93 68
93 71
93 77
94 5
94 19
94 29
94 32
94 42
94 43
94 109
94 117
94 122
94 133
94 135
94 149
94 156
94 157
94 279
94 280
94 283
94 285
94 286
94 294
94 297
94 301
94 308
94 309
94 310
94 313
94 324
94 359
94 360
94 362
94 367
94 372
94 381
94 382
94 385
94 391
94 406
94 408
94 419
94 420
94 421
94 436
94 441
94 444
94 448
94 451
94 462
94 465
94 470
94 474
94 481
95 4
95 7
95 12
95 13
95 21
95 24
95 30
95 41
95 43
95 44
95 45
95 46
95 48
95 50
95 52
95 60
96 19
96 31
96 46
96 52
97 2
97 3
97 15
97 17
97 28
97 29
97 33
97 36
97 40
97 41
97 53
97 61
97 65
