1 12
1 13
1 15
1 20
1 25
1 37
2 1
3 48
3 58
3 63
3 65
3 69
3 72
3 76
4 4
4 14
4 17
4 20
4 37
4 41
4 56
4 59
4 60
4 64
4 65
4 71
4 74
4 76
4 111
4 113
4 126
4 136
4 138
4 145
4 148
4 152
4 153
4 169
4 182
5 13
6 14
6 15
6 21
6 23
6 29
6 33
6 40
8 62
9 12
9 17
9 37
9 54
9 57
9 58
9 75
9 77
11 2
12 4
12 8
12 20
13 7
13 10
13 43
14 1
14 19
14 30
14 31
14 37
14 38
14 44
14 48
14 52
15 8
15 12
15 19
15 27
15 29
15 30
15 37
15 41
15 56
15 63
15 66
15 69
15 73
15 75
15 77
15 78
15 81
15 84
15 105
15 108
15 113
16 6
16 18
16 21
17 3
17 5
19 97
19 102
19 123
19 124
19 139
19 140
19 157
19 168
19 172
19 191
19 192
19 202
19 209
20 1
20 5
20 7
20 8
20 11
20 15
20 25
20 35
20 47
20 51
20 52
20 55
20 57
20 59
20 76
20 84
22 4
22 6
22 8
23 5
23 6
23 15
23 16
23 33
23 34
23 36
23 37
23 39
23 40
23 50
23 53
23 61
23 63
23 69
26 133
26 139
26 147
26 148
26 149
26 151
26 166
26 173
28 76
28 77
28 80
28 93
28 109
28 113
28 121
28 124
28 130
28 140
28 141
28 150
28 156
28 163
28 164
28 167
28 174
29 6
29 7
29 11
29 19
29 23
29 24
29 104
29 107
29 112
29 114
29 125
29 126
29 130
30 2
30 16
30 23
31 2
31 6
31 10
31 11
32 6
32 17
32 23
32 26
32 27
32 30
32 31
32 43
32 44
32 47
32 49
34 104
34 109
34 112
34 115
34 120
34 121
34 131
34 133
35 2
35 6
35 7
35 12
35 25
35 37
35 38
36 1
36 4
36 8
36 10
36 20
36 22
36 26
36 31
36 37
36 39
36 40
36 41
36 42
36 47
36 50
36 52
36 68
36 73
36 78
36 88
36 95
36 106
36 111
36 130
36 137
36 185
36 194
36 201
37 31
37 33
37 39
37 42
37 51
37 107
38 4
38 11
39 7
40 1
40 7
40 14
40 19
40 23
41 74
41 165
41 170
41 171
41 174
42 50
42 53
42 58
42 66
42 69
42 75
42 87
42 95
43 1
45 1
45 6
45 8
45 20
45 22
45 29
46 1
46 12
46 19
46 23
46 25
46 32
46 37
46 42
46 46
46 50
46 51
47 1
47 6
47 22
47 34
47 36
47 40
47 41
47 42
47 43
47 44
47 47
48 5
48 11
48 15
48 17
48 19
48 20
48 28
48 30
48 33
48 38
48 64
48 68
48 71
48 77
48 95
48 100
48 117
48 124
48 127
48 161
48 162
48 163
48 171
48 172
49 1
50 16
50 17
50 29
50 38
50 41
50 43
50 50
50 54
50 60
50 63
50 66
51 1
51 2
51 14
51 54
51 56
51 59
51 60
51 64
51 136
51 139
51 145
51 158
51 171
51 172
52 2
53 6
53 14
56 93
56 98
56 99
56 110
56 114
56 117
57 4
57 9
57 10
58 9
58 12
58 15
58 21
58 25
58 28
58 39
59 9
59 11
59 21
59 28
59 31
59 32
60 1
60 3
60 5
60 10
60 14
60 15
60 25
60 27
60 31
60 167
60 183
60 199
60 205
60 211
60 217
60 220
60 224
60 231
60 245
60 246
63 70
63 87
63 89
63 93
63 94
64 3
64 11
64 12
64 13
64 14
64 25
64 48
64 56
64 61
64 65
64 71
64 128
64 133
64 145
64 147
64 155
65 6
65 7
65 19
65 29
65 44
65 45
65 46
65 47
65 53
65 66
67 11
67 13
67 29
67 30
67 31
67 32
67 34
67 40
67 51
67 60
67 65
67 78
67 79
67 90
67 92
67 94
67 109
67 246
67 250
67 254
67 255
67 282
67 290
67 293
71 3
71 7
71 8
71 12
71 14
71 19
71 20
71 23
71 24
71 25
71 33
71 53
71 54
71 59
71 64
72 5
72 11
72 13
72 21
72 29
72 35
72 36
72 41
72 42
72 45
72 47
72 64
72 80
72 85
72 88
73 1
73 5
73 6
73 13
73 17
73 21
73 23
73 25
73 26
73 31
73 35
73 38
73 40
73 44
73 52
73 53
74 11
74 25
74 32
74 33
74 35
74 53
74 57
74 59
74 82
75 4
75 9
76 2
77 62
77 66
77 69
77 115
77 121
77 123
77 128
77 141
77 143
77 145
77 149
77 153
77 159
77 171
78 9
78 14
78 26
78 28
78 29
78 32
78 39
80 41
80 47
80 66
80 68
80 70
81 69
81 70
81 79
81 86
81 97
81 98
81 100
81 101
81 104
81 109
81 111
81 114
81 119
81 161
81 167
81 178
81 179
81 181
81 183
81 187
81 195
81 197
81 198
81 215
81 220
81 237
81 241
81 245
81 246
81 249
81 254
81 259
81 274
81 275
81 278
81 280
82 28
82 45
83 4
83 5
83 10
83 14
84 2
87 61
87 67
87 68
87 70
87 71
87 75
87 77
87 84
87 88
87 90
88 78
88 82
88 87
88 91
88 168
88 170
88 180
88 184
88 186
88 187
88 190
88 195
88 198
89 1
89 6
89 9
89 12
89 13
89 26
89 29
89 32
89 38
89 87
89 90
89 91
89 94
89 95
89 97
89 104
89 113
89 121
89 123
89 129
89 130
89 137
89 142
89 150
89 153
89 154
89 159
89 163
89 167
89 177
89 181
89 185
89 281
89 282
89 288
89 296
89 297
89 302
89 306
89 312
89 322
89 323
89 335
89 347
89 350
89 354
89 356
89 363
90 39
90 42
90 45
90 53
92 1
92 9
92 36
92 38
92 45
92 52
92 56
92 67
92 72
92 81
92 83
95 21
95 25
95 27
95 31
95 35
95 48
95 49
95 53
95 61
95 84
95 85
95 108
95 110
95 111
96 3
96 20
96 22
96 30
96 31
96 40
96 43
96 46
96 48
96 52
96 58
96 59
96 61
96 70
96 72
96 86
96 104
96 109
97 7
97 16
97 20
97 22
97 47
97 52
97 54
97 55
97 57
97 59
97 72
98 8
98 12
98 16
98 17
98 19
98 20
98 21
98 25
98 26
98 31
98 35
98 37
98 43
98 44
98 47
98 72
98 74
98 75
98 82
98 84
98 87
98 92
98 93
98 94
98 105
98 106
98 116
99 6
99 11
99 12
99 20
99 29
100 3
100 7
100 10
100 12
100 14
100 15
100 21
100 31
100 42
100 45
100 52
100 54
100 66
100 69
101 13
101 23
101 26
101 27
101 41
101 42
101 43
101 52
101 57
103 35
103 41
103 50
103 57
103 58
103 71
103 74
103 80
103 82
103 87
103 93
103 146
103 147
103 152
103 171
103 173
103 175
105 37
105 47
105 49
105 50
105 52
105 62
105 70
105 73
105 76
105 78
107 41
107 43
107 50
107 54
107 56
107 94
107 97
107 99
108 67
108 72
108 75
108 86
108 88
108 89
108 92
109 1
109 2
109 4
109 10
109 12
109 15
109 16
109 30
109 38
109 39
109 41
109 44
109 61
109 62
109 64
109 67
109 89
109 94
109 98
109 99
109 117
109 119
109 120
109 121
109 132
109 138
109 141
109 142
109 146
109 147
109 161
109 162
109 164
109 173
109 176
109 179
109 182
109 192
109 196
109 200
109 207
109 247
110 2
113 12
113 23
113 26
113 28
113 49
113 60
114 5
114 26
114 29
114 31
114 33
114 37
114 51
115 1
115 7
116 4
116 7
116 9
116 11
116 12
117 1
117 4
117 9
117 46
117 47
118 46
118 85
118 91
118 100
119 1
119 5
119 17
119 29
119 30
