1 1
1 3
1 4
1 14
1 22
1 23
1 26
1 54
1 57
1 63
1 65
2 66
3 10
3 29
3 34
3 36
3 54
3 56
3 62
3 73
3 93
3 100
3 101
3 106
3 107
3 115
3 124
3 149
3 150
3 165
3 169
3 172
3 180
3 184
3 190
3 214
3 221
3 222
3 225
3 226
3 230
3 235
3 247
3 250
3 251
3 256
3 264
3 270
3 272
4 4
4 5
4 6
4 10
4 12
4 21
4 22
4 47
4 48
4 51
4 59
4 62
4 64
4 65
4 73
4 75
4 104
4 112
4 113
4 114
4 119
4 148
4 156
5 28
5 29
5 32
5 37
5 44
5 45
6 6
6 15
6 23
6 50
6 55
6 58
6 118
6 120
6 144
6 156
9 8
9 12
9 13
9 19
9 24
9 27
9 30
9 37
9 42
9 46
10 33
10 35
10 37
10 40
10 45
10 88
10 96
10 102
10 104
10 107
10 114
10 115
10 124
10 125
10 131
10 136
10 143
10 148
10 150
10 154
11 1
11 3
11 7
11 8
11 10
11 11
11 21
11 25
11 26
11 27
11 28
11 31
11 36
11 40
11 51
11 175
11 176
11 188
11 189
11 195
11 200
11 211
11 222
11 224
11 226
12 2
12 10
12 14
12 16
12 32
12 47
12 50
12 54
12 56
12 60
15 8
15 12
15 26
15 37
15 38
15 45
15 55
15 61
15 66
15 69
15 72
15 80
15 83
15 86
15 96
15 110
15 112
15 113
15 116
15 118
16 50
16 52
16 59
17 2
17 6
17 13
17 110
17 112
18 1
18 5
18 13
18 28
18 29
18 51
18 59
18 61
18 64
18 65
18 70
18 78
18 83
18 92
18 93
18 94
18 97
18 120
18 124
18 127
20 11
20 24
20 25
20 26
20 45
20 47
20 56
20 60
20 69
20 71
20 73
20 81
20 93
20 94
20 98
21 64
21 81
21 82
21 84
21 88
22 1
22 5
22 9
22 10
22 16
23 13
23 14
23 17
23 18
23 22
23 26
23 27
23 31
23 32
23 36
23 45
23 49
23 63
23 65
23 68
23 73
23 74
23 77
23 81
23 88
23 90
23 93
23 97
23 98
23 103
23 109
23 110
23 118
23 124
23 126
23 129
23 132
23 139
23 140
23 143
23 147
23 151
23 155
23 157
23 159
25 2
25 12
25 23
25 26
25 28
25 29
25 72
26 5
26 10
26 11
26 13
26 59
27 6
27 10
27 19
27 105
27 111
27 142
27 144
27 166
27 171
27 174
28 3
28 5
28 6
29 12
29 21
29 22
29 25
29 29
29 33
29 38
29 39
29 42
29 54
29 55
29 78
29 87
29 95
29 103
29 107
29 108
29 112
29 114
29 117
29 118
29 129
29 132
29 135
29 147
29 211
29 276
29 286
31 13
31 18
31 20
31 28
31 32
31 34
31 38
31 46
31 48
31 60
31 65
31 73
31 76
31 84
31 92
32 2
32 14
32 27
32 32
32 41
32 43
32 44
32 52
32 56
33 1
33 7
33 12
33 16
33 17
33 30
33 32
34 6
36 1
36 9
36 20
36 24
36 33
36 41
36 47
36 55
36 76
36 77
36 83
36 84
36 88
36 101
36 119
36 121
36 139
36 142
36 144
36 145
36 152
36 159
36 164
36 165
36 173
36 177
36 188
36 203
36 204
36 210
36 213
36 225
36 228
36 238
36 239
36 240
36 241
36 253
36 397
36 398
36 406
37 3
37 7
37 9
39 82
39 85
39 102
39 114
39 115
39 119
39 121
39 127
39 130
39 140
39 142
39 146
39 276
39 277
39 278
39 281
39 284
39 286
39 308
39 313
39 316
39 342
39 345
39 351
40 8
40 34
40 39
40 42
40 80
40 112
40 116
40 125
40 130
41 55
41 73
41 79
41 85
41 99
41 101
41 111
41 112
41 127
41 131
41 133
41 135
41 145
41 152
41 160
41 168
41 170
41 179
41 186
41 187
41 190
41 193
41 197
41 198
41 199
41 204
41 214
42 2
42 10
42 15
42 17
42 20
42 25
42 26
43 2
43 5
43 9
43 20
43 26
43 47
43 67
43 75
43 77
43 79
43 80
43 82
43 93
46 41
47 131
47 132
48 6
48 9
48 28
48 29
48 58
48 65
48 69
48 70
48 72
48 76
48 81
48 89
48 133
48 227
48 228
48 233
48 234
48 240
48 255
49 53
49 66
49 69
49 81
49 82
49 84
49 89
49 93
49 94
49 98
49 109
49 122
49 127
49 132
49 135
49 142
51 20
51 86
52 1
52 123
52 129
52 138
52 141
52 146
52 149
52 150
52 152
52 153
52 159
52 162
52 164
52 166
53 14
53 18
53 24
53 27
53 30
53 35
53 37
53 38
55 15
55 21
55 39
55 47
56 1
56 5
56 7
56 11
56 14
56 15
56 25
56 27
56 29
56 32
56 36
56 37
57 9
57 12
57 16
57 28
57 29
57 33
57 35
57 41
57 49
57 61
57 65
57 67
57 70
57 80
57 81
57 266
57 271
57 273
57 274
57 282
57 293
57 297
57 307
57 308
57 311
59 21
59 22
59 25
59 28
59 39
59 47
59 50
59 54
59 65
59 67
59 69
60 30
60 39
60 43
60 48
60 52
60 54
60 57
60 60
60 89
60 95
60 102
60 110
60 166
60 170
60 173
60 179
60 189
60 193
60 196
60 321
60 322
60 325
60 330
61 22
62 8
62 9
62 11
62 23
62 24
62 37
62 42
62 44
62 45
62 49
62 50
62 51
63 4
63 13
63 15
64 2
64 11
65 4
65 11
65 15
65 21
65 22
65 24
65 27
67 55
67 101
67 104
67 178
69 4
69 8
69 9
70 21
70 22
70 28
70 32
70 39
70 50
70 53
70 54
70 63
70 64
70 69
70 78
72 19
72 20
72 22
72 23
72 25
72 26
72 42
72 47
72 48
72 57
72 64
72 65
72 70
72 71
73 3
73 10
73 38
73 39
73 45
73 54
73 61
73 66
73 67
73 69
73 76
73 80
73 83
73 84
73 88
73 99
73 104
73 105
73 113
73 114
75 16
75 20
75 21
76 2
76 17
76 18
76 23
76 24
76 32
76 62
76 66
76 74
76 76
76 78
76 82
76 84
76 91
78 3
78 9
78 11
78 51
78 54
78 61
78 62
78 67
78 68
78 75
78 76
80 31
80 37
81 6
81 21
81 25
81 32
82 48
82 49
82 59
82 60
82 68
82 82
82 92
82 180
82 191
82 197
82 200
82 227
82 234
82 248
82 258
83 82
83 89
83 102
83 108
84 3
84 16
84 21
84 22
84 23
84 24
84 27
84 34
84 40
84 111
84 226
84 227
84 241
84 242
84 252
84 267
86 5
86 11
86 18
86 23
87 62
87 87
87 113
87 115
87 117
87 120
87 130
87 133
87 138
87 139
87 140
87 142
87 151
87 152
87 161
87 164
87 170
87 174
87 179
87 186
87 189
87 195
87 209
87 217
87 220
87 239
87 259
89 91
89 92
90 8
90 19
90 35
90 37
90 42
90 45
90 46
90 48
91 2
91 15
91 16
91 23
91 24
91 40
91 41
91 56
91 62
91 198
91 210
91 214
91 219
91 381
91 383
91 384
91 386
91 390
91 394
91 395
91 396
91 407
91 411
92 51
