1 8
1 30
1 32
1 33
1 37
1 38
2 24
2 27
2 29
2 43
2 44
2 58
3 7
4 5
4 8
4 15
5 42
5 51
5 189
5 194
5 210
5 214
5 216
5 220
5 231
5 255
5 257
5 274
5 280
5 286
5 291
5 292
5 296
5 306
6 15
6 19
6 27
6 41
6 45
6 59
6 61
6 72
7 92
7 98
7 100
7 110
7 114
8 32
8 36
8 45
8 52
8 56
8 59
8 61
8 68
8 70
8 75
8 87
9 17
9 26
9 43
9 53
9 65
9 70
9 82
9 86
9 91
10 4
10 5
10 8
10 9
10 23
10 24
10 28
11 58
12 7
12 12
12 14
12 19
12 20
12 21
12 33
12 48
12 55
13 21
13 33
13 46
13 49
13 55
13 60
13 61
13 66
13 73
14 6
14 29
14 36
14 39
14 45
14 67
14 70
14 72
14 74
14 78
14 79
14 82
14 116
14 120
15 1
15 7
15 15
15 18
15 19
15 26
15 27
15 31
15 33
15 34
15 40
15 44
15 45
15 49
15 50
15 52
15 64
15 76
15 78
15 81
15 88
15 91
15 92
15 93
15 94
15 95
15 98
15 106
15 109
15 111
15 114
15 118
15 121
15 124
15 129
15 140
15 141
15 158
15 167
15 169
15 170
15 181
15 192
15 193
15 197
15 202
15 216
15 217
15 221
15 223
15 227
15 229
17 1
17 16
17 20
17 24
17 26
17 43
17 74
17 85
17 99
17 118
17 123
17 124
17 125
19 43
19 54
19 65
19 67
19 74
19 75
19 76
19 78
19 81
19 84
19 91
19 96
19 112
19 119
19 129
19 130
19 134
19 144
19 149
19 150
20 6
20 25
20 28
20 36
20 37
20 39
21 2
21 22
21 32
21 42
21 43
21 47
21 57
21 68
23 10
24 8
24 14
24 16
24 20
24 26
24 28
24 31
24 33
24 35
24 39
24 47
24 53
24 55
24 58
24 65
24 72
24 82
24 93
24 97
24 121
24 130
24 140
24 142
24 145
24 156
24 159
24 167
24 168
24 170
24 184
24 195
24 200
25 4
25 10
25 26
25 27
25 33
25 37
25 44
25 46
25 47
25 137
25 151
25 152
25 155
25 156
25 158
27 22
27 25
27 32
27 37
27 43
27 48
27 57
27 67
27 68
27 71
27 72
27 75
27 76
27 84
27 90
27 92
27 95
28 77
30 84
30 87
30 88
30 90
30 92
30 98
30 104
30 107
30 108
30 117
30 119
30 120
30 123
30 128
30 133
30 134
30 140
30 141
30 145
30 147
30 156
30 162
30 169
30 173
30 175
30 178
33 1
33 4
33 6
33 9
33 12
33 17
34 5
36 63
36 75
36 79
36 80
36 82
36 85
37 9
37 14
37 25
37 31
37 41
37 50
37 54
37 56
37 60
37 61
37 64
37 65
37 69
37 76
38 15
38 29
38 31
38 35
38 37
38 38
38 39
39 41
39 46
39 48
39 53
39 54
39 65
39 76
39 91
39 92
39 93
42 11
42 15
42 21
43 3
43 4
43 11
43 15
43 28
43 33
43 41
44 72
44 77
45 7
45 9
45 12
46 129
46 131
46 138
46 151
46 159
46 163
46 181
46 183
46 261
46 265
46 269
46 277
46 279
46 292
46 294
46 296
46 307
46 310
46 375
46 377
46 380
46 384
46 386
46 395
46 398
46 407
46 413
46 418
46 421
46 427
46 428
46 435
46 439
46 441
46 442
46 445
46 450
46 455
46 457
46 459
46 468
47 1
47 2
47 11
47 26
47 27
47 29
47 32
47 41
47 46
47 147
47 182
47 183
47 188
47 195
47 230
47 235
47 237
47 238
47 239
47 240
47 252
47 278
47 286
47 291
47 292
47 376
47 378
49 65
49 69
49 74
50 27
50 30
50 34
50 164
50 170
50 174
50 185
50 189
50 190
50 195
50 197
50 203
50 210
50 212
50 220
51 11
51 12
51 15
51 19
51 22
51 29
51 31
51 42
51 43
51 44
51 49
51 58
51 59
51 63
51 65
52 31
52 37
52 43
52 47
52 48
52 50
52 64
52 66
52 76
52 77
52 85
52 86
52 92
52 93
52 95
52 103
52 105
52 111
52 112
52 137
52 140
52 142
52 157
52 176
52 180
52 193
52 260
52 261
52 271
52 273
52 275
52 285
52 292
52 293
52 296
52 299
52 300
52 304
52 305
52 310
53 2
53 4
53 9
53 12
53 21
53 26
53 27
53 29
53 33
53 35
53 36
53 41
53 42
53 47
53 50
53 53
53 56
53 60
53 61
53 62
53 65
53 66
53 78
53 89
53 90
53 98
53 105
54 3
54 8
54 16
55 1
55 4
55 28
55 35
55 167
56 5
56 9
56 33
56 38
56 43
57 47
57 50
57 59
57 67
57 70
57 80
57 90
57 100
57 101
57 114
57 148
57 151
57 155
57 161
57 164
57 174
58 4
58 15
58 24
59 8
59 11
59 14
59 19
59 27
59 28
59 30
59 33
59 34
59 35
60 23
60 29
61 2
61 6
61 7
61 15
61 21
61 22
62 2
62 3
62 20
62 36
62 38
62 74
62 75
62 81
62 87
62 90
62 177
62 181
62 188
62 193
62 197
62 198
62 218
62 219
62 225
62 262
62 263
62 265
62 268
62 273
62 275
62 277
63 1
64 22
64 31
64 34
64 35
64 38
64 43
64 53
64 57
64 58
65 9
65 11
65 12
65 15
65 25
65 26
65 27
65 49
65 53
65 60
65 65
66 7
66 8
66 16
66 17
66 28
66 38
66 46
66 47
66 49
66 81
66 82
67 2
67 5
67 7
67 37
67 38
68 31
68 36
68 50
68 53
68 54
68 55
68 58
68 65
68 75
68 77
69 3
69 7
69 11
69 12
69 16
69 17
69 20
69 23
69 32
70 4
70 6
70 18
70 20
70 21
70 26
70 27
70 48
70 49
70 53
70 59
70 71
70 75
70 81
70 89
70 94
70 111
70 114
70 118
70 119
70 130
70 134
70 136
71 8
71 20
71 29
71 31
74 22
74 26
74 30
74 35
75 9
75 19
75 20
75 23
75 25
75 31
75 36
75 44
75 52
75 56
75 72
75 75
75 77
75 80
76 47
76 49
76 51
76 58
76 64
76 66
76 76
78 14
78 16
78 19
78 26
78 27
78 30
78 31
78 35
79 2
79 3
79 7
79 8
81 1
81 22
81 44
81 48
81 53
81 55
81 57
81 62
81 73
81 81
81 83
82 15
82 27
82 42
83 25
84 2
84 18
84 19
84 21
86 33
86 37
86 38
86 56
86 63
86 67
86 80
86 81
86 96
86 97
86 107
86 108
86 115
86 123
86 124
86 125
86 127
86 128
86 132
86 137
86 147
87 20
87 21
87 23
87 24
87 35
87 45
87 47
87 50
87 61
87 69
87 70
87 80
87 86
87 87
87 99
87 101
87 230
87 236
88 3
88 5
88 7
88 9
88 28
88 30
88 32
88 34
90 68
90 79
90 80
90 81
90 84
91 1
91 3
91 9
91 11
91 13
91 21
91 23
91 25
91 37
91 45
93 67
93 93
93 95
93 103
93 107
93 129
93 135
93 145
93 146
93 149
93 156
95 32
95 35
95 38
95 39
95 45
95 64
95 68
95 69
95 70
95 71
97 19
97 23
97 28
97 34
97 35
97 42
97 45
97 50
97 58
97 63
97 65
97 72
97 75
98 3
98 5
98 10
98 13
98 20
99 2
99 8
99 12
99 16
100 28
100 75
100 76
100 87
100 91
100 102
100 111
100 115
100 116
103 74
103 77
103 79
103 81
103 94
103 98
103 100
103 102
103 105
103 111
103 112
103 116
103 121
103 127
103 128
103 131
103 134
103 154
103 160
103 161
103 163
103 164
103 167
103 168
103 171
103 188
103 194
104 6
104 11
104 12
104 31
104 34
104 36
104 50
104 52
104 63
104 65
104 67
104 76
104 83
104 84
104 101
104 102
104 105
