1 12
1 16
1 19
1 24
2 8
2 108
2 113
2 114
2 128
2 136
2 147
2 168
2 186
2 187
2 190
3 2
3 24
3 30
3 32
3 38
3 41
3 44
3 51
3 60
3 65
3 78
3 82
3 89
3 90
3 108
4 24
5 7
5 10
5 12
5 14
5 17
5 30
5 63
6 1
6 4
8 3
8 4
8 7
8 16
8 18
8 19
8 28
8 29
8 31
8 56
8 64
8 91
8 99
8 114
8 115
8 181
8 184
8 191
8 192
8 197
8 217
8 219
8 222
8 228
8 235
8 239
8 241
8 246
8 247
8 256
8 258
8 261
8 269
9 64
9 66
9 70
9 73
9 76
9 79
9 80
9 96
9 99
9 100
9 104
9 105
9 113
9 119
9 121
9 123
9 124
9 128
9 131
9 138
9 142
9 146
9 147
9 151
9 156
9 160
9 161
9 166
9 172
9 176
9 184
9 187
9 194
9 195
9 197
9 212
9 226
9 231
9 249
9 252
9 253
9 263
9 267
9 268
9 271
9 274
9 282
9 293
9 294
9 296
9 297
9 302
9 305
9 310
9 322
9 323
9 327
9 330
9 334
9 340
9 343
11 15
11 19
11 24
11 27
11 56
11 59
11 65
11 67
11 69
11 70
11 77
11 78
11 79
11 83
11 86
11 91
11 111
11 117
11 119
11 126
11 128
11 129
11 155
11 168
11 169
11 181
11 184
11 186
11 188
11 190
11 197
11 199
11 202
11 204
11 207
12 1
12 4
12 7
12 11
12 12
12 73
13 9
13 10
13 77
13 78
13 82
13 85
13 87
15 65
15 75
15 87
15 94
15 95
15 104
15 105
17 12
18 73
18 81
18 83
18 85
18 90
18 95
19 9
19 11
19 13
20 1
20 5
20 9
20 13
20 14
20 16
20 20
20 28
20 29
20 38
20 40
20 44
20 50
20 51
21 3
21 4
21 10
21 17
21 20
21 30
21 32
21 35
21 40
21 41
21 50
21 60
21 84
21 85
22 28
22 32
22 75
22 80
22 95
22 108
22 119
22 135
22 136
22 196
22 203
22 207
22 208
22 210
22 214
22 217
22 220
22 231
22 247
22 252
22 256
22 259
22 263
22 268
22 273
22 274
22 277
22 278
22 283
22 284
22 304
22 305
22 307
22 310
22 318
22 319
22 336
22 339
23 6
23 12
23 15
23 18
23 27
23 28
23 32
23 46
24 12
24 15
24 19
24 31
24 34
24 36
24 39
24 42
25 71
25 75
25 78
27 62
27 67
27 68
27 69
28 21
28 23
29 2
30 10
30 14
30 23
33 9
33 16
33 30
33 47
33 48
34 1
35 7
35 35
36 9
36 16
39 8
39 17
39 21
39 27
39 28
39 41
39 67
39 69
39 79
39 80
39 91
39 92
39 96
39 115
39 123
39 124
39 130
39 141
39 144
39 145
39 146
39 147
39 149
39 151
39 155
39 163
40 11
40 68
40 74
40 101
40 102
40 120
40 138
40 139
40 141
40 153
40 162
40 164
40 277
40 304
41 19
41 27
41 35
41 36
41 46
41 50
41 55
41 60
41 66
41 71
41 75
41 80
41 81
41 97
41 98
41 101
41 105
41 110
41 120
41 124
41 133
41 171
41 178
41 189
41 196
41 198
42 43
42 47
43 8
43 11
43 37
43 47
43 49
43 52
43 54
43 75
43 76
43 81
43 83
43 89
43 95
43 111
43 125
43 131
43 132
43 138
43 146
43 151
43 152
43 158
43 159
43 167
43 173
43 175
44 4
44 9
44 32
44 33
44 44
44 50
44 55
44 58
44 61
44 65
45 12
45 23
45 30
45 44
45 53
45 55
45 57
45 86
45 91
45 93
45 94
45 98
45 103
45 105
45 107
45 113
45 155
45 156
45 159
45 166
45 168
45 176
45 194
45 199
46 1
46 11
46 13
46 17
46 18
46 20
47 4
47 10
47 19
47 26
47 28
47 35
47 40
47 42
47 43
47 46
47 47
47 59
47 63
47 73
47 84
47 94
47 97
47 105
47 123
47 135
47 144
48 2
48 7
48 10
48 11
48 22
48 36
49 2
49 8
50 64
50 140
50 141
50 145
50 147
52 4
52 10
52 12
52 16
56 19
56 26
56 31
56 36
57 5
57 7
57 11
57 16
57 21
57 32
57 39
57 43
57 44
57 60
58 6
58 10
58 13
58 142
58 150
58 153
58 154
58 162
58 170
58 173
60 1
60 7
60 11
61 135
61 141
61 149
62 1
62 10
62 14
62 15
62 20
62 27
62 32
62 36
62 44
62 49
62 53
62 58
62 77
62 91
62 93
63 10
63 15
63 17
63 149
63 159
63 162
63 163
63 169
63 177
63 180
63 181
63 184
63 191
63 197
63 204
63 213
63 227
63 229
63 235
63 239
63 243
63 244
63 256
63 258
63 260
63 268
63 269
63 274
63 277
63 287
63 291
63 294
63 298
63 310
63 321
63 322
63 325
63 329
63 352
63 368
63 373
63 377
63 388
63 390
63 396
63 414
63 415
64 3
64 9
64 10
64 12
64 14
64 20
64 22
64 26
65 22
65 41
66 1
66 29
66 35
66 36
66 42
66 147
66 174
66 176
66 178
66 180
66 196
66 206
66 212
66 214
66 216
66 218
66 219
66 223
66 228
66 239
67 4
67 6
67 16
67 18
67 19
67 32
67 33
67 36
67 37
67 41
67 43
67 44
67 47
67 48
67 64
67 66
67 77
67 79
67 88
67 93
67 100
67 104
67 107
67 114
67 124
67 128
67 129
67 241
68 39
68 43
68 44
68 45
68 52
68 54
68 60
68 62
68 66
68 73
68 76
68 83
68 90
68 92
68 93
68 104
68 120
68 125
69 2
69 3
69 7
69 20
69 34
69 38
69 45
69 51
69 52
69 54
69 68
69 69
69 75
70 3
70 4
70 7
70 8
70 17
70 28
70 40
70 50
70 54
70 67
70 69
70 72
70 74
70 80
70 95
70 98
70 102
70 105
70 107
71 99
71 116
71 118
72 2
72 4
72 6
72 13
72 17
72 23
72 29
72 33
72 36
72 38
72 41
72 43
72 57
72 61
72 66
72 67
73 2
73 19
73 20
73 34
73 37
73 39
73 44
73 49
73 50
73 64
73 80
73 87
73 104
73 118
73 129
73 135
73 156
73 162
73 163
73 166
73 167
73 168
73 170
74 17
74 18
74 23
74 33
74 47
74 48
74 49
74 77
74 84
74 85
74 87
75 2
75 10
75 13
75 19
75 42
75 45
75 49
75 51
75 54
75 60
75 67
75 69
75 70
75 72
75 81
75 86
75 102
75 105
75 121
75 122
75 124
75 128
75 134
76 12
76 26
77 2
77 10
77 15
77 19
77 20
77 25
77 27
77 30
77 36
77 38
77 40
77 43
79 29
79 30
79 35
79 37
79 40
79 54
80 1
80 13
80 35
80 40
80 42
80 47
80 49
80 61
80 65
80 71
80 76
80 79
80 81
80 147
81 2
81 8
81 9
81 15
81 28
81 30
81 31
81 36
81 37
81 38
81 57
81 62
81 63
81 71
81 80
81 88
81 91
81 94
81 104
81 112
81 113
81 116
81 120
81 124
81 127
81 136
81 151
82 1
82 4
82 7
82 24
82 27
82 34
82 35
82 49
82 71
82 73
82 77
84 73
84 79
86 2
86 7
86 8
86 14
86 80
86 81
86 142
86 146
86 167
86 173
86 174
86 179
88 92
88 103
88 110
88 111
88 116
88 125
88 126
88 129
88 134
88 149
88 153
88 165
88 167
88 168
88 183
88 185
88 195
88 202
88 209
88 216
88 232
88 238
88 239
88 243
88 245
88 248
88 253
88 265
88 266
88 272
88 275
89 30
89 46
89 48
89 51
89 63
89 68
89 80
89 82
89 93
89 100
89 115
89 116
92 1
93 2
93 4
93 6
93 11
93 21
93 41
93 43
93 61
93 67
93 70
93 74
93 76
93 98
93 113
93 115
93 121
93 124
93 127
93 129
93 130
93 146
93 147
93 151
93 154
93 156
93 158
93 179
93 187
93 195
95 41
96 2
96 8
96 10
96 43
96 44
96 51
96 57
96 64
96 70
96 73
96 75
96 78
96 80
96 81
96 86
96 87
96 92
96 122
96 130
96 131
96 145
96 154
96 157
96 162
96 165
96 170
96 181
96 182
