1 1
1 5
1 8
1 10
1 12
1 15
1 18
1 22
1 24
1 25
1 27
1 30
2 3
3 20
4 2
4 10
4 23
4 41
4 49
4 180
4 186
4 195
4 200
4 210
4 218
4 225
4 230
4 233
4 237
4 250
4 264
4 272
4 283
4 284
5 3
5 11
5 17
5 21
5 23
6 11
7 5
7 31
7 32
7 46
7 49
7 50
7 57
8 16
8 23
8 31
8 34
8 37
8 39
8 44
8 45
8 53
8 72
8 84
8 93
8 140
9 8
9 13
9 23
9 25
9 27
12 31
12 32
12 35
12 38
12 40
12 45
12 174
12 176
12 179
12 180
12 184
12 195
12 196
12 204
12 205
12 226
12 230
12 235
12 243
12 244
12 247
12 254
12 260
12 279
12 283
12 284
12 310
12 318
12 323
12 325
12 326
12 336
12 340
12 344
12 345
12 346
12 351
12 359
12 365
12 366
12 375
12 381
12 383
12 396
12 398
12 411
12 426
12 449
12 450
12 456
12 464
12 469
12 479
12 480
12 481
12 483
12 484
12 487
12 529
12 539
12 540
12 541
12 544
12 551
12 554
13 4
13 10
13 11
13 14
13 26
13 27
13 35
13 41
13 52
13 54
15 8
15 10
15 15
15 16
15 22
17 30
17 34
17 38
17 41
17 45
17 48
17 56
17 59
17 64
17 66
17 69
17 73
17 76
17 77
17 78
17 83
17 89
17 173
17 180
17 183
17 189
17 196
17 198
17 203
17 207
17 209
17 210
17 214
17 215
17 220
17 223
17 226
17 233
17 243
17 247
17 250
17 251
17 259
17 270
17 272
17 280
17 286
17 292
18 16
18 24
18 31
18 33
18 37
18 49
18 52
18 55
18 124
18 144
18 147
18 157
18 165
18 192
19 2
19 8
19 9
19 15
19 22
19 31
19 39
19 43
19 46
19 49
20 3
20 4
20 6
20 10
20 19
20 21
20 23
20 37
20 39
20 50
20 54
20 57
20 65
20 77
20 78
20 86
20 92
20 97
20 121
20 124
20 129
20 136
20 140
20 145
20 150
20 152
22 1
22 2
22 4
22 19
22 22
22 31
22 42
22 48
22 49
22 58
22 61
22 62
22 64
22 66
22 73
22 75
22 84
23 3
23 16
23 19
23 20
23 35
23 38
23 43
24 13
24 15
24 16
24 18
24 19
24 22
24 25
24 34
24 37
24 39
24 47
24 51
24 53
26 14
29 35
29 39
29 41
29 43
29 89
30 2
30 7
30 8
30 12
31 4
31 8
31 16
31 23
31 36
31 46
31 51
31 58
31 73
31 78
31 87
31 95
31 102
32 2
32 8
32 16
32 19
32 30
32 31
32 33
32 43
32 53
32 56
32 57
32 64
32 83
32 93
32 98
32 111
32 115
32 117
32 118
32 120
32 128
32 169
32 173
32 186
32 192
32 194
32 200
35 42
35 46
36 8
36 9
36 30
36 32
36 33
36 34
36 38
36 54
36 63
36 72
36 73
36 90
36 91
36 106
36 109
36 110
36 113
36 156
36 159
36 169
36 180
36 187
37 6
37 10
37 15
37 38
37 41
37 43
37 46
39 9
39 15
39 31
39 32
39 44
39 58
39 75
39 83
39 173
39 178
41 93
41 94
41 106
41 111
41 116
41 119
41 132
41 137
41 145
41 156
44 142
44 143
44 144
44 147
44 151
45 35
45 37
45 44
45 61
45 65
45 68
45 69
45 70
45 80
45 81
45 94
45 98
45 101
45 103
45 122
45 137
45 138
45 141
45 143
45 144
45 192
45 193
45 202
46 1
46 8
46 9
46 13
46 19
46 34
47 6
47 12
47 22
47 36
47 44
47 85
47 86
48 2
48 11
48 21
49 2
49 8
49 15
49 25
49 29
49 34
49 43
49 44
49 49
49 50
49 69
49 72
49 77
49 89
49 105
49 119
51 1
51 8
51 13
51 21
51 29
51 34
51 39
51 45
51 48
51 56
51 57
51 63
51 72
51 78
51 88
51 94
51 96
51 100
51 111
51 116
51 117
51 119
52 7
52 8
52 11
54 2
54 8
54 13
54 18
54 20
54 22
54 23
54 27
54 39
54 43
54 53
54 58
54 67
54 68
54 70
54 71
54 90
55 27
55 29
55 30
55 31
55 32
55 38
55 39
55 43
55 45
55 53
55 61
55 72
55 74
55 77
55 78
55 79
56 1
56 5
56 11
56 18
56 34
56 35
56 37
56 38
56 52
56 59
56 60
58 19
58 20
58 22
58 27
58 28
58 38
58 45
58 47
58 48
58 50
58 60
59 2
59 6
59 14
59 16
59 24
59 31
59 50
59 65
59 74
59 86
59 87
59 95
61 1
61 2
61 5
61 10
61 11
61 13
61 20
61 26
61 45
62 1
62 10
62 109
62 118
62 120
62 123
62 125
62 131
62 138
62 154
62 160
62 161
63 2
63 6
63 11
64 25
64 31
64 33
64 36
64 37
64 38
64 55
64 62
64 63
64 65
64 66
65 3
66 1
67 1
67 9
67 12
67 18
67 35
67 36
67 42
67 48
67 51
67 54
67 59
67 64
67 66
67 108
67 116
67 119
67 120
67 123
67 129
67 245
67 251
67 253
67 259
67 273
67 281
67 286
67 290
67 299
67 302
67 328
67 331
67 339
68 10
68 11
68 14
68 41
68 47
68 49
68 50
69 1
69 6
69 8
71 5
71 6
71 9
71 10
71 12
71 22
71 25
71 39
71 43
71 52
71 67
71 75
71 79
71 96
71 105
71 108
71 243
71 248
71 250
71 251
71 262
71 263
71 267
71 269
71 271
71 274
71 282
71 283
71 285
71 286
71 295
71 300
71 306
71 310
71 315
71 329
71 331
71 335
71 347
71 391
71 392
71 394
71 405
71 411
71 412
71 423
71 428
71 431
72 2
72 8
72 20
72 28
72 32
72 34
72 39
72 57
72 58
72 59
72 62
72 70
72 202
72 204
72 205
72 206
73 7
73 10
73 14
73 16
73 34
73 35
73 36
73 43
73 55
73 57
73 62
73 68
74 9
74 10
74 15
74 21
74 27
74 35
74 36
74 37
74 63
74 66
74 67
74 69
74 70
74 75
74 78
74 91
74 94
74 95
74 101
74 103
74 109
74 110
74 112
74 126
74 138
74 139
74 146
76 44
76 59
77 7
77 10
77 14
77 24
78 43
78 46
78 48
78 84
78 90
78 109
78 121
78 126
79 15
80 10
80 22
80 23
81 5
81 7
81 17
81 19
81 25
81 26
81 30
81 32
81 34
81 40
81 41
81 47
81 54
81 68
81 69
81 71
81 76
81 94
84 13
84 14
85 13
85 18
85 19
85 23
85 26
85 28
85 32
85 33
85 45
86 7
86 8
86 13
86 17
86 21
86 27
86 29
86 37
86 53
86 59
86 69
89 17
89 18
89 30
89 31
89 39
89 41
89 42
89 44
89 49
89 66
89 70
89 74
89 90
89 93
90 7
90 17
90 18
90 23
91 10
91 13
92 4
92 9
92 18
92 20
92 25
92 40
92 43
92 44
92 47
92 61
92 74
92 78
92 82
93 5
93 21
93 28
93 29
93 55
93 73
93 78
93 83
93 88
93 93
94 1
94 2
94 8
94 9
94 10
94 14
94 23
94 28
94 186
94 190
94 209
94 218
94 233
94 234
95 2
95 5
95 7
95 8
95 10
95 12
95 16
95 35
95 36
95 44
95 45
95 46
95 47
95 48
95 94
95 98
95 112
95 113
95 137
95 138
95 140
95 145
96 1
96 3
96 14
96 17
96 18
96 19
96 25
96 27
96 34
96 35
96 36
96 39
96 42
96 44
96 47
96 48
96 56
96 76
96 77
96 82
96 220
96 221
96 235
96 236
96 242
96 247
96 252
96 271
96 287
96 292
96 303
96 305
96 309
96 312
97 10
97 17
97 24
97 25
97 35
97 36
97 54
97 80
97 82
97 93
97 101
97 103
101 22
101 24
101 37
101 43
101 47
101 56
101 67
101 69
101 70
101 76
101 134
101 146
101 150
101 151
101 159
101 161
101 163
103 25
103 27
103 28
103 32
103 44
103 50
103 53
104 4
104 7
104 15
104 17
104 18
