1 6
1 21
1 27
1 32
1 33
1 44
1 174
4 38
4 46
4 48
4 56
4 59
4 61
4 65
4 69
4 74
4 76
4 78
4 79
4 83
4 85
4 95
4 97
4 101
4 110
4 113
4 116
4 206
4 207
4 219
4 225
4 233
4 234
4 237
4 245
4 250
4 255
4 259
4 261
7 59
7 67
7 71
7 76
7 78
7 87
7 103
7 107
7 108
7 112
7 116
8 5
8 15
8 29
8 51
8 52
8 61
8 62
8 71
8 85
8 86
8 90
8 98
8 99
8 105
8 106
8 119
8 120
9 6
9 18
9 20
9 21
9 28
9 44
9 70
9 76
9 78
9 83
9 87
9 95
9 97
9 105
9 116
9 117
9 125
9 136
9 138
9 146
9 148
9 149
9 154
9 155
9 156
9 157
9 158
12 74
12 76
12 83
13 2
13 8
13 11
13 14
13 19
13 20
13 37
13 43
13 47
13 56
13 62
13 70
13 95
13 100
13 103
13 105
13 250
13 252
13 253
13 259
13 260
13 268
13 297
13 299
13 302
13 362
13 365
13 366
13 367
13 373
13 376
13 382
13 385
13 387
13 395
13 502
13 519
13 526
13 529
13 531
13 540
14 10
14 15
14 56
14 60
14 62
14 70
14 72
14 73
14 77
14 85
14 95
14 100
15 86
15 91
16 3
16 11
16 14
17 1
17 12
17 24
18 15
19 1
19 6
19 12
19 20
19 30
19 38
19 40
19 43
19 47
19 48
19 49
19 51
19 57
19 61
19 63
19 72
19 78
19 81
19 98
19 109
21 42
22 34
22 36
22 49
22 59
22 72
22 209
22 213
22 215
22 217
22 219
22 227
22 228
22 234
22 242
22 245
22 252
22 253
22 257
22 263
22 266
22 271
22 273
22 278
22 289
22 290
22 294
22 306
22 307
22 310
22 316
22 318
22 322
22 323
23 2
23 4
23 6
23 7
23 8
23 12
23 13
23 16
23 17
23 18
23 28
23 30
23 37
23 50
23 53
23 56
23 68
23 70
23 74
23 81
23 108
23 116
23 119
23 122
23 123
23 124
23 129
23 130
23 200
23 204
23 211
23 238
23 241
23 242
23 255
23 259
23 261
23 269
23 278
23 286
23 294
23 301
23 305
23 308
23 315
23 322
23 330
23 340
23 347
23 351
24 27
24 41
25 10
26 1
26 2
26 5
27 13
28 5
28 6
28 20
28 24
28 36
30 47
30 48
30 54
30 58
30 68
30 72
31 21
31 31
31 33
31 35
31 38
32 4
32 5
32 17
32 18
32 19
32 21
34 92
34 105
34 108
35 10
35 12
35 13
35 16
36 47
36 50
36 51
36 58
36 73
36 74
36 77
36 78
36 94
36 107
36 109
36 112
36 117
36 119
36 124
36 127
36 133
36 138
36 147
37 10
38 18
38 22
38 27
38 29
38 35
38 40
38 41
39 11
39 13
39 19
39 22
39 47
39 59
39 60
39 66
39 70
39 79
39 95
39 97
39 98
39 99
39 107
39 116
39 117
39 125
39 129
39 131
39 137
39 139
39 146
39 154
39 159
39 162
40 5
40 23
40 25
40 27
41 15
42 83
42 84
42 88
42 90
42 97
42 98
42 104
42 122
42 128
42 136
42 137
42 148
42 152
42 158
42 160
42 162
42 170
42 176
42 181
42 184
42 187
42 191
42 197
42 208
42 209
42 216
42 223
43 7
43 15
43 16
43 17
43 31
43 35
43 42
43 48
43 52
43 56
43 68
43 71
43 79
43 81
43 84
43 93
43 95
43 96
43 99
43 101
43 102
43 104
43 108
43 114
43 143
43 144
43 146
43 151
43 159
43 166
43 176
44 5
44 20
44 21
44 25
44 27
44 29
44 31
44 35
44 52
44 53
44 55
44 57
44 60
44 178
44 179
44 181
44 207
44 208
44 214
44 219
44 220
44 221
44 225
44 228
44 234
44 267
44 275
44 280
46 20
46 30
46 31
46 34
46 38
46 42
46 47
46 48
46 74
46 79
46 87
46 88
46 89
46 93
46 101
46 117
46 118
46 123
46 128
47 3
47 6
47 8
47 10
47 14
47 15
47 20
47 42
48 3
48 6
48 9
48 17
51 8
51 27
51 43
51 47
51 55
51 63
51 74
51 79
51 87
51 90
51 95
51 98
51 99
51 102
51 113
51 114
51 122
51 126
51 133
51 135
51 136
51 141
51 156
52 11
52 35
52 36
52 65
52 66
53 9
53 17
53 22
53 26
53 33
53 37
53 41
53 55
53 60
53 65
53 69
53 73
53 82
54 8
54 12
54 16
54 34
54 38
54 41
54 44
54 51
54 54
54 60
54 65
54 66
54 71
54 85
54 95
54 101
54 148
54 154
54 164
54 174
54 189
54 197
55 20
55 22
55 23
55 30
55 41
55 53
55 61
55 81
55 98
55 108
55 112
55 116
55 120
55 123
55 124
55 142
55 144
55 153
55 154
55 155
55 158
55 163
55 174
55 177
55 186
55 188
55 192
55 202
55 210
55 217
55 222
55 224
55 225
55 243
55 249
55 263
55 265
55 268
55 278
55 281
55 285
55 288
55 300
55 303
55 357
55 361
55 363
56 6
57 96
57 104
57 109
57 118
57 165
57 175
57 179
57 187
57 198
58 1
58 4
58 7
58 9
58 19
59 6
59 9
59 32
59 41
59 50
59 55
59 56
59 58
59 64
59 72
59 75
59 83
59 91
59 92
59 98
59 105
59 114
59 119
59 128
59 133
59 147
59 149
59 156
59 158
60 27
60 30
60 34
60 44
60 49
60 50
60 54
60 67
60 75
60 79
60 92
60 93
60 102
60 104
60 106
60 108
61 25
61 81
61 83
61 86
61 89
61 94
63 15
63 16
63 17
63 20
63 43
63 50
63 52
63 55
64 13
64 18
64 22
64 26
64 149
64 155
64 157
64 172
64 175
64 179
64 192
64 196
64 203
64 205
65 3
65 9
65 16
65 19
65 20
65 27
65 31
65 36
65 49
65 51
65 54
65 57
65 61
65 69
65 75
65 83
65 85
65 88
65 89
65 92
65 94
65 101
65 104
65 105
65 118
65 121
67 32
67 36
67 39
67 44
69 64
69 66
69 67
69 70
70 40
71 6
71 9
72 49
72 52
72 57
72 62
72 64
72 66
72 67
72 69
72 73
72 84
72 86
73 2
73 5
73 7
73 9
73 13
73 164
73 174
73 184
73 199
73 200
73 205
73 209
73 212
73 213
73 215
73 229
73 232
73 235
73 240
73 243
73 247
74 8
74 9
74 16
74 35
74 40
74 45
74 52
74 53
74 58
74 59
74 75
74 84
74 91
74 106
74 112
74 118
74 122
74 254
74 259
74 260
74 264
74 268
74 270
74 272
74 273
74 274
74 279
74 280
74 284
74 290
74 302
74 304
74 323
74 324
74 329
74 330
74 334
74 336
74 337
74 348
74 358
74 359
74 365
75 1
75 10
75 13
75 29
75 32
76 6
76 10
76 17
76 21
76 27
76 38
76 41
76 42
76 57
76 69
76 70
76 79
76 82
76 87
77 11
77 12
77 13
77 14
77 19
77 22
77 52
77 54
77 57
77 70
78 9
78 11
79 6
79 22
79 25
79 41
79 48
79 50
79 61
79 71
79 73
79 78
79 86
79 91
79 94
79 101
79 111
79 124
79 132
79 140
79 143
79 151
79 155
79 158
79 159
80 2
80 16
80 19
80 23
80 33
80 45
80 61
80 62
80 68
81 1
81 2
82 13
82 24
82 27
82 35
82 52
82 53
82 55
82 60
82 65
82 66
82 67
82 70
82 82
82 92
82 95
82 97
82 154
82 160
82 164
86 4
86 16
86 30
86 34
86 35
86 37
86 38
86 46
86 91
86 97
86 98
86 101
87 11
87 15
87 38
87 39
87 52
87 53
87 58
87 65
87 81
87 91
87 93
87 98
87 102
88 8
88 13
88 18
88 23
88 40
88 51
88 52
88 55
88 67
88 80
88 83
88 90
88 120
88 121
88 123
88 124
88 129
88 140
88 147
88 151
88 283
88 285
88 294
88 299
88 305
88 311
89 39
