1 6
1 9
1 18
1 21
1 31
1 34
2 5
5 39
5 42
5 47
5 50
5 58
5 62
5 63
5 65
5 94
5 96
5 105
5 110
6 6
6 12
8 42
8 44
8 45
8 47
11 10
11 21
11 22
11 25
11 27
11 28
11 43
11 45
11 54
11 57
11 66
11 73
11 74
11 75
11 77
11 91
11 92
11 96
11 116
11 118
11 120
11 122
12 18
12 28
13 1
13 2
13 3
13 4
13 9
13 11
13 18
13 25
13 54
15 2
15 7
15 10
15 13
15 21
15 25
16 2
16 13
16 16
16 17
16 21
16 40
16 41
16 43
16 44
16 46
16 50
16 62
16 65
16 137
17 3
17 4
17 5
17 7
17 10
20 36
20 39
21 5
21 14
21 16
21 26
21 28
22 1
22 9
22 15
23 6
23 14
23 16
23 25
25 26
25 27
25 28
25 31
25 36
26 3
26 4
26 22
28 46
28 50
28 53
28 61
28 65
28 66
28 68
28 70
28 72
29 4
29 18
29 32
29 35
29 36
29 39
29 41
29 42
29 45
29 48
29 52
29 65
29 67
29 69
29 70
29 76
29 83
30 7
30 16
30 21
30 30
30 31
30 45
30 52
30 53
30 55
32 25
32 27
32 31
32 32
32 35
32 36
32 39
32 40
32 41
32 50
32 53
32 57
32 68
35 104
35 120
35 123
35 124
35 128
35 144
35 145
35 146
35 148
35 152
35 159
35 161
35 162
35 163
35 165
35 166
35 168
35 174
35 176
36 4
37 5
37 19
37 21
37 30
40 46
40 52
40 57
40 58
40 77
40 78
40 81
40 85
40 88
40 93
40 99
40 103
41 6
41 10
41 13
41 26
41 27
42 2
42 3
42 9
42 11
42 13
42 19
42 22
42 27
42 36
42 38
42 39
42 41
42 46
42 57
42 69
42 74
42 80
42 84
42 115
44 3
44 8
44 13
44 23
44 32
44 33
44 40
44 57
44 58
44 60
44 61
44 77
44 88
44 99
44 114
44 115
44 124
44 131
44 150
45 4
45 11
45 17
45 59
45 66
45 88
46 29
46 30
46 36
47 3
47 6
47 12
47 18
47 42
47 48
47 53
47 57
47 75
47 97
47 100
47 102
47 103
47 106
47 111
47 115
47 120
47 122
49 37
49 49
49 56
49 60
49 61
49 64
49 89
49 92
49 98
50 79
50 91
51 45
51 52
51 55
51 57
51 62
51 79
52 10
52 11
52 12
52 14
52 15
52 18
52 24
52 25
53 6
53 19
53 20
53 35
53 42
53 52
53 60
54 5
54 6
54 9
54 14
54 17
54 19
54 21
54 26
54 27
54 34
54 39
54 40
54 44
54 45
54 49
54 58
54 64
54 66
56 44
56 48
56 50
56 51
56 56
56 65
56 66
56 72
56 76
56 79
56 93
57 3
57 8
57 13
57 18
57 26
57 29
58 2
58 8
58 12
58 13
58 19
58 20
58 22
58 28
58 32
58 39
58 61
58 63
58 69
58 72
58 77
58 84
59 2
61 2
61 4
61 11
61 93
62 8
62 18
62 37
63 2
63 12
63 15
63 37
64 6
64 8
64 15
64 24
64 28
64 34
64 37
64 39
64 42
64 47
64 48
65 8
66 4
66 13
66 28
66 39
66 43
66 48
66 50
66 57
66 58
66 59
67 44
67 46
68 4
68 5
68 24
68 27
68 34
68 35
68 57
68 64
69 15
69 26
69 39
69 66
69 67
69 74
69 80
69 83
69 85
71 37
71 41
71 97
72 1
72 2
72 5
72 16
73 1
73 10
73 18
75 3
75 23
75 29
75 32
75 35
75 41
75 44
75 55
75 58
75 146
75 147
75 150
75 152
75 154
75 159
76 13
76 14
76 16
76 21
80 56
80 63
80 64
80 66
81 63
81 71
81 79
81 85
81 95
81 97
81 106
81 110
81 123
81 138
81 146
81 151
81 154
81 159
81 160
81 175
81 178
81 183
81 191
81 199
81 200
81 204
81 215
81 224
81 225
81 231
81 239
81 246
82 27
82 32
82 39
82 40
82 45
82 47
82 49
82 80
83 95
83 108
83 111
83 242
83 245
83 247
83 248
83 277
83 411
83 416
83 417
83 424
85 24
86 4
86 8
86 13
86 24
86 25
86 34
86 38
86 62
86 64
86 66
86 67
86 69
86 70
86 71
86 72
86 75
86 85
86 102
86 105
91 18
91 20
91 29
91 36
91 39
91 43
91 49
91 51
91 52
91 58
91 62
91 66
91 67
91 80
91 85
91 109
91 110
91 114
91 130
92 5
92 16
92 30
92 32
92 36
92 39
92 47
92 63
92 68
92 71
92 79
92 86
92 87
93 1
93 6
93 8
93 18
93 22
93 27
93 30
93 31
93 36
93 40
93 42
93 45
94 1
94 17
94 31
94 34
94 37
94 41
94 48
94 57
94 58
95 1
95 8
95 14
96 4
96 12
96 17
96 18
96 23
96 31
96 44
96 45
96 53
96 65
96 68
96 168
96 175
96 180
96 184
96 189
96 190
97 81
97 90
97 96
97 99
97 108
97 109
97 125
97 128
97 132
97 134
97 144
97 145
97 150
97 155
97 161
97 171
97 172
97 198
97 201
98 59
98 61
98 63
98 69
98 83
99 22
99 24
99 35
99 36
99 37
99 43
99 50
99 57
99 65
99 70
99 71
99 75
99 77
99 80
100 10
100 12
100 14
100 15
100 17
101 1
101 2
101 6
101 50
101 51
101 54
101 63
101 65
101 72
101 77
101 84
101 94
101 107
101 108
101 112
101 113
101 122
101 137
101 138
101 144
103 37
103 43
103 48
103 50
103 53
103 61
103 76
105 55
105 194
105 195
105 201
105 208
105 210
105 268
105 276
105 279
105 284
105 294
105 298
105 310
105 319
105 320
105 322
105 373
105 379
105 382
105 386
106 70
106 73
107 5
107 11
107 41
107 114
107 116
107 118
108 8
108 13
108 20
108 22
108 24
108 40
108 42
108 55
108 56
108 59
108 71
108 73
108 80
108 82
108 85
108 90
108 103
108 119
108 122
108 127
108 129
108 131
111 11
111 26
111 27
111 30
111 32
111 35
111 46
111 52
112 16
112 20
113 9
113 12
113 21
113 55
113 57
113 59
113 69
113 76
113 77
113 82
113 85
113 90
113 126
113 128
113 138
113 157
113 160
113 172
113 174
113 181
114 4
114 7
114 9
114 15
114 29
114 38
114 45
114 56
114 61
114 62
114 71
114 75
114 77
114 79
114 80
114 81
114 87
114 99
114 111
115 14
115 19
115 33
115 36
115 40
115 49
115 53
115 62
115 73
115 76
115 91
115 100
115 101
115 106
115 109
116 37
116 38
116 138
116 141
116 143
116 150
117 10
117 15
117 27
117 31
117 32
117 34
117 35
117 43
117 56
117 57
117 83
117 88
117 98
117 119
117 125
117 127
117 130
117 135
117 136
118 17
118 24
118 31
118 36
118 45
118 49
118 51
118 63
118 69
121 1
121 12
121 19
121 23
121 47
121 48
121 78
121 81
121 101
121 105
122 10
122 11
122 24
122 25
122 27
122 56
122 69
122 73
122 81
122 84
122 89
122 93
122 101
122 112
122 118
122 121
122 125
122 126
122 130
122 136
122 137
122 140
122 148
123 77
123 82
123 89
123 98
123 102
123 104
123 109
123 121
123 126
123 129
124 14
124 15
125 2
125 6
