1 2
1 12
1 13
1 17
1 19
1 24
1 27
1 33
1 38
1 50
1 52
1 62
1 63
1 69
1 71
1 93
1 108
1 116
1 117
2 5
2 6
2 22
2 37
2 43
2 45
2 52
2 54
2 58
2 59
2 61
3 3
3 5
3 6
3 15
3 16
3 22
3 26
3 28
3 31
3 47
4 4
4 8
5 15
5 29
5 30
5 35
6 1
6 11
6 13
6 15
6 20
7 8
7 9
8 2
8 3
8 4
8 6
8 10
8 25
8 73
8 75
8 81
8 90
8 100
8 104
12 3
12 16
12 17
12 34
12 39
12 42
12 43
12 51
12 52
12 55
12 56
12 61
12 67
12 77
12 83
12 90
12 95
12 98
13 1
13 13
14 1
14 5
14 21
14 29
15 6
15 8
16 14
16 18
17 1
17 4
17 136
17 143
17 148
17 152
18 4
18 7
18 13
18 17
18 22
18 26
18 35
18 45
18 46
18 74
18 78
18 80
18 81
18 88
18 95
18 99
18 108
18 115
18 118
18 119
19 48
19 49
19 67
19 71
19 75
19 79
19 83
19 84
19 86
19 87
19 92
19 99
19 102
19 107
19 109
19 112
19 114
19 118
19 123
19 129
19 133
19 145
19 147
20 21
20 32
20 33
20 41
21 10
21 14
21 19
21 28
21 32
21 35
21 36
21 37
22 36
22 45
23 1
23 3
23 9
23 12
24 36
24 37
24 41
24 42
24 50
24 53
24 55
24 57
24 61
26 6
26 8
26 14
26 26
26 33
27 2
27 20
27 22
27 26
27 33
27 36
27 49
27 58
27 68
27 72
27 73
27 76
27 86
29 109
29 117
29 120
29 129
29 135
29 144
29 148
29 152
29 158
29 161
29 167
29 175
29 184
29 185
29 190
29 196
29 197
29 198
29 206
29 207
29 216
29 236
29 243
31 17
31 21
31 29
31 33
31 36
31 37
31 44
31 56
31 62
31 64
31 71
31 76
31 83
31 85
31 92
31 100
31 105
31 110
31 122
31 124
31 125
31 127
31 129
32 13
32 17
32 19
32 20
32 22
33 16
33 28
33 35
33 40
34 31
34 32
34 34
34 41
34 44
34 45
34 49
34 58
34 60
34 64
34 68
34 70
34 76
35 1
36 4
36 9
36 15
36 104
36 106
36 109
36 113
36 119
36 124
37 7
38 17
38 25
38 31
38 38
38 42
38 48
39 52
39 54
39 67
39 69
39 70
39 71
40 5
40 6
40 19
40 27
40 28
40 32
41 17
41 19
42 4
42 10
42 15
42 34
42 55
42 57
42 58
42 68
42 83
42 91
42 95
42 96
42 100
42 101
42 104
42 111
42 112
42 119
42 134
42 135
42 136
42 139
43 4
43 5
43 7
43 8
43 22
43 40
43 42
43 46
43 51
43 53
43 55
43 58
43 62
43 64
43 67
43 71
43 72
43 76
43 78
43 97
43 101
44 8
44 14
44 17
44 25
44 27
44 31
44 38
44 53
44 61
44 66
44 70
44 73
44 86
44 90
44 91
44 106
44 110
44 113
44 116
44 117
44 128
44 129
44 132
44 135
44 136
44 167
44 175
46 11
47 12
47 27
47 28
47 33
47 48
47 50
47 57
47 62
47 72
47 74
47 75
47 78
47 79
47 98
47 99
47 105
47 114
47 129
47 132
47 135
47 138
47 141
47 153
47 223
47 299
47 308
47 316
47 320
48 5
48 6
48 19
48 25
48 26
48 28
48 32
48 35
48 36
48 37
48 39
48 46
48 48
48 51
48 52
48 54
48 67
49 1
49 3
49 5
49 6
49 7
49 17
49 83
49 92
49 93
49 99
49 106
49 111
49 114
49 116
49 238
49 239
49 248
49 250
49 251
49 257
50 7
50 19
50 20
50 33
50 35
50 49
50 53
53 34
53 46
53 57
53 58
53 59
54 1
54 4
54 5
54 8
54 9
54 10
54 12
54 17
54 18
54 19
54 25
54 26
54 27
54 29
54 35
54 36
55 8
55 18
55 21
55 31
55 34
55 58
55 60
55 68
55 78
55 79
55 81
55 89
55 92
55 99
55 100
55 115
55 119
55 123
55 134
55 135
55 143
55 149
56 6
56 10
57 86
57 92
57 93
57 101
58 4
58 12
58 15
58 17
58 20
58 23
58 26
58 32
58 49
58 55
58 75
58 76
58 87
58 94
58 97
58 107
58 110
58 114
58 134
58 137
58 139
58 140
58 144
58 145
58 149
58 151
58 158
58 160
58 163
58 174
58 176
58 179
58 188
58 189
58 193
58 195
58 212
58 221
59 7
59 14
60 4
60 8
60 22
60 40
60 41
60 46
60 53
60 61
60 62
60 66
60 72
60 89
60 93
60 94
60 113
61 1
61 5
61 17
61 18
61 19
61 23
61 24
61 25
61 42
61 56
61 73
62 2
62 3
62 4
63 3
63 4
64 6
64 8
64 12
65 12
66 8
66 17
66 19
66 25
66 26
66 30
66 32
66 37
66 39
66 45
66 46
66 50
66 52
66 56
66 60
66 62
66 63
66 73
66 75
66 77
66 97
66 106
66 115
66 123
66 124
66 127
66 129
66 132
66 169
66 170
66 174
66 175
66 178
66 190
66 193
66 201
66 211
67 1
67 2
67 7
67 16
67 17
67 18
67 27
67 33
67 46
67 55
67 64
67 68
67 72
67 73
67 94
67 114
67 161
67 162
67 168
67 171
67 177
67 179
67 240
67 242
67 245
67 249
67 254
67 258
68 21
71 1
71 12
71 14
71 15
72 10
72 11
72 29
72 30
72 31
72 32
72 36
72 44
73 45
73 46
73 51
73 52
73 57
73 59
74 1
74 14
74 16
74 20
74 27
74 37
74 43
74 46
75 2
75 25
76 15
76 17
76 29
77 4
77 10
77 12
78 27
78 31
78 38
79 30
79 32
79 33
79 40
79 51
79 55
79 57
79 67
79 68
79 78
79 81
79 109
79 111
79 120
79 123
79 130
80 2
80 6
80 12
81 7
82 42
82 47
82 116
82 121
82 124
82 127
82 132
82 133
82 143
82 144
82 150
82 157
82 162
82 177
82 180
85 35
85 37
85 40
85 49
85 70
85 72
85 86
85 105
85 112
85 115
85 118
85 119
85 125
85 136
85 203
85 208
85 211
85 213
85 226
85 235
85 265
85 281
85 283
85 288
85 306
85 321
85 326
85 329
85 330
86 1
86 3
86 4
86 10
86 17
86 27
86 32
86 37
86 40
86 43
86 45
86 61
86 62
86 78
86 84
86 91
86 92
86 93
86 95
86 98
86 99
86 107
86 115
87 53
87 56
87 89
87 99
87 107
87 108
87 109
87 121
87 125
87 126
87 201
87 203
87 204
87 214
87 227
87 241
87 242
87 246
87 253
87 262
87 265
87 268
87 286
87 287
87 289
87 295
87 303
88 2
88 9
88 15
88 19
88 20
89 6
89 10
89 14
89 23
89 27
89 161
89 295
89 299
89 303
89 307
89 312
89 377
89 380
89 384
89 395
89 401
89 405
89 408
89 410
89 421
89 439
89 449
89 456
89 461
89 463
89 475
89 476
89 478
89 480
89 485
89 493
90 2
90 4
90 5
90 10
90 11
90 21
90 23
90 39
90 41
90 49
90 50
90 57
90 75
90 83
90 89
90 102
90 111
90 120
90 125
90 127
90 132
90 133
90 135
90 139
90 140
90 147
90 156
90 159
90 160
90 163
90 164
90 165
90 167
90 179
90 183
91 4
91 5
91 12
91 19
91 21
91 30
92 3
92 7
92 8
92 22
92 25
92 30
92 32
92 41
92 45
92 49
92 53
92 55
92 56
93 4
93 22
93 30
93 34
93 39
93 46
93 49
93 62
93 65
93 69
94 1
94 4
94 8
94 24
94 34
94 45
94 61
94 66
94 89
94 94
94 97
94 104
94 119
94 133
94 134
94 252
94 255
94 263
94 271
94 274
94 278
94 280
94 285
94 293
94 295
95 4
95 12
95 16
95 23
95 24
95 28
95 34
95 35
95 39
95 41
95 50
95 58
95 70
95 199
95 202
96 1
96 4
96 9
96 18
96 23
96 31
96 32
96 44
96 50
96 58
96 60
96 65
96 72
96 81
96 83
96 87
96 88
96 90
96 93
96 107
96 110
96 113
96 120
96 127
96 129
96 131
96 138
96 146
96 189
96 190
96 192
96 194
96 201
96 246
96 247
96 270
97 8
98 3
99 4
99 7
101 2
101 5
101 19
101 38
103 100
103 102
103 108
103 112
103 113
103 116
103 120
103 138
103 152
103 179
103 184
103 187
103 188
103 195
103 196
103 202
103 204
103 212
105 3
105 13
105 14
105 17
105 19
105 21
105 22
105 25
106 6
106 7
107 3
107 6
108 16
109 5
109 10
109 14
109 24
109 44
109 47
109 50
109 51
109 74
109 79
109 80
109 83
109 88
109 94
109 98
109 110
109 117
110 14
110 21
110 22
110 30
110 31
111 1
111 3
111 141
111 151
113 57
