1 2
1 4
1 5
1 20
1 31
1 36
1 53
1 57
1 66
1 77
1 81
1 85
1 90
1 103
1 187
1 198
1 201
4 26
5 54
5 56
5 66
5 78
5 80
5 85
5 91
5 93
5 95
5 98
5 99
5 110
5 112
5 121
5 127
5 136
5 140
5 148
5 157
5 159
5 166
5 202
5 210
5 211
5 225
6 9
6 15
6 23
6 24
6 29
7 9
7 19
7 20
8 5
8 8
10 26
10 29
12 28
12 32
12 34
12 37
12 38
12 40
12 41
12 44
12 46
12 49
12 57
12 58
12 63
12 65
12 67
12 82
12 83
12 84
12 86
12 91
12 100
12 123
12 136
12 139
12 163
12 168
12 170
12 172
12 173
12 183
12 187
12 189
12 206
13 2
13 3
13 11
13 12
13 144
13 147
13 154
13 175
13 180
13 181
13 191
13 192
13 197
13 203
13 204
13 206
13 302
13 303
15 9
15 17
15 34
15 35
15 40
15 42
15 53
15 59
15 61
15 66
15 86
15 89
15 93
15 97
15 105
15 115
15 120
15 121
15 126
15 128
15 130
15 144
15 147
15 149
15 151
15 152
15 166
15 167
15 170
15 172
15 174
15 175
15 181
16 4
16 7
16 14
16 15
16 17
16 24
19 1
19 2
19 10
19 17
19 30
19 33
20 4
20 13
20 21
20 26
20 61
21 1
21 2
21 7
21 9
21 11
21 15
21 16
21 20
21 27
21 30
21 34
21 38
21 39
21 55
21 56
21 63
21 65
23 2
23 3
23 4
23 10
23 11
23 17
24 31
24 119
24 130
24 136
24 139
24 140
24 142
24 150
24 151
24 229
24 230
24 231
24 240
24 259
24 260
24 262
24 264
24 266
24 267
24 306
24 312
24 317
24 319
24 327
24 328
24 332
24 367
24 377
24 379
24 388
24 389
24 391
24 397
24 423
25 4
25 5
25 6
25 11
26 12
26 27
26 32
26 38
26 40
26 48
26 58
26 61
26 62
26 71
26 73
27 1
27 5
27 14
27 20
27 23
28 1
28 4
28 5
28 18
28 29
28 31
28 40
28 41
28 46
28 52
28 54
28 60
29 7
34 14
34 18
34 24
34 25
35 1
35 4
35 9
35 31
36 2
36 9
36 11
36 18
36 22
37 1
37 13
37 14
37 16
37 19
37 21
37 72
37 80
37 83
37 93
37 94
38 49
39 3
39 7
41 14
41 21
41 23
41 24
41 39
41 48
41 57
41 65
41 77
41 81
41 83
41 84
41 91
41 98
41 101
41 103
41 104
41 108
41 110
41 147
41 149
41 150
41 157
41 170
41 179
41 229
41 235
41 238
41 241
42 7
42 10
43 8
43 9
43 12
43 128
43 129
43 139
43 142
43 147
43 168
43 173
43 199
43 200
44 2
44 7
44 10
51 6
51 13
51 20
51 34
52 3
52 19
52 24
52 28
52 30
52 34
52 40
52 41
52 45
52 49
52 53
52 65
52 84
52 86
52 92
52 101
52 106
52 108
52 110
52 117
52 139
52 269
52 270
53 2
54 7
54 17
54 25
54 30
54 34
54 38
54 49
55 4
55 9
55 19
55 21
55 34
55 35
55 39
55 59
55 60
55 120
55 123
55 170
55 175
55 177
55 184
55 194
55 195
55 209
55 210
56 8
56 16
56 18
57 3
57 6
57 19
57 22
58 15
58 27
58 29
58 30
58 36
58 37
58 43
58 51
59 1
59 8
59 15
59 18
59 29
59 51
59 53
59 54
59 55
59 60
59 73
59 74
59 82
59 91
59 98
59 99
59 100
59 108
59 109
59 115
59 125
59 129
59 130
59 136
59 140
59 142
59 143
59 144
59 154
59 155
59 158
60 6
60 11
60 17
60 26
60 28
60 29
60 33
60 34
60 37
60 48
60 53
60 61
60 196
60 204
60 209
60 211
60 218
60 219
61 4
62 4
62 8
62 12
62 14
62 17
62 25
62 31
62 33
62 170
62 179
62 181
62 182
62 185
62 197
62 198
62 200
62 201
62 217
62 226
63 42
63 45
63 53
63 59
63 65
63 67
65 33
65 40
65 41
65 44
65 53
65 73
65 100
65 107
65 108
65 113
65 116
65 122
67 83
67 85
67 93
67 94
67 100
67 102
67 112
67 132
67 142
67 145
67 147
67 148
67 165
67 166
67 169
67 170
67 174
67 191
67 192
67 199
67 207
67 210
67 214
67 220
67 356
67 359
67 360
67 366
67 367
67 370
67 373
67 385
67 387
67 389
67 391
67 396
67 400
67 401
67 406
67 418
67 429
67 432
67 454
68 2
68 14
68 15
68 16
68 23
68 26
68 27
68 41
68 45
70 42
70 44
70 46
70 50
70 59
71 4
71 8
71 17
71 23
71 25
71 34
71 37
71 42
72 9
72 17
72 21
72 25
72 27
73 35
73 37
73 41
73 51
73 148
73 155
73 168
73 169
73 174
73 177
73 184
73 194
73 198
74 2
75 68
75 83
75 91
75 96
75 98
75 102
75 103
75 106
75 108
75 113
75 227
75 229
75 235
76 4
76 8
76 10
76 19
76 20
76 37
76 39
77 3
77 9
77 12
78 9
78 10
78 29
78 30
78 39
78 42
78 44
78 47
78 48
78 50
78 52
78 56
78 58
78 67
78 71
80 69
80 76
80 79
80 81
80 94
81 14
81 15
82 1
82 4
82 9
82 19
82 21
82 22
82 25
82 26
82 27
82 83
84 13
84 20
84 23
84 28
84 30
84 31
85 3
85 14
85 17
85 23
85 32
85 37
85 43
85 52
86 4
86 9
86 20
86 27
86 40
86 41
86 48
86 53
86 54
86 57
86 115
86 120
86 128
86 135
86 141
86 143
86 149
86 164
86 180
86 238
86 246
86 252
86 254
86 255
86 259
86 263
86 274
86 276
86 285
86 287
86 289
86 290
86 292
86 300
86 306
86 308
86 316
86 317
86 318
86 331
86 333
86 334
86 340
86 355
86 358
86 363
86 374
87 2
87 22
87 28
87 37
87 40
88 2
88 6
88 18
88 19
88 21
90 2
90 3
90 5
90 20
90 31
90 132
90 134
90 136
90 143
90 155
90 156
90 160
90 177
90 178
90 180
90 184
90 196
90 200
90 203
90 211
90 218
90 219
90 226
90 230
90 235
90 238
90 255
90 256
90 257
90 261
90 262
90 264
90 265
90 270
90 276
91 8
91 24
91 28
91 34
91 38
92 7
92 31
92 39
92 41
92 43
92 50
92 56
92 63
92 65
92 80
92 82
92 86
92 91
92 112
92 113
92 122
92 130
92 135
93 4
93 11
96 28
96 30
96 40
96 62
96 65
96 67
96 71
96 74
96 77
96 80
96 82
96 84
96 93
96 95
96 106
96 111
96 127
96 130
96 138
96 140
96 145
96 146
97 2
97 4
98 11
98 16
98 17
98 20
98 25
98 32
98 39
98 40
98 168
98 172
98 176
98 177
98 181
98 187
98 189
98 191
98 196
98 203
98 213
99 1
99 5
99 6
99 14
99 16
99 18
99 43
99 47
99 57
99 65
99 68
99 75
99 78
99 79
99 83
99 85
99 89
99 90
99 93
99 106
99 108
99 127
100 11
100 17
100 19
100 152
100 154
100 167
100 171
100 172
100 178
100 180
100 183
100 193
100 199
101 2
101 3
101 5
101 27
101 28
101 42
101 43
101 54
101 67
101 71
101 77
101 80
102 9
102 16
102 18
102 21
102 24
102 35
102 36
102 166
102 169
102 171
102 301
102 322
102 331
102 338
104 121
104 128
104 136
104 153
104 161
104 163
104 164
105 20
105 22
105 23
105 37
