1 4
1 9
1 16
1 17
1 21
1 23
1 32
1 33
1 39
1 45
3 1
3 6
5 3
7 10
7 13
7 16
7 18
7 22
7 25
7 31
7 32
7 38
7 39
7 45
10 29
10 35
10 50
10 60
10 62
10 63
10 68
10 82
10 85
11 12
11 37
11 53
11 57
11 68
11 78
12 1
13 7
13 10
13 21
14 1
14 5
14 6
14 7
14 10
14 34
14 50
14 57
14 63
14 69
14 73
14 76
14 82
14 86
14 207
14 212
14 214
14 223
14 227
14 232
14 245
14 252
14 254
14 260
14 273
14 278
15 8
15 11
15 16
15 19
15 20
15 30
15 34
15 38
15 39
15 43
15 44
15 47
15 58
16 1
16 2
16 4
16 19
16 28
16 29
16 30
16 56
16 63
16 64
16 71
16 89
16 91
16 93
16 94
16 95
16 96
18 13
19 8
19 16
19 22
19 28
19 47
19 49
19 52
19 90
19 91
19 103
20 16
20 17
20 20
20 22
20 49
20 51
20 52
20 54
20 56
20 60
20 91
20 93
20 97
20 109
20 113
20 117
20 131
20 132
20 133
20 138
22 102
22 108
22 167
22 169
22 171
22 172
22 180
22 186
22 189
23 61
23 76
23 78
23 79
23 88
23 90
23 92
24 2
24 8
24 16
24 22
24 29
24 39
24 43
25 4
25 5
25 6
25 10
25 13
27 1
27 3
27 7
27 11
27 12
27 13
27 17
28 5
28 13
28 14
28 18
28 22
28 23
28 33
28 35
28 55
28 62
28 63
28 76
29 4
29 6
29 8
29 9
29 10
29 37
29 44
29 49
29 51
29 63
29 64
29 67
29 72
29 75
29 85
29 88
29 93
29 101
31 43
31 49
31 52
31 55
31 62
31 72
31 75
31 76
31 81
31 85
31 90
31 94
31 96
31 99
31 127
31 129
31 149
31 151
31 167
31 169
31 170
31 175
31 248
31 252
31 253
31 255
31 260
31 263
31 265
31 276
31 278
31 281
31 289
31 294
31 295
31 296
31 298
31 300
31 304
31 306
31 309
32 7
32 21
32 28
32 45
32 50
34 75
34 91
34 92
34 94
34 109
34 111
34 125
34 126
34 130
34 133
34 137
34 138
34 140
34 141
34 149
35 55
35 75
35 116
36 7
36 8
36 13
36 24
36 29
36 173
36 179
36 182
36 184
36 185
36 187
36 188
36 189
36 197
36 207
36 225
36 231
36 237
36 242
36 246
36 253
36 255
36 259
36 260
36 261
36 265
36 266
36 278
36 283
36 287
36 290
36 293
36 299
36 302
36 304
37 13
37 26
37 31
37 40
37 47
37 51
37 54
41 23
41 26
42 50
42 51
42 59
42 61
42 63
42 64
42 66
42 70
42 77
42 80
42 84
43 2
43 12
43 14
43 15
44 7
44 17
44 22
45 2
45 3
45 4
45 5
46 5
46 14
46 15
46 29
46 50
46 52
46 68
46 72
46 76
46 82
46 85
46 87
46 88
46 89
46 96
46 103
46 105
48 18
48 23
48 26
48 32
48 37
48 41
49 9
49 17
49 23
49 29
50 66
50 77
50 78
50 89
50 93
51 4
51 6
51 15
51 18
51 21
51 41
51 45
51 56
51 62
51 78
51 80
51 92
52 1
52 10
52 12
52 22
54 137
54 158
54 163
54 164
54 169
55 76
55 88
55 90
56 12
56 26
56 37
56 47
56 54
58 8
58 11
58 21
58 26
58 29
58 37
58 47
58 52
58 54
58 55
58 59
58 61
58 64
58 69
58 71
58 75
58 77
58 81
58 83
58 84
58 102
59 8
59 32
59 36
59 37
59 39
59 49
59 58
59 63
59 66
59 67
59 71
61 5
62 3
62 16
62 20
62 29
62 34
62 36
62 38
62 46
62 47
62 49
66 3
66 11
66 12
66 16
66 17
66 20
66 21
66 36
66 40
66 72
66 73
66 76
66 86
66 87
66 89
66 100
66 101
66 102
66 109
66 115
67 15
67 16
70 3
70 5
70 10
70 18
70 26
70 27
70 35
70 37
70 48
70 178
70 265
70 269
70 282
70 312
70 326
70 330
70 333
70 337
70 346
70 348
70 355
70 358
70 359
70 365
70 369
71 3
71 7
71 8
71 11
71 19
71 26
71 27
71 29
71 30
71 39
71 138
71 145
71 146
72 5
72 7
72 12
72 16
72 35
72 41
72 44
72 55
72 59
73 38
73 41
73 45
73 46
73 50
74 11
74 12
74 13
74 23
74 27
74 29
74 31
74 35
74 36
74 44
74 57
74 58
74 69
74 70
74 71
74 75
74 76
74 78
74 81
74 85
74 86
74 87
74 104
74 105
75 112
75 115
78 5
78 6
78 9
78 17
78 44
78 45
78 47
78 49
78 51
78 65
78 67
78 70
78 83
78 84
78 87
78 88
78 99
78 101
78 103
78 113
78 115
78 116
78 120
78 125
78 131
78 135
78 139
78 141
78 142
80 15
80 17
80 44
80 48
80 59
80 63
80 65
80 66
80 72
80 79
80 84
80 88
80 96
80 99
80 107
80 119
80 130
80 133
80 135
80 139
80 140
80 145
80 158
80 165
80 172
80 177
80 178
80 181
80 185
80 187
80 188
80 196
80 205
80 213
80 218
80 220
80 226
80 236
80 238
81 64
81 69
81 76
81 78
81 79
81 86
81 89
81 91
81 105
81 111
81 120
81 124
81 132
81 133
81 136
81 138
81 144
81 149
81 156
81 168
81 305
81 314
81 320
81 321
81 330
81 340
81 342
81 346
81 351
81 352
81 359
81 362
81 368
81 374
81 388
81 409
81 410
81 418
81 428
81 430
81 434
82 3
82 7
82 9
82 11
82 23
82 47
82 50
82 56
82 59
82 61
82 64
82 76
82 77
83 51
83 52
83 54
83 55
83 63
84 41
85 58
85 59
85 63
85 74
85 79
85 80
85 84
85 90
85 98
85 99
86 6
86 15
86 24
86 25
86 30
86 35
86 39
87 16
87 27
87 28
87 29
87 44
87 45
87 46
88 14
88 15
88 18
88 23
88 41
88 42
88 43
88 52
88 56
89 1
89 3
89 9
89 10
89 13
89 17
89 19
89 23
89 24
89 35
89 40
89 50
89 69
89 72
90 50
90 54
90 58
90 59
90 64
90 80
90 82
90 85
90 96
90 99
90 107
90 115
90 116
90 118
90 130
90 131
90 143
90 159
90 161
90 168
90 172
90 174
90 176
90 178
90 181
90 182
90 187
90 193
90 196
90 200
90 201
90 204
90 215
90 220
90 222
90 240
90 243
90 246
90 264
90 266
90 268
90 391
90 419
90 421
90 423
90 427
90 429
90 436
90 448
90 458
90 491
91 94
91 111
91 112
91 115
91 129
91 130
91 143
91 145
91 160
91 187
91 192
91 197
91 201
91 203
91 206
91 223
91 232
91 244
91 253
91 259
91 260
91 262
91 263
92 1
93 1
93 4
93 7
94 7
94 27
94 34
96 6
96 8
96 14
96 19
96 21
96 25
96 27
96 32
96 43
98 4
98 6
98 15
98 16
98 23
98 30
98 34
98 37
98 41
99 2
99 9
100 14
100 18
100 19
100 20
100 29
100 40
100 51
100 58
100 64
100 71
100 79
100 80
100 93
100 103
100 121
101 2
101 5
101 25
101 26
101 28
101 49
101 59
101 75
101 77
101 90
101 99
101 100
101 105
101 107
102 1
102 2
103 32
103 34
103 37
103 46
103 54
103 60
103 62
103 67
103 70
103 79
103 85
103 87
103 91
103 92
103 94
103 95
103 97
103 102
103 114
103 120
103 121
103 123
103 129
103 130
103 132
103 147
103 162
103 165
103 169
103 172
103 178
103 181
103 185
103 186
103 191
103 201
103 210
103 215
103 216
103 220
103 226
103 227
103 233
103 237
103 238
103 246
103 252
103 258
103 265
103 271
103 278
103 281
103 283
103 285
103 288
103 295
103 296
103 298
103 302
103 321
103 325
103 328
103 337
103 338
103 340
103 341
105 4
105 7
106 1
106 6
106 14
106 19
106 21
106 31
106 44
106 45
108 6
109 2
