1 1
1 7
1 13
1 18
1 19
1 27
1 30
1 36
1 37
1 41
1 47
1 51
1 52
1 57
1 74
1 76
1 205
1 206
1 210
1 213
1 237
1 240
1 242
1 256
1 265
1 266
1 280
1 312
1 314
1 320
1 321
1 326
1 330
1 332
1 333
1 348
1 349
1 362
1 366
1 381
3 2
3 4
3 8
3 14
3 18
3 19
3 22
3 37
3 43
3 44
3 49
3 51
3 57
3 59
4 49
4 52
4 58
4 71
4 76
4 81
4 85
4 94
4 95
4 113
4 118
4 119
4 122
4 127
4 129
4 140
4 141
4 154
4 155
6 18
6 32
6 119
6 124
6 132
6 146
6 156
6 168
6 169
6 175
6 177
6 180
6 190
6 191
6 194
6 211
6 226
6 227
6 238
6 244
6 246
6 250
6 262
6 275
6 286
6 295
6 296
6 301
6 308
6 310
6 311
6 315
6 316
6 319
6 361
6 366
6 368
7 68
8 157
8 160
8 172
8 177
8 180
8 184
10 11
10 26
10 28
11 2
11 5
11 6
11 37
11 49
11 59
12 1
12 6
12 11
12 29
12 32
12 36
12 40
12 44
12 47
13 3
13 4
13 9
13 11
13 14
13 15
13 17
13 38
13 39
13 43
13 46
13 54
13 55
13 60
13 62
13 63
13 64
13 76
13 77
13 78
13 89
13 90
13 92
14 4
14 5
14 10
14 11
14 18
14 23
14 24
14 26
14 27
14 32
14 33
14 37
14 38
14 42
14 46
14 55
14 67
14 69
14 70
14 76
14 107
14 115
14 126
14 131
14 133
14 142
14 143
14 152
14 161
14 166
14 169
14 170
14 173
14 174
14 176
14 179
14 180
14 182
14 185
14 187
14 198
14 215
14 219
14 243
14 244
14 259
15 25
15 42
15 49
15 51
15 67
16 1
16 10
17 1
17 5
17 12
17 15
17 29
17 46
18 10
18 13
18 17
18 18
18 64
18 65
18 68
18 148
18 150
18 151
18 162
18 178
18 197
18 205
18 208
18 210
18 219
18 220
18 223
18 224
18 242
19 5
19 17
20 1
20 8
20 25
20 35
20 45
20 48
20 49
20 51
20 53
20 59
20 68
20 71
20 78
20 79
20 81
20 84
20 94
20 241
20 247
20 248
20 269
20 291
20 293
20 300
20 311
20 316
21 10
21 12
21 16
21 21
21 22
21 26
21 33
21 36
21 40
21 44
21 45
21 49
21 52
21 61
21 62
21 65
21 78
21 149
21 156
21 160
21 168
21 180
21 182
21 195
21 196
21 198
21 202
21 205
21 230
21 232
21 241
21 243
21 253
21 264
21 276
21 280
21 290
21 294
21 297
21 302
21 310
22 16
22 30
22 37
22 46
22 49
22 52
22 57
22 81
22 87
22 90
22 96
22 104
22 118
22 122
23 2
23 3
23 5
23 6
23 7
23 17
23 25
23 29
23 31
23 33
23 35
23 39
23 55
23 64
24 2
24 3
24 4
24 5
24 24
24 26
25 2
25 3
25 10
25 20
25 31
25 46
25 51
25 53
25 62
25 65
25 68
25 70
25 78
25 85
25 87
25 89
25 94
25 99
25 102
25 106
25 107
25 109
25 112
25 117
25 122
25 124
25 131
25 142
25 152
25 157
25 159
27 28
27 38
27 41
27 43
27 44
28 4
28 6
28 14
28 26
29 2
29 5
29 18
29 35
29 37
29 41
29 46
29 48
29 51
31 58
31 60
31 64
31 66
31 67
31 73
31 77
31 87
31 91
31 94
31 123
31 134
31 139
31 145
31 153
31 155
31 158
31 159
32 16
32 17
32 19
33 3
33 4
33 12
33 13
33 24
33 28
33 39
33 40
33 45
33 46
33 78
33 90
33 97
33 100
33 108
33 118
33 120
33 121
33 129
34 7
35 32
35 35
35 37
35 49
35 51
35 93
35 95
35 98
35 156
35 160
35 163
35 168
35 175
37 126
37 127
37 130
37 135
37 140
37 148
37 156
37 166
37 170
37 178
37 179
37 182
37 184
37 185
37 191
37 197
37 202
37 206
37 211
37 216
38 14
38 17
38 46
38 52
38 69
38 72
38 73
38 84
38 87
39 82
39 84
39 91
39 95
39 112
39 115
39 118
39 130
39 131
40 1
40 2
40 11
40 16
40 17
40 19
40 27
40 30
40 32
40 36
40 46
40 47
40 57
41 7
41 14
41 22
41 31
41 76
41 89
41 92
41 95
41 102
41 217
41 230
41 235
42 114
42 124
42 131
42 144
42 159
42 162
42 165
42 172
42 183
42 198
42 204
42 206
42 207
42 211
42 212
42 214
42 218
42 223
42 227
42 255
42 266
42 273
42 275
42 283
42 288
42 297
42 303
45 5
45 6
45 9
45 10
45 11
45 26
45 29
45 30
45 31
45 35
46 1
46 2
46 4
47 1
47 7
47 11
47 13
47 28
47 51
47 53
47 57
47 59
47 68
47 75
47 93
47 222
47 223
47 233
47 241
47 250
47 256
47 263
47 269
47 273
47 277
47 279
47 287
47 295
47 300
47 305
47 314
47 324
47 327
47 336
47 348
47 363
47 369
47 379
47 380
47 391
47 393
47 413
47 416
47 418
47 421
47 422
47 434
48 7
48 12
48 26
48 27
48 29
48 47
48 48
48 55
48 58
48 73
48 81
48 84
48 89
48 90
48 93
48 96
48 102
48 107
48 117
49 2
49 3
49 5
49 11
49 18
49 19
49 24
49 31
49 40
49 44
49 50
49 55
49 61
49 64
49 65
49 74
49 84
49 88
49 90
49 107
49 112
50 86
50 92
50 99
50 105
50 125
50 126
50 129
50 130
50 139
50 140
54 53
54 61
54 63
54 65
54 81
54 84
54 86
54 100
56 2
56 17
56 22
56 44
56 47
56 49
56 60
56 65
61 43
61 44
61 47
61 49
61 53
61 72
61 78
61 81
62 2
62 54
62 59
62 60
62 119
62 130
62 131
62 140
62 177
62 182
62 189
62 201
62 207
62 208
62 213
62 215
62 217
62 226
63 92
63 107
63 108
63 120
63 121
63 138
63 140
63 141
63 157
63 159
63 160
63 169
63 172
63 177
63 182
63 204
63 207
66 2
66 19
66 24
66 36
66 63
67 103
67 107
67 108
67 112
67 121
68 5
68 16
68 17
68 22
68 27
68 33
68 39
69 3
69 14
69 15
69 31
69 36
69 37
69 41
69 44
69 45
69 53
69 61
69 66
69 67
69 72
69 86
69 97
69 105
69 109
69 111
70 43
71 24
71 36
71 39
71 47
71 49
71 53
71 57
71 62
71 100
71 105
71 106
71 108
71 218
71 223
71 228
71 233
71 239
71 241
71 243
71 245
71 250
73 58
73 59
73 63
73 74
73 84
73 91
73 97
73 101
73 102
73 110
73 119
73 124
73 126
73 132
73 141
73 146
73 147
73 156
73 172
73 173
73 175
73 180
73 191
73 193
73 194
73 201
73 248
73 250
73 261
73 263
74 13
74 14
74 16
74 20
74 21
75 28
75 119
75 124
75 141
75 155
75 156
75 159
76 4
76 9
76 10
76 18
76 20
76 28
76 34
78 101
78 102
78 106
79 5
79 6
79 18
79 26
79 45
79 53
79 54
79 57
79 61
79 62
79 63
79 68
79 75
79 84
79 88
79 91
79 94
79 95
79 98
79 100
79 105
79 108
79 126
79 147
79 149
79 160
79 171
79 173
79 176
79 177
79 208
79 209
79 210
79 211
79 217
79 218
80 7
80 13
80 18
80 19
80 30
80 34
80 43
80 49
80 50
80 56
80 64
80 66
80 92
80 93
81 40
81 44
81 54
81 55
81 57
81 64
81 67
81 70
81 76
81 78
81 82
81 84
81 85
81 87
81 93
81 99
81 101
81 105
81 107
81 109
81 110
81 116
81 118
81 121
