2 2
2 5
2 6
2 24
2 26
2 36
2 46
2 67
4 1
4 5
4 10
4 12
4 27
5 1
5 134
5 138
5 140
5 141
5 146
9 35
9 39
9 43
9 54
9 55
9 60
9 66
10 14
11 14
11 21
12 1
12 6
12 28
13 3
13 7
13 8
13 20
13 23
13 25
13 40
13 41
13 45
13 51
13 52
13 64
13 79
13 83
13 94
15 2
15 4
15 6
15 9
15 12
15 14
15 20
15 28
16 1
16 7
16 12
16 20
16 23
16 25
16 45
16 47
16 49
17 7
17 20
17 26
17 28
17 33
17 36
17 39
17 44
17 60
17 70
17 76
17 85
17 86
17 90
18 14
18 17
18 26
18 36
19 133
19 139
19 141
19 158
19 164
19 188
19 193
19 195
19 196
19 215
19 218
19 225
19 230
19 235
19 236
19 249
19 250
19 253
19 256
19 265
20 7
20 18
20 23
20 26
20 37
20 38
20 39
20 43
20 117
20 129
20 130
20 133
20 134
20 140
20 143
20 159
20 165
20 169
20 172
20 180
20 182
20 185
20 193
20 195
21 22
22 8
22 9
22 20
22 38
22 39
22 42
22 52
22 53
22 57
22 61
22 65
22 75
22 79
22 87
22 88
22 98
22 100
22 102
22 106
22 117
22 129
22 211
22 214
22 229
22 234
22 255
22 259
22 268
22 274
22 276
22 278
22 283
22 285
22 291
22 292
22 305
23 2
23 4
23 8
24 9
24 15
24 16
24 27
24 30
24 35
24 37
24 41
24 45
24 48
24 54
24 56
24 63
24 64
24 75
24 80
24 82
24 83
24 86
24 109
24 115
24 124
25 33
25 34
25 41
25 50
25 57
25 60
25 61
25 66
25 67
25 79
25 83
25 85
25 102
25 106
25 122
26 15
27 2
27 5
27 10
27 13
27 17
28 8
28 13
28 14
28 17
28 26
28 30
28 32
28 33
28 35
28 43
28 49
28 66
28 69
28 71
28 77
28 85
28 90
28 102
28 104
28 110
28 116
29 17
29 23
29 24
29 28
29 45
29 121
29 133
29 136
29 138
30 70
30 73
30 74
30 79
30 84
30 88
30 91
30 104
30 106
30 119
30 124
30 127
31 7
31 13
31 15
31 18
31 26
31 29
31 30
31 33
31 39
31 48
31 52
31 53
31 55
31 60
31 195
31 218
31 220
31 223
31 230
31 232
31 234
31 244
32 1
32 7
32 9
32 11
32 36
32 51
32 53
32 60
32 62
32 66
32 67
32 68
32 72
32 82
32 87
32 109
32 110
32 114
32 122
32 123
32 128
32 132
32 133
32 136
32 144
32 146
32 148
32 149
32 162
32 165
32 172
33 2
33 4
33 5
33 8
33 17
33 25
33 30
33 33
33 35
33 36
34 96
34 97
34 99
34 100
34 104
34 108
34 117
34 118
34 154
34 176
35 1
35 5
35 10
35 12
35 17
35 21
35 23
36 3
36 5
36 18
36 24
36 26
36 30
36 32
36 42
36 45
36 64
36 73
36 85
36 98
37 2
37 5
37 12
37 25
37 28
37 32
37 33
37 41
37 43
37 55
37 60
37 62
37 67
37 79
37 83
37 89
37 129
38 4
38 8
38 9
38 13
39 5
39 7
39 11
39 12
39 16
39 22
39 23
39 31
39 43
39 52
39 53
39 65
41 7
41 9
41 14
41 15
41 26
41 30
41 41
41 55
41 60
41 70
41 75
41 76
41 78
41 88
41 97
41 104
41 106
41 107
41 119
41 120
41 121
41 123
41 131
41 135
41 140
41 144
41 146
41 147
41 150
41 151
41 169
41 178
42 3
42 13
42 17
42 21
42 25
42 27
42 45
42 50
42 54
42 161
42 166
42 167
42 173
42 176
42 177
42 179
42 182
43 1
43 10
43 21
43 22
43 25
43 41
44 16
44 18
44 25
44 30
44 40
45 12
45 14
45 21
45 28
45 35
45 37
46 82
46 88
46 99
46 103
47 42
47 47
47 62
47 63
47 67
47 69
47 71
47 75
47 82
47 89
47 92
47 94
47 231
47 243
47 244
48 17
48 26
48 35
48 37
48 48
49 5
49 6
49 8
50 9
50 13
50 18
50 19
50 34
50 36
50 47
50 52
50 103
50 105
50 114
50 118
50 120
50 147
50 158
50 162
50 172
50 179
50 180
50 198
50 204
50 205
50 206
50 207
50 220
50 236
50 237
50 239
50 245
50 251
51 1
52 23
52 27
52 30
53 3
53 7
53 10
53 19
53 25
53 28
53 40
53 41
53 48
53 64
53 65
54 24
54 30
54 44
54 45
54 62
54 65
54 70
54 71
54 84
54 85
54 96
54 98
54 106
54 112
54 118
54 119
54 128
54 129
54 130
54 133
54 138
54 168
54 177
55 2
55 6
55 8
55 10
55 11
56 2
56 70
56 73
56 77
56 80
56 83
57 55
57 59
57 60
57 64
57 71
57 80
57 83
57 96
57 97
57 113
57 123
57 132
57 138
57 248
57 252
57 259
57 261
57 262
57 269
57 271
57 278
57 285
57 289
57 291
57 295
57 296
57 298
57 301
57 304
58 1
58 4
58 14
58 26
58 29
62 14
63 70
64 29
64 36
64 42
64 48
64 52
64 57
65 2
65 13
66 11
66 25
66 27
66 43
66 49
66 51
66 52
66 57
66 59
66 61
66 65
66 77
66 80
66 81
67 18
67 19
67 26
67 27
67 29
67 32
67 38
67 59
67 60
67 61
67 65
67 66
67 71
67 72
67 78
67 80
67 86
67 96
67 106
68 4
68 5
68 9
68 13
68 15
68 16
68 21
68 29
68 31
68 35
68 38
68 58
68 61
68 81
68 82
68 97
68 100
68 107
68 113
70 30
70 31
70 37
70 39
70 41
70 47
70 58
70 59
70 60
70 75
71 4
71 8
71 10
71 11
71 20
71 39
71 42
71 63
72 4
73 11
74 15
74 23
74 27
74 28
74 49
74 50
74 53
75 5
76 11
76 25
76 30
76 51
76 54
76 55
76 63
76 73
76 77
76 88
76 108
77 8
77 20
78 1
78 3
78 4
78 9
78 13
78 15
79 12
79 16
79 18
79 23
79 24
79 30
79 35
79 36
79 40
79 42
79 49
79 50
79 52
80 3
80 16
80 18
81 9
83 5
83 9
83 10
84 36
84 37
84 51
84 57
84 60
84 69
84 81
84 83
84 84
84 90
84 92
84 98
84 112
84 114
85 1
85 6
85 16
85 20
85 21
86 7
86 8
86 10
86 14
86 28
86 35
86 46
86 51
86 52
86 60
87 7
87 9
87 13
87 14
87 16
87 19
87 20
87 23
87 40
87 54
87 61
87 69
87 70
87 80
87 81
87 92
87 99
87 102
87 109
87 114
87 116
87 126
87 132
87 135
87 144
87 148
87 155
87 157
87 158
87 166
87 171
87 184
87 189
87 195
87 208
87 209
87 210
87 211
87 212
87 217
87 224
87 226
87 241
87 247
87 248
87 253
87 261
87 396
87 399
87 406
87 407
89 8
89 13
89 21
89 22
89 31
89 35
90 2
90 8
90 12
90 18
90 168
90 173
90 174
91 5
91 9
91 19
91 22
91 23
91 28
91 33
91 41
91 58
91 62
91 63
91 67
92 1
92 3
92 9
92 20
95 33
95 34
96 10
96 14
96 19
96 25
97 2
97 20
97 30
97 35
97 36
97 38
97 41
97 44
97 45
98 4
98 7
98 8
98 11
98 18
98 23
98 27
98 28
98 48
98 55
99 4
100 49
100 50
100 61
101 15
101 63
101 149
101 151
101 153
101 158
101 159
101 166
101 171
101 180
101 181
101 185
104 4
104 6
104 10
104 11
105 2
105 3
106 6
106 8
106 12
106 13
106 18
106 19
106 21
106 22
106 29
106 33
106 36
106 45
106 55
106 59
106 62
107 1
107 3
107 12
107 15
107 26
107 87
109 2
111 15
116 5
116 9
116 26
116 39
116 40
117 2
117 15
117 17
117 38
117 40
117 42
117 43
117 48
119 2
119 3
119 7
119 24
119 26
119 28
120 7
120 14
120 16
120 148
120 153
120 156
120 157
121 2
