1 1
1 21
1 31
1 39
1 52
1 58
1 67
2 37
2 40
2 42
2 47
2 55
2 56
2 57
2 65
2 72
2 75
3 78
3 93
4 6
4 140
4 144
4 147
4 153
4 154
4 159
7 4
7 6
7 11
7 15
8 1
8 24
8 27
8 37
8 43
8 52
8 54
8 56
8 58
8 62
8 64
8 67
8 77
8 83
8 85
8 93
8 95
8 103
8 104
8 109
8 110
8 142
8 147
8 151
8 161
13 22
13 26
13 30
13 36
13 37
13 48
13 52
13 53
13 56
13 57
13 63
13 65
13 67
13 76
13 79
13 82
13 86
13 87
13 97
13 98
13 101
14 5
14 8
14 13
14 18
14 50
14 52
14 54
14 56
14 60
14 61
14 70
14 72
14 76
14 78
14 92
14 100
14 102
14 103
14 105
14 107
14 109
14 120
14 122
14 125
14 127
14 134
15 3
15 8
15 13
18 7
18 9
18 11
18 15
18 20
18 39
18 41
18 43
18 44
18 65
18 68
18 73
18 74
18 76
18 77
18 82
18 83
18 84
18 92
18 222
18 223
18 224
18 242
18 245
18 246
18 256
18 263
18 264
18 266
18 267
18 356
18 357
18 359
18 365
18 366
18 372
18 382
18 402
18 411
18 413
19 31
19 34
19 35
19 39
19 44
21 4
21 150
22 3
22 6
22 7
22 14
22 22
22 28
22 29
22 34
22 35
22 58
22 59
22 61
22 66
22 71
22 79
22 82
22 83
22 84
22 88
22 90
22 94
22 104
22 105
22 110
22 121
22 122
22 124
22 126
22 130
23 5
23 8
23 21
23 22
25 17
25 19
25 36
25 47
25 57
25 59
25 80
25 81
25 82
25 88
25 89
25 95
25 96
25 102
25 106
25 110
25 120
25 123
25 126
25 128
25 130
25 135
27 3
27 12
27 17
27 20
28 16
28 18
28 21
28 25
28 35
28 43
28 44
28 47
28 65
28 67
28 68
28 72
28 77
28 84
28 89
28 93
28 109
28 114
28 118
28 120
28 147
28 165
28 166
29 1
29 7
29 12
29 17
31 46
31 49
31 50
31 53
31 63
34 45
34 54
34 66
34 75
34 77
34 90
34 92
34 96
34 102
34 108
34 109
34 116
34 117
34 119
34 125
35 29
35 34
35 37
35 40
35 44
35 52
35 53
35 60
35 61
35 66
35 70
35 73
35 75
35 76
35 87
35 91
35 109
35 111
35 112
35 122
35 131
35 198
35 199
35 200
35 225
35 230
35 235
35 237
35 245
35 248
35 254
35 255
35 257
35 260
35 263
35 347
35 350
35 352
35 355
35 374
35 381
35 382
35 385
35 386
35 392
35 395
36 26
36 29
36 33
36 34
36 39
36 43
36 52
36 53
36 58
36 60
36 61
36 79
36 87
36 95
36 96
36 100
36 104
36 116
36 118
36 122
36 133
36 135
36 136
36 196
36 197
36 199
36 205
36 207
36 209
36 220
36 226
36 227
36 229
36 238
36 243
36 251
36 315
36 317
36 323
36 331
38 89
38 101
38 102
38 112
38 115
38 117
38 122
38 127
41 18
41 29
41 34
41 40
41 45
41 46
42 63
42 76
42 77
43 2
44 2
44 4
44 7
44 8
44 16
44 17
44 18
44 20
44 25
44 34
44 40
45 29
45 38
46 17
47 2
47 8
47 12
47 14
47 17
47 25
47 40
50 14
50 25
50 45
51 16
51 19
51 21
51 28
51 33
51 40
51 42
51 43
52 7
53 3
53 10
53 18
53 26
53 33
53 37
53 46
53 50
53 56
53 58
53 59
53 64
53 68
53 70
53 72
53 77
53 82
53 83
53 108
53 113
53 118
53 119
53 140
53 161
53 167
54 2
54 3
55 2
55 9
55 19
55 24
55 33
55 39
55 43
55 44
55 51
55 58
55 65
55 86
55 139
55 262
55 272
55 282
55 286
55 289
55 299
55 301
55 303
55 319
55 322
55 325
55 327
55 330
56 3
56 5
56 10
56 12
56 19
56 25
56 30
56 35
56 52
56 54
56 60
56 64
56 66
56 69
56 72
56 78
56 88
56 89
58 5
58 10
58 17
58 21
58 26
58 29
58 30
58 39
59 70
59 80
59 89
59 103
59 111
60 122
60 126
60 132
60 151
60 157
60 165
60 166
60 169
60 170
60 174
60 179
60 181
60 183
60 185
60 192
60 194
60 201
60 208
60 210
60 216
60 232
60 233
60 236
60 237
62 23
62 39
62 48
62 54
62 56
62 62
62 63
62 92
62 93
62 100
64 19
64 40
64 41
64 43
64 56
64 66
64 72
65 10
65 17
65 19
65 23
66 6
66 10
67 93
67 104
67 109
67 120
67 122
67 138
67 140
67 143
67 154
67 159
67 163
67 164
67 243
67 245
67 246
67 275
67 282
67 289
68 3
68 5
69 10
69 12
69 17
69 20
69 27
69 28
69 34
69 39
69 40
69 43
69 61
69 70
70 14
70 15
70 25
70 26
72 75
72 78
72 87
72 99
72 103
72 107
72 111
72 114
72 122
72 123
72 135
72 136
72 137
73 44
73 48
73 50
73 57
73 58
73 66
73 78
73 99
73 112
73 114
73 117
73 120
73 128
73 135
73 137
73 139
73 145
73 146
73 147
74 3
75 8
75 31
75 36
75 46
75 57
75 59
75 62
75 76
75 78
75 82
75 85
75 86
75 87
75 104
76 27
76 29
76 30
76 38
77 3
77 5
77 6
77 7
77 47
77 48
77 59
77 60
77 61
77 68
77 69
77 91
77 94
77 98
78 7
79 69
79 78
79 90
79 95
79 97
79 103
79 108
79 110
79 118
79 122
79 124
81 2
82 26
82 27
82 28
83 48
83 54
83 56
83 58
83 64
83 83
83 87
84 3
84 13
84 21
85 9
85 11
85 21
85 26
85 30
87 43
87 48
87 49
87 65
87 74
87 82
87 93
87 94
87 95
87 102
87 114
87 118
87 119
89 2
89 3
89 8
89 11
89 25
89 30
89 36
89 39
89 47
90 2
90 17
90 20
90 23
90 25
91 9
91 16
91 20
91 26
91 28
91 30
91 33
91 34
91 38
91 55
91 60
91 64
91 66
91 80
91 88
91 97
91 100
91 101
91 116
91 120
91 121
91 123
91 125
91 127
91 133
91 138
92 7
92 8
92 10
92 15
92 16
92 26
92 34
92 36
92 47
92 51
92 54
92 55
92 66
92 70
92 73
92 74
93 1
93 5
93 24
93 156
93 157
93 163
93 182
93 190
93 196
93 203
93 204
93 222
93 229
93 238
93 244
93 245
93 257
93 258
93 263
93 270
93 271
93 274
93 276
93 288
93 306
93 310
93 313
93 331
93 336
93 340
93 341
93 344
93 350
93 355
93 371
93 372
93 378
93 399
93 407
94 1
94 22
94 26
94 27
94 87
94 88
94 91
94 96
94 103
94 110
94 118
94 119
94 131
94 137
94 138
94 142
94 146
94 156
94 158
94 161
94 164
94 168
94 169
94 174
94 195
94 204
94 206
94 221
95 9
95 18
95 52
95 53
95 60
95 74
95 79
97 17
98 3
98 15
98 16
98 18
98 39
98 44
98 52
98 55
98 56
99 10
99 11
99 13
99 22
99 24
100 1
100 15
100 25
100 34
100 104
100 107
100 117
100 121
100 132
100 133
102 8
102 28
102 31
102 51
102 60
102 70
102 96
102 99
102 110
103 1
103 11
103 13
105 39
105 49
105 57
105 63
105 65
105 70
105 73
105 74
105 75
105 79
105 85
105 96
105 103
105 104
106 18
106 20
106 21
106 24
106 28
