1 5
2 6
2 12
2 16
2 17
2 18
2 21
2 22
2 30
2 32
2 49
2 51
2 56
2 74
2 76
2 84
2 91
2 93
2 95
2 96
2 111
2 112
2 116
2 117
2 119
2 120
2 121
2 122
2 124
2 129
2 136
2 139
2 144
2 148
2 149
2 153
2 164
2 166
2 179
2 181
3 2
3 3
3 23
3 25
3 31
5 81
5 84
5 86
5 89
5 225
5 230
5 232
5 243
5 245
5 248
5 256
5 277
5 287
5 288
5 294
5 296
5 304
5 307
5 319
5 322
5 324
5 327
5 328
5 332
5 333
5 335
5 354
5 361
5 476
5 483
6 2
6 6
8 1
8 8
8 12
8 18
8 19
8 22
8 32
10 10
10 14
10 16
10 28
10 49
10 50
10 52
10 60
10 65
10 70
10 78
10 80
10 83
11 3
11 9
11 16
11 21
11 26
11 30
11 45
11 57
11 79
11 83
11 84
11 85
12 10
12 13
12 16
12 18
12 19
12 29
12 33
12 45
12 49
12 62
12 65
12 72
12 214
12 228
12 233
12 239
12 242
12 251
12 255
12 259
12 261
12 264
13 4
13 145
13 162
13 163
13 174
13 175
13 182
13 183
13 184
13 193
13 196
13 198
13 202
13 224
13 234
13 244
13 246
14 8
14 19
14 25
14 30
14 33
14 39
14 40
14 61
14 66
14 67
14 75
14 81
14 82
14 89
14 93
14 95
14 109
14 113
14 125
14 126
16 20
16 21
16 26
16 32
16 45
16 60
16 63
16 65
16 75
16 79
16 83
16 85
16 86
16 94
16 96
16 109
16 111
16 124
16 129
16 130
16 133
17 7
17 9
17 17
17 37
17 42
17 43
17 44
17 51
17 53
17 64
17 73
17 75
17 95
17 99
17 106
17 117
17 123
17 126
17 138
17 139
17 156
18 13
18 21
18 40
18 42
18 47
19 4
19 22
19 24
19 25
19 32
19 33
19 38
19 132
20 21
20 24
20 27
20 34
20 35
21 15
21 17
21 21
21 27
21 28
21 31
21 32
21 39
21 47
21 60
21 64
21 67
21 68
21 77
21 85
21 90
21 100
21 107
21 117
21 120
21 198
21 201
21 208
21 226
21 231
22 10
22 30
22 31
22 34
22 37
23 12
23 14
23 17
23 19
23 22
23 31
23 38
23 45
23 93
23 105
23 108
23 115
23 117
23 133
23 136
23 138
23 146
23 147
23 166
23 172
23 173
23 183
23 186
23 189
23 196
23 201
23 203
23 221
23 224
23 233
23 244
23 247
23 264
23 266
23 271
23 275
23 277
23 278
23 280
23 284
23 285
23 292
23 297
23 298
23 311
23 316
23 321
23 322
23 333
23 338
23 340
23 344
23 350
23 354
23 355
23 361
23 367
23 369
23 372
24 3
24 5
24 6
24 12
24 16
24 20
24 24
24 25
24 26
24 27
26 9
26 17
26 22
26 24
26 26
26 28
26 30
26 47
27 2
27 7
27 11
27 13
27 14
28 37
28 43
28 48
28 49
28 79
28 84
28 86
28 91
28 92
28 96
28 103
28 104
28 113
28 117
29 17
29 26
29 28
29 30
29 69
29 79
29 80
29 82
29 84
30 1
30 4
30 10
30 12
30 16
30 29
30 34
30 47
30 54
30 58
30 63
30 67
30 69
30 74
30 75
30 81
30 88
32 37
32 40
32 43
32 45
32 47
32 50
32 51
33 5
33 7
34 36
34 38
34 48
34 66
34 74
34 79
34 82
34 86
34 89
34 97
34 100
34 102
34 133
34 135
34 139
34 140
34 145
34 152
34 153
34 158
34 165
34 173
34 175
34 219
34 220
34 229
34 234
34 257
34 260
34 261
34 265
34 281
34 282
34 285
34 288
34 292
35 5
35 9
35 11
35 13
35 32
35 37
35 39
35 41
36 25
36 39
36 40
36 47
36 48
36 53
36 57
36 59
36 64
36 69
36 71
36 76
36 79
36 83
36 89
36 105
36 108
36 109
36 112
36 209
36 228
36 229
36 237
36 239
36 242
36 250
37 4
38 1
38 3
38 15
38 20
38 28
38 33
39 2
39 4
39 5
39 10
39 11
39 12
39 28
39 29
39 31
39 32
39 38
39 45
39 58
39 59
39 60
39 63
39 64
40 3
40 8
40 17
40 18
40 38
40 39
40 41
40 44
40 45
41 2
41 3
42 2
42 13
42 15
42 29
42 32
42 40
42 89
42 91
42 96
42 103
44 19
44 20
44 21
46 14
46 19
48 72
48 76
48 77
49 16
49 37
49 44
49 46
49 49
49 53
49 57
49 63
49 64
49 68
50 28
50 34
50 43
50 45
50 46
50 49
50 52
50 56
50 62
50 65
50 68
50 89
50 98
50 101
50 105
50 111
50 114
50 116
50 117
50 126
51 3
51 7
51 14
51 25
51 32
51 35
51 44
51 52
51 55
51 61
51 63
51 103
51 105
52 4
52 15
52 17
52 23
52 25
52 36
52 39
52 51
52 52
52 55
52 65
52 70
52 72
54 3
54 4
55 10
55 78
55 81
55 89
55 90
55 92
55 98
55 113
55 117
55 121
55 127
55 128
55 147
55 149
55 166
55 168
55 171
55 179
55 190
55 202
55 209
55 215
55 221
55 223
55 241
55 255
55 258
55 269
55 288
55 293
55 296
55 307
55 308
55 310
55 314
55 316
55 341
55 349
55 351
55 355
55 361
55 363
55 365
55 374
55 379
55 381
55 382
55 388
55 400
55 404
56 2
56 18
56 21
56 26
56 29
56 39
56 48
56 56
56 66
56 81
56 83
57 4
57 14
57 19
57 22
57 31
57 33
57 41
57 42
57 43
57 45
57 47
57 57
59 2
59 3
59 18
59 30
59 43
59 69
59 81
59 82
59 91
59 100
59 102
59 103
59 104
59 105
59 108
59 109
59 111
59 147
59 149
59 154
59 155
59 165
59 181
59 196
59 198
59 211
59 234
59 243
59 251
59 252
59 253
59 258
60 7
60 12
60 22
60 25
60 27
60 33
60 42
60 44
60 47
60 56
61 44
61 60
61 74
61 80
61 87
61 99
61 124
63 29
63 43
63 61
63 62
63 63
63 77
63 84
63 94
63 95
63 98
63 100
63 114
63 120
63 125
63 128
63 129
64 114
64 124
64 130
66 100
66 114
66 115
66 118
66 125
68 15
68 19
68 20
69 1
69 2
70 101
71 121
72 2
72 4
73 1
73 3
73 4
73 14
73 19
73 20
73 31
73 34
73 37
73 38
74 52
74 57
74 59
74 67
74 72
74 73
74 79
74 85
74 91
74 92
74 97
75 2
75 7
76 1
76 37
76 42
76 45
76 133
77 1
77 2
77 11
77 81
77 82
77 90
77 92
79 4
79 20
79 23
79 24
79 39
79 52
79 55
79 59
79 61
79 65
79 69
79 70
79 75
79 93
79 99
81 4
81 16
81 34
82 8
82 10
82 12
82 15
82 24
83 2
83 133
83 136
83 141
83 149
83 197
83 200
84 7
84 13
84 14
84 18
84 29
84 38
84 54
84 63
84 64
84 70
84 91
84 92
84 97
84 99
84 102
84 119
84 124
84 139
85 4
85 17
85 25
85 32
85 35
85 36
85 38
85 40
85 44
85 54
85 59
85 62
85 65
85 68
85 70
85 85
85 93
85 96
85 104
85 106
85 107
85 114
85 116
85 131
85 137
86 20
86 25
86 29
86 35
87 2
87 3
87 5
87 26
87 27
87 30
87 34
87 37
87 41
87 42
87 43
89 18
89 28
89 34
89 40
89 41
89 71
89 79
89 81
89 82
89 89
89 94
89 103
89 114
89 122
89 129
89 140
89 149
89 156
89 158
89 160
89 168
89 175
89 179
89 182
89 186
90 11
90 17
90 26
91 54
91 62
91 76
91 77
92 9
92 13
92 16
92 24
92 28
92 31
92 46
92 48
92 57
92 60
92 72
92 73
92 77
92 78
92 86
92 89
92 96
92 100
92 102
92 112
92 118
92 131
92 145
92 147
92 149
92 150
92 155
94 4
94 5
94 9
94 24
94 25
94 31
94 35
94 39
94 51
94 53
94 60
95 3
95 8
96 2
96 21
96 25
96 28
96 37
96 38
96 56
96 63
96 64
97 1
97 4
98 87
98 99
100 11
100 13
100 14
101 16
101 20
101 31
101 32
