1 2
1 4
1 5
1 9
1 11
1 19
1 20
1 21
1 28
1 38
1 40
1 43
1 55
1 59
1 63
5 6
7 25
7 44
7 47
7 52
7 64
7 66
7 67
7 69
7 76
7 83
7 93
7 94
7 126
11 7
11 22
11 25
11 27
11 28
12 1
12 6
12 7
12 13
12 17
12 20
12 24
12 25
12 28
12 30
12 37
13 65
13 75
13 80
14 42
14 177
14 186
14 190
14 192
14 194
14 196
14 201
14 207
14 212
14 217
15 3
15 7
16 130
16 133
16 134
16 136
16 165
16 173
16 176
16 179
16 180
16 182
16 186
16 215
16 219
16 221
16 229
16 234
16 236
16 240
16 242
16 245
16 248
16 254
16 319
16 331
16 332
16 339
16 341
16 342
16 354
16 362
18 74
18 76
20 6
21 5
21 10
21 16
21 21
21 24
21 25
21 32
21 33
22 1
22 6
22 8
22 11
22 12
22 13
22 17
22 52
22 53
22 59
22 61
22 65
22 74
23 9
23 10
23 16
23 18
24 43
24 45
24 159
24 165
24 169
24 174
24 184
24 191
24 193
25 1
25 2
25 7
25 27
25 35
25 36
25 45
25 50
25 51
25 65
25 82
25 86
26 8
27 3
27 12
27 16
27 18
27 22
27 31
27 51
27 57
27 58
27 64
27 68
27 71
27 77
27 78
27 91
28 5
28 8
28 17
28 36
28 37
28 38
28 39
28 41
28 42
28 48
28 95
28 227
28 228
32 144
32 274
32 281
32 283
32 287
32 292
32 299
32 308
32 313
32 318
32 325
32 327
32 338
32 340
32 342
32 358
32 363
32 366
32 368
32 370
32 372
32 373
32 382
32 386
32 388
32 398
32 401
32 402
32 403
32 415
32 416
32 420
32 427
33 2
33 4
33 20
33 27
33 33
33 34
33 35
33 42
33 43
35 1
35 6
35 17
36 38
36 44
36 57
36 102
36 111
36 123
36 128
36 129
37 4
37 6
37 7
37 57
37 64
37 78
37 80
37 87
37 104
37 108
37 122
37 134
37 174
37 175
37 177
37 179
37 187
37 189
37 192
37 196
37 197
38 65
41 9
42 53
42 58
42 65
42 66
42 71
42 76
42 77
42 81
42 82
42 90
42 94
42 102
42 111
42 112
42 114
42 116
42 118
42 122
42 129
42 130
42 132
42 133
42 137
42 141
42 144
42 145
42 158
42 161
42 174
42 175
42 178
42 180
42 200
42 201
42 220
42 221
42 229
42 239
42 248
42 264
42 267
42 288
42 289
42 297
42 303
42 312
42 317
42 320
42 336
42 337
42 338
42 341
42 342
43 8
43 10
43 15
43 17
43 19
43 21
43 27
43 28
43 31
43 41
43 42
43 44
43 49
43 50
43 62
43 67
43 73
43 75
43 153
44 5
44 11
44 13
44 14
44 15
44 20
44 26
44 35
45 76
45 78
45 83
45 84
45 85
45 87
45 92
45 93
45 96
45 101
45 102
45 106
45 112
45 120
45 122
45 126
45 127
45 132
45 273
45 275
45 280
45 291
45 294
46 89
46 90
46 91
46 100
46 116
46 118
46 141
46 147
46 200
46 206
46 215
46 218
46 221
46 226
46 229
46 232
46 235
46 236
46 242
46 243
46 259
46 266
46 277
46 293
46 294
46 349
46 352
46 358
46 361
46 372
47 48
47 50
47 54
48 12
48 33
48 36
48 42
48 57
48 72
48 73
48 76
48 77
48 88
48 94
48 97
48 101
48 105
48 112
48 122
48 125
48 134
48 135
48 144
48 163
48 183
48 188
48 189
48 191
48 199
48 201
48 203
48 204
48 211
48 226
48 229
49 11
49 17
50 5
50 14
50 16
50 36
51 59
51 65
51 66
51 69
51 73
51 99
51 111
51 117
51 122
51 126
51 128
51 144
51 145
51 146
51 147
51 157
51 158
51 161
51 164
51 167
51 173
51 176
51 186
51 194
51 195
51 200
51 212
51 214
51 223
51 224
51 227
51 235
51 241
51 245
51 251
51 255
51 260
51 269
51 270
51 271
51 278
51 284
51 285
51 286
51 303
51 305
52 5
52 11
52 18
52 35
52 43
52 45
52 54
52 59
52 64
52 71
52 85
52 90
53 4
53 7
53 9
53 16
53 19
53 23
53 24
54 2
54 9
54 16
54 20
54 45
54 47
55 3
55 5
55 147
55 148
55 150
55 155
55 157
55 160
55 161
55 163
55 176
56 2
56 48
56 49
56 51
57 9
57 13
57 25
57 28
58 3
58 12
58 17
58 21
58 33
58 34
58 41
58 42
59 2
60 3
60 15
60 16
61 2
61 5
61 8
61 13
61 15
61 16
61 19
61 21
61 26
61 33
61 37
61 42
61 44
61 50
61 64
61 72
61 75
61 76
61 86
62 6
62 7
62 16
62 21
62 22
62 36
62 37
62 45
62 50
62 52
62 58
62 80
62 87
62 94
62 103
62 104
62 105
62 108
62 111
62 113
62 115
62 117
62 119
62 155
62 170
62 186
62 187
62 188
62 194
62 204
62 209
62 215
62 222
62 227
62 228
62 231
62 240
62 246
62 249
62 251
63 1
63 5
63 12
63 14
63 18
63 21
63 22
63 158
64 9
64 15
64 20
64 42
64 68
64 71
64 79
64 82
65 6
65 9
65 19
67 102
67 107
67 111
67 119
67 123
67 138
67 219
67 220
67 228
67 238
67 246
67 248
67 254
68 1
68 2
68 17
68 25
68 26
68 27
68 28
68 30
68 39
69 1
69 10
69 30
69 31
69 33
69 35
69 36
69 39
69 41
69 51
69 53
69 62
72 75
72 104
72 121
72 125
72 127
72 131
72 134
72 152
72 166
72 169
72 176
72 177
72 181
72 183
72 185
73 4
73 13
73 15
73 16
73 18
73 28
73 30
73 31
73 38
73 45
73 47
77 7
77 31
77 32
77 39
77 53
77 104
77 109
77 110
77 113
77 118
77 123
78 8
78 14
78 23
78 25
78 26
78 31
78 33
78 50
81 17
81 130
81 136
81 147
81 148
81 149
81 153
81 167
82 5
82 14
83 3
83 6
83 11
83 12
83 22
83 29
84 6
84 11
84 19
84 39
84 46
84 47
84 49
85 2
85 6
85 8
85 13
85 41
85 43
87 11
87 12
87 22
87 28
87 44
87 45
87 46
87 48
87 56
87 70
87 72
87 74
87 76
87 83
87 89
87 90
87 95
87 98
87 104
87 105
87 110
87 117
87 121
87 142
87 145
87 148
87 149
87 152
87 162
87 166
87 173
87 176
87 181
87 182
87 184
88 30
89 27
89 28
89 29
91 18
91 19
91 27
91 30
91 34
91 35
91 36
91 39
91 62
91 67
91 70
91 75
91 76
91 84
91 94
91 95
92 82
92 85
93 4
93 7
93 8
93 12
93 16
93 19
94 65
95 7
95 8
95 21
95 22
95 24
95 40
95 41
95 47
95 60
95 61
95 73
95 75
95 80
95 86
97 56
97 60
97 68
97 69
97 73
97 84
97 91
100 89
100 92
100 97
100 101
100 119
100 120
100 121
100 125
100 131
100 132
101 6
101 14
101 58
101 60
101 62
101 74
101 78
101 80
102 8
102 10
102 12
102 13
102 22
102 29
102 41
102 55
102 57
102 64
102 69
103 6
103 8
103 10
103 12
104 4
104 12
105 2
105 10
105 18
105 19
105 24
105 25
105 30
105 35
105 38
105 40
105 41
105 47
105 52
105 101
