1 1
2 4
2 8
2 22
2 23
2 60
2 62
2 87
2 98
2 100
2 105
2 106
2 110
2 114
2 128
2 129
3 1
3 5
3 17
3 18
4 1
4 11
4 15
4 36
4 47
4 53
4 57
4 58
4 59
4 63
4 64
4 66
4 67
7 36
7 47
7 48
7 49
7 53
7 54
7 69
8 2
8 8
8 15
9 4
9 14
9 17
9 23
9 27
9 32
9 35
9 38
10 1
10 3
10 6
10 7
11 6
11 7
11 10
12 2
12 5
12 16
12 20
12 21
12 36
12 37
12 38
12 54
12 64
12 67
13 8
13 18
13 25
13 26
14 6
15 4
15 13
16 70
16 76
16 77
16 78
16 80
16 85
16 107
16 115
16 126
16 133
17 2
17 3
17 13
17 15
17 22
17 30
17 32
17 35
17 37
17 39
17 51
17 54
19 14
19 15
19 22
19 24
19 35
19 38
19 40
19 47
19 50
19 55
19 61
19 62
19 67
19 72
19 85
19 215
19 224
20 11
20 24
21 4
21 11
21 12
21 22
23 7
23 24
23 29
23 39
23 58
23 62
23 81
23 85
23 95
23 96
23 103
24 21
24 30
24 33
24 36
24 44
24 50
24 52
25 3
25 6
25 14
25 23
25 26
25 28
25 30
25 33
25 34
26 1
26 6
26 9
26 11
26 15
26 23
26 33
26 42
26 43
26 50
26 54
26 59
26 67
26 72
26 76
26 87
26 89
26 90
26 92
26 93
26 95
26 98
26 99
26 102
26 133
26 135
26 137
26 142
26 154
26 157
26 165
26 172
26 174
26 244
26 250
26 255
26 262
26 275
26 492
26 495
26 502
26 518
26 519
27 43
27 45
27 46
27 50
27 52
27 66
28 12
28 16
28 17
28 18
28 24
28 37
28 41
28 44
28 80
28 84
28 91
28 102
28 119
28 120
28 121
28 124
28 144
28 146
28 150
28 152
28 154
28 164
28 168
28 169
28 204
28 207
28 208
28 216
28 217
28 226
28 231
28 233
28 235
28 241
28 243
28 251
28 258
28 272
28 278
28 294
29 11
30 11
30 14
30 16
30 29
30 30
30 38
30 43
30 45
30 65
30 71
30 72
30 74
30 76
30 82
30 96
30 107
30 121
30 123
30 133
30 138
31 1
31 10
31 12
31 14
31 26
31 27
31 30
31 31
31 33
31 34
31 36
31 42
31 52
31 60
31 70
31 72
31 83
32 12
32 18
32 20
32 32
32 35
33 16
33 23
33 31
33 46
33 52
33 71
33 77
33 84
33 100
33 105
33 108
33 123
33 136
33 155
33 160
33 161
33 162
33 171
33 173
33 208
33 224
33 235
33 241
33 246
33 250
33 251
34 5
34 19
34 20
34 21
34 24
34 36
34 48
34 133
34 134
34 138
35 7
35 22
35 24
35 25
35 29
35 31
35 33
35 48
35 49
35 61
36 6
36 8
36 13
36 18
36 24
36 27
36 28
36 31
36 33
36 43
36 48
36 59
36 61
36 69
36 70
36 77
36 86
36 93
36 98
36 107
36 234
37 10
37 18
37 21
37 22
37 24
37 35
37 48
37 51
37 53
37 63
37 75
37 97
37 99
37 100
37 111
37 113
37 116
37 126
37 129
37 142
37 157
37 236
37 243
37 245
37 252
37 259
37 301
37 302
37 313
37 317
37 323
37 324
39 3
39 7
39 9
39 13
39 34
39 38
39 43
39 49
39 51
39 53
39 56
39 65
39 75
39 76
39 79
39 89
39 90
39 94
39 97
39 102
39 103
39 108
40 19
40 20
40 26
40 29
40 37
40 47
41 6
41 23
41 35
42 1
42 6
42 21
42 22
42 24
42 36
43 11
43 13
43 17
43 22
43 23
44 16
44 21
44 22
44 27
44 33
44 36
44 42
44 60
44 67
44 97
44 110
44 124
44 130
44 132
44 137
44 141
44 224
44 230
44 233
45 7
45 11
45 15
45 24
45 34
45 35
45 44
45 48
45 50
45 129
45 132
45 138
45 140
45 142
45 146
45 151
45 154
45 159
46 1
46 3
46 5
46 7
46 10
46 12
46 94
46 98
46 227
46 233
48 23
48 28
48 29
48 43
48 50
49 18
49 19
49 24
49 27
49 30
49 31
49 32
49 41
49 54
49 63
50 117
50 133
50 136
50 138
50 142
50 159
50 161
50 180
50 184
50 191
50 195
50 206
50 263
50 264
55 7
55 8
55 53
55 55
55 68
55 71
55 160
56 11
56 12
56 14
56 18
56 19
56 27
56 28
56 38
56 54
58 14
58 16
58 17
58 18
59 1
59 3
59 5
59 15
59 18
59 23
59 31
59 35
59 50
59 55
59 57
59 61
59 63
59 94
59 102
59 109
59 113
59 122
59 132
59 136
59 138
59 148
59 158
59 164
59 168
59 169
59 171
59 173
59 177
59 179
59 182
59 193
59 195
59 198
59 199
59 207
60 19
60 20
61 1
61 3
63 7
63 12
63 17
63 19
63 26
63 37
63 40
63 51
63 54
63 56
63 59
63 65
63 77
63 79
63 84
63 88
63 97
63 103
63 104
63 110
63 115
63 128
63 131
63 152
63 156
63 160
64 10
64 11
64 15
64 49
64 135
64 163
64 166
64 168
64 174
64 175
65 1
69 1
70 1
70 5
70 8
70 9
70 20
70 37
70 49
70 59
70 67
70 77
70 80
70 82
70 83
70 88
70 90
70 100
70 102
70 103
71 4
71 13
71 17
71 31
71 33
71 38
71 39
71 40
71 44
71 47
72 4
72 8
73 2
73 4
73 8
73 10
73 21
73 25
73 30
73 35
73 38
73 44
75 22
75 61
75 63
75 79
75 90
75 94
75 95
75 96
75 97
75 101
75 108
75 119
77 12
77 20
77 29
77 38
77 46
77 50
77 67
77 68
77 69
77 71
78 45
78 68
78 83
78 86
78 89
78 91
78 99
78 101
78 103
78 104
78 116
78 123
78 124
79 8
79 12
80 22
81 13
81 14
81 16
81 23
81 31
83 83
83 84
83 91
83 98
83 103
83 104
83 107
83 108
83 120
83 121
84 3
84 15
84 19
84 20
84 24
84 30
84 33
84 39
84 44
84 51
84 56
84 69
84 73
84 74
84 81
85 3
86 6
86 7
86 8
86 9
86 11
86 18
86 28
86 29
86 38
86 49
86 54
86 57
86 68
86 70
87 61
87 63
90 3
91 20
91 21
91 25
91 29
91 37
91 85
91 90
91 114
91 130
91 134
91 136
91 143
91 147
91 155
91 160
91 163
91 165
91 166
91 168
91 180
91 194
91 196
91 197
91 203
91 204
91 208
91 209
91 283
91 296
91 297
91 299
91 302
91 306
91 307
91 310
91 312
91 314
91 455
91 456
91 457
91 467
91 469
91 473
91 477
92 7
92 8
92 10
92 24
92 26
92 35
92 39
92 42
92 47
92 53
92 65
92 73
92 75
92 78
92 79
92 87
92 91
92 92
92 97
92 101
92 111
92 112
92 116
92 122
92 130
92 136
92 143
92 144
92 146
92 161
92 163
92 187
92 198
92 202
92 210
92 211
92 228
92 230
92 231
92 239
93 2
93 6
93 12
93 13
93 16
93 18
94 23
94 24
94 31
94 36
94 42
95 68
95 71
95 85
95 101
95 109
95 114
95 117
95 119
95 130
95 133
95 135
95 143
95 146
95 148
95 151
95 152
95 155
95 160
95 164
95 170
95 182
95 201
96 2
96 6
96 7
96 22
97 5
97 7
97 8
97 15
97 16
97 23
97 118
97 129
97 140
97 252
97 255
97 260
97 271
98 2
98 15
98 20
98 21
98 37
98 39
98 70
98 71
98 73
98 74
98 88
98 93
98 94
98 111
98 114
99 12
99 25
99 31
99 36
99 43
99 52
99 54
99 64
99 72
99 79
99 83
99 84
99 86
99 98
102 19
102 29
102 30
103 8
103 9
103 10
103 21
103 37
104 3
105 7
105 11
105 16
105 21
105 22
105 43
105 48
105 50
105 129
