1 3
2 9
2 10
2 16
2 20
2 28
2 34
2 35
2 53
2 56
2 60
2 64
2 70
2 76
2 80
2 95
3 2
3 6
4 1
4 2
5 6
5 16
5 18
5 19
5 21
5 23
5 25
5 35
5 43
5 45
5 51
5 58
5 80
5 84
5 92
5 97
5 110
5 113
5 115
5 123
5 129
5 169
5 170
6 1
7 7
7 132
7 161
7 168
7 175
7 187
7 196
7 205
7 215
7 217
7 229
7 238
7 243
7 256
7 257
7 258
7 264
7 270
7 275
7 281
7 287
7 428
7 432
7 442
7 451
7 477
7 495
7 496
7 505
7 516
8 84
8 98
8 99
8 103
8 105
8 107
8 109
8 118
8 122
8 123
8 126
8 138
8 140
8 141
8 143
8 144
8 151
8 153
8 155
8 161
8 184
10 4
10 7
10 20
10 25
10 40
10 53
11 20
11 24
11 31
11 36
11 42
11 47
11 65
11 67
11 75
11 76
11 84
11 97
11 99
11 101
11 106
11 110
11 117
11 126
11 127
12 72
12 73
12 78
12 79
12 83
12 84
12 93
12 97
12 98
12 104
12 106
12 110
12 112
12 117
12 128
12 136
12 138
14 12
14 15
14 23
14 29
14 36
14 41
14 43
14 58
14 60
14 68
14 73
14 75
14 78
14 87
14 88
14 90
14 91
14 104
14 110
14 117
14 118
14 128
15 8
15 10
15 19
15 25
15 31
15 34
15 35
15 44
15 68
15 75
15 82
16 1
16 14
16 20
16 22
16 27
16 30
16 34
17 6
17 8
17 19
17 23
19 12
19 14
19 21
19 29
19 31
19 35
19 40
19 42
19 43
19 46
19 50
19 61
19 75
19 85
19 87
19 89
19 95
19 98
20 35
20 37
20 39
20 46
20 50
20 57
20 62
20 64
20 65
20 79
20 83
20 84
20 94
20 96
20 111
20 119
20 123
20 125
20 128
20 129
20 144
20 148
20 149
20 159
20 161
20 171
20 175
20 177
20 180
20 192
20 194
20 196
20 197
21 8
21 15
21 18
21 24
21 25
21 28
21 32
21 33
21 36
21 50
21 52
21 54
21 61
21 62
21 63
21 65
21 69
21 70
21 72
21 102
21 105
21 109
21 114
21 118
21 138
21 143
21 144
21 151
21 158
21 168
21 176
21 177
21 192
21 194
21 195
21 200
21 204
21 205
21 338
21 343
21 344
21 374
21 389
21 393
21 402
21 407
21 413
21 416
21 421
21 434
21 435
21 441
21 446
21 447
21 451
21 452
22 2
22 4
22 17
22 21
22 31
23 1
23 12
24 1
24 2
24 4
24 8
24 13
25 8
25 9
25 10
25 12
25 15
25 20
25 25
25 30
25 47
25 49
25 55
25 58
25 63
25 64
25 67
25 75
25 78
25 82
25 83
25 87
25 96
25 102
25 117
25 118
25 123
25 135
25 144
25 145
25 146
25 152
25 153
25 155
25 156
25 167
25 170
25 174
25 175
25 176
25 178
25 183
25 184
25 190
25 202
25 204
25 218
25 272
25 273
25 282
25 286
25 287
25 290
25 294
25 295
25 306
25 317
26 8
26 19
26 22
26 23
26 24
26 26
26 32
26 33
26 47
27 7
27 12
27 13
27 20
27 22
27 24
27 27
27 33
27 35
27 39
27 46
27 50
28 76
28 83
28 84
28 97
28 101
28 240
28 249
28 250
28 251
29 2
29 3
29 12
29 20
29 21
29 24
29 28
29 29
29 33
29 34
29 39
29 40
29 44
29 47
29 54
32 37
32 54
32 57
33 4
33 6
33 14
33 17
33 18
33 19
33 23
33 29
33 32
33 38
34 7
34 10
34 11
34 12
34 13
36 57
36 60
36 76
37 20
37 26
37 32
38 1
38 5
38 7
38 10
38 20
38 21
38 104
38 108
38 120
38 124
38 135
38 136
38 150
38 151
39 17
39 22
39 25
40 9
40 13
40 14
40 16
40 25
40 26
40 31
40 33
41 2
41 19
41 29
41 30
41 37
41 41
41 46
41 50
41 54
41 55
41 69
41 70
41 72
41 73
41 97
41 104
41 110
41 111
41 114
41 120
41 128
41 137
41 140
41 142
41 148
42 64
42 67
43 8
44 14
44 19
44 23
44 34
44 35
44 41
44 42
44 45
44 63
44 65
44 74
44 85
44 94
44 96
44 97
44 99
44 102
44 103
45 1
45 4
45 13
45 22
46 17
46 22
46 25
46 28
46 30
46 34
46 39
46 43
46 45
46 49
46 59
46 60
46 68
46 76
46 78
46 82
46 84
46 94
46 122
46 128
48 47
48 50
48 57
49 12
49 13
52 1
52 7
52 8
53 51
53 61
53 62
53 68
55 48
55 56
55 60
55 70
55 73
58 12
59 3
59 8
59 28
59 33
59 36
59 43
59 46
59 48
59 54
59 66
59 67
59 69
59 70
59 76
59 87
59 92
60 2
60 3
60 15
60 25
60 30
61 51
61 54
61 56
61 61
62 1
62 6
62 7
62 12
62 13
63 24
63 27
63 28
63 29
63 42
63 46
63 58
63 63
63 65
63 66
63 69
63 81
63 83
63 86
63 90
63 102
63 105
63 107
63 114
63 132
63 138
63 139
63 145
63 146
63 148
63 165
63 170
65 7
65 8
65 29
65 33
65 38
65 40
65 43
65 47
65 56
65 58
65 69
67 10
67 13
67 17
67 19
67 20
67 109
67 110
67 112
67 118
67 134
67 138
67 140
67 149
67 151
67 161
67 175
67 182
67 184
67 203
67 204
67 206
67 211
67 213
67 214
67 222
67 269
69 18
70 2
70 8
71 23
71 47
71 53
71 61
71 64
71 68
72 127
72 129
73 6
73 12
73 13
73 22
73 33
73 34
73 39
73 43
73 47
73 48
73 55
73 67
73 86
73 87
73 89
73 92
73 93
73 95
73 97
73 98
73 101
73 107
74 48
74 51
75 1
75 8
75 18
75 23
76 2
76 6
77 111
77 123
78 113
79 14
79 20
79 24
79 32
79 36
79 38
79 47
79 48
79 50
79 107
80 1
80 7
80 13
80 15
80 19
80 26
80 37
80 56
80 63
80 71
80 77
80 86
80 87
80 90
80 91
80 94
80 95
80 100
80 104
80 111
80 125
81 13
81 34
82 7
82 9
82 15
82 17
82 26
82 31
82 58
82 68
82 80
82 81
82 87
82 89
82 92
82 94
82 96
82 97
82 114
82 121
82 123
82 124
82 127
82 128
83 12
83 22
83 30
85 4
85 9
85 20
85 22
85 25
85 27
85 36
85 41
85 46
85 55
85 58
85 61
86 7
86 26
86 42
86 59
86 63
86 71
86 73
86 88
86 92
86 108
86 114
86 115
86 133
86 134
86 157
86 161
86 162
86 176
86 184
86 197
86 198
86 200
86 201
86 205
87 36
87 39
87 42
87 45
87 46
87 50
87 51
87 72
87 76
88 3
88 8
88 9
88 54
88 64
88 65
88 66
88 80
88 83
88 88
88 89
88 96
88 99
89 11
89 13
89 26
89 36
89 37
89 38
89 40
89 41
89 47
89 48
89 49
89 51
89 53
89 64
89 65
89 67
89 68
89 73
90 1
90 3
90 22
90 23
90 27
90 30
91 7
91 21
91 26
91 31
91 32
91 34
91 35
91 37
91 46
91 51
91 113
91 121
91 131
91 133
91 134
91 153
92 20
92 22
92 35
92 46
92 49
92 54
92 57
92 58
92 64
92 69
92 70
92 79
92 103
92 108
93 7
93 10
93 18
93 25
93 27
93 33
93 36
93 41
93 45
93 47
93 51
93 52
93 56
93 122
93 127
94 3
94 4
94 27
94 34
94 36
94 51
94 52
94 62
94 67
94 69
94 76
94 78
94 81
94 86
94 88
94 90
94 95
94 112
94 113
94 116
94 117
94 125
94 129
94 130
94 136
94 142
94 143
94 147
95 1
96 8
96 10
96 27
96 53
96 54
96 62
96 88
96 90
96 94
96 98
97 10
97 11
97 13
97 143
97 146
97 148
97 150
97 168
97 179
97 184
97 187
97 204
97 205
97 212
97 229
98 1
98 4
98 23
98 25
98 30
98 32
98 34
98 39
98 55
98 57
98 58
98 66
98 72
99 2
99 3
99 9
99 19
99 157
101 19
102 1
102 8
102 9
102 24
102 35
102 46
102 48
102 59
102 68
102 69
102 77
102 92
102 104
103 49
103 51
103 54
103 131
103 136
103 140
103 145
103 163
103 167
103 176
103 180
103 194
103 195
103 197
103 200
103 204
103 215
