1 2
1 15
1 19
1 27
1 29
1 36
1 38
1 43
1 52
1 62
1 63
1 71
1 78
1 91
1 98
1 99
1 102
1 103
1 241
1 247
1 249
1 250
3 93
3 98
4 95
4 102
5 13
5 15
5 19
5 27
5 33
5 37
5 43
5 46
6 14
6 15
6 19
6 21
6 40
6 49
6 51
6 59
6 66
7 2
7 3
7 4
7 5
7 6
7 22
7 26
7 27
7 31
7 32
7 40
7 51
7 56
7 61
7 78
8 1
9 8
9 14
11 57
11 69
11 72
11 75
11 85
12 1
12 4
12 7
12 15
12 27
12 36
12 42
12 43
12 49
12 54
12 58
12 76
12 86
12 179
13 98
13 228
13 232
13 235
13 237
13 241
13 372
13 386
13 393
13 415
13 417
13 455
13 457
14 8
14 9
14 17
14 18
14 22
14 56
14 60
16 75
16 79
16 82
16 84
16 87
16 91
17 1
17 3
17 6
17 7
17 14
17 15
17 19
17 150
17 153
17 156
17 163
17 165
17 170
17 206
17 208
17 212
17 218
17 224
17 229
18 3
18 6
18 8
18 9
19 13
19 17
19 23
19 35
19 40
19 64
19 67
19 69
19 70
19 78
19 82
20 1
20 3
20 4
21 2
21 8
21 15
21 39
21 41
21 43
21 64
21 71
21 75
21 81
21 85
21 90
22 3
22 21
22 23
22 27
22 31
22 33
22 34
22 37
22 46
22 58
22 59
22 63
22 64
22 66
22 67
22 74
22 82
22 83
22 152
22 154
22 175
22 177
23 1
24 14
24 28
24 42
24 49
24 51
24 59
24 72
24 203
24 206
24 207
24 222
24 223
24 228
24 233
24 244
24 250
24 252
24 261
24 266
24 269
24 270
24 274
24 293
24 305
24 311
24 313
24 323
24 336
24 340
25 4
25 10
25 12
25 13
26 2
26 11
26 17
27 22
27 77
27 80
27 83
27 92
27 94
27 95
27 97
27 100
27 103
27 105
27 121
27 124
27 126
27 128
28 1
28 3
28 7
28 12
28 19
29 96
29 101
29 111
29 121
29 128
29 131
29 134
29 141
29 143
29 151
30 2
30 4
30 5
30 17
30 20
30 30
30 31
30 40
30 42
30 59
30 68
30 69
30 72
30 73
30 79
30 80
30 109
30 111
30 115
30 117
30 125
30 139
30 143
30 147
30 148
30 151
30 154
30 158
30 162
30 177
30 183
30 224
32 44
32 45
32 50
32 52
32 53
32 59
32 62
32 119
32 124
32 131
32 142
32 146
32 150
33 17
33 43
33 61
33 62
33 66
33 68
33 72
33 77
33 80
33 86
33 90
33 93
33 117
33 121
33 122
33 125
33 127
34 1
34 2
34 12
34 19
34 21
34 34
34 35
34 42
35 8
35 9
35 11
35 23
35 27
35 37
35 45
35 61
35 73
35 75
35 76
37 41
37 42
38 7
38 8
38 12
38 23
38 24
38 29
38 40
38 41
38 50
38 55
38 57
38 66
38 84
38 93
38 96
38 98
38 99
38 100
38 102
38 119
38 135
38 144
38 155
38 157
39 81
39 89
39 97
39 103
39 114
40 1
42 36
42 48
43 5
43 6
43 8
43 10
43 14
43 19
43 21
43 28
43 32
43 33
43 37
43 40
43 41
43 44
43 50
43 53
43 59
43 60
43 64
43 72
43 75
43 81
44 22
44 37
44 45
44 75
44 80
44 81
44 84
44 89
44 92
44 96
44 97
44 178
44 180
44 182
44 206
44 209
44 210
44 244
44 255
45 26
45 29
45 34
45 38
45 41
45 44
45 45
45 65
45 66
45 67
47 15
47 26
48 2
48 3
48 9
48 18
48 24
48 28
48 61
48 63
48 64
48 77
48 80
48 103
48 105
48 107
48 108
48 110
48 128
48 132
49 12
49 13
49 15
49 22
49 24
49 26
49 31
49 51
49 60
49 63
49 68
49 79
49 82
49 85
54 43
54 44
54 46
54 56
54 58
54 60
54 63
54 66
54 72
54 76
55 43
55 48
55 50
55 51
56 2
56 6
56 15
56 24
56 25
56 31
56 41
56 49
56 62
56 69
56 71
56 80
56 97
56 99
57 1
57 8
57 12
57 22
57 41
58 18
58 23
59 8
59 16
59 23
60 44
60 60
60 61
60 63
60 64
60 67
60 87
61 7
61 8
62 21
62 26
62 169
62 171
63 24
63 46
63 47
63 50
63 51
63 61
64 8
64 9
64 10
64 26
65 5
65 7
65 22
65 27
65 32
65 44
66 1
66 3
66 10
66 11
66 13
69 38
70 4
70 5
70 12
70 13
70 14
70 25
71 1
71 3
71 4
71 5
71 21
72 93
72 94
72 97
72 100
72 106
72 108
72 112
72 115
72 116
72 122
73 2
73 4
73 9
73 10
73 13
73 14
73 17
73 19
74 2
74 32
74 35
74 37
74 42
74 46
75 1
75 45
75 53
75 64
75 69
75 73
76 51
76 52
76 55
76 62
76 64
76 72
76 88
76 90
76 94
76 107
76 110
76 130
76 137
76 145
76 149
76 152
76 153
76 236
76 237
76 238
76 243
76 252
76 253
76 264
76 312
76 313
76 329
76 333
76 337
76 362
76 363
76 377
76 382
76 383
76 395
76 404
76 413
76 419
76 425
76 428
76 429
76 435
76 439
76 441
76 442
76 444
76 449
76 454
76 455
76 457
76 459
76 485
76 490
76 498
76 514
76 516
76 527
76 548
76 549
76 553
76 555
76 556
76 557
76 561
76 573
76 575
76 584
76 585
76 598
77 2
77 4
77 6
77 15
77 29
77 35
77 36
77 38
77 45
77 51
78 16
78 75
79 8
79 12
79 17
79 18
79 22
80 48
80 49
81 1
81 11
81 18
83 9
83 11
83 12
84 2
84 6
84 7
84 11
84 16
84 17
84 22
84 23
84 26
84 59
84 76
84 78
85 1
85 5
85 11
89 47
90 3
90 14
90 15
91 4
91 6
91 18
91 23
91 24
91 31
91 41
91 49
91 56
91 61
91 62
91 68
91 80
91 91
91 92
91 93
91 103
91 105
91 108
91 110
91 115
91 128
91 138
91 151
93 37
93 41
93 48
93 53
93 69
94 7
94 12
94 13
94 19
94 22
94 29
94 37
94 47
94 52
95 8
95 35
96 79
96 87
96 93
96 94
97 3
97 12
97 18
97 20
97 29
97 33
97 41
97 51
97 55
97 56
97 66
97 74
99 5
99 25
99 52
99 57
99 58
99 61
99 63
99 69
99 78
99 83
99 93
99 222
99 229
99 238
99 243
99 247
99 255
99 259
99 263
99 264
99 266
99 269
99 272
99 273
100 1
100 7
100 23
100 26
101 7
101 23
101 44
101 50
101 54
101 58
101 69
101 72
101 75
101 79
101 80
101 90
101 91
101 96
104 4
104 6
104 10
104 21
104 32
104 34
104 38
104 42
104 50
104 54
104 57
104 65
104 68
104 69
104 72
104 75
104 76
104 93
104 95
106 62
