1 2
1 9
1 42
1 44
1 48
1 50
1 55
1 56
1 70
1 73
1 74
1 78
1 95
2 1
2 4
2 5
2 8
2 12
2 13
2 31
2 45
2 49
2 50
2 51
3 2
3 4
3 18
3 20
3 21
4 3
4 4
4 12
4 16
4 21
4 29
4 38
4 41
4 42
5 2
5 23
5 24
5 42
5 48
5 82
5 83
5 86
5 88
5 118
5 121
8 23
8 35
9 5
9 29
9 36
9 39
9 46
9 58
9 65
9 67
9 79
9 84
9 88
9 93
9 122
9 130
9 136
9 141
9 145
9 152
11 75
11 80
11 103
11 111
11 117
11 126
11 127
12 1
12 5
12 8
12 15
12 16
12 18
12 21
12 22
12 29
12 33
12 35
12 36
12 40
12 46
14 29
14 39
14 40
14 49
14 54
14 58
14 59
14 62
15 2
15 5
15 7
15 13
15 21
15 28
16 1
16 7
17 12
17 13
17 18
17 21
17 23
17 29
17 32
17 42
17 43
17 48
17 50
17 52
17 53
17 78
19 31
19 33
19 47
19 52
19 55
19 63
19 72
19 74
19 80
19 88
19 89
19 93
19 95
19 111
19 116
19 131
19 132
19 134
19 135
20 8
20 25
20 30
20 31
20 37
20 38
20 39
20 40
20 42
20 64
20 65
20 74
20 77
20 83
20 93
20 96
20 104
20 110
20 111
20 116
20 120
20 122
20 131
20 136
20 139
20 145
20 147
20 149
20 156
20 162
20 163
20 177
20 181
20 195
20 209
20 214
20 244
20 250
20 252
20 254
20 259
21 86
21 89
21 94
21 104
21 105
21 108
21 111
21 114
21 122
21 126
21 141
21 142
21 152
22 94
22 96
22 100
22 105
22 109
22 114
22 120
22 127
23 112
23 113
23 116
23 117
23 135
23 142
23 145
23 156
23 160
23 179
24 101
24 112
24 113
24 115
24 116
24 117
24 122
24 131
24 139
24 140
24 219
24 223
24 236
24 241
24 256
24 257
24 260
24 261
24 262
24 263
25 1
25 3
25 10
25 19
27 8
27 15
29 31
29 43
29 54
29 59
29 76
29 82
29 106
29 126
29 127
29 128
29 129
29 138
29 142
29 151
29 164
29 177
29 189
29 191
29 195
29 203
29 206
29 207
29 211
29 214
29 219
29 224
29 226
29 231
29 232
29 235
29 243
29 245
29 249
30 5
30 10
31 4
31 8
31 9
31 13
31 19
31 25
31 94
31 227
31 235
31 238
31 240
31 241
31 250
31 251
31 258
31 259
31 266
31 276
31 278
31 279
31 290
31 296
32 15
32 26
32 29
32 33
32 44
32 45
32 58
32 65
32 68
32 86
32 94
32 95
33 2
33 4
33 5
34 2
34 4
34 7
34 8
34 9
34 12
34 13
35 4
35 5
35 14
35 22
36 8
37 16
37 26
39 44
39 46
39 49
39 56
39 65
39 116
39 118
39 120
39 131
39 134
39 136
39 139
39 140
39 145
39 146
39 150
39 153
39 155
39 157
39 165
40 4
40 9
40 16
40 21
40 25
40 40
40 46
40 47
41 5
41 8
42 3
42 22
42 23
42 27
42 39
43 6
43 10
43 11
46 62
46 65
46 74
46 76
46 78
46 81
46 93
46 100
46 101
46 119
46 130
46 133
46 142
46 146
46 147
46 150
46 152
46 156
46 167
47 2
48 15
48 16
48 21
48 22
48 24
48 26
48 31
48 34
48 43
48 46
48 47
48 49
48 50
48 56
48 59
48 65
48 73
49 12
50 3
50 11
50 32
50 33
51 129
51 133
51 137
51 140
51 157
51 180
51 186
51 202
53 15
53 19
53 29
53 34
53 42
53 43
53 49
53 50
53 51
53 66
53 71
53 91
53 110
53 113
53 120
53 122
53 125
53 161
53 164
54 28
54 37
54 38
55 4
55 5
55 10
55 28
55 36
55 37
55 43
55 46
55 47
55 54
55 61
55 66
55 104
55 114
55 116
55 118
55 131
55 135
56 10
58 27
58 32
58 39
58 53
61 95
61 107
61 109
61 130
61 136
61 139
62 6
62 17
62 23
62 31
62 43
62 45
62 47
62 50
62 51
62 55
62 185
62 187
62 191
62 194
62 204
62 211
62 217
62 218
62 219
62 221
62 223
62 225
62 281
62 282
62 284
62 286
62 290
62 291
63 9
63 27
63 29
63 43
63 44
63 62
63 67
63 68
63 72
63 75
63 82
63 89
63 95
63 100
63 102
63 106
63 119
63 125
63 160
63 162
63 164
63 170
63 176
63 181
63 185
63 187
63 190
63 191
63 193
63 199
63 207
63 216
64 7
64 8
64 21
64 27
64 37
64 43
64 47
64 48
64 51
64 52
64 53
64 56
64 57
64 60
64 70
64 71
64 83
64 90
66 10
66 12
66 19
66 20
66 21
66 23
66 28
66 46
66 55
66 64
66 78
66 85
66 87
66 90
66 93
66 106
66 107
66 111
66 120
66 131
66 144
66 160
66 163
66 167
66 175
66 177
66 180
66 181
66 194
66 196
66 204
66 218
66 220
66 228
66 229
66 236
66 241
66 243
66 250
66 251
66 254
66 262
66 263
66 268
66 272
66 278
66 281
66 290
66 294
69 66
69 71
69 79
69 80
69 81
69 85
69 86
69 92
69 104
69 110
69 112
69 113
69 224
69 238
69 240
69 244
69 251
69 253
69 255
69 257
69 259
69 265
69 266
70 6
70 12
70 15
70 17
70 21
70 24
70 35
70 36
70 38
70 40
70 41
70 44
70 53
70 57
70 61
70 62
70 70
70 71
70 72
70 73
70 74
70 82
72 18
72 19
73 33
73 35
73 47
73 69
73 70
74 4
74 5
74 20
74 58
74 59
74 71
74 126
74 128
74 130
74 133
74 137
74 138
74 151
75 6
75 12
75 14
75 17
76 26
76 29
76 30
76 33
76 37
76 43
77 1
77 5
77 11
77 14
77 20
77 42
77 43
77 46
77 48
77 68
77 73
77 78
77 81
77 83
77 88
78 10
79 4
79 11
79 16
79 18
79 21
79 29
79 41
79 136
79 139
79 144
81 28
81 32
82 2
82 8
82 11
82 12
82 14
82 27
82 35
85 50
85 62
85 64
85 65
85 71
85 75
85 80
85 85
85 86
85 89
85 119
85 141
85 153
85 176
85 178
87 2
87 9
91 33
91 36
91 42
91 46
91 66
91 70
91 78
91 79
91 80
91 87
91 90
91 102
91 114
91 117
91 119
91 121
91 126
91 132
91 141
91 145
91 148
91 153
91 159
91 185
91 190
91 193
91 194
91 200
91 203
91 210
91 212
91 214
91 216
91 226
91 235
92 4
92 8
93 16
93 20
93 21
93 23
93 24
93 30
94 5
94 9
94 10
94 11
95 9
95 16
95 17
95 39
95 43
96 57
97 2
97 4
97 5
98 2
99 8
99 19
99 20
99 21
99 27
99 29
99 33
99 35
99 36
99 42
100 24
100 27
100 33
100 36
100 40
100 58
100 59
100 64
100 67
100 68
100 71
100 72
100 85
100 87
100 88
100 96
100 99
100 100
100 109
100 113
100 120
101 9
101 10
101 12
102 7
102 8
102 10
102 15
102 20
102 24
102 25
102 31
102 37
102 104
102 109
102 112
102 115
102 122
102 133
102 140
102 142
102 144
104 5
104 19
104 32
104 74
104 80
104 83
104 84
104 86
104 89
104 92
104 99
104 102
104 110
104 111
104 117
104 127
104 136
104 137
104 146
104 163
104 165
105 7
105 13
105 28
105 29
105 32
105 35
105 36
105 38
106 4
106 6
106 7
106 16
106 25
106 28
106 36
106 43
106 49
106 52
106 57
106 59
106 63
106 69
106 72
106 73
106 90
106 121
106 122
106 124
106 141
106 156
106 163
106 170
106 174
106 182
106 186
106 188
106 189
106 192
107 3
107 10
107 17
108 57
108 58
108 63
108 68
108 74
108 83
108 89
110 49
110 58
110 73
110 81
110 91
110 93
110 116
110 125
110 144
110 147
110 151
110 155
110 160
110 164
110 169
110 171
110 191
