2 5
2 6
2 12
2 14
2 18
2 22
2 26
2 39
2 41
2 57
2 60
2 66
2 68
2 70
2 88
2 93
2 96
2 102
2 110
2 115
2 136
2 144
2 148
2 179
2 180
2 202
2 210
2 220
2 223
2 227
2 237
2 239
2 251
2 263
2 271
2 276
2 284
2 292
2 293
2 299
2 304
2 309
2 316
2 318
4 57
4 62
4 70
4 71
4 86
5 11
5 13
5 17
6 16
6 17
6 18
6 42
6 46
6 55
6 56
6 58
6 60
6 64
6 72
6 74
6 76
6 78
6 84
6 100
6 105
6 106
6 108
6 117
6 246
6 260
6 263
6 265
7 13
8 2
8 5
8 7
8 16
8 17
9 3
9 6
9 7
9 12
9 19
10 72
10 94
10 96
10 100
10 102
10 103
10 109
10 113
10 114
10 117
10 128
11 5
11 19
11 28
11 29
11 36
11 38
11 39
11 43
11 45
11 57
11 58
11 79
11 114
11 116
11 117
11 120
11 123
11 125
11 131
11 136
11 143
11 148
11 169
11 170
11 172
11 195
11 197
11 201
11 209
11 211
11 212
11 231
11 241
11 257
11 268
11 275
11 278
11 286
11 289
11 297
11 308
11 365
11 366
11 370
11 378
11 387
11 403
11 405
11 537
11 545
11 552
11 556
11 559
11 562
11 567
11 583
11 585
11 597
11 602
11 610
11 611
11 620
11 623
11 635
11 643
11 644
11 656
11 657
12 3
12 8
12 9
12 16
12 23
12 25
12 30
12 33
12 41
12 52
12 55
13 6
13 10
14 76
14 82
14 85
14 127
14 128
14 155
14 157
14 162
15 1
15 8
16 10
16 19
16 21
16 22
16 49
16 52
16 63
16 67
16 74
16 78
16 88
16 90
16 93
16 106
16 108
16 115
16 117
18 30
18 46
18 55
18 61
18 65
19 43
19 44
19 47
19 48
19 56
19 59
20 5
20 16
21 6
21 7
21 8
23 5
23 6
23 8
23 9
23 12
23 13
23 24
23 30
23 34
23 37
23 54
23 64
23 67
23 80
23 87
23 89
23 96
25 53
25 59
25 62
25 68
25 74
25 78
25 89
25 90
25 97
25 99
25 123
25 125
25 127
25 129
25 134
25 143
25 149
25 153
25 165
25 171
25 178
25 183
25 191
25 194
25 204
25 205
25 211
25 219
28 15
29 10
29 19
29 22
29 25
29 32
29 33
29 37
29 42
29 55
29 63
31 7
31 30
31 31
32 9
32 25
32 31
32 37
32 41
32 42
32 43
32 53
32 58
33 6
33 7
33 12
33 21
33 22
33 37
33 39
33 48
33 53
33 57
33 60
33 65
33 66
33 78
33 80
33 86
33 90
33 93
33 103
33 104
33 105
33 108
33 119
33 129
33 132
33 143
34 1
34 28
34 31
34 42
34 46
34 50
34 57
34 62
34 67
34 69
35 7
35 15
35 33
36 6
36 35
37 2
37 15
37 21
37 23
37 24
37 32
37 34
37 45
37 48
37 69
37 70
37 81
37 86
37 87
39 6
39 9
39 18
39 26
39 27
39 28
39 29
39 36
39 43
39 46
39 59
40 10
40 18
40 23
40 24
40 29
40 30
40 33
40 35
40 37
40 47
40 62
40 63
41 2
42 66
42 70
42 78
42 80
42 81
42 83
42 84
42 89
43 2
43 12
43 14
43 24
43 158
43 159
43 169
43 171
44 6
44 11
44 15
45 3
45 13
45 17
45 20
45 27
45 30
45 31
45 34
45 37
45 38
45 39
45 41
45 45
45 52
45 56
45 63
45 70
45 71
45 73
46 16
46 18
46 20
46 31
46 33
46 40
46 47
46 48
46 49
46 50
46 53
46 56
46 65
46 70
46 99
46 103
46 216
46 236
46 240
47 32
47 35
47 49
47 60
47 65
47 67
48 12
48 14
48 22
48 41
48 43
48 49
48 56
48 79
48 84
48 91
48 92
48 99
48 103
48 105
48 110
48 120
48 121
49 11
49 12
49 14
49 24
49 32
49 40
49 142
49 143
49 156
49 159
49 164
50 2
51 123
51 130
51 141
51 149
51 153
51 165
51 167
51 172
51 185
51 186
51 189
51 203
51 213
51 218
51 220
51 230
51 231
51 245
51 252
51 276
51 284
51 285
51 295
51 296
53 1
53 4
53 5
53 9
53 16
55 10
55 11
55 25
55 26
56 13
56 21
57 6
57 8
57 18
57 19
57 20
57 21
57 25
57 29
57 48
57 60
57 65
57 69
57 72
57 73
57 78
57 79
57 85
57 101
57 106
57 111
57 112
57 125
57 127
57 131
57 136
57 139
57 140
57 148
57 156
57 168
57 169
57 172
57 178
57 180
57 190
57 192
57 196
57 199
58 1
58 6
58 15
58 28
58 32
58 48
58 50
58 54
58 61
58 71
58 72
58 74
58 76
58 79
58 90
58 93
58 94
58 96
58 106
59 1
59 21
59 22
61 1
61 7
61 11
61 14
61 18
61 19
61 24
61 34
61 36
61 37
61 38
61 68
61 69
61 71
61 82
62 7
62 11
62 13
62 17
62 25
62 30
62 34
62 37
62 38
62 42
63 2
63 6
63 14
63 20
63 27
63 32
63 37
63 38
63 41
63 50
63 61
63 72
63 73
63 77
63 88
63 99
63 111
63 112
63 242
64 3
64 4
64 29
64 30
64 35
64 45
65 1
65 5
65 13
65 14
65 16
65 17
65 30
65 32
65 34
65 38
65 55
65 64
65 65
65 66
65 80
65 83
65 85
65 87
65 91
65 138
65 144
65 146
65 159
65 190
66 36
66 43
66 52
66 59
66 61
66 62
66 73
66 76
67 4
67 7
67 8
67 13
67 16
67 19
67 24
67 29
67 34
67 39
67 74
67 76
67 79
67 84
67 85
67 95
67 104
67 106
67 138
67 143
67 144
67 147
67 154
67 155
68 2
68 7
68 12
68 14
68 21
68 23
68 24
68 26
68 28
68 36
68 41
68 47
68 59
68 66
68 67
68 80
68 84
69 9
69 13
69 24
69 39
70 2
70 42
70 49
71 19
71 27
71 31
71 32
71 40
71 44
71 46
71 50
71 51
71 52
72 12
72 19
72 22
72 23
72 25
72 27
72 43
72 54
72 67
72 75
72 78
72 85
72 130
72 144
72 149
72 151
72 153
72 161
72 165
72 242
72 260
72 261
72 281
72 284
72 294
72 299
72 307
72 308
72 315
72 322
72 324
72 331
72 361
72 379
72 384
72 392
72 395
72 404
72 411
72 412
73 12
73 15
73 25
73 26
73 27
73 34
74 3
74 5
74 13
74 23
74 26
74 27
74 32
74 33
75 85
75 90
75 91
75 92
75 108
75 110
75 111
77 21
77 22
77 23
77 27
77 29
77 31
77 36
77 47
77 48
82 7
82 38
82 50
82 58
82 76
82 78
82 82
82 83
82 92
82 93
82 107
85 1
85 8
85 20
85 32
85 34
85 38
86 14
86 15
86 18
86 23
86 24
86 25
86 33
86 34
86 40
86 55
86 65
86 66
86 72
87 5
87 6
87 8
87 10
87 16
87 23
87 28
87 39
87 50
87 57
87 63
87 73
87 75
88 97
88 107
88 108
88 112
88 115
88 119
88 124
88 125
88 126
88 141
88 147
88 149
88 151
88 160
88 165
88 168
88 172
88 217
88 224
88 226
89 4
89 10
89 12
89 20
89 24
89 30
90 9
90 10
90 12
91 4
91 7
91 15
91 17
91 21
91 40
91 47
91 55
91 56
91 57
93 3
93 5
93 20
93 22
93 32
93 36
93 45
93 47
93 68
93 69
93 78
93 90
93 94
93 95
93 97
93 98
93 107
93 109
93 125
93 137
94 5
94 9
94 17
94 19
94 31
94 32
94 43
94 46
94 48
94 49
94 61
94 68
94 70
94 104
95 4
95 5
95 6
95 7
95 9
95 17
95 18
95 21
95 43
95 48
95 51
96 64
96 66
96 69
96 79
96 105
96 189
96 207
96 209
96 210
97 4
98 1
98 12
98 15
98 20
98 21
98 38
98 40
98 42
98 52
98 60
99 16
99 17
99 27
99 37
99 44
99 45
99 50
99 52
99 54
99 64
100 1
100 7
100 8
100 11
100 107
101 1
101 2
102 10
102 13
102 18
103 10
103 13
103 19
103 20
103 23
103 26
103 27
103 32
103 37
103 42
103 44
103 47
103 48
