1 1
1 4
1 6
1 8
2 3
3 2
3 3
3 16
3 91
3 93
3 94
3 100
3 110
3 115
4 6
4 9
4 10
4 13
4 16
4 27
4 28
4 31
4 34
4 36
5 120
5 121
5 136
5 146
5 148
5 150
5 153
5 160
5 174
5 175
6 76
6 79
6 106
6 111
6 117
6 122
6 130
6 135
6 149
6 154
6 157
6 162
6 188
6 189
6 191
6 194
6 199
6 203
6 211
6 218
6 229
6 231
6 362
6 364
6 365
6 374
6 375
6 378
7 5
7 14
7 15
7 21
7 42
7 50
7 51
7 52
7 55
7 57
7 63
7 71
7 74
7 78
7 82
7 83
7 94
7 99
7 101
7 110
7 115
7 118
7 120
7 124
7 125
7 137
7 139
8 15
8 18
8 21
8 23
8 65
8 67
8 77
8 82
8 84
8 89
8 90
8 100
8 108
8 112
8 115
8 120
8 123
8 138
10 5
10 12
10 14
10 26
10 36
10 37
10 50
10 58
10 61
10 62
10 72
10 77
10 82
10 83
10 90
10 95
10 99
11 42
11 44
11 45
11 57
11 73
11 78
11 85
11 95
11 96
11 105
11 202
11 204
11 211
11 218
11 224
11 234
11 253
12 5
12 8
13 3
13 6
13 21
13 28
13 29
13 32
13 34
13 41
13 47
13 56
13 62
13 69
13 73
14 2
14 3
14 8
14 143
14 146
14 148
14 149
14 151
14 231
14 239
14 241
14 243
15 3
15 4
15 8
15 9
15 12
17 5
17 11
17 14
17 21
17 27
17 29
17 30
17 34
17 74
17 80
17 83
17 94
17 96
18 18
18 19
18 24
18 34
19 2
19 7
19 12
19 13
19 17
19 20
19 28
19 33
19 47
19 53
20 60
20 61
20 90
21 3
21 4
21 13
21 16
21 23
22 1
22 4
22 11
22 20
22 23
22 25
22 26
22 29
22 57
22 72
22 77
23 1
23 3
23 14
23 17
23 21
23 28
23 41
23 42
23 46
23 51
23 52
23 56
24 6
24 17
25 5
25 8
25 11
25 24
26 17
27 2
27 67
27 76
27 77
27 81
27 84
27 87
27 88
27 89
27 100
27 101
27 115
27 117
27 120
27 127
27 143
27 144
27 146
27 148
27 173
27 176
27 190
27 195
27 204
27 206
27 282
27 285
27 291
27 292
27 295
27 296
27 306
27 314
27 318
28 51
28 53
28 54
28 56
28 58
28 59
28 64
28 72
28 82
28 97
29 2
29 3
29 6
29 13
29 25
29 29
29 37
29 40
29 59
29 60
29 64
29 67
29 69
29 71
29 80
29 83
29 84
29 88
30 12
30 28
30 33
30 35
30 37
30 46
30 54
30 61
32 67
32 71
32 80
32 84
32 87
32 91
32 101
32 105
32 106
32 110
32 116
32 118
33 51
33 62
33 66
33 71
33 179
34 16
34 24
34 30
34 31
34 46
34 53
34 57
34 58
34 59
35 2
35 4
35 15
35 17
35 20
35 27
35 33
35 37
35 38
35 40
38 2
38 21
38 26
38 28
38 32
38 34
38 44
38 50
38 58
38 61
38 66
38 70
38 80
38 82
38 94
38 120
38 121
38 133
38 134
38 149
38 153
38 156
38 170
38 175
38 178
38 183
39 84
39 85
39 86
39 89
39 101
39 111
39 112
39 115
39 116
39 125
39 127
39 132
39 135
39 137
39 140
39 141
39 147
39 148
39 152
39 174
39 189
39 205
39 335
39 339
39 342
39 344
39 357
39 360
39 361
39 419
39 438
39 442
39 456
39 460
39 473
39 475
39 476
42 1
42 2
42 8
42 21
42 26
42 29
42 30
42 44
42 45
42 48
42 53
42 58
42 72
42 82
42 99
42 106
42 110
42 124
42 132
42 134
42 158
42 176
42 177
42 183
42 190
42 193
42 200
42 203
42 256
42 257
42 260
42 261
42 269
42 275
42 278
42 282
42 284
42 291
42 293
42 300
42 319
42 321
42 323
42 336
42 339
42 344
42 348
42 350
42 494
43 8
43 19
43 25
43 27
44 7
44 10
44 20
44 24
44 30
45 3
45 5
45 6
45 11
45 27
45 34
45 39
45 41
45 43
45 44
45 52
45 53
46 27
46 30
46 31
46 42
46 44
47 8
47 30
47 43
47 46
47 47
47 48
48 2
48 25
48 26
48 41
48 42
48 48
48 53
48 57
48 58
48 59
48 60
48 62
48 63
48 69
48 70
48 73
48 76
48 77
49 5
49 18
49 21
49 22
49 25
49 28
49 30
49 31
49 32
49 34
49 38
49 60
49 61
50 15
50 18
50 25
50 30
50 32
50 173
50 174
50 176
50 179
51 38
51 39
51 42
52 9
52 13
52 21
52 23
52 35
52 52
52 53
52 70
52 72
52 74
52 83
52 86
53 3
53 11
53 13
53 14
53 22
53 41
53 47
53 49
53 57
53 61
53 64
53 67
53 69
53 78
53 84
53 85
53 88
55 52
55 62
55 74
55 76
55 79
55 80
55 83
55 85
55 89
55 98
55 99
55 111
55 119
55 120
55 124
55 128
55 130
55 135
55 142
55 144
55 146
55 171
55 173
55 176
55 177
55 180
55 181
55 184
55 185
55 196
55 198
55 200
55 206
55 207
55 213
55 223
55 227
55 230
55 260
55 261
55 273
55 405
55 410
55 425
55 429
55 431
55 435
55 436
55 448
55 451
55 458
55 460
55 465
55 475
55 487
55 495
55 506
55 513
55 514
55 517
55 521
55 522
55 525
55 538
57 46
57 47
57 58
57 65
57 66
57 69
57 72
57 75
57 79
57 84
57 88
58 45
58 46
58 47
58 61
58 62
58 110
58 117
58 121
58 127
58 129
58 130
58 262
58 263
58 270
59 11
59 25
59 71
59 76
59 78
59 84
59 99
59 105
59 108
59 113
59 114
59 123
59 128
59 132
59 149
60 1
61 2
61 12
61 15
61 28
61 45
61 56
61 57
61 68
61 70
61 74
61 85
61 102
61 105
61 110
61 114
61 124
61 126
64 4
64 6
64 8
64 16
64 21
64 22
64 25
64 28
64 29
65 1
65 5
65 7
65 15
65 33
65 57
65 61
65 68
66 3
66 9
66 13
66 14
66 18
66 21
66 30
66 31
66 65
66 66
66 70
66 83
66 87
66 93
66 103
66 111
66 114
66 124
66 134
66 135
66 140
66 146
66 155
66 158
66 173
66 178
66 186
66 188
66 194
66 195
66 201
66 266
66 272
66 279
66 293
66 296
66 298
66 301
66 303
66 305
66 306
67 4
67 9
67 10
67 24
67 29
67 30
67 37
67 48
68 72
69 117
69 118
69 123
70 3
70 4
70 5
72 9
72 17
72 19
72 22
72 25
72 37
72 49
74 28
74 31
74 37
74 39
74 62
74 69
75 2
75 6
75 13
75 16
75 23
75 26
75 58
75 73
75 82
76 1
76 8
76 36
76 41
76 53
76 57
76 66
76 71
76 73
76 75
77 1
77 3
77 4
77 16
77 17
77 25
77 39
77 44
77 50
79 2
79 4
79 9
79 12
79 14
79 44
79 49
79 54
79 55
80 30
80 34
81 2
81 7
81 12
81 16
81 17
81 18
81 31
81 36
81 39
81 40
81 48
81 52
81 61
81 66
81 67
81 72
81 78
82 1
82 7
82 13
82 37
82 39
82 44
82 51
82 54
83 17
83 24
83 25
83 44
83 49
85 54
85 70
85 75
85 84
85 98
85 102
85 107
85 110
85 111
85 133
85 141
86 7
86 48
86 50
86 51
86 54
86 67
86 71
86 72
86 85
86 86
86 87
86 89
86 90
86 95
86 101
86 105
86 106
86 107
86 111
86 112
86 121
86 130
86 131
86 135
86 136
86 139
86 142
86 144
86 145
86 147
86 150
86 152
86 161
86 165
86 214
86 215
86 217
86 221
86 222
86 225
86 227
86 254
86 257
86 268
86 269
86 274
86 279
86 285
86 289
86 295
86 306
86 315
86 317
86 318
86 330
86 355
86 360
86 367
86 368
86 380
86 396
86 399
86 405
86 410
86 421
86 426
86 432
86 434
86 437
86 439
86 445
86 451
86 454
86 468
86 472
86 480
86 491
86 494
86 505
86 515
86 524
86 527
86 529
86 536
86 541
86 544
87 1
87 6
88 47
88 50
88 57
89 2
89 10
89 17
89 18
89 27
89 28
89 36
89 38
89 49
90 3
90 7
90 9
90 19
90 24
90 28
90 31
90 32
90 42
90 43
90 46
90 70
90 162
90 166
90 173
92 5
92 6
92 10
