2 1
2 4
3 11
3 13
3 14
3 18
3 20
4 35
6 2
7 1
7 2
7 5
7 9
7 15
7 17
7 20
7 22
7 26
7 34
7 43
7 51
7 53
7 55
7 60
7 63
7 69
7 81
7 88
7 89
7 102
7 103
7 108
7 112
7 118
7 119
8 19
8 31
8 35
8 36
8 38
8 43
9 1
9 4
9 10
9 15
9 17
9 18
9 28
9 30
9 35
9 39
9 41
9 44
9 46
10 2
10 3
10 12
10 24
10 27
10 32
10 33
10 47
10 50
10 53
10 56
10 61
10 65
10 67
10 69
10 73
10 74
10 78
10 87
10 89
10 97
12 17
13 15
13 20
13 22
13 28
14 2
14 18
14 20
14 22
14 30
14 32
15 44
15 55
15 69
15 72
16 4
16 6
16 18
16 31
16 38
16 42
16 44
16 45
16 71
16 76
17 7
17 8
17 11
17 14
17 145
17 155
17 174
17 184
17 194
17 196
17 198
17 203
17 204
17 208
17 212
17 213
17 217
17 218
17 220
17 233
17 235
17 237
17 240
17 241
17 242
17 252
17 253
17 281
17 304
17 310
17 314
17 315
17 326
17 327
17 332
19 5
20 8
20 11
20 13
20 23
20 27
20 32
20 35
20 39
20 40
20 44
20 51
20 58
20 68
20 101
20 113
20 115
20 116
20 118
20 121
20 127
20 164
20 177
20 184
20 191
21 20
21 30
21 44
21 64
21 71
21 77
21 80
21 94
21 103
21 105
21 112
21 113
21 117
21 124
21 157
21 158
21 159
21 179
21 181
21 188
21 190
21 196
21 199
21 202
21 206
21 210
21 222
21 225
23 25
23 28
23 31
23 46
23 48
23 52
23 54
23 62
23 64
23 66
23 67
23 77
23 81
23 82
23 83
23 84
23 85
23 100
23 103
23 104
23 115
23 119
23 127
23 134
23 138
23 140
23 142
24 6
24 7
24 17
24 148
24 157
24 168
24 173
24 183
24 189
24 191
24 197
24 202
24 213
24 217
24 218
24 258
24 264
24 279
24 285
24 415
24 419
24 422
24 425
24 429
26 3
27 5
27 6
27 17
27 22
27 26
27 34
27 35
27 40
27 47
27 66
27 68
27 75
27 76
27 79
29 19
29 23
29 26
29 28
29 38
29 43
29 50
29 55
29 56
29 64
29 69
29 75
29 77
30 59
30 65
30 66
30 69
30 76
30 79
30 95
30 98
30 99
30 106
31 3
31 4
31 11
31 125
31 128
31 136
31 139
31 141
31 144
31 147
31 148
32 4
32 6
32 7
32 14
32 19
32 21
32 22
32 25
32 30
32 45
32 46
32 59
32 61
32 62
32 68
33 1
35 3
35 5
35 8
35 12
35 13
35 29
35 36
35 46
35 49
35 51
35 52
35 55
35 59
35 77
35 81
35 88
35 91
35 96
35 98
35 106
35 107
35 112
35 113
35 117
35 132
35 134
35 138
35 163
35 256
35 264
35 266
35 278
36 67
36 70
36 72
36 73
36 74
36 87
36 94
36 97
36 100
36 113
36 115
36 118
36 120
36 121
36 123
36 126
36 133
36 160
36 167
36 212
37 34
37 35
37 36
37 37
37 40
37 46
37 50
37 54
37 62
37 65
37 69
37 72
37 75
37 94
37 98
37 102
37 104
37 105
37 106
37 107
37 112
37 114
37 118
37 123
37 125
37 128
37 141
37 160
37 162
37 164
38 3
39 7
39 9
39 10
39 15
39 20
39 28
39 33
39 46
39 50
39 52
39 57
39 58
39 70
39 81
39 97
39 103
39 109
40 3
40 9
40 18
40 19
42 27
42 30
42 40
42 43
42 49
42 56
42 65
42 71
42 74
43 3
43 7
43 12
43 18
43 23
44 116
44 118
44 127
44 135
44 278
44 279
44 284
44 294
44 314
44 316
44 321
45 22
45 35
45 43
45 46
45 47
45 52
45 63
45 74
45 75
45 83
45 87
45 89
45 93
45 107
45 121
45 137
45 138
45 146
45 147
45 154
45 158
45 159
45 165
45 173
45 175
45 178
45 184
45 189
45 190
45 193
45 196
45 203
45 214
45 215
45 221
45 224
45 240
45 368
45 377
45 387
45 388
45 389
45 462
45 481
46 5
47 9
47 13
47 19
47 37
47 49
47 54
47 63
47 70
47 71
47 78
47 90
48 72
48 74
48 90
48 91
48 95
48 101
48 102
48 104
48 109
48 114
48 126
48 151
48 211
48 220
48 223
48 230
48 235
48 245
48 261
48 266
48 273
48 274
48 279
48 287
48 289
48 293
48 301
48 302
49 119
49 130
49 131
49 133
49 138
49 140
49 143
49 145
50 3
50 14
51 22
51 28
51 29
51 30
51 38
51 40
51 56
51 60
51 67
51 71
51 72
51 78
51 79
51 80
51 81
51 84
51 89
51 93
51 107
51 108
51 112
51 120
51 123
51 130
51 136
51 139
52 11
52 34
52 35
52 41
52 43
52 44
52 61
52 67
52 71
52 72
52 79
52 80
53 3
53 7
53 8
53 96
53 97
54 5
54 12
54 22
54 23
54 25
54 29
54 30
54 39
54 40
54 43
54 47
54 59
54 67
54 69
54 71
54 98
54 107
54 108
54 132
54 135
54 137
55 3
55 8
55 12
55 13
55 18
55 30
55 32
55 36
55 42
55 44
55 50
55 51
55 54
55 70
55 72
55 75
55 79
55 85
55 88
55 97
55 111
55 123
55 165
55 167
55 171
55 172
55 177
55 178
55 179
55 183
55 194
55 204
55 206
55 212
55 214
55 222
57 4
57 5
57 9
58 63
58 74
58 100
58 115
58 117
58 118
58 120
58 125
58 140
58 148
58 151
58 152
58 154
58 160
58 166
58 176
58 178
58 180
58 182
58 185
58 215
58 216
58 228
58 230
58 250
58 257
58 262
58 265
58 270
58 283
58 295
58 305
58 315
59 1
59 2
59 6
59 7
59 9
59 12
59 14
59 29
59 81
59 93
59 129
59 133
59 137
59 141
59 142
59 152
59 161
59 166
59 169
59 170
59 176
59 177
59 178
60 74
60 84
60 95
60 96
62 18
62 20
62 23
62 24
62 54
62 59
62 60
62 65
62 69
62 75
62 78
62 80
62 81
62 92
62 107
62 111
62 130
62 132
62 133
62 136
62 144
62 153
62 158
62 165
62 173
62 181
62 193
62 223
62 224
62 225
62 228
62 244
62 245
63 5
63 8
63 11
63 18
64 14
65 1
65 7
65 10
65 12
65 13
65 15
65 16
66 3
66 12
66 16
67 11
67 66
67 76
67 88
67 91
67 95
67 107
67 110
67 113
67 116
67 122
67 134
67 152
68 3
68 8
68 10
68 15
68 17
68 27
68 28
68 30
68 38
68 42
68 45
68 62
68 69
68 73
68 84
68 87
68 89
68 106
68 110
68 112
68 113
68 124
68 134
68 142
68 146
68 153
68 154
68 169
68 177
68 190
68 197
68 199
68 200
68 203
68 212
68 214
68 262
68 263
69 5
69 6
69 16
69 18
69 35
69 39
69 42
69 43
70 2
70 5
70 8
70 10
70 14
70 24
70 31
70 32
70 36
70 39
70 49
70 51
70 52
70 55
70 57
70 59
70 61
70 64
70 94
70 96
70 97
70 101
71 1
71 3
71 5
71 8
71 10
71 12
71 30
71 31
71 33
71 34
71 49
71 52
71 56
71 64
71 66
71 75
71 88
71 107
72 8
72 11
72 13
72 19
72 25
73 4
73 27
73 31
76 19
76 25
76 32
76 40
76 48
76 49
76 62
76 67
76 75
76 89
76 94
76 111
76 112
76 113
76 116
76 120
76 125
76 133
76 136
76 141
76 146
76 162
76 172
76 174
76 178
76 209
76 224
76 228
76 233
76 251
76 254
76 262
76 263
76 265
76 266
76 268
77 6
77 13
77 19
77 22
77 25
77 31
77 38
77 40
78 1
78 3
78 9
78 22
78 35
78 50
78 61
78 65
78 70
78 75
78 81
78 82
78 213
78 216
78 233
81 24
81 26
81 29
81 32
81 33
81 42
81 43
81 55
81 58
81 60
81 67
81 76
82 11
82 18
84 4
84 9
84 17
84 20
84 27
85 68
85 70
85 71
86 2
86 10
86 12
86 20
86 43
86 44
86 47
86 57
86 62
86 63
86 64
86 71
86 74
86 76
86 80
86 93
86 96
86 101
87 2
87 12
87 18
87 23
87 38
87 42
87 43
87 59
87 64
88 112
88 113
89 3
89 9
89 23
89 27
90 4
90 62
92 2
92 5
92 9
92 19
92 28
92 33
92 34
92 57
92 66
92 67
92 68
92 72
92 75
92 78
92 81
92 82
92 84
92 134
92 137
92 138
92 139
92 140
92 142
92 143
92 150
93 5
93 11
93 12
94 1
94 4
94 14
95 9
