1 11
1 20
1 34
1 41
2 6
2 7
4 36
4 39
4 40
4 43
5 3
5 25
5 29
5 35
5 43
5 52
5 54
5 61
5 64
5 72
5 74
5 75
5 91
5 92
6 11
6 17
6 32
6 33
6 34
6 45
6 50
6 89
6 92
6 97
6 100
6 102
6 106
6 118
6 122
6 126
6 128
6 131
6 133
6 146
6 147
6 148
6 150
6 151
6 157
6 166
6 167
6 170
6 172
6 177
6 187
6 193
6 194
6 205
6 211
6 218
6 220
7 59
7 61
7 66
7 69
7 71
7 77
7 84
7 94
7 96
7 118
7 120
7 121
7 127
7 139
7 141
7 146
7 156
7 159
7 162
7 170
7 172
7 181
7 184
7 187
7 189
7 205
7 215
7 218
7 220
7 222
7 225
7 231
7 237
7 246
7 251
7 252
7 278
7 287
7 288
7 293
7 295
7 305
7 313
7 315
7 319
7 320
7 322
7 330
7 332
8 9
8 17
8 20
8 21
9 69
9 74
10 4
10 9
10 15
10 25
10 29
10 36
11 5
11 10
11 16
11 46
11 54
11 59
11 60
11 61
11 64
12 3
12 19
12 23
12 25
12 30
12 31
12 34
12 41
12 43
12 44
12 48
12 50
12 76
12 77
12 81
12 82
12 92
12 93
12 97
12 107
12 108
12 110
13 27
13 33
13 35
13 37
13 45
13 46
13 49
14 4
14 9
15 8
15 10
15 12
15 23
15 31
15 45
15 48
15 51
15 71
15 74
15 78
15 79
15 84
15 90
15 92
15 95
17 8
17 12
17 14
17 28
17 31
17 39
17 46
17 50
17 53
17 58
17 59
17 68
17 75
17 79
17 88
17 90
17 93
17 94
17 101
17 108
17 111
17 114
17 118
17 121
17 123
17 134
17 155
17 156
17 157
17 158
17 186
17 189
17 257
17 259
17 263
18 115
18 120
20 19
20 24
20 31
20 32
20 36
21 6
21 39
21 169
22 3
22 5
22 8
22 10
22 12
22 17
22 26
22 32
24 92
24 99
24 107
24 122
24 125
24 134
24 140
24 142
24 145
24 146
24 149
24 154
24 184
24 200
24 209
24 216
25 27
25 31
25 32
25 39
25 40
25 59
25 61
25 64
25 66
25 69
25 75
25 83
25 93
25 94
25 99
25 103
26 3
26 4
26 13
26 19
26 28
26 38
26 46
26 49
26 50
26 60
26 65
26 66
26 69
26 79
26 80
26 87
26 90
26 92
26 98
26 110
26 116
26 151
26 160
26 165
26 168
26 171
26 172
26 173
26 178
26 187
26 215
26 221
26 228
26 241
26 249
29 14
29 17
29 20
29 26
29 28
29 31
29 32
29 36
29 37
29 42
29 43
29 48
29 53
29 56
30 3
30 6
30 20
30 23
30 27
30 31
30 34
30 37
30 41
30 42
30 43
30 49
30 56
30 77
30 83
30 95
30 101
30 102
30 106
30 112
31 5
31 11
31 13
31 26
31 31
31 37
31 41
31 45
31 48
31 55
31 59
31 65
31 70
31 75
31 85
31 86
31 95
31 109
31 112
31 128
31 130
31 140
31 143
31 154
31 157
31 166
31 192
31 193
32 6
32 14
32 32
33 97
33 99
33 111
34 84
34 85
35 6
35 8
35 12
35 14
37 57
37 60
37 69
37 77
37 87
37 90
37 95
37 97
37 106
37 107
37 224
37 232
37 233
37 239
37 245
37 265
37 266
37 276
37 280
37 290
37 293
37 302
37 306
37 314
38 2
38 4
38 13
39 4
39 7
39 18
39 19
39 28
39 35
39 44
40 6
40 9
40 11
40 17
42 65
42 93
42 95
42 96
42 102
42 104
43 3
43 12
44 13
44 15
45 3
45 4
45 11
45 18
45 22
45 23
46 2
46 3
46 6
46 7
46 14
46 24
46 163
46 171
46 173
47 52
47 53
47 55
47 56
47 59
47 64
47 85
47 89
47 97
47 122
47 129
48 27
48 28
48 35
48 47
48 50
48 69
48 73
48 75
48 112
48 118
48 120
48 122
48 130
48 131
48 132
48 136
48 138
48 145
48 151
48 153
49 1
51 56
52 15
52 25
52 28
53 5
53 12
53 15
54 1
54 2
54 5
54 9
54 11
54 14
54 16
54 17
54 23
54 26
54 28
54 30
54 44
54 51
54 52
54 55
54 57
54 58
54 59
54 87
54 88
54 91
54 95
54 105
54 115
54 116
54 117
54 119
54 133
54 134
54 135
54 138
54 139
54 143
54 146
54 151
54 158
54 163
54 173
54 176
54 185
54 200
54 211
54 220
54 224
54 233
54 246
54 251
54 255
54 263
54 266
54 267
54 274
54 276
54 278
55 8
55 16
55 23
55 24
55 38
55 44
55 48
55 50
55 55
55 61
55 66
55 68
55 71
55 73
55 92
55 94
55 115
55 116
55 131
55 134
55 138
55 143
55 147
55 164
55 165
55 172
55 175
55 234
55 237
56 1
56 3
56 15
56 23
56 28
56 29
56 33
56 53
56 54
56 57
56 79
56 82
56 94
56 104
56 107
56 109
56 115
56 132
56 133
56 143
56 151
56 157
56 167
56 169
56 172
56 180
56 190
56 196
56 201
56 204
56 206
56 208
56 210
56 221
56 222
57 28
59 70
59 71
59 81
59 82
59 88
59 93
60 60
60 61
60 62
60 71
60 72
60 75
60 78
60 79
60 84
60 88
60 219
60 222
60 226
60 229
60 235
60 237
60 242
60 243
60 248
60 256
60 266
61 4
61 14
61 18
61 21
61 25
61 35
61 37
62 1
62 2
62 10
62 14
62 19
62 43
62 45
62 49
62 77
62 87
62 89
62 90
62 94
62 100
62 106
62 133
62 136
62 138
62 147
62 148
62 151
62 163
63 22
63 24
63 26
63 36
63 40
63 43
63 47
63 54
64 62
64 68
64 71
65 89
65 92
65 98
65 100
66 7
66 14
66 24
66 28
66 40
66 51
66 61
66 65
67 4
67 5
67 12
68 6
68 9
68 10
68 14
68 17
68 20
68 22
70 57
70 71
70 76
70 81
70 85
70 90
70 102
71 8
71 10
71 19
72 10
72 14
72 29
72 34
72 39
72 40
72 42
72 45
72 47
72 56
72 57
72 62
72 66
72 67
72 68
72 73
72 80
72 82
72 84
72 86
72 89
72 96
72 97
72 98
72 101
72 134
72 142
72 149
72 160
72 162
72 164
72 173
72 174
72 175
72 185
72 191
72 198
72 209
72 210
72 215
72 217
72 218
72 221
72 227
72 228
72 230
72 232
73 11
73 22
73 23
73 26
73 30
73 31
73 35
73 40
73 44
73 46
73 49
73 58
73 60
73 62
73 67
73 73
74 5
74 6
74 13
74 44
74 51
74 56
74 61
74 62
74 66
74 200
74 202
74 203
74 204
74 208
74 213
74 219
74 220
74 231
74 238
74 368
74 385
74 386
74 392
74 396
74 401
74 403
74 406
74 408
74 411
74 413
74 415
74 417
74 426
74 428
74 431
74 438
74 439
74 442
74 447
74 450
74 453
74 460
75 2
75 15
75 22
75 30
75 34
75 41
75 42
75 43
75 47
75 51
75 52
75 54
75 57
75 63
79 14
79 17
79 20
79 24
79 40
79 41
79 49
79 59
79 64
79 80
79 85
79 86
80 3
80 9
80 16
80 22
80 23
80 29
80 37
80 42
80 48
80 50
80 56
80 61
80 64
80 71
80 73
80 76
80 80
80 165
80 177
80 179
80 180
80 186
80 192
80 201
80 206
80 219
80 258
80 277
80 280
80 308
80 315
80 319
80 325
80 334
81 1
81 14
81 23
81 25
81 44
82 1
82 3
82 12
82 14
82 15
82 20
82 27
82 121
82 130
82 134
86 29
86 31
86 37
86 38
86 43
86 45
86 59
86 69
86 76
86 83
86 90
86 92
87 6
87 7
87 17
87 19
87 36
87 37
87 50
87 53
87 57
87 60
87 69
87 71
89 29
89 42
89 44
90 15
90 20
90 29
91 64
91 66
91 68
91 73
91 79
92 45
92 70
92 73
92 76
92 83
92 85
92 92
92 94
92 102
92 111
92 114
92 120
92 123
92 127
93 6
93 18
93 21
93 22
93 25
93 27
93 37
94 4
94 7
94 15
94 20
94 35
94 37
94 40
94 42
94 48
97 31
97 32
97 38
98 61
98 64
98 71
98 75
100 53
100 59
100 76
100 86
100 91
100 93
100 96
100 109
100 110
100 111
100 115
100 123
100 128
100 129
100 131
100 139
100 141
100 142
100 143
100 145
100 148
100 151
100 157
100 161
100 164
100 172
