1 6
1 14
1 28
1 29
1 32
2 20
2 22
2 25
2 36
2 39
3 5
3 9
3 15
4 88
4 93
5 20
5 27
5 29
5 37
5 50
5 53
5 66
5 67
5 71
6 2
6 5
6 12
6 26
6 33
6 34
6 40
6 47
6 48
6 55
6 57
7 9
7 12
7 25
7 30
7 31
7 41
7 43
7 51
7 60
7 62
7 84
7 98
8 14
8 15
8 18
8 24
8 25
8 31
8 33
8 43
8 44
8 45
8 52
9 13
12 94
12 96
12 102
12 104
12 108
12 115
12 117
12 122
13 15
13 16
13 17
13 19
13 20
13 25
13 29
13 34
14 4
14 7
14 11
14 12
14 33
14 36
14 43
14 44
16 42
16 51
16 108
16 117
16 121
16 122
16 124
16 128
16 130
16 136
16 140
16 141
16 146
16 148
16 151
16 152
16 154
16 159
16 167
16 168
16 169
16 184
16 189
16 192
16 193
18 11
18 24
18 29
18 31
19 1
19 6
19 21
19 24
19 25
19 26
19 27
19 35
19 64
19 65
19 67
19 75
19 83
19 89
19 91
19 92
19 94
19 98
19 103
19 119
19 126
19 127
19 137
19 162
19 164
19 177
19 184
19 187
19 188
19 195
19 201
19 211
19 217
19 223
19 225
19 234
19 235
19 239
19 249
19 252
19 254
19 255
20 15
20 24
20 50
20 59
20 63
20 66
20 79
20 81
20 82
20 86
20 90
20 96
20 98
21 33
21 51
21 54
21 63
21 73
21 83
21 103
21 107
21 109
21 110
21 123
21 125
21 126
21 143
21 150
21 165
21 169
21 175
21 178
22 4
22 5
22 8
24 83
24 89
24 90
24 99
24 105
24 110
25 4
25 7
26 5
26 11
26 12
26 17
26 26
26 35
26 36
26 41
26 47
26 54
26 56
26 57
26 61
26 63
26 68
26 86
26 92
26 94
26 105
26 115
26 117
26 124
26 148
26 154
27 13
27 15
27 17
27 18
27 20
27 24
27 27
27 35
27 36
27 41
27 42
27 46
27 49
28 6
28 52
28 66
28 68
29 1
30 5
30 7
30 9
30 12
30 24
30 28
30 29
30 42
34 19
34 21
34 33
34 40
34 105
34 108
34 112
34 114
37 61
37 63
37 113
37 120
37 132
37 149
37 150
37 157
37 159
37 161
37 173
37 174
37 175
37 183
37 191
37 198
37 199
37 205
37 217
37 225
37 229
37 230
38 20
38 21
38 32
38 37
38 41
38 42
38 49
38 64
38 65
38 72
38 85
38 88
38 90
38 91
38 93
38 94
39 8
39 13
42 14
42 15
42 22
43 3
43 20
45 115
45 116
45 120
45 122
46 1
46 2
46 12
46 15
46 17
46 18
46 25
46 32
46 35
46 37
46 39
46 52
46 58
46 61
46 70
46 78
46 80
46 86
46 92
46 100
46 109
46 113
46 244
46 246
47 15
47 17
47 18
47 23
47 26
47 27
47 31
47 32
47 35
47 37
47 46
47 55
47 56
47 59
47 66
48 59
48 63
48 74
48 76
48 80
48 86
48 90
48 101
48 104
48 105
48 115
48 119
48 124
48 125
48 127
48 128
48 140
48 148
48 149
48 156
48 157
48 158
48 160
48 178
48 214
48 216
48 222
48 228
48 238
48 246
49 33
49 37
49 39
49 42
49 172
49 175
49 178
49 184
49 187
49 192
49 193
49 199
49 229
49 232
49 246
49 282
49 283
49 291
49 292
49 301
50 13
50 38
50 42
50 50
50 53
50 57
51 39
51 45
51 47
51 49
51 66
51 69
51 89
52 15
52 22
52 28
52 36
52 43
52 49
52 67
52 73
52 83
52 84
52 87
52 96
52 104
52 106
52 109
52 111
52 118
52 120
52 124
52 125
52 129
53 5
53 8
53 14
53 18
53 20
53 24
53 26
55 4
55 10
55 21
55 28
55 30
55 31
55 32
55 37
55 42
55 46
55 47
55 56
55 58
55 68
55 69
55 71
55 72
55 84
56 8
56 15
56 16
56 19
56 23
56 33
56 53
56 54
56 65
56 72
56 81
56 84
57 7
57 10
57 11
57 13
57 15
57 24
57 31
57 33
58 19
58 26
58 28
58 31
58 33
60 33
60 52
60 55
60 62
60 68
60 69
60 70
60 156
60 162
60 166
60 185
60 186
60 191
60 193
63 12
63 15
63 16
64 5
64 8
64 19
64 35
64 39
64 45
65 13
65 33
65 37
65 39
65 40
65 45
65 52
65 55
65 61
65 62
65 71
65 80
65 84
65 88
65 89
65 92
65 99
65 103
65 105
65 106
65 121
65 129
65 168
65 173
67 55
67 56
67 64
67 66
67 67
67 68
67 69
67 76
68 13
68 19
68 26
68 27
68 29
68 41
68 48
68 51
68 52
68 65
68 78
68 81
68 85
68 112
68 125
68 131
68 133
68 137
68 141
68 151
68 161
68 162
68 163
68 165
68 167
68 181
68 184
68 189
68 204
68 205
68 206
68 212
68 215
69 3
69 4
69 8
69 17
69 18
69 27
69 36
69 38
69 43
69 47
69 49
69 50
70 9
70 18
70 30
70 34
70 40
70 53
70 54
70 62
70 66
70 68
70 69
70 92
70 97
70 98
70 100
70 109
70 113
70 124
70 125
70 147
70 154
71 1
71 17
71 18
71 24
71 33
71 35
71 37
72 122
72 125
72 127
75 33
75 41
75 44
75 61
75 74
75 79
75 83
75 101
75 120
75 125
75 128
75 135
75 148
75 152
75 170
76 3
76 5
76 7
76 8
76 21
76 26
76 30
76 55
76 61
76 62
76 81
76 82
76 88
76 90
76 91
76 96
76 101
76 232
76 234
76 236
76 248
76 255
76 257
76 258
76 262
76 265
76 271
76 280
76 281
77 17
77 29
77 31
77 38
77 39
77 40
77 53
77 55
77 56
78 5
78 15
78 20
79 7
79 15
79 25
80 7
80 8
80 13
81 25
84 17
84 27
84 28
85 12
85 13
85 17
85 30
85 52
85 54
85 57
85 62
85 64
85 65
85 70
85 75
85 76
85 79
85 83
85 93
85 97
85 100
85 107
85 111
85 124
85 130
85 133
85 157
85 158
85 164
85 165
85 167
85 182
85 183
85 191
85 194
85 196
85 200
85 204
85 212
85 216
85 230
85 235
86 5
86 11
86 34
86 38
86 51
86 52
87 4
87 18
87 20
87 33
87 56
87 61
87 67
87 72
87 73
87 75
87 78
87 87
87 95
87 106
87 108
87 110
87 111
87 113
87 118
87 121
87 123
87 137
87 145
87 150
87 151
87 155
88 12
88 17
88 22
88 24
89 5
89 8
89 28
89 43
89 50
90 45
90 60
90 66
92 5
92 6
92 14
92 19
92 23
92 29
92 30
92 38
92 48
92 60
92 64
92 66
92 69
92 74
92 77
92 78
94 9
94 11
94 15
94 22
94 26
94 32
94 40
94 48
94 50
94 51
94 101
94 109
94 115
94 118
94 123
94 136
94 147
94 155
94 160
94 166
94 167
94 181
94 190
94 214
94 216
94 220
94 235
95 1
95 13
95 15
95 18
95 19
95 21
95 29
96 2
96 5
96 14
96 27
96 31
96 34
97 1
97 2
97 7
97 8
97 13
97 18
97 25
97 33
97 34
97 36
97 37
97 41
97 44
97 45
97 55
97 74
97 78
97 82
97 88
97 89
97 90
97 93
98 3
98 13
98 19
98 20
98 34
98 38
98 41
98 46
98 48
98 51
98 62
98 64
99 33
99 40
99 42
103 39
103 45
103 46
103 54
103 55
103 58
103 68
103 109
103 110
103 111
103 251
103 253
104 16
104 21
104 25
104 28
104 31
104 35
104 38
104 42
104 44
104 55
104 56
104 60
104 62
104 65
104 80
104 85
104 93
104 99
104 102
104 104
104 112
104 122
104 123
104 126
104 133
104 142
104 153
104 167
105 43
105 44
105 50
105 52
105 53
105 61
105 64
106 3
106 8
106 11
106 40
106 46
106 61
106 179
106 196
106 197
107 3
107 14
107 15
107 16
107 17
107 18
107 23
107 24
107 27
107 38
109 110
109 119
109 134
109 140
109 157
109 165
109 182
109 191
109 204
109 205
109 207
109 209
109 222
