1 5
1 8
1 9
1 12
1 15
1 17
1 30
1 38
1 47
1 51
1 55
1 75
1 85
1 90
1 91
1 93
1 100
1 106
1 112
1 117
1 124
4 16
4 17
4 19
4 36
4 41
4 44
4 56
4 59
4 68
4 76
4 77
4 85
4 88
4 97
4 102
4 108
4 112
4 113
6 3
6 9
6 12
6 17
6 19
6 25
6 33
6 46
6 50
6 52
6 59
7 8
7 14
7 20
7 21
7 26
7 27
7 156
7 157
7 160
7 161
7 178
7 183
10 42
10 43
11 5
11 7
12 2
12 6
12 13
13 25
13 28
13 32
13 41
14 14
14 16
14 20
14 24
14 50
14 54
14 66
14 67
15 2
16 73
16 84
16 91
16 96
16 101
16 103
16 126
16 128
16 131
16 132
16 135
17 19
17 21
17 25
17 26
17 34
18 1
18 3
18 11
18 13
18 15
18 17
18 20
18 21
18 52
18 53
18 58
18 60
18 61
18 180
18 188
18 189
18 191
18 193
18 195
18 203
18 227
21 25
22 3
22 5
22 19
22 21
22 48
22 51
22 67
22 71
22 80
22 86
22 92
22 222
22 223
22 232
22 242
23 3
23 5
23 6
23 9
23 20
23 23
23 24
23 27
23 31
23 138
23 140
23 147
23 155
23 167
23 170
23 174
23 180
23 186
24 12
24 13
24 18
24 21
24 26
24 29
24 34
24 39
24 44
24 54
24 58
24 61
24 62
24 66
24 67
25 3
25 6
25 23
27 16
29 68
29 79
29 84
29 88
29 97
29 98
29 168
29 169
29 175
29 185
29 186
29 188
29 198
29 211
29 222
29 227
29 359
29 361
29 363
29 377
29 378
29 388
29 393
29 398
29 403
29 415
29 417
29 426
29 430
29 438
29 442
29 447
31 95
31 96
31 100
31 103
31 126
31 129
31 136
31 137
31 168
31 174
31 195
31 198
31 215
31 219
31 227
31 229
31 235
31 239
31 249
31 254
31 259
31 276
31 277
31 280
31 286
31 287
31 291
32 9
32 11
34 2
34 4
34 8
34 9
34 13
34 21
34 23
34 29
35 93
35 94
35 101
35 241
35 242
35 272
36 6
36 8
36 12
37 18
37 25
37 32
37 38
37 172
37 179
37 183
37 185
37 187
37 323
37 324
37 328
37 339
37 344
37 345
37 350
37 360
37 363
37 364
37 367
37 371
37 375
37 380
37 383
37 388
37 395
37 398
37 403
37 415
37 417
37 419
37 425
37 427
37 430
37 433
37 434
37 437
37 473
37 474
37 478
37 486
37 488
37 493
37 498
37 502
37 503
37 509
37 519
37 522
37 533
37 542
37 545
37 546
37 556
37 560
37 570
37 578
37 579
37 584
37 586
37 597
37 602
37 617
37 621
37 625
37 626
37 635
37 639
37 641
37 644
38 7
38 14
38 15
38 22
38 32
38 36
38 49
38 52
38 53
38 61
38 66
38 69
38 75
38 88
38 93
39 1
39 3
39 7
39 8
40 2
40 3
40 43
40 55
40 59
40 60
40 64
40 75
41 2
41 7
41 9
41 25
41 29
41 32
41 42
41 74
41 82
41 86
41 89
41 93
41 94
42 87
42 88
42 92
42 94
42 95
42 97
42 100
42 101
44 89
44 94
44 95
44 105
44 108
44 110
44 125
44 134
44 142
44 143
44 161
44 164
44 167
44 168
44 173
44 175
44 176
44 196
46 93
46 94
46 108
46 111
46 113
46 120
46 126
47 1
50 3
50 11
50 19
50 25
50 31
50 32
50 36
50 47
50 48
50 67
50 71
50 75
50 76
50 102
50 103
50 106
50 112
50 117
50 123
50 127
50 135
50 138
50 140
50 142
50 144
50 151
50 154
50 157
50 169
50 172
50 203
50 212
50 218
50 228
50 231
50 234
50 238
50 240
50 243
50 247
50 249
50 256
50 265
50 280
50 282
50 284
50 285
50 293
50 295
50 308
50 310
50 327
50 328
50 331
50 336
50 342
50 347
51 3
51 6
52 7
52 10
52 37
52 42
52 44
52 46
52 48
52 53
52 70
52 75
52 76
52 78
52 85
53 138
53 146
53 149
53 153
53 164
53 175
53 180
53 182
53 185
53 191
53 196
53 202
53 221
53 230
53 232
53 241
53 247
53 248
53 250
53 252
53 257
53 264
53 267
53 270
53 271
55 2
55 4
55 5
55 7
55 8
55 11
55 38
55 48
55 49
55 58
56 16
56 18
56 22
56 24
56 27
56 34
56 40
56 43
56 46
56 52
56 54
56 55
56 60
56 62
56 70
56 73
56 84
56 96
56 107
56 115
56 116
56 127
56 129
56 131
57 22
58 9
58 17
58 18
58 26
58 42
58 50
58 54
59 2
59 5
59 6
59 22
59 28
60 41
60 56
60 61
60 73
60 77
60 78
60 79
60 83
60 84
60 161
60 170
60 172
60 173
60 179
60 188
61 1
62 63
62 64
62 67
63 5
63 6
63 13
63 23
63 26
63 31
63 45
65 2
65 12
65 17
65 23
65 25
66 57
66 74
66 75
66 79
66 86
66 92
66 96
66 100
66 102
66 113
66 115
66 125
66 128
66 135
66 141
66 143
66 167
67 1
67 3
67 8
67 9
67 10
68 1
68 7
68 8
68 9
68 12
69 1
69 4
69 10
69 11
69 15
69 16
69 26
69 29
69 31
70 19
70 22
70 28
70 40
70 41
70 45
70 55
70 58
70 59
70 62
70 83
70 94
70 117
70 119
70 120
70 121
70 122
71 15
71 17
71 25
71 26
72 46
72 49
73 101
74 76
74 88
74 89
74 93
74 97
74 103
74 122
74 124
74 128
74 134
74 141
74 143
74 151
74 155
74 158
74 167
75 36
75 41
75 42
75 49
75 61
75 63
75 118
75 120
75 122
75 124
75 126
75 135
75 143
75 150
75 151
75 156
75 167
75 169
75 175
75 181
75 183
75 184
75 187
75 189
75 194
75 196
75 206
75 221
75 222
75 224
75 227
75 230
75 238
75 259
75 264
75 271
75 282
75 293
75 299
75 303
75 305
75 306
76 5
76 9
76 10
77 87
77 95
77 96
77 97
77 109
77 113
77 114
77 115
77 207
77 209
77 215
77 220
77 221
77 233
77 242
77 244
77 248
77 249
77 250
77 259
77 262
77 263
78 5
79 22
79 30
79 35
79 90
79 97
79 132
80 12
80 23
80 27
80 29
80 34
81 3
81 4
81 17
81 25
81 26
81 29
81 41
81 49
82 1
82 6
82 31
82 41
82 51
82 52
82 54
82 76
82 77
82 97
82 104
82 106
83 1
83 2
83 6
83 15
83 26
83 29
83 32
83 34
83 37
83 53
83 70
83 72
83 76
83 83
83 84
83 89
83 90
83 93
83 170
83 174
83 177
83 182
83 198
84 7
85 57
85 59
85 65
85 66
85 75
85 84
85 85
88 4
88 5
88 13
88 21
88 22
88 31
89 9
89 15
89 17
89 19
89 34
89 36
89 42
91 29
91 31
91 32
91 37
91 42
91 46
91 47
92 41
92 42
92 43
92 52
92 54
92 59
92 63
92 64
92 69
92 72
92 84
92 99
92 106
92 112
92 121
92 127
92 131
92 134
92 135
92 139
92 158
92 162
92 163
92 164
92 167
92 169
96 23
96 30
96 35
96 40
96 45
96 48
96 50
96 55
96 56
96 61
96 64
96 66
96 71
96 77
96 80
96 91
96 105
96 111
96 118
97 35
97 41
97 42
97 48
97 53
97 64
97 90
97 105
97 106
97 107
