1 9
1 10
1 22
1 24
1 26
1 40
2 4
3 9
3 17
3 18
4 9
4 10
4 12
4 17
4 23
4 30
4 37
4 41
4 42
4 43
4 47
4 71
4 76
4 89
4 90
4 92
4 93
4 96
4 97
5 2
5 10
5 15
5 20
5 31
5 33
5 34
5 42
5 46
5 50
5 51
5 55
5 58
5 163
5 167
5 171
5 175
5 181
5 194
5 205
5 218
5 221
5 226
5 229
5 234
5 235
5 254
6 59
6 62
6 67
6 70
6 81
7 38
7 39
8 3
8 9
8 15
8 16
8 18
8 21
8 23
8 27
8 31
8 34
8 37
8 40
8 41
8 48
8 51
8 61
8 68
8 70
8 80
8 82
8 95
8 101
9 38
9 39
9 50
9 53
9 54
9 59
9 60
9 71
9 72
9 76
9 77
9 99
11 70
11 77
11 81
11 84
11 92
11 93
11 106
11 108
11 119
13 123
13 131
13 133
13 136
13 146
13 154
13 161
13 175
13 177
13 182
13 183
13 185
13 192
13 193
13 206
13 207
13 209
13 211
14 67
14 84
15 1
16 5
16 11
16 19
17 6
17 12
17 20
17 21
17 27
17 28
17 33
17 40
17 42
17 45
17 47
17 48
17 49
17 51
18 88
18 90
18 94
18 99
18 108
18 109
19 1
19 3
19 8
19 9
19 13
20 4
20 9
20 10
20 15
20 22
20 29
20 35
20 44
20 173
20 179
20 183
20 186
20 192
20 200
20 201
20 206
20 207
20 223
20 224
20 243
21 37
21 41
21 45
21 47
21 56
21 57
21 62
21 66
21 69
21 74
21 81
21 92
21 96
21 102
21 106
21 107
21 112
21 113
22 12
22 15
22 17
22 20
22 25
22 32
22 40
23 4
23 76
23 77
23 79
23 84
23 91
23 97
23 98
23 112
23 113
23 119
23 121
23 126
23 131
23 137
23 141
23 146
23 151
23 153
23 162
23 163
23 171
23 176
23 181
23 196
23 197
24 46
24 55
24 59
24 62
24 65
24 66
24 67
24 69
24 80
24 82
24 87
24 97
24 101
24 152
24 156
24 157
24 159
24 160
24 163
24 166
24 172
24 174
25 19
25 21
26 6
26 10
26 24
26 35
26 36
26 43
26 44
26 49
26 61
26 72
26 82
26 86
27 30
27 41
27 46
27 48
27 50
27 55
27 56
27 62
27 68
27 75
27 89
27 90
27 93
27 95
27 106
27 108
27 116
27 117
27 122
27 127
27 128
27 134
27 136
27 139
27 143
27 151
27 154
27 159
27 175
27 176
27 189
27 198
27 203
27 216
27 224
27 227
27 230
27 239
27 248
27 254
27 256
27 258
27 265
27 274
27 280
27 300
27 302
27 303
27 321
27 323
28 142
28 146
28 148
28 153
28 159
28 167
29 90
29 99
29 106
29 110
29 123
29 133
30 2
30 4
30 5
31 52
31 70
31 74
31 84
31 86
31 91
31 102
31 111
31 114
31 123
31 124
31 133
31 147
31 148
31 154
31 160
31 161
31 167
31 170
31 243
31 246
31 248
31 256
31 258
31 260
31 267
31 272
31 274
31 277
31 279
31 286
33 39
33 45
33 49
33 50
33 51
34 1
34 6
34 23
34 28
34 38
34 42
34 49
34 181
34 190
34 193
34 206
35 57
35 61
35 62
35 82
35 98
35 101
35 102
35 103
35 104
35 109
36 12
37 20
37 24
37 27
37 30
37 31
37 33
37 50
37 54
37 56
37 63
37 64
38 1
38 3
38 8
38 9
38 141
38 146
38 150
38 154
38 158
38 161
38 167
38 171
38 181
38 182
38 186
41 15
41 19
41 29
41 37
41 55
41 112
41 118
43 14
43 22
43 26
43 29
43 33
43 36
43 43
45 29
45 31
45 39
45 40
46 122
46 132
46 136
46 137
46 139
47 81
47 82
47 85
47 91
47 94
47 95
47 102
47 103
47 107
47 114
47 115
47 120
47 127
47 133
47 136
47 142
47 162
47 173
47 178
47 184
47 194
47 195
47 197
47 203
47 210
47 211
47 232
49 49
49 54
49 61
49 74
49 75
49 79
49 83
52 28
52 35
52 39
52 45
52 47
52 53
52 54
52 71
52 72
52 82
52 84
52 87
52 88
52 98
52 100
52 112
52 113
52 114
52 119
52 123
52 137
52 146
52 152
52 154
52 159
52 169
52 171
52 175
52 182
52 184
52 187
52 188
52 198
52 200
52 219
52 220
52 227
52 233
53 59
53 60
53 81
53 85
55 19
55 22
55 34
55 40
55 45
55 49
55 67
55 69
55 72
55 78
55 82
55 84
55 88
55 95
55 100
55 110
55 114
55 124
55 143
55 144
55 153
55 156
55 157
55 161
55 175
55 179
56 1
56 12
56 14
56 22
56 23
56 29
56 30
56 31
56 33
56 42
56 60
56 97
56 98
57 4
57 13
57 15
57 27
57 38
57 46
57 50
57 52
58 5
60 61
60 64
60 65
60 67
60 78
60 82
60 85
60 89
60 93
60 150
60 155
60 156
60 166
60 171
60 192
60 208
60 214
61 45
61 60
61 62
61 66
61 149
61 150
61 155
61 168
61 173
61 175
61 180
61 182
61 183
61 191
61 201
62 6
62 7
62 11
62 12
62 23
62 28
62 31
62 32
62 33
62 41
62 45
62 174
62 177
62 179
62 183
62 184
62 186
62 188
62 198
62 200
62 206
62 207
62 208
62 213
62 224
62 229
62 230
62 235
62 237
62 238
62 248
62 252
62 278
62 279
62 287
63 1
63 3
63 5
63 7
63 14
63 29
63 30
63 34
63 35
63 42
63 44
63 50
63 64
64 3
64 7
64 19
64 29
64 42
64 43
64 55
64 68
64 71
64 73
64 86
64 88
64 89
64 91
64 116
64 141
64 165
64 169
64 171
64 181
64 182
64 188
65 16
65 19
65 155
65 158
65 162
65 171
65 175
65 177
65 180
65 181
65 183
66 16
66 17
67 11
67 23
67 30
67 35
67 37
67 47
67 48
67 51
67 58
67 62
68 1
68 3
68 4
68 7
68 8
68 22
68 25
68 27
68 36
68 45
68 50
69 3
69 7
69 9
69 13
69 14
69 15
69 20
69 26
69 37
69 44
70 6
70 7
70 9
70 12
70 14
72 36
72 43
72 48
72 49
72 54
72 56
72 66
72 132
72 151
72 152
72 155
72 158
72 161
72 165
72 167
72 181
72 190
72 196
73 8
73 15
73 18
73 25
73 26
73 32
73 37
73 49
73 50
74 9
74 10
74 18
75 5
75 8
75 9
75 12
75 16
75 19
75 25
75 30
75 40
75 56
75 60
75 62
75 66
77 52
77 53
77 54
77 62
77 66
77 72
79 2
79 3
79 4
79 14
79 15
79 17
79 21
79 28
79 36
79 40
79 53
79 69
79 75
79 77
79 78
79 79
79 80
79 82
79 84
79 85
79 86
79 99
79 101
79 105
79 116
79 117
80 6
80 7
80 11
80 12
80 16
80 17
80 28
80 55
81 3
81 6
81 30
81 33
81 36
81 37
83 52
83 53
84 1
84 5
84 7
84 8
84 10
84 15
84 17
84 20
84 26
84 34
84 37
84 41
84 54
84 60
84 75
84 77
84 79
84 84
84 93
84 100
84 102
84 105
84 116
84 117
84 118
84 120
84 121
86 71
86 77
86 84
86 85
86 93
86 94
86 106
86 128
86 129
86 130
86 143
87 12
87 18
87 23
87 24
87 27
87 29
87 160
87 162
87 169
87 173
87 174
87 192
87 198
87 201
87 202
87 207
88 29
88 40
90 9
90 10
91 53
