1 3
1 7
1 11
1 21
1 22
1 33
1 34
1 35
1 52
1 55
1 57
1 64
1 65
2 38
2 39
2 54
2 57
2 59
2 67
2 70
2 118
2 126
2 127
2 139
2 142
2 144
2 146
2 152
2 154
2 158
2 166
2 172
2 175
2 178
2 182
2 183
2 192
2 197
2 208
2 210
2 214
2 224
2 229
2 230
2 235
2 240
2 244
2 247
2 258
2 268
2 271
2 276
2 278
2 281
2 285
2 296
2 308
2 311
2 313
3 1
3 7
3 8
3 11
3 16
3 17
3 19
3 20
4 100
4 101
4 102
4 106
4 112
4 124
4 133
4 134
4 144
4 145
5 6
5 8
5 12
5 29
5 31
5 32
5 41
5 43
5 51
5 52
5 56
5 62
5 69
5 74
5 79
5 83
5 90
5 97
5 108
5 109
5 110
9 20
9 22
10 1
10 3
10 5
10 6
10 14
10 18
10 35
10 38
10 39
10 52
10 60
10 62
10 69
10 72
10 78
10 79
10 93
10 103
10 104
10 109
10 114
10 118
10 140
10 141
11 4
11 26
11 30
11 32
11 33
11 47
11 48
11 57
11 72
12 4
13 5
13 10
13 13
13 15
13 17
13 25
13 29
13 42
13 64
13 83
13 123
13 124
13 197
13 198
13 208
13 226
13 234
13 236
13 240
13 242
13 250
13 252
13 258
13 279
13 301
13 310
13 311
13 322
13 330
13 337
13 348
13 353
13 354
13 357
13 373
13 385
13 398
13 399
13 400
13 403
13 411
13 415
13 418
13 421
13 578
13 587
13 588
13 590
13 591
13 612
13 627
13 628
13 642
13 644
13 649
13 656
13 662
13 665
13 666
13 678
13 683
13 684
14 36
14 37
14 39
16 33
16 34
17 5
17 6
17 7
17 8
17 9
18 9
18 11
19 3
19 6
19 12
19 15
21 28
21 31
21 33
21 42
21 43
21 44
21 53
21 56
21 57
21 58
21 76
21 81
21 82
21 86
21 102
21 103
21 104
21 110
21 118
21 126
21 130
21 148
21 150
21 165
21 168
22 5
22 41
22 70
23 6
23 18
23 19
23 40
23 43
23 61
27 46
27 51
27 66
27 68
27 72
27 73
27 77
27 78
28 3
28 13
28 16
28 37
28 39
28 48
29 79
29 81
29 94
29 102
29 107
29 115
29 120
29 126
29 127
29 131
29 137
29 140
29 142
29 146
29 164
29 175
30 5
30 16
30 18
33 71
33 74
33 75
33 77
33 82
33 83
33 92
33 94
33 95
33 104
33 108
33 114
33 126
33 127
33 134
33 139
33 145
33 147
33 151
33 153
33 162
33 167
33 183
33 184
33 188
33 189
34 12
34 17
34 23
34 27
34 29
34 39
34 43
34 60
34 67
34 71
34 73
34 78
34 82
34 84
34 87
34 90
34 96
34 104
34 110
34 111
34 124
34 130
34 131
35 2
35 4
35 16
35 28
35 29
35 30
35 166
35 180
35 183
35 188
35 195
35 196
35 201
35 204
35 217
35 227
35 230
35 232
36 1
36 3
36 9
36 16
36 20
36 33
36 36
36 39
36 41
36 43
36 46
36 50
36 54
36 55
36 69
36 84
36 85
36 87
36 98
36 99
36 105
36 108
36 110
36 113
36 137
36 141
36 142
36 153
36 157
36 158
36 163
36 179
36 183
36 184
36 192
36 195
37 26
37 27
37 37
37 45
38 20
39 111
39 122
39 125
39 126
39 129
39 132
39 135
39 139
39 140
39 142
39 145
39 146
39 156
39 175
39 178
39 179
39 186
39 207
39 212
39 213
39 214
39 216
39 220
39 235
39 237
39 238
39 239
39 242
39 247
40 23
40 32
40 34
40 36
40 41
40 43
40 59
40 73
40 74
40 80
40 89
40 91
40 94
41 3
41 6
41 7
41 13
41 14
41 15
41 20
41 29
41 31
42 8
42 23
43 1
43 7
43 22
43 23
43 27
43 30
43 34
43 44
43 48
43 60
43 67
43 76
43 81
43 82
43 84
43 89
43 93
44 4
44 14
44 20
44 29
44 33
44 34
44 38
44 56
44 62
44 70
44 75
44 78
44 79
44 89
44 96
44 98
44 101
44 103
44 113
44 121
44 122
44 123
44 124
44 196
44 197
44 214
44 220
44 221
44 239
44 241
44 246
44 251
44 254
46 12
47 130
47 135
47 140
47 148
47 158
47 163
47 182
47 183
48 5
51 69
51 80
51 84
51 85
51 92
51 94
51 95
51 100
51 109
51 110
51 248
52 2
52 6
52 13
52 15
52 19
52 24
53 3
53 4
53 8
53 14
53 15
53 18
53 21
53 24
53 30
53 39
53 43
53 51
53 52
53 60
53 112
55 71
55 75
55 77
55 78
55 93
55 96
55 97
55 99
55 100
55 106
55 108
55 112
55 113
55 115
55 120
55 123
55 128
55 132
55 139
55 142
55 149
55 152
55 154
55 155
55 163
55 172
55 187
55 198
55 200
55 203
55 207
55 216
55 229
55 231
55 238
55 256
55 395
55 411
55 415
56 4
56 12
56 19
56 22
56 24
56 27
56 30
57 28
57 37
57 42
57 44
57 57
57 62
57 64
57 73
57 75
57 76
57 81
58 1
58 34
58 43
58 52
58 54
58 56
58 58
58 69
59 10
59 12
59 18
59 19
59 150
59 158
59 168
59 174
59 176
59 188
59 189
59 205
59 211
59 212
59 226
59 228
59 235
59 237
59 246
59 253
59 254
59 277
59 280
59 287
61 126
61 127
61 130
61 131
62 57
63 3
64 17
64 19
64 23
64 24
64 26
64 29
64 31
64 33
64 35
64 50
64 54
64 56
64 63
64 64
64 77
64 80
64 81
66 11
66 14
66 15
68 1
68 7
68 8
68 13
68 17
68 48
68 55
68 57
68 73
68 80
68 83
68 93
68 94
68 97
68 105
68 106
68 110
68 111
68 118
68 183
68 184
68 200
68 202
68 204
73 39
73 41
73 69
73 71
73 72
73 81
73 92
73 94
73 98
73 113
73 115
73 120
73 121
73 142
73 175
73 187
73 189
73 190
73 192
73 194
73 205
73 219
73 220
73 221
74 19
74 21
74 28
74 29
74 30
74 35
75 20
75 21
75 31
75 40
75 45
75 46
75 55
75 61
75 63
75 67
75 68
75 73
75 78
75 79
75 81
75 82
75 83
77 75
77 78
77 79
77 80
77 82
77 83
77 85
77 86
77 91
77 92
77 98
77 99
77 110
77 113
77 116
77 117
77 123
77 126
77 131
78 3
78 6
78 12
78 15
79 4
79 7
79 14
79 86
79 88
79 97
79 98
79 101
79 104
79 107
79 117
80 5
80 16
80 18
80 19
80 20
80 25
80 29
80 42
80 49
80 50
80 64
80 77
80 81
80 93
80 95
80 108
80 114
80 119
80 124
80 125
80 200
80 202
84 35
84 40
84 80
84 83
84 86
85 5
85 17
85 20
85 38
85 44
85 47
85 49
85 50
85 57
85 61
85 64
85 78
85 79
85 83
85 90
85 101
85 106
85 110
85 121
85 132
85 135
85 139
85 147
85 148
85 157
85 159
85 162
85 163
85 189
85 190
85 201
85 206
85 207
85 225
85 226
85 228
85 234
86 4
87 1
87 26
87 34
88 2
88 6
88 12
90 8
90 17
90 20
90 26
90 42
90 43
90 44
90 61
90 69
90 88
90 93
90 103
90 110
91 11
91 12
91 41
91 46
91 53
92 37
93 13
94 10
94 16
94 22
94 27
95 62
95 66
95 67
95 73
96 46
96 48
96 55
96 63
96 69
96 71
96 85
96 89
96 92
96 103
96 104
96 111
97 12
97 28
97 42
98 7
98 10
98 17
98 18
99 6
99 9
99 10
99 11
99 13
99 35
99 42
99 45
99 49
99 51
99 52
99 58
99 65
99 72
99 74
99 75
99 80
99 89
99 99
99 104
99 108
99 114
99 122
101 10
101 13
101 23
101 30
101 32
101 38
101 44
101 57
101 62
101 63
101 66
101 71
101 81
101 85
101 86
101 90
101 105
101 119
101 122
101 127
101 182
101 242
