1 5
1 10
1 12
1 28
1 31
1 33
1 46
1 50
1 57
1 66
1 70
1 72
1 74
1 75
2 115
2 117
2 119
2 125
2 134
2 138
2 139
2 142
2 151
2 162
2 173
2 177
2 181
2 200
2 201
2 204
2 212
2 215
2 216
2 231
2 253
2 257
2 265
2 266
2 290
2 292
2 301
2 313
2 314
2 317
2 318
2 327
2 332
2 340
2 341
2 342
2 357
3 3
3 5
3 15
3 20
3 21
3 26
3 28
3 33
3 35
3 44
3 45
3 53
3 57
3 61
3 71
3 88
3 89
3 97
3 102
3 110
3 113
3 114
3 140
3 147
3 160
3 166
3 230
3 239
3 241
3 250
3 266
3 270
3 271
3 276
3 277
3 286
3 287
3 289
3 293
3 296
3 297
3 324
3 329
3 331
3 335
3 336
3 340
3 350
3 352
3 357
4 4
4 6
4 9
4 19
4 20
4 23
5 12
5 15
5 18
5 25
5 35
5 39
5 42
5 49
5 51
5 57
5 59
5 74
6 7
7 4
7 16
7 17
7 28
7 45
8 7
8 15
8 17
8 20
8 28
8 29
8 30
8 33
8 42
8 51
8 57
9 1
9 10
9 11
9 12
11 112
11 126
11 128
11 194
12 1
12 7
12 8
12 14
12 15
12 18
12 77
12 81
13 5
13 17
13 22
13 23
13 26
13 29
13 33
13 40
13 51
13 53
14 3
14 5
14 6
14 8
14 9
14 10
14 19
14 27
14 34
14 35
14 49
14 178
14 196
14 265
14 368
14 370
14 379
14 381
14 387
14 389
14 401
14 406
14 412
14 421
14 424
14 426
14 432
15 8
15 13
15 15
15 24
15 27
15 31
15 32
15 34
15 44
15 46
16 2
16 24
16 33
16 35
16 37
16 43
16 45
17 30
17 35
17 36
17 38
17 43
17 45
17 54
17 56
18 130
18 138
18 141
18 148
18 151
18 152
18 159
19 8
19 23
19 24
19 30
20 22
20 30
20 32
20 35
20 42
20 46
20 53
20 57
20 74
20 204
21 3
21 20
21 27
21 38
21 39
21 42
21 55
21 59
21 63
21 64
21 69
21 71
22 1
22 7
22 26
22 27
22 35
22 46
22 49
22 53
22 77
22 82
22 84
22 93
22 95
22 113
22 114
22 124
23 9
23 32
23 37
23 47
23 68
23 75
23 106
23 110
23 112
23 123
23 127
23 134
23 135
23 136
24 67
24 80
24 81
24 82
24 87
24 92
25 76
25 80
25 81
25 91
25 97
25 99
25 103
25 107
25 111
25 127
25 135
25 139
25 149
25 157
25 160
25 163
25 164
25 179
25 181
25 186
25 188
25 198
25 205
25 338
25 348
26 18
26 25
26 28
26 29
26 31
26 36
26 45
26 53
26 54
26 55
27 1
27 8
27 11
27 13
27 16
28 1
28 3
28 27
28 32
28 35
28 42
28 47
28 63
28 69
28 73
28 78
28 79
28 81
28 83
28 86
28 89
28 92
28 98
28 103
28 110
28 115
28 149
28 166
28 173
28 176
28 186
28 190
28 196
28 202
28 209
28 210
29 75
29 86
29 92
30 1
30 2
30 11
30 12
30 14
30 18
30 19
30 23
30 26
30 29
30 31
30 43
30 49
30 116
31 27
31 29
32 72
32 73
32 74
32 75
32 81
32 85
32 91
32 92
32 107
32 112
32 122
32 127
32 129
32 132
32 136
32 146
32 147
33 11
33 12
33 27
33 31
33 38
33 53
33 59
33 87
33 88
33 110
33 112
33 138
33 151
33 153
33 160
33 167
33 169
33 178
33 180
33 183
33 185
33 198
33 203
33 213
33 217
33 218
33 221
33 224
33 226
33 230
33 239
33 262
33 264
33 267
33 275
33 285
33 292
33 301
33 338
33 348
33 356
33 369
33 382
33 384
33 385
33 386
33 390
34 4
34 8
34 13
34 15
34 16
34 19
34 21
34 22
35 1
35 8
35 12
35 15
35 21
35 154
35 155
35 159
35 168
35 170
35 174
35 178
35 181
35 187
35 191
35 205
35 212
35 215
35 241
35 250
35 252
35 264
35 285
35 287
35 295
35 297
35 302
35 304
35 307
35 309
35 314
35 315
35 325
35 330
35 337
35 341
38 19
38 27
38 29
38 39
38 51
38 70
38 82
38 93
38 99
38 101
38 109
38 118
38 121
38 126
39 1
39 3
39 7
39 8
39 12
39 14
39 16
39 18
39 20
39 28
41 32
41 39
41 43
41 53
41 55
42 4
43 7
43 19
43 21
43 30
43 39
43 43
43 49
43 113
43 117
43 118
43 121
43 122
43 124
43 130
43 155
45 67
45 69
45 70
47 3
47 142
47 152
47 155
47 161
47 163
47 166
47 182
47 185
47 190
47 191
47 194
47 195
47 197
47 198
47 203
47 208
47 212
47 220
47 221
47 223
47 227
47 232
47 241
47 244
47 245
47 247
47 248
47 253
47 255
47 256
47 260
47 263
47 271
47 273
47 286
47 288
47 292
47 296
47 315
48 3
48 4
48 5
48 14
48 16
48 59
48 61
48 66
49 47
49 50
49 52
49 60
49 62
49 64
49 72
49 80
49 83
49 84
49 94
49 97
49 100
49 103
49 105
49 107
49 110
49 173
49 175
49 176
49 178
49 181
49 192
49 197
49 201
50 12
51 3
51 5
51 6
51 15
51 16
52 6
52 16
52 17
52 27
52 29
52 30
52 39
52 48
52 50
52 52
52 62
52 63
52 67
52 70
52 73
52 74
52 75
52 76
52 77
52 79
53 3
53 6
53 10
53 12
53 40
53 45
53 48
53 56
53 58
53 62
53 71
53 72
53 75
53 82
53 87
54 14
54 20
54 32
54 42
54 47
54 48
54 50
54 51
54 53
54 58
54 60
55 20
55 29
55 31
55 42
55 52
55 69
55 84
55 91
55 97
55 108
55 116
55 122
55 124
55 140
60 13
60 14
60 30
60 35
60 36
60 41
60 45
60 58
60 63
60 77
60 80
60 82
60 83
61 2
61 8
61 25
61 26
61 28
61 46
61 48
61 49
64 22
64 26
64 30
64 31
64 35
64 41
64 64
64 65
64 69
64 75
64 81
64 83
64 100
64 104
64 108
64 141
65 7
65 9
65 16
65 17
65 20
65 21
65 22
65 25
65 26
65 29
65 56
65 64
68 20
68 21
68 31
68 33
68 38
68 115
68 120
68 123
68 126
68 135
68 136
68 140
69 4
69 19
69 20
69 24
69 44
69 58
69 59
69 61
70 10
70 11
71 14
71 15
71 16
71 20
71 25
71 34
71 41
71 50
71 52
71 56
71 70
71 73
71 77
72 2
72 3
72 9
72 10
72 14
72 19
72 21
72 22
72 30
72 53
72 59
72 60
72 69
72 73
72 74
72 75
72 86
72 87
72 90
72 91
72 95
72 115
72 122
72 123
72 195
72 197
72 200
72 202
72 217
72 218
72 300
72 303
72 314
73 4
73 12
73 19
73 22
75 1
75 18
75 24
75 32
75 42
75 52
75 58
75 64
75 72
75 73
75 90
75 93
77 18
77 30
77 32
78 42
79 3
79 7
79 13
79 20
79 21
80 4
81 5
81 7
81 19
81 20
81 23
81 25
82 4
82 5
82 7
82 11
82 13
82 23
82 27
82 37
82 39
82 41
82 57
82 59
82 65
82 66
82 70
82 72
82 73
82 77
82 82
82 90
82 92
82 93
82 99
82 102
82 109
82 129
82 142
82 146
82 147
82 152
83 5
83 6
83 8
83 11
83 15
83 19
83 42
83 43
83 56
83 61
84 2
84 16
84 17
84 18
84 26
84 33
84 36
84 48
85 6
85 7
85 16
85 18
85 23
85 26
85 28
85 36
86 7
86 11
86 19
86 26
86 28
86 30
86 46
86 53
86 58
86 62
86 63
86 80
86 81
86 83
86 84
86 94
86 109
86 111
86 119
86 134
86 135
86 154
87 1
87 11
87 12
88 5
88 10
88 18
88 20
88 22
88 25
88 26
88 28
88 32
88 37
88 42
88 50
88 53
88 55
88 57
92 35
92 39
92 47
92 49
92 50
92 56
92 57
92 61
92 89
92 100
92 117
92 120
92 121
92 130
92 134
92 135
92 137
93 5
93 7
93 8
93 15
93 19
93 20
93 32
93 38
93 45
93 52
93 60
93 61
93 64
93 65
93 71
93 87
93 90
94 6
94 10
94 19
94 26
94 29
94 36
94 40
94 45
94 53
94 59
94 60
94 75
94 81
94 85
94 90
94 96
94 104
94 109
94 115
94 121
94 123
94 221
94 230
95 5
95 16
96 1
96 41
96 47
96 52
96 63
96 75
96 77
96 86
