1 4
1 11
1 16
1 33
1 35
1 43
1 48
1 49
1 65
1 69
1 72
1 82
1 83
1 84
1 86
1 87
1 101
1 106
1 110
1 119
1 126
1 128
2 42
2 45
2 47
5 6
5 18
6 26
6 27
6 65
6 67
7 3
7 5
7 10
7 11
7 13
7 23
7 25
7 27
7 35
7 42
7 45
7 47
7 155
7 164
7 177
7 186
7 193
7 196
9 99
9 102
9 108
9 109
9 111
9 114
9 128
9 135
9 137
9 145
9 150
9 155
9 156
9 162
9 182
10 2
10 27
10 52
10 63
10 67
10 77
10 85
11 5
11 12
11 22
11 25
11 28
11 29
11 32
11 40
12 48
12 58
12 67
12 74
12 82
12 200
12 202
12 203
14 52
14 53
14 59
14 62
14 63
14 66
14 74
14 76
14 91
14 113
14 122
14 125
14 136
14 137
14 152
14 160
14 167
14 176
14 179
14 180
14 182
17 4
17 10
17 19
17 21
18 39
18 58
18 187
18 196
18 206
18 207
18 209
18 218
18 226
18 227
19 5
19 12
19 15
19 19
19 20
19 21
19 33
19 34
19 45
19 46
19 100
19 101
19 103
19 108
20 4
20 13
20 22
20 28
20 41
20 45
20 188
21 1
22 6
22 11
22 12
22 13
22 15
22 18
22 23
22 29
22 30
23 4
23 9
23 14
24 13
24 18
24 22
24 30
25 6
25 7
25 15
25 30
26 5
26 9
26 10
26 13
26 20
26 25
26 37
26 45
26 52
26 56
26 63
26 67
26 69
26 75
26 81
26 103
26 105
26 107
26 109
26 113
27 9
27 12
27 13
27 14
27 16
27 30
27 31
27 33
27 41
28 9
28 28
28 39
28 47
28 49
28 52
28 54
28 69
28 70
28 72
28 73
29 4
30 11
30 16
30 23
30 24
30 31
30 33
30 35
30 52
30 53
30 61
30 65
30 76
30 84
30 86
30 94
30 96
30 98
30 111
31 10
31 16
31 19
31 25
31 26
31 27
31 48
31 79
31 85
31 86
31 93
31 94
31 98
31 108
31 124
31 144
31 152
31 153
31 185
31 186
31 192
31 196
31 206
31 207
31 338
31 345
31 350
31 356
31 359
31 361
31 364
31 375
31 385
31 396
31 398
31 400
31 404
31 415
31 421
31 427
31 429
31 432
31 433
31 441
32 9
32 18
32 27
32 37
32 46
32 68
32 86
32 88
32 97
32 130
32 131
32 179
32 182
32 184
32 187
32 208
32 210
32 224
32 225
32 234
32 238
32 241
32 243
33 1
33 2
33 21
33 28
34 18
35 63
35 67
35 69
35 84
35 89
35 104
35 126
35 128
35 129
35 130
37 11
37 15
37 18
38 80
38 105
38 110
38 117
38 118
38 126
38 129
38 164
38 168
38 176
38 181
39 1
39 9
39 13
39 18
39 23
39 25
39 34
39 36
39 38
39 42
39 50
39 51
39 54
39 60
39 63
39 67
39 83
39 87
39 90
39 95
39 96
39 109
40 23
40 24
40 77
40 85
40 86
43 23
43 38
43 43
43 44
43 45
43 47
43 48
43 58
43 59
43 60
43 62
43 70
45 82
45 126
46 2
46 5
46 6
46 15
46 18
46 20
46 25
46 26
46 31
46 42
46 54
46 61
46 62
46 68
46 70
46 78
46 95
46 97
46 101
46 105
46 107
46 114
46 119
46 121
46 127
46 128
46 129
46 130
46 134
46 136
46 140
46 142
46 145
46 150
46 157
46 163
47 30
47 36
47 39
47 46
47 50
47 51
47 57
47 62
47 64
47 67
47 68
47 75
47 131
47 132
47 144
47 146
48 2
48 12
49 2
49 3
51 17
51 18
51 24
51 27
51 36
51 43
51 46
51 57
51 73
51 77
51 84
51 87
51 91
51 92
51 97
51 104
51 105
52 107
52 108
52 116
52 123
52 153
52 157
52 167
52 182
52 184
52 185
52 190
52 198
52 246
52 252
52 260
53 42
53 43
53 45
53 46
53 50
53 51
53 53
53 55
53 57
53 59
53 61
53 62
53 65
53 67
53 74
53 89
53 99
53 102
53 104
53 110
53 119
53 124
53 127
53 137
53 147
53 155
53 162
53 169
53 173
53 174
53 178
53 187
53 188
53 191
53 192
53 200
53 204
53 206
53 215
53 218
53 225
53 227
53 229
53 238
53 243
53 244
54 15
54 18
54 21
54 24
54 43
54 55
54 61
54 65
54 67
56 65
56 74
56 77
56 86
56 95
56 97
56 107
56 109
56 110
56 117
56 137
56 151
57 79
57 81
57 89
57 91
57 95
57 96
57 113
58 10
58 13
58 15
58 22
58 24
58 32
58 35
59 2
59 3
59 4
59 5
59 14
59 19
59 22
59 47
59 48
59 171
59 176
59 181
59 183
59 187
59 304
59 306
60 28
60 39
60 47
60 50
60 57
60 61
60 77
60 79
60 86
60 92
60 100
60 104
60 105
60 106
60 109
60 111
61 9
63 16
63 20
63 22
63 23
63 27
63 28
63 30
63 35
63 36
63 41
63 42
63 53
63 54
63 57
63 67
63 70
63 147
63 148
64 34
65 2
65 4
65 11
65 12
65 14
65 18
66 16
66 19
66 20
66 23
66 27
66 33
66 39
66 43
66 60
69 5
70 18
70 19
70 27
70 45
70 53
70 55
70 62
70 68
70 75
70 96
70 98
70 100
70 102
70 109
70 110
70 121
70 128
70 136
70 141
70 142
71 3
71 9
71 112
72 2
72 19
72 42
72 54
72 56
72 65
72 75
74 3
75 4
75 5
75 10
75 14
77 95
78 1
78 2
78 13
78 16
78 20
78 27
78 28
78 30
78 46
78 60
78 61
78 63
78 66
78 76
78 79
78 87
78 93
78 99
78 104
78 108
78 121
78 124
78 128
78 138
78 143
78 158
78 162
78 169
78 170
78 186
78 325
78 326
78 327
78 343
78 409
78 415
78 417
78 419
78 438
78 439
79 5
79 15
79 16
79 22
79 30
79 36
79 43
79 58
79 64
79 69
79 71
79 84
79 86
79 87
79 94
79 95
79 96
79 97
79 101
80 6
80 7
80 145
80 146
80 147
80 149
80 155
80 162
80 167
80 169
80 170
80 176
80 177
80 191
80 197
80 203
81 1
81 3
81 14
81 18
81 23
81 31
81 39
82 4
82 6
82 10
82 23
82 28
82 45
82 46
82 52
82 57
82 61
82 63
82 67
82 86
82 92
82 97
82 103
82 111
82 117
82 122
82 124
82 129
82 131
82 137
82 139
82 149
82 150
82 158
82 160
83 1
83 5
84 70
84 71
84 92
84 93
84 105
84 120
84 137
84 139
84 140
84 150
84 158
84 166
84 170
84 268
84 279
84 282
84 284
84 285
84 286
87 8
87 20
87 25
87 28
87 41
87 46
87 50
87 52
87 54
88 9
88 11
88 26
88 31
88 32
88 43
88 53
88 75
89 2
90 2
90 3
91 2
91 3
92 3
92 8
92 10
92 19
92 21
92 22
92 24
92 25
92 29
92 33
92 36
92 37
92 39
92 42
92 47
92 52
92 54
92 55
92 59
92 67
92 70
92 71
92 72
92 74
92 81
92 82
92 100
92 103
92 110
92 111
92 116
92 117
92 121
92 122
92 126
92 130
92 132
92 158
