2 46
2 47
2 48
2 53
2 54
2 56
2 63
2 65
2 66
2 67
2 76
2 77
2 80
2 87
2 89
2 101
2 105
2 108
2 125
2 129
2 132
2 134
2 140
2 148
2 159
2 160
2 165
2 174
2 176
2 182
2 185
2 190
2 197
2 198
2 199
2 204
2 205
2 211
2 215
3 3
3 13
3 21
3 25
3 29
3 41
3 46
3 57
3 59
4 10
4 13
5 5
5 6
5 14
6 1
6 10
6 19
6 36
6 69
6 75
6 76
6 79
6 84
6 98
6 99
8 2
8 15
8 22
8 23
8 31
8 36
8 43
8 44
8 51
8 56
8 70
8 72
8 73
8 76
8 79
8 85
8 114
9 12
9 16
9 19
9 28
9 31
9 38
9 40
10 110
11 35
11 38
11 57
11 60
11 62
11 66
12 5
12 7
12 8
12 15
12 20
12 25
12 27
12 28
12 32
12 39
12 63
12 71
12 77
12 83
12 88
12 94
12 96
12 98
12 99
12 111
12 114
12 130
12 141
12 145
12 148
13 16
13 30
13 33
13 38
13 40
13 42
14 29
14 30
14 37
15 64
15 67
15 70
15 88
15 98
16 11
16 12
16 13
16 15
16 22
16 25
16 36
16 41
16 44
16 46
16 51
16 53
16 63
16 73
16 78
16 87
16 89
16 93
16 97
16 101
16 111
16 117
16 125
16 127
16 135
16 138
16 139
16 154
16 295
16 298
16 304
16 309
16 314
16 323
16 329
16 333
16 334
16 340
17 1
17 48
17 54
18 9
18 12
18 13
18 14
18 21
18 24
18 32
18 46
18 51
18 52
18 57
18 70
18 201
18 205
18 206
18 211
18 212
18 215
18 220
18 222
18 228
20 42
20 50
20 53
20 56
21 98
21 101
21 111
21 116
21 119
21 121
21 122
21 142
21 146
21 149
21 152
21 158
21 160
21 166
21 174
21 179
21 180
21 182
21 184
21 187
21 189
21 191
21 192
21 198
21 201
21 202
21 206
21 208
22 3
22 20
22 128
22 130
22 137
22 143
22 149
22 150
22 156
22 167
22 171
22 173
22 177
22 179
22 182
22 185
22 195
22 203
22 204
22 205
22 206
22 221
22 226
23 9
23 12
24 1
24 2
24 7
24 15
25 85
25 88
25 90
25 94
25 95
25 127
25 133
25 135
25 136
25 147
25 148
25 159
25 162
25 166
25 169
25 171
25 185
25 186
25 188
25 190
25 192
25 194
27 6
27 14
27 20
27 23
27 26
27 33
27 40
27 46
27 72
27 75
27 78
27 80
27 85
27 91
27 99
27 102
27 103
27 104
27 105
27 106
28 1
28 11
28 14
28 16
28 20
28 21
28 22
28 23
28 24
28 30
28 31
28 34
28 38
28 41
28 47
28 53
28 63
28 140
28 143
28 145
28 153
28 154
28 155
28 156
28 161
28 168
28 169
28 176
28 178
28 183
28 195
28 325
28 327
28 328
28 332
30 48
30 52
30 53
30 66
30 68
30 70
30 93
30 98
30 100
30 237
30 241
30 244
30 249
30 251
30 257
30 258
30 259
30 278
30 281
30 283
30 333
30 334
30 335
30 338
30 341
30 342
30 352
30 355
30 362
31 1
31 15
31 18
31 22
31 27
31 31
31 33
31 34
33 113
33 120
33 136
33 151
33 154
33 251
33 258
33 259
33 268
33 271
33 272
33 279
34 9
34 15
35 15
35 24
35 31
36 118
36 130
36 134
36 136
36 153
36 160
36 162
36 163
36 166
36 175
36 195
36 208
36 212
36 213
36 222
37 2
37 10
37 16
37 18
37 26
37 35
37 55
37 62
37 67
37 68
37 70
37 104
37 110
37 125
37 136
37 139
37 145
40 13
40 15
40 16
40 21
40 24
41 13
41 19
41 20
41 24
41 34
41 43
43 41
44 3
44 5
44 10
44 21
44 25
44 26
44 30
44 35
44 42
44 58
44 71
44 93
45 1
45 3
45 6
45 23
45 34
45 36
45 39
47 7
47 13
47 16
48 87
48 161
50 27
50 29
50 34
50 43
50 45
50 54
50 61
50 63
50 64
50 66
50 77
50 79
50 80
51 2
51 9
51 11
51 12
51 15
51 50
51 56
51 66
51 69
51 75
51 88
51 90
51 91
53 86
53 88
53 107
53 109
53 243
53 247
54 7
54 12
54 18
54 20
54 50
54 54
54 73
54 74
54 75
54 91
54 92
54 93
54 110
54 124
54 126
56 13
58 13
58 14
58 31
58 41
58 64
59 10
59 18
59 24
59 28
59 29
59 46
59 50
59 53
60 26
61 86
61 91
61 96
61 97
61 115
61 116
61 126
64 68
64 81
64 91
64 94
64 103
64 110
64 118
64 122
64 132
64 134
67 10
67 21
67 26
68 19
68 21
68 27
68 59
68 65
68 77
68 79
68 90
68 95
68 100
68 102
68 104
68 119
68 125
68 136
69 1
69 3
69 10
69 40
69 49
69 51
69 60
71 1
71 5
71 11
71 109
71 112
71 121
71 123
71 125
71 135
71 138
71 140
71 143
71 168
71 173
71 176
71 178
71 184
71 185
71 187
71 188
71 189
71 192
72 58
72 75
72 78
72 79
72 81
72 88
72 94
72 98
72 101
72 106
73 24
73 26
73 32
73 37
73 43
73 49
73 51
73 62
73 82
73 84
73 94
73 102
73 104
73 116
73 117
74 4
74 5
74 18
76 44
77 2
77 24
77 30
77 32
77 33
77 52
77 53
77 64
77 67
77 70
77 73
77 78
77 91
77 99
77 117
77 119
77 120
77 124
77 130
77 139
79 47
79 49
79 55
79 60
79 61
80 4
80 6
81 13
81 18
81 23
81 24
81 28
81 33
81 97
81 99
81 101
81 112
81 118
81 131
81 133
81 136
81 140
81 141
82 7
82 8
82 11
82 12
82 18
82 25
82 29
82 90
82 92
82 106
82 112
82 118
82 119
82 120
82 130
82 131
82 134
82 146
82 147
82 155
82 159
82 162
82 168
82 169
82 191
82 201
82 202
82 204
82 210
82 211
82 214
82 221
84 58
84 82
84 85
84 89
84 94
84 108
84 122
84 133
84 134
84 135
84 138
84 140
84 164
84 166
84 169
84 170
84 173
84 178
84 180
84 182
84 193
85 9
85 13
85 14
85 23
85 25
85 31
85 56
86 22
86 23
86 25
86 26
86 28
86 33
86 34
86 48
86 50
86 51
86 52
86 168
86 188
86 212
86 213
86 215
86 226
87 5
87 7
87 8
87 16
87 31
87 34
87 39
87 44
87 60
87 69
87 75
87 90
87 93
87 100
87 103
87 104
87 123
88 24
88 26
88 28
88 29
89 13
89 16
89 45
89 47
89 49
89 50
89 54
89 168
89 169
89 172
89 180
89 181
89 189
89 192
89 193
90 11
90 19
90 54
90 61
90 77
90 81
90 89
90 90
90 92
91 4
91 6
91 87
91 88
91 97
91 108
91 111
91 117
91 121
91 126
91 127
91 136
92 1
92 3
92 5
92 6
92 18
92 23
92 24
92 42
92 44
92 45
92 48
92 63
93 5
93 13
93 20
93 28
93 32
93 33
93 45
93 47
93 49
93 53
93 61
93 93
93 94
93 112
93 224
93 229
93 231
93 236
93 247
93 252
93 259
94 6
94 92
94 94
94 96
94 113
