1 9
1 11
1 13
1 21
1 31
1 40
1 46
1 49
1 60
1 61
1 62
1 70
1 113
2 6
2 11
2 23
2 28
2 31
2 35
2 36
2 39
2 47
2 55
2 65
2 70
2 78
2 85
2 90
2 92
2 109
2 116
2 117
2 120
2 121
2 123
2 131
2 137
2 142
3 4
3 5
3 6
3 13
3 18
4 131
4 134
4 144
4 146
4 156
4 196
4 208
4 210
4 215
4 229
4 234
4 238
4 243
4 246
4 247
4 252
4 255
4 267
4 273
4 274
6 1
7 29
7 32
7 37
7 39
7 41
8 34
8 49
8 57
8 68
8 72
8 75
12 52
12 55
12 60
12 64
12 65
12 76
12 81
12 82
12 85
12 92
12 93
12 101
12 104
13 7
13 9
13 22
13 23
15 37
15 61
15 75
15 84
15 93
15 98
15 108
15 115
15 127
15 128
15 132
15 142
15 145
15 156
15 161
15 222
15 223
15 224
15 228
15 230
15 233
15 236
15 244
16 3
16 10
17 2
17 3
17 9
17 10
17 13
17 16
17 17
18 5
18 14
18 16
18 19
18 21
18 22
18 27
19 5
19 11
23 24
23 25
23 30
23 36
23 38
23 54
23 64
23 77
23 83
23 87
23 91
23 93
23 96
23 97
23 101
23 109
23 112
23 119
23 133
23 147
23 152
23 156
23 157
23 165
23 166
24 3
24 23
24 24
24 32
24 44
24 52
24 58
24 73
24 91
24 113
25 4
25 21
25 23
25 33
25 44
25 46
25 47
25 48
25 50
25 62
25 64
25 68
25 74
25 75
25 79
25 82
25 87
25 232
25 234
25 236
25 242
25 244
25 251
25 258
25 268
25 350
25 373
25 414
25 416
25 417
25 426
26 9
26 16
26 24
26 25
26 26
26 28
26 36
26 44
26 47
26 60
26 62
26 65
26 67
26 70
26 75
26 88
26 98
26 104
26 105
26 122
26 124
26 133
26 142
26 153
26 159
26 171
26 176
26 190
26 196
26 205
26 207
26 208
26 209
26 210
26 214
26 347
26 360
26 366
26 367
26 370
26 377
26 379
26 381
26 382
26 477
26 479
26 481
26 485
27 25
27 31
28 1
28 6
30 49
30 50
30 66
30 68
30 70
30 79
31 10
31 27
31 29
31 32
31 38
31 40
31 47
31 53
31 58
31 65
31 68
31 83
31 91
31 96
32 4
32 6
33 3
33 4
33 7
33 29
33 32
33 43
33 55
33 59
33 66
33 72
33 73
33 80
33 92
33 106
33 107
33 114
33 115
33 118
33 123
33 134
33 139
33 140
33 141
33 142
33 144
33 146
33 147
33 153
33 155
33 157
33 160
33 161
33 176
33 189
33 200
33 201
33 202
33 204
33 205
33 209
33 213
33 218
33 220
33 238
33 247
33 248
33 258
33 266
33 268
33 275
33 285
33 287
33 290
33 329
34 2
34 4
34 10
34 17
34 19
34 22
34 37
34 44
34 46
34 47
34 48
34 52
34 53
34 80
35 66
35 69
35 70
35 75
38 16
39 95
44 25
44 32
44 33
44 34
44 43
44 57
44 58
44 71
44 74
44 79
44 81
44 87
44 88
44 90
44 101
44 117
44 127
44 128
44 129
44 130
45 4
45 6
45 20
45 27
45 37
47 9
47 17
47 23
48 3
48 7
48 9
48 10
48 13
48 20
48 34
48 37
48 38
48 45
48 50
48 51
48 53
48 58
48 65
48 69
48 71
48 74
48 88
48 111
48 130
49 4
49 10
49 12
49 18
52 16
52 18
52 20
52 23
52 36
52 39
56 38
56 46
56 49
56 55
56 59
56 71
58 9
58 22
58 99
58 101
59 17
59 22
59 28
59 43
59 54
59 61
59 80
59 82
59 90
59 91
59 98
59 104
59 108
60 15
60 24
60 25
60 33
60 34
60 41
60 48
60 53
60 55
60 72
60 78
60 81
60 82
61 11
61 13
61 75
61 76
61 83
61 85
61 90
61 140
61 154
61 167
61 179
61 186
61 198
61 204
61 212
61 213
61 214
61 216
62 3
63 2
63 9
63 12
63 20
63 22
63 27
63 31
63 38
63 40
63 44
63 48
63 52
63 53
63 60
63 82
63 84
63 87
63 95
63 102
63 107
63 109
63 127
66 23
66 30
66 39
66 40
66 43
66 47
66 80
67 4
67 7
67 12
67 15
67 18
67 23
67 27
67 101
67 106
67 108
67 122
67 124
67 127
67 132
67 135
67 157
67 164
67 166
67 175
67 176
69 30
69 31
69 32
69 42
69 45
69 56
70 8
71 29
71 32
71 39
71 40
73 47
73 54
73 61
73 70
74 4
74 5
74 8
74 27
74 47
74 52
74 53
74 58
74 60
74 61
75 4
75 7
75 20
76 1
77 54
77 56
77 57
77 60
77 61
77 64
77 66
77 70
77 74
77 82
78 1
78 3
78 11
78 15
78 17
79 6
79 19
79 23
79 24
79 28
79 37
79 60
79 61
80 2
80 7
80 20
80 26
80 41
80 42
80 45
80 56
80 58
81 3
81 6
81 10
81 11
81 19
81 33
81 39
81 41
81 43
82 6
82 12
82 13
82 16
82 17
82 22
82 29
82 32
83 23
83 24
83 31
83 38
83 44
83 53
83 54
83 57
83 59
83 66
83 69
83 73
83 76
83 80
83 85
83 87
83 88
83 94
83 109
83 110
83 112
83 116
84 15
84 27
84 38
84 43
84 47
84 54
84 115
84 120
84 122
84 123
84 136
84 137
84 146
84 148
88 64
88 65
88 69
88 73
88 75
88 77
89 1
89 9
89 12
89 20
89 23
89 25
89 28
89 38
89 41
89 42
89 49
90 4
90 8
90 17
90 21
90 23
90 25
90 36
90 42
90 44
90 128
90 132
90 144
90 214
90 216
90 243
90 245
90 246
90 251
90 252
90 263
90 276
90 288
90 289
91 2
91 15
92 1
92 2
92 6
92 8
93 22
93 23
93 25
94 4
94 14
94 19
94 74
94 77
96 30
96 31
96 32
96 43
96 46
96 51
96 59
96 118
96 120
96 139
97 8
97 14
97 20
97 26
97 35
97 37
97 42
97 51
97 57
97 63
97 64
97 66
97 71
97 84
97 90
97 93
97 94
97 97
97 99
97 100
97 109
97 110
97 117
98 7
98 9
98 10
98 15
98 17
98 18
98 26
98 35
98 63
98 75
98 79
98 81
98 83
98 85
98 87
98 89
98 110
99 8
99 11
99 15
100 12
100 15
100 16
100 87
100 91
100 95
100 99
100 109
100 112
100 118
100 223
100 228
100 237
100 246
100 249
100 254
101 60
101 63
101 68
101 69
101 75
101 76
101 78
101 79
101 86
101 89
101 91
101 92
102 17
102 27
102 29
102 30
102 32
102 41
102 48
102 50
103 6
103 11
103 13
103 17
103 46
103 51
103 55
103 62
103 70
103 75
103 77
103 81
104 1
104 4
104 20
104 23
105 1
105 32
105 36
105 38
105 61
105 63
105 76
105 77
105 90
105 99
105 102
105 105
105 110
105 113
105 117
105 119
105 149
105 161
105 164
106 1
106 6
106 9
106 11
106 12
106 16
106 18
106 23
106 24
106 26
106 36
106 37
106 46
106 59
106 60
106 61
106 63
106 65
108 38
108 45
108 48
108 59
108 107
109 43
109 45
109 51
109 66
109 74
109 77
109 80
109 83
109 85
109 96
109 110
109 117
109 118
109 136
109 138
109 140
109 143
109 144
109 147
109 148
109 149
109 161
109 167
109 171
109 173
109 175
109 176
109 179
109 188
109 200
109 202
109 205
109 208
109 214
109 218
109 221
109 226
110 24
110 38
110 56
110 58
110 65
110 81
110 89
110 92
110 109
110 111
110 112
110 118
110 179
