1 23
1 31
1 37
1 39
3 78
3 80
3 84
3 99
3 106
3 108
3 111
4 6
4 8
4 13
4 26
4 32
4 34
4 38
4 40
5 35
5 36
5 49
5 58
7 81
8 2
8 6
8 13
8 15
8 23
8 24
10 4
10 5
10 12
10 27
11 7
11 10
11 18
11 22
11 26
11 28
11 35
11 36
11 41
11 52
11 57
13 1
15 6
15 16
15 21
15 23
15 24
15 36
18 4
18 9
19 2
19 22
19 35
19 47
19 55
19 56
19 57
19 68
19 93
19 99
19 107
19 110
19 125
19 131
19 138
20 14
20 15
20 18
20 24
20 27
20 46
20 47
21 4
21 13
21 21
21 43
21 55
21 58
22 95
22 101
22 106
22 108
22 113
22 124
22 134
22 136
22 137
22 142
22 148
22 149
22 152
22 162
22 164
22 166
22 169
22 173
22 174
25 1
25 12
25 17
25 19
25 20
25 26
25 27
25 67
25 79
25 90
25 103
25 110
25 115
25 116
26 4
26 6
26 18
28 44
28 47
28 50
28 55
28 60
28 61
30 71
30 74
31 52
31 64
31 83
31 87
31 95
31 99
31 100
31 109
31 112
31 113
31 114
31 115
31 117
31 137
31 139
31 144
31 145
31 159
31 164
32 1
33 1
33 7
33 11
33 15
33 23
33 24
33 25
33 26
33 42
34 43
34 45
34 48
34 55
34 67
34 79
34 82
35 19
35 23
35 25
35 39
35 41
35 46
35 51
35 59
35 62
35 64
35 67
35 68
35 75
35 78
35 83
35 99
35 111
35 112
35 113
36 10
36 20
36 25
36 27
36 46
36 56
36 155
36 163
36 169
37 2
37 8
37 137
37 144
37 146
37 148
37 149
37 150
37 155
37 160
37 167
37 169
38 6
38 12
38 14
38 15
40 17
40 21
40 27
40 29
40 35
40 43
40 56
40 57
40 58
40 75
40 79
40 82
40 88
40 92
40 104
40 105
40 107
40 110
40 116
40 121
40 129
40 132
41 3
41 7
41 8
41 22
41 44
41 45
42 5
42 7
42 17
42 27
42 43
42 45
43 9
43 14
43 15
43 18
43 21
43 24
43 31
43 33
44 14
44 17
44 47
44 49
44 53
44 54
44 67
44 68
45 1
45 11
45 15
45 16
45 34
45 37
45 43
45 44
45 45
45 46
45 56
45 58
45 61
45 66
45 77
45 79
45 84
45 89
46 1
46 14
46 20
46 41
46 45
46 46
46 91
46 95
46 100
46 106
46 114
46 120
46 121
46 150
46 151
46 154
46 159
46 163
46 171
46 175
46 182
46 187
46 188
46 194
46 216
46 227
46 249
46 250
46 259
46 266
46 271
46 280
46 283
46 286
46 290
46 296
46 306
46 308
46 320
46 323
46 324
46 329
46 335
46 465
46 469
46 470
47 9
47 12
47 21
50 19
50 20
50 35
50 37
50 51
50 67
51 1
51 4
51 6
54 38
54 59
54 65
54 68
54 69
55 2
55 7
55 9
56 9
56 12
56 14
56 23
56 32
56 33
56 38
56 55
56 58
56 149
56 158
56 163
57 3
57 4
58 9
58 10
58 16
58 18
58 20
58 22
58 23
58 26
58 34
59 7
59 10
59 13
59 16
59 18
59 19
59 27
59 39
59 44
59 69
59 89
59 97
59 116
59 123
59 126
59 134
59 137
59 160
59 163
61 3
61 6
61 9
61 11
61 18
61 26
61 31
61 34
61 52
61 55
61 185
61 188
61 193
62 12
62 17
62 35
62 43
62 46
64 5
64 12
64 18
64 22
64 27
64 34
64 43
64 50
64 52
64 74
64 78
64 79
64 91
64 99
64 100
64 104
64 108
64 119
64 120
64 123
64 130
64 139
64 141
64 149
64 159
64 178
64 189
65 9
65 10
65 23
68 1
68 2
68 16
68 21
68 30
69 2
69 3
69 6
69 7
69 8
69 13
69 16
69 18
69 31
69 33
69 40
69 56
69 59
69 60
69 63
69 65
69 67
71 3
71 6
71 16
71 23
73 69
73 91
74 10
74 35
74 37
75 4
76 4
76 10
76 15
76 16
76 19
76 22
76 24
76 30
76 44
76 48
76 50
76 57
76 73
76 76
76 82
76 84
76 103
76 105
76 110
76 118
76 141
76 166
76 168
76 181
76 198
76 200
76 204
76 210
76 213
76 224
76 229
76 232
76 252
76 253
77 2
77 16
77 17
77 24
77 35
77 36
77 37
77 44
77 46
77 54
77 57
77 61
77 71
77 77
77 81
77 82
77 88
77 109
77 122
77 144
77 158
77 162
77 165
77 167
77 171
77 173
77 174
77 189
77 197
77 199
77 200
77 202
77 203
77 211
77 212
77 217
77 222
77 260
77 261
77 265
77 266
77 292
77 298
77 299
77 300
77 312
78 59
78 74
78 86
78 95
78 110
78 111
78 120
78 135
78 138
78 139
78 141
78 143
78 153
78 157
78 165
78 169
78 176
78 177
78 192
78 194
78 201
78 208
78 210
78 215
78 217
78 223
78 225
78 234
78 252
78 253
79 9
79 16
79 23
79 24
79 26
79 27
79 35
79 40
79 44
79 47
79 59
79 63
79 71
79 79
79 84
79 88
79 103
79 116
79 118
79 121
79 130
79 134
79 145
79 150
79 151
79 152
79 157
80 23
81 2
81 10
81 11
81 15
81 22
81 24
81 29
81 35
81 50
81 61
81 67
81 68
81 80
81 81
81 84
81 85
81 95
81 100
81 103
81 105
81 106
81 110
81 113
81 117
81 119
81 121
81 127
81 132
81 133
82 12
82 13
82 19
82 44
82 46
82 49
82 60
82 66
82 77
82 79
82 81
82 86
82 88
82 106
82 107
82 110
82 111
82 116
82 117
83 1
83 3
83 6
83 12
83 13
83 17
84 12
84 27
84 32
85 9
88 12
88 13
88 18
88 26
88 27
89 2
89 3
89 6
89 12
89 14
90 6
90 11
90 13
91 18
91 20
91 116
91 118
91 122
91 126
91 194
92 18
92 20
92 23
93 3
93 5
93 21
93 22
93 23
93 26
94 13
94 29
94 31
94 36
94 39
94 53
95 2
95 4
95 8
95 9
95 11
98 1
98 3
98 11
98 17
99 20
99 26
99 28
99 30
99 45
99 46
99 52
99 56
99 58
99 60
99 68
99 69
99 72
100 27
102 2
102 3
102 8
102 12
102 26
102 28
102 54
102 57
102 59
102 60
102 65
102 91
102 92
102 95
102 102
103 5
104 28
106 3
106 4
106 14
106 16
106 17
106 20
106 26
106 27
106 29
106 50
106 55
106 59
106 60
106 62
106 63
106 66
107 5
107 13
107 23
107 24
107 38
107 40
107 41
108 16
108 18
108 33
108 36
108 37
108 43
108 44
108 49
108 54
108 67
108 71
108 73
108 78
109 7
109 11
109 17
109 25
109 33
109 38
109 50
109 61
109 62
109 69
109 74
109 80
109 83
109 86
109 88
109 90
109 92
109 93
109 94
109 112
109 118
109 120
109 131
109 135
110 41
110 47
110 49
110 65
110 70
110 73
110 74
110 81
110 84
110 89
110 99
110 101
110 104
110 107
110 109
110 121
110 123
110 125
110 142
110 144
110 148
110 155
110 162
110 164
110 166
110 169
110 183
110 189
111 47
111 57
111 61
111 62
111 71
111 74
112 7
112 10
112 13
112 32
112 35
112 45
112 46
112 61
113 5
113 15
113 16
113 19
113 23
113 30
113 32
113 34
113 43
114 10
114 15
114 17
114 22
114 23
114 43
114 50
114 66
114 71
114 87
114 89
114 91
114 92
114 102
114 103
114 105
115 7
115 9
115 16
116 1
116 7
117 2
117 4
117 6
117 7
117 12
117 25
117 33
117 37
117 43
117 51
117 52
117 58
117 62
117 63
117 68
117 69
117 90
117 94
118 1
118 3
118 10
118 13
118 16
118 21
118 26
118 27
118 43
118 44
118 63
118 65
118 74
119 40
119 42
119 47
119 57
119 71
119 80
119 82
119 87
119 94
119 98
119 99
119 117
119 119
119 125
119 131
119 132
120 7
120 11
120 17
