1 7
1 8
1 13
1 15
1 31
1 33
1 35
1 43
1 64
1 66
1 69
1 72
1 79
1 83
1 96
1 102
1 105
1 107
1 116
1 122
1 137
1 147
1 148
1 153
1 166
1 168
1 177
1 185
1 190
1 195
1 200
1 204
1 207
1 208
1 210
1 217
1 223
1 231
1 232
1 237
1 239
1 270
1 271
1 279
1 283
1 285
4 4
4 7
4 13
4 15
4 20
4 29
4 35
4 41
4 50
5 1
5 10
8 37
8 38
8 40
8 46
8 55
8 60
8 73
8 82
8 84
8 91
8 94
8 97
8 98
8 111
8 115
8 118
10 32
10 33
10 52
10 58
10 62
10 67
10 68
11 4
11 16
11 18
11 20
11 29
11 36
11 40
11 44
11 47
11 54
12 11
12 17
13 52
13 54
13 56
13 58
13 62
13 64
13 65
13 67
13 68
13 84
13 92
13 102
13 107
13 112
16 47
16 48
16 50
16 60
16 64
16 69
16 70
16 71
16 76
16 77
16 81
16 84
16 86
16 89
16 92
16 223
16 225
16 230
17 1
17 5
17 9
17 10
17 15
17 18
17 42
17 119
17 124
17 128
17 130
17 137
17 140
17 142
17 143
17 146
17 147
17 153
17 157
17 169
17 170
17 172
17 174
17 175
17 183
17 201
17 202
17 205
17 210
17 226
17 240
17 242
17 243
17 247
17 265
17 269
19 10
19 11
19 12
19 14
19 18
19 19
19 20
19 23
20 1
21 7
21 16
21 26
21 27
21 28
21 30
21 39
21 47
21 60
21 66
21 69
21 73
21 76
21 78
21 84
21 85
21 109
21 110
21 122
21 126
21 127
21 128
21 131
21 133
22 19
22 21
22 23
22 24
22 28
22 34
22 35
22 45
22 55
22 57
22 62
22 82
22 91
22 94
22 99
22 108
22 109
22 111
22 112
22 115
22 121
22 131
22 134
22 135
22 147
22 152
22 154
22 155
22 158
23 30
23 32
23 33
23 37
23 39
23 40
23 42
23 44
23 45
23 50
23 51
23 55
23 57
23 63
23 69
23 73
23 74
23 79
23 85
23 87
23 92
23 95
23 96
23 107
23 114
23 119
23 122
23 125
23 129
23 136
23 151
23 164
23 165
23 167
23 169
23 170
23 176
23 181
23 183
23 187
24 12
24 21
24 24
24 26
24 28
24 30
24 54
24 62
24 64
24 87
24 91
26 2
26 7
26 8
27 70
27 78
27 89
27 95
27 107
27 112
27 119
27 123
27 130
27 132
27 140
28 35
29 3
29 4
29 8
29 24
29 32
29 34
29 42
29 43
29 56
30 4
30 45
30 47
30 49
30 65
30 72
30 76
30 82
30 84
30 88
30 93
30 95
30 105
30 108
30 110
30 116
30 120
30 124
30 140
30 141
31 7
31 14
33 51
33 57
33 67
33 72
33 99
33 102
33 109
33 125
34 11
34 17
34 38
36 26
36 30
36 34
36 38
36 45
36 47
36 52
36 55
36 56
36 67
36 70
36 81
36 85
36 100
36 116
36 122
36 123
36 125
36 128
36 133
37 2
37 3
37 11
37 17
37 20
37 28
37 32
37 38
37 41
37 44
37 48
37 49
37 53
37 57
37 59
37 61
37 66
37 83
37 85
37 88
37 95
37 96
37 100
37 105
37 116
37 123
37 127
37 136
37 138
37 140
37 143
37 152
37 154
37 156
37 170
37 172
37 188
37 197
37 204
37 209
37 214
37 217
37 221
37 252
37 254
37 255
37 267
37 285
37 293
37 296
37 304
37 313
37 314
37 316
37 317
37 344
41 56
41 57
41 63
42 6
42 18
42 28
42 31
42 41
42 57
42 60
42 63
42 66
42 72
42 78
42 106
42 108
42 119
42 124
42 128
42 145
42 151
42 157
42 158
42 171
42 180
42 186
43 1
43 4
43 6
43 47
43 51
43 53
43 55
43 56
43 59
44 3
44 4
44 8
44 9
44 16
44 28
44 29
44 30
44 32
44 37
44 44
44 45
44 56
44 60
44 65
44 71
44 72
44 82
44 88
44 115
44 116
44 126
44 147
44 155
44 156
44 170
44 172
44 174
44 178
44 186
44 196
45 3
45 4
46 25
46 31
46 33
47 121
47 125
47 128
47 130
47 133
47 141
47 142
47 152
48 232
49 6
49 28
49 30
49 39
49 44
49 46
49 48
49 66
49 71
49 74
49 77
49 78
49 96
49 99
49 101
49 106
49 108
50 88
50 89
50 117
50 220
50 227
51 4
51 5
51 7
51 8
51 11
51 15
51 20
51 21
51 34
51 58
51 60
51 61
51 64
51 68
52 4
52 17
52 28
52 32
52 34
52 37
52 47
52 48
52 49
52 53
52 59
52 62
52 63
52 77
52 81
52 94
52 99
52 105
52 125
52 126
52 130
52 132
52 133
52 134
52 139
53 63
53 77
53 79
53 82
53 111
53 113
53 115
54 53
54 56
54 58
54 62
54 63
56 19
56 21
56 23
56 24
56 28
56 33
56 40
56 42
56 58
56 65
56 66
56 72
56 83
56 85
57 1
57 3
57 12
57 14
57 22
57 30
57 34
57 41
57 43
57 50
58 5
58 10
58 12
58 17
58 20
58 25
58 34
58 65
58 67
58 69
58 75
58 99
58 100
58 110
58 111
58 118
58 119
58 121
58 129
58 135
58 140
58 142
58 148
58 151
58 170
58 177
59 6
59 8
59 14
59 21
59 22
59 26
60 3
60 7
61 4
61 14
62 8
62 11
62 13
62 15
62 25
62 26
62 28
62 35
62 36
62 50
62 54
62 74
62 75
62 85
62 89
62 91
62 92
62 147
62 149
62 156
63 8
63 15
63 18
63 21
63 23
63 24
63 26
63 32
63 33
63 35
63 44
63 48
63 62
63 64
63 68
63 71
63 88
63 93
63 98
64 59
64 62
64 71
64 72
64 77
64 89
64 93
64 96
64 103
64 107
65 2
65 11
65 13
65 14
65 24
66 2
66 3
66 4
66 8
66 10
66 12
66 143
66 146
66 164
66 167
67 1
67 4
67 5
67 14
67 18
67 23
69 96
69 111
69 179
69 189
69 191
69 201
69 204
69 211
69 217
69 219
71 8
71 12
71 13
71 19
71 20
71 21
73 21
73 22
73 23
73 25
73 35
74 3
74 4
74 7
74 8
74 12
74 15
74 16
74 22
74 23
74 27
74 35
74 48
74 49
74 54
74 55
74 59
74 60
74 66
74 69
74 72
74 75
75 3
77 34
77 39
78 1
78 2
78 6
78 10
78 23
78 30
78 34
78 40
78 41
78 42
78 61
79 24
79 32
79 34
80 55
80 58
80 63
80 64
80 69
80 80
80 86
80 91
80 95
80 96
80 108
80 119
80 122
80 123
80 158
80 167
80 168
80 174
80 175
80 178
80 308
80 309
80 318
80 322
80 336
80 351
80 365
80 396
80 404
80 411
80 425
80 428
80 432
80 443
80 445
80 450
80 456
80 457
80 461
80 462
80 467
80 469
81 4
81 7
81 11
81 20
81 30
81 32
81 38
81 55
81 56
81 57
81 58
82 2
82 5
83 3
83 4
83 21
84 3
84 12
84 20
85 87
85 88
85 93
85 95
87 19
87 22
87 23
87 30
87 32
87 33
87 34
87 36
87 38
87 41
87 43
87 48
87 51
87 54
87 60
87 62
87 63
87 66
87 67
87 72
88 40
88 44
88 62
88 77
88 89
88 91
88 93
88 95
88 102
88 103
88 109
88 110
89 2
89 5
89 10
89 22
89 23
89 27
89 30
89 36
89 39
89 43
90 38
90 41
90 50
90 52
90 65
90 71
90 78
90 81
90 88
90 93
90 94
90 98
90 100
90 122
90 134
91 8
91 10
91 23
91 32
91 35
91 37
91 38
91 45
91 48
91 58
91 79
91 86
91 104
91 107
91 111
91 113
91 114
91 126
91 131
91 138
91 145
91 146
93 21
93 26
93 32
93 43
93 46
93 62
93 68
93 75
93 79
93 80
93 86
93 90
93 91
93 94
93 107
93 110
93 115
93 117
93 122
93 132
93 135
93 138
93 145
93 148
93 152
93 157
93 162
93 179
93 181
93 186
93 191
93 196
93 199
93 202
93 203
93 206
93 212
93 225
93 227
93 232
93 240
93 241
93 243
93 244
94 2
94 7
94 20
95 6
95 14
95 19
95 26
95 41
95 42
95 43
95 48
95 49
95 53
95 55
95 56
95 61
95 62
95 70
95 77
95 82
95 86
95 94
95 108
95 114
95 121
95 123
95 133
95 141
96 1
96 5
96 11
96 19
96 20
96 25
96 32
96 33
96 36
96 38
96 40
96 51
96 52
96 53
96 57
96 58
96 59
96 66
96 69
96 70
96 72
97 4
97 5
97 8
97 10
97 18
97 24
97 25
97 26
97 27
97 29
97 32
97 36
97 40
97 44
97 47
97 52
97 57
97 65
97 66
97 70
97 71
98 7
98 11
98 20
98 25
98 27
98 34
98 36
98 48
98 52
98 56
98 76
