1 9
1 11
1 13
1 22
1 25
1 30
1 32
1 42
1 45
1 51
1 53
1 62
1 64
1 65
1 69
1 70
3 4
3 12
3 49
3 53
4 33
5 9
5 76
5 80
5 88
6 1
6 8
6 9
6 13
6 17
6 19
6 27
6 31
6 39
10 2
10 7
10 8
10 37
10 39
10 104
10 113
10 114
10 130
10 135
10 142
10 148
10 154
12 2
12 6
14 73
14 76
14 88
14 91
14 92
14 95
14 96
15 7
15 13
15 19
15 20
15 22
15 27
15 28
15 32
15 34
15 44
15 55
15 56
16 103
16 108
16 109
16 131
16 133
16 136
16 145
16 152
17 2
17 18
17 20
17 28
17 29
18 79
18 85
18 86
18 99
18 101
18 110
19 27
19 29
19 40
19 41
19 50
19 51
19 58
19 61
19 173
19 177
19 190
19 240
19 242
19 244
19 245
19 247
19 249
21 6
21 18
21 27
23 6
23 29
23 45
23 59
23 80
24 2
24 5
24 7
24 11
24 23
24 30
24 42
24 46
24 51
24 52
24 55
24 60
24 61
24 65
24 66
24 70
24 79
24 83
24 90
24 98
24 102
24 114
25 5
26 4
26 12
26 17
26 23
26 26
26 28
26 37
26 41
26 48
26 53
26 55
26 69
26 72
26 76
27 1
27 8
27 11
27 15
27 17
27 28
27 30
27 37
27 39
27 50
27 58
27 69
27 72
27 78
27 208
27 210
27 212
27 218
27 222
27 229
31 22
31 26
31 29
31 31
31 33
31 35
31 50
31 56
31 57
31 65
31 66
31 69
31 75
32 4
32 7
32 9
32 14
32 17
34 53
34 54
34 68
34 74
34 84
34 89
34 90
34 93
34 107
34 112
34 114
34 123
34 127
34 130
34 132
34 141
34 142
34 144
34 153
34 201
34 323
34 367
34 370
34 372
34 374
34 378
34 507
34 517
35 3
35 16
35 21
35 24
35 31
35 51
35 55
35 57
35 59
35 96
35 97
35 100
35 102
35 103
35 106
35 110
35 114
35 124
35 125
35 134
35 137
35 141
36 1
36 2
36 6
36 13
36 15
36 28
36 29
36 31
36 39
37 2
37 5
38 5
38 7
38 10
38 12
38 14
38 148
38 159
38 163
38 167
38 170
38 179
38 182
38 188
38 191
38 195
38 196
38 198
40 23
40 27
40 31
40 32
40 42
40 49
40 53
40 69
40 70
40 81
41 1
41 5
41 11
41 29
41 40
41 44
41 69
41 71
41 73
41 76
41 77
41 84
41 85
41 88
41 105
41 106
41 110
44 98
44 103
44 107
44 113
44 126
44 130
44 132
44 133
44 135
44 137
44 139
44 140
44 141
44 143
44 144
44 162
44 163
45 3
45 10
45 15
45 19
45 30
45 42
45 53
45 58
46 3
46 4
46 6
46 8
46 17
46 23
46 29
46 30
46 31
46 34
46 68
47 10
47 12
47 17
47 19
47 33
47 44
47 49
47 53
47 54
47 55
47 56
47 57
47 69
47 70
47 76
47 80
47 83
47 85
47 91
47 94
48 2
48 7
48 37
48 42
48 43
48 44
48 142
48 149
48 169
48 174
48 184
48 191
48 204
48 208
48 213
48 215
49 3
49 11
49 15
49 16
49 18
49 23
49 24
51 3
51 7
51 17
51 22
51 26
51 27
51 36
51 42
51 45
52 3
52 10
52 11
52 20
52 36
52 41
52 43
53 12
53 21
54 2
54 13
54 19
54 24
54 102
54 111
54 117
54 118
55 124
55 133
55 149
55 154
55 155
55 167
55 170
55 177
55 183
55 185
55 189
55 201
55 209
55 210
55 218
55 223
56 2
56 7
57 97
58 2
58 3
58 8
58 12
58 14
58 23
58 25
58 123
58 128
58 129
58 133
58 135
58 142
59 5
59 6
59 11
59 18
59 22
59 31
59 52
59 56
59 67
59 70
59 77
59 78
59 81
59 86
59 92
59 94
59 112
59 116
59 121
59 129
59 134
59 137
59 146
59 150
60 13
60 22
60 28
60 41
60 43
60 50
60 59
60 87
60 92
60 95
60 99
60 113
60 116
60 122
60 131
60 153
60 157
60 169
61 1
61 19
61 27
61 36
61 41
61 43
61 46
61 49
61 62
61 73
61 86
61 93
61 103
61 106
61 110
61 130
62 38
62 41
62 68
63 63
63 64
63 85
63 86
63 89
63 91
63 109
63 111
63 121
63 123
63 128
63 133
63 135
63 136
63 138
63 139
63 141
64 4
64 8
64 10
64 13
64 16
64 17
64 47
64 49
64 52
64 57
64 62
64 66
64 71
64 98
64 104
64 114
64 126
64 129
64 131
64 132
64 140
64 144
64 148
64 152
64 165
64 170
64 181
64 182
64 189
64 191
64 193
64 199
65 11
65 29
65 30
65 33
65 35
65 38
65 40
65 51
65 52
65 66
65 74
65 77
65 82
65 83
65 86
65 94
65 95
65 98
66 5
66 8
66 32
66 36
66 39
66 41
66 44
66 45
66 52
66 54
66 58
66 61
67 11
67 21
67 24
67 33
67 34
67 38
67 42
67 54
67 68
67 69
67 75
67 86
67 89
67 96
67 101
67 115
67 119
67 123
67 124
67 126
67 129
67 132
67 145
67 147
67 150
67 158
67 159
69 10
69 15
69 18
69 22
69 36
69 37
69 40
69 42
69 45
69 46
69 51
69 60
69 68
70 3
70 4
70 9
70 14
70 18
70 24
70 35
70 48
70 49
70 63
70 67
70 73
70 92
70 100
70 106
70 110
70 111
70 117
70 124
70 132
70 134
71 15
71 24
71 26
71 37
71 48
71 51
71 66
71 68
71 80
71 87
72 12
72 21
72 22
72 32
72 46
72 49
72 53
73 2
73 3
73 10
74 1
74 4
74 7
74 10
74 20
74 23
74 40
74 44
74 50
74 55
74 62
74 70
74 82
74 91
74 94
74 101
74 113
74 114
74 116
74 118
74 120
74 129
74 139
74 149
74 166
74 175
74 182
74 194
75 5
75 12
75 17
75 18
75 20
75 21
75 23
75 34
75 54
75 72
75 75
75 84
75 85
75 97
75 103
77 4
77 5
77 11
77 16
77 21
77 22
77 24
77 26
79 11
79 14
79 18
79 23
79 34
79 35
80 8
80 9
80 13
80 20
80 76
80 94
80 100
80 113
80 116
81 4
81 6
81 10
81 13
81 19
81 20
81 26
81 30
81 34
81 41
81 47
81 53
81 65
81 68
82 1
82 9
82 24
82 30
82 31
82 32
82 34
82 36
82 48
82 50
82 58
82 61
82 68
82 69
82 70
82 71
82 81
82 83
82 84
82 86
82 92
82 95
82 104
82 108
82 109
82 116
82 120
82 121
82 122
82 124
82 125
82 127
82 138
82 154
82 157
82 166
82 168
82 169
84 82
84 84
84 87
84 94
84 98
84 115
84 118
84 121
84 123
84 130
84 137
84 144
84 148
84 153
84 215
84 216
84 223
84 224
84 230
84 234
84 241
84 243
84 249
84 255
84 257
84 259
84 295
84 297
84 298
84 299
84 305
84 311
84 314
84 321
84 324
84 326
84 440
84 443
84 444
84 447
84 450
84 451
84 458
84 465
84 473
84 476
85 3
85 6
85 9
85 14
86 4
86 13
86 17
86 20
86 22
86 24
86 25
88 11
88 16
89 5
89 10
89 22
89 31
89 39
89 46
89 50
89 54
89 57
90 10
90 16
90 20
90 29
90 36
90 38
90 49
90 50
91 4
91 17
91 21
91 22
91 26
92 2
92 14
92 17
92 20
92 27
92 28
92 31
92 37
92 38
92 44
92 58
92 59
92 61
92 62
92 75
92 78
92 80
92 82
92 84
92 85
92 101
92 103
92 104
92 106
92 118
92 119
92 122
92 136
92 150
92 156
92 157
92 161
92 164
92 171
92 172
92 177
92 182
95 4
95 11
95 14
95 21
95 23
95 28
95 29
95 35
95 37
96 11
96 14
96 16
96 19
96 28
96 40
96 42
96 75
96 76
96 77
96 78
96 79
96 82
96 90
96 94
97 2
97 4
97 7
99 20
99 23
99 35
100 1
100 5
100 10
100 15
100 33
100 45
100 88
100 90
100 99
100 101
100 102
100 109
100 111
100 112
100 122
100 126
100 141
100 162
100 166
100 183
100 185
100 186
100 187
100 189
100 191
100 201
100 211
100 217
100 226
100 228
100 230
102 13
102 22
102 27
102 33
102 37
102 42
102 46
102 51
102 52
102 58
102 59
102 60
102 65
102 69
102 75
102 83
102 91
102 93
102 101
102 103
102 113
102 116
102 121
102 126
102 127
102 133
102 135
102 136
102 139
102 141
102 150
102 159
102 161
103 4
103 13
103 18
104 1
104 7
104 61
104 66
104 80
104 82
104 83
104 107
104 108
104 116
104 118
104 121
104 124
104 127
104 136
104 143
106 2
106 4
106 21
106 27
106 35
106 37
106 39
106 41
106 43
106 48
106 57
