1 2
1 4
1 12
2 10
2 12
2 15
2 18
2 19
3 1
4 45
4 54
4 59
4 65
4 66
4 70
4 75
4 78
4 95
4 98
4 108
4 109
4 119
4 121
4 127
4 128
4 134
4 135
4 155
4 157
4 166
4 168
4 172
4 176
4 181
4 204
4 334
4 336
4 343
4 344
4 348
4 349
4 378
4 383
4 384
4 386
4 387
4 388
4 390
7 40
7 44
7 48
7 49
7 50
7 55
7 62
7 73
7 74
7 82
7 86
7 87
7 89
7 91
7 92
7 94
7 98
8 1
8 4
8 10
8 13
8 14
8 15
8 23
8 27
8 39
8 51
8 65
8 74
8 80
8 85
8 86
8 88
8 97
8 115
8 117
8 123
8 125
8 126
8 133
9 5
9 12
9 15
9 25
9 31
9 122
9 124
9 125
9 134
10 7
10 12
10 16
10 63
10 65
10 76
10 77
10 78
10 119
10 120
11 6
11 9
12 1
12 7
12 20
12 25
12 34
12 36
12 44
12 46
12 101
12 124
12 131
13 2
13 3
13 4
14 32
14 39
14 61
14 73
14 82
14 85
14 95
14 98
14 100
14 108
14 109
14 116
14 117
14 120
14 122
16 15
16 18
16 26
17 57
17 67
17 73
17 78
17 80
17 84
17 90
17 95
17 97
17 100
18 1
18 7
18 19
18 26
19 2
19 3
19 5
19 6
19 14
19 18
19 20
19 23
19 34
19 48
19 49
19 55
19 59
19 63
19 65
20 3
20 12
20 25
20 32
20 36
21 62
21 66
21 72
21 80
21 83
23 36
23 42
24 7
24 9
24 12
24 16
24 19
24 82
24 195
24 196
24 203
24 207
24 209
24 215
24 221
24 222
24 227
24 231
24 241
24 244
24 252
24 266
24 267
24 268
24 269
24 276
24 292
24 300
24 301
24 305
24 311
24 314
24 317
24 320
24 331
27 45
27 49
27 58
27 65
27 68
27 73
27 84
28 12
28 16
28 47
28 70
29 11
29 19
29 23
29 24
31 92
31 95
31 97
32 4
32 8
32 15
32 35
32 40
32 44
32 47
32 52
32 66
32 73
32 77
32 78
32 98
32 122
33 5
33 8
33 13
33 17
33 19
33 20
33 62
33 63
33 66
33 67
33 71
33 81
33 96
33 101
33 112
33 127
33 131
33 133
34 93
34 99
34 101
34 104
34 105
34 109
34 110
34 116
34 129
37 79
37 85
37 88
37 94
37 95
37 96
37 99
37 101
37 104
37 117
37 123
40 72
40 75
40 86
40 102
40 103
40 112
40 113
40 114
40 117
40 123
40 124
40 126
40 129
40 136
40 142
40 153
40 163
40 164
40 165
40 176
40 177
40 183
40 188
40 189
40 190
40 201
40 202
40 210
40 224
40 227
40 232
40 244
40 252
40 256
41 54
44 12
44 17
44 21
44 28
44 43
44 46
44 51
44 53
44 55
44 61
44 62
44 68
44 74
44 76
44 80
44 81
44 90
44 93
44 94
44 102
44 106
44 110
44 122
44 125
44 143
44 148
44 151
44 155
44 156
44 162
44 164
44 174
44 190
44 213
45 7
45 10
45 12
45 13
45 17
45 23
45 25
45 29
45 34
45 35
45 39
45 44
47 3
47 4
47 31
47 37
47 39
47 47
50 6
50 7
50 25
50 27
50 36
50 47
50 50
50 67
50 75
50 77
50 83
50 153
50 162
50 168
50 175
50 184
50 190
50 191
50 198
50 199
50 207
50 220
50 222
50 231
50 232
50 233
50 235
50 237
50 239
50 241
50 244
50 247
51 3
51 22
51 25
51 51
51 55
51 58
51 60
51 91
51 92
51 94
51 109
51 114
51 115
51 122
51 132
51 133
51 139
51 145
51 148
51 149
51 154
51 175
51 177
51 198
51 204
51 212
51 220
51 225
51 229
52 7
53 1
53 2
53 82
53 85
53 87
53 89
53 91
53 106
53 111
54 13
54 22
54 24
54 26
54 34
54 35
54 37
54 40
54 45
54 46
54 62
54 65
54 69
54 70
55 14
55 23
55 29
55 34
55 41
55 43
55 44
55 45
55 50
55 51
55 57
55 60
55 66
55 78
55 79
55 89
57 4
57 10
57 11
57 14
57 23
57 38
57 43
57 45
58 3
58 4
58 5
58 8
58 9
58 18
58 20
58 21
58 26
58 60
58 65
58 67
58 88
58 90
59 2
59 3
59 10
59 13
59 14
59 15
59 19
59 37
59 39
59 146
59 149
59 150
59 156
59 162
59 164
59 173
59 178
59 179
60 8
60 15
60 25
60 26
60 29
61 57
61 62
61 64
61 67
61 94
61 96
61 97
61 107
61 113
61 116
61 123
61 126
61 138
61 141
61 145
61 147
61 152
62 14
62 15
62 34
62 35
62 36
63 2
63 6
63 9
63 13
63 17
63 18
63 19
63 21
65 13
65 25
66 7
66 8
66 11
66 13
66 22
66 31
66 44
66 50
66 53
66 56
66 57
70 14
70 25
70 29
70 32
70 35
70 40
70 49
70 51
71 1
71 13
71 14
71 29
71 42
71 58
71 62
71 72
71 87
71 97
71 98
71 100
71 109
71 112
71 113
71 125
71 159
71 179
71 186
71 187
71 202
71 224
72 7
74 44
74 45
74 85
74 89
74 92
74 97
74 100
74 103
74 104
74 112
74 134
74 135
74 151
74 161
74 163
74 173
74 175
75 5
75 7
75 17
75 19
75 27
75 28
75 29
75 35
75 37
75 39
76 8
76 11
76 13
76 16
76 21
76 27
76 30
76 31
76 39
77 54
77 58
77 62
77 63
77 65
77 66
77 71
77 72
77 74
77 76
79 4
79 14
79 18
79 19
79 24
79 26
80 1
80 8
80 9
80 19
80 21
80 33
80 37
80 42
80 47
80 50
81 3
81 4
81 6
81 17
81 19
81 22
81 23
81 31
81 37
81 43
81 54
81 69
81 72
83 5
83 7
83 17
83 19
83 22
83 26
83 28
83 30
83 31
83 42
83 54
83 55
83 56
83 117
83 129
84 1
84 10
84 12
84 17
84 19
84 26
84 35
84 42
85 12
85 14
85 15
85 19
86 3
86 4
86 7
86 9
86 13
86 17
86 22
86 33
86 34
86 36
86 37
86 44
86 49
86 54
88 114
88 115
88 134
88 136
88 140
88 143
88 145
88 161
90 12
90 13
90 34
90 49
90 53
90 60
90 64
90 66
90 69
90 73
90 82
91 4
91 5
91 9
91 21
91 36
91 41
91 51
91 60
91 68
91 73
91 81
91 84
91 97
91 100
91 102
91 112
91 113
91 134
91 143
92 1
92 9
92 12
92 15
92 19
92 25
92 29
92 33
92 38
92 69
92 72
92 74
92 75
92 79
92 86
92 92
92 93
92 98
92 100
92 101
92 105
92 112
92 115
93 4
93 5
93 15
93 33
93 37
93 40
93 42
93 45
93 61
93 62
93 67
93 77
93 80
93 83
93 87
94 42
94 47
94 52
94 63
94 66
94 67
94 69
94 73
94 100
95 6
95 11
95 13
95 17
95 20
95 25
95 29
95 30
95 34
96 1
96 4
96 14
96 18
96 19
96 23
96 29
97 1
97 5
97 7
97 11
97 19
97 62
97 67
97 68
97 89
97 94
97 105
97 123
97 126
97 128
97 132
97 143
97 147
97 154
97 227
97 243
97 251
99 52
99 56
99 59
100 3
102 61
103 4
103 6
103 16
103 17
103 19
103 29
103 33
103 46
103 48
103 57
103 191
104 2
105 7
105 14
105 18
105 27
105 30
105 49
105 55
105 61
105 65
105 66
105 72
105 79
105 82
105 93
105 95
105 102
105 108
105 156
105 159
105 163
105 179
105 186
105 188
105 194
105 196
105 203
105 213
105 215
105 219
105 223
105 225
105 233
106 10
106 26
106 28
106 32
106 34
106 38
106 51
106 53
106 54
106 57
106 60
107 124
107 125
110 12
111 4
111 5
114 29
115 1
115 3
115 5
115 7
115 12
