1 3
1 11
1 15
1 19
1 48
1 60
1 62
1 63
1 65
1 71
1 73
1 84
1 215
1 216
1 220
1 222
1 234
1 237
1 245
1 261
1 264
1 272
1 276
1 280
1 290
1 293
1 300
1 304
1 313
1 325
1 326
1 329
1 337
1 338
1 344
1 353
2 4
2 5
2 8
2 9
2 12
2 15
2 21
2 27
2 31
2 32
2 34
2 35
2 38
2 41
2 50
2 60
2 62
2 67
2 76
2 77
2 78
2 83
2 84
3 13
3 16
3 33
3 38
3 41
3 42
3 46
3 52
3 57
4 72
4 88
4 92
4 94
4 96
4 100
4 101
4 106
4 111
4 116
4 126
4 127
4 263
4 264
4 267
4 268
4 269
5 2
5 3
5 6
5 11
5 15
6 57
6 76
6 80
6 98
6 99
6 104
6 109
6 122
6 129
6 133
6 137
6 143
6 144
7 1
7 3
7 8
7 10
7 11
9 56
9 57
12 15
12 21
12 38
12 40
14 27
14 54
16 15
16 18
16 22
16 70
16 78
16 82
16 86
17 4
17 8
17 9
17 21
17 23
17 33
17 35
17 40
17 44
17 47
17 56
17 73
17 87
17 91
17 96
18 8
18 11
18 12
18 19
18 35
18 37
18 38
19 1
19 7
19 9
20 1
20 22
20 23
20 24
20 28
20 36
20 40
20 46
20 48
20 58
20 72
20 79
20 85
20 91
20 93
20 124
20 129
20 138
20 144
23 13
23 27
23 29
23 33
23 45
23 52
23 65
23 71
23 91
24 9
24 11
24 13
24 18
24 19
24 23
24 28
24 30
24 31
24 35
24 38
24 39
26 14
26 19
26 21
26 32
26 34
26 37
27 10
28 6
28 7
28 9
28 10
28 14
30 22
30 25
30 29
30 47
30 49
30 61
30 75
30 186
30 189
30 195
30 199
30 201
30 202
30 203
30 218
30 224
30 226
30 227
30 232
30 234
31 1
31 7
32 4
32 16
32 23
32 24
32 28
32 29
32 37
32 56
32 58
32 67
32 86
32 118
32 124
32 140
32 141
32 142
32 143
32 192
32 206
32 217
32 218
32 219
32 221
32 359
32 368
32 371
32 377
33 41
33 47
33 61
33 69
33 79
33 80
33 94
33 111
33 118
33 119
33 121
33 126
33 127
33 134
33 147
33 150
33 159
33 180
34 3
35 53
35 55
35 63
35 65
35 71
35 73
35 75
35 91
35 97
35 114
37 77
37 89
37 96
37 99
37 103
37 112
37 133
37 135
37 151
37 154
37 162
37 167
37 171
37 173
37 191
37 194
37 203
37 207
37 211
40 16
40 17
40 36
40 40
40 45
40 46
40 57
40 58
40 62
40 64
40 66
40 72
40 83
40 88
40 89
40 93
40 95
40 107
40 112
40 123
40 124
40 132
40 138
40 139
40 144
40 145
40 146
40 153
40 180
40 182
42 2
42 5
42 6
42 13
42 15
42 30
42 36
42 42
43 3
43 4
43 10
43 13
43 21
45 1
45 4
45 10
45 14
45 17
45 22
45 37
45 43
45 46
45 52
45 80
45 96
45 110
45 113
45 114
45 120
45 137
45 139
45 152
45 179
45 180
45 183
45 192
46 10
46 29
46 42
48 49
48 58
48 65
48 67
48 69
48 78
48 81
48 90
48 105
48 114
48 130
48 183
48 188
48 195
48 204
48 209
48 210
48 216
48 218
49 20
49 22
49 26
49 29
49 31
49 32
49 37
49 40
49 42
49 44
49 57
49 61
49 76
49 83
49 90
49 92
49 100
49 101
49 102
49 115
50 3
50 11
50 30
50 44
50 55
50 60
51 1
51 8
51 10
51 17
51 18
51 25
51 30
51 32
52 39
52 43
52 61
54 94
54 95
54 96
54 100
54 103
54 107
54 124
54 129
54 137
55 7
55 27
55 32
55 34
55 35
55 38
55 48
55 50
55 56
55 57
56 1
56 9
56 11
56 29
56 45
56 53
56 57
56 60
56 62
56 63
56 78
56 79
56 80
56 98
56 112
56 115
56 180
56 186
56 193
56 196
56 202
56 203
56 205
56 206
56 217
56 225
56 229
57 10
57 16
57 19
57 22
57 34
57 40
57 44
57 46
57 47
57 49
57 59
58 11
58 21
58 23
58 27
58 28
58 32
58 48
58 50
58 53
58 54
58 77
58 83
59 3
59 7
59 13
59 17
59 18
59 23
59 31
59 34
59 48
59 57
59 66
59 82
59 101
61 59
61 64
61 68
61 69
62 2
62 4
62 16
62 29
62 42
62 44
62 52
62 54
62 56
62 69
62 70
62 75
62 77
62 81
62 85
62 88
62 89
62 99
62 106
62 108
62 109
62 113
62 130
62 136
62 148
62 149
64 77
64 78
64 95
66 13
66 15
66 16
67 2
67 11
67 15
67 23
67 27
67 34
67 36
67 38
67 47
68 3
68 6
68 7
68 13
68 24
68 32
68 42
68 44
68 46
68 61
68 72
68 78
69 10
70 11
71 1
71 13
71 14
71 18
71 40
71 44
71 45
71 60
71 63
71 73
71 74
71 77
71 135
71 141
71 143
72 1
72 2
72 5
72 8
72 9
72 26
72 29
72 35
72 38
72 42
72 47
72 49
73 1
73 8
73 10
73 18
73 21
73 22
73 26
74 9
74 28
74 36
74 48
74 54
74 55
74 65
74 78
74 81
74 84
74 99
74 104
74 108
74 110
74 115
74 117
74 128
74 149
74 192
74 194
74 195
74 197
76 39
76 49
76 59
76 87
76 105
76 108
76 127
76 130
76 135
76 143
77 81
77 83
77 85
77 88
77 89
77 91
77 97
77 99
77 103
77 113
77 122
77 134
78 35
78 37
78 40
78 169
78 170
78 180
78 186
78 203
78 206
78 209
78 232
78 239
78 248
78 249
78 252
79 75
79 79
79 81
79 89
79 92
79 94
79 101
79 112
79 124
79 130
79 140
79 141
79 149
81 5
84 116
84 118
84 119
84 123
84 135
84 166
84 175
84 176
84 200
84 206
84 211
84 215
84 219
84 221
84 230
84 236
84 240
84 245
84 252
84 275
84 283
84 284
84 288
84 290
84 299
84 308
84 312
84 313
84 315
84 316
84 319
84 417
84 419
84 423
84 426
84 429
84 431
84 434
84 439
84 444
84 452
84 456
84 457
84 464
84 470
84 474
84 489
84 497
84 500
84 507
84 518
84 528
84 529
84 548
84 551
84 554
84 557
84 562
84 563
84 564
84 570
85 2
85 19
85 20
85 23
85 31
85 39
85 44
85 46
85 49
85 52
85 55
85 66
85 72
85 77
85 81
85 89
85 91
85 115
85 118
85 120
85 122
85 124
85 127
85 131
85 133
88 1
88 3
88 15
89 34
89 36
89 42
89 47
89 48
89 54
89 56
89 65
89 66
89 71
89 86
89 97
90 7
90 9
90 18
90 22
90 25
90 38
90 40
90 45
90 47
90 56
91 6
91 9
91 13
91 17
91 19
91 29
91 45
92 3
92 12
92 13
92 19
92 21
92 23
92 25
93 3
93 6
93 8
94 5
94 7
94 17
97 17
97 20
97 21
97 24
97 34
97 40
97 51
97 59
97 122
97 131
97 143
97 145
97 162
97 272
97 273
97 274
97 276
97 303
97 305
97 367
97 375
97 381
97 387
97 392
97 394
97 408
97 424
97 445
97 447
97 451
97 453
97 454
97 465
97 470
97 472
97 483
97 502
97 506
97 507
97 517
97 524
97 527
97 537
97 546
98 2
98 10
98 19
99 11
99 16
99 24
100 2
101 20
101 26
101 34
101 37
101 41
101 42
101 58
101 59
101 62
101 65
101 71
101 76
101 80
101 85
102 17
102 55
102 61
102 62
102 76
102 84
102 91
102 99
102 101
102 107
102 113
102 118
102 120
104 52
104 56
104 57
104 59
104 86
