2 2
2 3
2 4
2 5
2 13
2 19
2 44
3 4
3 6
3 8
3 11
3 12
3 13
4 86
4 89
4 93
4 94
4 95
4 102
4 105
4 122
4 127
4 133
4 148
4 149
4 155
4 156
4 163
4 167
4 188
4 189
4 190
4 193
4 210
4 212
4 213
4 222
4 223
4 233
4 250
4 251
4 270
4 272
5 2
5 6
5 14
5 21
5 25
5 29
5 35
5 40
5 45
6 1
6 6
6 9
6 13
6 15
6 20
6 23
6 25
6 30
6 34
6 102
6 112
6 138
6 139
6 140
6 154
7 1
8 9
8 12
8 17
8 25
8 34
8 38
8 50
8 52
8 54
8 64
8 74
8 75
8 79
8 83
8 85
10 52
10 53
10 60
10 63
10 68
10 74
10 75
10 81
10 83
10 95
10 100
10 101
11 5
11 10
11 14
11 15
11 19
11 21
13 1
13 2
13 19
13 21
13 22
13 35
13 48
13 53
13 63
13 67
13 69
13 71
13 78
14 4
15 6
15 12
15 115
15 116
15 121
15 131
15 132
15 133
15 136
15 137
15 140
15 147
15 153
15 157
15 158
15 160
15 165
15 199
15 207
15 210
15 218
15 219
15 227
18 20
18 21
18 39
18 51
18 54
18 61
18 83
18 93
18 101
19 2
19 4
19 5
19 12
19 13
19 29
19 31
20 5
20 17
20 20
20 21
21 1
21 2
21 12
21 14
21 16
21 36
21 38
21 44
22 11
22 12
22 18
23 7
23 10
24 3
24 4
24 8
25 1
25 2
25 10
25 12
25 14
26 6
26 9
26 17
26 35
26 51
26 56
26 72
26 73
26 78
26 88
26 96
26 106
26 107
26 121
26 130
26 137
27 34
27 42
27 46
27 47
27 57
27 61
27 62
27 69
27 71
27 79
27 86
27 110
27 115
27 119
27 123
27 130
27 131
28 25
28 29
28 30
28 31
28 56
28 60
28 71
28 78
28 80
28 83
28 88
28 94
28 95
28 96
28 97
28 102
28 103
29 21
29 32
29 38
29 39
29 42
29 44
29 45
29 56
29 64
29 69
29 83
29 92
29 93
29 94
29 104
29 106
29 108
29 121
29 130
29 135
29 138
29 141
30 68
30 70
30 78
30 84
30 95
30 106
30 114
30 115
30 116
30 117
30 118
30 120
30 124
30 131
30 143
30 149
30 153
30 155
30 157
30 158
30 160
30 162
30 177
30 193
30 212
33 29
33 31
33 37
33 39
33 121
33 123
33 126
33 129
33 134
33 142
33 156
33 160
33 165
34 12
34 23
34 24
34 25
34 27
34 32
34 35
34 38
34 52
34 53
34 58
34 64
34 65
34 72
37 18
37 26
37 32
37 35
37 42
37 52
37 54
37 58
37 162
37 168
37 212
37 216
37 220
37 223
37 225
37 228
37 239
37 240
37 250
37 253
37 257
40 38
40 40
40 41
40 43
40 46
40 56
40 57
40 60
40 62
40 63
40 73
40 77
40 116
40 127
41 57
41 67
41 68
41 69
41 76
41 78
41 80
41 85
41 89
41 90
41 98
41 99
41 111
41 113
41 117
41 120
41 123
41 137
41 141
41 147
41 152
41 163
41 164
41 184
41 186
41 193
41 195
41 201
41 209
41 225
41 227
41 228
41 237
41 239
41 246
41 250
41 257
41 260
41 263
41 279
41 281
41 288
41 292
41 297
41 300
41 304
41 306
41 312
42 2
42 8
42 18
42 30
42 33
42 39
42 45
42 54
42 58
42 72
42 79
42 85
42 99
42 101
42 105
42 109
42 110
42 111
42 121
42 122
42 124
42 126
42 127
42 130
42 134
42 139
42 142
42 195
42 196
42 197
42 200
42 201
42 202
42 207
42 212
42 222
42 231
42 232
42 237
42 239
42 240
42 245
42 247
42 248
42 249
42 256
42 258
42 260
42 276
43 9
43 16
43 18
43 20
43 22
43 23
43 24
43 37
43 60
43 69
43 71
43 72
43 73
43 81
43 83
43 91
43 93
43 121
44 1
44 3
44 5
44 13
44 15
44 18
44 28
44 40
44 49
44 57
44 67
44 79
45 3
45 61
46 117
46 135
46 140
46 149
46 152
46 164
47 3
47 4
47 14
47 18
47 20
47 21
47 27
47 29
47 42
47 43
47 45
47 52
47 54
47 57
47 58
47 66
47 86
47 93
47 96
49 21
49 30
49 31
49 35
49 48
49 59
49 62
49 66
49 68
49 69
49 74
49 80
49 81
49 88
49 92
49 93
49 95
49 96
49 103
49 104
49 110
49 112
49 115
49 125
49 126
49 129
49 135
50 3
50 4
50 13
50 18
50 29
50 32
50 34
50 49
50 51
50 53
50 60
50 70
50 76
51 51
52 8
53 4
53 7
54 1
54 6
54 7
55 8
55 23
55 25
57 1
57 2
57 4
57 6
57 13
57 29
57 40
57 42
57 78
58 5
58 9
58 12
58 13
58 16
58 21
58 28
58 40
58 43
58 44
58 48
58 52
58 57
62 9
62 10
62 18
62 19
62 28
63 6
63 34
63 41
63 43
63 49
63 56
63 57
63 67
63 71
63 78
63 83
63 85
63 91
64 1
64 2
64 7
64 15
64 16
64 24
64 29
64 39
64 47
64 86
64 100
64 101
64 114
64 120
64 123
64 128
64 132
65 21
65 25
65 31
65 35
65 38
65 40
65 56
65 57
65 76
65 88
65 142
65 155
65 159
65 161
65 271
65 274
65 276
65 281
65 285
65 288
65 289
65 300
65 301
65 303
65 306
65 308
65 312
65 325
65 328
65 457
65 472
65 477
66 10
66 23
66 28
66 36
66 38
66 47
66 49
66 69
66 71
66 75
67 5
67 10
67 13
67 33
67 49
67 60
67 77
68 8
69 2
69 8
70 3
70 6
70 15
70 22
70 25
70 36
70 37
70 38
70 40
70 42
70 48
70 50
70 57
70 68
70 70
70 71
72 91
72 93
72 102
73 75
73 79
73 81
73 93
73 97
73 98
73 106
74 2
74 14
74 15
74 24
74 54
74 55
74 56
74 59
74 63
74 68
74 74
74 77
74 85
77 2
77 6
79 15
79 67
79 196
79 201
79 203
79 212
79 215
79 240
79 241
79 263
79 266
79 271
79 273
79 275
79 277
80 9
80 10
80 19
80 20
81 13
85 30
85 69
85 73
85 76
86 27
86 35
86 37
87 8
87 10
87 18
87 25
87 28
87 36
87 39
87 59
87 61
87 62
87 70
87 72
87 81
87 83
87 84
87 86
87 87
87 90
87 97
87 109
87 112
88 8
88 10
88 12
88 22
88 24
88 32
88 46
88 51
88 56
88 64
88 208
88 210
88 213
88 214
90 41
90 49
90 55
91 1
91 8
91 12
91 16
91 18
91 19
91 21
91 32
92 9
92 38
92 40
92 44
92 135
92 143
92 147
92 152
92 156
92 157
92 161
93 4
93 12
93 18
93 33
93 38
94 19
94 24
94 30
96 45
96 47
98 12
98 13
99 17
99 20
99 36
99 38
99 40
99 43
100 34
100 36
100 39
100 45
100 46
100 54
100 66
100 70
100 75
100 77
100 86
100 90
100 98
100 126
100 129
101 17
102 3
102 4
102 8
102 9
102 16
102 23
103 1
103 6
103 16
103 20
103 24
103 25
103 28
104 2
104 8
104 82
104 83
104 86
104 99
104 104
104 105
104 148
104 149
104 156
104 163
104 172
104 178
104 179
104 181
104 183
104 192
104 202
104 203
104 207
104 210
104 212
104 225
104 230
104 242
104 244
104 251
104 254
104 267
104 273
104 280
104 282
104 297
104 298
104 303
104 326
105 18
105 24
105 27
105 32
105 47
105 49
105 51
105 54
105 188
105 194
105 196
105 198
105 223
105 233
105 237
105 240
105 243
105 244
105 248
105 252
106 4
106 5
106 36
106 37
106 38
106 46
106 48
106 60
106 64
106 122
106 127
106 128
106 131
106 141
106 154
106 164
106 172
106 181
106 191
106 194
106 216
106 233
106 238
106 261
106 266
