1 8
1 9
1 19
1 20
1 35
1 38
1 39
1 49
1 54
1 56
1 62
1 63
1 66
1 69
1 71
1 74
2 12
2 13
2 15
2 16
3 40
3 41
3 56
3 63
3 67
3 87
4 1
4 6
4 8
4 17
4 18
4 25
5 11
5 14
5 24
5 36
5 39
5 42
5 49
6 1
6 3
6 11
7 13
7 28
7 29
9 5
9 13
9 16
9 24
9 26
9 45
9 48
9 49
9 57
9 62
9 63
9 68
9 101
9 106
9 113
9 125
9 130
9 154
9 155
9 158
10 1
10 2
10 3
10 7
10 22
10 27
10 28
10 43
10 47
10 55
10 57
10 60
10 64
10 69
10 72
10 73
10 74
10 75
10 96
10 97
11 1
11 10
11 14
11 45
11 46
11 47
11 55
12 1
13 2
14 62
14 63
14 66
15 8
15 13
15 15
15 17
15 31
15 32
15 46
15 53
15 54
15 58
15 60
15 62
16 1
16 15
16 16
16 27
16 45
16 54
16 56
16 59
16 60
16 67
16 69
16 86
16 93
16 106
16 122
16 125
16 130
18 11
18 12
18 20
18 27
18 31
18 37
18 50
18 51
18 54
18 56
19 8
19 9
19 10
19 11
19 12
19 14
19 16
19 18
19 37
19 38
19 58
19 59
19 71
19 82
20 51
20 56
20 57
20 58
20 60
20 98
20 104
20 109
20 110
20 173
20 180
20 191
20 193
20 195
21 8
21 25
21 29
21 31
21 47
21 48
21 50
21 69
21 74
21 78
21 80
21 81
22 20
22 22
22 24
22 29
22 31
22 50
24 83
24 87
24 91
24 97
24 102
24 104
24 107
24 124
24 128
24 132
24 136
24 141
24 147
24 148
24 168
24 179
24 180
24 195
24 197
24 203
24 206
24 210
24 222
24 226
24 233
24 234
24 249
25 68
25 70
25 71
26 105
26 114
26 119
26 120
26 126
26 132
26 148
26 149
26 155
26 179
26 184
26 192
26 196
26 197
26 204
26 206
26 211
26 228
26 302
26 305
26 317
26 335
26 339
27 24
27 38
27 44
27 46
27 48
27 55
27 56
27 59
27 62
27 68
28 1
28 3
28 6
28 9
28 15
29 1
29 4
29 12
29 24
29 26
29 29
29 31
29 32
29 36
29 37
29 46
29 47
29 50
31 65
31 67
31 72
31 74
31 75
31 78
31 79
31 97
31 99
31 105
31 107
31 114
31 127
31 144
31 155
31 173
31 179
31 182
31 183
31 268
31 286
31 335
31 340
31 341
31 346
32 14
32 24
32 26
32 28
32 40
32 43
32 46
32 50
32 62
32 69
33 10
33 21
33 22
33 23
33 28
33 32
33 39
33 139
33 141
33 162
33 163
33 165
33 166
33 171
33 194
34 7
35 4
35 5
35 7
35 11
36 3
37 19
37 22
37 29
37 36
37 38
37 51
37 59
37 82
37 84
37 87
37 92
37 93
37 103
38 4
38 10
38 27
39 11
39 18
39 53
39 56
39 57
39 65
39 73
39 78
39 80
39 89
39 94
39 97
39 99
39 102
39 107
39 108
39 110
39 121
39 127
39 128
39 137
40 11
40 12
40 17
40 25
40 33
41 1
41 2
42 1
43 3
43 17
43 24
43 28
43 30
43 31
43 32
43 36
43 38
43 39
43 40
43 43
43 44
43 66
43 75
43 97
44 3
44 4
44 5
44 8
44 9
44 13
44 16
44 19
44 21
44 24
45 3
45 6
45 7
45 10
45 29
45 33
45 34
45 49
45 55
45 61
45 64
45 65
45 77
45 79
45 83
46 3
46 6
46 15
46 32
46 35
47 72
47 79
47 80
47 98
47 99
47 102
47 220
47 227
47 231
47 232
47 254
47 256
47 261
48 9
49 2
49 5
49 7
49 20
49 25
49 26
49 30
49 35
49 36
49 38
49 39
49 53
49 58
50 1
50 14
50 16
50 21
50 24
50 25
50 27
50 40
50 46
50 48
50 54
50 57
50 58
51 4
51 10
52 11
52 12
52 13
52 16
52 29
52 31
52 34
52 53
52 56
52 65
52 68
52 73
52 82
52 83
53 7
53 8
53 16
54 8
54 140
54 253
55 1
55 14
55 20
55 22
55 23
55 28
55 34
55 39
55 52
57 62
57 64
57 71
57 92
57 96
57 108
57 110
57 112
57 113
57 123
57 124
57 128
57 135
57 152
57 156
57 158
57 159
57 171
57 175
57 177
57 178
57 181
57 192
57 197
57 198
57 211
57 212
57 219
57 222
57 224
57 228
58 131
58 135
58 141
58 160
58 162
58 163
58 165
58 172
58 176
58 180
58 185
58 190
58 200
58 207
58 218
59 8
59 9
59 11
59 15
59 18
59 27
60 6
60 15
60 16
60 35
60 39
60 63
60 66
60 77
60 79
61 1
62 1
62 5
62 7
62 8
62 9
62 13
62 15
62 22
62 31
62 33
62 40
62 47
62 127
62 129
62 132
62 133
62 147
62 151
62 154
62 172
62 177
62 184
62 189
62 192
62 197
62 203
62 206
63 34
63 45
63 50
63 53
63 183
63 187
63 189
63 212
63 229
63 233
63 236
63 239
63 249
63 250
63 255
63 264
64 1
64 3
64 4
64 8
64 11
65 1
65 3
65 11
65 16
65 20
65 24
68 30
68 31
68 32
68 57
68 60
68 62
68 67
68 73
68 74
68 75
68 77
68 85
68 87
68 132
68 136
68 137
68 143
68 152
68 156
68 158
68 166
68 177
69 40
69 41
69 45
69 60
69 63
69 65
70 3
70 6
70 7
70 11
70 14
70 45
70 49
70 54
70 59
71 3
71 6
71 91
71 103
71 104
71 106
71 109
71 113
71 127
71 130
71 131
71 133
71 141
71 142
71 143
71 156
71 157
71 158
72 13
72 18
73 6
73 25
74 1
74 6
74 7
74 10
74 11
75 3
75 8
75 10
75 19
75 26
75 35
76 6
78 67
78 76
78 77
78 82
78 90
78 92
78 96
78 102
78 107
78 109
78 116
78 123
78 126
78 132
79 6
79 7
79 9
79 22
80 1
80 7
80 17
80 18
80 25
80 40
80 171
80 176
80 177
80 186
80 192
80 194
80 195
80 206
80 223
80 229
80 235
80 237
80 254
80 257
80 261
80 263
80 270
80 273
80 275
80 276
80 279
80 281
80 294
80 298
80 300
80 302
80 303
80 307
83 6
85 4
85 5
85 9
85 12
85 21
85 23
85 24
85 25
85 27
85 31
85 42
85 47
85 54
85 61
85 62
86 13
86 16
86 20
86 21
86 25
86 30
86 34
86 35
86 36
86 42
86 46
86 50
86 51
86 52
86 53
86 60
86 64
86 67
86 69
86 70
86 83
86 84
86 86
86 87
86 95
86 97
86 114
86 115
86 131
86 132
86 157
86 162
86 166
87 6
87 9
87 14
87 17
87 24
87 25
87 36
87 41
87 43
88 14
88 17
88 18
88 19
88 20
90 25
90 27
90 29
90 31
90 36
90 37
90 46
90 48
90 50
90 56
90 59
90 61
90 62
90 71
90 87
90 88
90 101
90 104
90 124
91 3
92 2
92 27
92 31
92 37
93 5
93 10
93 19
93 32
93 35
93 43
93 49
93 63
93 71
93 73
95 20
96 1
96 19
96 22
96 24
96 26
96 34
96 35
96 36
96 39
96 40
96 43
96 56
96 57
96 89
96 93
96 94
96 109
96 111
96 121
96 126
96 135
96 141
96 149
96 151
96 162
96 179
96 181
96 184
96 196
96 326
96 329
97 13
97 17
97 20
97 23
97 24
97 28
97 35
97 47
97 59
97 60
97 70
97 73
99 3
99 10
99 13
99 19
99 26
99 28
99 32
99 38
99 39
99 49
99 54
99 60
99 63
99 75
99 77
99 80
99 83
100 2
100 6
100 12
100 17
100 20
100 24
100 35
100 36
100 169
100 181
100 185
100 186
100 190
100 191
101 12
101 16
101 22
101 29
101 36
101 37
101 45
101 49
101 51
101 53
101 55
101 58
101 59
101 65
101 68
101 69
101 75
102 5
102 15
102 16
102 22
102 23
102 27
102 47
102 54
102 59
102 79
102 85
102 97
102 99
102 107
102 116
102 120
102 121
102 125
102 126
102 127
102 130
102 133
102 135
102 267
103 3
103 7
103 35
103 36
103 43
103 61
105 58
105 63
105 64
105 73
105 74
105 76
105 77
105 78
105 211
105 213
105 214
105 220
105 226
105 228
105 229
105 240
105 245
105 247
105 256
105 257
105 266
105 272
105 277
105 292
105 298
105 303
105 306
105 312
105 317
105 321
105 325
105 335
105 336
105 339
105 341
105 343
