1 3
1 5
1 10
1 17
1 19
1 24
1 33
1 37
1 39
1 45
1 49
1 50
1 53
1 55
1 56
1 69
1 193
1 196
1 199
1 200
1 205
1 206
1 208
1 217
2 32
2 36
2 45
4 1
4 9
4 13
5 2
5 7
5 8
5 12
6 67
6 79
6 88
6 89
6 94
6 112
6 116
6 127
6 130
6 141
6 153
6 154
6 155
6 157
6 160
6 163
6 176
6 178
6 181
6 191
6 194
6 216
6 224
6 242
6 253
6 254
6 265
6 266
6 269
7 7
7 8
7 20
7 23
7 24
7 26
7 33
7 35
7 38
7 44
7 47
7 49
7 51
7 55
7 70
7 87
7 88
7 90
7 91
7 92
7 100
7 107
7 121
7 130
7 131
7 134
8 8
8 9
8 26
8 29
8 36
8 39
8 40
8 43
8 45
8 46
8 47
8 52
8 55
8 62
8 69
8 73
8 79
9 1
9 3
9 16
9 26
11 9
11 14
11 20
11 30
11 37
11 40
11 42
11 51
11 56
11 59
12 10
12 30
12 39
12 52
12 79
12 84
12 213
12 223
12 238
12 247
12 248
13 17
13 21
13 25
13 28
13 36
13 45
13 48
13 70
13 85
13 88
14 4
14 11
14 12
14 22
14 25
14 27
14 41
14 45
14 49
14 54
15 112
15 122
15 126
15 128
16 5
16 38
16 47
16 53
16 55
16 56
16 62
17 1
17 2
17 9
17 21
17 24
18 12
18 17
18 18
18 28
18 30
18 32
18 44
18 50
18 58
18 72
18 93
18 95
18 98
18 99
18 104
18 122
18 126
19 20
19 24
19 36
20 3
20 8
20 10
20 20
20 25
20 27
20 72
20 73
20 77
20 79
20 86
20 90
20 102
20 107
20 116
21 4
21 5
21 14
21 36
21 38
21 49
21 50
22 1
22 4
22 6
23 4
23 26
24 8
24 31
24 33
24 45
24 48
24 53
24 70
24 73
24 79
24 85
24 88
24 91
24 93
24 106
24 107
25 23
25 39
25 54
25 58
25 60
25 66
25 71
25 205
25 210
25 248
25 252
26 17
27 22
27 23
28 6
28 13
28 14
28 17
28 22
28 23
28 59
28 60
29 1
29 8
29 9
29 19
29 23
32 81
32 82
32 84
32 85
32 86
32 90
32 100
32 101
32 110
32 112
32 119
32 126
33 61
33 67
33 71
33 80
33 82
33 87
33 88
33 91
33 93
33 98
33 99
33 101
33 115
33 120
33 123
33 125
33 130
33 136
33 137
33 150
33 152
33 158
33 170
33 173
33 181
33 202
33 203
33 216
33 229
33 231
33 234
33 240
33 257
33 258
33 259
33 260
33 266
33 267
33 270
33 273
33 278
33 281
33 282
33 284
33 287
33 296
33 300
33 301
33 302
33 305
33 311
33 317
33 319
33 326
33 334
33 339
33 348
33 355
33 362
33 369
34 6
34 13
34 15
34 23
34 25
35 9
35 20
35 30
35 34
35 60
36 127
36 134
36 150
36 151
36 159
36 160
37 3
37 4
37 21
37 81
37 85
37 90
37 121
37 122
38 9
38 16
38 17
38 21
38 24
38 26
38 30
38 36
38 40
38 47
38 51
38 73
38 75
38 79
38 80
38 113
38 119
38 122
38 125
38 143
38 156
38 158
38 160
38 162
38 182
38 198
38 199
38 207
38 208
38 210
38 218
39 21
39 23
39 29
39 34
39 39
39 45
39 48
39 62
39 71
39 77
39 78
41 12
41 16
41 19
41 20
41 23
41 25
41 32
41 54
41 61
41 64
41 66
41 71
41 75
41 79
41 80
41 81
41 100
41 104
42 5
42 9
42 28
42 36
42 39
42 41
42 44
42 50
42 51
42 52
42 62
42 64
42 68
42 71
43 58
43 65
43 69
43 71
45 18
45 19
45 27
45 42
45 45
45 46
45 51
45 96
45 97
45 108
45 121
45 123
45 124
45 127
50 8
50 9
50 34
50 37
50 38
50 39
50 40
50 45
50 47
50 54
50 59
50 70
50 86
50 87
50 102
50 104
50 107
50 112
50 118
50 122
50 128
50 129
50 138
50 142
50 151
50 154
50 169
50 170
50 171
50 175
50 178
50 193
50 198
50 207
50 212
50 213
50 217
50 220
50 227
50 232
50 237
50 241
50 242
50 245
50 246
50 250
50 254
50 257
51 80
51 88
52 1
52 6
53 121
53 124
53 126
53 131
53 137
53 144
53 150
53 159
53 175
53 183
53 184
54 5
54 14
54 19
54 26
54 34
54 37
54 40
54 41
54 45
54 46
54 49
54 53
54 71
54 81
54 89
54 94
54 96
54 101
54 165
54 166
54 169
54 176
54 181
54 183
55 40
56 1
56 5
56 11
56 149
56 150
56 217
56 221
56 230
56 236
56 238
56 239
56 246
56 251
56 255
56 262
56 273
57 18
57 34
57 42
57 67
57 68
57 123
57 124
57 181
57 182
57 183
57 217
57 220
57 229
57 231
57 232
57 257
57 278
58 2
58 3
58 18
58 20
58 26
58 27
58 31
58 37
58 41
58 57
58 58
58 60
60 11
61 4
61 6
61 7
61 8
61 10
61 13
61 19
61 33
61 36
61 37
61 41
62 5
62 7
62 11
62 31
62 36
63 75
63 79
63 81
63 108
63 111
63 112
63 113
63 121
63 124
63 131
63 132
63 142
63 144
63 154
63 160
63 162
63 170
63 177
63 179
63 181
63 289
63 299
63 301
63 302
63 305
63 307
63 309
63 313
63 318
63 336
63 346
63 350
63 352
64 10
64 16
64 20
64 24
64 27
64 56
64 59
64 62
64 64
64 81
64 84
64 97
65 43
65 54
65 55
65 66
65 77
65 78
65 85
65 87
66 113
66 117
66 118
66 125
66 126
66 131
66 133
66 212
66 214
68 22
68 28
68 30
69 61
70 53
70 54
70 86
70 139
70 143
70 145
70 149
71 2
71 5
71 6
72 5
72 9
72 12
72 13
72 20
72 24
72 36
72 112
72 121
72 133
72 138
72 150
72 151
72 153
72 154
72 156
72 161
72 165
72 168
72 315
72 316
72 323
72 334
72 338
72 340
73 4
73 10
75 1
76 19
76 20
76 27
76 37
76 41
76 53
76 54
76 82
78 18
78 19
78 25
78 27
78 39
78 42
78 46
79 5
79 10
79 21
79 25
79 26
79 35
79 39
80 30
80 35
80 40
80 45
80 62
80 65
80 66
80 77
80 78
80 82
80 83
80 87
80 94
80 95
80 110
81 96
81 106
81 118
81 119
81 120
81 123
81 136
81 142
83 1
83 7
83 10
83 14
83 23
84 7
84 11
84 12
84 20
84 25
84 40
85 69
85 73
86 9
86 10
86 28
86 35
86 36
86 47
86 55
86 56
86 67
86 70
87 58
87 68
87 69
87 80
87 84
88 5
88 7
88 11
88 14
90 43
90 55
90 63
90 70
90 75
90 77
90 82
91 5
91 14
91 18
91 24
91 29
91 30
91 32
91 36
92 1
92 8
92 12
92 14
92 37
92 38
92 43
93 4
93 6
93 12
93 17
93 30
93 48
93 53
93 56
93 59
93 61
93 64
94 10
94 13
94 23
94 26
94 33
94 41
94 43
94 45
94 48
95 5
95 6
95 16
95 25
95 64
95 66
95 68
96 6
96 11
96 30
97 6
98 2
98 15
98 27
98 31
98 32
98 36
98 45
98 53
98 57
98 58
98 63
98 68
98 86
98 106
98 108
98 223
98 225
98 227
98 239
98 242
98 243
98 244
99 3
99 5
100 29
100 30
100 31
100 42
100 51
101 8
101 18
101 26
101 27
101 28
101 29
101 69
