1 10
2 9
2 13
2 21
2 31
2 44
2 45
2 55
2 60
2 74
2 78
2 80
2 84
2 87
2 91
2 102
2 125
2 128
2 129
2 266
2 267
2 271
2 273
2 274
2 288
2 294
2 295
5 92
5 98
5 102
6 3
6 11
6 15
6 19
6 26
6 32
6 38
6 53
6 63
6 70
6 71
6 94
6 118
6 122
6 131
6 172
6 174
6 179
6 180
6 188
6 192
6 195
6 202
6 211
7 7
7 10
7 11
7 13
8 40
8 41
8 54
8 65
8 77
8 79
8 91
8 96
8 97
8 100
8 102
8 106
8 107
8 108
8 120
8 131
8 134
8 135
8 190
8 192
8 203
8 211
8 212
8 213
9 18
9 57
9 70
9 80
9 167
9 172
9 177
9 178
9 184
10 2
10 4
10 9
10 15
10 16
10 20
10 21
10 33
11 1
11 6
11 7
11 9
12 1
12 10
12 14
12 17
12 19
12 29
12 34
12 40
12 44
12 49
12 55
12 66
13 32
13 33
13 34
13 38
13 44
13 47
13 52
13 56
13 63
13 65
13 70
13 73
13 88
13 91
13 92
13 108
13 114
13 117
13 120
14 45
14 51
15 5
15 15
15 16
15 30
15 33
16 3
16 7
16 12
16 17
17 30
17 162
17 169
17 179
17 186
17 190
17 198
18 6
19 33
19 35
19 45
20 4
20 5
20 6
20 11
20 14
20 17
20 19
20 31
20 34
20 35
20 48
20 56
20 59
20 73
21 1
21 6
21 7
22 6
22 11
22 14
23 55
23 56
23 59
23 61
23 66
23 74
23 76
23 86
23 87
23 89
23 91
23 94
23 98
23 110
23 115
23 118
23 119
23 121
23 123
23 131
24 3
24 7
25 22
25 29
25 31
25 32
25 49
26 1
26 8
26 10
26 12
26 15
26 30
26 40
26 50
26 56
26 59
26 61
26 63
26 64
26 65
27 32
27 44
27 51
27 58
27 86
27 92
27 106
27 107
27 108
27 114
27 123
27 129
27 134
28 1
29 49
29 58
30 3
30 8
30 25
30 35
30 52
30 61
30 69
30 70
31 79
31 81
31 88
31 91
31 109
31 110
31 111
31 146
32 1
34 112
34 115
34 116
34 118
34 119
34 121
34 123
34 124
34 125
34 128
34 129
34 131
34 134
34 147
34 155
34 160
34 173
34 182
34 183
34 188
35 83
35 183
36 4
36 6
36 10
36 13
36 15
37 6
37 10
37 13
37 109
38 28
38 32
38 35
38 37
38 44
38 48
38 53
38 55
38 62
39 78
39 85
39 94
39 109
39 114
40 22
40 28
40 31
40 38
40 49
40 61
40 64
41 4
41 14
41 15
41 16
42 9
42 20
42 22
42 29
42 33
42 35
42 38
42 39
42 42
42 49
42 53
42 56
42 58
43 5
43 8
43 9
43 11
43 17
43 23
43 28
43 46
43 48
43 50
43 52
43 53
43 57
43 59
43 62
43 66
43 67
43 70
43 71
43 72
43 82
44 35
44 39
44 40
44 50
44 62
44 72
44 73
44 78
44 79
45 1
45 6
45 8
45 14
45 17
45 31
46 1
46 6
46 12
46 15
46 16
47 10
47 16
47 19
47 23
47 28
47 34
47 41
49 7
49 8
49 14
49 18
49 20
49 26
49 157
49 173
49 179
49 186
49 192
49 193
49 197
49 204
49 218
49 232
49 234
49 240
49 243
51 4
51 6
51 7
51 12
51 19
51 21
51 36
51 37
51 57
51 69
51 70
52 141
52 159
52 161
52 165
53 5
53 21
53 23
53 40
53 45
53 50
53 53
54 5
54 10
54 12
54 25
54 28
54 30
54 39
54 41
54 48
54 53
54 54
55 5
55 7
55 16
55 25
55 26
55 50
55 62
55 63
55 71
55 72
55 83
55 88
55 101
55 110
55 153
56 44
56 53
58 29
58 32
58 39
58 49
58 180
58 211
58 216
58 217
58 225
59 3
59 13
59 16
59 24
59 34
59 35
59 41
59 44
59 52
59 60
59 62
59 74
59 78
59 81
59 82
59 89
59 90
59 91
59 104
59 111
59 113
59 114
59 117
59 134
59 139
59 145
59 157
59 159
59 160
59 168
59 172
59 182
59 199
59 207
59 208
59 211
59 224
59 244
59 251
59 287
59 291
59 354
60 1
60 2
60 5
60 12
60 17
60 19
60 22
61 2
61 4
61 9
61 14
61 29
61 32
61 37
61 38
61 41
61 44
61 49
61 54
61 58
61 68
61 71
61 78
61 79
61 80
61 96
61 107
61 109
61 118
61 125
61 131
61 135
61 142
61 164
61 170
61 177
61 182
61 185
61 187
61 188
61 190
61 200
61 204
61 210
61 214
61 232
61 238
62 12
62 18
62 26
62 29
62 33
62 46
62 51
62 53
63 4
64 84
64 92
65 5
65 6
65 22
65 25
65 26
65 31
66 3
66 13
66 28
67 3
67 6
67 17
68 3
68 146
68 147
68 164
68 166
68 180
68 187
68 188
68 189
68 191
68 202
68 210
68 218
74 53
74 55
74 60
74 62
74 65
74 71
74 72
74 76
74 79
75 1
75 20
75 21
75 22
76 2
76 23
76 25
76 29
76 39
76 42
76 44
77 4
77 5
77 8
78 48
78 55
78 57
78 60
78 68
78 150
78 154
78 155
78 173
78 181
79 5
83 33
83 35
85 45
85 83
85 87
85 89
85 92
85 130
85 132
85 134
85 136
85 140
88 54
88 56
88 63
88 71
88 72
89 9
89 67
89 69
89 72
89 77
89 78
89 103
89 113
89 118
89 128
89 130
89 136
89 141
89 148
89 150
89 166
89 177
89 178
90 10
90 16
90 22
90 25
90 28
90 33
90 54
91 2
91 4
91 5
91 7
91 13
91 15
93 3
93 4
93 11
93 15
93 22
93 27
93 28
95 41
96 6
97 5
97 8
97 9
97 16
97 17
97 21
98 15
99 1
100 1
100 7
100 12
101 8
101 9
101 10
101 12
101 22
101 25
101 38
101 42
101 46
101 52
103 112
103 124
103 136
103 137
103 182
103 187
103 190
103 191
104 4
105 55
105 58
105 98
105 103
105 111
105 116
105 117
105 125
105 130
105 136
105 137
105 138
105 144
105 146
105 148
105 154
105 155
105 158
105 162
105 168
105 173
105 174
105 180
105 181
106 1
106 9
106 10
106 11
106 16
106 18
106 22
106 23
106 25
106 36
106 37
108 48
108 49
108 54
108 56
108 59
108 69
109 29
109 40
109 42
109 47
109 49
109 60
109 71
109 72
109 76
109 77
109 81
109 82
109 84
109 99
109 103
109 105
109 106
109 107
109 115
109 118
109 127
109 145
109 164
111 30
112 29
112 35
113 2
113 3
114 1
114 4
114 6
114 28
