1 13
2 4
2 6
2 10
2 30
2 37
2 41
2 44
2 48
2 57
2 58
2 61
2 65
3 1
3 3
3 8
3 11
3 14
4 3
4 4
4 6
4 7
4 23
4 153
4 155
4 156
4 159
4 160
4 163
4 164
5 4
5 5
5 6
5 7
5 14
5 17
5 21
5 22
7 1
7 6
7 7
7 12
7 19
7 23
8 2
8 10
8 11
8 21
8 22
8 24
8 25
8 29
8 30
8 45
8 46
8 62
8 69
8 70
8 74
8 82
8 86
9 1
9 2
10 1
10 2
10 6
10 9
10 11
10 16
10 27
10 32
10 34
10 56
10 62
10 71
10 84
10 90
10 98
10 105
10 112
10 117
11 4
11 6
11 10
11 14
11 27
11 28
11 37
11 69
11 75
11 76
11 79
11 89
11 91
11 99
11 101
11 110
11 121
11 123
11 125
11 132
11 149
11 153
11 177
11 183
11 191
11 201
11 204
11 339
11 340
11 342
11 343
11 350
11 354
11 358
11 362
11 365
11 367
11 369
11 370
11 379
11 386
12 5
12 7
12 12
12 16
12 24
12 27
12 28
12 35
12 37
12 50
12 59
12 79
12 85
16 32
16 35
16 50
16 52
16 57
16 65
16 66
16 81
16 83
16 84
16 86
16 91
16 92
16 93
16 95
16 105
16 106
16 108
16 109
16 122
16 123
16 127
16 130
16 133
16 134
16 135
16 143
16 160
16 161
17 44
17 45
17 46
17 50
17 52
17 56
17 61
17 64
18 65
18 79
18 87
18 89
18 95
18 97
18 99
18 105
18 106
18 114
18 128
18 129
18 136
18 141
19 1
19 2
19 10
19 14
19 19
19 27
20 4
21 9
21 26
21 27
21 32
21 33
21 49
21 50
21 55
21 68
21 73
21 75
21 80
24 44
24 50
24 60
24 65
24 68
24 72
25 52
25 53
25 93
25 94
26 3
26 8
26 16
26 17
26 22
26 28
26 33
26 39
26 40
26 42
27 1
27 5
27 15
27 34
27 39
27 46
27 51
27 53
27 79
27 80
27 83
27 86
27 87
27 88
27 89
27 92
27 94
29 18
29 26
29 33
29 35
29 46
29 51
29 75
29 80
29 81
29 82
29 88
29 92
29 99
29 104
29 121
29 138
29 143
29 145
29 147
29 150
30 21
30 24
30 35
30 44
30 45
30 52
31 1
31 3
31 4
31 7
31 28
31 29
31 30
31 47
31 54
31 66
31 68
32 14
32 15
32 19
32 22
32 28
32 34
33 5
35 8
36 2
36 7
36 17
37 2
37 4
38 4
38 11
38 16
38 17
38 22
38 29
38 33
38 43
39 2
39 6
39 8
39 9
39 12
39 14
39 22
39 23
39 25
39 26
39 28
39 35
39 44
39 47
39 50
39 54
39 57
42 57
42 61
43 9
43 16
43 32
43 38
43 39
43 62
43 65
43 68
43 70
44 2
44 3
44 5
44 7
44 27
44 29
44 37
44 42
44 43
44 50
44 51
44 55
44 59
44 62
44 68
44 69
44 84
44 85
44 87
44 88
44 90
44 91
45 20
45 21
45 22
46 17
46 24
46 27
46 28
46 34
46 40
46 46
46 47
46 48
46 50
46 52
47 5
47 6
49 3
49 9
49 11
50 89
51 4
51 15
51 23
54 82
54 88
54 91
54 92
54 95
54 96
54 99
54 100
54 102
56 8
56 12
56 16
56 31
56 34
56 42
56 50
56 64
58 2
58 6
59 2
59 13
59 22
59 26
59 33
60 10
61 3
61 5
61 15
61 22
61 25
61 32
61 33
61 37
61 48
61 49
61 50
61 54
61 60
61 75
61 79
61 88
61 98
61 106
61 117
61 128
61 130
61 132
61 137
61 148
62 11
63 104
63 108
63 111
63 112
63 124
63 125
63 141
63 145
63 146
64 1
64 7
64 21
64 33
64 39
64 41
64 53
64 65
64 70
64 72
64 76
64 77
65 2
65 6
65 14
65 20
65 25
65 40
65 51
65 59
65 61
65 63
66 1
66 4
66 11
66 21
66 27
66 31
66 34
66 41
66 50
66 57
66 59
66 63
66 68
66 69
66 88
66 94
66 97
66 106
66 110
66 113
66 124
66 127
66 132
66 133
66 148
66 153
66 156
66 158
66 163
66 167
66 170
66 176
66 179
66 184
66 189
66 193
66 196
66 198
66 202
66 208
66 216
66 219
66 228
66 230
66 240
66 261
66 264
66 265
66 274
66 296
66 304
66 305
66 310
66 313
66 318
66 328
66 330
66 332
66 334
70 9
70 13
70 32
70 38
70 41
70 43
70 48
70 58
70 61
70 63
70 64
70 66
70 72
70 75
70 76
71 5
72 14
72 16
72 17
72 34
72 41
72 42
72 44
72 46
72 50
72 54
72 55
72 57
72 61
72 62
72 64
72 66
72 72
72 75
74 3
74 11
74 14
76 73
76 76
76 81
77 8
77 9
77 16
77 19
77 22
77 26
77 36
77 45
77 50
77 59
78 15
78 32
78 39
78 40
79 18
79 64
79 73
79 97
79 98
80 9
80 10
80 16
80 20
80 24
80 25
80 28
80 33
80 37
80 45
80 59
80 60
80 62
80 76
80 84
80 87
81 6
81 14
81 32
82 2
82 5
85 80
85 84
85 86
85 95
85 117
85 136
85 137
85 138
85 143
85 153
85 158
86 4
86 15
86 16
86 17
86 33
86 36
86 42
86 48
86 65
86 74
86 76
86 77
86 78
86 88
86 96
87 3
88 13
88 14
88 21
88 70
88 72
88 77
88 78
88 95
89 12
89 14
91 27
91 31
91 49
93 3
93 8
96 4
96 10
96 11
96 29
97 19
98 1
98 9
98 16
98 17
98 22
98 37
98 39
99 47
99 48
99 52
99 56
99 59
100 47
100 48
103 17
103 18
103 19
103 20
103 52
103 54
103 56
103 59
103 65
103 67
103 73
103 74
103 77
103 80
103 84
103 96
103 102
103 104
103 107
103 108
103 111
103 124
103 126
103 131
103 144
103 145
103 147
103 148
103 158
103 178
103 180
103 188
104 8
104 11
104 16
104 31
104 39
104 40
104 45
104 56
104 63
104 73
104 80
104 85
104 88
104 90
104 101
104 112
104 131
104 134
104 143
104 151
104 157
104 165
104 167
104 169
104 171
104 173
104 178
104 180
104 183
104 198
105 10
105 12
106 4
106 143
106 152
106 280
106 282
106 296
106 301
106 306
108 5
108 7
108 16
109 9
109 10
109 21
109 23
109 26
109 27
110 5
111 8
111 20
111 26
111 38
111 75
111 79
111 81
111 89
111 91
111 104
111 107
111 111
111 113
111 117
111 122
111 151
111 159
111 168
111 171
111 208
111 212
111 219
112 3
112 14
112 15
112 18
112 20
113 7
113 10
113 12
113 16
113 18
113 22
113 24
113 44
113 45
113 47
113 61
113 63
113 64
114 2
114 4
114 40
114 134
114 138
114 140
114 149
114 156
114 165
114 172
115 72
115 76
115 89
115 94
115 96
115 97
115 100
117 3
117 6
117 7
117 10
117 11
117 17
117 23
117 28
117 37
117 49
117 50
117 52
117 59
117 61
117 63
117 196
117 199
117 207
117 208
117 211
117 225
117 228
118 99
119 17
119 24
119 29
119 36
119 39
119 43
119 77
119 80
119 89
119 93
120 11
120 18
120 29
120 32
120 33
120 35
120 37
120 39
120 42
120 56
120 61
120 62
120 69
120 76
120 77
121 3
121 4
121 8
122 44
123 1
123 3
123 6
123 10
124 3
124 6
124 12
124 19
124 20
124 37
124 38
125 3
125 11
125 19
125 21
125 23
125 28
125 29
125 52
125 53
126 6
126 9
126 10
126 12
126 187
126 193
127 9
127 20
127 22
127 45
127 55
127 56
127 58
127 65
127 81
127 82
127 86
127 89
127 92
127 94
127 96
127 103
128 2
128 5
128 12
128 15
128 16
128 17
128 23
128 39
128 40
128 44
128 51
128 52
128 53
128 58
128 59
128 60
128 65
128 87
128 89
128 92
128 93
128 94
128 96
128 98
128 100
128 101
131 11
