1 4
1 10
1 23
1 24
1 32
1 46
1 53
1 54
1 55
1 58
1 61
1 65
1 73
1 78
1 79
1 85
1 86
1 87
2 54
2 59
2 65
2 66
2 68
2 69
2 80
2 90
2 93
2 94
2 95
2 105
2 110
2 112
2 128
2 135
2 147
2 148
2 170
2 175
2 179
2 181
2 185
2 189
2 192
2 195
3 5
3 11
3 12
3 15
3 21
3 31
3 46
3 50
3 52
3 59
4 4
4 12
4 30
4 32
5 2
5 3
5 13
5 16
5 21
5 34
5 36
5 44
6 3
6 6
6 11
6 16
6 19
6 26
6 31
6 34
6 36
6 38
6 41
6 53
6 65
6 217
6 220
6 221
6 224
6 240
6 241
6 247
6 249
6 252
7 19
7 23
7 24
7 26
7 29
7 32
8 2
8 4
8 7
8 19
8 24
8 36
8 45
9 5
9 8
9 14
9 15
9 30
9 33
9 36
9 40
9 46
9 49
9 63
9 64
9 65
9 74
9 79
9 181
9 184
9 193
9 194
9 198
9 203
9 207
9 209
9 211
9 216
9 224
9 230
9 231
10 3
10 5
10 17
10 21
10 38
10 48
10 59
10 62
10 64
10 68
10 71
10 83
10 87
10 94
10 114
10 116
10 118
10 122
12 18
12 20
12 21
12 34
12 40
12 41
12 51
12 65
12 66
12 80
12 92
12 94
13 3
13 5
13 11
13 14
13 18
13 20
13 21
13 24
13 27
13 42
13 45
13 49
13 54
14 12
15 7
15 8
15 20
15 25
15 26
15 31
15 37
15 38
15 45
15 96
15 104
15 105
15 114
15 115
16 8
16 11
16 12
16 19
16 34
16 41
16 43
17 20
17 32
17 33
17 35
17 37
17 38
17 39
17 44
18 1
18 11
18 12
18 20
18 31
18 40
18 49
18 59
18 62
18 69
18 81
18 86
18 96
19 1
19 3
19 16
19 24
20 6
20 8
20 13
20 19
20 20
20 32
20 33
20 34
20 37
20 41
20 44
20 50
21 21
21 24
21 36
21 41
21 52
21 56
21 57
21 61
21 66
21 70
21 71
21 72
21 85
21 92
21 98
21 99
21 113
21 116
21 118
21 120
21 122
21 124
21 125
21 130
21 132
21 133
21 149
21 155
21 157
21 158
21 159
21 163
21 168
21 169
21 175
21 176
21 182
21 183
21 190
21 191
22 15
23 10
23 15
23 28
23 40
23 41
23 55
23 57
23 60
23 64
23 69
23 70
23 73
23 74
23 76
24 2
24 9
24 38
24 40
24 41
24 54
24 58
24 59
24 61
24 62
24 63
24 67
25 17
25 25
25 30
25 32
25 35
25 94
25 98
25 160
25 164
25 167
25 171
25 177
25 179
25 184
25 201
25 207
25 212
25 213
27 121
27 122
27 126
27 129
27 144
27 146
27 149
27 157
27 166
27 170
27 174
27 176
27 183
27 185
27 187
27 198
27 201
27 207
27 211
27 222
27 231
27 233
27 234
27 236
27 239
28 11
28 25
28 26
28 29
28 32
28 33
28 39
28 43
28 52
28 53
28 62
28 65
28 67
28 68
28 71
28 76
28 97
28 99
28 103
28 105
28 113
28 114
28 122
28 124
28 127
28 131
28 136
28 142
28 181
28 189
28 212
28 218
28 223
28 230
28 235
28 241
28 244
28 247
28 382
28 392
28 393
28 395
28 396
28 403
28 404
28 408
29 34
29 37
30 10
30 15
30 16
30 19
30 24
30 25
30 26
30 29
30 30
30 36
30 64
30 76
30 78
30 86
30 92
30 108
30 111
30 113
30 114
30 120
31 12
31 18
31 23
31 25
31 28
31 35
31 36
31 42
31 44
31 51
31 55
31 61
31 62
31 65
31 76
31 85
31 86
31 92
31 101
31 106
31 113
31 115
31 129
31 131
31 132
31 135
31 136
31 139
31 141
31 148
31 152
31 158
31 161
31 171
31 172
31 178
31 181
31 189
31 193
31 196
32 4
32 16
32 23
32 33
32 37
32 39
32 49
32 51
32 53
32 55
32 61
32 81
32 85
32 92
32 95
33 1
33 4
33 8
34 1
34 13
34 29
34 45
34 48
34 53
34 56
34 60
34 61
34 62
34 73
34 84
34 85
34 87
34 89
35 11
35 13
35 14
35 21
35 30
35 33
35 36
35 37
35 43
35 49
35 52
35 60
35 62
35 67
35 93
35 99
35 104
36 9
36 19
36 23
39 19
39 26
39 38
39 39
39 40
40 111
41 19
41 21
41 33
41 36
41 39
41 43
41 44
41 48
41 51
41 67
41 89
41 105
41 106
41 108
41 110
41 200
41 205
41 206
41 213
41 216
41 222
41 227
41 231
42 6
43 4
43 6
43 9
43 10
43 14
43 16
43 18
43 20
43 22
44 11
44 12
44 20
44 23
45 4
45 5
45 7
45 18
45 22
45 29
45 30
46 111
46 121
46 130
46 134
46 143
46 152
46 154
46 156
46 164
46 166
46 170
46 176
46 179
46 183
46 188
46 198
46 206
46 209
46 210
47 1
47 2
48 5
48 6
48 10
48 32
49 102
49 104
49 117
49 123
49 128
49 132
49 180
49 183
49 195
49 197
49 199
49 203
49 207
49 208
49 213
49 241
49 245
49 254
49 301
49 302
49 305
49 329
49 330
49 334
49 335
50 2
50 4
50 25
50 27
50 29
50 44
50 52
50 97
52 16
52 21
53 5
53 6
53 8
53 19
53 23
53 25
53 36
53 44
53 48
53 53
53 54
53 70
53 71
53 79
53 80
53 90
53 93
53 103
53 104
53 109
53 110
53 116
53 140
53 141
53 152
53 154
53 169
53 176
53 178
53 180
53 189
54 5
54 7
55 5
55 8
55 22
55 28
55 36
55 45
56 12
56 20
57 22
57 25
57 26
58 2
58 4
58 9
60 7
60 33
60 47
60 49
61 2
61 8
61 37
61 38
61 48
61 49
61 50
62 4
62 80
62 91
62 102
62 106
63 7
63 9
63 14
63 21
64 6
64 7
64 10
64 14
64 16
64 21
64 34
64 52
64 57
64 65
64 69
64 73
64 95
64 107
64 109
64 110
64 111
64 121
64 126
64 129
65 11
65 16
65 21
66 12
66 14
66 15
67 9
67 10
67 12
67 15
67 22
67 34
67 40
67 42
67 43
67 44
67 52
67 53
67 66
71 16
71 17
71 19
71 21
71 33
71 48
71 55
71 56
71 59
71 60
72 113
72 118
72 148
72 149
72 153
72 163
72 167
75 3
75 12
75 16
75 18
75 23
75 27
75 29
75 30
75 38
75 53
75 54
75 59
75 67
75 86
75 91
75 99
75 101
75 102
75 103
75 104
75 109
78 16
78 36
78 40
78 53
78 56
78 61
78 66
78 67
78 85
78 86
78 92
78 94
78 95
78 107
78 117
78 143
78 151
78 157
78 168
78 173
78 186
78 188
78 195
78 202
78 206
78 210
79 1
79 3
79 5
79 9
79 16
79 37
79 43
79 75
79 76
79 78
79 81
79 92
79 101
79 123
79 132
80 14
80 35
80 40
80 52
80 56
80 63
81 1
81 2
81 10
81 16
81 17
81 19
81 29
81 37
81 39
81 44
81 51
81 54
81 59
81 61
81 62
81 69
81 73
81 74
81 78
82 6
82 20
82 23
82 24
82 26
82 34
82 49
82 50
82 53
82 54
82 66
83 19
83 45
83 60
83 61
83 63
83 64
83 67
83 72
83 79
83 88
83 90
83 95
83 144
83 149
83 151
83 153
83 155
83 164
84 10
85 2
85 3
85 5
85 40
85 42
87 10
87 21
87 43
87 56
87 61
88 2
88 3
88 4
88 14
88 43
88 53
88 55
88 62
88 72
88 74
88 79
88 85
88 87
90 77
90 89
90 96
91 2
91 4
91 12
91 22
91 34
91 38
91 39
91 41
91 42
91 46
91 49
91 59
91 60
92 32
92 33
92 34
92 44
92 56
92 57
92 58
92 63
92 67
92 69
92 74
92 94
92 95
92 99
92 105
92 109
92 111
92 112
92 115
92 117
93 3
93 10
93 11
93 17
93 19
93 22
93 28
93 41
93 44
93 51
93 55
93 59
93 61
93 69
93 118
93 124
93 129
93 131
93 134
93 144
93 163
93 180
94 2
94 10
94 13
94 14
94 15
94 109
94 113
94 116
94 124
94 135
94 137
94 141
94 146
94 147
94 149
94 165
94 166
94 176
94 178
94 182
94 196
94 201
94 204
94 210
94 213
94 216
94 222
94 227
94 270
95 4
95 12
95 18
95 34
95 50
95 54
96 14
96 16
96 32
96 64
96 65
96 66
96 68
96 80
96 106
96 110
96 111
96 112
96 113
100 9
100 34
101 112
