1 1
1 19
1 26
1 29
1 33
1 39
2 10
2 24
2 26
2 32
2 33
2 42
2 43
2 55
2 61
2 69
2 70
2 76
5 38
5 45
5 49
5 55
5 59
5 61
6 6
6 7
6 10
6 27
6 36
6 37
6 45
7 31
7 42
7 52
7 60
7 71
7 72
7 74
7 80
7 81
7 84
7 101
7 107
7 108
7 109
7 116
10 4
10 7
10 8
10 13
10 18
10 19
10 25
10 29
10 38
10 47
10 48
10 52
10 53
10 60
10 62
11 4
11 9
11 17
12 4
12 6
12 9
12 12
12 27
12 35
12 46
12 59
12 60
12 62
12 64
12 72
12 75
12 89
12 90
12 94
12 102
12 104
12 107
12 111
12 116
12 120
12 136
12 142
12 147
12 149
12 151
12 161
12 164
12 177
12 184
12 187
13 3
13 7
13 26
13 31
13 33
13 34
13 42
13 53
13 63
13 71
13 79
13 84
13 91
13 96
14 55
14 57
14 65
14 66
14 68
14 70
14 75
14 77
14 115
14 119
16 2
16 4
16 8
16 9
16 144
16 168
16 176
16 179
16 184
16 203
16 208
16 209
16 211
18 9
18 11
18 20
18 31
18 33
18 41
18 48
18 63
18 69
18 78
19 20
19 21
20 5
20 10
20 13
20 25
20 31
20 37
20 38
20 41
20 43
20 64
20 65
20 72
20 75
20 76
20 82
20 89
20 100
20 101
20 102
20 108
21 5
21 59
21 62
21 71
21 73
21 82
21 86
21 100
21 102
21 103
21 114
21 128
21 134
21 136
21 147
21 155
21 159
21 163
21 165
22 2
22 133
24 2
24 3
24 13
24 17
24 24
24 34
24 44
24 110
24 113
24 119
24 142
24 147
24 148
24 160
24 165
24 168
24 185
24 186
24 203
24 204
24 207
24 217
25 2
25 6
25 7
25 10
25 11
25 13
25 31
25 38
25 48
26 1
27 4
27 5
27 12
27 16
27 20
27 28
27 31
27 35
27 48
27 50
27 51
28 3
28 9
28 10
28 18
28 32
28 33
28 45
28 46
28 48
28 59
29 4
29 8
29 9
29 15
29 16
29 24
29 27
29 28
29 56
29 58
29 64
30 14
30 18
30 19
30 56
30 61
31 22
31 27
31 31
31 35
31 39
31 40
31 43
33 10
33 11
34 1
34 7
34 19
34 25
34 27
34 154
34 156
34 159
34 162
34 167
34 176
34 180
34 184
34 185
34 187
34 192
34 198
34 199
34 206
34 207
34 209
34 217
34 221
34 222
34 226
34 233
35 46
35 47
35 55
35 71
35 87
35 94
36 14
36 24
36 25
36 37
36 40
36 45
36 84
36 90
36 94
36 95
36 98
36 99
36 102
36 103
36 106
36 111
36 121
37 9
37 13
37 16
37 17
37 23
37 25
38 1
38 5
38 7
38 17
38 19
39 8
39 10
39 17
39 21
39 22
39 23
39 47
39 57
39 63
39 64
39 67
43 56
43 58
44 2
44 9
44 11
44 16
44 17
44 24
45 17
45 22
45 23
46 1
46 14
46 18
47 7
47 11
50 24
50 25
50 27
50 28
50 31
50 32
50 37
50 39
50 45
51 11
51 12
51 17
51 19
51 21
51 124
51 128
51 142
51 152
51 183
51 193
51 204
52 53
52 56
52 60
52 66
52 67
52 81
52 91
52 108
52 114
52 115
52 117
52 122
52 125
52 136
52 151
52 161
52 162
52 167
52 169
52 180
52 182
52 188
52 189
52 199
52 200
52 204
52 216
52 219
52 220
52 230
55 32
55 34
55 37
55 178
55 190
55 198
55 215
55 219
55 233
55 242
56 2
56 4
56 7
56 13
56 16
56 22
56 29
56 33
56 36
56 42
56 43
56 44
56 50
56 51
56 56
56 58
56 62
56 65
56 66
56 68
56 78
58 72
58 76
58 81
58 85
58 95
58 96
58 99
58 100
58 101
58 105
58 106
58 109
58 117
59 28
59 40
59 47
59 65
59 70
59 78
59 89
59 91
59 100
59 102
59 105
59 106
59 111
59 113
59 118
59 123
59 126
59 136
59 141
59 144
59 154
59 161
59 169
59 177
59 187
59 195
61 7
61 8
61 9
61 17
61 23
61 29
61 34
61 40
61 54
61 57
61 61
61 66
62 53
62 70
62 79
62 82
62 88
62 94
62 97
62 98
62 105
62 113
63 1
64 4
64 8
64 13
64 15
65 9
65 14
65 15
65 16
65 20
65 28
65 31
65 46
65 47
65 50
65 57
65 65
65 67
65 68
65 72
65 73
65 75
65 79
65 89
65 92
65 100
65 102
67 39
67 45
67 52
67 61
67 69
67 76
67 77
67 80
67 85
67 86
67 89
67 98
68 26
68 27
68 29
68 53
68 65
68 68
68 70
68 76
68 85
68 88
68 100
68 105
68 107
68 116
68 117
68 125
68 129
68 131
68 132
68 137
68 154
68 157
68 158
68 173
68 176
68 177
68 181
68 188
68 190
68 202
68 205
68 206
68 214
68 216
68 345
68 349
69 2
69 4
69 6
69 22
69 50
69 56
70 99
71 77
71 86
71 91
71 99
71 100
71 102
71 110
71 111
71 144
71 148
71 157
71 173
71 182
71 189
71 210
71 213
71 234
71 236
71 242
71 263
71 264
72 4
72 11
72 18
72 20
72 22
72 37
72 40
72 41
72 47
72 59
72 62
72 66
72 83
72 85
72 92
72 114
72 115
72 139
72 141
72 151
72 153
72 160
72 162
73 2
73 10
73 28
73 29
73 30
73 34
73 36
73 44
73 58
73 63
73 68
73 93
73 95
73 110
73 113
73 118
73 123
73 126
73 138
73 139
73 141
73 158
73 163
73 165
74 118
74 123
74 124
74 133
74 134
74 135
74 139
74 146
74 149
74 151
74 155
74 160
74 163
74 176
74 178
74 187
74 195
74 198
74 203
74 204
74 209
74 211
74 221
74 223
74 256
74 271
74 273
74 275
74 284
74 288
74 290
74 291
76 70
76 72
76 83
76 89
76 95
77 2
77 5
77 7
77 13
77 17
77 24
77 25
77 33
78 2
78 3
78 4
78 5
78 14
78 15
78 23
78 32
78 34
78 36
78 38
78 48
78 51
78 54
78 57
78 63
78 111
78 112
78 117
78 118
78 129
79 3
79 8
79 13
79 17
79 18
79 33
79 35
79 37
79 39
79 194
79 196
79 200
80 36
80 48
80 51
81 4
82 9
82 10
82 20
82 21
83 39
83 56
83 62
84 2
84 4
84 6
84 13
84 17
84 26
85 5
85 21
85 23
85 24
85 27
85 29
85 39
85 61
85 62
85 63
85 66
85 72
85 73
85 77
85 78
85 111
85 118
86 2
86 6
86 29
86 31
86 32
86 41
88 15
88 17
88 18
88 26
88 28
88 32
88 33
88 37
88 52
88 77
88 79
88 89
88 106
88 112
88 115
88 125
88 138
88 142
88 144
88 150
88 153
88 154
88 160
88 161
88 175
88 180
88 265
88 270
88 278
88 281
88 285
88 318
88 320
88 321
88 370
88 373
88 377
88 384
88 396
89 5
91 31
92 4
92 11
92 16
93 7
93 8
93 10
93 12
93 40
93 43
93 52
93 57
93 63
93 73
93 85
93 87
93 91
93 93
93 109
93 115
93 128
93 190
94 1
94 3
94 8
94 24
94 31
94 33
94 37
94 42
94 46
94 63
94 65
94 66
94 70
94 79
94 91
94 96
95 1
95 7
95 20
95 22
95 26
95 32
95 35
95 43
95 45
95 56
95 59
95 65
96 1
96 13
96 18
96 24
96 26
96 30
97 1
97 2
97 4
97 5
97 12
97 13
97 14
97 21
97 23
97 28
97 30
97 32
97 37
97 48
97 72
97 73
98 12
98 14
99 4
99 5
99 11
99 13
101 7
101 13
101 14
101 23
101 35
101 47
101 51
101 58
102 12
103 72
103 90
103 95
103 107
103 109
103 111
103 123
103 125
103 127
103 129
103 141
103 143
103 146
103 148
103 166
103 182
103 184
103 189
103 196
103 197
103 200
103 220
103 223
103 229
103 230
103 235
103 237
103 249
103 254
103 259
103 283
103 285
103 288
103 290
103 305
104 29
104 31
104 35
104 47
104 64
104 66
104 69
105 1
107 22
107 23
107 32
110 121
110 132
110 136
110 140
110 147
110 148
110 168
110 171
110 174
110 181
110 186
110 191
110 192
110 206
110 211
110 212
111 10
113 1
