1 2
1 41
1 53
1 55
1 58
1 60
2 13
2 15
2 34
2 36
2 44
2 48
2 63
2 67
2 71
2 119
2 120
2 138
2 140
6 20
6 26
7 9
7 10
7 12
7 15
7 20
7 25
7 26
8 3
8 4
8 13
8 14
8 20
8 33
8 37
8 53
8 55
8 63
9 2
9 9
9 12
9 13
9 16
9 21
9 34
9 35
9 41
9 44
9 45
9 52
9 53
9 55
11 55
11 66
11 72
11 78
12 1
14 44
14 49
14 53
14 60
14 65
14 73
14 76
14 92
14 107
14 123
14 126
14 137
14 139
14 147
14 148
14 169
14 172
14 174
14 178
14 181
14 184
14 188
14 200
14 220
14 222
14 252
14 268
14 270
14 271
14 275
14 281
14 282
15 1
15 26
15 28
15 31
15 39
16 2
16 4
16 10
16 18
16 88
16 90
16 92
16 106
16 107
16 109
16 200
16 204
16 207
16 213
16 222
16 238
16 245
16 246
17 4
17 13
18 9
19 20
19 38
19 44
19 51
19 58
19 87
19 93
19 94
20 3
21 4
21 5
21 7
21 10
21 17
21 19
21 21
21 24
21 31
21 51
22 3
22 7
22 25
22 28
22 47
22 54
22 57
22 58
22 62
22 65
22 66
22 68
22 76
23 8
23 9
23 11
23 19
23 30
23 37
23 163
23 212
23 223
23 229
27 27
27 29
27 30
27 37
27 42
27 54
27 56
27 57
27 61
27 65
27 72
27 97
27 103
27 105
27 125
28 4
28 7
28 19
28 22
28 32
28 34
28 73
28 82
28 85
28 88
28 94
28 96
28 104
28 110
28 133
28 138
28 142
28 144
28 157
28 158
28 159
28 166
28 168
28 169
28 175
28 176
28 180
28 181
28 183
28 188
28 194
28 201
28 202
28 217
29 7
29 10
29 30
29 40
29 46
29 47
29 51
29 59
29 65
29 66
29 67
29 74
29 78
29 85
29 102
29 113
29 114
29 117
29 120
29 127
29 132
29 136
29 148
29 156
29 167
29 172
29 174
29 176
29 177
29 187
29 196
29 202
29 205
29 207
29 211
29 224
29 225
29 228
29 236
29 238
29 246
29 248
29 256
29 264
29 278
31 4
31 8
31 13
31 15
31 20
31 29
31 39
33 50
33 64
34 1
34 2
34 3
34 12
34 23
34 26
34 29
34 30
34 34
36 33
36 43
36 55
36 59
36 61
36 157
36 159
36 165
36 168
37 2
37 3
37 14
37 17
37 23
37 26
37 40
37 42
37 48
37 54
37 60
37 61
38 1
38 4
38 10
38 15
38 17
38 22
38 26
38 29
39 10
39 17
39 18
39 23
39 26
39 27
39 31
39 35
39 40
39 41
39 52
39 54
39 63
39 65
39 73
39 75
39 88
39 92
39 93
39 96
39 103
39 113
39 114
39 133
39 142
39 170
40 1
40 9
40 12
40 30
40 85
40 94
40 95
40 97
40 113
40 121
40 135
40 137
40 153
40 154
40 159
40 167
40 248
40 249
40 251
40 269
40 271
40 274
40 355
41 4
41 7
41 10
41 27
41 31
41 32
42 3
42 7
42 27
42 32
42 35
43 78
43 88
43 89
43 94
43 107
43 111
43 112
43 120
43 133
43 137
43 139
43 145
44 1
44 36
44 40
44 67
44 68
45 6
45 7
45 8
45 10
45 11
45 15
45 24
45 26
45 27
46 1
46 8
46 9
46 12
46 16
46 17
46 19
46 21
46 26
46 31
46 36
46 45
46 46
46 54
46 59
47 4
47 13
47 31
47 36
47 61
47 73
47 83
47 91
47 94
47 102
47 126
47 128
47 153
47 158
47 164
47 165
47 166
47 226
47 356
47 358
47 366
47 367
47 372
47 374
47 376
47 377
47 394
47 410
47 418
47 422
47 423
47 427
47 444
48 129
48 138
48 139
48 140
48 150
49 4
49 8
50 11
50 16
50 28
50 157
50 159
50 161
50 162
50 174
51 5
51 10
51 18
51 20
51 23
51 27
51 29
51 158
51 164
51 170
51 181
51 193
51 194
51 203
51 216
51 217
51 224
52 4
52 7
52 8
52 11
52 20
52 48
52 52
52 54
52 65
52 69
52 79
52 91
52 113
52 122
52 130
52 135
52 136
52 140
52 148
52 149
52 150
52 180
52 196
52 197
52 198
52 201
53 2
53 4
53 7
53 23
53 33
53 39
53 40
53 68
53 71
53 87
53 88
53 92
53 102
53 104
53 123
53 125
53 130
53 139
53 152
53 153
53 155
54 29
54 38
54 51
54 55
54 57
54 64
54 65
55 1
55 3
56 9
56 16
57 78
57 79
57 81
57 87
57 111
57 113
57 119
57 120
57 124
57 125
57 126
57 133
57 143
58 71
58 77
59 1
59 2
59 12
59 14
59 20
59 21
59 24
59 29
60 3
60 5
61 1
61 6
61 9
61 18
61 21
61 23
61 24
61 25
61 28
61 30
61 34
61 35
61 39
61 48
61 60
61 74
61 80
61 82
61 85
61 89
61 115
61 124
61 127
61 131
61 132
61 144
61 145
61 153
61 158
61 177
61 184
64 2
64 7
64 14
64 16
64 18
64 25
64 35
64 46
64 66
64 67
64 69
64 71
67 99
67 104
68 60
68 62
68 72
69 9
69 11
69 18
69 22
69 23
69 35
69 41
69 43
69 77
69 84
69 93
69 96
69 101
69 102
69 107
69 111
69 113
69 121
69 128
69 132
69 159
69 186
69 219
69 222
69 223
69 226
70 2
70 11
70 17
70 21
70 23
70 86
70 217
70 246
70 247
70 250
70 277
70 281
70 292
70 337
70 339
70 355
70 358
70 365
70 371
70 373
70 375
70 390
70 396
70 398
70 419
70 421
70 528
70 536
71 2
71 5
71 18
71 31
76 6
76 10
77 2
77 37
77 38
77 40
77 41
77 49
78 2
78 3
78 5
78 7
79 4
79 13
79 23
79 30
79 33
81 33
81 34
81 37
81 38
81 46
81 56
81 58
81 63
81 81
81 92
82 2
82 5
82 6
82 9
82 17
82 19
82 25
82 29
82 34
82 35
82 37
82 43
82 45
82 47
82 48
82 53
83 4
83 19
83 21
83 28
83 34
83 42
83 43
83 50
83 57
83 164
83 165
83 168
83 177
83 188
84 2
84 8
84 11
85 110
85 112
85 121
85 122
85 126
85 130
85 133
85 134
85 150
85 162
85 168
85 172
85 174
85 177
85 180
85 187
85 188
85 190
85 198
85 203
85 211
85 219
85 223
85 228
85 245
85 248
85 249
85 253
85 263
85 277
85 280
85 288
85 296
85 304
85 306
85 313
86 6
86 7
86 11
86 13
86 15
86 17
86 18
86 32
86 37
86 38
86 39
88 35
88 37
88 39
88 49
88 70
88 82
88 84
88 85
88 89
88 92
88 98
88 100
89 6
89 15
89 17
89 18
89 21
89 25
89 26
89 31
89 35
89 41
89 51
89 55
89 70
89 74
89 78
89 92
89 97
89 98
89 101
89 103
89 104
89 109
89 111
89 112
89 116
89 125
89 137
89 141
90 5
90 7
90 19
90 20
90 23
90 45
90 49
90 56
90 61
90 66
90 70
90 76
90 78
90 80
90 104
90 128
90 129
90 132
90 143
90 159
90 163
90 165
90 166
90 168
90 180
90 188
90 195
90 296
91 3
91 5
91 18
91 27
91 28
91 35
92 31
93 37
93 41
94 2
94 10
94 15
95 1
98 73
98 75
98 153
98 157
98 158
98 166
98 167
98 180
98 186
98 190
98 193
98 194
98 195
98 196
98 201
98 203
98 216
98 217
98 224
98 239
98 244
98 246
98 247
98 252
98 254
98 255
98 260
98 267
98 268
98 273
98 277
98 279
98 291
98 300
98 303
98 308
98 309
98 333
98 335
98 336
98 337
98 341
98 344
98 345
98 361
98 363
98 364
99 7
100 1
100 54
