1 6
1 8
1 16
1 24
1 30
1 38
1 44
1 51
1 54
1 57
1 67
1 75
1 84
1 93
1 97
1 116
1 121
1 135
1 139
1 142
2 9
2 13
2 14
2 21
2 30
2 37
2 38
2 50
2 65
2 69
2 71
2 73
2 76
2 87
2 92
5 13
5 15
5 17
5 35
5 53
5 58
6 2
6 16
6 19
6 26
6 29
6 32
6 33
6 39
6 46
6 62
6 64
6 80
6 82
6 90
6 92
6 101
6 105
6 110
6 119
6 122
6 133
6 145
6 149
6 150
6 152
6 156
6 157
6 159
6 162
7 1
7 4
7 8
7 16
7 155
7 159
7 160
7 168
7 175
7 179
7 260
7 261
7 265
7 276
7 288
7 299
7 311
7 313
7 314
7 315
8 19
9 13
9 21
9 23
9 25
10 2
10 5
10 9
10 19
10 20
10 27
10 28
10 29
10 41
10 44
10 53
10 58
10 62
10 112
11 1
11 94
11 99
11 109
11 121
11 125
11 133
11 135
11 137
11 139
11 141
11 146
11 147
11 150
11 153
11 176
11 177
11 180
11 186
11 189
11 193
11 200
11 224
11 228
11 232
11 252
11 254
11 272
11 277
12 116
12 119
12 122
12 131
12 163
12 173
12 178
12 180
12 183
12 193
12 194
12 201
12 204
12 215
12 221
12 324
12 345
12 347
12 349
13 37
13 40
13 50
13 61
13 63
13 67
15 2
15 12
15 25
15 37
15 42
15 62
15 70
15 71
15 75
15 80
15 166
15 168
15 173
15 175
15 179
15 196
15 204
19 9
19 13
19 14
19 17
19 20
19 23
19 32
19 34
19 40
19 42
19 47
19 50
19 58
19 63
19 70
19 75
19 79
19 83
19 87
19 93
19 95
19 107
21 1
21 12
21 16
21 19
21 116
21 129
21 134
21 135
21 138
21 141
22 6
22 23
22 26
22 27
22 32
22 36
22 40
22 41
22 44
22 46
22 53
22 78
22 85
22 89
22 98
22 100
22 107
22 182
22 192
22 193
22 206
23 3
23 7
23 19
23 30
23 44
23 45
23 61
23 151
23 285
23 292
23 293
23 333
23 339
23 349
23 350
23 353
23 354
23 359
23 369
23 371
23 372
23 374
23 378
23 381
23 384
23 396
23 398
23 405
23 406
23 407
23 412
23 416
23 423
23 429
23 435
23 437
23 452
23 459
23 460
23 462
23 477
23 482
23 483
23 487
23 516
23 526
23 527
23 540
23 541
23 545
23 546
23 555
23 557
23 558
23 569
23 570
23 572
23 582
23 622
23 631
23 635
23 650
24 72
24 74
24 79
24 85
24 95
24 103
24 109
24 114
24 126
24 127
26 23
26 27
26 40
28 4
30 19
30 21
30 22
30 34
30 35
30 38
30 65
30 76
30 79
30 82
30 92
30 102
30 108
30 109
30 113
30 118
30 124
30 126
30 127
30 129
30 131
30 137
30 240
30 242
30 253
30 268
30 271
30 272
30 277
30 279
31 1
31 10
31 11
31 14
31 21
31 24
31 32
31 33
32 9
32 10
32 15
32 16
32 38
32 39
32 42
32 45
32 47
32 49
32 52
32 53
32 55
32 58
32 59
32 61
33 53
34 75
34 81
34 83
34 85
34 87
34 92
34 104
34 106
34 108
34 119
34 120
35 5
35 12
35 13
35 21
36 125
36 129
36 133
36 136
36 137
36 149
36 154
36 155
36 157
36 163
36 169
36 170
37 9
37 18
37 25
37 35
37 45
39 49
39 52
42 10
42 12
42 17
42 26
42 40
43 13
43 20
43 27
43 40
43 48
43 50
43 56
43 57
43 59
43 65
43 66
43 74
43 77
43 85
43 93
43 95
43 109
43 110
43 111
43 114
45 22
46 1
46 17
46 24
46 25
46 34
46 40
46 83
47 4
47 17
47 21
47 26
47 30
47 39
48 14
48 22
48 26
48 27
48 28
49 2
49 7
49 11
49 25
49 30
49 32
49 33
49 36
49 37
49 39
49 42
49 44
49 45
50 1
50 3
50 4
50 7
50 17
50 20
50 23
50 29
50 32
50 35
50 45
50 51
52 3
52 11
52 19
52 26
52 32
52 114
52 117
52 119
52 125
52 127
52 129
52 138
52 140
52 147
52 166
53 2
54 20
54 21
54 25
54 33
54 45
54 49
54 55
54 58
54 64
54 75
54 81
54 89
54 94
54 101
54 106
54 110
54 113
55 1
55 9
55 13
55 27
55 28
55 44
55 64
55 75
55 76
55 81
55 86
55 103
55 108
55 116
55 122
55 124
55 125
55 126
55 128
56 7
56 100
56 103
56 106
56 114
56 115
56 118
56 123
56 124
57 44
57 45
57 66
59 10
59 15
59 18
59 22
59 25
59 31
59 49
59 51
60 1
60 2
60 5
60 16
60 22
61 4
61 15
61 35
62 15
62 17
62 26
62 27
62 28
62 35
62 45
62 60
62 61
63 3
63 4
63 5
64 6
64 12
64 27
64 37
64 40
64 41
64 51
64 71
64 76
64 78
65 6
66 34
66 36
66 40
66 48
66 53
66 57
66 72
66 77
66 78
66 82
66 86
66 87
66 89
66 96
66 99
66 101
66 107
66 112
66 126
66 127
66 145
66 146
66 239
66 306
66 311
66 312
66 317
66 358
66 368
66 369
66 375
66 391
66 398
66 403
66 411
66 414
66 418
66 422
66 440
66 445
66 454
66 456
66 457
67 1
68 35
68 44
68 51
68 53
68 54
69 109
69 114
69 117
69 139
69 140
70 1
70 18
70 27
70 39
70 66
70 72
70 75
71 2
71 10
71 15
71 18
71 21
71 24
71 26
73 62
73 65
73 69
73 75
73 81
74 65
74 67
74 77
74 84
74 91
74 97
74 101
74 102
74 113
74 120
74 121
74 143
74 153
74 160
76 35
76 38
76 40
76 41
76 42
76 47
76 49
76 61
76 84
76 87
76 94
77 6
77 12
77 13
77 40
77 47
77 48
77 54
77 55
77 58
77 60
77 64
77 65
77 80
77 87
77 90
77 95
77 98
77 99
77 101
77 103
77 108
78 12
78 23
78 28
78 31
78 39
78 40
78 44
78 47
78 49
78 53
78 57
78 68
78 74
79 2
79 9
79 16
79 20
79 23
79 25
79 26
79 31
83 39
83 40
84 16
84 17
84 21
84 24
84 30
84 31
84 32
84 34
84 37
84 38
84 41
84 45
84 46
84 48
84 51
84 62
84 73
84 132
84 138
84 144
85 127
85 128
85 133
85 135
85 143
85 277
85 291
86 5
86 8
86 11
86 12
86 19
86 26
86 30
86 40
86 42
86 45
86 55
86 59
86 60
86 63
86 69
86 75
86 82
86 84
86 87
86 89
86 97
86 99
86 106
86 112
86 114
86 115
86 126
86 128
86 130
86 131
86 142
86 143
86 145
87 2
87 11
87 16
87 20
87 22
87 24
87 28
87 29
87 36
87 42
87 44
87 45
87 46
88 5
88 6
89 2
89 4
89 14
89 15
89 18
92 17
92 21
92 35
92 38
92 41
92 49
92 52
92 55
92 64
92 65
92 72
93 5
94 3
94 12
94 14
94 19
94 20
94 22
94 28
94 34
94 43
94 48
94 53
94 56
94 62
94 77
94 85
94 89
94 91
94 94
94 97
94 101
94 103
95 1
95 5
95 6
95 13
95 14
95 16
95 17
95 18
95 24
95 26
95 32
95 47
95 50
95 55
95 59
95 70
95 80
95 87
95 110
95 115
95 116
95 117
95 120
95 124
95 127
95 145
95 146
95 162
95 164
95 184
95 190
95 195
95 203
95 206
96 8
96 17
96 22
96 24
96 25
100 72
100 77
100 78
100 80
100 87
100 95
100 100
100 102
100 107
100 114
100 115
100 118
100 124
100 126
100 130
100 138
100 140
100 149
100 152
