1 1
1 27
1 29
1 32
1 34
1 35
1 47
2 13
2 16
2 21
2 23
2 25
2 27
2 28
2 29
2 35
3 5
3 15
3 45
3 46
3 68
3 70
3 72
3 84
3 86
5 41
5 50
6 13
6 14
6 15
6 24
7 99
7 100
7 104
7 107
7 116
7 119
7 120
7 124
7 131
8 5
8 7
8 9
8 10
8 19
8 26
8 35
8 39
8 41
8 43
8 44
8 47
8 49
8 51
8 52
8 55
8 64
9 6
9 8
9 14
9 25
9 26
9 34
9 40
9 43
9 54
9 55
10 30
10 31
10 35
10 48
10 53
10 63
10 69
11 1
11 12
11 13
11 24
11 26
11 34
11 40
11 58
11 64
12 1
12 8
12 10
12 11
12 12
13 4
13 7
13 18
13 32
13 33
13 34
13 38
14 7
14 9
14 12
14 13
14 21
14 27
14 28
14 30
14 32
14 36
14 38
14 41
14 42
14 48
14 49
14 53
15 5
16 3
16 4
16 24
16 28
16 39
16 50
16 51
16 57
16 58
16 60
16 61
16 68
16 88
16 93
16 95
16 100
17 1
17 4
17 9
17 10
17 13
17 19
18 2
18 7
18 17
19 28
19 32
19 35
21 41
21 49
21 50
21 57
21 58
21 67
21 70
21 71
22 4
23 4
23 5
23 7
23 21
23 22
23 25
23 35
23 36
23 52
23 54
23 59
24 1
24 3
24 7
24 11
24 36
24 40
24 41
24 56
24 70
24 74
25 2
25 15
25 16
25 27
25 29
25 40
25 46
25 50
25 54
25 56
25 60
26 9
26 28
26 37
26 41
26 46
26 47
26 67
26 72
26 74
26 77
26 88
26 89
26 92
26 94
26 104
26 117
26 118
26 121
26 122
26 129
26 133
26 134
26 135
26 143
26 147
26 148
26 150
26 152
27 3
27 10
28 9
29 11
29 12
29 25
29 38
29 40
29 50
29 52
29 57
30 1
30 2
30 3
30 26
30 27
30 30
30 31
30 36
30 41
30 43
30 50
30 65
30 66
31 3
31 11
31 18
31 19
31 26
31 27
31 159
31 172
31 173
32 80
33 2
33 19
33 23
34 67
34 71
34 74
34 76
34 80
34 91
34 99
35 102
35 106
35 112
35 113
35 121
35 122
35 129
35 133
35 134
35 144
35 151
35 158
35 162
35 166
36 10
36 12
36 21
36 29
36 30
36 32
36 33
36 34
36 41
36 51
36 59
36 61
36 63
36 73
36 78
36 86
36 94
36 107
36 109
36 114
36 118
36 123
36 125
36 128
36 263
37 9
37 13
37 22
37 25
37 27
37 34
37 47
37 50
37 63
37 80
37 84
37 88
37 94
37 100
37 117
37 120
37 124
37 138
37 140
37 146
39 108
39 109
39 113
39 117
39 120
39 126
39 127
39 130
39 132
39 136
40 82
41 2
41 7
41 8
41 26
41 30
41 32
41 39
41 44
41 50
41 56
41 72
41 74
41 81
41 82
41 85
41 110
41 111
41 117
41 118
41 120
41 122
41 135
41 139
41 149
41 156
41 176
41 180
41 189
41 190
41 192
41 206
41 212
41 220
41 229
41 234
41 307
41 311
41 316
41 317
41 318
41 320
41 322
41 323
41 337
41 341
41 349
41 358
41 359
41 368
41 369
41 372
41 375
41 376
41 387
41 391
42 123
42 129
42 131
42 136
42 152
42 153
42 157
45 49
45 51
45 57
45 70
45 76
45 78
45 82
45 89
45 93
45 98
45 110
45 111
45 121
45 125
45 126
45 137
45 138
45 139
45 142
45 145
45 149
45 150
45 154
46 5
46 8
46 9
46 10
46 11
46 27
46 28
46 38
46 40
46 41
46 44
46 57
47 1
47 15
50 32
50 33
50 35
50 44
50 50
50 54
50 202
50 204
50 205
50 206
50 207
50 210
50 218
50 221
50 223
50 226
50 266
50 273
50 282
51 34
51 35
51 54
51 58
51 73
51 75
51 81
51 84
51 86
51 91
51 112
51 113
51 115
51 116
51 117
51 129
51 136
51 147
51 149
52 104
53 3
53 8
53 14
53 15
53 17
53 18
53 30
53 36
53 39
53 44
53 51
53 57
53 62
53 73
53 74
53 75
53 85
53 88
53 93
53 100
53 101
54 51
54 54
54 60
54 70
54 79
54 81
54 97
54 98
54 105
54 106
54 107
54 110
54 112
54 120
54 126
54 132
54 135
54 136
54 140
54 141
54 164
55 12
55 27
55 34
55 45
55 51
55 52
55 57
56 8
57 11
57 23
57 37
57 43
57 52
57 58
57 59
57 62
57 82
57 84
57 92
57 102
57 109
57 110
57 117
57 119
57 126
57 128
57 137
57 138
57 139
57 149
57 152
57 155
57 179
57 182
57 183
59 70
59 73
59 74
59 75
59 78
59 79
59 80
59 85
59 91
59 97
59 98
59 102
59 103
59 105
59 109
59 126
59 138
59 142
59 149
59 156
59 172
59 177
59 184
59 187
59 194
59 196
59 215
59 218
59 222
59 224
59 230
59 233
59 235
59 242
59 245
59 249
59 250
59 251
59 252
59 255
59 337
59 339
59 352
59 355
59 362
59 367
59 375
59 383
59 384
59 393
59 402
59 409
59 410
59 417
59 418
59 424
59 425
59 430
59 431
59 436
59 442
60 9
60 10
60 11
60 21
60 22
60 24
60 31
60 37
60 41
60 117
60 121
60 128
60 129
60 135
60 144
60 148
60 166
60 167
60 170
60 178
61 8
61 14
61 21
61 26
61 30
61 47
61 52
61 54
61 61
61 62
61 65
63 90
63 91
63 95
63 96
63 100
63 129
64 2
64 7
64 20
64 24
64 25
64 40
64 42
64 45
64 48
64 56
65 6
65 7
65 13
65 21
65 23
65 25
65 27
65 28
65 40
65 41
65 46
65 55
65 61
65 63
65 64
65 66
65 86
65 91
67 19
67 20
67 22
67 48
67 50
67 60
67 64
67 65
67 70
68 6
68 12
68 19
68 21
68 23
68 25
69 9
69 13
69 15
69 30
69 35
69 36
69 69
69 73
69 86
69 89
69 95
69 106
70 2
70 4
70 18
70 19
70 32
70 59
70 61
70 70
70 81
70 82
71 27
72 3
72 5
72 8
72 11
72 12
72 17
72 18
72 21
72 22
72 24
72 36
72 43
72 59
72 63
72 64
73 5
73 20
73 23
73 78
74 49
74 51
74 58
74 60
74 63
74 68
75 1
75 15
76 17
76 20
76 22
76 25
76 29
76 36
76 40
77 14
77 31
77 37
77 52
77 55
77 56
77 62
77 63
77 67
77 69
77 79
77 80
77 81
77 103
77 104
77 107
77 120
77 132
77 133
77 140
77 147
77 150
77 157
77 166
77 171
77 176
78 1
78 9
78 23
78 24
78 27
78 70
78 74
78 87
78 88
78 90
78 101
78 102
78 110
83 64
84 3
84 7
84 11
84 16
84 17
84 25
84 29
84 31
84 36
84 38
84 41
84 42
85 38
85 63
85 64
85 65
85 68
85 72
85 76
85 77
87 4
87 16
87 21
87 22
87 27
87 33
87 34
87 38
88 25
88 33
88 36
88 40
88 45
88 46
88 50
88 53
89 5
89 11
89 18
89 22
89 26
90 17
90 20
91 52
91 53
91 59
91 64
91 106
91 108
91 114
93 67
93 72
93 77
93 86
93 92
93 101
93 106
93 107
93 109
93 115
93 116
93 117
93 123
93 135
93 140
93 141
93 158
93 162
93 169
93 170
93 175
93 178
94 4
94 6
94 13
94 14
94 24
94 28
95 6
95 10
96 12
96 15
96 17
96 31
96 53
97 10
97 20
97 21
97 29
97 31
97 45
97 49
98 3
98 8
99 1
100 19
100 20
100 28
100 43
100 49
100 61
100 62
100 63
100 67
101 3
101 4
101 6
101 9
101 11
101 22
101 36
101 39
101 60
101 61
101 194
101 195
101 196
101 207
101 215
101 217
101 221
101 229
101 231
102 7
102 15
102 22
102 25
102 38
102 47
102 49
102 63
102 67
102 70
102 73
102 75
102 81
102 88
102 89
102 115
102 116
102 117
103 12
103 16
103 19
103 36
103 48
103 51
103 64
104 6
104 11
104 50
104 75
104 86
105 1
105 4
105 7
105 10
105 11
105 24
108 4
