1 7
1 8
1 42
2 5
2 7
2 16
2 23
2 29
2 34
2 38
2 42
2 44
3 10
3 59
3 60
3 64
3 69
4 39
4 45
4 52
4 54
4 57
4 64
4 70
4 71
4 78
4 85
4 89
4 91
4 96
4 107
4 118
4 228
7 8
7 9
7 12
7 13
7 17
7 19
7 28
7 32
7 38
7 41
7 44
7 52
7 53
7 63
8 4
8 5
8 10
8 14
8 23
8 26
8 29
8 30
8 34
8 48
8 58
8 63
8 65
8 137
8 141
8 155
8 165
11 3
11 5
11 32
11 38
13 17
13 22
13 33
13 39
13 45
13 57
13 59
13 63
13 76
14 6
14 20
14 22
17 66
17 68
17 75
17 76
17 84
17 86
17 87
18 1
18 13
18 15
18 20
19 1
19 2
19 10
19 14
19 20
19 27
19 30
19 33
19 35
19 43
22 59
22 61
22 105
22 111
22 112
22 130
23 7
23 10
23 19
23 36
23 38
23 43
23 54
23 72
23 73
24 136
24 141
24 150
24 156
24 160
24 174
24 178
24 192
24 195
24 204
24 207
24 215
24 218
24 245
24 257
24 268
24 282
24 289
24 293
24 372
24 380
24 382
24 397
25 4
25 18
25 34
25 43
25 44
25 46
25 48
25 50
25 53
25 63
25 65
25 68
25 75
25 84
25 98
25 101
26 3
26 15
26 23
26 27
26 30
26 38
26 45
27 81
27 90
27 91
27 103
27 104
27 106
27 108
27 117
27 121
27 123
27 127
27 129
27 135
27 141
27 143
27 161
27 176
27 178
27 182
27 200
27 211
27 213
27 214
27 216
27 219
27 220
27 222
27 224
27 230
27 234
27 240
27 246
27 251
27 256
27 267
27 272
27 276
27 278
27 282
27 382
28 3
28 8
30 85
30 91
34 3
34 5
34 13
34 17
34 25
34 27
34 30
35 5
35 7
35 17
35 18
37 80
37 87
37 99
38 3
38 13
38 17
38 28
38 30
38 39
39 3
39 6
39 18
39 20
39 25
39 29
39 31
39 34
39 50
39 58
39 129
39 131
39 135
39 179
39 196
39 199
39 201
39 203
39 210
39 212
39 215
39 216
39 219
39 221
39 222
39 225
39 226
39 242
39 250
39 257
39 260
39 261
39 265
39 289
39 303
39 304
39 306
39 314
39 315
39 316
41 5
41 13
41 28
41 41
41 55
41 57
41 70
41 71
41 82
41 83
41 97
41 108
42 6
42 11
42 12
42 18
42 21
42 28
43 11
43 12
43 17
43 23
43 27
43 40
43 48
43 50
43 61
43 75
43 85
43 86
44 15
44 24
44 26
44 31
45 7
45 8
45 11
45 14
45 15
45 25
45 26
45 38
45 40
45 45
46 5
46 7
46 20
46 39
46 40
46 48
46 66
46 100
46 104
46 117
46 119
47 11
47 12
47 21
47 28
47 29
47 32
47 41
47 93
47 94
47 100
48 24
48 36
48 45
48 47
48 54
48 58
48 79
48 86
48 87
48 99
49 8
50 102
50 113
51 15
52 6
52 19
52 25
52 29
52 48
52 51
52 53
52 56
52 58
52 61
52 62
52 65
52 82
52 83
52 87
52 88
52 93
52 109
52 120
52 134
52 140
52 152
52 153
52 155
52 157
52 162
52 168
52 169
52 170
52 173
52 174
52 176
52 188
53 76
53 107
54 5
55 4
55 15
55 16
55 26
55 80
55 89
55 91
55 92
55 93
55 103
56 6
56 13
56 17
56 19
56 25
56 28
56 30
56 33
56 53
56 56
56 66
56 72
56 77
56 80
56 82
56 98
56 103
56 137
56 143
56 150
56 151
56 155
57 7
57 11
57 15
57 16
57 17
57 21
59 49
59 61
59 63
59 69
59 73
59 85
59 86
59 88
62 36
62 37
62 46
63 67
63 70
63 71
63 82
65 27
65 34
65 35
65 58
65 65
65 67
65 70
65 71
65 72
65 75
65 76
65 77
65 78
65 79
65 108
65 111
65 113
65 134
65 171
66 6
66 12
66 14
66 15
66 101
68 64
68 71
68 82
68 92
70 2
70 4
70 9
71 7
71 16
71 17
71 29
71 30
71 34
71 37
71 42
71 43
71 46
71 47
71 60
71 64
71 81
71 82
71 97
71 126
71 128
72 1
72 24
72 25
72 27
72 29
72 43
72 46
72 48
72 50
72 54
72 55
72 59
72 61
72 64
72 71
73 14
75 18
75 21
75 26
75 31
75 39
76 16
76 20
76 24
76 28
76 33
76 64
76 65
76 66
76 72
76 95
76 98
76 99
77 90
77 100
77 102
77 108
77 110
78 64
79 6
79 7
79 8
79 21
79 22
79 31
79 36
79 37
79 38
79 43
79 45
80 17
80 19
80 22
80 27
80 55
80 57
80 60
80 65
80 66
80 67
80 70
80 71
80 75
80 82
81 1
81 52
81 57
81 60
81 62
81 63
81 101
81 104
81 106
81 134
82 28
82 33
82 42
82 57
82 61
82 70
82 73
82 75
82 77
82 103
82 153
82 154
82 160
82 162
82 169
82 180
82 185
82 187
82 188
82 190
82 193
83 22
83 23
83 26
84 3
84 10
84 12
84 26
84 39
84 45
84 47
84 50
84 55
84 60
84 61
84 63
84 67
84 78
84 83
84 87
84 89
84 109
84 117
84 120
84 131
84 139
84 149
84 150
84 153
84 157
84 162
84 166
84 167
84 174
84 175
84 185
84 189
84 210
84 211
84 226
84 267
84 272
84 273
84 280
84 281
84 282
84 288
84 289
85 106
85 110
85 115
85 123
85 132
85 152
85 157
87 2
87 18
87 23
87 34
87 35
87 40
87 48
88 6
88 17
88 42
88 43
88 49
88 50
88 53
88 56
89 5
89 10
89 18
89 19
89 23
89 24
89 39
89 45
89 56
89 60
89 64
90 1
91 10
91 13
91 18
92 4
92 5
93 83
93 88
93 104
93 106
93 109
93 110
93 117
93 120
93 123
94 1
94 4
94 17
94 19
94 21
94 32
94 33
94 34
95 47
95 57
95 61
95 63
95 65
95 66
95 69
95 71
95 74
95 82
95 83
95 86
95 94
95 102
95 109
95 116
95 122
95 127
95 130
95 133
95 139
95 141
95 162
95 163
96 1
96 12
96 14
96 20
96 25
96 34
96 36
96 43
96 49
96 54
96 59
96 64
96 87
96 88
97 5
97 11
97 17
97 22
100 34
100 37
100 39
100 98
100 104
100 105
101 2
101 5
101 12
101 13
101 15
101 18
101 19
101 33
101 36
101 45
101 47
101 48
101 50
101 63
101 67
101 68
101 71
101 80
101 83
101 88
101 89
101 91
101 97
101 99
101 101
101 104
101 112
101 113
103 55
103 56
103 57
104 2
104 8
104 9
104 16
104 17
104 26
104 28
104 34
104 36
104 44
104 47
105 7
105 24
105 48
105 60
105 76
105 91
105 102
105 106
105 110
105 112
105 113
105 118
105 121
105 132
105 140
105 141
105 174
105 176
105 177
105 178
105 180
105 184
105 195
105 200
106 6
106 11
106 14
107 3
107 6
107 13
107 23
107 25
108 3
108 11
109 9
109 10
109 12
109 13
109 17
109 18
109 22
109 28
109 30
109 31
109 40
109 45
109 46
109 51
109 59
109 62
109 65
109 67
109 72
110 4
110 6
110 7
110 9
110 14
110 21
110 31
110 36
110 41
110 42
110 43
110 48
110 49
110 56
111 7
111 10
111 31
111 32
111 40
111 41
111 43
111 52
111 64
111 67
111 74
111 75
111 84
111 85
111 88
111 91
111 97
111 105
111 106
111 108
111 113
111 117
111 122
111 128
111 143
111 144
111 155
111 156
111 159
111 163
111 170
111 171
111 176
111 180
112 1
112 7
112 8
112 9
112 10
112 22
112 25
112 36
112 37
114 33
114 38
115 1
115 7
115 10
115 12
115 18
115 19
117 15
118 4
118 11
119 7
119 8
119 10
119 20
119 25
119 30
119 31
120 2
120 12
120 16
120 18
120 19
120 34
121 26
121 32
121 36
121 40
121 44
121 48
121 54
122 67
122 71
123 6
123 7
123 15
123 16
123 18
124 7
