1 21
1 22
1 36
1 43
1 49
1 50
1 62
1 63
1 67
1 75
1 80
1 82
1 83
1 91
1 93
1 97
1 99
1 101
1 108
1 111
1 112
1 120
1 197
1 199
1 205
1 206
1 229
1 277
1 286
1 289
1 291
1 292
1 304
1 306
1 307
1 313
3 90
3 96
3 97
3 103
3 106
3 119
3 120
3 125
3 130
3 132
3 140
3 147
3 153
3 161
3 172
3 176
3 192
3 194
3 202
3 203
3 206
3 210
3 244
3 249
3 253
3 257
3 261
3 269
3 270
3 271
3 273
3 281
3 290
3 292
3 293
5 70
6 68
6 69
6 70
6 71
6 76
6 78
6 83
6 85
6 89
6 91
6 105
6 110
6 116
6 121
6 123
6 129
6 132
6 141
6 146
6 157
6 160
6 167
6 169
6 170
6 176
6 178
6 187
6 189
6 198
6 209
6 212
6 218
6 222
7 2
8 21
8 23
8 27
8 42
8 74
8 81
8 86
8 123
8 125
8 129
8 134
9 67
9 75
9 91
9 105
9 106
9 109
9 112
10 2
10 3
10 19
10 21
12 11
12 12
12 14
12 30
12 41
12 45
12 49
12 135
13 1
13 22
13 23
13 26
13 30
13 33
13 38
13 44
13 50
13 51
13 62
13 64
13 70
13 85
13 87
14 6
14 9
14 13
14 26
15 10
17 1
17 5
17 6
17 10
17 11
17 15
17 18
17 29
17 40
17 41
18 5
18 26
18 32
19 44
19 52
19 57
19 78
19 86
19 87
19 90
19 100
19 101
19 105
19 108
19 116
19 126
19 133
19 145
20 6
20 9
20 13
20 21
20 26
20 31
20 34
20 35
20 37
20 43
20 44
20 47
22 57
22 66
22 67
22 70
23 2
23 15
23 19
23 31
23 41
23 45
23 54
23 58
23 60
23 61
23 72
23 227
23 228
23 244
23 245
23 250
23 254
23 257
23 259
23 266
23 280
23 281
23 282
23 291
23 294
23 296
23 297
24 20
25 10
25 16
25 20
25 21
25 24
25 25
25 32
25 35
25 40
25 41
25 43
25 58
25 61
25 64
25 76
25 92
25 102
26 8
26 10
26 12
27 2
27 9
27 10
27 11
27 140
27 178
27 182
27 184
27 186
27 316
27 334
28 16
28 24
28 29
28 39
28 41
28 180
28 187
28 197
28 198
28 201
28 202
28 205
28 209
28 214
28 222
28 232
28 250
28 262
28 267
28 269
28 281
28 284
28 292
28 297
28 301
28 318
28 324
28 326
28 329
28 337
28 347
28 351
28 353
28 357
28 363
28 374
28 376
28 378
30 15
30 16
30 21
30 40
30 42
30 47
30 49
30 52
30 65
30 67
30 84
30 85
30 97
30 100
30 101
30 103
30 108
30 109
30 121
30 122
30 125
31 9
31 17
31 20
31 27
31 29
32 4
32 5
32 6
32 51
32 57
32 62
32 67
32 68
32 71
32 89
32 115
32 119
33 10
33 17
33 19
33 29
34 1
34 3
34 26
34 32
34 59
34 66
34 73
34 77
34 81
35 13
35 15
35 18
35 22
35 25
35 26
35 39
35 43
35 166
35 170
35 171
35 173
35 191
35 198
35 209
35 211
35 212
35 215
35 225
35 226
35 244
35 247
35 251
35 252
35 255
35 258
35 261
35 270
38 44
38 45
38 50
38 52
38 53
38 58
38 59
38 66
38 68
38 71
38 73
38 76
38 78
38 81
38 85
38 87
38 91
38 93
38 98
38 100
38 105
38 107
38 110
38 120
38 125
38 130
38 134
38 138
38 141
39 6
39 8
40 7
40 43
40 44
40 56
40 59
40 61
40 68
40 69
40 76
40 80
41 3
41 11
41 13
41 15
41 16
41 19
41 27
41 102
41 108
41 116
41 118
41 119
41 121
41 123
41 124
41 127
41 130
41 141
41 143
41 147
41 148
41 156
41 163
41 168
41 175
41 181
41 185
41 188
41 193
41 196
41 205
41 206
41 209
41 211
41 212
41 213
41 222
41 231
41 235
41 248
41 258
41 261
41 281
41 283
41 286
41 409
41 434
41 444
41 455
42 1
42 3
42 6
42 10
42 13
42 32
42 34
42 111
42 117
42 118
42 120
42 121
42 124
42 135
42 138
42 145
42 146
42 153
42 157
42 161
42 172
42 173
42 175
42 178
42 183
42 189
42 195
42 196
42 201
42 207
42 209
42 219
42 225
42 230
42 234
42 235
42 239
42 245
42 249
42 250
42 254
42 256
42 257
42 289
42 312
42 335
42 344
42 350
42 351
42 352
42 354
42 389
42 406
42 413
42 415
44 34
44 39
44 40
44 44
44 45
44 46
45 19
45 20
45 25
45 31
45 32
45 33
45 35
45 48
45 54
45 55
45 83
45 90
45 92
45 93
45 105
45 111
45 124
45 125
45 128
45 144
45 155
45 160
45 166
45 185
45 186
45 192
45 196
45 203
48 26
48 27
48 29
48 42
48 53
48 62
48 69
48 86
48 90
48 95
48 96
48 104
48 106
48 108
48 110
48 119
48 127
48 129
49 5
49 12
49 13
49 14
49 18
49 23
49 40
49 46
49 48
49 51
49 56
49 61
49 66
49 78
49 83
49 85
49 87
49 96
49 97
49 111
49 122
50 9
50 11
50 12
51 8
51 21
51 27
51 37
51 40
51 45
51 54
51 60
51 73
51 74
51 75
51 86
51 90
51 91
52 7
52 8
52 13
52 17
52 149
52 166
52 168
52 179
52 182
52 190
52 191
52 193
52 201
52 340
52 342
52 343
52 344
52 351
52 359
52 362
52 363
53 18
53 20
53 23
53 25
53 33
53 39
53 40
55 2
55 9
55 11
55 12
56 69
56 74
56 78
56 82
56 86
59 1
59 8
59 14
59 23
63 81
63 84
63 120
63 122
63 188
63 200
63 203
63 206
63 211
63 212
63 218
63 256
63 268
63 269
63 271
63 296
63 297
63 310
65 36
65 37
65 39
65 41
65 45
65 50
65 54
65 57
65 59
65 61
65 70
65 74
65 78
65 81
65 88
65 93
65 123
65 146
65 157
65 166
66 1
66 5
66 12
66 16
66 22
66 34
66 37
66 44
66 46
66 48
68 2
68 9
68 10
68 15
68 16
68 20
69 5
69 6
69 23
69 24
70 1
70 5
70 7
70 8
70 12
70 18
70 34
71 3
72 13
72 15
72 17
72 24
72 25
72 27
72 33
72 38
72 41
72 43
72 44
72 51
72 56
73 1
73 18
73 20
73 26
73 32
73 36
73 45
74 8
74 9
74 148
74 151
74 152
74 157
74 163
74 167
74 181
74 183
74 189
74 196
74 198
74 202
74 208
74 219
74 220
74 226
74 232
74 236
74 241
74 255
75 14
75 15
75 17
75 28
75 42
75 45
75 52
75 59
75 61
75 65
75 73
75 100
75 105
75 108
75 111
75 118
75 120
75 122
75 133
75 147
75 154
75 159
75 160
75 165
75 169
75 176
75 183
75 190
75 193
75 215
75 220
75 241
75 245
75 259
75 262
75 263
75 264
75 271
75 275
75 280
75 284
75 296
75 309
75 310
75 316
75 319
75 322
75 326
75 332
75 351
75 355
75 358
75 362
75 372
76 13
76 14
76 20
76 23
76 129
76 143
76 150
76 152
76 158
76 165
77 13
77 22
77 30
77 36
77 37
77 47
78 1
78 6
78 18
78 20
78 36
78 41
78 43
78 45
78 54
78 59
78 60
78 65
78 79
79 11
79 17
79 18
79 22
79 30
79 160
79 161
79 168
79 180
79 190
79 191
79 205
79 210
79 215
79 226
79 229
79 245
79 247
79 255
79 263
79 264
79 265
79 269
79 279
79 292
79 297
79 303
79 320
79 326
79 377
79 379
79 383
80 27
80 33
80 34
80 38
80 46
80 47
80 51
80 55
80 59
80 65
80 72
80 93
80 101
80 104
80 112
80 120
80 129
80 136
80 142
80 143
80 146
81 2
83 47
83 57
83 59
83 63
83 71
84 132
84 133
84 134
84 140
84 149
84 150
84 151
84 159
