1 1
1 3
1 6
1 7
1 12
1 19
1 56
1 64
1 66
1 79
1 85
1 96
3 4
4 112
4 121
5 5
5 12
6 2
6 6
6 8
6 11
6 15
6 20
7 5
7 6
7 8
7 13
7 16
7 29
7 30
7 52
7 53
7 54
7 56
7 58
7 60
8 1
8 3
8 11
9 3
9 7
9 11
9 16
9 25
9 38
9 44
9 45
9 47
9 49
9 53
10 1
10 11
10 12
10 27
10 32
10 39
10 47
10 50
10 54
10 57
10 59
10 75
10 76
10 84
10 92
12 38
12 174
12 179
12 183
12 189
12 193
12 198
12 201
12 203
12 208
12 209
12 210
13 22
13 24
13 49
13 51
13 55
13 56
13 62
13 64
13 90
14 1
14 2
14 9
14 10
14 12
14 15
14 17
15 1
15 9
15 12
15 19
15 21
15 28
15 29
15 35
15 37
15 41
15 47
15 51
15 53
15 65
15 75
16 5
16 13
16 36
16 48
18 5
18 9
18 16
18 21
18 27
18 32
18 34
18 35
18 40
18 154
18 159
18 164
18 169
18 172
18 173
18 180
18 190
18 192
18 203
18 212
18 213
22 20
22 23
22 28
22 35
22 37
22 41
22 43
22 46
22 51
24 4
24 12
24 13
24 19
24 20
24 21
24 37
24 41
25 15
25 16
25 18
25 20
25 27
25 28
25 44
25 46
25 47
25 54
25 57
25 59
25 69
25 72
25 74
25 80
25 90
25 98
25 105
25 120
25 123
25 124
26 1
26 7
26 9
26 16
27 4
27 24
27 28
28 8
29 9
29 16
29 24
29 27
29 30
30 62
30 75
30 82
30 93
30 97
30 103
30 109
30 113
30 126
30 127
30 132
30 135
30 143
30 152
30 153
30 157
30 169
30 171
30 176
30 177
30 183
30 184
30 186
31 4
31 17
31 32
31 35
32 1
32 6
32 11
32 12
32 19
32 26
32 104
32 112
32 124
32 125
32 130
32 134
32 138
32 139
32 156
32 158
32 166
32 167
32 170
32 183
32 192
32 194
32 201
32 211
32 223
32 224
32 234
32 235
32 237
32 247
32 249
34 16
34 20
34 21
34 31
34 32
34 48
34 49
34 52
34 64
34 67
34 76
34 77
34 82
34 86
34 88
34 95
34 104
34 168
34 172
34 174
34 176
34 233
34 249
34 257
34 262
34 264
34 267
34 269
34 276
35 8
35 10
35 12
35 18
35 32
35 33
35 35
35 39
35 41
35 51
36 2
36 15
36 22
38 60
38 63
39 6
39 12
39 15
39 24
39 27
39 29
39 48
39 49
39 57
39 63
39 65
39 74
39 78
39 89
39 95
39 97
39 105
39 107
39 108
39 110
39 112
39 118
40 6
40 12
40 17
40 24
40 26
40 34
41 2
41 3
41 16
41 20
44 47
44 48
44 49
44 51
45 2
45 5
45 7
45 8
45 11
45 12
45 18
45 22
45 38
45 42
45 54
45 55
45 59
45 83
45 88
45 89
45 92
45 94
45 97
45 100
45 106
45 110
45 116
45 124
45 125
45 147
45 148
45 149
45 156
45 169
45 174
45 177
45 194
45 202
45 229
46 1
46 7
46 14
46 15
46 61
46 68
46 80
46 84
46 87
46 95
46 104
46 107
46 110
46 119
47 7
47 10
47 12
47 19
47 20
47 21
47 35
49 20
49 23
49 27
49 31
50 5
50 6
50 27
50 33
50 36
50 39
50 40
50 52
50 78
50 89
50 91
50 103
50 105
51 1
51 4
52 100
52 111
53 4
53 6
53 11
53 14
53 20
53 29
53 34
53 48
54 7
54 9
54 10
54 14
54 15
54 18
54 22
54 27
54 31
55 4
55 9
55 10
55 17
55 22
55 25
55 46
55 47
55 51
55 56
55 71
57 31
57 49
57 52
57 55
57 59
57 76
57 112
57 115
57 116
57 119
57 121
57 129
57 130
57 141
57 150
57 151
57 152
57 161
57 169
57 171
57 174
57 176
57 181
57 182
57 195
57 197
57 198
57 204
57 206
57 215
57 223
57 231
57 232
57 257
57 266
57 267
58 10
58 18
58 36
58 37
58 58
58 59
58 64
58 65
58 66
58 72
59 16
59 21
59 22
59 65
59 66
59 68
59 81
59 83
59 92
59 93
59 94
59 103
59 104
59 111
60 4
60 19
60 31
60 32
60 34
60 47
60 53
60 57
60 63
61 46
61 56
61 65
61 68
61 78
61 91
61 94
61 97
62 15
62 19
62 29
62 42
62 47
62 58
62 63
62 79
62 95
62 103
62 109
62 116
62 121
62 123
62 124
62 143
62 147
62 148
62 152
62 156
62 162
62 168
62 172
62 181
62 187
63 27
63 33
63 35
63 54
63 61
63 65
63 67
63 75
63 82
63 124
63 140
63 145
63 150
64 5
64 9
64 10
64 13
65 93
65 99
65 107
65 111
65 128
65 137
65 139
65 143
65 144
65 148
65 159
65 166
66 58
66 60
66 61
66 64
66 69
66 73
66 82
66 83
67 45
68 12
68 21
68 28
68 30
68 32
68 54
68 56
69 12
69 14
69 23
69 28
69 32
69 37
69 43
69 44
70 58
70 88
70 96
70 106
70 113
70 114
70 124
71 8
73 1
73 7
73 16
73 17
73 20
73 25
73 27
73 28
73 29
73 37
73 49
73 50
73 53
73 56
73 57
73 61
73 64
73 66
73 68
73 74
73 76
73 78
73 83
73 85
73 95
73 98
73 105
73 108
73 112
73 120
74 1
74 4
74 5
74 6
74 15
74 19
74 24
74 31
74 34
74 37
74 46
75 17
76 2
76 88
76 94
77 2
78 46
78 49
78 56
79 8
79 13
79 15
79 35
79 38
79 40
79 54
79 61
80 39
80 42
81 18
81 19
81 27
81 28
81 34
81 35
81 44
81 47
81 57
81 63
81 85
82 11
82 12
82 13
83 9
83 11
83 13
83 23
83 29
83 124
83 125
83 126
84 8
85 3
85 5
85 7
85 29
85 49
85 52
85 61
85 63
85 65
86 9
86 16
86 23
86 26
86 28
86 30
86 39
86 44
86 48
86 75
86 77
86 80
86 91
86 94
86 99
86 106
86 107
86 108
86 110
86 122
86 147
86 150
86 151
86 152
86 153
86 180
86 184
86 185
86 187
86 189
86 200
86 203
86 204
86 208
86 209
86 210
87 8
87 11
87 16
87 18
87 25
87 39
87 44
87 50
87 56
87 59
89 56
89 57
89 69
89 70
89 76
89 82
89 84
89 85
89 92
89 98
89 102
89 104
90 2
90 135
90 141
90 179
92 8
92 21
92 23
92 44
92 58
92 98
93 12
93 14
93 17
93 18
93 27
93 28
93 29
93 32
93 39
93 43
93 44
94 15
96 59
96 66
96 67
96 74
97 4
98 1
98 5
98 7
99 4
99 6
99 10
99 11
99 13
99 20
99 21
99 29
99 33
99 35
99 37
99 39
99 45
99 50
99 52
99 53
99 71
99 79
99 82
99 83
99 87
99 89
99 99
99 100
100 8
100 11
100 17
102 4
102 6
102 17
102 21
102 26
102 31
102 33
103 5
103 6
103 12
103 14
103 22
103 24
103 32
103 36
103 41
104 107
104 112
104 117
104 120
104 123
104 129
104 132
104 136
104 145
104 146
104 153
104 164
104 166
104 169
104 175
104 177
104 183
104 184
105 1
105 10
106 2
106 5
106 11
106 17
106 20
106 24
106 28
106 29
106 35
106 51
106 53
106 54
106 60
106 61
106 64
106 67
106 73
106 84
107 3
107 7
107 18
107 19
107 20
107 22
107 32
107 39
107 42
108 17
108 19
108 31
108 32
108 53
108 61
108 64
108 84
108 102
108 103
108 109
109 11
109 12
109 25
109 27
109 31
109 32
109 102
109 103
109 112
109 116
109 119
109 121
109 122
109 123
109 126
110 8
110 15
110 16
112 7
113 6
113 7
113 11
113 16
113 17
114 2
114 6
114 20
114 24
114 25
114 31
114 163
114 165
114 175
114 179
115 7
115 10
115 11
115 23
115 24
115 47
116 3
116 5
117 8
119 18
119 20
119 28
119 30
