1 5
3 19
3 20
4 5
4 16
4 26
4 31
4 35
4 37
4 38
5 9
5 21
5 24
6 1
6 7
6 11
6 13
6 14
6 21
6 22
6 24
7 69
11 13
11 26
11 32
11 33
11 40
11 50
13 4
13 8
13 10
13 17
13 23
13 24
13 25
13 28
13 30
13 35
13 37
13 56
14 3
14 5
14 17
14 22
14 29
14 32
14 36
14 43
14 48
14 49
14 54
14 57
14 59
14 65
14 73
14 83
14 84
14 89
14 99
14 100
14 103
14 105
15 12
16 1
16 6
16 7
16 22
16 56
16 58
16 65
16 74
16 77
16 82
16 90
16 91
17 2
17 3
17 12
17 18
17 19
17 29
17 32
17 34
17 39
17 42
17 43
18 2
18 4
18 6
18 11
18 29
18 51
18 53
18 56
18 58
18 62
19 21
19 23
19 25
21 4
21 8
21 11
21 14
21 15
21 17
21 19
21 21
21 58
21 66
21 69
21 71
22 2
22 3
22 9
22 27
22 31
22 36
22 41
22 42
22 44
22 53
22 54
22 57
22 68
22 69
22 76
22 77
22 95
23 11
23 21
23 36
23 37
23 39
23 41
23 45
23 49
23 53
23 74
23 79
23 80
24 7
24 22
24 27
24 38
24 39
24 44
24 58
24 63
24 85
24 87
24 90
24 102
24 108
24 113
24 126
24 130
24 133
24 136
24 142
24 146
24 147
25 49
25 64
25 68
25 75
25 209
25 211
25 214
25 217
25 218
25 221
25 241
25 251
25 264
25 276
25 279
25 280
25 293
25 297
25 301
25 304
25 306
25 308
27 23
27 25
27 28
27 43
27 44
27 48
27 50
31 38
31 39
31 43
31 45
31 47
31 55
31 64
31 74
32 1
32 13
32 16
32 21
32 27
32 29
32 31
32 38
32 40
33 2
33 8
33 14
33 20
34 9
34 12
34 145
34 156
35 2
35 10
35 12
35 19
35 25
35 29
35 32
35 43
35 48
35 53
35 61
36 55
37 2
37 4
37 7
38 4
38 7
38 11
38 17
38 20
38 63
38 64
38 66
38 71
38 74
38 78
38 92
38 103
38 107
38 115
38 134
38 135
38 140
38 142
38 144
38 147
38 148
38 158
38 161
38 163
38 166
38 179
38 182
38 183
38 186
40 4
40 13
40 17
40 26
40 59
40 60
40 65
40 69
40 70
40 72
40 76
40 77
40 92
40 94
40 113
40 114
40 116
40 125
41 1
41 6
41 15
41 23
41 25
41 32
42 10
42 15
42 17
42 18
42 19
42 23
42 33
43 1
43 2
43 6
43 10
43 13
43 14
43 20
43 28
43 30
43 45
44 53
44 56
44 57
44 61
44 74
44 78
46 87
46 88
46 95
46 118
46 120
46 121
46 128
46 135
46 158
46 159
46 163
46 164
46 170
46 171
46 174
46 187
46 195
46 202
47 29
47 30
47 34
47 35
47 37
47 42
47 45
47 47
47 180
47 181
47 182
47 188
47 202
48 2
48 4
48 15
48 26
48 27
48 40
48 41
48 56
48 59
48 70
48 77
49 16
49 22
49 23
49 27
49 31
49 34
49 44
49 64
49 67
49 73
49 75
49 82
49 90
49 98
49 106
49 108
49 109
49 120
49 129
49 152
49 158
49 172
51 105
51 106
51 115
52 4
52 5
52 10
52 11
52 17
52 49
52 52
52 53
52 61
52 63
52 70
52 74
52 76
52 82
52 86
52 90
52 92
52 97
53 12
53 14
53 21
53 33
53 49
53 54
53 57
53 58
53 61
53 69
53 79
53 82
53 103
53 107
54 9
54 15
54 26
54 27
54 47
54 49
54 52
54 53
54 56
54 57
54 59
54 71
54 73
54 94
54 105
54 107
54 124
54 127
54 128
54 153
54 155
54 163
54 164
54 168
54 171
54 174
54 175
54 188
54 193
55 3
55 61
55 74
55 79
55 80
55 86
55 88
55 92
55 99
55 108
55 111
55 121
55 129
55 135
55 141
55 148
55 155
55 161
55 162
55 169
55 170
55 171
56 3
56 14
56 15
56 27
56 35
56 44
56 47
57 15
57 22
58 1
58 7
58 16
58 23
58 25
58 26
58 29
60 102
60 107
60 109
60 111
60 118
60 121
60 125
60 127
60 135
60 141
60 142
60 150
60 159
60 198
60 211
60 213
60 223
60 227
60 229
60 232
60 236
60 237
60 247
60 248
61 109
61 112
61 120
61 122
61 124
61 145
61 149
61 154
61 155
61 157
61 226
61 234
61 237
61 245
61 258
61 271
61 272
61 274
61 280
61 282
61 290
61 299
61 305
61 317
61 326
61 328
62 4
62 20
62 22
62 23
62 24
62 28
62 32
62 35
62 45
62 57
62 62
62 63
62 74
62 79
62 80
62 83
62 87
62 98
62 107
62 109
62 114
62 115
62 130
62 132
62 139
64 4
64 11
64 13
64 25
64 35
64 171
64 175
65 6
65 7
65 14
65 15
65 18
65 20
65 23
65 43
65 45
65 56
66 22
66 27
66 30
66 36
66 45
66 46
66 50
66 60
66 72
66 81
66 82
66 92
66 108
66 113
66 120
66 186
66 189
66 193
66 198
66 210
66 215
66 217
66 219
66 221
67 9
67 17
67 18
67 25
68 7
68 10
68 12
68 27
68 29
68 31
68 34
68 37
71 16
71 20
71 21
71 22
71 25
71 26
72 9
72 18
72 23
72 29
72 38
72 41
72 46
72 53
72 54
72 61
72 66
72 67
72 75
74 5
74 7
74 16
74 21
74 31
74 37
75 7
75 8
75 21
75 25
76 1
76 7
76 10
76 11
77 8
78 2
79 18
79 20
80 121
80 127
80 258
80 261
81 10
81 14
81 15
81 25
81 27
81 39
81 72
81 76
81 80
81 84
81 86
81 89
81 94
81 95
81 103
81 106
82 2
82 8
82 17
82 22
82 23
82 24
82 55
82 66
82 67
82 76
82 81
82 101
82 106
82 110
82 113
82 123
82 124
82 125
82 134
82 139
82 151
82 158
82 164
82 167
82 168
82 181
82 182
82 190
82 193
82 195
82 199
82 218
82 226
82 230
82 238
82 242
82 245
82 252
82 256
82 268
82 269
82 279
82 290
82 315
82 327
82 330
82 337
82 340
82 343
82 345
82 359
82 361
82 368
82 370
82 375
83 1
83 13
83 33
83 36
83 37
83 52
83 67
83 70
83 83
83 89
83 103
83 104
83 105
83 119
85 4
85 13
86 7
86 9
86 14
86 16
86 19
86 21
86 25
86 29
86 31
86 32
87 8
87 13
87 17
87 21
87 25
87 28
87 30
87 37
87 44
87 49
87 50
87 65
87 66
87 68
87 69
87 71
87 78
87 83
90 16
90 18
90 19
90 23
90 24
90 25
90 26
90 36
90 41
90 47
90 61
91 5
91 17
91 20
91 33
91 39
91 42
91 46
91 49
92 12
92 15
92 29
92 34
92 43
92 90
92 98
92 107
92 109
92 115
92 126
92 131
92 134
92 242
92 250
92 256
92 262
92 264
92 268
92 276
92 277
92 278
92 279
92 283
92 284
92 303
92 304
92 311
92 319
92 322
92 372
92 374
92 381
92 384
92 391
92 393
92 401
92 403
93 2
93 13
94 5
94 7
95 8
96 4
96 12
96 30
96 33
96 40
96 50
96 58
96 84
96 85
96 100
96 118
96 120
97 2
97 4
97 12
97 142
97 143
97 155
97 164
97 177
97 178
97 182
97 183
97 187
97 202
97 204
97 207
97 209
97 210
97 212
97 226
97 227
97 228
97 237
97 241
97 243
99 1
99 9
99 10
99 16
99 17
99 19
99 20
99 32
99 34
99 40
99 43
99 44
99 46
99 52
99 70
99 81
99 82
99 91
99 92
99 94
100 3
100 4
100 5
100 8
100 12
100 13
100 16
100 43
101 4
101 5
102 14
104 58
104 59
104 62
104 82
104 88
104 90
104 229
104 241
104 242
104 243
104 244
104 249
104 259
104 263
104 283
104 286
104 322
104 334
104 386
104 389
104 398
104 401
104 402
104 403
104 421
106 111
106 114
106 115
106 116
106 120
106 122
106 125
106 138
106 140
106 149
106 150
106 170
106 172
106 173
106 178
