1 1
1 3
1 4
1 10
2 1
2 28
2 29
2 35
2 36
3 61
3 69
3 70
3 74
3 77
3 94
4 62
4 68
7 9
7 13
7 15
7 16
7 29
7 33
7 35
7 38
7 49
7 50
7 68
7 79
7 85
7 94
7 95
7 150
7 158
8 6
8 16
8 21
8 24
8 32
8 44
9 15
9 21
9 23
9 40
9 57
9 64
9 67
10 6
10 8
10 9
10 13
10 14
10 22
10 23
10 32
10 36
10 58
12 95
12 104
12 107
12 110
12 111
12 119
12 120
12 128
12 134
12 136
12 140
12 143
12 145
12 148
12 166
12 178
12 182
12 183
12 185
12 188
12 189
12 192
12 202
12 211
12 214
12 217
12 230
12 233
12 243
12 250
12 251
12 256
13 8
13 18
13 26
13 45
13 46
13 57
13 65
13 71
13 74
13 76
13 77
13 90
13 91
14 1
14 9
15 22
16 2
16 3
16 16
16 80
16 91
16 95
16 96
16 102
16 107
16 111
16 130
16 159
16 163
18 34
18 36
18 44
18 47
18 48
18 54
20 17
20 22
20 26
20 33
20 42
20 45
20 49
20 60
20 64
20 67
21 19
21 22
21 28
21 31
21 34
21 39
21 51
21 54
21 55
22 2
22 4
22 5
22 13
22 14
22 15
22 17
22 21
22 25
22 30
22 32
22 42
22 43
23 8
23 12
23 13
23 26
23 29
23 35
23 38
23 44
23 50
23 51
23 54
23 186
23 200
23 203
23 211
23 218
23 219
23 225
23 226
23 227
23 244
23 257
23 265
23 275
23 277
23 286
23 287
23 293
23 295
23 299
23 309
23 311
24 29
25 31
25 50
25 53
25 55
25 57
25 91
25 93
25 98
26 1
26 3
26 4
26 13
26 14
26 25
26 37
26 47
26 49
26 54
26 58
26 59
26 62
26 65
26 66
26 79
26 81
26 82
27 1
27 6
27 7
27 19
27 29
27 34
27 47
27 54
27 60
27 66
27 68
27 69
27 89
27 97
27 118
27 121
32 30
32 32
32 43
32 51
32 53
32 55
32 68
32 71
32 76
32 77
32 84
32 85
33 1
33 12
34 1
34 6
34 9
37 56
37 61
37 64
37 71
40 19
40 43
40 44
40 51
40 53
40 54
41 2
41 10
42 5
42 13
42 14
43 71
43 77
43 81
43 87
43 88
43 90
43 92
43 105
43 108
44 4
45 19
45 22
45 23
45 27
45 40
45 41
45 42
45 45
45 53
45 68
45 70
45 71
45 79
45 87
45 122
45 133
45 135
45 138
45 146
46 14
46 17
46 22
47 1
47 2
47 5
47 8
47 10
47 17
47 23
47 25
47 28
47 33
47 40
47 42
47 45
47 51
47 62
47 75
47 83
47 86
47 181
47 184
47 185
47 188
47 191
47 197
47 201
47 206
47 211
47 218
47 225
47 236
47 380
47 382
47 390
47 391
48 3
48 8
48 16
49 4
49 6
49 11
49 13
49 15
49 21
49 27
49 28
49 29
49 36
49 40
49 43
49 46
49 52
49 55
49 62
50 1
53 55
53 61
53 64
53 74
54 82
54 86
54 89
54 95
54 99
54 101
54 112
54 120
54 122
54 252
54 255
54 280
54 281
54 283
54 284
54 290
54 300
54 302
55 6
55 8
55 12
55 20
55 21
55 24
55 25
55 29
55 30
55 31
55 32
55 39
55 44
55 56
56 5
58 52
58 54
58 56
58 58
58 66
58 77
59 45
59 54
59 58
59 59
59 61
59 64
59 74
59 75
59 88
59 92
59 104
59 106
59 115
59 120
59 126
59 127
59 139
59 155
59 169
59 174
59 175
59 179
59 189
59 190
59 191
59 192
59 194
59 206
59 218
59 220
59 223
59 226
59 232
59 233
60 8
60 10
60 19
60 20
60 39
60 41
60 66
60 69
62 27
62 29
62 33
62 37
62 38
62 83
62 93
62 95
62 105
62 106
62 112
62 116
62 118
62 121
62 127
62 129
62 146
62 154
62 206
62 223
62 227
62 230
62 235
62 245
62 251
62 275
62 285
62 301
62 303
62 307
62 309
62 313
62 445
62 459
62 473
62 479
62 489
62 503
63 19
63 32
63 38
64 4
64 6
64 8
64 14
64 16
64 18
64 26
64 27
64 29
66 10
66 17
67 2
67 3
67 30
67 33
68 6
68 9
68 12
68 14
68 15
68 25
68 28
68 34
68 36
68 38
68 47
69 1
69 133
69 135
69 136
69 148
69 149
70 23
71 7
71 8
71 15
71 25
72 2
72 10
72 15
72 17
72 18
72 33
72 52
72 54
72 59
72 60
72 65
72 78
72 83
72 87
72 89
72 95
72 105
72 115
72 117
72 120
73 8
73 14
73 15
73 25
73 28
73 29
73 31
73 43
73 47
73 54
73 57
73 65
73 68
73 69
73 74
73 75
73 91
73 96
73 97
73 104
73 129
73 135
73 141
73 158
74 14
75 4
75 9
75 20
76 4
76 8
76 9
76 11
76 18
76 50
76 56
76 62
76 65
76 66
76 77
76 81
79 24
79 26
79 29
79 70
80 11
80 16
80 33
80 42
80 46
80 53
80 55
80 64
80 73
80 98
80 106
80 108
80 109
80 113
80 117
80 125
80 135
80 136
80 139
80 142
80 143
80 146
80 154
80 161
80 162
81 3
81 5
81 13
81 21
82 16
82 19
82 23
82 24
82 32
82 38
82 42
85 1
85 2
85 14
85 19
85 27
85 29
85 33
86 37
87 35
87 40
87 56
87 63
87 67
87 68
87 76
87 82
87 89
87 99
87 101
87 115
87 119
87 124
87 132
87 134
87 140
87 159
87 162
87 163
87 177
87 182
87 186
87 197
87 200
87 204
87 212
87 224
87 227
87 235
87 236
87 238
87 267
87 276
87 282
87 285
87 286
88 8
88 12
88 13
88 31
88 45
88 53
88 65
88 75
88 82
88 94
88 96
89 6
89 8
89 10
89 15
89 16
89 18
89 19
90 6
90 10
90 11
90 12
90 27
90 30
90 35
90 38
90 59
90 64
91 2
91 3
91 4
91 12
91 17
91 20
92 2
92 11
92 27
92 31
92 33
92 34
92 36
92 37
92 39
92 40
92 42
92 51
92 52
92 66
92 86
92 89
92 92
92 93
92 100
92 136
92 138
92 145
92 162
92 167
92 170
92 173
92 175
92 177
92 179
92 181
92 182
92 199
92 218
92 229
92 236
93 5
94 2
94 5
94 14
94 21
94 24
94 27
94 33
94 47
94 58
94 61
97 42
97 48
97 50
97 71
97 80
97 85
97 88
97 102
97 105
97 107
97 113
97 114
97 129
97 130
97 136
97 137
97 150
97 151
97 157
97 166
98 24
98 25
98 30
99 1
99 2
99 12
99 148
99 158
99 182
99 273
102 10
102 14
102 25
102 26
102 29
102 38
104 18
104 153
105 6
106 1
106 26
106 34
106 38
106 49
106 69
106 70
106 81
107 108
107 112
107 124
107 128
107 132
107 143
107 146
107 147
107 150
107 174
107 178
107 310
107 318
107 319
107 322
107 328
107 329
107 341
107 345
107 353
107 363
107 368
107 371
107 389
107 390
107 391
107 392
107 393
107 404
107 405
107 407
107 420
107 423
107 424
107 426
107 435
108 1
108 6
108 16
108 19
108 21
108 22
108 25
108 31
108 43
108 50
108 57
108 60
108 76
108 81
108 93
108 95
108 98
108 99
108 100
108 106
108 108
108 110
110 51
