1 5
1 9
1 10
1 15
1 18
1 31
1 32
1 38
2 13
2 14
4 4
4 14
4 146
4 147
4 156
4 159
4 163
4 164
4 170
4 179
4 182
4 183
4 187
4 188
4 198
4 209
4 211
4 214
4 230
4 266
4 270
4 280
4 290
4 296
4 300
4 313
4 322
4 330
4 331
4 343
5 4
5 8
5 9
5 12
5 24
6 7
6 12
6 16
6 20
6 24
6 27
6 33
6 40
6 58
6 64
6 69
6 72
6 77
6 80
6 85
6 88
6 89
6 90
6 105
6 114
6 117
6 120
6 122
6 124
6 128
6 134
6 135
7 78
7 82
7 91
7 95
7 99
7 117
7 119
7 124
7 127
7 134
7 136
7 146
7 150
7 151
7 154
8 7
8 12
8 19
9 2
9 7
9 9
9 10
9 13
9 14
9 21
9 30
9 32
9 40
9 42
9 48
9 50
9 51
9 58
9 63
9 64
9 65
9 83
9 85
9 88
9 95
9 98
9 117
9 122
9 125
9 139
9 141
9 143
9 146
9 151
9 343
9 349
9 369
9 376
9 377
9 379
9 380
9 385
9 402
9 403
9 407
9 408
10 3
10 16
10 17
10 21
10 25
10 39
11 5
11 9
11 18
11 26
11 29
11 31
11 39
12 5
12 9
12 23
12 25
12 28
12 29
12 46
12 48
12 70
12 72
12 75
13 4
13 9
13 10
13 32
13 56
13 57
13 79
13 82
13 84
14 1
14 7
14 13
14 17
14 36
14 40
14 46
14 52
14 59
14 63
14 66
14 70
14 79
14 80
14 82
14 84
15 2
15 5
15 10
15 15
16 1
16 6
17 2
17 3
17 10
17 14
17 18
17 27
17 37
17 44
17 59
17 63
17 70
17 95
17 105
17 106
17 112
17 119
17 126
17 134
17 140
17 145
17 151
17 158
17 186
17 187
17 196
17 198
17 199
17 202
17 208
17 215
17 217
17 219
17 223
17 227
17 233
17 236
17 237
17 250
17 256
17 257
17 260
17 268
17 273
17 298
17 330
17 341
17 343
17 351
17 356
18 71
18 72
18 73
18 80
18 82
18 85
18 86
18 92
18 108
19 1
20 1
20 6
23 56
23 60
23 68
23 69
23 79
23 85
23 88
23 95
23 101
23 108
23 109
23 112
23 116
23 122
23 123
23 131
23 133
23 138
24 3
24 10
24 12
24 19
24 32
24 39
24 41
24 43
24 47
24 56
24 67
24 70
24 96
24 102
24 103
24 105
27 11
27 16
27 20
27 36
27 39
27 40
27 45
27 46
27 56
27 57
27 76
27 89
27 92
27 104
27 120
27 126
27 127
28 5
28 14
28 17
28 26
28 41
28 49
28 56
28 58
28 60
28 63
28 70
29 2
30 1
30 10
30 11
30 17
30 19
30 57
30 66
30 206
30 212
30 213
30 214
30 215
30 224
30 226
30 240
30 257
30 258
31 17
31 23
31 27
31 30
31 43
31 48
31 50
31 53
31 59
31 61
31 64
31 80
31 86
31 87
31 88
31 89
31 125
31 131
31 134
31 135
31 136
31 140
31 143
31 144
31 148
31 149
31 151
31 152
31 153
31 166
31 173
31 182
31 183
31 186
31 190
31 198
31 203
31 285
31 305
31 308
31 331
31 333
31 334
31 338
31 340
31 341
38 4
38 9
38 13
38 19
38 25
38 33
38 37
38 40
38 41
39 5
39 8
39 17
39 20
39 24
39 26
39 27
39 32
39 36
39 42
39 63
39 69
39 70
39 72
39 74
39 79
39 85
39 88
39 96
39 98
39 111
42 7
42 15
42 21
43 4
43 5
43 16
45 7
45 14
47 108
47 114
48 5
48 14
48 37
48 39
48 40
48 58
48 138
48 154
48 157
49 2
49 5
49 6
49 10
49 20
49 28
49 29
49 32
49 36
49 46
49 48
49 51
49 52
49 58
50 8
50 12
50 70
50 72
50 82
50 85
51 7
51 13
52 1
52 7
52 11
52 14
53 6
53 7
53 10
53 13
53 15
53 17
54 114
55 3
55 14
55 21
55 26
55 27
55 39
56 2
56 3
56 27
56 29
56 35
56 36
56 37
56 38
56 39
56 45
56 46
56 51
56 64
56 67
56 79
56 83
56 84
56 85
56 89
56 92
56 94
56 95
56 96
56 99
56 102
56 105
56 136
56 144
57 7
57 15
57 20
59 2
59 18
59 32
59 33
59 35
60 2
60 3
60 8
60 13
60 16
60 17
60 21
61 2
61 11
61 15
61 22
61 25
61 29
61 36
61 40
61 42
61 43
61 48
61 65
61 70
61 75
61 88
61 98
61 110
61 113
61 115
61 117
61 129
61 131
61 142
62 1
62 7
62 8
62 17
62 35
62 47
62 49
63 125
63 126
63 128
63 129
63 224
63 230
63 236
63 241
63 250
63 279
63 280
63 287
63 294
63 297
63 298
63 322
63 328
63 329
63 335
64 1
68 49
68 51
68 54
68 58
68 76
69 19
69 22
69 23
69 25
69 89
70 2
71 1
71 6
71 8
71 28
71 32
71 38
71 39
71 45
71 122
71 124
71 133
71 134
71 138
71 148
71 151
71 156
71 162
71 164
71 167
72 1
72 16
72 18
72 19
72 21
72 23
72 24
72 31
72 32
72 35
72 42
72 47
73 17
73 19
73 21
73 29
73 32
73 34
73 53
73 67
73 71
73 91
73 92
73 96
73 103
73 124
73 125
73 132
73 135
73 141
73 144
73 148
73 150
73 151
73 154
73 163
73 165
73 167
73 176
73 180
73 184
73 191
74 21
74 26
74 52
74 56
74 118
74 149
74 151
74 160
74 161
74 163
74 172
74 173
74 183
74 188
74 192
74 197
74 201
74 202
74 204
74 214
74 220
74 223
74 226
74 231
74 240
74 243
74 244
74 258
74 262
74 268
74 272
74 283
74 289
74 295
74 305
74 311
74 326
74 335
74 337
74 361
74 371
74 376
74 384
74 395
75 2
76 3
76 8
76 9
76 14
76 17
76 21
76 41
76 47
76 84
76 87
76 97
76 109
76 110
76 249
76 251
76 257
76 263
76 264
76 274
76 275
76 279
76 292
76 293
76 314
79 56
79 59
79 61
79 62
80 2
80 12
80 15
80 21
80 29
80 41
80 47
81 94
81 103
81 105
81 115
81 127
81 128
81 130
81 136
82 2
82 4
82 6
82 11
82 13
82 15
82 17
82 19
83 9
83 11
83 14
83 36
83 47
84 12
85 2
85 3
85 7
85 20
85 32
85 41
85 47
85 49
85 51
85 52
85 57
85 67
85 71
87 1
87 2
87 9
87 12
87 17
87 22
87 27
87 29
88 5
91 8
91 14
91 28
91 37
91 39
91 44
91 47
91 49
91 50
91 60
91 63
91 64
91 68
91 82
91 90
91 91
91 94
91 131
91 133
91 135
91 136
91 138
91 139
91 141
91 154
91 156
92 9
92 17
92 21
92 26
92 48
92 54
92 55
92 61
92 72
92 75
92 79
92 81
92 87
92 89
92 91
92 100
92 103
92 112
92 113
92 121
93 18
93 19
93 22
93 26
93 31
93 33
93 41
93 48
93 50
93 80
93 84
93 89
93 93
93 110
93 122
93 125
93 134
94 2
94 4
94 17
94 23
94 28
94 32
94 64
95 2
95 33
95 90
95 92
96 25
96 31
96 47
96 58
96 94
96 96
96 109
96 114
96 116
96 129
96 130
96 141
96 143
96 146
96 148
96 153
96 156
96 168
96 177
96 191
96 195
96 198
96 201
96 203
96 206
96 218
96 219
96 223
96 233
96 236
96 237
96 244
96 245
96 248
97 5
97 9
97 14
98 1
98 13
98 19
99 2
99 10
99 13
99 19
99 20
99 23
99 25
99 27
99 32
99 43
99 58
100 4
100 9
100 10
100 23
100 25
100 27
100 44
101 25
101 28
101 47
101 55
101 84
102 60
102 61
102 63
102 80
102 91
104 6
104 13
104 20
104 27
104 29
104 40
104 42
106 4
106 15
106 20
106 21
106 26
106 29
106 31
106 40
106 43
106 45
106 55
106 57
106 60
106 61
106 62
106 63
106 71
106 75
106 78
107 5
107 6
108 3
108 5
108 13
108 15
108 27
108 28
110 19
110 27
110 28
110 41
110 50
110 57
111 6
111 7
111 19
111 24
111 168
111 170
111 247
111 249
111 261
112 86
112 89
112 92
112 99
113 5
113 12
113 34
113 37
113 42
113 48
113 50
113 52
113 57
113 58
113 59
