1 108
3 1
3 14
3 18
3 24
4 3
4 13
5 4
6 1
6 13
6 147
6 164
6 166
6 174
6 180
6 187
6 189
6 193
6 205
6 208
6 209
6 226
6 236
6 240
7 8
7 22
10 2
10 6
10 11
11 3
11 17
11 22
11 32
11 34
11 38
13 6
13 9
13 12
13 17
13 26
13 34
13 36
13 95
13 98
13 113
13 147
13 151
13 152
13 164
13 179
13 180
13 181
13 184
13 187
14 7
14 22
14 23
14 25
14 30
14 36
14 38
14 45
14 47
15 2
15 3
16 23
16 36
16 38
16 40
16 44
16 51
16 55
16 57
16 59
16 60
16 62
16 68
16 73
16 77
16 85
16 91
16 98
16 100
16 107
17 4
17 134
17 135
17 138
17 139
17 146
17 147
17 150
17 153
17 154
17 165
18 2
18 8
18 13
18 27
18 36
18 38
18 39
18 47
18 48
18 51
21 4
21 5
21 24
21 36
21 40
21 45
21 46
21 47
21 51
21 53
21 63
21 70
21 79
21 83
21 84
23 8
24 9
24 18
24 29
24 37
24 38
24 39
24 57
24 58
24 62
24 64
24 66
24 75
24 80
24 84
24 93
24 102
24 109
24 122
24 125
24 132
24 143
24 145
24 148
24 150
24 156
24 176
24 182
25 8
25 10
25 19
25 116
25 122
25 126
25 127
25 137
25 140
25 142
25 149
25 153
25 157
25 165
25 168
25 177
25 178
25 179
25 191
25 192
27 19
27 21
27 28
27 41
27 42
27 55
27 62
27 63
27 64
27 68
27 69
27 74
27 78
27 87
27 88
27 101
27 110
27 118
27 121
27 122
28 9
28 11
28 29
28 38
28 45
28 62
28 63
28 66
28 70
28 88
28 108
28 113
28 116
28 118
28 121
28 123
28 124
28 130
28 133
29 5
29 6
29 37
29 43
29 49
29 50
29 59
29 60
29 64
29 70
29 71
29 81
29 83
29 84
29 150
29 161
29 164
29 166
29 169
29 172
29 175
29 177
29 183
29 185
29 186
29 195
29 196
30 4
30 20
32 3
32 5
32 11
32 25
32 27
32 41
32 49
32 57
32 60
32 74
32 83
32 89
35 34
35 35
35 36
35 38
35 45
35 47
35 58
35 60
35 63
35 76
35 81
35 85
35 87
35 114
35 117
35 121
35 126
35 150
35 152
35 159
35 160
35 162
35 174
35 178
35 180
35 184
35 185
35 189
35 195
35 199
35 202
35 203
35 204
35 220
35 223
35 234
35 244
35 277
36 1
36 7
36 8
36 17
36 28
36 32
36 42
36 49
36 53
36 55
36 61
36 62
36 63
36 67
36 83
37 6
37 11
37 12
37 92
37 103
37 106
38 2
38 4
38 14
38 15
39 4
39 10
39 12
39 20
39 23
39 25
39 26
39 39
39 40
39 48
39 50
39 55
39 59
39 62
39 66
40 2
40 5
40 8
40 26
40 32
40 38
40 42
40 46
40 48
40 50
40 54
40 56
40 66
40 77
40 81
40 87
40 89
40 114
40 117
40 121
40 133
40 137
40 138
40 139
40 143
40 145
41 63
41 68
41 72
41 74
41 76
41 84
42 4
42 13
43 82
43 94
43 96
43 102
43 104
43 106
43 107
43 112
43 116
43 117
43 123
43 134
43 135
43 140
43 143
44 9
44 17
44 20
44 25
44 27
45 14
45 15
45 17
45 31
45 42
46 4
46 10
46 11
46 76
46 86
46 88
46 100
46 104
46 110
46 114
46 127
46 134
46 266
47 4
48 2
49 1
49 2
49 8
49 9
50 21
50 25
52 4
52 14
52 31
52 35
52 42
54 3
54 7
54 10
54 14
54 16
54 19
54 23
54 27
54 28
54 33
54 34
54 45
54 57
54 63
54 78
54 98
54 105
54 115
54 132
54 134
54 151
54 161
54 162
56 74
56 79
56 82
56 88
56 90
56 91
56 104
56 108
56 111
56 116
56 118
56 127
56 128
56 131
56 134
56 166
56 170
56 173
56 174
56 176
56 180
56 182
56 190
56 192
56 199
56 201
56 248
56 259
56 265
56 277
56 279
56 286
56 291
56 294
56 296
56 300
59 50
59 53
59 56
59 74
59 78
59 79
59 89
59 98
59 101
59 104
59 111
59 112
59 114
59 118
59 122
59 123
59 127
60 1
60 3
60 4
60 5
60 7
60 17
60 20
60 24
60 39
61 2
62 86
62 92
62 96
63 1
63 27
63 30
64 3
64 5
64 30
64 31
64 35
65 100
65 103
65 112
65 113
65 114
65 115
65 118
65 120
65 126
66 19
66 21
66 22
66 26
66 36
66 42
66 56
66 72
66 77
66 80
66 81
66 89
66 90
66 92
66 100
66 115
68 60
68 61
69 46
69 54
69 56
69 59
69 68
69 69
69 70
69 77
69 78
69 83
69 84
69 86
69 87
69 92
69 94
69 109
70 3
70 7
70 9
70 11
70 20
70 23
70 45
70 46
71 6
71 7
72 21
72 22
72 29
72 30
72 88
72 89
72 94
72 96
72 105
72 107
73 1
73 4
73 8
74 1
74 16
74 18
74 31
74 33
74 34
74 36
74 39
74 42
74 49
75 4
75 13
75 14
75 15
75 18
75 20
75 21
75 24
77 3
77 4
77 8
78 2
78 17
78 21
78 24
78 28
78 37
78 40
78 47
78 52
78 54
78 68
78 70
78 84
78 87
78 89
78 94
78 100
78 104
78 119
79 16
79 18
79 19
79 40
79 46
79 50
79 53
79 55
79 61
80 1
80 2
80 4
80 6
80 14
80 27
81 2
82 1
82 5
82 14
82 15
82 17
82 22
82 25
82 26
82 28
82 29
82 31
83 4
83 11
83 12
83 14
83 18
83 22
83 23
83 85
83 95
83 101
83 115
83 122
83 125
83 130
83 132
83 142
83 144
83 148
83 153
83 157
84 24
84 27
84 31
84 32
84 42
84 45
84 50
84 55
84 61
84 63
84 78
84 86
84 90
84 94
84 113
84 117
84 125
84 129
84 163
86 46
86 47
86 51
86 57
86 58
86 60
86 61
86 67
86 70
86 90
86 99
86 106
86 110
86 112
86 114
86 120
86 238
86 246
86 260
86 272
86 286
86 288
86 293
86 294
86 296
86 297
86 300
86 301
87 107
87 108
87 110
87 127
87 135
87 141
87 155
87 159
90 38
90 52
90 54
90 57
90 74
90 77
91 45
91 55
91 58
91 62
91 64
91 71
92 11
92 12
92 14
92 19
94 5
94 13
94 14
94 24
94 26
94 30
94 33
94 37
94 45
94 46
94 52
94 63
94 64
94 66
94 68
94 79
94 80
94 83
94 87
94 89
95 1
95 4
95 9
95 13
95 17
95 22
95 23
96 2
96 3
96 8
96 13
96 15
96 19
96 24
96 25
96 29
96 42
96 45
96 49
96 67
96 69
96 75
96 79
96 81
96 87
96 90
97 6
97 13
97 19
97 21
97 22
97 145
97 150
97 154
97 155
97 165
97 166
98 35
98 45
98 47
98 52
98 53
98 65
98 71
99 3
99 11
99 12
99 15
99 16
99 23
99 32
99 44
99 52
99 71
100 8
100 29
100 36
100 38
100 39
100 40
100 43
100 45
100 49
100 59
100 72
100 73
100 79
100 89
100 91
100 98
100 100
101 2
101 3
101 8
103 4
103 18
103 23
103 37
103 38
103 40
103 44
103 45
103 57
103 61
103 246
103 247
103 266
103 267
103 271
104 7
104 12
104 44
104 60
104 75
104 93
105 4
105 27
105 30
105 31
105 32
105 34
105 40
105 41
105 42
105 48
105 49
105 50
105 56
105 60
105 72
105 73
105 135
105 137
109 11
109 26
109 31
109 37
109 39
109 59
109 67
109 77
109 80
109 97
109 129
109 132
110 66
110 69
110 119
110 126
110 134
110 142
110 146
111 6
111 17
111 22
111 24
111 36
111 47
111 48
111 51
112 22
