1 1
1 15
1 24
1 29
1 32
1 35
1 38
1 41
1 49
1 51
1 54
1 55
2 2
2 8
2 9
2 16
2 17
2 20
2 24
2 38
2 47
2 49
2 55
2 59
2 69
2 82
3 1
3 7
3 10
4 7
4 9
4 10
4 11
5 8
5 22
5 27
5 32
5 33
5 38
6 1
7 3
7 9
7 14
7 21
7 27
7 33
8 58
8 61
8 63
8 73
8 91
8 96
8 98
8 100
8 105
8 114
8 118
8 128
8 131
9 3
9 4
9 17
9 25
9 36
9 46
9 47
10 3
10 7
10 15
10 25
13 28
13 30
14 1
15 4
15 9
15 11
15 13
15 125
15 130
16 3
16 68
16 71
16 76
16 79
16 82
16 97
16 168
16 170
17 1
17 11
17 13
17 26
17 69
18 6
18 7
18 8
18 19
18 27
18 29
18 30
18 31
18 33
18 35
18 45
18 63
18 73
18 74
18 87
18 91
18 100
18 102
18 103
18 115
18 120
18 125
18 126
19 2
19 5
19 7
19 14
19 16
19 28
19 29
19 50
22 9
22 15
22 32
22 35
22 37
22 40
22 44
22 52
22 55
22 58
22 72
23 3
23 7
23 13
24 111
24 124
24 133
24 142
24 147
25 1
27 34
27 45
28 6
28 12
28 13
28 15
28 18
28 31
28 38
28 43
28 62
28 69
28 70
28 72
28 73
28 78
28 126
28 131
28 142
28 143
28 232
28 237
28 247
28 260
28 266
28 268
28 276
28 277
28 284
28 291
28 294
28 310
29 1
29 4
29 7
29 10
29 14
29 15
30 68
30 140
30 142
30 151
30 154
30 155
30 158
31 22
31 25
31 28
31 33
31 36
32 5
32 7
32 13
32 21
33 4
33 6
33 12
33 14
33 31
33 36
33 37
33 38
33 50
33 51
33 54
34 7
34 12
34 13
34 15
34 25
34 31
34 36
34 37
34 46
34 57
34 58
35 3
36 6
36 22
36 27
36 30
36 33
36 34
36 37
36 40
36 45
37 2
37 3
37 5
37 17
37 21
37 25
37 27
37 38
37 42
37 49
37 52
38 3
38 83
38 88
38 90
38 95
38 112
38 122
38 125
38 127
38 132
40 20
40 23
42 102
42 107
42 114
44 63
44 65
44 136
44 141
44 158
44 170
44 173
44 176
44 190
44 212
44 221
44 226
44 230
44 231
44 241
44 245
44 250
44 251
45 8
45 10
45 13
45 17
45 19
45 35
45 37
45 50
46 8
46 15
46 21
46 26
46 33
47 3
47 5
47 8
47 9
47 12
47 18
48 10
48 21
48 22
48 23
48 33
48 36
48 41
48 46
48 47
48 49
48 56
49 1
49 5
49 7
49 15
49 25
49 36
49 49
49 50
49 52
49 59
49 63
49 65
49 133
49 142
49 143
49 159
49 160
49 167
49 169
49 192
49 204
49 207
49 209
49 223
49 224
49 239
49 244
49 253
49 254
49 280
49 282
49 286
49 289
49 290
49 292
49 297
49 302
50 5
50 9
50 11
50 14
50 15
50 17
51 3
51 15
51 25
51 30
52 102
52 105
52 107
52 114
52 123
52 124
52 144
52 155
52 185
52 186
52 200
52 203
52 204
52 207
52 212
52 214
54 36
54 39
54 40
54 41
54 47
54 48
54 50
54 55
54 58
54 67
54 76
54 79
54 100
54 103
54 110
54 114
54 116
55 102
55 116
55 117
55 142
55 147
55 153
55 173
55 179
55 181
55 185
56 2
56 17
56 20
56 154
56 158
56 162
56 176
56 178
56 197
56 202
56 212
56 213
56 222
56 228
56 233
56 236
56 246
56 253
56 254
56 260
56 266
56 273
56 274
58 4
58 7
58 8
58 10
58 11
58 12
59 9
60 5
60 8
60 16
60 25
60 36
60 48
60 49
60 54
60 60
60 66
60 69
60 74
60 75
60 78
60 79
60 81
60 83
60 91
60 92
60 93
60 94
60 97
60 102
60 115
60 119
60 125
60 127
60 140
60 148
60 158
60 162
60 163
60 178
60 182
60 192
60 196
60 200
60 207
60 208
60 211
60 213
60 215
60 217
60 223
60 225
60 226
60 232
60 240
60 241
60 244
60 263
60 266
60 268
60 284
60 287
60 291
60 292
60 298
60 301
60 306
60 314
61 4
61 7
61 17
61 20
61 32
61 33
61 37
61 39
61 40
61 45
61 50
61 51
61 59
61 66
61 68
61 69
61 75
61 92
61 95
61 97
61 98
61 104
63 45
63 47
63 48
63 53
63 60
63 63
64 1
64 8
64 10
65 4
65 20
65 29
66 2
66 11
66 12
66 13
66 17
66 20
67 5
67 36
67 60
67 68
67 69
67 81
67 114
67 119
67 120
67 121
67 122
68 16
68 20
68 22
68 24
68 25
68 30
68 40
68 50
68 56
68 58
68 63
68 67
68 68
68 73
68 76
68 80
69 10
69 20
69 36
69 38
69 39
69 43
69 45
69 46
69 49
69 53
69 85
69 90
69 100
69 108
69 114
69 115
69 129
69 137
69 139
69 142
69 143
69 146
69 147
69 151
69 153
69 165
69 169
69 172
69 192
69 195
72 1
72 13
72 31
72 33
72 42
72 52
72 53
72 56
72 63
72 64
72 69
72 71
72 73
72 131
72 145
72 146
72 152
72 153
72 154
73 1
73 2
73 15
73 36
73 37
74 59
74 66
74 85
74 86
74 89
74 94
74 106
74 119
74 122
74 130
74 136
74 140
74 145
74 151
77 18
78 5
78 11
78 24
78 27
78 30
78 32
78 34
78 36
79 13
79 15
79 16
79 35
80 1
80 5
80 9
80 12
80 14
80 17
80 22
80 27
80 31
80 36
80 40
80 42
80 57
80 63
80 67
80 71
80 73
80 90
80 92
80 95
80 104
80 105
80 107
80 111
80 112
80 121
80 122
80 123
80 139
80 140
80 143
80 189
86 39
86 42
86 64
86 70
86 83
86 126
86 129
86 134
86 149
87 1
87 12
87 17
87 18
87 39
87 41
87 42
87 46
87 65
87 69
87 87
87 113
87 119
87 120
88 7
88 8
88 67
88 78
88 88
88 93
88 100
88 108
88 110
88 111
88 125
88 126
88 130
88 131
88 133
88 153
90 8
90 14
90 19
90 20
90 26
91 1
91 12
91 14
91 24
91 28
91 46
91 55
91 59
91 61
91 77
91 100
91 107
91 112
91 113
91 114
91 117
91 121
91 129
91 130
91 133
92 9
92 12
92 15
92 29
92 42
93 2
93 6
93 18
93 25
93 28
93 29
93 32
93 38
93 41
93 45
93 49
93 55
93 56
93 64
93 71
93 73
93 74
93 75
93 81
93 89
94 8
94 9
94 10
95 2
95 5
95 33
95 36
95 49
95 54
95 58
95 70
95 76
95 80
95 82
95 86
95 100
95 101
96 2
96 10
96 16
96 19
96 30
96 39
96 46
96 47
96 57
96 58
96 61
96 78
96 81
96 99
96 110
96 115
96 120
96 135
97 46
97 48
97 58
97 59
97 70
99 7
99 12
99 14
99 15
99 25
99 38
99 39
99 42
99 45
99 175
99 180
99 181
99 189
99 201
99 204
99 206
99 209
99 210
99 215
99 219
99 220
99 223
99 227
99 230
99 231
99 233
99 234
99 237
99 241
99 242
99 278
99 289
99 291
99 303
99 307
99 327
99 328
99 329
99 332
99 335
99 338
99 343
99 347
99 348
99 352
99 357
99 358
99 371
99 376
99 379
99 385
99 390
99 421
100 5
100 8
100 15
100 19
100 20
101 2
101 14
101 27
101 36
101 50
101 52
101 55
101 56
101 67
101 82
101 84
101 115
102 6
102 9
102 10
102 12
102 14
102 17
102 26
102 36
102 37
102 38
102 45
102 51
102 56
102 59
102 67
102 90
102 231
102 254
102 258
104 9
104 12
104 15
104 24
104 30
104 34
104 42
104 50
104 51
104 68
104 73
105 5
105 8
105 22
105 39
105 57
105 58
107 9
107 139
107 141
107 143
107 145
110 24
110 28
110 30
110 34
110 38
110 43
110 44
114 2
114 6
114 23
115 3
115 15
115 18
115 19
115 31
115 34
115 35
115 65
115 72
115 76
115 84
115 87
115 91
115 99
115 100
115 108
115 110
115 111
115 122
116 1
116 6
