1 8
1 9
1 34
2 56
2 57
2 63
2 64
2 71
2 75
2 80
3 11
3 22
4 1
4 7
4 10
4 12
4 13
4 20
4 32
4 41
4 44
4 47
4 48
4 68
4 74
4 75
4 79
4 86
4 89
4 93
4 96
4 101
4 108
4 114
4 131
5 11
5 12
5 20
5 28
5 31
5 81
5 95
6 2
6 3
6 18
6 20
6 30
6 31
6 32
6 34
6 55
6 59
6 188
6 196
6 197
6 200
6 202
6 233
6 236
6 238
6 239
7 9
7 18
7 25
7 28
7 31
7 32
8 117
8 124
8 127
8 132
8 146
8 147
8 150
8 166
8 168
8 171
8 185
8 195
8 198
8 200
8 201
8 204
8 208
8 259
9 4
9 35
9 36
9 37
9 39
9 50
9 71
9 78
9 79
9 87
9 96
10 5
10 9
10 11
10 19
10 23
10 26
10 42
10 43
10 58
10 61
10 64
11 5
11 12
11 13
11 37
11 45
11 176
11 181
11 200
11 203
11 204
11 205
11 206
11 216
11 221
11 228
11 231
11 235
11 237
11 239
11 245
11 248
12 1
12 16
12 18
12 32
12 34
12 42
12 43
13 7
13 16
13 19
13 28
14 3
14 6
14 7
14 8
14 9
14 12
14 16
14 18
14 31
14 32
14 42
14 45
14 52
14 53
14 55
14 57
14 58
14 62
14 67
14 68
14 79
14 83
14 86
14 87
14 93
14 99
14 101
14 103
14 112
14 115
16 79
16 80
16 81
16 82
16 83
16 84
16 87
16 89
16 98
16 99
16 118
16 126
16 131
16 132
16 134
16 153
16 156
17 137
17 146
17 150
17 151
17 164
17 169
17 173
17 174
17 177
17 178
17 183
17 240
17 241
17 242
19 21
19 26
19 72
19 77
19 80
19 81
22 28
25 54
25 59
25 64
25 76
25 90
25 95
25 99
25 100
25 111
25 112
25 129
25 131
25 138
26 2
26 14
26 17
26 19
26 28
26 36
26 39
27 49
27 57
27 59
27 77
27 80
27 84
27 86
27 91
27 103
27 105
27 111
27 112
27 120
27 127
27 128
28 100
28 102
28 106
28 109
28 111
28 114
28 119
28 125
29 9
29 23
29 35
29 40
29 46
29 47
29 50
29 55
29 56
29 58
29 61
30 8
30 13
30 16
30 35
30 36
31 3
31 6
31 12
31 18
31 24
31 60
32 3
32 4
32 10
32 11
32 21
32 22
32 27
32 37
32 38
32 40
32 53
32 63
32 66
32 68
32 76
32 80
32 91
32 103
33 2
33 23
33 27
33 41
33 49
33 53
33 58
33 61
34 5
34 9
34 10
34 15
34 16
34 23
34 26
34 28
35 7
35 9
35 15
35 19
35 23
35 31
35 34
35 39
35 40
35 44
35 45
35 47
35 52
35 54
35 65
35 129
35 138
35 154
35 158
35 160
35 183
35 192
36 4
37 3
37 5
37 8
38 10
38 27
38 32
38 41
38 43
38 47
38 50
38 63
38 65
38 71
38 77
38 79
38 80
38 85
38 100
38 102
38 104
38 167
38 170
38 172
38 179
39 73
39 77
39 81
39 84
40 69
40 74
40 75
41 96
41 101
41 105
41 108
41 125
41 126
42 1
42 11
43 4
43 15
43 26
43 28
44 18
44 20
44 22
44 23
44 24
44 59
44 62
44 68
44 70
44 100
44 102
44 108
44 109
44 117
46 52
46 54
46 56
46 57
46 62
46 63
46 76
46 81
46 90
46 142
46 143
46 146
47 3
47 10
47 13
47 14
47 16
47 26
47 28
47 32
47 42
47 86
47 94
47 95
47 97
47 124
47 128
50 34
50 39
50 42
50 46
50 56
50 60
50 62
50 65
50 71
51 1
52 10
52 13
52 18
52 31
52 35
53 3
53 4
53 8
53 16
53 17
53 19
54 44
54 46
54 59
54 62
55 12
55 32
56 1
56 2
56 5
56 14
56 19
56 30
56 32
56 34
56 41
56 55
56 60
56 64
56 65
57 2
57 5
57 14
57 19
57 76
57 79
57 80
57 82
57 95
57 107
57 115
57 120
57 121
57 122
57 126
57 129
57 132
57 142
57 145
57 147
57 155
57 157
57 164
57 166
57 185
57 194
57 198
57 202
57 204
57 205
57 207
57 214
58 44
59 14
59 32
59 39
59 42
59 45
59 49
59 51
59 52
59 56
60 2
60 30
60 31
60 33
60 53
60 55
60 56
60 65
60 66
63 31
64 4
64 5
64 10
64 13
64 16
64 48
64 49
64 54
64 55
65 1
65 8
65 9
65 15
65 21
65 25
65 28
65 33
65 37
65 40
65 62
65 75
65 81
65 84
65 87
65 89
65 92
65 94
65 97
65 102
65 109
65 111
66 5
66 14
66 64
66 79
66 80
66 82
66 84
66 94
66 98
66 102
66 114
66 120
66 121
66 142
66 148
66 150
66 159
66 169
66 171
66 176
66 178
66 181
66 199
66 203
66 217
66 219
66 224
66 230
66 231
66 246
66 260
66 262
66 270
68 34
69 1
69 13
69 15
71 5
71 29
71 36
71 39
71 43
71 121
71 132
71 139
71 149
71 152
71 155
71 157
71 171
71 176
71 178
71 185
71 197
72 3
73 4
73 7
73 14
73 19
73 20
73 25
73 49
73 54
73 55
73 68
73 111
73 132
73 134
73 138
73 142
73 147
73 161
73 169
73 171
73 173
73 180
73 187
73 190
73 192
73 196
73 201
73 208
73 221
74 5
74 12
76 45
76 51
76 58
76 63
76 66
76 68
76 84
76 93
76 94
76 99
76 101
76 104
77 2
77 8
77 12
77 21
77 25
77 52
77 56
77 57
77 62
77 63
77 69
77 72
77 77
77 80
77 84
78 2
78 79
78 80
78 82
80 9
80 12
80 13
80 14
80 17
80 20
80 24
80 32
80 115
80 118
80 124
80 136
80 148
80 152
80 161
80 188
82 47
82 58
82 59
83 25
83 148
83 150
84 1
84 9
84 17
84 27
84 32
84 41
84 46
84 50
84 62
84 71
84 76
84 78
84 79
84 82
84 91
84 94
84 96
84 97
84 103
84 112
84 121
84 251
84 258
84 261
84 391
84 399
84 406
84 407
84 410
84 437
84 442
84 444
84 478
84 486
86 99
86 100
86 112
86 117
86 119
86 127
86 129
86 130
86 133
86 139
86 144
87 8
87 22
87 25
87 41
87 45
87 52
87 58
87 62
87 69
87 71
87 72
87 78
87 86
87 95
87 96
87 97
87 98
87 100
87 105
87 110
87 111
87 136
87 151
87 164
87 166
87 173
87 179
87 181
87 183
87 184
87 185
87 187
88 1
88 6
88 12
88 14
88 20
88 21
88 24
88 39
88 40
88 41
88 45
88 47
88 51
88 59
90 65
93 9
94 1
94 13
94 16
94 22
94 23
94 29
94 32
94 33
94 34
95 2
95 8
95 29
95 36
95 37
95 40
95 41
95 50
95 64
95 67
95 70
95 72
95 78
95 80
96 8
97 12
99 12
99 18
99 28
99 33
99 164
99 169
99 183
99 187
99 193
99 218
99 219
99 221
99 241
99 249
99 253
99 257
99 258
99 259
100 1
101 1
101 3
102 1
102 16
102 17
102 26
102 30
102 32
102 46
102 51
102 57
102 80
102 85
102 100
102 104
102 105
102 111
102 127
102 128
102 131
102 140
102 143
102 146
102 150
102 156
102 164
102 171
102 174
102 179
102 183
102 186
103 33
103 35
103 42
103 49
104 8
104 10
104 16
104 25
104 31
104 44
104 45
104 46
104 59
104 78
104 82
104 136
104 143
104 153
104 154
104 158
104 181
