1 7
1 10
1 12
1 15
1 18
1 25
1 28
1 36
1 54
1 58
1 63
2 4
2 9
2 16
2 17
2 19
2 24
2 34
2 44
2 45
2 69
2 75
3 105
3 114
3 121
3 129
4 1
4 4
4 9
4 14
4 20
4 28
5 1
5 20
5 23
5 39
5 147
5 149
5 153
5 158
5 178
5 181
5 187
5 195
5 197
5 198
5 199
5 207
5 211
5 223
5 229
5 231
5 237
5 238
5 242
6 2
6 10
6 17
6 20
6 41
7 7
7 12
7 27
7 32
7 57
8 5
8 12
8 14
9 1
9 26
9 30
9 31
10 4
10 5
11 3
11 5
11 12
11 19
11 24
11 25
11 29
11 39
11 40
11 59
11 60
11 70
11 71
11 73
11 74
11 75
12 1
12 2
12 6
12 7
12 8
12 10
12 19
12 22
12 26
12 29
12 30
12 34
12 95
12 96
12 99
12 105
12 106
12 111
12 120
12 125
12 126
12 131
12 132
12 139
12 155
12 178
12 188
12 191
15 45
15 46
15 54
15 57
15 62
15 64
18 37
18 44
18 45
18 47
18 57
18 65
19 2
19 3
19 10
19 13
19 25
19 26
19 30
19 34
19 39
19 44
20 21
20 22
20 27
20 29
21 6
21 10
21 14
21 21
21 26
21 29
21 36
21 38
21 40
21 44
21 48
22 4
22 7
22 33
22 35
22 37
22 45
22 47
22 67
22 71
22 82
22 101
22 115
22 122
22 125
22 127
22 129
22 149
22 150
22 156
22 158
22 159
22 163
22 169
23 7
23 9
23 11
23 28
23 35
23 36
24 1
24 2
24 4
24 13
24 17
25 12
27 75
27 76
27 82
27 85
27 86
27 92
27 104
27 108
27 113
27 114
29 1
29 4
29 7
29 23
29 24
29 27
29 31
29 36
29 40
29 42
29 52
29 61
29 72
30 1
30 8
30 10
30 20
30 27
30 47
30 51
30 55
30 58
31 5
31 7
32 34
32 40
32 42
33 6
33 9
33 14
33 17
33 19
33 21
33 37
34 56
34 58
34 63
34 65
34 76
35 1
35 16
35 18
35 20
35 21
35 25
38 8
38 9
38 12
38 17
38 36
38 42
39 9
39 16
39 31
40 8
41 1
41 2
41 4
41 20
41 28
41 34
41 42
41 43
42 40
42 41
42 46
42 52
42 53
42 55
42 63
42 64
42 68
42 73
42 76
42 80
43 18
43 24
45 3
45 30
45 38
45 39
45 44
45 51
45 52
45 54
45 56
45 62
45 64
45 69
45 79
45 82
45 90
45 175
48 46
49 61
50 7
50 8
50 10
50 19
50 22
50 36
50 41
50 50
50 51
50 54
50 63
51 15
51 21
51 27
51 32
51 36
51 37
51 44
51 46
51 47
51 49
51 55
51 56
51 59
52 17
52 18
52 21
52 22
52 30
52 33
52 39
52 44
52 50
52 56
52 57
52 58
52 64
52 67
52 77
52 80
52 93
52 144
52 146
52 148
52 153
52 162
52 163
52 169
52 174
52 175
52 177
53 61
53 63
53 64
53 100
53 101
53 104
53 106
53 125
53 129
53 143
53 151
53 211
53 215
53 217
53 220
53 221
53 223
53 234
53 245
53 248
54 4
54 7
54 104
56 36
56 42
56 51
56 59
56 62
56 65
56 68
58 44
58 46
58 56
58 63
58 65
58 66
58 73
58 78
58 89
58 90
58 91
58 111
58 113
58 136
58 137
58 141
59 5
59 7
59 8
59 24
59 28
59 29
59 34
59 36
59 43
60 1
60 3
60 4
60 22
60 24
60 53
60 55
60 57
60 59
60 63
60 70
60 81
60 88
60 90
60 92
60 93
60 94
60 97
60 102
60 122
60 125
60 126
60 131
60 132
60 137
60 151
60 154
60 155
60 158
60 160
60 162
60 171
60 176
60 177
60 192
60 193
60 199
60 202
60 206
60 212
60 243
61 75
61 77
61 78
61 91
61 106
61 109
61 120
61 130
61 134
61 136
61 138
61 147
61 155
61 158
61 159
61 169
61 181
61 186
61 188
61 190
61 191
61 192
61 205
61 210
61 218
61 249
61 258
61 267
61 271
61 273
61 280
61 285
61 289
61 294
61 298
61 299
61 303
61 311
61 313
61 321
61 323
61 324
61 328
61 338
61 343
61 354
61 361
61 369
61 373
61 374
61 375
61 376
61 390
61 391
61 397
61 404
61 411
61 419
61 420
61 425
61 432
61 448
61 453
63 120
63 128
63 132
63 174
63 176
63 182
64 2
64 7
64 17
64 20
64 27
64 54
64 58
64 73
65 4
66 5
66 9
66 13
66 41
66 44
66 49
66 58
66 62
66 74
66 80
66 88
67 3
67 6
67 14
67 25
67 26
67 30
67 54
67 56
67 58
67 62
68 1
68 10
68 14
68 24
68 30
68 34
68 35
68 36
68 38
68 51
68 52
68 96
68 104
68 106
68 113
68 135
69 1
69 8
69 18
69 29
69 34
69 49
69 53
69 62
69 66
69 69
69 76
69 81
69 86
69 95
69 100
69 107
69 110
69 112
69 118
69 119
69 121
69 125
69 129
69 139
69 143
69 146
69 152
70 4
70 34
70 39
70 74
70 75
70 81
70 82
70 84
70 86
70 88
71 2
71 5
71 8
71 9
72 101
72 102
73 6
73 43
74 23
75 62
75 74
75 77
75 85
75 92
75 97
75 102
75 105
75 110
75 118
75 122
75 133
75 136
75 141
75 142
75 150
75 151
75 152
75 155
75 160
75 163
75 168
75 181
75 183
75 188
75 194
75 198
75 218
75 219
75 221
75 226
75 230
75 240
75 242
75 244
75 245
75 246
75 250
75 255
75 269
75 273
75 276
75 279
75 283
75 291
75 297
75 376
75 381
75 382
75 384
75 386
75 387
75 388
75 408
75 412
75 425
75 426
75 427
75 443
75 446
75 470
75 477
75 487
75 491
75 497
75 504
75 505
75 508
75 513
75 514
75 516
75 519
75 541
75 543
75 548
75 549
75 550
75 556
75 561
75 566
75 568
75 574
75 578
75 584
75 586
75 593
76 9
76 11
79 93
79 95
79 99
79 108
79 111
80 1
81 38
81 40
81 44
81 54
81 56
81 57
81 58
81 66
81 68
81 85
81 87
81 88
81 91
81 97
81 100
82 65
82 71
82 81
82 92
82 93
82 96
82 97
82 105
82 117
84 18
85 4
85 6
85 15
85 18
85 23
85 43
85 50
85 53
85 60
85 61
85 64
85 69
85 80
85 84
85 87
85 91
85 100
85 115
85 121
85 122
85 128
85 129
85 132
86 3
86 6
86 10
86 13
86 20
86 38
86 39
86 50
86 53
86 54
86 59
86 63
86 74
86 81
86 84
86 95
86 97
86 110
87 2
87 13
87 17
87 18
87 30
87 38
87 47
87 48
87 55
87 69
87 72
87 76
87 79
87 80
87 87
87 91
87 92
87 97
87 106
87 111
87 123
87 125
87 128
87 132
87 136
87 142
87 146
87 151
87 153
87 157
88 55
88 60
88 61
88 63
88 64
88 71
88 75
88 81
88 90
88 100
88 111
88 112
88 114
88 121
88 122
88 132
88 137
89 26
90 7
90 71
90 73
90 74
90 77
90 79
90 92
90 97
90 102
90 107
90 137
90 140
90 145
90 146
90 154
90 171
90 188
90 189
90 192
90 194
90 217
90 220
90 222
90 225
90 246
90 247
90 256
90 257
90 267
90 271
90 283
90 289
90 293
90 295
90 298
90 303
90 309
90 310
91 2
91 7
92 4
92 13
92 16
92 19
92 27
92 37
92 41
92 47
92 49
92 51
92 52
92 76
92 77
92 81
92 87
92 94
93 15
94 3
94 8
94 12
94 14
94 17
94 38
94 39
94 42
94 44
94 45
94 52
94 73
94 77
94 80
94 82
94 83
94 84
94 113
94 115
94 117
94 128
95 3
95 8
95 9
95 10
95 13
95 29
95 31
95 32
95 33
95 48
95 53
95 73
95 78
95 81
95 90
95 96
95 98
95 102
95 104
95 111
95 113
95 115
95 117
97 77
97 79
97 84
97 187
97 199
97 203
97 204
97 207
98 5
99 2
99 6
99 10
99 11
99 16
99 18
99 29
100 12
101 3
102 98
102 103
102 134
102 136
102 139
102 141
103 22
103 26
103 31
103 41
104 95
104 99
104 101
104 104
104 122
104 140
104 151
104 168
104 169
104 170
104 179
104 185
