2 9
2 11
2 14
2 19
2 21
2 33
2 36
2 38
2 40
2 42
2 43
2 46
2 49
2 51
2 54
2 59
2 61
2 64
2 66
2 83
2 86
2 89
2 98
2 102
4 24
4 25
4 27
4 33
4 35
7 28
7 32
7 34
7 37
9 7
9 29
9 45
9 46
10 26
10 27
10 32
10 48
10 49
10 54
10 56
10 57
10 58
10 66
10 71
10 77
10 81
10 84
10 88
10 89
10 95
10 97
10 98
10 99
10 107
11 10
11 13
11 21
11 23
11 66
11 73
11 74
11 79
11 92
12 2
12 15
12 22
12 30
12 32
12 38
12 44
12 46
12 50
12 56
12 58
12 70
12 86
12 88
12 91
12 97
12 98
12 100
12 111
12 119
13 1
13 8
13 13
13 19
13 24
13 28
13 32
14 21
15 81
15 82
15 89
15 99
15 102
15 108
15 115
15 117
15 118
15 131
15 135
15 139
15 150
15 151
15 154
15 161
15 163
15 167
15 186
15 195
15 197
15 198
15 201
15 203
15 206
15 208
15 216
15 222
15 225
15 226
15 231
15 234
15 235
15 244
15 250
15 251
15 252
15 255
15 256
15 389
15 410
15 413
15 415
17 91
17 96
17 112
17 124
17 126
17 129
17 133
17 139
18 45
18 47
18 65
18 75
18 76
18 78
18 81
18 90
19 1
19 3
19 15
19 17
19 24
19 31
19 35
19 39
19 42
19 48
19 57
19 58
19 63
19 65
19 78
19 82
19 91
19 95
19 104
19 108
19 109
19 119
19 124
19 195
19 197
19 200
19 204
19 219
19 220
19 224
19 227
19 228
19 237
19 240
20 1
20 4
20 5
20 8
20 106
20 108
20 109
20 120
20 130
20 135
20 136
20 137
21 4
21 19
21 34
21 41
21 42
21 48
21 56
21 71
22 3
22 8
22 22
22 25
22 28
22 31
22 33
22 38
22 42
22 54
22 66
22 82
22 99
22 102
22 103
22 109
22 118
22 119
22 120
22 128
22 197
22 203
22 218
22 220
22 235
22 243
22 256
23 2
23 8
23 10
23 13
23 21
23 33
23 35
23 36
23 55
24 14
24 15
24 24
24 34
26 54
26 67
26 69
26 77
26 83
26 86
26 88
26 91
26 119
26 120
26 128
28 6
28 8
28 13
28 27
28 30
28 32
29 5
29 6
29 14
29 17
29 21
29 25
29 26
29 50
29 63
29 67
29 68
29 69
29 75
29 77
29 80
29 81
29 140
29 146
29 147
29 150
29 155
29 161
29 174
29 178
29 205
29 211
29 213
29 217
29 220
29 222
29 224
29 236
29 252
29 278
29 282
29 294
30 82
30 87
30 88
30 93
30 100
30 105
31 8
31 15
31 16
31 18
31 24
31 27
31 29
31 32
31 45
31 47
32 3
32 5
32 7
32 15
32 24
33 3
33 5
33 6
33 14
33 16
33 20
33 22
33 23
33 27
33 41
34 1
34 3
34 4
34 10
34 13
34 15
34 22
34 23
35 1
35 3
35 6
35 26
35 30
35 35
35 37
35 41
35 50
35 52
35 65
35 67
35 69
35 74
35 75
36 1
36 2
36 11
36 13
36 14
36 16
36 20
36 24
36 38
36 51
36 64
36 66
36 71
36 72
36 76
36 78
36 99
37 6
37 9
37 15
37 16
37 18
37 20
37 22
37 26
37 29
37 34
38 1
38 2
38 7
38 9
39 63
39 64
39 68
39 72
39 74
39 76
39 78
39 82
39 85
39 88
40 5
40 12
40 14
40 22
40 24
40 25
40 28
40 36
40 41
40 44
40 57
40 60
40 61
40 62
40 69
40 73
40 74
40 84
40 85
40 92
40 95
40 100
40 106
40 115
40 125
40 139
40 141
40 157
40 160
41 1
41 8
41 22
41 23
41 29
41 57
41 74
41 77
41 108
41 109
41 120
41 121
41 123
41 129
41 133
41 134
41 138
41 148
41 150
41 169
44 132
44 135
44 139
44 147
44 160
44 161
44 162
44 163
44 165
44 166
44 176
44 178
44 183
44 186
44 193
45 4
45 5
45 20
45 31
45 32
45 40
45 43
45 46
45 50
45 54
45 60
45 65
45 66
45 74
46 50
47 7
47 10
47 11
47 15
47 16
47 30
47 31
47 49
47 54
47 56
47 61
47 65
47 68
47 69
47 185
47 189
47 192
47 200
47 202
47 217
47 218
47 219
47 223
47 224
47 228
47 233
47 237
47 238
47 248
48 2
49 30
49 33
49 38
49 43
49 48
49 58
49 62
49 75
49 77
49 78
49 87
49 91
50 11
50 16
50 19
50 20
50 29
50 31
50 37
50 38
50 43
50 51
50 57
50 100
50 101
50 105
50 107
50 108
50 110
50 123
51 13
51 24
51 25
51 36
51 38
51 43
51 50
51 52
51 60
51 66
51 68
51 72
51 74
52 3
52 8
52 35
52 43
52 47
52 62
52 74
52 75
52 76
52 78
52 81
52 95
52 123
52 124
52 129
53 1
53 8
53 44
53 48
53 51
53 60
53 69
54 14
54 18
54 23
56 57
56 73
56 74
56 82
56 168
57 45
57 59
57 60
57 66
57 69
57 76
57 79
57 85
57 91
57 100
57 111
57 113
57 126
57 136
57 140
57 144
58 1
58 6
58 10
58 22
58 24
58 27
58 43
59 1
59 5
59 11
59 12
59 15
59 25
59 33
59 36
59 40
59 51
59 59
59 61
59 62
59 64
62 3
62 9
62 13
62 14
62 16
62 18
62 21
62 27
62 32
62 36
62 39
62 43
62 50
62 54
62 62
62 64
62 69
62 80
62 173
62 176
66 5
68 23
69 10
69 13
69 14
69 23
69 29
69 33
69 38
69 52
69 53
69 54
70 10
70 14
70 16
70 20
70 24
70 31
70 43
70 45
70 50
70 53
70 54
70 58
70 59
70 61
70 67
70 69
70 83
70 86
70 88
70 95
70 97
70 100
70 103
70 107
70 158
70 162
70 163
70 168
70 174
71 1
71 16
71 17
71 25
71 57
71 58
71 61
71 67
71 79
71 85
71 91
71 95
71 104
72 2
72 7
72 12
72 13
72 15
72 20
72 22
72 24
73 16
73 30
73 31
73 32
73 41
74 7
74 33
74 34
74 45
74 50
74 51
74 53
74 55
74 60
74 73
74 76
74 93
74 103
74 110
74 117
74 121
74 139
74 153
74 155
74 162
74 167
74 168
74 171
74 195
74 202
74 205
74 207
74 211
74 214
74 216
74 217
74 220
74 228
74 229
74 236
74 243
74 245
74 246
74 262
74 402
74 404
74 405
74 410
74 419
74 428
74 438
74 443
74 448
74 457
74 463
74 466
74 470
74 479
74 517
74 528
74 540
74 545
74 550
74 563
74 566
74 575
75 3
75 4
75 6
75 7
75 13
75 14
75 16
76 1
76 4
76 9
76 17
76 19
76 21
76 31
76 39
76 45
76 48
76 51
76 56
76 65
76 99
76 102
76 104
76 114
76 117
76 125
77 2
78 2
78 3
78 11
78 13
78 14
78 18
78 26
78 40
78 41
78 53
78 55
78 62
78 93
78 101
78 105
78 109
78 115
78 119
78 120
78 134
78 135
78 138
78 148
78 157
78 166
78 201
78 202
78 214
78 227
78 233
78 235
78 237
79 23
79 26
79 39
79 45
79 54
79 60
79 67
79 71
79 74
79 77
79 84
79 86
79 94
79 95
79 98
79 103
79 105
79 107
79 108
79 109
79 216
79 232
79 235
79 236
79 241
79 243
79 244
79 246
79 254
79 257
79 265
79 267
79 269
79 270
79 271
79 272
79 275
79 278
79 283
80 32
80 40
80 75
80 96
81 5
81 11
81 13
81 15
81 16
81 22
81 29
81 32
81 34
81 49
81 61
81 66
81 67
83 46
83 55
83 60
83 64
83 88
83 95
83 102
83 109
83 115
83 121
83 123
83 124
83 125
83 132
83 139
87 5
89 22
89 27
89 29
89 32
89 48
89 51
89 54
89 62
89 74
89 81
89 83
89 89
89 90
89 92
89 95
89 104
89 108
89 112
89 113
89 114
89 117
89 127
89 130
90 1
90 4
90 5
90 6
90 14
90 18
90 21
90 24
90 27
90 41
90 53
90 56
90 66
90 76
90 79
90 80
90 85
90 88
90 101
90 104
91 10
91 13
91 19
91 20
92 4
92 7
93 2
93 3
93 4
93 7
93 16
93 31
93 34
93 42
93 52
93 58
93 65
93 68
93 73
93 101
93 114
93 115
93 121
93 131
94 85
94 86
94 218
94 219
95 4
95 6
95 7
95 24
95 36
