1 4
1 22
1 24
1 37
1 38
2 3
2 15
3 5
3 8
3 10
3 15
3 30
3 32
3 34
3 42
3 80
4 3
4 7
4 8
4 14
4 20
4 28
4 30
4 34
4 41
4 44
4 58
4 60
4 61
4 63
4 64
4 66
4 69
5 1
5 2
5 12
5 16
5 17
5 18
5 21
5 25
5 26
5 29
5 37
5 39
5 44
5 51
5 119
5 123
5 131
5 134
5 141
5 143
5 145
5 146
5 150
5 161
5 163
5 168
5 175
5 181
6 2
6 8
6 20
6 26
6 30
6 38
6 41
6 43
6 44
6 51
6 56
6 58
6 106
6 127
6 130
6 157
6 161
6 162
6 164
6 191
6 192
6 204
6 210
6 214
6 234
6 239
6 240
6 245
6 339
6 340
6 344
6 349
6 361
6 366
6 369
6 376
6 377
6 378
7 22
7 46
7 50
7 53
7 56
7 57
7 58
7 66
8 3
8 13
8 14
8 24
8 25
8 27
8 52
8 55
8 58
8 62
8 67
8 75
8 87
8 96
8 98
8 100
8 103
8 108
8 115
8 120
8 124
8 130
8 134
8 217
9 1
9 8
9 9
9 23
9 31
12 16
15 59
15 72
15 73
15 74
15 76
15 82
15 83
15 93
15 97
15 100
15 110
15 121
15 123
15 127
15 130
15 143
19 7
19 8
19 9
19 11
19 23
19 25
19 27
19 46
19 54
19 62
19 73
19 79
19 83
19 84
19 87
19 91
19 96
19 100
19 101
19 106
19 108
20 5
20 15
20 23
20 41
20 42
20 47
20 51
20 62
20 65
20 67
20 73
20 92
20 106
20 112
20 117
20 119
20 122
24 47
25 85
25 100
25 102
25 105
25 106
26 18
26 20
26 27
27 1
27 2
27 6
27 9
27 14
27 18
27 20
27 25
27 29
27 45
27 46
27 51
27 56
27 58
28 3
28 4
28 8
28 10
28 11
28 24
28 29
28 30
28 36
28 41
28 45
28 52
28 55
28 56
28 66
28 68
28 72
28 76
28 164
28 165
28 249
29 21
29 124
29 132
29 133
30 47
30 50
30 53
30 72
30 73
30 76
30 77
30 78
30 89
30 97
30 98
30 106
33 10
33 14
33 17
33 25
33 28
34 3
34 9
34 27
34 39
34 41
34 58
34 70
34 71
34 79
34 82
34 223
34 234
34 236
34 242
34 247
34 249
34 250
34 266
34 271
34 274
34 284
35 32
35 41
35 42
35 45
35 56
35 69
36 5
36 9
36 13
36 18
36 32
36 34
36 45
36 46
36 48
36 53
36 54
36 58
36 60
36 62
36 82
36 85
36 93
36 97
36 98
36 101
36 103
36 108
36 124
36 130
36 133
36 141
36 147
36 149
36 212
36 231
36 245
36 251
36 262
36 264
36 269
37 1
37 17
37 40
37 41
37 51
37 55
37 57
37 58
37 63
38 2
38 4
38 18
38 20
38 27
38 29
38 34
38 38
39 10
39 25
39 26
39 32
39 36
39 43
39 44
39 46
39 56
39 57
39 65
39 66
39 188
40 38
40 46
40 48
40 53
40 63
40 71
40 74
40 78
40 91
40 92
40 104
40 105
40 119
40 128
40 131
41 1
41 3
41 12
41 13
41 14
41 15
41 16
41 20
41 21
41 44
41 45
41 48
42 44
42 51
42 57
42 70
42 74
42 75
42 76
42 80
42 81
42 85
42 93
42 105
42 107
43 5
43 14
43 15
43 20
43 27
43 36
43 38
43 40
43 41
43 48
43 53
43 54
43 64
44 2
44 17
44 23
44 68
45 1
45 13
45 16
45 17
45 19
45 24
45 27
45 36
45 40
45 46
45 49
46 2
46 4
46 7
46 13
46 25
46 26
46 30
47 2
47 4
47 17
47 27
47 29
49 65
49 72
49 75
49 77
49 83
49 84
49 85
49 99
49 102
49 106
49 111
49 115
49 116
49 117
50 28
50 45
51 18
51 21
51 24
51 27
51 36
51 40
51 48
51 49
51 51
51 52
51 59
51 70
51 71
51 72
51 173
51 177
51 197
51 207
51 209
51 215
51 219
51 222
51 223
52 100
52 122
52 127
52 128
52 139
52 140
52 158
52 164
52 166
52 167
52 169
52 172
52 175
52 176
53 58
53 61
53 71
53 78
53 80
53 86
53 88
53 93
54 78
54 79
54 84
54 85
55 2
55 3
55 11
55 21
55 26
55 27
55 32
55 33
56 85
56 86
56 89
56 90
56 99
57 8
57 13
57 16
57 22
57 31
57 40
57 45
57 53
58 4
58 10
58 11
59 1
60 8
61 9
61 19
61 23
61 26
61 35
61 40
61 46
61 48
61 59
61 65
61 70
62 1
62 13
62 30
63 2
63 3
63 9
63 18
63 23
63 26
63 28
63 35
64 31
64 35
64 37
64 40
64 47
64 53
64 69
64 76
64 77
64 82
64 102
64 105
64 111
64 114
64 118
64 121
64 123
64 125
64 127
64 130
64 134
64 139
64 141
65 3
65 12
65 14
65 25
65 26
65 69
65 77
65 84
65 90
65 98
65 99
65 103
65 118
65 124
65 126
65 130
65 132
65 141
65 148
65 149
65 153
65 168
65 170
65 185
65 190
65 193
65 231
65 232
65 237
65 239
65 242
65 243
65 247
65 250
65 265
65 273
65 275
65 279
65 280
65 315
65 324
66 9
66 15
67 1
67 2
67 7
67 10
68 2
68 6
68 10
68 29
69 8
69 16
69 17
69 19
69 21
69 22
69 33
69 34
69 48
69 55
69 61
69 63
69 70
69 72
69 74
69 78
69 84
69 85
69 88
69 98
69 99
69 106
69 114
69 119
69 120
69 121
69 123
69 202
69 210
69 230
70 3
70 5
70 9
71 4
71 9
71 14
71 29
71 34
71 35
72 5
72 12
72 17
73 15
73 22
74 9
74 10
74 13
74 17
74 26
74 39
74 40
75 3
75 10
75 12
75 25
75 26
75 27
75 30
75 31
75 36
75 54
75 56
75 62
75 66
75 67
75 69
75 80
76 12
76 15
76 16
76 24
76 27
76 38
76 39
77 1
77 18
77 19
77 21
78 1
78 7
78 9
78 20
78 27
78 32
78 38
78 41
78 57
78 75
78 76
78 120
78 124
78 125
78 129
78 140
78 143
78 149
78 151
79 26
79 27
79 29
79 33
79 36
79 49
79 53
79 57
79 59
79 75
79 76
79 100
79 103
79 105
79 106
79 124
79 141
79 152
79 153
79 155
80 79
80 99
80 100
80 107
80 109
80 114
82 130
82 132
82 136
82 140
82 143
82 146
82 149
82 150
82 152
82 154
82 155
82 162
82 164
82 166
84 52
84 53
84 59
84 66
84 72
84 78
84 82
84 83
84 87
84 90
84 96
84 97
84 105
84 234
84 237
84 242
84 244
84 268
84 271
84 273
84 276
84 277
84 282
84 289
84 290
84 293
84 294
86 28
86 41
86 44
86 54
87 3
87 9
88 3
88 6
88 7
88 24
88 25
88 33
88 47
88 67
88 68
88 77
88 81
88 91
88 94
88 100
88 116
88 120
89 3
89 4
89 6
89 7
89 8
89 20
89 28
89 142
89 143
89 152
89 154
89 164
89 242
89 245
89 247
89 250
89 256
89 257
89 260
89 264
89 268
89 270
89 282
89 303
89 306
89 324
89 326
89 337
89 341
89 349
89 365
89 373
89 381
89 382
89 392
90 1
90 4
90 135
90 146
90 150
90 151
90 155
91 2
92 4
92 18
92 20
93 3
93 9
93 14
93 17
93 28
93 29
93 35
93 43
93 48
93 53
93 59
93 62
94 17
94 28
94 43
96 54
96 60
97 2
97 6
97 8
97 16
97 19
97 24
97 30
97 36
97 44
97 51
97 55
97 59
97 61
97 69
97 70
97 75
97 78
97 80
97 130
97 131
97 139
97 140
97 145
97 151
97 159
97 175
97 182
97 184
98 1
98 6
98 11
98 18
98 19
98 20
98 21
98 22
98 28
98 33
98 38
98 54
98 68
98 71
98 205
98 206
98 218
98 272
98 276
98 278
99 20
99 28
99 36
