1 3
6 5
6 12
6 16
6 19
11 5
11 6
11 7
11 13
11 14
11 21
11 23
11 33
11 135
12 1
12 2
12 4
12 9
13 3
13 12
13 16
13 18
13 19
13 21
13 26
13 29
13 35
13 36
13 42
13 56
13 57
13 73
13 79
13 80
13 82
13 84
13 103
13 120
13 128
13 133
13 147
13 160
13 167
13 170
13 171
13 172
13 195
13 197
13 221
13 226
13 231
13 237
13 247
16 52
16 71
17 1
17 6
17 140
17 148
17 152
17 160
17 161
17 169
18 17
18 23
19 84
19 86
19 98
19 101
19 102
19 104
19 105
19 106
20 11
20 22
20 35
20 38
20 39
21 10
21 15
21 20
21 23
22 121
22 122
22 123
23 3
23 5
23 6
23 11
24 4
24 11
24 13
24 43
24 45
24 49
24 50
25 6
25 7
25 19
26 6
26 10
26 17
26 23
26 32
27 66
27 78
27 86
27 98
27 103
27 108
27 110
27 117
27 119
27 138
27 140
27 145
28 16
28 23
28 28
28 31
28 38
28 39
28 40
28 48
28 58
28 71
28 84
28 85
28 86
28 89
28 187
28 195
28 200
28 213
28 216
28 224
28 230
28 231
29 12
29 18
29 22
29 31
29 36
29 37
29 47
31 1
32 1
32 30
32 31
32 35
32 81
32 85
32 90
32 106
32 126
32 127
32 132
33 42
33 47
33 53
33 59
33 66
37 37
37 39
37 40
37 43
37 48
38 1
38 12
38 20
38 29
38 39
38 41
38 63
38 70
38 72
38 78
38 86
38 94
38 103
38 108
38 110
38 114
38 119
38 123
38 132
38 133
38 148
38 164
38 173
38 175
38 176
38 185
38 192
38 194
38 197
38 201
38 204
38 205
38 209
38 211
38 218
38 223
38 234
38 242
38 249
38 262
38 263
38 264
39 1
39 4
39 6
39 7
39 13
39 23
39 24
39 31
39 33
39 40
39 46
39 57
39 61
39 65
39 70
40 13
41 5
41 7
41 16
41 19
41 42
41 45
41 58
43 2
43 14
43 30
43 31
44 1
44 4
44 18
44 19
44 35
44 36
44 44
44 47
44 56
44 69
44 70
44 98
44 104
44 110
44 114
44 125
44 129
44 137
44 139
44 141
44 144
44 146
44 160
44 169
44 170
44 180
44 187
44 194
44 199
44 200
44 207
44 208
44 210
44 211
44 214
44 220
44 238
44 239
45 39
45 43
45 53
45 56
45 66
45 69
47 19
47 22
47 28
47 29
47 49
47 54
47 66
47 72
47 75
47 89
47 90
47 91
47 98
47 108
47 116
47 123
47 130
47 134
47 141
47 143
47 160
47 164
47 165
47 169
47 178
47 183
47 252
47 261
47 264
47 268
47 269
49 47
49 54
49 55
49 57
49 58
49 59
50 17
50 26
50 39
52 40
52 43
52 121
52 235
52 237
52 241
52 249
53 8
53 20
53 21
53 34
53 41
53 42
53 56
54 10
54 14
54 25
54 29
54 32
54 37
54 44
54 58
54 65
54 74
54 89
54 90
54 95
54 108
54 119
54 122
54 123
54 126
54 139
54 144
54 145
54 146
54 155
54 160
54 164
54 166
54 169
54 244
54 247
54 251
54 257
54 268
54 272
54 274
54 276
54 285
54 287
54 294
54 295
54 301
54 302
54 303
54 315
54 319
54 328
54 329
54 330
55 94
55 95
55 102
55 114
55 117
55 120
55 126
55 132
55 134
55 153
55 155
55 156
57 12
57 20
57 26
57 32
57 40
57 46
57 48
58 3
58 5
58 10
58 13
58 15
58 20
59 3
59 4
59 12
59 14
59 20
59 27
59 32
59 39
59 41
59 42
59 44
60 21
60 25
60 28
60 29
61 15
61 18
61 20
61 22
61 25
61 27
61 44
61 63
61 64
61 68
61 69
61 86
61 96
61 99
62 8
62 11
64 29
64 32
64 45
64 46
64 56
64 59
64 65
64 69
66 103
66 104
66 114
66 115
66 117
68 123
69 7
69 8
69 10
70 1
72 50
72 52
74 62
74 65
74 77
74 80
74 81
74 84
74 92
74 93
74 103
74 114
74 116
74 121
74 126
74 136
74 143
74 153
76 46
76 48
76 52
76 59
76 66
76 76
76 81
76 82
76 83
76 86
76 87
76 89
76 95
76 98
76 102
76 108
76 110
76 112
76 126
76 129
76 131
76 132
76 142
76 145
76 146
76 147
76 151
76 161
76 172
76 179
77 7
77 10
77 12
77 35
77 36
77 38
77 39
77 43
77 61
77 69
78 3
78 8
78 18
78 27
78 30
78 37
78 39
79 6
79 15
79 17
79 18
79 24
79 29
79 35
79 43
79 47
79 66
79 69
79 71
79 73
80 7
80 8
80 39
80 55
80 62
80 68
80 73
80 79
80 93
80 96
80 97
80 101
80 108
80 111
80 116
80 119
81 1
82 12
82 13
82 18
82 22
82 26
82 27
82 34
82 36
82 37
82 40
82 44
82 45
82 51
82 52
82 53
82 57
82 64
82 65
82 75
82 78
82 80
82 85
83 5
83 6
83 8
83 22
83 24
83 25
83 28
83 165
83 176
83 178
83 179
83 191
83 194
83 200
83 203
83 221
83 222
83 230
83 234
83 238
83 247
83 253
83 257
83 259
83 277
83 285
83 286
83 287
83 292
83 298
83 299
83 305
83 312
83 317
83 331
83 332
83 338
83 339
83 435
83 446
83 447
83 448
83 450
83 454
83 461
83 476
83 486
83 492
83 494
83 496
84 13
85 2
85 5
85 7
85 15
85 16
85 23
85 31
85 43
85 61
85 75
85 77
85 86
85 87
85 88
85 95
86 12
86 15
86 25
86 27
86 46
86 53
86 62
86 84
86 91
86 100
87 7
87 12
87 14
87 20
87 26
87 32
87 38
87 40
87 61
87 73
87 74
87 79
87 85
87 86
87 94
87 104
87 111
87 112
87 117
87 120
87 123
87 135
87 143
87 146
87 148
87 152
87 157
87 159
87 160
87 167
87 172
87 180
87 181
87 187
87 190
87 199
87 213
87 215
87 218
87 220
87 222
87 235
87 238
87 239
87 240
87 247
87 250
87 262
87 271
88 3
88 8
89 1
89 4
89 8
89 13
89 23
89 26
89 30
89 40
89 42
89 43
89 45
89 50
89 61
89 62
89 63
89 65
89 90
89 91
89 94
89 103
89 113
89 169
89 170
89 171
90 1
91 3
91 7
92 5
93 30
93 32
93 33
93 37
93 41
93 49
93 51
93 52
93 63
93 71
95 8
95 16
95 20
95 31
95 33
95 34
95 42
95 43
95 48
95 49
95 50
95 54
95 58
95 60
95 61
95 72
95 76
95 77
95 79
96 11
96 24
96 26
96 59
96 70
96 98
96 105
96 108
96 109
96 112
96 134
96 136
97 64
97 72
99 22
99 24
100 15
100 24
100 29
100 33
100 38
100 49
100 54
100 55
100 59
100 60
101 3
101 4
101 8
101 13
101 20
101 24
101 26
101 42
101 51
101 52
102 4
102 6
102 8
102 17
102 28
102 30
102 31
102 37
102 46
102 49
102 58
102 65
102 107
102 138
102 140
102 142
102 153
102 157
103 1
103 7
103 12
103 14
104 9
104 12
104 14
104 16
104 31
104 32
105 13
105 14
105 16
105 20
105 24
105 27
105 37
105 39
105 43
105 50
106 15
106 16
106 22
106 26
106 30
106 40
106 50
106 64
106 129
106 131
106 223
107 1
107 17
107 22
107 24
107 145
107 156
107 157
107 163
108 9
108 20
108 30
108 32
108 35
108 44
108 52
108 56
108 57
108 70
108 77
108 84
108 86
108 88
108 105
108 108
108 109
108 113
108 125
108 126
108 147
108 157
108 158
108 162
108 166
108 171
108 172
108 176
108 179
108 183
108 187
108 191
108 236
109 7
109 11
109 147
110 1
110 11
110 16
110 18
110 21
110 30
110 32
110 33
111 17
111 20
111 23
111 24
111 29
111 36
111 39
111 42
111 46
111 87
111 105
111 106
