1 2
1 3
1 4
1 8
2 31
2 32
2 78
2 90
2 93
2 99
2 103
2 105
3 75
3 76
3 78
3 79
3 81
3 82
3 93
6 4
6 16
6 17
6 21
6 22
6 25
6 26
6 29
7 2
7 6
7 8
7 10
7 12
7 14
7 16
8 5
8 6
8 24
8 29
8 33
8 39
8 41
8 52
8 56
8 64
8 65
8 72
8 79
8 82
8 86
8 92
8 102
8 110
8 121
8 135
8 136
8 187
8 188
8 196
8 202
8 203
9 2
9 3
10 4
10 6
10 8
11 11
11 14
11 18
11 27
11 28
11 36
11 47
11 48
11 50
11 59
11 63
11 64
11 74
11 83
11 86
12 1
12 2
12 4
12 11
12 21
12 23
12 27
12 30
12 31
13 47
13 60
13 68
13 71
13 74
13 84
13 91
13 94
13 124
13 127
14 12
14 17
14 23
14 29
14 32
14 35
14 60
14 61
14 62
14 66
14 75
14 77
14 80
14 81
15 4
15 10
15 19
15 21
15 26
15 45
15 46
15 65
15 71
15 72
15 76
15 82
15 91
15 95
15 98
15 104
15 106
15 112
15 119
15 122
15 125
15 127
15 135
15 137
15 141
15 148
15 151
15 155
15 157
15 167
17 69
17 79
17 81
18 5
18 8
18 25
18 31
18 45
18 52
18 57
18 63
18 67
18 72
18 80
18 87
18 187
19 9
19 16
19 20
19 39
19 54
19 60
19 72
19 80
19 81
19 90
19 92
19 98
19 100
19 104
19 107
19 109
19 117
19 129
19 140
19 158
19 163
19 166
19 168
19 182
19 183
19 186
19 195
19 198
19 199
19 202
19 205
19 206
20 9
20 19
20 21
20 25
20 29
20 36
20 41
20 51
20 74
20 75
20 113
20 114
20 132
20 136
20 141
20 162
20 170
20 171
21 2
22 1
22 4
22 6
22 8
22 10
22 14
22 22
22 31
22 33
22 41
22 42
22 44
22 48
22 49
22 64
22 76
22 77
22 86
22 91
22 115
22 123
22 137
22 142
22 153
22 155
22 244
22 262
22 267
22 274
22 280
22 282
22 291
22 296
22 304
22 314
22 327
22 368
22 369
22 375
22 376
22 377
22 380
22 382
22 385
24 2
24 3
24 9
24 11
24 13
24 126
24 133
24 134
25 18
25 19
25 20
25 23
25 28
25 31
25 41
25 44
25 51
25 64
25 68
25 73
25 82
25 83
27 1
27 2
27 5
27 7
27 9
27 37
28 5
29 9
30 35
30 61
30 66
30 68
30 75
30 82
30 93
30 96
30 97
30 99
30 102
30 105
30 106
30 119
31 2
31 6
31 16
31 22
32 8
32 9
32 13
32 16
32 19
32 42
32 44
32 48
32 51
32 53
32 54
32 64
32 65
32 74
32 77
32 112
32 117
33 1
33 23
33 29
33 33
33 35
33 39
33 48
33 59
33 70
36 10
36 25
36 26
36 34
36 36
36 41
36 49
36 54
36 55
36 56
36 59
36 64
36 70
36 86
36 91
36 99
36 106
36 108
37 7
37 8
37 14
38 82
38 84
38 87
38 90
38 92
38 107
38 118
38 152
38 154
38 158
38 161
38 166
38 176
38 183
38 189
38 191
38 192
38 196
38 207
38 214
38 217
38 221
38 228
38 246
38 251
38 256
38 269
38 273
38 285
39 125
39 138
39 140
39 150
40 7
40 8
41 80
41 81
41 86
41 91
41 92
41 94
41 101
41 104
41 106
41 113
41 115
41 122
41 124
41 128
41 133
41 137
41 141
41 146
41 147
41 151
41 157
41 161
41 166
42 5
42 45
43 34
44 8
44 10
45 19
45 25
45 27
45 31
45 46
45 57
45 59
45 72
45 80
45 95
45 99
45 101
45 104
45 110
45 112
45 127
45 131
45 143
45 144
45 154
45 156
45 161
45 172
45 186
45 187
45 195
45 199
45 201
45 231
45 233
45 241
45 249
46 4
46 10
46 14
46 20
46 26
46 32
46 45
46 55
46 56
46 67
46 69
46 70
46 75
46 80
46 88
46 90
46 91
47 1
47 2
47 5
47 6
47 23
47 25
47 26
47 29
47 31
47 33
47 34
47 42
47 47
47 63
47 100
47 103
47 106
47 114
47 163
47 164
47 168
47 169
47 171
47 175
47 183
47 192
47 196
47 198
47 204
47 205
47 206
47 209
47 210
48 1
48 8
49 8
49 9
49 11
49 17
49 22
50 7
50 8
50 9
50 16
50 23
50 30
50 34
50 38
50 47
50 50
50 61
50 73
50 85
50 93
50 95
51 3
51 9
51 11
51 21
51 27
51 76
51 80
51 82
51 91
51 94
51 97
51 98
51 99
51 113
51 122
51 133
51 138
51 143
51 146
51 149
51 151
51 161
51 163
51 165
52 8
52 11
53 7
53 18
53 25
53 29
53 31
53 39
53 41
54 1
54 3
54 4
54 10
54 15
54 31
54 50
54 53
54 62
54 63
54 66
54 72
54 75
54 77
54 90
54 101
54 103
54 105
54 108
54 114
54 143
54 150
54 151
54 157
54 159
54 162
54 168
54 175
54 176
54 179
54 182
55 6
55 14
55 46
55 50
55 57
55 58
56 1
56 26
56 32
56 38
56 44
57 2
57 28
58 1
59 5
59 7
59 8
59 10
59 12
59 24
59 31
59 41
59 54
59 59
59 60
59 66
59 69
59 70
59 76
59 77
60 3
60 4
60 9
60 17
60 18
60 31
60 46
60 48
60 54
60 59
60 65
60 70
61 129
61 143
61 148
61 153
61 154
61 159
61 167
61 170
61 172
61 178
61 185
61 204
61 225
61 226
61 230
61 231
61 242
61 248
61 249
61 252
61 256
61 261
61 262
61 264
61 265
61 275
61 301
61 306
61 308
61 311
62 27
62 36
62 45
62 52
62 62
62 63
62 67
63 48
63 64
63 73
63 79
63 84
64 5
64 7
64 18
64 20
66 12
66 13
66 15
66 17
66 19
66 24
66 26
66 28
66 29
69 94
69 102
69 114
70 114
70 120
70 121
70 123
70 132
70 136
70 142
70 144
70 145
70 146
70 166
72 49
72 54
72 63
72 67
72 70
72 73
72 74
72 78
72 83
72 87
73 25
73 26
73 27
73 28
73 29
73 37
73 58
73 78
73 88
73 92
73 93
73 109
73 111
73 113
74 2
74 3
75 8
75 11
76 53
76 54
76 57
76 58
76 59
76 63
76 90
76 93
76 94
76 111
76 114
76 125
76 127
76 129
77 4
77 6
77 11
77 14
79 3
79 6
79 13
79 29
79 45
79 46
79 53
79 54
79 60
79 69
79 71
79 81
79 83
79 85
79 225
79 233
79 241
79 248
79 249
79 259
79 264
79 270
79 272
79 274
79 277
79 280
79 410
79 422
79 425
79 440
79 446
79 455
79 463
79 469
79 470
79 477
79 480
79 486
79 487
79 499
79 501
79 503
79 516
79 520
79 531
79 533
79 535
80 1
80 3
80 14
80 19
81 1
81 2
81 10
81 17
81 22
81 24
83 37
83 42
83 46
83 62
83 64
84 2
84 7
84 20
84 22
85 51
85 62
87 93
87 94
87 97
88 27
88 29
88 33
88 39
88 47
89 52
89 54
89 58
89 59
89 90
89 91
89 97
89 105
89 119
89 124
89 126
89 138
89 143
89 145
89 150
89 151
89 154
89 165
89 167
89 185
89 187
89 191
89 197
89 205
89 208
89 344
89 346
89 356
89 369
89 375
89 378
89 385
89 395
89 401
89 403
89 420
89 427
89 429
89 433
89 435
89 436
89 439
89 460
89 463
89 466
89 468
90 3
90 17
90 18
90 24
90 27
90 30
90 33
90 58
90 66
90 67
90 75
90 77
90 82
90 86
90 92
90 98
90 104
90 105
90 110
90 116
91 4
91 14
91 16
91 20
91 24
91 25
91 30
91 33
91 55
92 11
92 14
92 21
92 22
92 52
92 55
92 58
92 62
92 63
92 67
92 77
92 81
92 88
92 95
92 96
92 104
92 112
92 115
92 125
93 2
93 28
93 32
93 33
93 39
93 42
93 45
93 46
95 36
95 39
95 43
95 44
96 3
96 6
96 7
96 10
96 30
96 41
96 42
96 48
96 53
96 60
96 69
96 72
96 73
96 75
96 78
96 82
96 97
96 105
96 116
96 127
96 133
97 4
97 8
97 11
97 24
97 42
97 44
97 47
97 54
97 56
97 74
97 90
97 94
97 97
97 98
97 102
97 104
97 148
97 149
97 154
97 158
97 160
