1 4
1 8
1 18
1 20
1 25
1 35
1 44
1 53
1 59
1 60
1 78
1 80
1 87
1 89
1 117
1 122
1 129
1 147
1 152
1 155
1 157
1 158
1 167
2 2
2 4
2 7
2 14
2 27
2 35
2 44
2 47
2 50
2 55
2 64
2 69
2 70
3 70
3 77
4 1
4 3
4 9
4 17
4 19
4 22
5 1
5 5
5 6
5 13
7 1
7 2
7 4
7 6
7 9
7 20
7 32
7 39
7 40
7 45
7 51
7 72
7 75
8 12
8 14
8 17
9 10
9 12
9 25
9 27
9 29
9 34
9 35
9 38
9 40
9 45
9 49
9 55
9 57
9 61
9 65
9 67
9 85
9 106
9 114
9 116
9 117
9 138
9 150
9 155
9 156
9 164
9 184
9 188
9 196
9 198
9 223
9 226
9 234
9 236
9 239
10 3
15 22
15 30
15 31
15 45
15 50
15 58
15 63
15 69
15 140
15 141
16 27
16 28
16 40
16 48
16 84
16 85
16 141
16 144
16 148
16 149
16 151
16 153
16 155
16 163
19 5
20 2
20 13
20 15
21 4
21 7
21 9
21 20
21 25
21 50
21 58
21 62
21 63
21 67
21 71
22 3
22 6
22 15
22 27
23 30
23 32
23 34
23 38
23 46
23 51
23 58
23 60
24 8
25 4
25 6
25 11
25 22
25 25
25 27
25 34
25 40
25 41
25 44
25 45
25 58
25 63
25 68
25 89
25 96
25 102
25 103
25 104
25 107
25 122
25 129
25 130
25 131
25 225
25 237
25 242
25 376
25 377
25 388
25 390
25 398
25 415
25 417
25 426
25 430
25 432
25 433
25 441
25 443
25 445
25 446
25 451
25 454
25 457
25 470
25 474
25 478
25 479
27 41
27 42
27 43
27 51
27 55
27 62
27 76
27 86
27 87
27 88
27 91
27 96
27 97
27 98
27 108
27 109
27 126
27 143
27 146
27 147
27 162
27 176
27 178
29 61
29 69
29 70
29 71
29 73
29 88
30 7
30 16
30 22
30 31
31 2
31 12
31 14
31 20
31 31
31 32
31 36
31 38
31 40
32 28
32 35
32 38
32 43
32 52
32 56
32 58
32 84
32 92
32 94
32 95
32 113
32 122
32 130
32 136
32 138
32 139
32 143
32 149
32 153
32 154
32 159
32 161
32 176
32 187
32 192
32 195
32 199
32 201
32 210
33 93
33 94
33 99
33 100
33 102
33 103
33 113
33 116
33 122
33 127
33 128
34 61
34 69
34 86
35 4
35 9
35 24
36 12
36 24
36 36
36 37
36 40
36 41
36 44
36 51
36 54
37 11
37 26
37 33
37 36
38 2
38 6
38 14
38 22
38 23
38 30
38 33
38 36
38 38
39 6
39 7
39 88
39 98
39 102
39 116
40 2
40 7
40 9
40 12
40 15
42 12
42 18
43 30
46 34
46 42
46 48
46 52
46 74
46 78
46 80
46 82
46 87
46 100
46 102
46 103
46 121
46 126
47 4
48 1
48 6
48 7
48 12
48 21
48 31
48 33
48 39
48 41
48 46
48 48
48 63
48 68
48 71
48 78
48 81
48 89
48 92
48 93
50 22
50 28
50 30
50 31
50 35
50 45
50 47
50 53
50 65
50 66
50 72
50 77
50 83
50 94
50 99
51 6
51 8
51 9
51 16
51 21
51 24
51 28
51 32
51 35
51 40
51 58
51 67
51 90
51 96
51 99
51 104
51 109
51 110
51 112
51 118
51 128
51 141
51 148
51 150
51 152
51 153
51 155
54 60
54 62
54 74
54 84
55 36
55 50
56 12
58 80
58 106
58 123
58 125
58 126
58 131
58 134
59 4
59 8
59 22
59 23
59 25
60 20
60 24
60 28
60 35
60 40
60 44
60 49
60 53
60 56
60 57
60 178
60 200
62 1
62 22
62 39
62 60
62 61
62 65
62 74
62 77
62 78
63 7
63 21
63 24
63 36
64 1
65 12
65 18
65 31
65 36
65 106
65 125
65 134
65 136
65 149
65 156
65 170
65 173
66 2
66 136
66 139
66 141
66 146
66 149
66 152
66 166
66 167
66 173
66 179
66 181
66 185
66 187
66 198
66 205
66 212
66 346
66 347
66 350
66 358
66 364
66 369
66 371
66 373
66 381
66 382
66 389
66 392
66 396
66 402
67 3
67 11
67 17
67 20
67 37
67 41
67 46
67 52
67 53
67 54
67 56
67 58
67 61
67 63
67 68
67 70
71 25
71 29
73 15
73 26
73 39
73 43
73 45
73 46
73 53
74 2
74 5
74 13
74 17
74 23
74 30
74 31
74 41
74 46
74 48
74 49
74 52
74 56
74 71
74 75
75 1
75 6
75 9
75 13
75 21
75 24
75 33
75 35
75 50
75 56
75 62
75 69
75 71
75 78
75 79
75 81
75 85
75 87
75 90
75 92
75 99
75 103
75 106
75 113
75 123
75 130
76 3
76 5
76 13
76 19
76 33
76 36
76 44
77 2
77 6
77 8
77 11
77 19
77 21
77 28
77 29
78 2
78 8
78 14
78 16
78 17
78 33
78 34
78 38
78 39
78 42
78 45
78 52
78 53
78 65
78 70
78 81
80 7
80 10
80 11
80 12
80 14
80 23
80 25
80 26
80 35
80 36
80 37
80 42
80 44
80 62
80 68
80 85
80 86
80 97
80 103
80 104
80 106
81 5
81 6
81 9
81 23
81 24
81 29
81 34
81 35
81 39
81 47
81 51
81 55
81 59
81 63
81 65
81 69
81 74
81 78
81 81
81 83
82 1
82 14
82 16
82 21
82 23
82 33
82 41
82 92
82 98
82 100
82 111
82 119
82 128
82 132
82 134
82 137
82 146
82 147
82 165
82 166
82 179
82 193
82 357
82 358
83 3
83 5
83 8
83 13
83 26
83 29
83 30
83 40
83 42
83 56
83 66
83 75
83 78
83 82
83 85
83 86
84 1
84 19
84 42
84 43
84 48
84 54
85 42
85 50
85 51
85 53
85 55
85 56
87 62
87 63
87 73
87 75
88 4
88 13
88 34
89 1
89 3
89 12
89 16
89 23
89 31
89 35
89 40
89 46
89 49
89 51
89 53
89 66
90 4
90 6
93 49
93 52
93 61
93 68
93 80
93 93
93 96
93 97
93 99
93 101
93 104
93 109
93 110
93 112
94 7
94 12
94 14
94 25
94 31
94 33
94 39
94 49
94 55
94 57
94 64
94 69
94 114
94 128
94 132
94 138
94 139
94 146
94 153
94 156
95 75
95 78
95 151
95 158
95 174
95 178
95 183
95 188
95 192
95 195
95 197
95 199
95 201
95 202
95 215
95 218
95 222
101 2
101 4
101 12
101 14
101 68
101 70
101 81
101 84
101 112
101 114
101 123
101 129
101 195
101 196
101 198
101 205
101 209
101 339
101 341
101 348
101 350
101 351
102 3
103 5
103 6
103 17
104 1
105 39
105 41
105 43
105 60
105 68
106 1
106 4
106 5
106 10
106 15
106 20
106 28
108 2
108 5
108 11
108 12
108 16
108 17
108 27
108 43
108 47
109 6
109 12
109 21
110 1
110 3
110 7
110 8
110 9
110 11
110 28
110 32
110 38
110 42
110 43
110 45
110 63
110 65
110 66
110 70
110 71
110 80
110 86
110 92
110 95
110 96
110 102
111 3
111 6
111 8
111 11
111 18
111 21
111 32
111 50
111 66
111 98
111 100
111 101
111 116
111 125
111 133
111 135
111 141
111 156
111 160
111 161
111 166
111 168
111 170
111 176
111 178
111 180
111 191
111 193
111 200
111 201
111 204
111 210
111 215
111 218
111 223
111 233
111 235
111 252
111 272
111 276
111 281
111 283
112 10
113 12
113 16
113 21
113 71
113 74
113 87
113 91
113 92
113 110
113 111
113 113
113 116
113 181
