1 1
1 10
1 16
1 18
1 37
1 43
1 51
1 56
1 58
1 59
1 67
1 70
1 84
1 88
2 6
2 12
2 22
2 28
2 31
2 32
2 38
2 44
2 63
2 65
2 73
2 89
2 99
2 103
2 105
2 115
2 122
2 127
2 129
2 197
2 199
2 203
2 204
2 212
2 218
2 219
2 224
2 225
2 238
2 243
2 244
2 247
2 250
2 261
2 268
2 274
3 1
3 3
3 7
3 10
3 14
3 15
3 16
3 19
3 24
3 25
3 28
3 36
3 40
3 45
3 55
3 56
3 61
3 65
3 69
3 75
3 79
3 80
3 83
3 94
3 96
3 101
3 104
5 66
5 67
5 68
6 11
6 30
6 32
6 35
6 43
6 45
6 51
6 61
6 64
6 73
6 81
6 82
6 83
6 87
6 88
6 91
6 92
6 96
6 102
6 106
6 122
6 126
6 129
6 130
6 143
6 154
6 155
6 158
10 2
10 22
10 28
10 29
10 32
10 35
10 38
10 51
11 17
11 20
14 16
14 20
15 1
15 2
15 8
16 3
16 11
16 21
16 22
16 31
16 36
16 39
18 5
19 12
19 84
19 87
19 96
19 100
19 106
19 109
20 24
20 32
20 33
20 34
20 37
20 51
20 54
20 55
20 62
21 1
22 2
22 9
22 12
22 18
22 20
22 22
22 41
23 5
23 7
24 42
24 43
24 52
24 53
24 58
24 62
25 16
25 18
25 22
25 24
25 28
25 36
25 38
25 40
25 50
25 56
25 64
25 69
25 74
25 75
25 77
25 79
25 80
25 97
25 98
25 102
25 114
25 119
25 121
26 2
26 4
27 1
27 7
28 11
28 13
28 17
28 24
28 28
28 31
28 32
28 35
28 38
28 39
28 55
28 59
28 69
28 76
28 86
28 91
28 100
28 101
28 114
28 182
28 195
28 198
28 200
28 218
28 219
28 249
28 271
28 273
28 275
28 278
28 284
28 285
28 296
28 297
28 311
28 316
28 328
29 2
29 10
29 23
29 34
30 6
30 7
30 10
30 11
30 24
30 29
30 36
31 21
31 31
31 34
32 1
32 2
32 3
32 6
32 14
33 115
33 117
33 119
33 123
33 129
33 131
33 135
33 154
33 164
33 165
33 166
33 175
33 177
33 180
33 191
33 208
34 5
34 6
35 6
35 7
35 12
35 23
36 13
39 83
39 90
39 91
39 96
39 101
39 108
39 109
39 112
39 139
39 146
40 21
40 26
40 28
40 36
40 41
40 44
40 50
40 66
40 68
40 70
40 80
40 91
40 100
40 103
40 106
40 108
40 112
40 115
40 233
40 234
40 236
40 237
40 238
40 244
40 252
41 16
41 29
41 34
41 40
41 42
41 45
41 49
41 50
43 26
43 35
44 10
44 15
44 19
44 29
44 31
44 32
44 34
44 37
44 41
44 51
44 52
44 53
44 60
44 64
44 68
44 95
44 102
44 107
44 235
44 248
44 264
44 269
44 270
44 272
44 275
44 294
44 300
44 310
44 312
44 320
44 321
44 323
44 327
44 328
44 329
44 330
44 336
44 339
44 343
44 344
45 48
45 57
46 2
46 8
46 12
47 113
47 118
47 122
47 125
47 126
48 9
49 1
50 2
50 3
50 15
50 32
50 35
50 59
50 63
50 68
50 69
53 29
53 30
53 46
53 50
53 72
53 73
53 80
53 81
53 83
54 2
54 9
54 15
54 16
54 25
54 27
54 28
54 34
54 37
54 42
55 1
55 4
55 7
55 9
55 11
55 16
55 20
55 24
55 27
55 37
55 44
55 62
55 63
55 70
55 72
55 74
55 84
55 88
55 161
58 79
58 84
58 85
58 86
58 91
58 103
58 111
58 113
58 118
58 119
58 131
58 137
58 138
58 140
58 142
58 151
58 154
58 156
58 165
58 166
58 167
58 171
58 174
58 178
58 191
58 192
58 193
58 194
58 198
58 199
58 204
58 209
58 231
58 233
58 239
59 15
59 28
60 9
60 16
60 17
60 19
60 21
60 24
60 46
60 47
60 49
60 50
60 54
60 108
61 15
61 29
61 32
62 11
62 15
62 17
62 23
63 2
64 72
64 76
64 77
64 85
64 88
64 92
64 93
64 94
64 98
64 107
64 131
64 139
64 140
64 143
64 148
64 162
64 164
64 169
64 171
64 176
64 177
64 188
64 190
64 191
64 196
64 201
64 202
65 2
66 6
66 11
66 23
66 57
66 58
66 62
66 74
66 79
66 89
66 111
66 115
66 116
66 120
66 121
66 125
66 127
66 129
66 132
66 134
67 3
67 4
70 27
70 40
70 41
70 42
70 59
70 74
70 76
70 77
72 56
72 61
72 67
72 105
72 113
72 116
72 146
72 157
72 168
72 176
72 177
72 178
72 184
72 197
72 201
72 208
74 82
74 84
75 2
75 7
75 11
75 14
75 22
75 24
75 36
75 45
75 47
75 51
75 55
75 57
75 63
75 69
76 1
76 3
76 9
76 13
76 18
76 22
76 30
76 41
76 43
76 45
76 52
76 54
76 112
76 115
76 124
76 131
76 132
76 134
76 139
76 144
76 145
76 147
76 153
76 157
76 161
77 55
77 67
77 200
79 30
81 4
81 27
81 28
81 33
82 3
82 4
82 5
82 6
83 10
83 28
83 29
83 33
83 34
83 36
83 40
84 1
84 3
84 10
84 11
84 21
84 23
84 24
84 26
84 27
84 40
84 45
84 49
84 50
84 53
84 62
84 70
84 72
84 78
84 79
84 81
84 83
84 92
84 93
84 96
84 117
84 121
84 131
84 140
85 3
85 7
85 8
85 13
85 15
85 24
85 30
85 31
88 33
88 38
88 49
89 19
89 20
91 49
91 50
91 52
91 53
91 57
91 59
91 61
94 2
94 16
94 24
94 25
94 31
95 4
95 16
95 26
95 32
95 55
95 60
95 190
96 1
96 2
96 3
96 5
97 11
97 12
97 13
97 18
97 23
97 28
98 59
98 60
98 82
98 84
98 97
98 100
99 7
99 11
99 16
99 17
99 21
99 24
99 31
99 33
99 39
99 40
99 49
99 62
99 75
99 84
99 88
99 104
99 106
99 118
99 126
99 128
99 130
99 141
99 148
99 152
99 154
99 155
99 158
101 5
101 11
101 14
101 23
101 25
101 46
101 47
103 34
103 37
104 36
104 56
104 57
104 65
104 67
104 72
104 75
104 85
104 93
104 96
104 109
104 112
104 113
104 116
104 141
104 147
104 148
104 149
104 153
104 156
105 15
105 23
106 2
106 4
106 9
106 12
106 19
107 3
107 9
107 10
108 3
108 7
108 13
108 16
108 26
108 29
108 35
109 11
109 18
109 26
109 29
109 33
110 94
110 95
110 103
110 107
110 113
110 122
110 123
110 126
110 130
110 132
111 84
111 88
111 96
112 22
112 37
112 42
112 49
112 50
112 59
112 65
112 67
112 74
112 82
112 84
112 88
112 90
113 12
113 14
113 19
113 28
113 33
113 38
113 39
113 49
113 58
113 196
113 202
113 223
113 232
113 247
113 249
113 256
113 258
113 266
113 350
113 356
113 359
113 361
113 368
113 370
113 378
113 392
113 394
113 403
113 405
113 407
113 425
113 427
113 454
113 455
113 457
113 459
113 466
113 468
113 469
113 472
113 477
113 481
113 482
113 491
114 13
114 14
116 3
116 17
116 19
116 32
116 34
116 39
116 41
116 43
116 46
116 48
117 5
117 7
117 11
117 17
117 18
117 20
117 33
117 35
117 37
117 40
117 45
117 49
117 60
117 61
117 62
117 64
117 67
117 68
117 71
117 74
117 80
117 84
117 108
117 109
117 112
117 113
117 117
117 118
117 120
117 124
117 137
117 139
117 143
117 168
117 174
117 175
117 176
117 181
117 195
117 197
117 200
117 202
117 215
117 223
117 224
117 227
117 235
117 236
117 240
117 243
117 248
117 251
117 259
117 261
117 264
117 265
117 269
118 4
118 7
118 16
118 17
119 33
119 36
119 39
119 41
119 51
119 56
119 57
119 63
119 73
119 75
119 84
119 85
119 89
119 93
119 97
119 99
119 108
119 115
119 116
119 117
119 121
119 124
119 135
119 147
119 148
