1 3
1 5
1 6
1 9
1 12
1 17
1 18
1 30
1 31
1 38
1 40
2 5
2 8
2 11
2 12
2 14
2 16
2 17
2 100
2 107
2 110
2 117
2 121
2 126
2 163
2 165
2 168
3 10
3 15
4 2
4 4
4 9
4 13
4 17
4 20
4 21
4 28
4 34
4 37
4 49
4 52
4 57
5 9
5 16
5 22
5 23
5 25
5 46
5 54
5 56
5 65
5 67
5 80
5 81
5 89
5 96
5 97
5 104
5 107
5 109
5 119
5 127
5 128
5 130
5 137
5 152
6 150
6 165
6 166
6 176
6 266
7 37
7 41
7 42
7 160
7 161
7 164
7 166
7 168
7 171
7 173
7 175
7 177
7 185
7 191
7 199
7 216
7 236
7 247
7 252
7 257
7 262
10 3
10 19
10 24
11 53
11 57
11 60
12 12
12 13
12 14
12 43
12 55
12 68
12 80
12 91
12 109
12 117
12 130
12 131
12 134
12 139
12 140
12 156
12 189
12 195
12 200
12 204
13 2
13 4
13 15
14 4
14 7
14 12
14 23
14 38
14 40
14 46
14 50
14 52
14 58
14 63
14 64
14 72
16 12
16 16
16 17
16 22
16 25
16 27
17 2
17 4
17 6
18 6
18 7
18 16
18 20
18 39
18 43
18 48
18 49
18 52
18 68
18 75
18 83
18 85
18 89
18 95
18 108
18 113
18 114
18 123
18 143
18 147
18 156
18 159
18 171
18 176
19 55
19 60
19 69
19 72
19 79
19 85
19 87
19 101
19 110
19 128
20 6
20 15
20 18
20 19
20 29
20 38
20 40
20 53
20 59
20 62
20 68
20 77
20 81
20 88
20 92
20 93
20 97
20 102
20 107
20 111
20 118
20 120
21 6
21 8
21 11
21 12
21 14
21 23
21 43
21 46
21 49
21 54
21 60
21 64
21 69
21 198
21 207
21 210
21 220
21 229
21 247
21 252
21 253
22 14
23 5
23 24
23 29
23 32
23 36
23 42
23 45
23 52
23 57
23 61
24 21
24 26
24 27
24 32
24 37
26 35
26 37
26 45
26 48
26 54
26 58
26 59
26 63
26 68
26 69
26 188
26 193
26 199
26 212
27 8
27 20
27 24
28 81
28 82
28 86
28 89
28 93
28 97
28 99
28 101
28 102
28 110
28 122
28 137
29 3
29 10
29 14
30 1
30 5
30 6
30 7
30 8
30 11
30 16
30 17
30 21
30 30
30 32
30 33
30 38
31 3
31 5
31 7
31 8
31 9
31 11
31 12
31 14
31 21
31 24
31 25
31 31
31 33
31 35
31 36
31 52
31 57
31 59
31 60
31 67
31 70
31 81
31 82
31 101
31 104
31 108
31 110
31 112
31 113
31 116
31 119
33 5
33 6
33 8
33 20
33 64
33 85
33 94
33 99
33 228
33 251
33 255
34 30
34 44
34 46
34 48
35 8
35 11
35 12
35 13
35 15
35 18
35 24
35 25
35 27
35 31
35 33
37 2
37 5
39 62
39 70
39 75
39 79
39 82
39 98
39 99
39 101
40 16
41 3
41 7
41 8
41 34
41 35
41 38
41 42
41 47
42 1
42 2
42 3
42 5
42 7
42 9
42 23
43 2
43 9
43 13
43 16
43 38
43 44
43 47
45 7
45 14
45 25
45 29
45 31
45 35
45 36
45 38
45 48
45 58
45 65
45 66
45 70
45 74
45 77
45 79
45 89
45 98
45 103
45 114
45 122
45 125
45 139
45 160
45 166
49 79
49 81
49 93
49 103
49 104
49 109
49 112
50 3
50 11
50 16
50 23
50 30
50 31
50 36
50 38
50 40
51 3
51 4
51 6
52 8
52 12
52 15
53 8
53 15
53 16
53 23
53 24
53 27
53 37
53 46
54 16
54 20
54 21
54 22
54 27
54 28
54 39
54 47
54 48
54 58
57 1
57 6
57 11
57 17
57 23
57 26
57 29
57 33
57 47
57 51
57 64
57 65
57 67
57 74
57 80
57 81
57 85
57 93
57 95
57 103
58 1
58 11
58 19
58 27
58 32
58 36
58 41
58 45
58 60
58 62
58 68
58 73
58 203
58 204
58 208
58 224
58 228
58 230
58 232
58 238
58 240
58 242
58 244
63 4
63 9
65 79
65 80
65 82
65 86
65 94
65 107
65 108
65 117
65 118
65 124
65 130
66 1
66 2
66 3
66 4
66 5
66 8
66 10
66 12
66 13
66 27
66 30
66 33
66 36
66 39
66 49
66 64
66 65
66 68
66 72
66 182
66 188
66 197
66 198
66 200
66 216
66 217
66 221
66 226
66 248
67 20
68 1
69 4
69 14
69 18
69 23
69 26
69 43
69 50
69 73
69 86
69 101
69 105
69 118
70 11
70 29
70 37
70 51
70 52
70 61
70 71
70 73
70 84
70 88
70 93
70 97
70 104
70 107
71 26
72 2
72 19
73 35
74 34
74 39
74 40
74 45
74 48
75 2
75 9
75 13
75 28
76 7
76 8
76 18
76 20
76 24
76 37
77 2
77 4
77 5
77 16
77 24
77 26
77 28
77 35
77 36
77 38
77 62
77 63
77 65
77 67
77 70
77 73
77 90
77 105
77 106
77 114
77 117
77 125
77 132
77 133
77 143
77 145
77 160
78 6
78 8
78 20
78 23
78 32
78 35
78 40
78 50
78 53
78 54
78 55
79 85
79 91
80 46
80 53
80 58
80 60
80 68
80 70
80 73
80 79
80 81
81 7
81 10
81 14
81 17
81 19
81 22
81 25
81 27
81 40
81 48
81 53
81 55
81 58
81 62
81 66
81 68
81 71
81 74
84 40
84 44
84 47
84 54
84 57
84 66
84 68
84 71
84 73
84 74
84 76
84 81
84 86
84 101
84 110
85 2
86 12
86 15
86 16
86 20
86 31
86 33
87 1
87 2
88 4
88 5
88 25
90 27
90 30
90 31
90 36
90 45
90 52
90 54
90 63
90 69
90 70
90 72
91 1
91 4
92 73
92 80
92 82
92 84
92 85
92 88
92 92
92 96
92 101
92 106
92 107
92 128
92 136
92 137
92 142
94 1
94 2
94 5
94 6
94 12
94 13
94 21
96 13
96 17
96 23
96 32
96 37
96 39
96 54
96 61
96 71
96 72
96 92
96 98
96 102
96 105
96 114
96 115
96 126
96 165
96 172
96 176
96 181
96 187
96 191
96 199
96 201
97 45
97 48
97 49
97 52
97 57
97 66
97 68
97 74
97 75
97 80
97 88
97 94
97 98
97 99
97 112
97 115
97 125
97 133
97 141
98 7
98 8
98 12
98 14
98 16
98 19
98 25
98 32
98 34
98 41
98 50
98 59
98 60
98 68
98 78
98 216
98 221
98 222
98 228
98 239
98 240
98 249
98 251
98 254
98 260
98 262
98 265
98 266
98 268
98 276
98 307
98 311
98 320
98 321
98 332
98 342
98 351
98 354
98 357
98 359
98 360
98 375
98 377
98 380
98 439
98 441
98 442
98 447
98 456
98 467
98 562
98 575
98 578
101 38
101 43
101 45
101 54
101 59
101 61
101 76
101 82
101 84
101 96
101 97
101 105
101 109
102 1
102 4
102 9
103 4
103 12
103 18
103 22
103 26
103 30
103 31
104 60
104 67
104 73
104 74
104 77
104 91
104 99
104 100
105 12
105 17
105 19
105 26
105 49
105 52
105 55
106 14
106 16
106 17
106 18
106 19
106 25
106 26
106 27
106 29
106 33
106 34
106 43
107 2
107 6
107 8
107 17
107 26
107 29
107 31
107 39
107 49
107 50
107 51
107 54
107 57
107 58
107 62
107 66
107 74
107 77
107 81
107 87
107 89
107 94
107 96
107 228
107 229
107 239
107 251
107 263
107 266
109 6
109 7
109 11
109 20
109 24
109 28
109 141
