1 12
1 14
1 20
1 24
2 14
3 9
3 20
3 22
4 6
4 10
4 12
4 13
5 6
5 8
5 13
5 15
5 21
5 28
5 29
5 45
5 53
5 71
5 87
5 98
5 112
5 123
5 124
5 127
5 128
5 132
6 17
6 35
6 41
6 51
6 55
6 61
6 86
6 87
6 90
6 113
6 118
6 128
6 130
6 141
6 145
6 159
6 160
10 12
10 18
10 29
10 30
10 36
10 37
13 42
13 43
13 46
14 3
14 9
14 10
14 12
14 15
14 16
14 17
14 25
14 30
14 31
14 32
14 41
14 42
14 48
14 51
14 55
14 65
14 66
14 77
15 9
16 11
16 12
17 5
17 14
17 17
18 5
18 12
18 15
18 27
18 32
18 38
18 39
18 40
18 45
18 50
18 51
19 85
19 91
19 92
19 93
19 98
19 102
19 104
19 107
19 110
19 120
20 1
20 14
20 25
20 27
20 28
20 30
20 38
20 42
20 45
23 1
23 31
23 40
23 50
23 51
23 72
23 73
23 83
23 90
23 92
23 105
23 136
23 143
23 146
23 147
23 152
23 154
23 298
23 319
23 323
23 325
23 342
23 353
23 362
24 3
24 10
24 36
24 42
24 50
24 53
24 71
24 72
24 78
24 82
24 89
24 105
24 108
24 113
24 117
24 119
25 1
25 4
25 50
25 52
25 62
25 66
25 67
25 70
25 77
25 80
25 121
25 123
25 148
25 151
25 153
25 157
25 164
25 171
25 173
25 184
25 189
25 196
25 197
25 205
25 215
25 218
25 227
25 233
25 236
25 244
25 246
25 248
25 253
25 262
26 29
26 37
26 38
26 48
27 8
27 10
27 14
27 15
27 16
27 25
27 29
27 32
27 34
27 36
27 38
27 39
27 41
27 44
27 53
27 59
27 60
27 62
27 65
27 71
27 85
27 103
28 2
28 7
28 11
28 24
28 26
28 28
28 38
28 39
29 19
29 22
29 54
29 58
29 66
29 67
29 70
29 74
29 84
29 95
30 1
30 3
31 46
31 49
31 51
31 55
31 64
31 74
31 75
31 78
31 80
31 81
33 7
33 12
33 14
33 15
33 17
33 23
34 5
34 27
34 33
34 54
34 55
34 67
35 73
35 91
35 93
35 109
35 115
35 133
35 138
35 143
35 146
35 147
35 150
35 167
35 176
35 178
35 182
35 187
35 188
35 192
37 9
37 15
37 20
37 26
37 31
37 32
37 34
37 45
37 47
37 49
37 51
37 57
37 61
37 203
37 204
37 207
38 2
38 18
38 29
38 36
38 41
38 46
38 48
38 49
38 56
38 58
38 69
39 4
39 7
39 15
39 18
39 19
39 25
40 1
40 7
40 30
40 37
40 47
40 72
40 87
40 89
40 91
40 92
40 98
40 108
40 111
40 131
40 133
40 142
40 147
40 155
40 170
40 197
40 201
40 205
40 213
40 218
40 223
40 237
40 238
40 243
40 250
41 11
41 21
41 22
41 27
41 30
41 33
41 41
41 50
41 89
41 91
41 92
41 104
41 107
41 120
41 129
41 133
41 134
41 151
41 184
41 187
41 189
41 194
41 199
41 201
41 206
41 213
41 255
41 259
41 260
41 267
41 273
41 274
41 278
41 283
41 284
41 289
42 26
42 28
42 29
42 31
42 36
42 38
42 52
42 62
43 6
43 7
43 14
43 17
43 43
44 58
44 64
45 126
45 130
45 134
45 137
45 146
45 149
46 4
46 7
46 9
46 10
46 15
46 22
46 26
46 30
46 32
46 60
46 63
46 66
46 68
46 72
47 22
47 28
47 37
47 46
47 58
47 82
47 97
48 9
48 23
48 33
48 38
48 55
48 57
48 63
48 65
48 66
48 93
48 101
48 118
48 119
48 132
48 133
48 136
49 16
50 85
50 91
50 95
50 106
50 110
50 117
50 133
50 137
53 26
53 27
53 30
53 33
53 35
53 40
53 41
53 44
53 52
53 55
53 58
53 60
54 3
54 7
54 8
54 15
54 17
54 19
54 24
55 1
55 2
56 5
56 9
56 16
56 20
56 40
56 43
56 52
56 53
56 55
56 58
56 59
56 61
56 69
56 200
56 205
56 235
56 240
56 241
56 244
56 245
56 248
58 77
58 80
58 82
58 90
58 96
58 98
58 101
59 1
59 2
59 7
59 14
59 19
59 20
60 9
60 19
60 28
60 30
60 31
60 39
60 40
60 44
60 47
60 57
60 66
60 82
60 107
60 108
60 124
60 129
60 130
60 133
60 137
60 150
60 189
60 192
60 193
61 3
61 7
61 10
61 11
61 13
61 17
61 28
61 34
61 41
61 47
61 51
61 57
61 61
61 79
61 80
61 88
61 91
61 158
61 171
61 176
61 182
61 189
61 191
61 195
61 196
61 200
61 202
61 203
61 208
61 221
62 6
62 8
62 18
62 21
64 42
64 43
64 45
64 46
64 50
64 54
64 56
64 59
66 15
66 26
66 69
66 70
67 5
67 15
67 19
67 31
68 47
68 48
68 55
68 63
68 72
68 73
68 74
68 76
68 78
68 88
68 94
68 115
68 121
68 125
68 157
68 191
68 192
68 213
68 229
68 232
68 239
68 243
68 244
68 261
68 262
68 263
68 269
68 271
68 285
68 289
68 291
68 292
68 293
69 4
69 6
69 11
69 54
69 62
69 67
69 79
69 82
69 86
69 87
69 90
69 96
69 101
69 105
69 106
69 111
69 115
69 132
69 137
69 138
69 146
70 7
70 15
70 23
70 25
70 40
70 51
70 67
71 1
72 1
72 8
72 11
73 7
73 9
73 10
73 12
73 19
73 27
73 28
73 46
73 51
73 56
73 58
73 66
73 67
73 69
73 72
73 78
73 83
73 88
73 100
73 101
73 102
73 125
73 128
73 133
73 136
73 147
73 154
73 155
73 159
73 172
73 178
73 191
73 200
73 207
73 221
73 232
73 236
73 238
74 6
74 17
74 25
74 32
74 37
74 42
74 56
74 63
74 64
74 66
74 69
74 80
74 90
74 91
74 97
74 104
74 106
74 116
74 124
74 195
74 215
74 217
74 221
75 97
75 101
75 106
75 107
75 124
75 128
75 137
75 141
75 146
75 151
75 157
75 158
75 166
75 172
75 175
76 87
76 104
76 113
76 123
76 139
76 150
77 12
77 92
78 10
78 27
78 32
78 35
78 65
78 70
78 71
78 72
78 85
78 96
78 98
78 100
78 101
78 107
78 109
78 112
79 1
79 3
80 5
80 10
80 11
80 15
81 7
81 12
82 107
83 4
83 13
83 21
83 24
83 43
83 65
83 83
83 85
83 101
83 107
83 111
83 113
83 118
83 124
83 126
83 127
83 128
83 129
84 1
84 9
84 14
84 23
84 27
84 30
85 8
85 10
85 18
85 20
85 25
85 32
85 35
85 37
85 41
85 42
85 46
85 48
85 50
85 62
86 1
86 17
86 18
86 30
86 36
86 37
86 43
86 46
86 48
86 49
86 51
87 11
87 16
87 17
87 22
87 24
88 5
88 22
88 27
89 8
89 17
89 20
90 3
90 4
90 7
90 12
90 18
90 19
90 24
90 30
90 32
90 37
90 44
90 46
90 48
90 49
90 50
91 30
91 37
91 44
93 1
93 5
93 6
93 24
93 27
93 52
95 57
95 59
95 69
96 11
96 18
96 20
96 29
96 33
96 35
96 36
97 4
97 9
97 10
98 6
98 15
98 20
98 21
98 23
98 25
98 33
98 41
98 45
98 51
98 57
98 60
98 114
98 135
98 137
98 179
98 180
98 184
98 187
98 191
98 194
98 199
98 204
98 207
98 208
98 211
98 213
98 223
98 228
98 231
98 233
98 249
98 251
98 255
99 3
99 15
99 25
100 6
100 8
101 3
101 8
101 20
101 22
101 31
101 47
101 53
101 57
101 62
101 69
101 70
101 73
101 76
101 79
101 82
