1 1
1 5
1 11
1 13
1 14
1 17
2 5
2 9
2 13
2 15
2 21
2 24
2 27
2 29
3 4
3 9
3 33
3 47
3 48
3 51
3 76
3 79
3 80
3 88
3 91
3 97
3 102
3 131
3 135
3 142
3 143
3 150
3 159
3 170
3 175
3 186
3 187
3 191
3 192
3 193
3 201
3 206
3 208
5 4
5 8
5 14
5 23
5 28
5 29
5 30
5 36
5 39
7 10
7 11
7 29
7 31
7 32
7 35
7 40
7 87
7 89
7 92
7 94
7 96
7 97
7 104
7 107
7 127
7 137
7 145
7 151
8 37
8 39
8 41
8 42
8 46
8 47
8 127
8 128
8 130
8 139
8 146
8 175
8 182
8 184
8 185
8 187
11 11
11 15
11 16
11 21
11 33
11 34
11 46
11 47
12 1
12 4
12 7
12 13
12 22
12 38
12 43
12 57
12 58
12 61
12 65
12 73
12 74
12 76
12 79
12 85
12 96
12 97
12 99
12 101
13 1
13 7
13 8
13 9
13 24
13 25
13 28
13 30
13 39
13 42
13 47
13 50
13 70
13 72
13 73
13 79
14 4
14 9
14 13
14 16
14 18
14 42
14 46
14 50
14 55
14 68
14 70
14 73
14 82
14 84
14 87
14 90
14 96
14 98
14 101
14 104
14 105
14 107
14 123
14 128
14 135
14 140
14 141
14 142
14 158
14 160
14 238
14 245
14 247
14 250
14 256
14 258
14 270
14 276
14 291
14 294
14 297
15 34
15 47
15 48
15 50
15 52
15 63
15 68
15 70
15 82
16 2
16 5
16 8
16 17
16 19
16 20
16 38
16 48
16 51
16 52
16 59
16 67
16 74
16 82
16 97
16 98
16 100
17 10
20 3
20 6
20 17
20 27
20 38
20 45
20 47
20 49
20 70
20 71
20 75
20 122
20 123
20 127
20 148
20 152
21 7
21 10
21 18
21 19
21 22
21 33
21 39
21 40
21 42
21 44
21 51
21 58
22 1
22 5
22 7
22 12
22 14
22 17
22 18
22 20
22 25
22 35
22 41
22 52
23 3
23 8
23 12
23 29
23 30
25 23
26 3
26 4
26 7
26 37
26 53
26 61
26 63
26 65
26 69
26 72
26 73
26 81
26 84
26 96
26 97
26 113
26 124
26 129
26 133
26 135
26 136
26 138
26 144
26 152
26 159
26 160
26 161
27 1
27 17
27 27
27 156
27 158
27 162
28 1
28 4
28 5
28 9
28 20
28 38
28 39
28 40
29 23
29 28
29 42
29 48
29 50
29 52
29 60
29 65
29 84
29 93
29 99
29 112
29 122
29 126
29 127
29 130
29 134
29 135
29 138
29 139
29 153
29 168
29 169
29 175
29 178
29 187
29 190
29 193
29 194
29 198
29 212
30 2
30 6
30 18
30 21
30 29
30 31
30 36
30 45
30 50
30 52
30 55
31 4
31 5
31 10
31 11
31 14
31 18
31 23
31 31
31 33
31 40
31 49
31 52
31 56
31 57
31 59
31 70
31 72
31 80
31 81
31 85
31 90
31 94
31 101
31 103
31 105
31 107
31 112
31 116
31 118
31 119
31 123
31 125
32 3
32 4
32 17
32 30
32 32
32 39
32 41
32 57
32 65
32 68
32 82
32 86
32 87
32 92
33 4
33 8
33 12
33 22
33 26
33 41
33 42
33 51
33 62
33 65
33 68
33 69
33 73
33 82
33 90
33 94
33 101
33 102
33 103
33 106
33 120
33 121
33 127
33 129
33 132
33 134
33 137
33 147
33 148
34 58
34 66
34 67
34 72
34 82
34 88
34 92
34 96
34 111
34 116
34 118
34 119
34 120
37 54
37 55
37 57
37 128
37 129
37 131
37 133
37 140
38 66
38 79
38 80
38 85
38 92
38 94
38 96
40 18
40 20
40 21
40 23
40 24
40 29
40 32
40 39
40 43
40 48
40 49
40 57
40 63
40 64
40 66
40 70
40 79
41 35
41 45
41 66
41 68
41 78
41 88
41 96
41 98
41 100
41 103
41 105
41 112
41 115
42 7
43 2
43 11
43 14
43 18
43 23
43 28
44 6
44 26
44 39
44 46
44 50
44 59
44 64
44 71
44 78
44 83
44 94
44 95
44 98
44 99
44 106
44 107
44 111
44 125
44 127
44 128
44 133
44 146
44 155
44 158
44 162
44 164
44 169
44 170
44 176
44 178
44 182
44 188
44 189
44 194
46 2
46 7
46 41
46 50
46 55
46 64
46 68
46 71
46 76
46 77
46 84
46 95
46 99
46 104
46 107
46 111
46 115
46 118
47 5
47 8
47 14
47 15
47 17
47 29
47 30
47 107
47 108
47 116
47 122
47 125
47 131
47 139
47 143
47 144
47 145
47 149
47 155
47 157
47 162
47 180
47 187
47 192
47 201
47 214
47 215
47 216
47 221
47 223
47 228
47 234
47 236
47 238
48 62
48 77
48 78
48 90
48 92
48 96
48 101
48 102
48 105
48 110
48 118
48 124
48 134
48 137
48 142
48 145
48 155
48 168
48 183
48 190
48 199
48 204
48 205
48 210
48 213
48 214
48 222
49 12
49 15
49 21
49 22
49 25
49 34
49 39
49 52
49 61
49 77
49 104
49 162
49 176
49 177
49 189
49 285
49 287
49 289
49 292
50 2
50 4
50 16
50 23
50 28
50 36
50 41
50 44
50 70
50 71
50 73
50 76
50 79
50 86
50 90
50 91
51 12
51 18
51 19
51 29
51 30
51 45
51 50
51 51
51 61
51 68
51 84
51 87
51 97
51 115
51 124
51 135
51 149
51 158
51 159
51 174
51 182
51 198
52 1
52 15
52 17
52 21
53 3
53 4
53 5
53 13
53 14
53 21
53 33
53 34
53 38
53 41
53 49
53 52
53 56
53 78
55 1
55 147
55 148
55 149
56 1
56 3
56 6
56 9
57 16
57 36
57 38
57 100
57 107
57 110
57 114
57 116
57 118
57 124
57 126
57 147
57 149
58 2
58 10
58 22
58 26
58 29
58 34
58 40
58 45
58 52
58 55
59 5
59 8
59 14
59 15
59 20
59 21
59 34
59 46
59 48
59 50
59 59
60 8
60 9
60 14
60 18
60 20
60 36
60 38
60 53
60 62
60 68
60 70
60 88
60 92
60 109
60 110
60 117
60 118
60 123
60 128
60 130
61 6
61 9
62 7
62 8
62 12
62 13
62 14
62 24
62 43
62 49
62 51
62 63
62 64
62 68
62 72
62 82
62 94
62 95
62 98
62 100
63 1
63 3
63 8
63 18
63 27
63 33
63 37
63 45
63 59
63 63
63 64
63 65
63 66
64 1
64 17
65 6
65 7
65 14
65 18
65 25
65 26
65 34
65 40
65 43
65 44
65 47
65 51
66 5
66 10
66 12
66 19
66 25
66 29
66 35
66 41
66 52
66 61
66 70
66 80
67 11
67 19
67 26
67 34
67 40
67 46
67 57
68 2
68 12
68 14
68 20
68 23
68 24
68 32
70 2
70 4
70 5
70 6
70 11
70 28
70 30
70 33
70 39
70 40
70 43
70 44
70 59
70 64
70 65
70 70
70 89
70 91
70 101
70 103
70 107
70 118
70 119
70 125
70 128
70 135
70 142
70 146
70 240
70 243
70 250
70 254
70 257
70 262
70 265
70 268
70 273
70 283
70 287
70 292
71 33
71 62
71 64
71 65
71 71
71 80
71 81
71 84
71 90
71 102
71 105
71 108
71 111
71 116
71 123
71 129
71 130
71 133
71 142
71 144
71 145
71 151
71 153
71 155
71 156
71 158
71 159
71 161
71 164
71 168
71 175
71 185
71 194
71 197
71 199
72 6
72 8
72 21
72 22
72 27
72 34
72 44
72 45
73 4
73 5
74 6
74 9
74 16
74 23
74 24
76 5
76 9
80 5
80 8
80 10
80 19
80 22
80 25
80 27
80 28
80 30
80 42
80 43
80 47
80 49
80 56
80 66
80 67
80 69
80 72
81 1
81 3
81 7
81 15
81 18
81 19
81 23
81 44
82 10
82 16
83 9
83 15
83 20
83 21
83 37
83 54
83 55
83 56
83 60
83 71
85 20
85 23
85 25
85 30
85 31
85 40
85 48
86 2
86 10
86 13
86 36
86 37
86 39
86 59
86 66
86 69
86 71
86 81
87 1
87 5
87 11
87 51
87 54
87 57
87 59
87 63
87 65
87 66
87 78
87 91
87 94
87 102
87 103
87 111
87 129
87 132
87 134
87 184
87 186
87 195
87 197
87 198
87 202
87 212
87 218
87 219
87 224
87 229
87 231
88 104
88 116
88 119
88 125
88 126
88 130
88 131
88 139
88 140
88 176
88 180
88 184
88 186
88 194
88 198
88 199
89 11
89 24
91 1
91 11
91 12
93 55
93 59
93 60
95 15
95 49
95 61
95 66
95 72
95 170
95 182
95 195
95 207
95 208
95 210
95 226
97 11
97 16
97 17
97 18
97 21
97 27
97 45
97 48
98 2
98 3
98 8
98 24
98 39
98 41
98 43
98 44
98 57
98 58
98 60
98 65
98 74
98 77
98 83
98 85
98 86
99 1
99 2
99 50
99 66
99 78
99 82
99 89
101 9
101 10
101 18
101 36
101 52
101 54
101 79
101 85
101 86
101 91
101 97
101 107
101 113
101 124
101 132
101 135
101 143
101 154
102 4
102 6
103 10
103 14
103 19
103 21
103 22
103 32
103 45
103 49
103 50
103 55
103 68
103 70
103 71
103 74
103 75
103 78
103 83
103 84
103 93
103 99
103 104
103 105
103 107
103 108
103 116
103 120
107 1
107 3
107 7
107 14
107 15
107 18
107 20
107 26
107 28
107 37
107 42
107 43
107 46
