1 8
2 3
2 10
2 11
2 13
2 15
2 29
2 32
2 34
2 38
2 39
2 48
2 50
2 51
2 58
2 69
3 5
4 1
4 12
4 17
4 25
4 27
4 30
4 31
4 41
6 6
7 14
7 16
7 26
7 32
7 35
7 37
7 38
7 45
7 161
7 164
7 167
7 168
7 171
7 176
7 180
7 186
7 187
7 189
7 194
7 261
7 268
7 271
7 280
7 282
7 301
7 312
7 328
7 329
7 344
7 347
7 361
7 377
7 380
7 381
7 389
7 391
8 4
8 5
8 6
8 9
8 20
8 25
10 63
10 66
13 22
13 51
13 59
13 78
13 85
13 90
14 2
14 7
14 10
14 13
14 15
14 17
14 19
15 26
15 34
15 37
15 40
15 42
15 48
15 52
15 53
15 65
15 67
15 71
15 72
15 80
15 81
15 91
15 96
15 107
15 108
16 33
16 35
16 37
16 39
16 41
16 131
16 133
16 138
18 61
18 64
18 69
18 72
18 73
18 80
18 81
18 85
18 95
18 96
18 102
18 112
18 117
18 135
18 140
19 5
19 7
19 17
19 22
19 34
19 37
19 46
19 48
19 51
19 66
19 74
19 76
19 87
19 91
19 92
19 99
19 100
19 102
19 104
19 110
19 112
19 119
19 126
19 130
19 138
19 140
19 149
19 152
19 153
19 154
19 161
19 163
19 168
19 170
19 174
19 184
19 186
19 204
19 205
20 88
20 89
20 99
20 112
20 114
20 123
20 125
20 126
21 4
21 5
21 8
21 9
21 15
21 20
21 24
21 28
21 33
21 46
21 49
21 67
22 3
23 41
23 45
23 46
23 50
23 58
23 63
23 65
23 67
23 68
23 73
23 78
23 83
23 86
23 89
23 92
23 98
23 99
23 105
24 1
24 6
24 14
26 2
26 24
26 27
26 29
26 30
26 42
26 44
26 47
26 60
26 62
26 75
26 96
26 97
26 105
28 1
28 2
28 4
28 7
28 11
28 31
28 36
29 2
30 2
30 6
30 11
30 46
30 48
30 58
30 59
33 9
33 14
33 20
33 25
34 1
34 8
34 10
34 28
35 1
35 9
36 47
37 6
37 7
37 14
37 21
37 34
37 45
37 47
37 64
37 76
37 82
40 100
40 106
40 111
41 1
41 12
41 16
41 19
41 35
41 61
43 15
43 23
43 35
43 43
43 53
43 58
43 70
43 76
43 77
43 82
43 85
43 89
43 92
43 96
43 100
43 110
43 118
43 120
43 125
43 126
43 130
43 131
43 135
43 142
43 216
43 223
43 226
43 229
43 230
43 241
43 247
43 253
43 256
43 257
43 266
44 1
44 2
44 55
44 56
44 60
44 61
44 65
44 79
44 88
44 96
44 99
44 105
44 112
44 115
44 121
44 132
44 149
44 152
44 172
44 180
44 185
44 186
44 194
44 206
44 221
44 224
44 233
44 239
44 245
44 251
44 253
44 256
44 264
44 265
44 272
44 278
44 280
44 282
44 283
44 288
44 293
44 301
44 310
45 8
45 9
45 11
45 17
46 6
46 12
46 14
46 28
46 35
46 36
46 38
46 39
46 44
46 65
46 66
46 69
46 71
46 77
46 81
46 84
46 86
46 90
46 97
46 100
46 115
46 122
46 126
46 132
47 2
47 91
48 10
48 19
48 28
48 33
48 35
48 36
48 38
49 4
49 7
49 16
49 28
49 32
49 43
49 46
49 49
49 57
49 64
49 65
49 67
49 68
49 69
49 71
49 72
49 88
49 96
49 107
49 114
49 117
49 123
49 125
49 133
49 155
49 162
49 178
49 191
49 193
49 194
52 17
52 50
52 67
52 78
52 79
52 81
52 83
52 85
52 90
52 92
52 99
52 107
52 109
52 113
52 116
52 120
52 126
52 136
52 139
52 141
52 144
52 148
52 152
52 158
52 222
52 223
53 3
53 6
53 9
54 17
54 20
54 34
54 35
54 40
55 19
55 24
55 34
55 42
55 48
55 50
55 51
56 6
56 9
56 13
56 15
56 17
56 18
56 21
56 22
56 30
56 31
56 33
56 37
56 42
56 44
56 45
56 50
56 55
56 67
56 68
56 70
56 73
56 75
56 78
56 80
56 86
56 95
56 96
56 102
56 106
56 109
56 116
57 6
57 16
57 19
57 22
57 23
57 32
57 44
57 60
57 61
57 62
57 69
57 75
57 76
57 79
57 100
57 102
57 106
57 107
57 132
57 150
57 153
57 165
57 171
57 310
57 314
57 315
57 319
57 322
57 323
57 337
57 339
57 345
57 347
57 349
57 365
57 367
57 383
57 384
57 390
57 393
57 398
57 404
58 1
58 9
58 19
58 24
59 1
59 11
59 15
59 16
59 19
59 20
59 21
59 37
59 41
59 74
60 1
61 10
61 11
61 31
61 42
61 44
61 73
61 77
61 79
61 93
61 96
61 103
61 106
61 109
61 114
61 118
61 119
61 128
61 133
61 134
61 136
61 141
61 146
62 34
62 37
62 47
62 48
62 49
62 53
62 59
62 65
62 67
62 80
62 90
62 91
62 101
62 104
62 112
62 131
62 132
62 141
62 143
63 18
64 2
64 6
64 7
64 9
64 31
64 32
64 36
64 42
64 45
64 50
64 52
64 55
64 61
65 5
65 14
65 18
65 27
65 29
65 35
65 59
65 67
65 72
65 74
65 81
65 84
65 87
65 109
65 110
65 112
66 4
66 5
66 12
67 22
68 1
68 4
68 7
68 10
69 13
69 25
69 27
69 29
69 31
69 33
69 35
69 37
69 38
69 45
69 50
70 15
70 16
70 19
70 24
70 35
71 3
71 5
71 6
71 10
71 34
71 50
71 64
72 6
72 12
72 59
73 1
73 7
73 9
73 10
73 14
73 15
73 18
73 25
73 27
74 123
74 137
75 7
75 28
75 37
75 42
75 54
75 75
75 78
75 93
75 95
75 102
75 103
75 104
75 106
75 107
75 123
75 135
75 137
75 147
75 149
76 2
79 6
79 7
79 11
80 50
80 61
82 115
83 5
83 10
83 12
83 21
83 27
83 38
83 40
83 41
85 38
85 45
85 51
85 54
85 61
85 75
85 87
85 94
85 99
85 104
85 105
85 112
85 172
85 178
85 183
85 186
85 187
85 197
85 205
85 210
85 212
85 236
85 238
85 251
85 258
85 260
85 262
85 268
85 269
85 271
85 278
85 293
85 298
85 299
85 306
86 1
87 9
87 11
87 12
87 32
87 51
87 58
87 59
87 67
87 68
87 70
87 93
89 53
89 58
89 61
89 65
89 68
92 18
92 19
92 21
92 23
92 39
92 46
92 52
92 55
92 56
92 65
92 68
92 69
92 74
92 78
92 82
92 85
92 91
92 93
92 94
92 96
92 98
92 110
92 111
92 112
92 115
92 122
92 123
92 131
92 139
92 147
92 148
93 4
93 5
93 7
93 17
93 24
93 30
94 6
94 7
94 10
94 13
95 2
95 13
95 19
95 21
95 45
95 47
97 4
97 10
98 8
99 3
99 7
99 13
102 21
102 48
102 58
102 61
102 63
102 64
102 79
102 86
102 88
102 89
102 90
102 101
102 113
102 120
102 126
102 135
102 144
103 16
103 17
104 2
104 3
104 5
104 6
104 10
104 13
104 21
104 22
104 28
104 31
104 35
104 37
104 44
104 47
107 2
107 5
107 10
107 20
107 21
107 25
107 28
107 33
107 35
107 38
107 39
107 43
107 45
107 60
107 71
107 77
107 80
107 85
107 87
107 90
107 101
107 103
107 110
107 118
107 124
107 125
107 145
107 148
107 151
107 157
107 165
107 166
107 170
107 186
108 122
108 128
108 143
108 148
108 153
108 165
108 169
108 185
108 186
108 188
108 194
108 203
108 207
108 211
108 217
108 219
108 220
108 227
108 229
108 231
108 238
109 10
109 12
109 19
109 36
109 38
111 3
111 7
111 12
111 14
111 27
111 35
111 61
111 67
111 78
111 88
111 93
112 6
112 8
112 9
112 20
112 28
112 29
112 31
112 35
112 36
112 45
113 9
114 13
114 17
114 18
114 21
114 23
114 24
114 25
114 31
114 39
116 68
116 69
116 70
116 74
116 79
116 81
116 89
116 132
116 153
116 162
116 190
116 193
116 196
116 203
116 205
116 219
117 4
117 15
117 17
117 27
117 29
117 40
117 41
117 43
117 45
117 176
117 181
117 182
117 186
117 188
117 191
117 195
117 204
117 208
117 210
117 213
117 243
117 245
117 250
117 252
117 257
117 265
