1 2
1 11
1 12
1 18
1 24
3 70
3 73
3 79
3 85
3 92
3 95
3 96
4 65
4 70
4 77
4 78
4 81
4 93
4 136
5 35
5 37
5 38
5 45
5 71
5 77
5 81
5 89
5 92
5 93
5 98
5 105
6 1
6 5
6 6
6 11
7 8
7 13
7 19
7 25
7 35
7 45
7 49
8 48
8 49
8 50
8 51
8 54
8 57
9 142
9 147
9 149
9 152
9 158
9 161
9 165
9 166
9 169
9 170
9 174
9 178
9 179
9 184
9 197
9 198
9 200
9 213
9 214
9 217
9 220
9 224
11 25
11 28
11 30
11 42
11 46
11 54
11 61
11 64
11 71
11 72
11 75
11 76
11 79
11 81
11 91
11 98
11 111
11 124
11 136
11 150
11 157
11 158
11 168
11 170
11 172
11 211
11 215
12 11
12 13
12 14
12 17
12 34
12 38
12 48
12 53
12 193
12 200
14 25
14 155
14 162
14 165
14 166
15 23
15 51
15 70
15 75
15 77
15 85
15 89
15 92
15 95
15 104
15 107
15 108
15 119
15 122
15 130
15 131
15 134
16 1
16 8
16 9
16 22
16 25
17 14
17 16
17 17
17 23
17 24
17 26
17 28
17 54
18 7
18 9
18 11
18 14
18 21
18 24
20 2
20 4
20 5
20 9
20 90
20 144
20 152
20 155
20 164
20 167
20 172
20 177
20 180
20 182
20 183
20 184
20 193
20 195
20 198
20 199
20 200
20 204
20 209
20 212
20 213
20 215
21 6
24 46
26 4
26 15
26 18
27 46
30 6
30 9
30 11
30 12
32 23
32 26
32 28
32 29
32 57
32 61
33 9
33 12
33 14
33 20
33 24
33 28
33 33
33 36
33 40
33 50
33 57
33 65
33 81
33 82
33 86
33 93
33 94
33 97
33 131
33 138
33 150
33 156
33 157
33 159
33 161
33 162
33 166
33 167
34 33
34 41
34 46
35 5
35 10
35 16
35 24
35 26
35 27
35 28
35 30
35 31
35 33
38 5
38 6
38 7
38 22
38 24
38 28
38 32
38 33
38 38
38 42
38 47
38 58
38 65
38 70
38 74
38 81
38 89
38 100
38 104
38 110
38 124
40 77
40 79
40 85
40 86
40 96
40 105
40 113
40 117
41 3
41 5
41 12
41 25
41 26
41 28
41 37
41 43
41 49
41 50
41 66
41 76
41 80
41 81
41 83
42 7
42 9
43 12
43 17
44 2
44 4
44 34
44 46
44 51
44 60
44 75
44 76
44 91
44 92
44 95
44 142
44 144
44 159
44 163
44 164
44 168
44 171
44 175
44 176
44 177
44 179
44 182
44 191
44 210
44 237
44 240
44 245
44 255
44 265
44 270
44 274
44 292
44 298
44 299
45 1
45 8
45 16
45 22
45 26
45 34
45 47
45 49
46 15
46 23
46 34
46 36
46 42
46 54
46 65
46 67
46 69
46 70
46 74
46 76
46 77
46 83
46 91
46 97
46 99
46 105
46 106
46 108
46 109
46 110
46 122
46 128
46 130
47 15
52 63
52 66
52 74
52 81
52 91
52 97
52 98
52 114
52 120
52 125
52 139
52 141
52 145
52 160
52 161
52 166
52 172
52 174
52 177
53 2
53 5
53 6
53 9
53 11
53 12
54 3
54 8
54 11
56 11
56 16
56 17
56 24
56 25
56 27
57 2
57 4
57 13
57 14
57 21
58 11
59 2
59 8
59 12
59 13
59 23
59 25
59 26
59 30
59 41
59 46
59 51
59 57
59 60
59 64
59 73
60 8
60 12
61 6
61 9
63 1
63 2
63 21
63 28
63 32
63 35
63 36
63 42
63 63
63 66
63 94
63 112
63 113
63 120
63 121
63 123
63 130
63 138
63 139
63 146
63 147
63 154
63 156
63 158
63 163
63 164
63 175
63 181
63 182
63 187
63 194
63 200
63 206
63 208
63 324
63 327
63 331
63 332
65 46
65 48
65 50
65 53
65 56
65 65
65 89
66 9
66 20
66 25
66 30
66 44
66 50
66 71
66 73
66 78
66 96
66 98
66 104
66 112
66 115
66 118
66 119
66 120
67 3
67 6
67 14
67 19
67 27
67 28
67 45
67 46
67 48
67 87
67 94
67 97
67 103
67 108
67 110
67 120
67 124
67 130
68 2
68 3
68 13
68 17
68 18
68 27
68 35
68 38
68 39
68 41
68 56
68 62
68 65
68 71
68 74
68 76
68 89
68 91
68 97
68 104
68 108
68 113
69 4
69 12
69 15
69 30
69 32
69 33
69 39
69 47
69 49
69 77
69 82
69 87
69 88
69 94
69 98
69 104
69 115
69 117
69 121
69 123
69 124
70 16
70 19
71 2
72 7
72 18
72 30
72 34
73 1
73 2
73 17
73 20
73 48
73 51
73 55
73 63
73 64
73 104
73 105
73 106
73 110
73 114
73 125
73 261
73 262
73 264
73 281
73 282
73 284
73 297
75 6
75 8
75 26
75 37
75 53
75 55
76 5
76 10
76 11
76 17
76 35
76 44
76 48
76 57
76 58
76 73
76 77
76 186
76 190
76 192
76 203
76 204
76 210
76 219
76 228
76 230
76 232
77 79
77 86
77 92
77 102
77 110
77 115
77 120
77 125
77 134
77 140
77 141
77 148
77 149
77 159
77 162
77 179
77 185
77 198
77 199
77 208
77 210
78 2
78 10
78 11
78 17
78 30
78 32
78 43
78 73
78 75
79 1
79 21
79 26
79 34
80 2
80 13
80 47
80 48
80 51
80 65
80 72
80 79
80 83
80 85
80 98
81 5
81 15
81 31
81 35
82 10
82 13
82 15
82 35
82 39
83 13
83 14
83 28
84 4
84 10
84 17
84 117
84 120
85 2
85 4
85 16
85 20
85 21
85 24
85 26
85 29
85 36
85 44
85 51
85 73
86 2
86 5
86 9
86 25
86 29
86 39
86 43
86 57
86 64
86 80
86 81
86 83
86 85
86 88
86 90
86 93
86 104
86 110
86 114
86 119
86 134
86 137
86 141
86 147
86 160
86 168
86 170
86 171
86 174
86 184
86 327
86 328
86 344
86 346
86 347
86 354
86 358
86 360
86 361
86 363
86 368
86 375
86 380
86 392
86 397
86 398
86 399
86 419
86 423
86 424
86 426
86 431
86 453
87 1
87 7
87 17
87 26
87 27
87 29
87 45
87 48
87 49
87 62
87 64
89 5
89 17
89 18
89 26
89 29
89 37
89 40
89 50
89 51
89 65
89 66
89 76
89 84
89 89
90 4
90 8
90 29
90 34
90 37
90 41
90 66
90 69
90 72
90 79
90 80
90 81
90 83
90 85
90 87
90 90
91 59
91 71
91 78
91 79
91 98
91 105
91 107
91 111
91 115
91 126
91 128
91 129
91 139
91 150
92 11
92 19
92 26
92 31
93 18
93 25
93 30
93 36
93 40
93 45
93 101
93 106
96 74
96 77
96 83
96 98
96 107
96 115
96 118
96 121
96 129
96 132
96 135
96 141
96 149
96 152
96 153
96 162
96 163
96 165
96 168
96 169
96 170
98 57
98 59
98 64
98 66
98 70
98 71
99 3
99 4
99 7
99 9
99 12
99 16
99 27
99 28
99 29
100 4
100 20
100 25
100 33
100 42
100 55
101 1
101 22
101 34
101 35
101 42
101 46
101 177
101 178
101 186
101 249
101 252
101 256
102 3
102 7
103 19
103 23
103 26
103 29
103 31
103 43
103 44
103 46
103 49
105 69
105 74
106 1
107 7
108 1
108 10
108 12
108 19
108 23
108 31
