1 13
1 27
1 33
1 37
1 39
1 48
1 49
1 50
1 52
1 67
1 68
1 70
2 1
2 6
2 7
2 8
2 12
2 15
2 23
2 25
2 49
2 52
2 57
2 159
2 161
2 162
2 171
2 176
2 182
2 184
2 192
2 196
2 200
2 203
2 208
3 2
5 26
5 28
7 118
7 123
7 129
7 132
7 135
7 141
7 147
7 149
7 151
7 157
7 161
8 5
8 7
8 24
8 25
8 26
8 37
8 46
8 49
8 53
8 57
8 59
8 69
8 83
8 94
8 100
8 229
8 232
8 246
8 251
8 252
8 266
8 275
8 289
8 296
8 302
8 306
8 313
8 314
8 315
8 317
8 321
8 327
8 329
8 331
8 341
8 367
8 368
8 374
8 387
8 388
8 393
8 395
8 396
9 23
9 26
9 29
9 33
9 34
9 37
9 40
9 47
9 52
9 61
10 2
10 8
11 4
13 30
13 31
13 42
13 48
13 53
13 56
14 31
15 7
15 9
15 10
15 11
15 13
15 18
15 21
15 32
15 33
15 44
15 53
15 58
15 68
15 72
15 74
15 77
15 87
15 94
15 97
15 101
15 103
15 112
15 117
15 122
15 127
16 17
16 40
16 55
16 56
16 83
16 92
16 93
16 95
16 103
16 123
16 129
16 131
16 141
16 142
16 148
16 157
16 167
16 172
17 10
17 14
17 15
17 19
17 22
17 36
17 38
17 47
17 53
17 54
17 56
17 58
17 59
18 22
18 36
18 45
18 47
18 50
18 62
18 65
18 66
18 69
19 8
19 12
19 16
19 105
20 5
21 2
22 14
23 3
23 4
24 18
24 23
24 24
24 30
24 33
24 35
24 41
24 46
24 105
24 109
24 112
25 5
25 11
25 15
26 2
26 3
27 6
27 12
27 16
28 29
28 30
28 32
28 35
28 36
28 39
28 41
28 55
29 4
29 10
29 21
29 25
29 27
29 28
29 30
29 40
29 71
29 76
30 1
30 6
30 11
30 20
30 26
30 34
30 38
30 40
30 41
30 46
30 57
30 65
30 78
30 79
30 82
30 83
30 87
31 2
31 5
31 20
31 30
31 32
31 36
31 40
31 43
31 46
31 47
31 131
31 132
32 3
32 6
32 11
32 12
32 14
32 17
34 50
34 51
34 54
35 4
35 8
35 35
35 39
35 52
35 54
35 63
35 64
37 44
37 46
39 11
39 18
39 19
39 24
39 33
39 35
39 46
39 50
39 56
39 58
39 60
39 61
39 62
39 81
39 86
39 91
39 98
41 57
41 62
41 85
41 87
41 101
41 104
41 107
41 110
41 123
41 124
41 130
41 137
41 138
41 143
41 144
41 156
41 172
41 187
41 200
42 6
42 13
42 30
42 38
42 49
42 53
42 60
42 61
42 79
42 80
42 83
43 10
43 23
43 25
43 31
43 33
43 36
43 43
43 44
43 60
43 61
43 65
43 66
43 69
43 79
43 102
43 105
43 106
44 61
44 65
44 74
44 76
44 104
44 113
44 120
44 134
44 138
44 143
44 147
44 153
44 155
44 158
45 129
45 140
45 141
45 143
45 144
45 145
46 1
46 6
46 26
47 1
47 2
47 7
47 13
47 25
47 26
47 39
47 40
47 62
47 71
47 74
47 81
47 82
47 83
47 87
47 91
47 95
47 97
47 101
47 130
47 141
47 142
47 149
47 153
47 154
47 160
47 162
47 168
47 174
47 176
47 181
47 182
47 184
47 186
47 190
47 198
47 203
47 204
47 209
47 215
47 216
47 219
47 231
49 64
49 94
49 105
49 109
49 113
49 114
49 116
50 92
50 94
51 8
52 20
52 155
52 156
52 165
52 169
52 189
52 190
52 196
52 216
52 229
52 232
52 237
52 238
52 242
52 246
52 248
52 263
52 272
52 284
53 2
53 6
53 10
53 13
53 14
53 15
53 21
53 30
53 39
53 42
53 43
56 60
56 64
56 69
56 133
56 137
56 153
56 163
56 164
56 168
56 171
56 179
56 184
56 188
56 194
56 206
56 212
56 214
56 234
56 238
56 240
56 242
56 247
56 249
56 254
56 266
56 267
56 277
56 291
56 305
56 311
56 321
56 325
56 327
56 328
56 330
56 336
56 359
56 364
56 365
56 371
56 374
56 380
56 396
56 401
57 4
57 11
57 13
57 28
57 29
57 34
57 44
57 45
57 48
57 55
57 56
57 63
57 67
57 69
57 71
58 30
60 11
60 13
60 14
60 16
60 22
60 25
60 30
60 31
60 32
61 4
61 9
62 26
62 37
62 43
62 45
62 50
62 52
62 53
62 65
62 68
62 81
62 94
62 102
62 104
62 107
62 108
62 112
63 79
63 93
63 100
63 105
63 106
63 114
64 1
64 2
64 6
64 9
64 11
64 15
64 17
64 28
66 25
66 28
68 8
68 9
68 12
68 25
68 30
68 31
68 32
68 33
68 39
68 56
68 62
68 64
68 82
68 93
68 96
68 109
68 120
68 121
68 126
68 127
68 133
68 134
68 138
68 144
68 149
68 154
68 157
68 159
68 161
68 165
68 166
68 167
68 168
68 171
68 174
70 2
70 4
70 5
70 13
70 18
70 27
70 28
70 30
70 32
70 42
70 44
70 60
70 68
70 78
70 81
70 84
71 11
71 15
71 21
71 24
71 31
71 33
71 38
71 39
71 43
71 55
71 58
71 59
71 68
72 13
72 21
72 26
72 28
72 29
72 38
72 43
72 46
72 56
72 58
72 63
72 68
72 69
72 72
72 76
72 79
72 80
72 97
72 103
72 109
72 112
72 122
73 1
73 4
73 8
73 10
73 16
73 24
73 25
73 31
73 32
73 37
73 40
73 50
73 57
73 62
73 63
74 34
74 35
74 42
74 44
74 55
74 57
74 62
74 65
74 71
74 76
74 77
74 79
74 81
74 83
74 88
74 94
74 97
74 99
74 123
74 126
74 127
74 135
74 137
74 139
74 142
74 144
74 149
74 152
74 157
74 164
74 169
74 170
74 281
74 291
74 297
74 299
74 301
74 304
74 308
74 314
74 318
74 319
74 326
74 332
74 334
74 335
75 1
75 3
75 4
75 12
75 14
75 23
75 27
75 31
75 44
76 32
76 45
76 61
76 64
76 65
76 73
76 80
76 83
76 207
76 226
76 235
76 239
76 244
76 254
76 265
77 86
77 104
77 105
77 116
77 244
77 245
77 249
77 252
77 253
77 260
77 315
78 5
78 18
78 20
78 22
78 25
78 52
78 53
78 63
78 64
78 69
78 75
78 78
78 86
78 91
78 92
78 96
78 102
78 139
78 147
78 148
78 158
78 165
78 168
78 175
78 185
78 193
78 194
78 195
78 289
78 296
78 299
78 302
78 307
78 314
78 318
79 6
79 15
79 16
80 7
80 26
80 29
80 38
80 39
80 49
81 2
81 9
81 15
81 19
81 22
81 33
82 3
82 7
82 14
82 16
82 19
82 22
82 23
82 34
82 36
82 46
82 48
82 49
82 57
82 65
82 77
82 81
82 111
82 121
82 126
82 133
82 135
82 136
82 139
82 141
82 147
82 151
82 159
82 160
82 166
82 171
82 183
82 189
82 197
82 201
82 202
82 210
82 212
82 217
82 218
82 219
82 225
82 226
82 231
82 262
83 37
83 39
83 46
83 51
83 58
83 59
83 64
83 76
83 77
83 78
83 88
84 3
84 10
84 11
84 23
84 30
84 34
84 41
85 127
85 136
85 138
85 150
85 180
85 181
85 194
85 199
85 201
85 205
85 210
85 214
85 216
85 224
85 227
85 228
85 233
85 257
86 45
86 46
86 55
86 59
86 62
86 91
86 124
86 138
86 150
89 21
89 27
89 38
89 41
89 67
89 69
89 73
89 75
89 76
89 77
90 5
90 15
90 26
90 34
91 12
92 2
92 6
92 10
92 11
92 19
92 23
92 27
92 30
92 33
92 34
92 41
92 47
92 51
92 60
92 64
92 65
92 70
92 71
92 75
92 78
93 6
93 11
93 16
93 28
94 69
94 81
94 83
94 84
94 86
94 116
94 122
94 128
94 140
94 149
94 152
94 154
94 157
94 166
94 167
94 173
94 174
94 176
94 178
94 180
94 181
94 186
94 196
94 231
94 235
94 243
94 244
94 245
94 249
94 254
94 256
94 267
94 268
95 2
95 11
99 21
99 29
99 53
99 58
99 63
100 3
100 6
100 19
100 25
100 29
100 32
100 35
100 53
100 58
100 61
100 73
100 84
100 85
100 111
100 117
101 9
102 41
102 43
102 49
102 50
102 52
102 57
102 59
102 63
102 65
102 72
102 79
102 80
102 86
105 2
105 6
105 8
105 12
105 15
105 23
105 26
105 36
106 7
106 9
106 26
106 31
