1 4
1 6
1 10
1 96
2 1
2 2
2 4
2 5
2 11
2 14
2 15
2 17
2 19
2 20
3 1
5 83
5 87
5 90
5 93
5 115
5 126
5 130
5 189
6 7
9 36
9 41
9 51
9 52
9 57
9 62
9 63
9 70
9 84
9 88
9 96
9 98
9 113
9 183
9 194
9 199
9 201
9 204
9 212
9 238
9 240
9 241
9 250
9 254
9 260
9 267
9 270
9 275
9 282
9 284
9 286
10 5
10 12
10 15
10 24
10 26
10 30
10 32
10 36
11 7
11 10
11 22
11 47
11 49
11 51
11 52
11 61
11 63
11 76
13 4
13 5
13 6
13 20
13 22
13 33
13 38
13 63
14 12
14 13
14 14
14 15
14 24
14 31
14 33
15 5
15 7
15 12
17 25
18 7
18 9
18 13
18 14
18 17
18 28
18 42
18 44
18 50
18 51
18 57
18 70
18 71
18 74
18 79
18 81
18 85
18 88
18 90
18 91
18 95
18 102
18 118
18 122
20 44
20 50
20 57
20 65
20 67
20 70
20 75
21 17
22 23
22 32
22 50
22 61
22 68
22 70
23 99
23 106
23 108
23 119
23 134
23 136
23 146
23 252
26 14
26 15
26 19
26 24
26 25
26 28
26 34
26 38
26 41
26 43
26 48
26 51
26 63
26 66
26 67
26 69
26 74
26 78
26 88
26 93
26 107
26 117
26 272
26 273
26 274
26 278
26 283
26 287
26 288
26 294
26 305
27 10
27 11
27 13
27 20
27 33
27 36
27 39
27 41
27 46
27 47
27 49
27 52
27 53
27 64
27 100
27 117
27 120
27 121
27 130
27 132
30 21
30 23
30 155
30 160
30 162
30 165
30 172
31 47
31 51
31 54
31 56
31 58
31 59
33 86
33 93
33 94
34 4
34 14
34 21
34 29
34 35
34 36
34 40
35 1
35 4
35 36
35 41
35 44
35 45
35 54
35 61
35 63
35 64
35 65
35 71
35 73
35 77
35 78
35 89
35 93
35 104
35 108
35 111
35 116
35 121
35 130
35 132
35 134
36 15
36 17
36 18
36 20
36 26
37 64
37 77
37 80
37 98
37 195
37 197
37 201
38 13
38 20
39 43
39 56
39 57
39 60
39 63
39 72
39 75
39 80
39 86
39 113
39 117
39 119
39 123
39 129
40 7
40 23
40 25
40 36
40 42
40 44
40 49
40 50
40 55
40 56
40 60
40 74
40 88
40 89
40 95
41 18
41 20
41 27
41 38
41 40
41 43
41 46
41 47
41 56
41 57
41 64
41 70
41 83
41 96
43 13
43 33
43 36
43 37
43 55
43 60
44 3
44 7
44 14
44 17
44 18
45 13
45 14
45 29
45 36
45 39
45 46
45 54
45 62
45 69
45 73
45 76
45 77
45 80
46 6
47 4
47 5
47 25
47 38
47 43
47 44
47 53
47 55
47 58
47 61
47 63
47 72
47 73
47 206
47 215
47 216
47 220
48 85
48 86
48 94
48 95
48 102
48 104
48 110
48 113
48 117
48 118
49 11
49 12
50 3
50 11
50 40
50 53
50 61
50 65
50 66
50 76
50 81
50 84
50 91
50 118
50 122
50 124
50 136
50 139
50 141
50 150
50 156
50 162
50 163
51 63
51 65
51 66
51 84
51 98
51 99
51 105
51 106
51 107
51 118
51 125
51 126
51 127
51 131
51 133
51 137
52 12
52 13
52 14
54 45
54 49
55 5
55 11
55 16
55 32
55 33
55 39
56 1
56 5
56 19
56 23
56 35
56 37
56 40
56 43
56 44
56 48
56 56
56 61
56 87
56 98
56 110
56 114
56 123
56 133
56 134
56 138
56 140
56 141
56 154
56 159
56 164
56 173
56 183
56 213
56 222
56 223
56 224
56 254
56 268
56 271
56 272
56 275
56 287
56 289
57 3
57 6
57 12
57 25
57 29
57 40
57 42
57 43
57 73
57 80
57 84
57 86
57 88
57 125
57 143
58 8
58 16
59 55
59 58
59 60
59 62
59 67
59 69
59 77
59 78
59 82
60 17
60 25
61 7
61 39
61 44
61 47
61 60
61 70
61 75
61 78
61 82
61 90
61 142
61 145
61 152
61 183
61 186
61 192
62 26
62 36
62 44
62 45
62 46
62 51
62 54
62 62
62 68
62 69
62 71
62 78
62 90
62 92
62 95
62 105
62 110
64 9
65 4
65 7
65 66
65 78
65 79
65 80
65 84
65 96
65 105
65 113
65 114
65 119
65 129
65 132
65 133
65 135
65 140
65 159
65 173
65 179
65 187
65 214
65 219
65 225
65 226
65 230
65 231
65 234
65 238
66 10
66 14
66 21
66 23
66 41
66 58
66 59
66 62
66 70
67 41
67 45
67 49
67 55
67 57
67 62
67 64
67 70
67 71
67 74
67 81
67 109
67 112
67 113
67 117
67 124
67 126
67 132
67 141
67 143
67 147
67 148
67 150
67 151
67 155
67 158
67 163
67 166
67 167
67 177
67 179
67 180
67 191
67 196
67 197
67 198
67 201
67 205
67 209
67 213
67 215
70 68
70 70
70 78
70 80
70 97
70 126
70 127
70 129
70 130
70 132
70 134
70 171
70 175
71 22
71 25
71 27
71 31
71 47
71 48
71 52
71 55
71 61
72 1
72 28
72 30
72 54
72 55
73 7
73 12
73 20
73 32
74 1
74 5
75 2
75 26
75 28
76 17
76 18
76 20
76 23
76 27
76 38
76 45
77 5
77 24
77 31
77 45
77 56
77 67
77 72
77 217
77 218
77 220
77 237
77 239
78 2
78 12
79 1
79 4
79 10
79 16
80 11
80 18
80 34
80 37
82 63
82 72
82 90
82 91
82 95
82 96
82 103
82 109
82 110
82 162
82 163
82 171
82 174
82 180
82 181
82 188
82 189
82 331
82 345
82 353
82 355
82 366
82 374
82 376
82 378
82 379
82 383
82 388
82 396
82 405
82 416
82 424
82 425
82 426
82 462
82 464
82 468
82 477
82 484
82 496
83 2
83 8
83 28
83 33
83 42
83 43
83 45
83 46
83 52
84 9
84 18
84 24
84 28
84 43
84 44
84 49
84 53
84 59
84 75
84 77
84 81
84 83
84 94
84 101
85 56
85 66
85 69
85 72
85 76
85 79
85 82
85 88
85 94
85 108
85 111
85 119
85 121
85 122
85 127
86 40
86 50
86 54
86 57
86 78
86 95
86 102
86 104
86 106
86 256
86 257
86 263
86 266
86 267
86 278
86 284
86 286
86 290
86 336
86 339
86 342
86 360
86 380
86 384
86 397
86 398
86 403
86 419
86 457
86 460
86 479
86 493
86 497
87 1
87 5
87 7
87 9
89 1
89 6
89 10
89 11
89 19
89 20
89 27
90 5
90 9
90 11
90 12
90 13
90 19
90 24
90 25
90 26
90 30
91 2
91 18
91 20
91 22
91 44
91 49
91 51
93 107
93 109
93 118
93 123
93 124
93 125
94 1
94 3
94 31
94 34
94 36
95 6
97 6
97 9
97 14
97 21
97 26
97 29
97 41
97 48
97 50
97 59
97 116
98 3
98 4
98 17
98 21
98 30
98 31
98 32
98 33
98 39
98 41
98 42
98 45
98 53
98 54
98 68
98 69
98 81
98 132
98 133
98 135
98 137
98 141
98 160
98 163
98 165
98 228
98 230
98 238
98 249
98 250
98 252
99 1
99 7
99 10
99 13
99 15
99 25
99 34
99 43
99 56
100 13
100 19
100 22
100 35
100 36
