1 2
1 11
1 14
1 15
1 16
1 30
3 19
3 21
3 28
3 32
3 46
3 49
3 53
3 72
3 85
3 91
3 96
3 99
3 102
3 103
3 104
3 111
3 112
3 122
3 130
3 138
3 144
3 146
4 6
4 7
4 136
4 140
4 148
4 214
4 219
4 220
4 224
4 235
5 3
5 6
5 19
5 31
5 39
5 40
5 54
5 58
5 63
5 77
5 80
5 91
5 98
5 103
5 104
5 116
5 117
5 126
5 131
5 144
5 152
5 155
5 158
5 160
5 174
5 177
5 178
5 179
5 184
5 188
5 191
5 192
5 193
5 194
5 195
5 198
5 208
5 210
6 4
6 8
7 3
7 4
7 5
7 18
7 19
7 26
7 32
7 33
7 145
7 160
7 165
7 169
7 171
7 203
7 206
7 215
7 220
7 237
12 41
13 1
13 8
13 11
13 20
13 36
13 46
13 48
13 52
13 55
13 62
13 68
13 71
13 73
13 75
13 86
13 94
13 111
13 112
13 128
13 132
13 149
13 155
13 156
14 57
14 59
14 67
14 69
14 76
14 78
14 79
14 92
14 100
14 106
14 114
14 116
14 133
14 137
14 141
15 1
15 13
15 14
15 18
15 19
15 30
15 32
15 35
15 41
15 46
15 62
15 63
15 67
15 68
15 75
15 220
15 226
15 228
15 229
15 232
15 241
15 247
15 259
15 261
15 269
15 273
15 283
15 287
15 295
15 296
15 298
15 301
15 307
15 313
15 317
15 326
15 337
15 340
15 341
15 344
15 350
15 363
15 365
15 366
15 369
15 370
15 376
15 377
15 379
15 380
15 381
15 383
15 396
15 399
15 410
15 541
15 542
15 544
16 3
16 6
16 9
16 52
16 71
16 72
16 80
16 91
16 92
16 95
16 96
16 97
16 99
16 101
16 106
16 111
16 113
16 114
16 120
16 122
16 128
16 136
16 141
16 159
17 4
17 8
17 20
17 24
17 28
17 34
17 36
17 45
17 54
17 61
17 63
18 1
18 4
19 4
19 7
19 8
19 52
19 118
20 2
20 12
20 24
20 26
20 37
20 50
20 51
21 8
21 18
21 25
21 30
21 36
21 44
21 46
21 79
21 84
22 13
22 16
22 24
22 30
22 31
22 36
22 40
22 46
22 48
22 60
22 67
22 70
22 71
22 75
22 78
22 82
22 84
22 85
22 86
22 87
22 88
22 89
22 99
22 100
22 178
22 180
22 201
22 207
23 12
23 17
23 19
23 30
23 34
24 6
24 16
24 33
24 38
24 40
24 44
24 46
24 51
24 52
24 64
24 78
25 74
25 76
25 88
25 89
25 90
25 98
27 23
27 32
27 43
27 47
27 51
27 59
27 64
27 68
27 86
27 88
27 95
27 116
27 119
29 8
29 15
29 21
29 44
29 45
29 50
29 54
29 62
29 64
29 67
29 73
29 74
29 80
31 5
31 10
31 18
32 26
32 28
33 3
33 9
33 11
35 49
36 11
36 12
36 23
36 24
36 32
36 39
36 53
36 60
36 80
36 85
36 99
36 102
36 110
36 111
36 120
36 124
36 126
36 129
36 130
36 132
36 137
36 142
36 143
36 150
36 154
36 155
36 158
36 163
36 167
36 174
36 175
36 177
38 71
38 81
38 82
38 99
38 108
38 120
38 121
39 1
39 2
39 15
39 17
39 21
40 5
40 6
40 145
40 149
40 150
40 156
40 157
40 159
40 170
40 171
40 177
40 185
40 191
43 5
43 6
44 1
45 86
45 89
45 92
45 108
45 109
45 112
45 114
45 120
45 123
45 127
45 128
46 7
46 8
46 18
46 23
46 27
47 12
48 1
48 4
48 5
48 13
49 23
49 25
49 26
49 31
49 32
49 44
49 45
49 47
49 56
49 57
49 62
49 66
49 69
49 74
49 78
49 82
50 5
50 6
50 21
50 23
50 25
52 2
52 9
52 10
52 12
53 6
56 61
56 62
56 78
56 82
56 83
56 84
56 89
56 94
56 96
56 97
56 98
56 100
56 104
56 110
56 115
56 120
56 170
56 231
56 233
56 236
57 16
57 28
57 32
57 44
57 47
57 49
57 58
57 59
57 64
57 66
57 84
57 93
57 106
57 107
57 113
57 117
58 4
58 7
58 12
58 17
58 18
58 19
58 25
58 26
58 27
58 42
58 46
58 47
58 53
58 64
58 75
58 76
59 1
59 2
59 10
59 14
59 30
59 37
59 49
59 53
59 57
59 58
59 64
59 66
59 78
59 80
59 81
59 86
59 104
59 154
59 157
59 160
59 164
59 167
59 170
59 171
59 173
59 177
59 181
60 4
60 7
60 8
60 9
60 13
60 25
60 26
62 1
62 10
62 24
62 104
62 106
62 111
62 120
62 122
62 138
62 140
62 141
62 142
62 164
62 168
62 170
62 178
62 179
62 192
62 212
62 301
62 309
62 311
62 313
62 314
62 315
62 325
62 341
62 346
63 71
63 92
64 1
64 3
64 5
64 7
64 20
64 24
64 25
64 30
64 42
64 47
64 59
64 60
64 76
64 80
64 81
64 85
64 86
64 98
64 131
64 132
64 138
64 140
64 144
64 147
64 148
64 151
64 153
64 157
64 236
64 237
64 243
64 244
64 246
64 254
64 258
64 260
64 266
64 268
64 276
64 281
64 286
64 292
64 297
64 300
64 301
64 310
64 311
64 317
64 324
64 337
64 348
65 10
65 11
65 19
65 32
65 34
65 35
65 41
65 55
65 130
65 135
65 136
65 145
65 154
65 163
65 165
66 10
66 16
66 17
66 23
71 11
71 18
71 20
71 23
71 34
71 39
71 44
71 47
71 75
71 96
71 97
71 108
71 110
71 118
71 120
71 127
71 131
71 136
71 147
71 148
71 150
71 156
71 157
71 180
71 186
71 190
71 191
71 192
71 199
71 201
71 202
71 207
71 210
71 234
71 235
71 237
71 245
71 248
71 249
71 257
71 260
71 262
73 27
73 28
73 36
73 43
73 46
73 57
73 58
74 11
74 27
74 32
74 33
74 54
74 104
74 105
74 117
74 126
74 129
74 134
74 138
74 142
74 153
74 160
74 163
74 164
74 165
74 171
74 172
74 174
74 187
74 192
74 194
74 197
74 199
74 202
74 203
74 205
74 207
74 208
74 225
74 226
74 233
74 237
74 239
74 240
74 241
74 247
74 248
74 254
74 258
74 261
74 263
74 265
74 266
74 274
74 275
74 278
74 291
74 292
74 301
75 7
75 10
75 20
75 30
75 33
75 45
75 47
75 48
75 51
75 56
75 58
75 61
75 62
75 66
75 75
75 91
75 94
75 95
75 96
75 98
75 99
75 106
75 109
75 111
75 120
75 124
75 140
76 1
76 2
76 4
76 10
76 14
76 18
78 4
80 37
80 41
80 46
80 50
80 52
80 53
80 74
80 76
80 77
80 81
80 92
80 93
80 105
80 112
80 115
80 118
80 121
80 129
80 131
80 136
80 137
80 166
80 176
80 178
80 189
80 195
80 198
80 201
80 210
80 223
80 229
81 3
81 7
81 12
81 14
81 17
82 33
82 36
82 37
82 44
82 54
82 67
82 72
82 78
82 80
82 81
83 19
83 20
83 33
83 34
83 44
83 52
83 72
83 73
83 74
83 87
83 101
85 1
85 9
85 11
85 12
85 13
85 14
85 15
85 23
85 24
85 28
86 1
86 4
86 12
86 14
86 16
86 22
86 152
86 157
86 159
86 161
86 173
86 177
86 184
86 194
86 195
86 196
86 219
86 226
86 233
86 235
86 251
86 252
86 265
86 270
86 275
86 276
86 288
86 298
86 299
86 300
86 303
86 308
86 310
86 311
87 1
87 7
87 13
88 8
88 11
88 18
88 22
88 24
88 28
88 33
88 34
88 40
88 43
88 60
88 63
88 66
88 67
88 69
88 75
88 76
88 80
88 84
88 91
88 95
88 110
88 112
88 117
88 131
88 135
88 144
88 147
88 150
88 152
88 162
88 169
88 173
88 180
88 182
88 194
88 197
88 200
89 5
89 7
89 12
89 14
89 17
89 18
89 25
89 28
89 33
89 73
89 79
89 104
89 107
89 109
90 14
90 23
90 31
91 6
91 7
92 12
92 13
92 26
92 27
92 35
93 2
93 3
93 11
93 16
93 18
94 42
94 43
94 50
94 52
94 53
94 67
94 74
94 78
94 81
95 5
95 9
95 14
95 16
95 28
95 30
95 35
95 38
95 39
95 43
95 46
95 50
95 181
95 186
95 198
95 215
95 221
95 229
95 235
95 240
95 243
95 244
95 246
95 248
95 249
95 251
95 255
95 256
96 8
96 23
96 27
96 56
96 62
96 63
96 97
96 101
96 104
96 119
96 121
96 126
96 129
96 146
96 147
96 148
96 159
96 166
96 167
97 4
97 8
97 10
97 15
97 23
97 37
97 51
97 57
97 60
97 65
97 72
97 107
