1 2
1 3
1 5
1 12
1 17
1 18
1 20
1 24
1 25
1 35
1 39
1 41
1 42
1 54
1 61
1 63
5 25
5 26
5 30
5 33
5 39
6 13
6 16
6 21
6 23
6 36
6 43
6 44
6 47
6 54
6 55
6 62
6 66
6 73
6 75
6 77
6 80
6 81
6 82
6 83
6 91
6 93
7 1
7 7
7 20
7 30
7 34
7 36
7 37
7 38
7 45
7 47
7 54
7 59
7 62
7 63
7 69
7 85
7 104
7 105
7 124
7 136
7 139
7 148
7 150
7 160
7 164
7 169
7 175
8 10
8 25
8 27
8 58
8 59
8 68
8 69
8 71
8 82
8 84
8 92
8 93
8 100
8 104
8 110
8 117
8 125
8 127
8 128
8 132
8 133
8 144
8 146
8 155
8 163
8 169
8 183
8 185
8 187
8 189
8 192
8 193
8 194
8 198
8 200
8 225
8 227
8 230
9 3
9 8
9 15
9 33
9 52
9 55
9 60
9 66
9 69
9 80
9 83
10 50
10 57
10 62
10 71
10 75
10 87
10 92
10 96
10 100
10 107
10 111
10 114
10 116
10 118
10 121
10 129
10 133
10 142
10 143
10 155
10 156
10 163
10 165
10 202
10 206
10 207
10 213
10 220
10 223
11 9
11 22
12 4
12 10
12 15
12 16
12 20
12 21
12 24
12 25
12 30
12 40
12 43
12 50
12 51
12 55
12 60
12 63
12 69
12 73
12 78
12 91
12 98
12 178
12 180
12 182
12 183
12 187
12 188
12 203
12 209
12 219
12 225
12 228
13 4
13 5
13 11
13 13
13 15
13 17
13 20
13 21
14 3
14 21
14 23
14 27
14 28
14 37
14 40
14 41
14 46
14 54
14 56
15 6
15 11
15 16
16 29
16 38
16 39
17 4
17 6
17 9
17 25
17 34
17 37
17 39
17 41
17 46
17 49
18 2
18 9
18 19
19 10
19 19
19 21
19 29
19 31
20 3
20 4
20 10
20 18
20 27
20 28
20 37
20 48
20 64
20 67
20 79
20 81
20 88
20 104
21 4
21 19
21 51
21 52
21 54
21 55
21 59
21 76
21 79
21 82
21 83
21 85
21 93
22 66
22 77
22 81
22 96
22 99
22 100
22 107
22 189
22 193
23 1
23 4
23 16
23 19
23 25
23 28
23 54
23 61
23 71
23 72
23 74
23 81
23 86
23 93
23 95
23 102
23 103
23 104
23 235
23 240
24 1
24 5
25 2
25 23
25 31
25 34
25 36
25 38
25 42
25 46
25 47
25 55
25 60
25 61
25 68
25 72
25 92
25 98
25 99
25 102
25 113
25 116
25 121
25 124
25 125
26 16
26 17
26 20
26 21
26 49
26 51
26 52
26 57
26 59
26 79
26 93
26 97
26 98
27 62
27 64
27 67
28 16
28 17
28 20
28 24
28 28
28 36
29 38
29 45
29 51
29 55
29 72
29 73
29 80
29 81
29 89
29 91
29 225
30 4
30 6
30 11
30 17
30 19
30 20
30 26
30 35
30 69
30 74
30 76
30 88
30 90
30 93
30 95
30 97
30 109
30 116
30 120
30 127
30 129
30 135
30 138
30 147
30 150
30 164
31 4
31 23
31 24
31 39
31 44
31 51
31 67
31 69
31 79
31 81
32 1
32 5
32 17
32 19
32 22
32 23
32 25
32 30
32 35
33 1
33 2
33 11
33 12
33 25
33 26
33 28
33 32
33 40
33 44
33 46
33 50
33 72
33 77
33 91
33 92
33 97
33 106
33 110
33 114
33 122
33 133
33 138
33 145
33 149
33 151
33 157
37 31
37 33
37 34
37 36
37 46
37 48
37 52
38 1
38 14
38 25
38 32
38 35
38 55
39 1
39 3
39 23
39 25
39 53
39 72
39 75
39 78
39 81
39 84
39 90
39 198
39 200
39 202
39 210
40 2
40 9
40 20
40 30
40 42
40 58
41 1
41 6
41 9
41 10
41 13
41 15
41 18
41 20
41 21
41 24
41 25
41 27
41 44
41 68
41 70
41 87
41 88
41 95
45 46
45 52
45 56
45 66
46 90
46 93
46 98
47 7
47 12
48 1
48 5
48 6
48 13
48 15
48 20
48 21
48 23
48 31
48 41
48 47
48 49
48 60
48 63
48 64
48 65
48 70
48 75
48 85
48 91
48 94
48 102
48 106
48 109
48 112
48 113
48 115
48 116
48 126
48 256
48 257
48 260
48 267
48 273
48 279
48 289
48 327
48 329
48 334
48 347
49 1
49 6
49 7
49 8
49 9
49 10
49 11
49 13
49 16
49 35
49 39
49 43
49 52
50 12
50 14
50 17
50 22
50 23
50 25
50 28
50 37
50 38
50 40
50 46
50 56
50 58
51 6
51 7
52 2
52 3
52 7
52 17
52 18
52 21
52 37
53 19
53 27
53 32
53 38
53 40
53 42
53 48
53 49
53 57
53 64
53 65
56 5
56 15
56 18
56 41
56 44
56 48
56 54
56 65
56 67
56 68
56 69
56 71
56 80
56 83
56 92
56 100
56 105
56 126
56 140
56 150
56 151
56 155
56 160
56 171
58 1
58 2
58 10
58 16
58 24
58 25
58 36
58 42
58 52
60 2
60 8
60 11
60 18
60 24
60 30
60 33
60 35
60 37
60 84
60 88
60 93
60 94
60 98
60 102
60 104
60 110
60 124
60 125
60 131
60 138
60 139
60 147
60 157
60 167
60 168
60 170
60 175
60 182
62 55
62 74
62 91
62 95
62 105
62 108
62 115
62 117
62 140
62 151
62 158
62 174
62 177
62 181
63 21
64 117
64 121
64 134
65 24
65 44
65 45
65 47
65 54
65 60
65 61
67 1
67 5
67 11
67 17
67 21
67 23
67 29
67 38
67 40
68 11
68 18
68 29
68 36
68 63
68 65
68 67
68 69
68 71
68 73
68 79
68 82
68 218
68 220
69 14
69 18
70 13
70 15
70 21
70 23
70 35
70 36
70 46
70 47
70 59
70 81
70 88
70 89
70 99
70 105
70 112
70 114
70 125
70 131
70 134
70 135
70 144
70 157
70 160
70 166
71 125
71 128
71 144
71 146
71 152
71 153
71 173
71 194
71 197
71 203
71 210
71 215
71 221
71 225
72 3
72 6
72 10
72 11
72 13
72 19
72 90
72 91
72 102
72 104
72 109
72 113
72 120
72 121
72 126
72 130
72 131
72 133
72 134
72 141
72 151
72 155
72 162
72 166
72 175
72 177
72 193
72 194
72 199
72 202
72 213
72 219
72 222
72 224
72 226
72 244
72 251
73 19
73 31
73 38
77 79
78 7
78 8
78 10
78 31
79 6
79 14
79 16
79 42
79 48
79 49
79 54
79 58
79 63
79 64
79 65
80 3
80 6
81 1
81 4
81 8
81 12
81 42
81 43
81 46
81 66
81 79
82 107
82 123
82 127
82 129
82 142
82 143
82 144
83 66
83 84
83 88
83 96
83 107
83 113
84 115
84 117
85 12
85 28
85 37
85 40
85 42
85 44
85 45
85 46
85 52
85 60
85 61
85 69
85 70
85 84
86 4
87 17
87 24
87 36
87 43
87 47
87 53
87 56
87 57
87 66
87 69
87 78
91 30
91 32
91 33
91 35
91 37
91 43
91 44
91 58
91 65
91 70
91 72
91 79
91 80
91 86
91 87
91 92
91 94
91 95
91 101
91 102
92 2
92 9
92 15
92 72
92 77
92 90
92 101
92 102
92 173
92 175
92 177
92 178
92 182
92 183
92 185
92 192
92 194
92 201
92 223
92 227
92 244
92 251
94 3
94 7
94 10
94 13
94 20
94 21
94 33
94 42
94 43
94 45
94 46
94 83
94 99
94 106
94 109
94 112
94 114
94 115
94 125
94 127
94 128
94 135
94 148
95 4
95 10
95 12
95 27
95 30
95 38
95 48
95 65
95 66
95 75
95 102
95 115
96 6
96 28
96 35
96 36
96 42
96 45
96 46
99 63
99 64
99 69
99 71
99 77
99 83
99 84
99 86
99 93
99 97
99 102
99 107
99 108
99 117
99 140
99 142
99 149
99 152
99 163
102 42
102 43
102 50
102 56
102 72
102 80
102 87
102 89
102 95
102 98
102 115
102 120
102 121
102 125
102 151
102 152
102 155
103 131
105 5
105 9
105 12
106 1
106 2
106 5
106 20
106 22
106 23
106 32
106 34
106 39
106 40
106 53
106 65
106 71
106 72
106 75
106 77
106 81
106 84
106 90
106 94
106 95
106 96
106 107
106 111
106 113
106 119
106 120
106 126
107 16
107 18
107 20
107 21
107 23
108 2
