1 4
1 7
1 9
1 19
1 32
1 34
1 35
1 36
1 40
2 2
2 12
2 18
2 20
2 21
2 22
2 23
2 30
2 34
2 37
2 39
2 40
2 46
4 39
4 43
4 50
4 57
4 61
4 75
4 77
4 86
4 91
4 96
4 109
4 110
4 115
4 126
4 137
4 141
4 146
4 147
4 154
4 156
5 14
5 19
5 23
5 30
5 32
5 34
5 44
5 47
5 50
5 51
6 4
6 9
6 15
6 21
6 26
6 40
6 42
6 43
6 44
6 47
6 48
6 54
7 4
7 8
7 14
7 15
7 18
7 21
7 174
7 178
7 182
7 185
7 195
7 207
7 212
7 213
7 216
7 217
7 219
7 220
7 222
7 235
7 249
7 250
7 254
7 255
7 256
7 257
7 260
7 262
7 265
7 268
7 269
7 272
7 278
7 286
7 290
7 292
7 326
7 379
7 388
7 404
7 426
7 428
7 430
7 434
7 435
7 437
7 441
7 452
7 457
7 462
7 464
7 466
7 470
7 474
7 481
7 490
7 494
7 502
7 528
7 535
7 536
8 2
8 7
8 8
8 9
8 11
8 13
8 23
8 34
8 48
8 54
8 57
8 64
8 65
8 73
8 76
8 82
8 85
8 92
8 94
8 104
8 109
8 115
8 116
8 128
8 131
8 137
8 145
8 161
8 167
8 172
8 173
8 177
8 182
8 201
9 6
9 8
9 11
9 22
10 5
10 6
10 7
10 13
10 17
10 24
10 33
10 37
10 45
10 46
10 48
11 42
11 61
11 63
11 64
11 65
11 68
11 74
11 75
11 77
11 80
11 81
11 94
11 99
11 101
11 105
11 107
11 109
12 2
12 4
13 3
13 12
14 8
14 9
14 21
14 25
14 27
14 45
14 46
14 48
15 2
15 5
15 21
15 29
15 32
15 34
15 41
15 43
15 45
15 48
15 50
15 55
15 71
15 94
15 97
15 98
17 20
17 22
17 34
19 9
20 14
20 23
21 4
21 5
21 34
21 44
21 45
21 47
21 52
21 84
22 15
22 27
22 31
22 39
22 48
22 177
22 193
22 208
22 209
22 211
22 213
22 214
22 231
22 242
22 250
22 372
22 375
22 378
22 384
22 389
22 391
24 2
24 7
24 8
24 9
24 13
24 25
24 30
24 46
24 47
24 48
24 53
24 56
24 62
24 66
24 68
24 69
24 74
25 2
25 4
26 64
26 65
26 79
26 83
26 89
26 96
26 100
26 117
26 118
26 127
26 129
26 136
26 152
26 172
26 174
26 177
28 14
28 17
28 19
28 24
29 1
29 9
29 12
29 14
29 18
29 27
29 28
29 30
29 37
29 38
29 44
29 49
29 53
29 54
29 64
29 68
29 71
29 130
30 3
30 35
30 36
30 39
30 40
30 56
30 65
30 66
30 71
31 3
31 11
31 26
31 33
31 71
31 74
31 108
31 111
31 114
31 119
31 152
31 219
32 1
32 7
32 10
32 13
33 90
33 99
33 124
33 134
33 139
33 152
33 154
33 155
33 160
33 165
33 166
33 170
33 179
33 180
33 182
33 186
33 188
33 274
33 276
33 287
33 324
33 335
33 340
33 341
33 344
33 355
33 363
33 367
33 369
33 372
33 386
33 394
33 399
33 402
33 411
33 413
34 1
34 5
34 17
34 18
34 20
34 22
34 23
34 35
34 46
34 47
34 67
34 71
34 72
34 74
34 78
34 81
34 90
34 225
34 226
34 228
34 229
34 231
34 236
34 238
34 241
34 251
34 255
34 260
34 261
34 268
34 269
34 271
34 274
34 288
34 295
34 298
34 307
35 3
35 8
35 22
36 1
36 9
36 13
36 19
36 29
36 32
36 38
36 53
36 56
36 78
36 84
36 85
36 111
36 121
37 26
37 27
37 32
37 57
37 61
37 63
37 64
37 68
37 70
37 71
37 77
37 82
37 87
37 90
37 117
37 124
37 132
37 145
37 146
37 150
37 157
37 159
37 164
37 165
37 170
37 172
37 186
37 189
37 196
37 213
37 217
37 218
37 222
37 225
39 51
39 54
39 55
39 62
40 1
40 8
40 13
40 24
41 2
41 74
41 116
41 119
41 142
41 159
41 172
41 174
41 179
41 185
41 187
41 201
42 1
42 3
42 4
42 5
42 12
42 18
42 23
42 25
42 40
42 42
42 44
42 45
42 46
42 50
42 57
42 63
42 67
42 73
42 83
42 109
42 111
42 242
42 254
42 260
43 10
43 15
43 23
43 24
43 45
43 51
43 60
43 64
43 65
43 67
43 112
43 113
43 117
43 118
44 22
44 23
44 24
44 27
44 28
44 30
44 31
44 38
44 40
44 58
44 61
44 66
44 69
44 71
44 212
44 221
44 228
44 230
44 234
44 245
44 246
44 248
44 265
44 267
44 269
44 270
44 300
44 432
44 433
48 25
48 36
48 45
48 50
48 52
48 55
48 58
48 128
49 2
49 4
49 13
49 16
49 30
49 36
49 37
49 38
49 40
49 43
49 56
49 59
50 7
50 11
50 13
50 32
50 38
50 51
50 85
50 86
50 88
50 98
50 99
50 100
50 115
50 116
50 169
51 5
51 8
51 19
51 21
51 23
51 25
51 28
51 29
51 56
51 57
51 60
51 67
51 68
51 88
51 89
51 91
51 95
51 100
51 108
51 116
51 139
51 147
51 149
51 157
51 159
51 161
51 166
51 185
51 188
51 198
51 200
51 201
51 202
51 208
51 210
51 223
51 229
51 233
51 237
51 250
51 251
51 253
51 258
51 267
51 273
51 277
51 279
51 280
51 287
51 294
51 300
51 307
51 316
51 317
51 325
51 327
51 352
51 355
52 7
52 11
52 21
52 28
52 32
52 33
52 35
52 164
52 170
53 12
53 21
53 37
53 45
53 49
53 50
53 62
54 1
54 3
54 14
54 18
54 21
54 24
54 31
54 33
54 44
54 45
54 46
54 52
54 61
55 10
56 3
56 13
56 14
56 16
56 20
56 25
56 26
56 33
56 52
56 54
56 59
56 63
56 69
56 70
56 74
56 90
56 93
56 95
56 110
56 111
56 114
56 115
56 130
56 135
58 2
58 11
58 14
58 27
58 32
58 38
59 4
59 6
60 4
60 6
60 8
60 10
60 35
60 43
60 44
60 46
60 69
60 125
60 128
60 133
60 140
61 6
61 13
61 21
61 22
61 24
61 26
61 164
61 172
61 190
61 191
61 196
61 197
62 1
62 9
62 11
62 12
63 2
63 10
63 21
63 35
63 42
63 47
63 48
63 53
63 56
63 60
63 64
63 65
64 8
64 21
64 22
65 18
65 21
65 37
65 39
65 59
65 61
65 66
65 70
65 80
65 83
65 98
65 99
66 5
66 15
66 23
66 26
66 41
66 43
66 50
66 53
66 61
66 62
66 74
67 1
67 10
67 11
67 16
67 26
67 32
68 2
68 5
68 10
68 11
68 13
68 16
68 27
68 38
68 46
68 50
69 17
69 19
69 21
69 23
69 26
69 29
69 36
69 38
69 43
69 47
69 48
69 50
69 63
69 74
69 154
69 155
69 158
69 160
69 164
69 168
70 8
70 11
70 22
70 23
70 103
70 109
70 112
70 113
70 116
71 18
71 21
71 22
71 34
71 53
71 58
72 131
72 132
73 31
73 32
73 34
73 36
74 3
74 6
74 9
74 11
74 17
75 1
75 2
75 6
75 11
75 14
75 20
75 26
75 28
75 29
75 34
75 55
75 58
75 63
75 72
75 76
75 79
75 95
75 98
75 181
75 183
75 188
75 192
75 201
78 22
78 31
79 6
80 6
80 8
80 50
80 52
81 7
81 11
81 24
81 26
81 28
81 31
81 34
81 40
81 45
82 73
82 76
82 82
82 83
83 52
83 56
83 57
83 68
83 69
83 72
83 78
83 84
83 100
84 9
84 17
84 149
84 150
84 152
84 153
84 155
84 156
85 65
