1 7
1 14
1 17
1 19
1 29
1 33
2 96
2 97
2 99
2 103
2 110
2 122
2 127
2 139
2 145
2 153
2 154
2 157
2 161
2 164
2 210
2 223
2 224
2 227
2 231
2 232
2 236
2 240
2 251
2 253
2 260
2 262
2 265
2 267
3 2
3 5
3 12
3 21
3 36
3 58
3 59
3 61
3 63
3 65
3 68
3 70
3 71
3 75
3 76
3 78
3 80
3 84
3 88
3 94
3 98
4 2
4 5
4 16
4 23
4 27
4 33
4 48
4 51
4 55
4 56
4 58
4 59
4 61
4 95
4 98
4 99
4 101
4 103
4 107
4 120
4 121
5 2
5 6
5 11
5 13
5 18
6 34
6 41
6 44
6 48
6 51
6 52
6 53
7 15
7 19
7 21
7 48
7 66
7 78
7 79
7 91
7 94
7 102
7 108
7 122
7 124
7 126
7 132
7 135
7 137
7 141
7 143
7 145
7 146
7 290
7 293
7 296
7 309
7 310
7 311
7 317
7 326
7 327
7 331
7 358
8 9
8 32
8 37
8 47
8 50
8 108
8 120
8 129
8 134
8 150
8 152
8 161
8 163
8 167
8 169
8 171
8 173
8 179
8 190
8 203
8 206
8 213
8 215
8 218
8 222
8 227
10 51
10 55
10 58
10 59
10 62
10 63
10 69
10 71
10 86
10 98
10 100
10 111
10 112
10 115
10 117
10 126
11 159
11 162
12 11
12 15
12 23
12 28
12 31
12 36
12 41
12 60
12 62
12 63
12 66
12 70
12 77
12 78
12 87
12 93
12 94
12 100
12 108
12 110
12 112
12 113
12 179
12 186
12 198
12 207
12 208
12 210
12 214
12 223
12 228
12 230
12 232
13 1
13 5
13 8
13 10
13 14
13 17
13 27
14 2
15 45
15 46
15 47
15 53
15 60
15 64
15 80
16 56
16 68
16 72
16 79
16 80
16 83
16 88
16 89
16 90
16 92
16 100
16 102
16 103
16 120
16 203
16 212
16 226
16 227
17 4
17 8
17 13
18 5
18 10
18 25
18 28
18 31
18 32
18 34
18 42
18 47
18 57
18 61
18 62
18 67
18 74
18 76
18 77
18 85
18 102
18 104
18 112
18 123
18 128
18 129
18 135
18 136
18 145
18 152
18 153
18 155
18 172
18 174
18 175
19 13
19 15
20 2
21 3
21 23
21 29
21 43
21 59
21 68
21 74
21 75
21 77
21 85
21 88
21 89
21 96
21 100
21 110
21 116
21 119
21 126
21 127
21 140
22 1
22 91
23 62
23 67
23 68
23 78
23 80
23 118
23 122
23 132
23 145
23 150
23 155
23 157
26 7
26 12
26 20
26 26
26 30
27 13
27 14
27 19
27 22
27 27
27 28
27 29
27 36
27 40
27 42
27 49
27 58
28 1
28 2
28 7
28 11
28 110
28 125
28 126
28 135
28 153
28 156
28 160
28 164
28 175
28 196
28 204
28 207
28 210
28 218
29 5
29 16
29 18
29 26
29 27
29 30
29 34
29 35
29 38
29 47
29 48
29 56
29 62
29 63
29 71
29 73
29 74
29 101
30 13
30 17
30 24
32 19
32 20
32 22
32 25
32 27
33 4
33 9
33 24
33 52
33 53
33 63
33 72
33 73
33 77
34 13
34 14
34 29
34 35
34 38
34 47
34 49
34 52
34 55
34 93
34 97
34 112
34 113
34 122
34 137
34 269
34 277
34 282
34 283
34 284
34 295
36 1
36 4
36 16
36 17
36 20
36 21
36 24
36 29
36 38
36 76
37 15
37 16
37 18
37 33
37 46
37 49
37 56
37 57
37 67
37 69
37 82
39 51
39 54
39 56
39 60
39 61
39 64
39 66
39 69
39 78
39 81
39 87
39 91
39 93
39 100
39 185
39 186
39 193
39 194
39 200
39 209
39 215
39 217
39 220
39 225
39 231
39 235
39 242
39 264
39 265
39 270
39 280
39 283
39 287
40 13
40 15
40 24
40 32
40 35
40 41
40 42
40 45
40 47
40 53
40 55
40 57
40 59
40 70
40 74
40 188
40 219
40 233
40 234
40 243
41 2
41 11
41 15
43 116
43 120
43 131
43 133
44 10
44 14
44 18
44 21
44 29
44 30
44 44
44 46
45 10
45 13
45 15
45 16
45 19
45 22
47 51
47 58
48 3
48 15
50 1
50 10
50 26
50 28
50 34
50 35
50 39
50 45
51 109
51 113
51 124
51 135
51 138
51 139
54 48
54 53
54 59
54 72
54 73
54 77
54 86
54 97
54 101
54 105
54 109
54 118
54 246
55 3
55 4
55 10
55 11
56 2
56 3
56 143
56 149
57 6
57 12
58 2
58 3
58 8
58 35
58 37
58 40
58 52
58 55
58 66
58 78
58 79
58 81
58 94
58 98
59 1
59 19
59 24
59 26
60 2
60 23
60 25
60 26
60 28
60 30
60 63
60 71
60 72
60 78
60 87
60 91
60 109
60 110
60 116
60 119
60 120
60 129
61 17
61 18
61 27
61 28
62 12
62 13
62 15
62 29
62 30
63 4
63 29
63 37
64 1
64 5
64 16
64 17
64 22
64 23
64 36
64 42
65 2
65 7
65 8
65 9
65 10
65 18
65 21
65 25
65 33
65 35
65 42
65 45
65 48
65 49
65 52
65 57
65 59
65 64
65 68
65 72
65 78
65 83
65 97
65 98
65 99
65 115
65 123
65 128
66 2
66 4
67 1
67 5
67 7
67 8
67 13
67 14
67 17
68 10
68 11
68 16
68 22
68 23
68 26
68 29
69 53
69 54
69 72
69 80
69 88
69 95
69 106
69 108
69 109
69 110
69 115
69 120
69 121
69 123
69 126
69 138
69 154
69 158
69 170
69 176
72 27
72 40
72 41
72 45
72 48
72 58
72 64
72 65
72 70
72 75
72 77
73 3
73 6
73 7
73 19
73 24
73 31
73 53
73 70
73 75
74 1
74 9
74 12
74 15
77 17
77 23
77 26
77 28
77 29
77 36
78 89
78 94
78 101
78 107
78 110
78 135
78 138
78 139
78 141
78 145
78 146
78 163
78 168
78 180
78 185
78 187
78 191
78 202
78 209
78 210
82 13
82 22
82 35
82 37
82 39
82 43
82 44
82 58
82 205
82 213
83 5
83 13
84 11
85 2
85 3
85 8
85 12
85 15
86 79
87 3
87 4
87 10
87 12
87 16
87 25
87 26
87 28
88 47
88 49
88 50
88 51
88 55
88 57
88 63
88 67
88 111
88 119
88 123
88 129
88 131
88 142
88 149
88 154
88 155
88 164
88 166
88 168
88 169
88 175
88 205
88 207
88 208
88 210
89 4
89 19
89 56
89 68
89 84
89 89
89 107
89 108
90 33
90 34
90 40
90 43
90 45
90 46
91 12
91 16
91 57
91 71
91 76
92 2
92 8
93 2
93 10
93 11
93 13
93 15
93 27
93 32
93 33
93 40
93 45
93 49
93 75
93 80
93 86
93 89
93 92
93 97
93 98
93 107
93 121
93 152
94 61
94 67
94 69
94 75
94 81
94 82
94 93
94 96
94 108
94 113
94 114
94 121
94 122
94 123
94 131
94 132
95 2
95 4
95 6
95 21
95 23
95 25
95 29
95 35
95 40
95 64
95 66
95 75
95 80
95 88
95 93
95 107
95 113
95 116
95 117
95 125
95 126
95 129
95 140
95 149
95 161
95 164
95 171
95 186
95 193
95 242
95 245
97 6
