1 4
1 6
1 7
1 11
1 12
1 17
2 5
2 9
2 11
3 6
3 9
3 12
3 15
3 19
3 76
3 82
3 83
3 85
3 101
3 104
4 11
4 19
4 20
4 25
4 29
4 46
4 52
4 54
4 55
4 68
4 69
4 71
5 2
5 7
5 14
5 16
5 17
5 21
5 27
5 29
5 31
5 38
5 39
5 47
5 48
5 49
5 51
5 53
5 57
5 87
5 89
5 96
5 99
5 100
5 104
8 11
8 13
8 16
8 19
8 34
8 38
8 42
8 65
8 67
8 68
8 69
8 70
8 96
8 97
8 103
8 112
9 7
9 9
9 12
9 18
9 26
9 28
9 31
9 53
9 54
9 56
9 58
9 59
9 65
9 70
9 76
9 79
9 95
9 112
9 119
9 122
9 126
9 133
9 145
9 151
10 19
10 21
10 25
10 26
10 28
10 43
10 56
10 62
10 72
10 73
10 75
10 78
10 83
10 93
10 104
10 111
10 116
10 118
10 124
10 126
11 11
11 17
12 6
12 12
12 17
12 18
12 20
12 29
12 31
12 58
13 17
14 44
14 45
14 46
14 52
14 72
14 76
14 94
14 98
14 101
14 103
14 109
14 124
14 129
14 131
14 133
14 138
14 154
14 162
14 168
14 169
14 188
15 1
15 2
15 5
15 10
15 21
15 27
15 30
15 55
15 56
15 59
15 64
15 70
15 78
15 81
15 96
18 14
18 15
18 17
18 26
19 4
19 8
19 9
19 19
19 24
19 30
22 12
22 15
22 17
22 29
22 37
22 167
22 174
23 17
23 21
23 26
23 30
23 34
23 40
23 43
23 48
23 50
23 51
23 56
23 57
23 58
23 59
23 62
23 68
23 71
23 74
24 1
24 3
24 10
24 12
24 17
24 18
24 20
24 24
25 11
25 13
25 17
25 22
25 27
25 28
25 32
25 33
25 35
26 7
26 9
26 17
26 20
26 26
26 28
26 43
26 50
26 51
26 57
26 62
26 67
26 70
26 87
26 94
26 95
27 2
27 5
27 13
27 38
27 41
27 43
27 49
27 54
27 186
27 197
27 199
27 207
27 212
27 213
27 215
27 216
27 228
27 233
27 237
27 245
27 250
27 251
27 252
27 268
27 271
27 273
27 274
27 283
27 285
27 288
27 296
27 298
27 305
27 308
28 7
28 18
31 31
31 96
31 104
32 24
32 29
32 37
32 38
32 40
34 31
34 55
34 59
34 69
35 3
35 7
35 8
35 15
35 17
35 20
35 21
35 25
35 31
36 29
36 30
36 33
36 35
36 44
36 45
36 48
36 53
36 57
36 60
36 62
36 75
36 76
36 79
36 84
36 85
36 86
36 89
36 90
36 101
36 107
36 111
36 112
36 115
36 142
36 143
36 145
36 161
36 170
36 172
36 178
36 183
36 187
36 189
36 193
36 204
36 205
37 60
37 65
37 66
37 68
37 73
37 82
37 86
38 10
38 18
38 25
38 28
38 29
38 35
38 39
38 41
38 60
38 66
38 67
38 70
38 73
38 75
38 79
38 82
38 86
38 89
38 98
39 5
40 89
41 17
41 20
41 38
43 45
43 57
43 63
43 70
43 72
43 91
43 117
43 120
43 122
43 138
44 6
44 11
44 21
44 22
44 25
45 77
45 84
45 89
45 98
45 100
45 110
45 129
45 140
45 147
45 148
45 153
45 154
45 157
45 159
45 163
45 164
45 165
45 171
45 174
45 175
45 178
45 183
45 191
45 193
45 203
45 206
45 215
45 227
45 228
45 241
45 243
45 272
46 7
46 10
46 11
46 37
46 39
46 47
46 54
46 59
46 60
46 62
46 82
46 84
46 86
46 87
46 103
46 105
46 106
46 109
46 110
46 117
46 119
46 124
46 133
46 135
46 136
48 1
48 2
49 43
50 84
50 91
50 97
50 116
50 119
50 121
50 122
50 133
50 143
50 144
50 156
50 159
50 162
51 47
51 70
51 78
51 82
51 83
51 85
52 9
52 11
52 17
52 20
52 52
52 56
52 58
52 75
52 77
52 85
52 88
52 91
52 99
52 101
52 103
52 109
52 110
53 10
53 33
53 37
53 39
53 40
53 42
56 31
56 34
56 42
56 57
56 58
56 65
56 68
56 71
56 73
56 78
56 82
56 85
56 92
56 94
56 123
56 127
56 128
56 134
56 138
56 143
56 187
56 188
56 189
56 190
56 199
56 201
56 207
56 208
56 209
56 211
56 212
56 215
56 216
56 217
56 224
56 226
56 239
56 246
56 249
56 257
56 258
56 267
56 274
56 284
56 291
56 295
56 297
56 298
56 299
56 310
56 312
57 1
57 7
57 14
57 26
57 28
57 47
57 48
57 63
57 64
57 65
57 73
57 81
57 84
57 92
57 97
57 119
58 5
58 9
58 22
58 31
58 38
58 39
58 41
58 44
58 51
58 55
58 66
58 72
58 201
58 204
58 207
58 210
59 9
59 11
59 13
59 14
59 15
59 22
59 28
59 33
59 45
59 46
59 49
59 55
59 56
59 61
59 62
59 117
59 119
59 121
59 123
59 126
59 150
59 158
59 164
59 171
59 175
59 177
59 180
59 182
59 199
59 202
59 208
59 211
59 214
59 220
59 233
60 3
60 8
60 19
60 20
60 26
60 29
60 45
60 51
60 53
60 61
60 62
60 76
60 77
60 83
60 85
60 88
60 89
61 3
61 7
61 11
61 17
61 20
61 30
61 33
61 35
61 90
61 95
61 96
62 1
62 15
63 4
63 11
63 12
63 26
63 31
63 38
63 39
63 43
63 50
63 51
63 68
63 71
63 73
63 77
63 81
63 217
63 218
63 224
63 240
63 241
63 242
63 243
63 247
63 362
63 369
63 371
64 1
64 7
64 14
64 15
64 19
65 4
65 5
65 13
65 17
65 19
65 34
65 40
65 43
65 54
65 57
65 62
65 74
65 80
65 86
65 89
65 90
65 92
65 97
65 100
65 102
65 104
66 3
66 11
66 15
66 19
67 9
67 11
67 12
67 17
67 19
67 21
67 23
67 46
67 48
68 3
68 5
68 9
68 10
69 4
69 7
69 19
69 28
69 71
69 76
69 81
69 92
69 94
69 98
69 103
69 104
69 122
69 124
69 125
69 127
69 129
69 130
69 132
69 133
69 148
69 149
69 154
69 162
69 167
69 171
69 173
69 252
69 259
69 272
69 274
69 277
69 283
69 284
69 285
69 294
70 2
71 1
71 6
71 16
71 27
72 15
72 18
72 20
72 21
72 27
72 34
72 39
72 42
72 53
72 54
72 60
72 69
73 3
73 5
73 6
75 26
75 40
75 41
75 43
75 44
75 47
75 55
75 56
75 66
75 67
75 74
75 75
75 81
75 85
75 87
75 88
75 98
75 103
75 105
75 106
75 112
75 113
76 71
76 75
76 77
76 81
76 84
76 214
76 219
76 224
76 233
76 234
76 236
76 239
76 244
76 249
76 253
76 254
76 258
76 261
76 268
76 270
76 275
76 279
76 287
76 295
76 300
76 306
78 2
78 6
78 8
78 9
78 22
78 23
78 25
78 26
78 40
78 42
78 43
78 47
78 66
78 69
78 73
78 74
78 86
79 10
79 80
79 82
79 89
79 90
79 91
79 96
79 99
79 101
79 113
79 121
79 124
79 135
79 140
80 13
81 19
81 34
81 50
81 51
82 2
82 14
82 15
82 32
82 33
82 40
82 47
82 72
82 74
82 80
82 86
82 88
82 110
82 115
82 116
83 9
83 15
84 5
84 13
85 54
85 57
85 64
85 65
86 6
86 7
87 2
87 3
87 10
87 14
87 18
87 30
87 31
87 40
87 55
87 62
87 73
87 75
88 10
88 14
88 15
88 16
88 26
88 30
88 35
90 6
90 7
90 16
90 17
91 36
91 39
91 52
93 54
93 67
93 92
93 93
93 104
93 108
94 1
94 131
94 138
95 4
95 5
95 7
95 15
95 18
95 27
95 42
95 43
95 50
95 68
95 69
95 70
95 71
95 90
95 92
95 95
95 104
95 105
95 109
95 110
95 118
95 128
95 130
95 132
95 137
95 141
95 145
95 278
95 279
95 301
95 309
95 311
95 315
95 320
95 355
95 360
95 366
95 371
95 377
95 383
95 384
95 388
96 3
96 7
96 14
96 19
96 20
96 22
96 33
97 2
97 12
97 15
97 20
97 29
97 32
97 46
97 50
98 2
98 13
98 15
99 34
100 7
100 11
100 19
100 21
100 24
100 26
100 28
100 29
100 31
100 32
100 35
100 43
100 46
100 47
100 67
100 68
100 73
100 79
101 36
101 39
101 42
101 45
101 50
102 1
102 3
103 2
103 11
103 17
103 31
103 36
103 46
103 53
103 55
103 79
105 6
105 18
105 28
106 2
106 3
106 9
106 10
106 11
