1 9
1 17
1 22
1 23
1 29
1 35
1 39
1 42
1 65
1 67
3 7
3 11
3 19
3 21
3 26
3 28
3 35
3 38
3 45
3 88
4 17
4 73
4 74
4 76
4 78
4 80
4 88
4 96
4 98
4 103
4 104
4 105
4 115
4 116
4 124
4 156
4 158
4 163
4 181
4 182
4 188
4 190
4 191
6 15
6 18
6 21
6 22
6 28
7 1
7 3
7 4
10 20
11 2
11 7
11 11
11 12
11 13
11 15
11 35
11 48
11 52
11 53
11 62
14 7
14 9
14 15
14 19
14 29
14 130
14 132
14 135
14 141
14 153
14 156
14 158
14 159
14 170
14 179
15 111
15 112
15 114
15 118
15 126
16 15
16 16
16 19
16 26
16 29
16 38
16 44
16 55
16 58
16 63
16 67
16 75
16 82
16 87
16 90
16 92
16 101
16 103
16 105
16 107
16 111
16 112
16 125
16 175
16 190
16 200
18 44
18 60
18 66
18 67
18 80
18 86
18 87
18 108
18 113
19 14
19 20
19 26
19 31
19 37
19 43
19 51
19 54
19 57
19 65
19 66
19 68
19 72
20 8
20 15
20 29
20 38
20 39
21 6
21 10
21 11
21 13
21 15
21 17
21 18
22 6
22 11
22 14
22 15
22 17
22 32
22 35
22 37
22 38
22 42
22 55
22 60
22 63
22 64
22 65
22 71
22 80
22 85
22 88
22 98
22 109
22 115
22 133
22 142
22 146
22 153
23 4
23 7
23 12
23 23
23 28
23 32
23 36
23 37
23 42
23 52
23 62
23 67
23 76
23 87
23 89
23 101
23 128
23 134
23 139
23 140
23 143
23 153
23 155
23 158
23 161
23 162
23 187
24 6
24 144
24 153
27 35
27 54
27 57
27 66
27 68
27 199
27 206
27 212
27 213
27 219
27 220
27 224
28 11
28 14
28 29
28 35
28 40
28 42
28 62
28 64
28 79
28 83
28 88
28 94
28 95
28 97
28 100
28 117
28 121
28 124
28 129
28 133
28 135
28 141
28 144
28 150
28 151
28 152
28 159
28 160
28 170
28 180
28 181
28 186
28 187
28 197
28 198
28 200
28 210
28 221
28 225
29 1
29 4
29 7
29 16
30 117
30 120
30 124
30 128
30 136
30 141
30 150
30 160
30 167
30 178
31 12
31 13
31 28
31 72
31 74
31 93
32 39
32 41
32 43
32 50
32 56
32 63
32 68
32 74
32 76
32 79
33 71
33 73
33 77
33 86
33 92
33 97
33 98
33 102
33 108
33 109
33 124
33 129
33 138
33 139
33 142
33 148
33 150
33 161
33 163
33 170
34 78
34 88
34 97
34 100
34 104
34 119
34 122
35 1
36 3
36 5
36 6
37 9
37 13
37 25
37 75
37 82
37 87
37 89
37 96
37 114
37 116
37 123
37 148
37 159
37 168
37 178
37 179
37 188
37 200
37 203
37 215
37 216
37 219
37 225
37 226
37 227
37 247
37 253
38 6
38 11
38 12
38 15
38 16
38 18
38 28
38 84
38 86
38 88
38 101
38 110
38 112
38 120
38 121
38 128
38 130
38 131
38 134
38 137
38 143
38 150
38 158
38 169
38 171
38 172
39 30
39 48
39 64
40 35
40 51
40 59
40 69
40 71
40 72
40 78
40 81
40 82
40 86
40 89
40 92
40 93
40 95
40 99
40 103
40 109
40 118
40 121
40 124
40 127
40 138
40 139
40 145
40 153
40 162
40 164
40 165
40 170
40 373
40 375
40 388
40 395
40 396
40 401
40 402
40 417
40 423
40 442
40 443
40 447
40 448
40 451
40 453
40 454
41 1
41 8
41 11
41 13
41 30
41 32
41 33
41 38
41 42
42 1
42 2
42 5
42 17
42 23
42 25
42 27
42 28
42 159
43 23
43 32
43 37
43 38
43 42
43 43
43 45
43 47
43 54
43 74
43 75
43 78
43 79
43 82
43 85
43 102
43 110
43 112
43 113
43 114
43 116
43 118
43 135
43 140
43 147
43 151
43 154
44 1
44 4
44 7
44 18
44 19
44 21
44 34
44 35
44 39
44 47
44 53
44 58
44 60
44 68
44 70
44 71
44 74
44 75
44 78
44 82
44 83
44 87
44 88
44 92
44 98
44 101
44 109
45 9
45 13
45 17
45 18
45 19
45 21
45 23
45 28
45 33
45 39
45 43
46 2
46 6
46 8
47 1
47 3
47 7
47 10
47 14
47 17
47 22
48 6
48 7
49 18
49 33
49 49
49 53
49 59
49 66
49 83
49 84
50 1
50 7
50 15
50 30
50 38
50 50
52 44
52 45
52 47
52 53
52 55
52 58
53 8
53 9
53 15
53 23
53 25
53 38
53 53
53 54
54 123
54 131
54 133
54 147
54 152
54 153
54 155
54 156
55 7
55 16
56 3
56 8
56 10
56 11
56 18
56 19
56 23
56 26
56 39
56 41
56 44
56 45
56 52
56 53
56 54
56 58
56 63
56 67
56 72
56 95
56 101
56 104
56 112
56 113
56 116
56 143
56 144
57 5
57 11
57 15
57 23
57 39
57 40
57 41
57 43
57 55
57 67
57 74
57 75
57 78
57 87
57 104
57 105
57 107
58 2
58 3
58 6
58 14
58 20
58 23
58 32
58 36
58 70
58 72
58 74
58 76
58 82
58 97
60 11
60 12
60 15
60 19
60 27
60 33
60 50
60 54
60 57
61 6
62 1
62 3
62 24
62 33
62 36
62 39
62 43
62 45
62 46
62 52
62 54
62 60
62 64
62 88
62 108
62 113
62 114
62 117
62 131
62 132
62 133
62 143
62 149
62 150
62 158
62 164
62 169
62 177
62 180
62 182
62 190
62 195
62 205
62 216
63 6
63 10
63 15
63 16
63 18
63 22
64 5
64 6
64 8
64 14
64 18
64 20
64 24
64 25
64 31
64 32
64 36
68 10
68 14
68 17
68 20
68 22
68 31
68 54
68 60
68 64
68 65
68 68
70 89
70 98
71 1
72 4
72 5
72 10
72 24
72 31
72 36
74 41
74 49
74 68
74 76
74 77
74 94
74 106
74 174
74 175
74 186
74 188
75 18
75 20
75 23
75 28
75 34
75 39
75 48
75 57
75 59
75 60
75 111
75 112
75 241
75 244
75 255
75 258
75 272
75 278
75 283
75 285
75 287
75 299
75 303
75 305
76 1
76 6
76 14
77 20
77 21
77 27
77 39
77 43
78 1
78 2
78 5
78 8
78 9
78 10
78 20
78 26
78 37
78 57
78 68
78 75
78 83
79 2
79 4
79 6
79 7
79 8
79 18
79 20
79 26
79 31
79 38
79 39
79 42
79 43
79 44
80 6
81 3
81 4
81 8
81 20
81 26
81 28
82 2
82 24
83 3
83 14
83 15
83 27
84 7
84 36
84 40
84 53
87 9
87 12
87 16
87 18
87 20
87 23
87 32
87 36
89 39
89 49
89 56
89 63
89 68
89 76
89 78
89 80
89 81
89 83
89 96
89 98
89 105
89 113
89 117
89 118
89 119
89 121
89 124
89 136
89 138
89 140
89 145
89 159
89 165
89 171
89 172
89 204
89 207
89 209
89 212
90 1
90 5
91 1
91 11
92 2
95 38
95 44
95 46
95 47
95 53
95 66
95 68
95 79
95 88
99 12
99 14
99 18
99 21
99 37
99 47
100 8
100 10
100 18
101 4
101 5
101 7
101 11
101 108
101 112
101 126
101 132
101 138
101 143
101 147
101 160
101 164
101 172
101 177
101 182
101 204
101 212
101 215
101 223
101 227
101 231
101 233
101 234
102 2
102 4
102 13
102 25
102 26
103 45
103 54
103 112
103 131
103 137
103 140
103 150
103 153
103 157
103 161
103 162
103 163
103 166
103 168
104 20
104 21
104 25
104 37
104 38
104 44
104 45
104 47
104 50
105 1
105 2
108 55
108 63
108 71
108 72
108 73
108 80
108 84
108 87
108 102
109 1
109 3
109 4
109 11
109 13
109 31
109 37
109 50
