1 5
1 14
1 15
1 18
1 20
1 28
1 32
1 45
1 46
1 63
1 65
1 77
1 84
1 88
1 103
1 119
1 149
2 4
2 5
2 6
2 8
2 15
3 4
3 11
3 16
3 21
3 25
3 26
4 136
4 147
4 149
4 150
4 163
4 169
4 179
4 185
4 186
4 198
4 204
4 207
4 213
5 3
5 15
5 17
5 18
6 45
7 4
9 12
9 15
9 24
9 29
9 32
9 37
9 42
9 46
9 53
9 55
9 58
9 61
10 4
10 5
10 16
10 17
10 18
10 27
10 34
10 35
10 36
10 40
10 43
10 55
10 57
10 59
10 62
10 64
10 72
10 73
10 77
10 78
10 81
10 83
10 90
10 94
10 96
10 97
10 100
10 105
10 109
10 114
10 137
10 142
10 143
10 145
10 147
10 149
10 151
10 160
10 167
10 170
10 172
10 174
10 180
10 193
10 195
10 202
10 204
10 205
10 207
10 224
10 231
10 234
10 237
10 239
10 241
10 243
10 246
10 253
10 263
10 265
10 313
10 314
10 317
10 321
10 323
10 330
10 340
10 341
10 343
10 349
10 350
10 357
10 361
10 365
10 369
10 379
10 382
10 401
10 405
10 414
10 422
10 446
10 448
10 453
10 454
11 1
11 7
11 10
11 14
11 34
11 40
11 61
11 65
11 80
11 81
11 91
11 97
11 105
11 109
11 110
11 118
11 133
11 153
11 160
12 1
12 2
12 39
12 40
12 44
12 46
12 63
12 79
12 98
12 106
12 115
12 121
12 124
12 127
12 133
12 135
12 136
12 138
12 140
13 23
13 43
13 44
13 57
13 65
13 66
13 80
14 6
14 11
14 13
14 14
14 16
14 17
15 2
15 4
15 8
15 11
15 12
15 19
16 9
17 1
17 3
17 8
17 23
17 24
18 104
18 116
18 118
18 138
18 145
18 146
18 151
18 152
18 166
18 172
18 173
18 174
18 182
18 183
20 6
20 34
20 43
21 5
21 15
21 19
22 38
22 42
22 43
22 45
22 47
22 55
22 79
23 1
23 7
23 12
23 16
25 39
25 47
25 54
25 57
25 59
25 71
25 83
25 89
25 94
25 105
27 53
27 58
27 61
27 62
27 69
27 74
27 77
27 167
27 176
27 182
30 9
30 12
31 2
31 10
31 12
31 20
31 21
31 32
32 2
32 9
32 11
32 12
32 17
33 1
33 2
33 12
33 16
33 33
33 35
33 47
33 50
33 58
33 59
33 65
33 66
33 78
33 81
33 94
33 96
35 30
35 45
35 47
35 51
35 55
35 77
35 79
35 83
35 84
35 93
35 96
35 97
35 101
35 103
35 110
35 117
35 123
35 136
35 137
36 7
36 11
36 12
36 13
36 19
36 21
36 32
36 34
36 37
36 50
36 58
36 64
36 68
36 69
36 82
36 96
36 97
36 98
36 102
36 108
36 116
36 121
36 127
36 131
36 132
36 137
36 140
36 178
36 179
36 184
36 188
36 202
36 265
36 275
36 278
36 281
36 285
36 356
36 357
36 358
36 360
36 364
36 371
36 374
38 13
38 14
38 16
38 23
38 29
38 42
38 46
38 61
38 73
38 75
38 76
38 77
38 87
38 88
38 92
38 98
38 101
38 102
38 122
38 207
39 3
39 6
39 13
39 15
39 18
39 20
39 24
39 32
40 73
40 75
40 77
40 79
40 186
41 18
41 19
41 22
41 30
41 44
41 46
41 53
41 54
43 1
44 7
44 12
44 13
45 1
45 8
45 11
46 33
46 34
46 41
46 44
46 49
46 55
46 65
46 66
46 68
46 69
46 77
46 97
46 99
46 112
46 114
46 120
46 121
46 124
46 127
46 132
46 145
46 147
46 149
46 152
46 157
46 164
46 166
46 168
46 171
46 183
46 198
46 201
46 207
46 208
46 214
46 215
46 217
46 225
46 234
46 238
46 239
46 250
46 262
46 264
46 279
46 280
47 1
47 6
47 7
47 11
47 20
47 21
47 26
47 30
47 46
47 51
47 74
47 77
47 78
47 81
47 85
47 100
47 129
50 11
52 20
52 26
52 27
52 32
52 33
52 38
52 44
52 52
52 55
52 74
54 19
55 2
55 4
55 12
55 21
55 37
55 40
56 3
57 1
57 5
60 20
60 21
60 29
60 34
60 40
60 42
60 44
60 46
60 52
60 61
60 63
60 65
60 86
60 102
60 103
60 106
60 107
60 112
60 116
60 126
63 6
63 11
64 1
64 8
64 9
64 33
64 35
64 37
64 39
64 40
66 1
67 10
67 23
67 25
67 26
67 40
67 67
67 73
67 78
67 84
67 88
67 96
67 109
68 5
68 6
68 9
68 11
68 17
68 31
68 34
68 35
68 38
68 41
69 8
69 9
70 2
71 134
71 140
71 146
71 148
71 150
71 160
72 2
72 22
72 23
72 28
72 158
72 173
72 194
72 196
72 214
73 1
73 4
73 6
73 13
73 15
73 16
73 30
73 39
73 56
73 63
73 74
73 77
73 81
73 92
73 94
73 106
73 107
73 114
75 80
75 82
75 83
75 89
75 187
75 199
75 215
75 217
75 218
75 220
75 229
75 231
75 241
75 254
75 260
75 272
76 1
76 3
76 60
76 75
76 77
76 90
76 93
76 98
76 101
76 106
76 107
76 109
76 125
76 126
76 127
76 132
76 133
76 134
76 144
76 145
76 146
76 152
76 153
76 156
76 165
76 174
76 189
76 198
76 327
76 335
76 341
76 373
76 378
76 381
76 391
76 405
76 407
76 430
76 433
76 441
77 89
77 91
77 94
77 95
77 97
77 101
77 118
77 136
77 174
77 190
77 191
77 193
78 1
78 20
78 21
78 22
78 44
78 48
78 52
78 53
78 58
78 59
78 65
78 75
78 77
78 85
78 93
78 99
78 100
78 104
78 105
78 107
78 112
78 116
78 118
78 145
78 156
78 166
78 174
78 182
78 183
78 184
78 190
78 191
78 192
78 195
78 197
78 200
78 203
78 207
79 9
79 21
79 22
79 24
79 30
79 38
79 40
79 42
79 47
79 51
80 69
81 34
81 38
82 1
82 36
82 98
82 100
82 114
82 115
82 121
82 126
82 130
82 134
82 144
82 147
82 151
82 167
83 5
84 2
84 4
84 7
84 14
84 16
84 18
84 20
86 9
88 79
88 84
88 90
88 119
88 120
88 129
89 47
89 61
89 67
89 73
89 76
89 87
90 5
90 8
90 16
90 23
90 129
90 137
90 141
90 142
90 143
90 156
90 162
90 163
90 164
90 169
90 173
90 179
90 313
90 321
90 322
90 323
90 327
90 329
90 331
90 334
90 338
92 73
93 27
93 28
93 37
94 119
94 121
94 125
94 133
94 137
94 141
94 142
94 168
94 182
94 200
94 206
94 207
94 208
94 210
94 216
94 226
94 238
94 246
94 249
94 252
94 261
94 270
94 284
96 6
96 8
96 12
96 19
96 20
96 22
96 24
96 26
97 10
97 12
98 9
98 11
98 12
98 17
98 24
98 25
98 39
98 45
98 51
98 58
98 85
99 18
99 32
99 34
99 37
99 42
99 61
99 71
99 75
99 76
99 78
100 62
100 66
100 70
100 77
100 78
101 56
101 57
101 60
101 63
101 66
101 81
101 85
101 92
101 96
101 99
101 105
101 109
101 116
102 6
102 9
102 14
102 19
102 20
102 22
102 37
102 39
102 41
102 58
102 106
102 115
102 117
102 130
102 132
102 143
102 146
102 251
102 260
102 264
102 282
102 285
102 293
102 294
102 299
102 301
102 305
102 308
102 313
