1 3
1 7
1 12
1 16
1 27
1 30
2 55
2 57
2 61
3 97
3 98
3 103
3 112
3 115
3 116
3 121
3 123
3 223
3 225
3 226
3 227
3 235
3 281
3 282
3 292
3 293
3 295
3 302
3 309
3 312
3 319
3 327
3 328
3 330
3 331
3 334
4 5
5 63
6 2
6 5
6 12
8 3
8 5
8 24
8 28
8 29
8 32
8 35
8 36
9 29
9 36
9 37
9 38
9 49
9 51
9 61
10 26
10 28
11 68
11 70
11 73
13 3
13 5
13 10
13 12
14 5
14 7
14 9
15 1
16 5
16 6
17 6
17 7
17 13
17 16
17 18
17 19
17 30
17 31
17 40
17 44
17 54
17 55
17 56
17 59
17 66
17 81
17 91
17 94
17 109
17 111
17 113
17 120
17 128
19 12
19 14
19 16
19 21
19 26
19 30
19 32
19 33
19 34
19 44
19 45
19 52
19 58
19 66
19 68
19 69
20 60
20 67
21 5
21 14
21 16
21 28
21 29
21 45
21 51
22 17
22 19
22 21
22 22
22 26
22 35
22 41
22 44
22 53
22 59
22 65
22 73
22 81
22 83
22 86
22 87
22 89
22 90
22 96
25 55
25 56
25 59
26 1
26 4
26 8
26 11
26 24
26 39
27 2
28 8
30 3
30 9
30 12
31 17
31 24
31 28
31 60
31 65
31 68
31 139
31 140
31 149
31 150
31 152
31 156
31 162
31 163
32 1
32 24
32 25
32 27
32 28
32 31
32 34
32 35
32 38
32 40
32 44
32 48
33 16
33 22
33 28
33 31
33 34
33 40
33 41
33 47
33 53
33 54
34 4
34 12
34 17
34 19
34 42
34 46
34 51
34 68
34 69
34 77
34 78
34 83
34 85
34 89
34 93
34 95
34 96
34 97
34 99
34 110
34 115
34 120
34 123
34 124
34 132
34 138
34 142
34 148
34 149
34 151
34 153
34 154
34 159
34 160
34 166
34 183
34 203
34 212
34 214
34 216
34 240
34 260
34 278
34 282
34 293
34 295
34 308
34 311
34 313
34 314
35 3
35 9
35 12
35 15
35 20
35 25
35 29
35 31
36 1
36 2
36 9
36 23
37 32
37 43
37 63
37 66
37 68
37 76
38 19
38 26
38 30
38 41
39 1
39 6
39 26
39 27
39 35
40 3
41 3
41 33
41 70
41 73
41 76
41 88
41 91
41 96
41 98
41 99
41 105
41 107
41 110
41 113
41 117
41 128
41 131
41 133
41 142
41 145
41 146
41 150
41 157
41 158
42 1
42 9
42 20
42 28
42 37
42 58
42 64
42 70
42 72
42 75
42 80
42 81
42 95
42 96
42 97
42 102
42 104
42 114
42 149
42 157
42 158
42 160
42 175
42 179
42 192
42 193
42 209
42 214
42 226
42 228
44 67
44 72
44 75
45 25
45 32
45 38
45 54
45 62
45 63
45 72
45 73
45 74
45 75
45 91
45 94
45 119
45 121
45 122
45 126
45 128
45 130
45 133
46 146
46 149
46 150
46 151
47 4
47 8
47 10
47 11
47 17
47 18
47 27
47 38
47 47
47 55
47 57
47 64
47 72
47 74
47 122
47 128
47 133
47 137
47 139
47 142
47 146
48 2
48 3
48 8
48 20
48 44
48 56
48 73
48 74
48 80
48 81
48 92
48 107
48 113
48 114
48 115
48 120
49 104
50 11
50 14
50 18
50 19
50 22
50 28
50 36
50 38
51 2
51 8
51 14
51 16
51 21
51 24
51 32
51 36
51 48
51 50
51 52
51 63
51 64
51 71
51 75
52 6
52 21
52 25
52 41
52 45
52 47
52 48
52 55
52 56
52 58
52 65
52 72
52 87
52 95
52 102
52 103
52 112
52 138
52 141
52 146
52 157
52 166
52 170
52 172
52 173
52 185
52 194
53 2
53 5
54 44
54 46
54 50
55 21
55 28
55 34
55 39
55 58
57 107
57 207
57 216
57 226
58 9
58 12
58 19
58 35
58 38
58 43
58 47
58 48
58 55
58 56
59 6
59 12
59 22
60 6
60 10
60 17
60 155
60 162
60 163
60 174
60 180
60 187
60 191
60 198
60 199
60 200
60 202
60 206
60 209
60 211
60 224
60 225
60 231
60 232
60 238
60 239
61 55
61 64
61 72
61 75
61 77
61 80
61 85
61 87
62 7
62 10
62 11
62 19
62 24
62 38
62 43
62 54
62 57
62 58
62 61
62 66
62 70
62 85
62 88
62 162
62 172
62 174
62 182
62 196
63 22
63 24
63 34
63 37
63 42
63 44
63 45
63 46
63 64
63 66
63 72
63 84
63 86
63 90
63 91
63 103
63 108
64 2
64 11
67 36
67 45
67 60
67 61
67 64
67 74
67 81
67 83
67 90
67 93
67 102
68 6
68 8
68 34
68 51
68 53
68 68
68 69
68 70
68 71
68 72
68 84
68 85
68 88
68 89
68 98
68 100
68 108
68 110
68 111
68 116
68 121
68 123
68 126
68 129
68 130
68 139
68 144
68 155
68 157
68 159
68 160
68 161
68 168
68 187
68 188
69 6
69 9
69 20
69 21
69 22
69 26
70 6
70 7
70 9
70 18
71 3
71 8
71 14
71 20
71 27
71 28
71 49
71 56
71 58
71 59
71 71
72 11
72 12
72 20
72 28
72 31
72 39
72 49
72 63
72 64
72 69
72 89
72 91
72 93
72 94
72 100
72 103
73 1
73 2
73 3
73 9
73 12
73 21
73 25
73 29
73 30
73 32
73 33
73 35
74 95
74 101
75 1
75 3
75 4
76 13
76 14
76 19
76 20
76 21
76 26
76 27
76 32
76 36
76 37
76 39
76 40
76 41
76 43
76 45
78 3
78 5
78 6
78 9
78 11
78 12
78 14
78 20
78 21
78 22
78 34
78 43
78 49
78 50
79 40
79 41
79 52
79 53
79 58
79 68
79 70
79 71
79 75
79 85
79 97
79 107
79 117
79 119
79 124
79 125
79 130
80 10
80 13
80 21
80 28
80 41
80 48
80 52
80 54
80 59
80 61
80 62
80 71
80 73
80 74
80 80
80 84
81 47
81 51
81 62
81 68
81 76
82 7
82 14
82 23
82 24
82 37
82 40
82 42
82 45
82 47
82 52
82 55
82 56
82 69
82 71
82 77
82 114
82 115
82 116
82 117
82 129
82 140
82 147
82 156
82 159
82 162
82 166
82 171
82 172
82 178
82 180
82 185
82 189
82 195
82 197
82 198
82 204
83 1
83 2
83 3
83 21
83 25
84 14
84 24
84 33
84 39
84 43
84 48
84 51
84 56
85 3
86 2
86 5
86 63
86 65
86 68
86 69
86 98
86 137
87 2
88 2
88 10
88 12
88 13
88 14
88 27
88 28
88 40
88 47
88 49
88 60
88 67
88 77
88 89
88 96
88 98
88 100
88 103
88 109
88 110
88 118
88 128
88 139
88 144
88 147
88 148
88 152
88 154
88 157
88 159
88 164
88 165
88 169
88 170
88 172
88 173
89 4
89 8
90 8
90 9
90 14
90 30
90 31
90 33
90 36
90 37
90 46
90 55
91 5
91 8
92 2
92 13
92 28
92 39
92 50
92 51
92 54
92 65
93 7
93 22
93 30
93 35
93 38
93 40
93 49
93 50
93 52
93 57
93 59
93 64
93 66
93 69
93 73
93 77
93 79
93 88
93 89
93 221
93 223
93 224
93 226
93 241
93 242
93 248
93 255
93 278
93 301
93 311
94 12
94 13
94 14
94 23
94 26
94 34
94 50
94 55
94 61
94 76
94 80
94 99
94 106
95 4
95 8
95 10
95 19
95 21
95 24
95 31
96 3
96 4
96 21
96 33
96 35
96 41
96 43
98 1
98 5
98 6
98 8
98 9
98 11
98 13
99 1
99 3
99 5
99 6
99 15
99 17
100 4
100 6
100 11
101 2
101 9
101 14
101 21
101 28
101 31
101 36
101 41
101 42
101 49
102 51
102 60
102 67
102 70
102 76
102 79
102 81
102 84
102 103
103 6
103 16
103 20
103 26
103 38
103 41
103 52
103 57
103 64
103 79
103 87
104 1
104 3
104 15
104 17
104 23
104 35
104 37
104 45
104 47
104 54
105 1
105 6
105 11
105 25
105 34
105 35
105 37
105 41
105 45
105 46
105 48
105 50
105 53
105 80
105 82
105 92
105 94
107 19
107 20
107 24
107 27
107 28
107 38
107 41
107 43
107 46
107 57
107 58
107 78
107 83
107 88
107 89
107 90
107 100
107 102
108 3
108 12
108 13
108 21
108 22
108 27
108 30
108 33
109 2
109 7
109 11
109 19
109 34
109 35
109 39
109 40
109 43
109 44
109 51
109 59
109 69
109 78
109 95
109 104
109 105
110 7
110 12
110 15
110 19
110 20
110 21
110 26
110 27
110 30
110 33
110 36
110 44
110 48
110 68
110 97
111 12
112 12
112 15
112 21
112 33
112 38
112 41
112 43
112 49
112 52
112 55
112 56
112 58
112 68
112 70
112 83
112 86
112 87
112 93
112 94
112 107
112 111
112 113
112 114
112 121
112 140
113 34
113 54
113 65
113 111
