1 1
1 4
1 7
1 14
1 18
1 20
1 21
1 27
1 43
1 44
1 45
1 48
1 67
1 70
2 3
2 12
2 15
2 24
2 25
2 31
2 34
2 41
2 45
2 84
2 85
2 87
2 91
2 107
2 112
2 116
2 154
2 156
2 162
4 34
4 35
4 45
4 53
4 55
4 58
4 60
4 64
4 65
4 79
4 84
5 4
5 5
5 6
5 10
5 11
5 20
5 24
5 26
5 27
5 29
5 31
5 32
8 15
8 23
8 24
8 32
8 34
8 35
8 43
8 56
8 61
8 72
8 73
8 80
8 81
8 83
8 87
8 90
8 99
10 66
10 74
11 3
11 4
11 10
12 17
12 20
12 21
12 25
12 26
12 39
12 42
12 44
12 47
12 50
12 54
12 72
12 76
12 82
17 23
17 30
17 38
18 19
18 21
18 24
18 25
19 2
20 11
20 12
20 18
20 21
20 29
20 33
20 44
20 46
20 48
20 72
20 77
20 82
20 87
20 92
20 109
20 113
20 117
21 7
21 10
21 15
21 23
21 32
21 36
21 51
21 53
21 54
21 61
21 70
21 74
21 83
21 84
21 85
21 87
25 16
26 1
26 3
26 4
26 8
26 12
26 13
26 20
26 30
26 34
26 40
26 45
26 51
26 57
26 59
26 72
26 73
26 76
26 82
27 1
27 3
27 4
29 2
29 9
29 10
29 12
29 16
29 22
29 23
29 29
29 37
29 46
29 52
29 67
29 70
29 72
29 88
29 89
29 95
29 99
29 101
31 53
31 55
32 4
33 1
33 3
33 5
33 13
33 22
33 24
33 27
33 37
33 147
33 150
33 153
33 161
33 177
33 182
33 184
33 191
33 195
33 200
33 201
33 203
33 204
33 205
33 209
33 211
33 214
33 238
33 243
34 14
34 15
34 17
34 20
34 35
35 11
35 18
35 23
35 26
35 29
35 43
35 55
35 59
35 60
35 61
35 64
35 74
35 76
35 84
35 90
35 99
35 107
35 117
35 124
35 130
35 132
35 135
35 144
35 149
35 268
35 278
36 10
37 28
38 2
38 3
38 4
38 5
38 11
38 13
38 27
38 32
38 38
38 54
38 65
38 70
38 74
38 97
38 108
38 122
38 123
38 129
38 153
38 156
38 161
39 40
39 42
39 44
39 47
39 52
39 70
39 77
39 79
39 82
39 92
39 102
39 114
39 119
39 124
39 125
39 140
39 141
39 142
40 1
40 7
40 33
40 34
40 35
40 36
40 37
40 56
40 58
40 59
40 63
40 68
40 69
40 74
40 76
40 79
41 1
41 4
41 12
41 15
41 18
41 34
41 47
41 62
41 64
41 67
41 102
41 105
41 106
41 108
41 116
41 120
41 133
41 135
41 138
41 160
41 161
41 162
42 1
42 8
42 9
42 10
42 14
42 19
42 29
43 1
43 3
43 16
44 25
44 31
44 34
44 35
45 8
45 15
45 16
45 150
45 151
45 155
45 165
45 166
45 170
45 177
45 179
45 194
45 231
45 235
45 240
45 244
45 247
45 269
45 270
45 277
45 309
45 319
45 326
45 330
45 339
45 346
45 349
45 355
45 358
45 364
45 365
45 369
45 370
45 374
47 8
47 130
47 132
47 142
47 143
47 149
47 154
47 156
47 162
47 180
47 189
47 194
47 200
47 215
47 220
47 232
48 1
48 8
48 9
48 10
48 11
48 18
48 31
49 104
49 107
49 116
49 119
49 128
49 129
49 131
49 133
49 137
50 7
50 17
50 25
50 28
50 32
50 40
51 4
51 7
51 10
51 11
51 14
51 30
51 39
51 44
51 46
53 23
53 27
53 34
54 2
54 11
54 12
54 17
54 18
54 19
54 35
54 37
54 43
54 48
54 51
55 17
55 157
55 162
55 168
55 171
55 178
55 183
55 187
55 189
55 191
56 1
56 3
56 27
56 39
56 40
56 41
56 85
56 132
56 142
56 144
56 147
56 151
56 162
56 164
56 165
56 168
56 179
57 1
57 9
57 12
57 18
57 19
59 41
59 51
59 53
59 69
59 77
59 78
59 82
61 13
61 15
61 20
61 33
61 36
61 42
62 59
62 62
62 67
62 69
62 74
62 82
62 87
62 91
62 93
62 99
62 101
62 110
62 118
62 119
62 120
64 34
64 37
64 45
64 46
64 50
64 60
64 67
64 73
64 76
64 85
64 86
64 98
64 103
64 107
64 111
64 114
64 120
64 199
64 200
64 202
64 203
64 205
64 206
64 208
64 213
64 220
64 226
64 227
64 232
64 238
64 240
64 245
64 264
64 274
64 278
64 295
64 313
64 329
65 19
65 20
65 29
65 48
65 52
65 53
65 57
65 61
65 67
65 76
65 84
65 85
65 87
65 90
65 103
65 114
65 115
65 122
65 123
65 130
65 139
66 12
66 30
66 48
66 59
67 6
67 14
67 28
67 29
67 48
67 58
67 61
67 66
67 67
67 70
67 80
67 81
67 85
67 93
67 100
67 105
67 106
67 119
67 137
68 4
68 14
68 18
68 22
68 23
68 26
68 38
68 40
68 45
68 51
68 57
68 64
68 68
68 69
68 77
68 84
68 86
68 168
68 169
68 173
68 176
68 182
68 194
68 201
68 202
68 216
68 220
68 235
68 377
68 384
68 393
68 410
68 412
68 428
68 438
68 445
68 452
68 454
68 458
68 475
68 476
68 479
68 494
68 510
68 514
68 515
68 516
69 4
69 7
69 8
69 11
70 30
70 39
70 43
70 45
70 65
70 69
70 72
70 80
70 81
70 82
70 83
70 91
70 93
70 101
70 104
70 116
71 5
71 27
71 32
71 33
72 3
72 6
72 14
72 25
72 26
72 32
72 37
72 40
72 48
72 49
72 59
72 61
72 65
72 66
73 13
73 17
75 12
75 13
75 17
75 29
75 31
75 45
75 61
75 63
75 77
75 86
75 91
75 92
75 105
76 17
76 24
76 32
77 7
77 10
77 92
78 113
78 126
78 164
78 166
78 179
78 180
78 184
78 194
78 205
78 210
78 213
78 224
78 229
78 231
78 255
78 261
78 264
78 266
78 295
78 300
78 305
78 315
78 318
78 321
78 333
79 5
79 42
79 45
79 52
79 134
79 135
79 138
79 142
79 156
79 162
79 163
79 166
79 174
79 175
79 177
79 198
79 205
79 215
79 221
79 225
79 244
79 256
79 258
79 271
79 292
80 2
80 23
80 32
80 35
80 40
80 44
80 74
80 76
80 87
80 89
80 97
80 99
80 103
82 1
82 5
82 6
82 7
82 16
82 20
82 31
82 32
82 37
82 39
82 41
82 43
82 44
82 45
82 56
82 60
82 61
82 62
82 66
82 71
82 78
82 87
82 91
82 92
82 94
82 100
82 104
82 112
82 113
82 252
82 253
82 266
82 275
82 281
82 299
83 1
83 2
83 8
83 12
83 13
83 18
83 20
83 22
83 39
83 41
83 43
83 46
83 47
83 48
83 53
83 118
83 124
83 126
84 3
84 9
86 19
86 34
86 36
86 38
86 43
86 45
86 51
86 57
86 65
86 67
86 68
86 96
86 118
86 129
86 131
86 137
86 141
86 142
86 157
86 182
86 187
86 189
86 195
86 213
86 221
86 249
86 335
86 351
86 360
86 361
87 3
87 7
87 8
87 11
87 20
87 22
87 26
87 60
87 70
87 77
87 81
88 6
88 21
88 22
88 28
88 36
88 43
88 45
88 52
88 58
88 60
88 67
88 74
88 79
88 85
88 87
88 88
88 90
88 96
88 97
88 101
92 4
92 16
92 19
92 20
92 104
92 105
92 112
92 113
92 117
92 120
92 124
93 8
93 9
93 12
93 16
93 20
93 22
93 26
93 34
93 44
94 2
94 5
94 15
95 1
95 14
95 19
95 22
95 40
95 47
95 49
96 2
96 6
96 9
96 12
96 27
96 41
96 42
96 45
96 57
96 65
96 66
96 87
96 89
97 8
97 15
97 18
97 20
99 18
99 23
99 30
99 31
100 7
100 21
100 24
100 36
100 43
100 48
100 75
100 78
100 172
100 180
100 185
100 189
100 194
100 196
100 199
100 201
100 202
100 211
100 216
100 218
100 226
100 231
100 244
100 247
100 251
100 255
102 6
102 14
102 15
102 43
102 51
102 53
102 55
102 63
102 66
102 72
102 73
102 75
102 80
102 81
102 82
102 103
102 104
102 112
102 121
102 127
102 128
102 130
102 136
102 149
102 151
102 158
102 177
102 191
102 192
102 194
102 196
102 197
102 198
