1 6
1 9
1 26
1 27
1 31
1 32
1 42
1 45
1 50
1 58
2 2
2 3
3 2
3 4
3 6
3 16
3 18
3 33
3 41
3 48
3 50
3 51
3 117
3 119
3 123
3 125
3 128
3 129
3 143
3 146
3 149
3 164
3 169
3 171
3 179
3 200
3 202
3 209
4 7
4 23
4 30
4 33
4 37
4 50
4 58
4 63
4 67
4 72
4 77
4 81
4 83
4 86
4 95
4 97
4 102
4 103
4 106
4 109
4 120
4 127
4 132
4 135
4 136
4 137
4 140
4 142
4 164
4 172
4 178
4 182
5 6
5 12
5 27
6 2
7 104
7 105
7 115
7 117
8 80
9 16
9 22
9 23
9 26
9 30
9 34
9 37
9 40
9 55
12 41
12 44
12 50
12 55
12 60
14 1
14 5
14 6
14 10
14 13
14 31
14 33
14 37
14 45
14 46
14 52
14 54
14 55
14 60
14 61
14 68
14 69
14 99
14 102
14 109
14 110
14 115
14 116
14 117
14 124
14 129
14 149
14 156
14 160
14 164
14 165
14 167
14 170
14 180
14 186
14 188
14 199
14 210
15 4
15 12
15 28
15 35
15 47
17 39
17 46
17 148
17 154
17 159
17 182
17 203
17 209
17 212
17 226
17 227
18 10
18 19
18 23
18 28
18 37
18 40
18 42
18 44
18 73
18 75
19 3
19 6
19 8
19 9
19 31
20 7
20 8
20 29
20 45
20 50
20 61
20 66
20 68
20 72
20 78
20 79
20 103
20 105
20 108
20 119
20 120
20 125
21 1
21 5
21 6
21 15
21 23
21 27
22 3
22 34
22 39
22 42
22 43
22 45
22 49
22 51
22 54
22 62
22 67
22 81
23 4
23 13
23 21
23 25
23 31
23 42
24 2
24 11
24 16
24 18
24 27
24 38
25 3
25 64
25 67
25 74
25 75
25 76
26 1
26 4
26 8
26 9
26 26
26 36
26 51
26 57
26 60
26 62
26 70
26 74
26 83
26 84
27 25
28 34
28 56
28 73
28 82
28 83
28 85
28 89
28 98
28 104
28 108
28 110
28 111
28 117
28 120
28 121
28 123
28 127
28 132
28 149
28 158
28 161
28 167
28 169
28 171
28 177
28 180
29 1
29 4
29 20
30 21
30 51
30 60
30 62
30 69
30 75
30 77
30 80
30 82
30 89
30 96
30 98
30 103
31 5
31 7
31 8
31 17
31 33
31 39
31 43
31 49
31 51
31 59
31 72
31 73
31 80
31 82
31 84
31 90
32 2
32 3
32 11
32 79
33 13
33 29
33 34
33 49
33 57
33 60
33 61
33 62
33 67
33 71
35 9
35 12
35 18
35 22
35 23
35 24
35 27
35 32
36 107
36 118
36 120
36 122
36 123
36 125
36 127
36 140
37 12
40 85
40 88
40 90
40 100
40 112
40 118
40 127
40 132
40 148
40 149
40 154
40 162
40 164
40 168
40 170
40 181
40 186
40 192
40 204
40 208
40 219
40 237
40 259
40 263
41 11
41 13
41 23
41 28
41 30
41 32
41 36
41 37
41 38
41 40
41 41
41 44
41 47
41 48
41 58
41 62
41 68
41 71
41 73
41 78
41 80
41 88
41 98
41 99
41 100
42 3
42 6
42 8
42 10
42 18
42 19
42 26
42 27
42 39
44 46
44 57
44 62
44 66
44 67
44 74
44 76
44 79
44 82
44 95
46 60
46 63
46 64
46 70
46 90
46 91
46 104
46 111
46 114
46 115
46 120
46 127
46 130
46 147
46 149
46 167
46 172
46 173
46 186
46 189
46 192
46 193
46 210
46 212
46 219
46 220
46 221
46 232
47 1
47 3
47 4
47 9
47 14
47 17
47 19
47 20
47 26
47 31
48 3
48 9
48 26
49 83
49 102
49 103
49 111
49 112
49 120
49 134
49 158
49 164
49 172
50 50
50 54
50 69
50 72
50 75
50 85
50 87
50 91
50 99
51 12
51 17
51 24
51 28
51 29
52 7
52 8
52 15
52 18
52 35
52 40
52 47
53 3
53 5
53 7
53 22
53 26
53 29
53 40
53 50
53 56
53 65
53 67
53 69
53 76
53 77
53 89
53 98
53 102
53 106
53 113
53 117
53 126
53 127
53 131
53 140
53 144
54 18
54 20
54 23
56 6
57 4
58 42
58 43
59 2
59 3
60 4
60 25
60 28
60 36
60 47
60 50
60 51
60 62
60 63
60 71
60 73
60 78
60 86
62 2
62 7
62 17
62 31
62 33
62 37
62 50
62 51
62 57
62 58
62 61
62 65
62 68
62 71
63 59
63 61
63 63
63 69
63 77
63 79
63 85
63 88
63 95
63 98
63 111
63 123
63 137
64 32
65 2
65 4
65 9
65 10
65 11
65 13
66 2
68 1
68 11
68 12
68 15
68 21
69 19
69 33
69 34
69 36
69 41
70 6
70 8
70 15
70 16
70 18
70 28
70 34
70 45
70 50
70 51
70 69
70 99
70 103
70 105
70 106
70 108
70 112
70 124
70 135
70 146
70 150
70 155
70 156
70 264
70 269
70 339
70 341
70 343
70 349
70 350
70 357
70 359
70 360
70 364
70 388
70 390
70 420
70 426
70 435
70 437
70 444
70 445
70 451
70 461
70 482
70 490
70 497
70 501
70 509
70 511
70 513
70 514
70 521
70 523
70 542
70 546
70 547
70 549
70 557
70 563
70 564
70 568
70 583
70 600
70 602
70 606
70 608
70 612
70 625
70 629
70 638
70 642
71 3
71 5
71 6
71 8
73 2
74 15
74 18
74 22
74 24
75 1
75 7
75 12
75 43
75 45
75 59
75 69
75 74
75 75
75 77
75 79
75 81
75 86
75 93
75 97
75 101
75 102
75 105
75 107
75 109
76 3
76 4
76 8
76 12
76 20
76 21
76 51
77 3
77 17
77 21
77 25
77 26
77 30
77 38
78 1
78 2
78 9
78 10
78 21
78 25
78 26
78 34
78 47
79 2
79 4
79 7
79 11
79 21
82 35
82 46
83 2
83 3
83 9
83 19
84 2
84 14
84 21
84 33
84 37
84 44
84 64
84 67
84 89
84 99
84 106
84 130
84 133
84 134
84 139
84 152
84 158
84 160
84 165
84 170
84 178
84 179
84 189
84 194
84 212
84 213
84 218
84 228
84 230
84 238
84 278
84 281
84 287
84 295
84 298
84 301
85 1
85 7
85 9
85 12
85 23
86 4
86 9
86 11
86 17
86 22
86 24
87 1
87 5
87 17
87 65
87 85
87 93
87 97
87 105
87 108
87 115
87 123
87 124
87 128
87 139
88 42
88 44
88 45
88 64
88 65
88 66
88 219
88 220
88 236
88 237
88 245
88 246
88 252
88 253
88 257
88 259
88 271
88 277
88 279
88 281
88 288
88 289
88 293
88 298
88 299
88 300
88 306
88 310
88 314
89 7
94 27
95 63
96 47
98 7
98 9
98 19
98 20
98 25
99 4
99 11
99 18
99 20
99 26
99 33
99 37
99 41
99 46
99 48
99 66
99 67
99 86
99 87
99 91
99 92
100 1
100 9
100 20
100 31
100 32
100 39
100 44
100 53
100 61
101 1
101 8
101 10
101 14
101 16
101 20
101 22
101 26
101 31
101 34
101 35
102 1
102 6
102 13
102 15
102 18
102 26
102 31
102 36
102 37
103 3
103 5
103 8
103 13
103 17
103 120
103 134
103 136
103 145
103 148
103 157
103 160
103 163
103 171
103 172
103 180
103 195
103 198
103 204
103 209
103 213
103 221
103 235
104 4
104 11
104 17
104 22
105 2
105 6
106 119
106 125
106 128
106 139
107 9
107 17
107 19
107 25
107 27
107 30
111 78
111 79
111 87
111 100
111 101
111 104
111 106
111 108
111 109
111 115
111 121
111 125
111 130
111 136
111 142
111 151
111 156
111 159
111 162
111 169
111 172
111 174
111 185
111 187
111 188
111 189
111 196
111 199
111 201
111 204
111 228
111 259
111 261
111 262
111 267
111 273
111 276
111 278
111 310
111 320
111 322
111 331
111 370
111 380
111 382
111 390
111 397
111 401
111 402
111 436
111 438
111 449
111 450
111 457
111 459
111 460
111 482
111 483
111 489
111 492
111 499
111 505
111 506
111 512
111 514
111 516
111 522
111 525
111 660
111 664
111 665
111 668
111 673
111 680
111 684
111 685
111 720
111 725
111 726
111 727
111 764
111 774
113 45
113 48
113 49
113 50
113 56
113 64
113 75
114 75
114 76
114 81
114 100
114 101
