1 2
1 136
3 2
3 12
4 12
4 15
4 20
4 34
4 45
5 5
5 8
5 11
5 18
5 19
5 33
5 37
5 65
5 76
5 78
5 85
6 4
6 5
7 1
8 2
8 4
8 12
8 26
8 28
8 31
8 35
9 13
9 24
9 36
9 50
9 59
9 194
10 8
11 18
11 21
11 22
12 2
12 6
12 8
12 9
12 12
12 20
12 26
13 9
13 11
13 13
13 14
13 24
13 30
13 43
13 44
13 48
13 52
13 55
13 64
13 146
13 147
14 12
14 13
14 15
14 32
16 4
16 9
16 11
16 21
16 22
16 25
16 34
16 41
16 53
16 54
16 62
16 76
16 78
16 81
16 85
16 97
16 101
16 105
16 109
16 110
17 1
17 5
17 7
17 10
17 13
17 15
17 16
17 17
17 19
17 27
17 34
17 42
17 50
17 52
17 58
17 67
17 75
17 80
17 84
17 85
17 87
18 6
18 10
18 15
18 22
18 23
19 60
19 85
19 86
19 88
19 99
19 101
19 106
19 116
19 120
19 125
19 232
19 235
19 240
19 248
19 280
19 287
19 313
19 314
19 317
19 347
19 362
19 370
19 372
19 382
19 386
19 388
19 389
19 401
19 404
19 411
19 420
19 433
19 493
19 494
19 500
19 504
19 512
19 517
19 527
19 530
19 531
19 534
19 536
19 547
19 548
19 551
19 555
19 556
19 559
19 568
19 569
20 4
20 5
20 17
20 18
20 21
20 25
20 27
20 29
20 37
20 39
20 41
20 50
23 16
23 21
23 32
23 163
24 9
24 11
24 21
24 22
24 27
24 30
24 34
24 41
24 45
24 46
24 47
24 48
24 50
24 51
24 52
24 56
24 62
24 63
24 70
24 86
24 90
24 91
24 113
24 117
24 123
24 133
24 137
24 140
24 143
24 149
24 150
24 151
24 163
24 170
24 172
24 181
24 188
24 192
24 196
24 202
24 205
24 210
24 213
24 215
24 218
24 223
24 226
24 232
24 238
24 246
24 261
24 262
24 263
24 279
24 282
24 303
24 305
24 317
24 321
24 325
24 329
28 35
28 38
31 54
31 56
32 9
32 17
32 34
34 6
34 16
34 21
34 22
34 40
34 46
34 50
34 57
34 59
34 70
34 167
34 168
34 170
34 174
34 181
34 183
35 1
35 6
35 10
35 19
35 20
35 23
35 24
35 31
35 34
35 43
35 45
37 14
37 18
37 32
37 36
37 40
37 41
37 51
37 55
37 60
37 61
37 68
37 69
37 79
37 82
37 94
37 101
37 112
37 128
37 129
37 132
39 3
39 7
39 9
39 12
39 14
39 52
39 58
39 64
39 76
39 81
39 84
39 85
39 215
39 224
39 226
39 230
39 231
39 242
41 61
41 63
42 4
42 7
42 10
42 14
42 36
42 42
42 54
42 58
42 63
42 70
42 78
42 83
43 12
43 20
43 21
43 25
43 33
44 3
44 11
45 17
45 18
46 1
46 23
46 41
46 42
46 44
46 45
46 56
46 65
46 66
47 8
47 11
48 3
48 4
48 19
48 23
48 27
49 2
49 4
49 10
49 18
49 23
49 24
49 33
49 61
49 77
49 79
49 88
49 94
49 98
49 100
49 103
50 4
50 16
50 17
50 19
50 22
50 23
50 73
50 76
50 81
50 83
50 86
50 91
50 93
50 96
50 214
50 218
50 232
50 236
50 245
51 2
51 21
51 22
51 31
51 32
51 36
51 37
51 38
51 42
51 50
51 51
51 68
51 71
51 74
51 86
51 88
51 91
51 98
51 108
51 109
51 117
51 118
51 120
51 129
51 132
51 142
51 144
51 146
51 149
51 159
51 161
51 163
51 167
51 175
51 177
51 184
52 5
53 1
54 27
54 28
54 34
54 38
54 39
54 40
54 42
54 46
54 48
54 103
54 106
54 107
54 113
54 115
54 125
54 135
55 1
55 9
55 18
55 19
55 28
55 29
55 37
56 8
58 44
58 46
58 50
58 54
58 65
58 74
58 81
58 82
58 92
58 98
58 99
58 104
58 115
58 118
58 122
58 128
58 134
58 143
58 147
58 149
58 154
58 157
58 166
58 168
58 173
58 175
58 184
58 188
58 189
58 235
58 245
58 249
58 254
58 256
58 260
58 262
59 2
59 30
59 56
59 57
59 65
59 70
59 74
59 81
59 89
59 93
59 95
59 99
59 115
59 121
59 124
59 132
59 133
59 264
59 269
59 276
59 283
59 284
59 286
59 294
59 312
59 316
59 320
59 335
59 337
59 338
59 344
59 346
59 354
59 356
59 363
59 367
59 368
59 378
61 61
61 62
63 18
63 20
63 29
63 31
63 36
63 46
63 48
63 59
63 65
63 66
63 77
63 79
63 80
63 88
63 91
63 145
63 148
63 157
65 3
65 9
65 15
65 22
65 26
65 30
65 59
65 61
65 77
65 125
65 127
65 142
66 2
67 5
67 10
67 13
67 24
67 31
67 33
67 38
67 39
67 56
67 74
67 77
67 82
67 85
67 90
67 91
67 96
67 97
67 98
67 111
67 188
67 190
67 192
67 202
67 203
69 2
69 13
70 1
70 2
70 27
70 29
70 31
70 40
70 42
70 48
70 57
70 58
70 69
71 10
72 3
72 7
72 8
72 14
72 29
72 45
72 54
72 56
72 62
72 71
72 75
72 77
72 90
72 99
73 8
76 77
76 78
77 9
77 11
77 37
77 52
77 55
77 65
77 71
77 100
77 105
77 113
77 118
77 126
77 132
77 137
79 23
79 28
79 31
79 35
79 43
79 51
79 52
79 55
79 63
79 64
80 18
80 28
80 32
80 35
80 53
81 10
81 16
81 27
81 30
81 31
81 33
81 66
81 78
81 80
81 83
81 84
82 1
82 32
82 33
82 36
82 46
82 47
82 55
82 59
82 65
82 70
83 9
83 16
83 21
83 24
83 26
83 28
83 37
84 1
84 5
84 14
84 21
84 23
84 26
84 59
84 61
84 62
84 67
84 70
84 76
84 83
84 91
84 107
85 1
85 4
85 17
85 18
85 21
85 33
85 42
85 43
85 46
85 50
85 53
86 2
86 11
86 50
86 65
86 66
86 76
86 77
86 80
86 89
86 91
86 163
86 170
86 172
86 174
86 175
86 181
86 188
86 193
86 195
86 197
87 4
87 9
87 28
87 41
87 50
88 1
88 21
88 25
88 26
88 33
88 40
88 55
88 63
88 72
88 79
88 89
88 90
88 92
88 94
88 103
88 108
88 111
88 113
88 114
88 123
88 133
88 142
88 145
88 150
88 151
88 152
88 178
88 183
88 190
88 191
88 194
88 203
88 205
88 207
88 209
88 211
88 214
89 23
89 32
89 35
89 36
89 43
89 44
89 46
89 49
89 50
89 56
89 59
89 62
89 63
89 66
89 70
89 73
89 74
89 78
89 80
89 85
89 92
89 115
89 123
89 129
90 64
90 94
90 101
90 103
90 104
90 108
90 112
90 116
90 117
90 120
90 121
90 123
91 1
91 2
91 10
91 21
91 29
92 1
92 4
92 18
92 22
92 24
92 27
92 47
92 53
93 3
93 19
93 23
93 24
96 1
96 2
96 7
96 12
96 17
96 26
96 31
96 35
97 123
97 125
97 129
97 134
97 142
97 144
97 155
97 159
97 165
97 171
97 175
97 177
98 2
98 6
98 8
98 10
98 16
98 25
99 5
99 6
99 9
99 15
99 16
99 21
99 23
99 27
99 30
99 38
99 44
100 3
100 4
100 7
100 26
100 48
100 51
100 52
100 53
100 55
100 57
100 61
101 1
102 9
102 14
102 19
102 21
102 22
102 23
102 26
102 30
102 32
102 35
102 40
102 49
102 50
102 61
102 68
102 71
102 74
103 6
103 13
103 14
103 21
103 26
103 89
103 91
103 93
103 94
103 99
103 105
103 108
103 110
103 117
103 125
104 1
104 5
104 8
104 19
104 21
104 22
104 24
104 30
104 96
104 97
104 104
104 106
104 112
104 115
104 118
104 141
104 142
106 4
106 5
106 8
106 9
106 17
106 19
106 28
106 33
106 34
106 36
106 44
106 48
106 50
106 52
106 63
106 64
106 75
106 77
106 78
106 101
106 102
106 115
106 116
106 120
106 121
106 128
106 131
106 136
106 137
107 1
107 6
107 9
107 10
107 17
107 19
107 20
107 24
107 31
107 45
107 56
107 57
107 61
107 64
107 74
107 76
107 80
107 90
108 1
108 2
108 7
108 10
108 21
110 9
110 19
110 25
110 38
110 40
110 48
110 51
110 54
110 58
