1 8
1 11
1 12
1 25
1 31
1 39
1 41
1 43
1 66
1 68
1 81
1 86
1 90
1 92
1 110
1 113
1 118
1 122
1 127
1 129
1 133
1 146
1 148
1 161
1 164
1 172
3 73
3 74
3 112
3 118
3 121
3 122
3 127
3 134
3 137
3 146
3 163
3 168
3 172
3 174
3 181
3 183
3 184
3 186
3 195
3 197
3 201
3 206
3 218
3 235
3 241
3 247
3 251
3 252
3 253
3 259
3 260
3 269
3 270
3 271
3 284
3 287
3 291
3 293
3 296
3 369
4 4
4 14
4 22
4 34
5 4
5 7
5 13
5 24
5 30
6 2
6 6
6 7
6 13
7 2
7 3
7 7
7 8
7 9
7 10
7 15
7 31
7 39
7 42
7 46
7 48
7 56
7 60
8 10
8 13
8 99
8 115
8 118
8 122
8 133
8 142
8 148
8 152
8 155
8 164
9 4
9 16
9 17
9 21
9 23
9 79
9 122
9 127
9 148
9 152
9 166
9 168
9 169
9 171
9 175
9 176
9 179
9 190
9 191
9 203
9 262
9 269
9 270
9 275
9 276
10 3
10 12
10 44
10 48
10 68
10 76
11 2
11 3
11 4
11 16
11 21
11 23
11 29
11 33
11 41
11 42
11 56
11 58
11 63
11 64
11 79
13 14
13 19
13 24
13 25
13 31
13 39
13 49
13 51
13 54
13 56
13 66
13 67
13 71
13 79
13 80
13 81
13 86
13 88
13 96
13 98
13 109
13 112
13 121
13 125
13 144
13 145
13 146
13 148
13 151
13 159
13 161
13 164
13 173
13 179
13 181
13 182
15 5
15 17
15 22
15 24
15 27
15 30
15 37
15 80
15 89
15 94
15 95
16 11
16 18
16 22
16 23
16 33
16 35
16 39
16 52
16 56
16 71
16 73
16 93
16 97
16 103
16 109
16 111
16 115
19 4
19 8
19 13
19 22
19 31
19 36
19 38
19 47
19 52
19 68
19 73
19 78
19 88
19 94
19 97
19 112
19 114
19 119
19 121
19 122
19 128
19 134
19 135
19 142
20 4
20 6
20 8
20 16
20 17
22 82
22 85
22 91
22 92
22 93
22 105
22 113
22 115
22 118
22 127
22 133
23 9
23 14
23 17
23 22
23 23
23 26
23 28
23 29
23 31
23 35
23 60
23 61
23 66
24 1
24 3
24 12
26 84
26 94
26 95
26 105
26 112
26 117
26 123
26 124
26 125
26 129
26 134
26 135
26 140
26 142
26 143
26 146
26 149
26 152
26 155
26 157
26 158
26 160
26 161
26 163
26 168
26 169
26 180
26 187
26 195
27 4
27 6
27 10
27 27
27 32
27 38
27 69
27 77
29 1
29 12
30 5
30 11
30 17
30 30
30 96
30 157
30 169
30 171
30 172
30 194
30 202
30 204
30 207
30 208
30 210
30 220
30 225
30 228
30 237
31 120
31 122
31 142
32 45
32 49
32 50
32 51
32 55
32 56
32 64
32 69
32 70
32 85
33 6
33 11
33 14
33 17
33 20
33 26
33 27
33 33
33 46
33 55
33 57
33 60
33 64
33 83
33 89
33 100
33 102
33 103
33 105
33 176
33 184
33 188
33 190
33 192
33 205
33 206
33 213
33 222
33 224
34 4
34 6
34 7
34 13
34 25
34 28
34 31
34 34
34 38
34 43
35 2
35 4
35 24
35 28
36 8
36 9
36 11
36 13
36 14
36 31
36 36
36 38
36 40
36 47
36 61
36 70
36 76
36 81
36 82
37 12
37 13
37 17
37 23
37 41
37 45
37 46
37 50
37 88
37 96
37 106
37 108
38 5
38 8
38 24
38 30
38 33
38 48
38 52
38 54
38 58
39 5
39 12
39 14
39 15
39 25
39 27
39 30
39 48
39 50
39 51
39 53
39 54
39 87
39 95
39 105
39 109
39 111
39 125
39 133
40 129
40 132
40 133
40 146
40 171
40 174
40 187
40 195
40 204
42 82
42 86
42 87
42 90
42 95
42 116
42 125
42 138
42 146
42 148
42 164
42 166
43 88
43 94
43 96
43 98
43 109
43 111
44 1
44 3
44 10
44 11
44 16
44 17
45 16
45 23
45 31
46 30
46 65
46 76
46 77
46 84
46 90
47 1
48 21
48 25
48 26
48 37
48 127
49 3
49 11
49 12
49 14
49 15
49 18
49 28
49 29
49 31
49 35
49 51
49 59
50 12
50 15
50 20
50 23
50 32
51 19
51 22
51 39
51 40
51 49
51 54
51 62
51 63
51 67
51 76
51 83
51 87
51 99
51 102
51 110
51 118
51 119
51 166
51 177
51 182
51 207
51 212
51 220
51 221
51 226
51 229
51 234
55 2
55 4
55 6
55 12
55 20
55 24
56 6
56 8
57 1
57 71
57 75
57 77
57 78
57 88
57 90
57 95
57 105
57 106
57 122
57 127
57 129
57 130
57 134
57 141
57 150
57 156
57 158
57 159
58 17
58 24
58 71
58 82
58 84
58 112
58 114
58 126
58 131
58 146
58 150
58 153
58 157
58 158
59 8
59 11
59 19
59 30
59 36
59 43
59 56
59 57
59 64
59 77
59 80
59 83
59 84
59 95
59 98
59 99
59 103
60 4
61 2
61 4
61 6
61 8
61 12
61 13
61 15
61 19
61 23
61 31
61 32
61 33
61 48
61 51
61 62
61 66
61 71
61 73
61 95
61 101
61 103
62 5
62 9
62 14
62 18
62 28
62 30
62 36
62 52
62 53
62 67
62 76
62 78
62 81
63 79
63 84
64 3
64 6
64 7
64 11
64 25
64 28
64 30
64 31
64 49
64 57
64 60
64 61
64 62
64 70
64 71
64 175
64 176
64 178
64 183
64 189
64 201
64 334
64 337
64 338
64 343
64 348
64 357
64 360
64 364
64 377
64 380
64 384
64 388
64 395
64 398
64 402
64 419
64 427
64 435
65 12
65 84
65 85
65 87
65 90
65 93
65 95
65 101
65 107
65 109
65 114
65 117
65 124
65 126
65 129
65 133
65 149
65 154
65 156
65 158
65 177
65 184
65 186
65 205
65 211
65 212
65 213
65 215
65 219
65 222
65 227
65 228
65 231
65 234
65 237
65 245
65 247
65 253
65 255
65 256
65 299
65 307
65 314
65 315
65 324
65 326
65 330
65 344
65 345
65 348
65 351
65 356
65 359
65 369
65 370
65 371
65 372
65 377
65 384
65 387
66 6
66 7
66 17
66 21
66 24
66 28
66 32
66 35
66 36
66 40
66 45
66 47
66 50
66 63
66 65
66 73
66 74
66 75
66 118
66 119
66 121
66 122
66 127
66 135
66 136
66 141
68 55
68 67
68 74
68 209
68 210
68 212
68 219
68 223
68 229
68 230
68 239
68 251
68 252
68 263
68 270
68 275
68 277
68 279
68 283
68 293
68 303
68 308
68 316
68 329
68 339
68 348
69 1
69 8
69 10
69 14
69 27
69 29
69 48
69 59
69 62
69 66
70 5
70 9
70 14
70 35
70 44
70 45
70 49
70 52
70 63
70 70
70 72
70 82
70 91
70 92
70 94
70 98
70 100
70 102
71 6
71 16
71 24
71 37
71 38
71 47
71 51
71 52
71 86
71 97
71 106
71 120
71 136
71 142
71 143
71 145
71 148
71 149
71 156
71 169
71 173
71 175
71 179
71 185
71 191
71 193
71 197
71 198
71 202
72 8
72 19
72 25
72 26
72 28
73 10
73 11
75 60
75 67
75 72
75 77
75 81
75 84
76 1
76 13
76 14
76 16
76 22
76 25
77 4
77 8
77 13
77 18
77 23
77 33
77 54
77 55
77 56
77 59
77 73
77 80
77 90
78 3
78 8
78 20
78 26
78 106
78 111
78 112
78 114
78 116
78 135
78 136
78 139
78 140
78 152
78 154
78 165
78 173
78 176
78 186
79 1
79 10
79 11
79 15
79 20
79 34
79 35
80 14
80 15
83 37
85 27
85 28
85 29
85 32
85 82
85 83
85 93
85 94
85 98
85 110
85 114
86 36
86 38
86 39
86 45
86 46
86 56
86 58
86 60
86 61
86 65
86 69
86 74
86 77
86 79
86 83
86 92
86 100
86 102
86 104
86 107
86 113
86 116
86 117
86 120
86 123
86 137
86 145
87 1
87 3
87 4
87 16
87 18
87 50
87 52
87 55
87 56
88 1
89 6
89 10
89 13
89 14
89 17
89 19
89 25
89 27
89 32
89 38
89 48
89 49
89 51
89 53
89 56
89 57
89 81
89 93
90 4
90 7
90 9
90 19
90 24
91 1
91 5
91 24
91 28
91 29
91 40
91 42
92 1
92 3
92 6
92 7
93 1
93 4
93 7
93 20
93 25
93 30
93 33
93 49
93 51
93 58
93 71
93 74
93 80
93 85
93 91
93 96
93 103
93 104
93 113
93 118
93 123
94 83
94 91
94 92
94 100
94 102
94 111
94 115
94 121
94 124
94 126
94 127
94 128
94 131
94 135
94 140
94 144
94 146
94 155
94 163
94 174
94 178
94 185
95 2
95 5
95 7
95 11
95 14
95 16
95 19
95 20
95 31
95 32
95 43
95 53
95 54
95 61
96 2
96 11
97 42
97 52
97 70
97 80
97 89
