1 3
1 4
1 5
1 33
1 34
1 38
1 40
1 42
1 44
1 46
1 48
1 95
1 96
1 98
1 108
1 112
2 4
2 5
2 13
2 17
2 70
2 76
2 78
2 86
2 95
2 97
3 1
3 54
3 75
4 57
4 74
4 76
5 3
5 12
5 22
5 29
5 30
5 31
5 64
6 5
6 12
6 13
6 20
6 24
6 37
6 38
6 39
6 49
6 56
6 57
6 60
6 82
6 85
6 89
6 102
6 106
6 110
6 117
6 118
6 126
6 130
6 134
6 136
7 12
7 20
7 21
7 32
7 39
7 43
7 44
7 50
11 7
11 15
11 19
11 22
11 24
11 25
11 31
12 2
12 3
12 18
12 21
12 22
12 23
12 24
12 29
12 37
12 39
12 43
13 98
13 111
14 109
14 110
14 112
15 9
15 21
15 42
15 43
15 44
15 46
15 53
15 58
15 61
15 62
15 67
16 20
16 24
16 25
16 34
16 35
16 49
16 52
16 60
16 70
16 75
16 76
16 77
16 85
16 90
16 91
17 2
17 4
18 9
22 27
22 30
22 73
22 75
22 76
22 77
22 78
22 86
23 3
23 10
23 19
23 27
23 63
23 66
23 71
23 76
23 82
23 84
24 75
24 83
24 84
24 85
24 93
24 94
24 98
25 11
25 12
25 14
25 24
25 27
25 39
25 40
25 43
25 44
27 4
27 5
27 8
27 14
27 22
27 24
27 41
27 45
27 49
27 74
27 77
27 78
27 90
27 100
27 101
27 103
27 104
27 107
27 108
27 113
27 132
28 1
28 10
28 16
28 50
28 51
28 52
28 59
28 61
28 63
28 66
28 70
28 79
28 80
28 92
28 107
29 5
29 6
29 22
29 23
29 25
29 26
29 36
29 38
29 40
29 42
29 44
29 48
29 51
30 2
30 3
30 6
30 8
31 7
31 9
31 12
31 22
31 25
32 2
32 7
32 8
32 13
32 15
32 18
32 21
32 26
32 30
32 31
32 35
32 39
32 50
32 51
32 53
32 54
32 67
32 72
32 74
32 89
32 90
32 91
32 102
32 110
32 112
32 113
32 142
32 148
33 3
33 16
33 18
33 22
33 29
33 34
33 37
34 84
34 103
34 153
34 156
34 159
34 178
34 179
34 181
34 189
34 193
34 212
34 215
34 219
34 228
36 36
36 45
36 47
36 49
36 53
36 54
36 55
36 60
36 66
36 67
36 87
36 93
36 99
36 109
36 111
36 121
36 123
36 133
36 135
36 141
36 146
36 147
36 150
39 8
39 10
39 16
39 18
39 20
39 21
39 37
39 51
39 56
40 1
40 5
40 7
40 8
40 9
40 12
40 16
40 20
40 157
40 158
40 172
40 189
40 190
40 191
40 194
40 200
40 202
40 204
40 212
40 218
40 223
40 225
40 226
40 230
42 35
42 37
42 38
42 42
43 2
43 5
43 17
43 18
43 32
43 39
44 9
44 26
44 33
44 37
44 47
44 57
44 80
44 91
44 92
44 98
44 99
44 103
44 104
44 120
44 124
44 192
44 194
44 202
44 205
44 209
44 226
45 120
45 122
45 124
45 128
45 130
45 132
45 141
45 142
45 143
45 149
45 150
45 151
45 153
46 4
46 16
46 25
46 157
46 158
46 159
46 171
46 188
46 197
47 4
47 11
47 13
47 14
47 21
47 22
47 23
47 26
47 27
47 31
47 36
47 44
47 51
47 54
47 70
47 74
47 80
47 123
47 126
47 135
47 136
47 137
48 1
48 6
48 9
48 13
48 14
48 17
48 21
48 37
48 38
49 16
49 17
49 20
49 22
49 32
49 35
49 42
49 45
49 48
49 52
49 55
49 73
49 82
49 91
49 103
49 121
49 122
49 130
49 137
49 147
49 203
49 204
49 206
49 218
49 225
49 229
49 231
50 6
50 16
50 17
50 27
50 29
50 30
50 42
50 45
50 51
50 54
50 62
50 63
50 83
50 85
50 90
50 98
50 104
50 107
50 108
50 114
50 128
50 139
50 144
50 157
50 158
50 167
50 172
50 190
50 191
50 197
50 202
50 203
50 206
50 234
50 239
50 242
50 245
50 249
50 250
50 253
50 270
50 271
50 278
50 287
50 297
51 11
51 20
51 28
51 30
51 33
51 41
51 47
51 76
51 99
51 106
51 107
51 134
53 72
53 74
53 78
53 80
53 105
53 109
53 114
53 116
53 119
54 12
54 17
54 32
54 34
54 40
54 55
54 57
54 58
54 70
54 72
57 3
57 9
57 10
57 21
57 22
57 25
57 39
57 43
57 45
58 2
58 5
58 6
58 8
58 11
58 12
58 18
58 30
58 38
58 53
58 61
58 63
58 64
58 69
58 80
58 81
58 87
58 97
58 113
58 114
60 2
60 5
60 10
60 16
60 24
60 30
60 33
60 42
60 44
60 45
60 50
60 55
61 80
61 88
61 96
61 103
61 113
61 117
61 123
61 126
63 14
66 62
66 71
66 76
66 86
66 87
66 101
66 104
66 107
66 147
66 148
66 159
66 163
66 165
66 168
67 8
67 12
67 29
67 31
67 36
67 37
67 44
68 4
68 22
68 35
68 49
68 52
69 2
69 5
69 7
69 36
71 20
71 25
71 30
71 33
71 34
71 38
71 39
72 6
72 7
72 13
72 14
72 25
72 31
72 33
72 38
72 42
72 43
73 2
73 8
73 9
73 22
73 27
73 28
73 30
73 35
73 37
74 27
74 36
74 38
74 45
74 46
74 50
74 52
74 54
74 55
74 64
74 65
74 67
74 70
74 71
74 75
74 77
74 84
74 89
74 92
74 97
74 105
74 109
74 115
74 118
74 130
76 1
76 6
76 14
76 18
76 29
76 32
76 33
76 37
76 38
77 1
77 9
77 11
77 15
77 17
77 18
77 19
77 21
77 22
77 27
77 29
77 33
77 34
77 39
77 40
77 44
77 46
77 49
77 51
77 56
77 58
77 63
78 12
78 15
78 23
78 27
78 32
78 33
78 38
79 9
79 11
79 15
79 17
79 19
79 23
79 24
79 26
79 38
81 88
81 98
81 102
81 119
81 120
82 8
82 19
82 27
82 29
82 167
82 168
82 170
82 175
82 176
82 181
82 183
82 194
82 196
82 198
82 199
82 205
82 213
82 215
82 217
82 228
82 232
82 241
82 243
82 248
83 12
83 16
83 17
83 18
83 19
83 32
83 33
83 34
83 42
83 51
83 56
83 64
83 68
83 70
83 75
83 83
83 94
83 97
83 109
83 110
83 120
83 129
83 138
83 142
83 163
83 175
83 176
83 188
84 10
84 28
84 33
86 1
86 12
86 15
86 19
86 34
86 44
86 46
86 47
86 48
86 54
86 56
86 57
86 58
86 60
86 62
86 70
86 76
86 82
86 84
86 85
87 34
87 41
88 2
88 4
88 7
88 8
89 11
89 14
89 18
89 19
89 22
89 27
89 28
89 30
90 6
90 7
90 8
90 11
90 20
90 29
90 32
90 48
91 70
91 71
91 79
91 90
91 95
91 109
91 113
92 1
92 4
92 10
92 16
92 17
92 24
92 28
92 32
92 34
92 41
92 55
92 57
92 69
92 74
92 76
92 86
92 102
92 230
92 239
92 242
92 245
92 254
92 258
92 278
92 285
92 288
92 289
92 298
92 300
92 302
92 303
92 308
92 314
92 316
92 332
92 335
92 351
92 361
92 362
92 363
92 369
92 371
92 373
92 404
92 422
93 63
93 69
93 72
93 73
93 75
93 81
93 82
93 83
93 94
93 98
93 103
93 115
93 122
93 136
93 140
93 142
93 144
94 4
95 20
95 21
95 22
96 5
96 6
96 19
96 22
96 30
96 31
96 33
96 46
96 60
97 7
98 8
98 11
98 14
98 15
98 16
98 31
98 38
98 40
98 47
98 71
98 73
98 87
99 46
99 47
99 48
99 66
99 69
100 1
100 14
100 16
100 19
100 31
100 49
100 55
100 86
100 88
100 94
100 109
100 114
100 125
100 126
101 15
101 17
101 32
101 33
101 34
101 39
101 43
101 47
101 54
101 65
101 66
102 3
102 12
102 23
102 24
102 30
102 33
102 45
102 48
102 55
102 59
102 60
102 62
102 65
102 73
102 75
102 76
102 84
102 90
104 4
104 7
104 8
104 11
104 14
104 20
104 33
104 41
104 47
104 51
104 59
105 6
105 135
105 136
105 151
105 159
105 163
105 164
105 171
106 5
106 9
106 10
106 18
106 20
106 21
106 22
106 25
106 31
106 32
106 36
106 41
106 55
106 63
106 85
106 87
107 5
107 52
107 56
107 66
107 68
107 69
