1 5
1 7
1 11
1 13
1 22
1 25
1 35
4 14
4 23
4 28
4 46
4 50
4 55
4 61
4 63
4 65
4 67
4 74
4 80
5 2
5 8
5 9
5 10
5 16
5 29
5 30
5 33
5 34
5 43
5 48
5 50
5 55
5 58
5 60
5 77
5 78
5 80
5 83
5 85
5 95
5 101
6 5
6 10
6 114
6 116
6 118
8 109
8 114
8 118
8 120
8 140
8 141
9 1
9 7
9 9
9 11
9 19
9 29
9 40
9 43
9 46
9 50
9 51
9 56
9 65
10 18
10 25
10 28
10 33
10 37
10 46
10 60
10 62
10 73
10 125
10 136
10 143
10 145
10 147
10 148
10 158
10 164
10 167
10 170
10 200
10 201
10 215
10 218
10 227
10 232
10 237
10 238
10 239
10 242
10 244
10 245
10 252
10 261
10 266
10 267
10 270
10 273
10 278
10 340
10 341
10 350
12 1
12 4
12 9
12 16
12 20
12 23
13 4
13 13
13 14
13 15
13 26
14 1
14 9
14 13
15 1
15 4
15 6
15 8
15 11
15 17
15 20
15 27
16 4
17 4
17 6
18 2
18 8
18 18
18 21
18 26
18 30
18 32
18 42
18 50
18 51
18 58
18 153
18 157
18 158
19 1
19 2
19 3
19 21
19 23
20 5
20 6
20 10
20 20
20 24
20 29
20 42
20 49
20 50
20 51
20 59
20 61
20 65
20 68
20 72
20 77
20 89
20 97
20 98
21 46
21 51
21 54
21 57
21 62
21 66
22 19
22 27
22 32
22 43
22 44
22 66
22 77
22 79
22 82
22 83
22 95
22 97
22 108
22 109
22 113
22 121
22 129
22 134
22 141
22 146
22 147
22 158
22 170
22 171
23 9
23 10
23 17
23 24
23 26
24 1
24 2
24 3
24 4
24 6
24 9
24 27
24 36
24 49
24 52
24 61
25 1
25 2
26 69
27 1
27 8
27 10
27 14
27 20
27 23
27 28
27 57
27 60
27 62
27 64
27 66
27 74
27 75
27 82
27 86
27 87
27 91
27 92
27 93
27 96
27 99
27 103
27 104
27 118
27 130
27 146
27 149
27 155
27 168
27 170
27 171
27 176
27 197
27 205
27 207
27 211
28 9
28 12
28 14
28 20
28 22
28 29
28 37
29 4
29 6
29 8
29 15
29 17
29 19
30 48
31 4
31 16
31 35
31 38
31 53
31 58
31 59
31 63
35 41
36 4
36 9
36 25
36 27
36 31
36 62
36 63
36 65
36 69
36 72
36 79
36 93
36 106
37 7
37 43
37 57
37 60
37 63
37 67
37 108
37 110
37 116
37 118
38 1
38 4
38 8
38 10
38 14
38 17
39 122
39 123
39 128
39 139
40 3
40 21
40 28
40 30
40 44
41 2
41 3
41 10
41 15
41 23
41 32
41 35
41 41
41 43
41 52
41 66
41 68
42 1
42 3
42 6
42 11
42 13
42 20
42 28
42 35
42 43
42 45
42 50
42 52
42 61
42 71
42 82
42 85
42 86
42 88
42 89
42 98
42 106
42 120
42 124
42 132
42 142
42 147
43 60
43 122
43 130
43 131
44 2
45 1
45 2
45 4
45 15
45 17
46 23
47 6
48 2
48 6
48 8
48 11
48 16
50 75
50 76
50 85
50 93
50 94
50 97
50 98
51 6
51 16
51 18
51 22
51 23
51 25
51 63
51 66
51 72
51 78
51 88
51 111
51 116
51 118
51 129
51 132
51 135
52 1
52 10
52 16
52 24
52 26
52 28
52 38
53 14
53 23
53 30
53 34
53 38
53 40
53 41
54 3
54 134
54 143
54 146
54 153
54 162
54 174
54 184
54 192
54 194
54 195
54 199
54 210
54 211
54 215
54 233
54 243
54 244
55 12
55 18
55 22
55 25
55 26
55 30
55 42
55 46
55 57
55 61
55 62
55 64
55 65
55 72
55 78
55 85
55 106
55 107
55 112
55 125
55 138
55 141
55 145
55 147
55 167
55 168
55 187
55 192
55 196
55 203
55 204
55 205
55 206
56 1
56 3
56 4
57 5
57 6
57 9
57 18
57 23
57 30
57 36
57 39
57 57
57 58
57 65
57 73
57 76
57 80
57 84
57 85
57 94
57 128
57 134
57 150
57 152
57 157
58 8
58 9
58 22
58 30
58 35
60 3
60 11
61 2
61 15
61 17
61 18
61 25
62 7
62 9
62 10
62 13
62 14
62 153
62 155
62 279
62 282
62 283
62 289
62 290
62 292
62 298
62 309
62 311
63 3
63 8
63 15
63 31
63 39
63 47
63 48
63 56
63 70
63 76
63 79
63 83
63 84
63 91
63 93
63 95
63 97
63 100
63 101
63 112
63 113
63 129
63 139
63 140
63 142
63 144
63 146
69 8
69 25
69 35
70 16
70 21
70 27
71 25
71 26
71 32
72 2
72 16
72 22
72 24
72 28
72 30
72 35
72 38
72 44
72 48
72 49
72 50
72 53
72 55
72 56
72 60
72 65
72 75
72 76
72 88
72 92
72 93
72 109
76 3
76 4
76 13
76 17
76 30
76 40
76 44
76 45
76 47
76 49
76 54
76 62
76 74
76 77
76 79
76 81
76 83
76 97
76 101
76 104
76 113
76 114
76 169
76 181
77 13
77 15
77 20
77 22
78 2
78 5
78 7
78 8
78 11
78 34
78 38
78 40
78 55
78 57
78 96
78 104
78 247
78 248
78 252
78 256
78 258
78 361
78 364
78 366
78 371
78 372
78 379
79 33
79 40
79 41
79 42
79 44
79 50
79 62
79 68
79 69
79 87
79 96
79 152
79 160
79 168
79 170
82 37
82 39
82 42
82 47
83 1
83 14
83 20
83 24
83 28
83 30
83 42
83 45
84 4
84 21
84 22
84 28
85 11
86 12
86 15
86 39
86 40
86 63
86 66
86 73
86 74
86 79
86 81
88 28
88 29
88 32
88 33
88 36
88 47
88 57
88 69
88 84
88 96
88 98
88 130
88 132
88 136
88 140
88 141
88 144
88 146
88 151
88 158
88 160
88 161
88 162
88 164
88 165
88 166
88 171
88 173
88 175
88 181
88 182
88 183
88 184
88 186
88 188
88 200
88 206
88 215
89 26
89 45
89 54
90 2
90 4
90 7
90 8
90 15
90 17
90 24
90 43
90 49
90 62
90 78
91 1
91 5
91 9
91 16
91 25
91 26
91 33
91 36
91 37
92 5
92 8
92 9
93 2
93 13
93 14
93 19
93 23
93 27
93 29
93 41
93 49
93 50
93 51
93 60
94 8
94 9
94 14
94 19
94 22
94 24
94 25
94 26
94 32
94 34
94 36
94 48
94 55
94 56
94 63
94 64
94 68
94 72
94 73
94 79
94 80
94 82
94 83
94 85
94 89
94 98
94 100
94 101
94 107
95 10
95 13
95 20
95 27
96 5
96 18
96 19
96 21
96 31
96 36
96 38
96 49
96 57
96 66
96 72
96 74
96 88
96 111
96 116
96 120
96 124
96 189
96 199
96 206
96 211
97 2
97 3
97 4
97 8
97 22
97 152
97 153
97 155
97 162
97 169
97 173
98 14
100 16
100 29
100 33
100 35
100 44
100 46
100 49
100 56
100 58
100 59
100 82
100 83
100 97
100 113
100 116
100 118
100 120
100 123
100 125
100 126
100 145
100 146
100 154
100 157
100 159
100 162
100 174
100 183
100 186
100 187
101 2
101 4
101 16
101 18
101 26
101 29
101 33
101 34
101 41
101 47
101 49
101 64
101 71
101 77
101 78
101 80
101 86
101 91
101 96
101 98
101 101
101 111
101 133
101 141
101 143
102 6
102 16
102 19
102 25
102 33
102 37
102 39
102 85
103 2
103 6
103 8
103 9
103 12
103 14
104 6
104 11
105 55
105 58
105 61
105 64
106 115
106 117
106 120
106 131
106 133
106 134
106 136
106 149
106 154
106 160
106 161
106 170
107 3
108 3
108 21
109 6
109 8
109 12
109 13
109 16
109 19
109 22
109 27
109 30
109 31
109 33
109 36
109 37
109 44
109 78
110 1
110 2
110 4
110 8
111 1
111 13
112 6
112 15
112 21
112 28
112 35
112 43
112 130
113 17
113 20
113 26
113 35
113 39
113 42
115 2
115 7
115 10
115 14
115 16
115 19
115 40
115 45
115 58
115 60
115 78
115 84
115 86
115 97
115 105
115 112
116 6
116 15
116 17
116 18
116 19
116 26
116 28
116 51
116 69
116 70
116 71
117 14
117 18
117 19
117 21
118 2
118 6
118 8
118 10
118 16
118 19
118 25
118 26
118 30
118 31
118 34
118 50
118 55
119 41
119 53
120 37
120 46
120 54
120 56
121 16
121 24
121 40
121 41
121 56
121 59
121 74
121 79
121 88
122 36
