1 5
1 12
1 24
1 27
1 39
1 44
1 51
1 58
1 66
1 69
1 75
1 76
1 77
1 81
1 85
1 96
1 101
1 105
1 112
1 113
3 100
3 103
3 113
3 118
3 120
3 121
3 129
3 131
3 137
3 139
3 149
3 150
3 152
3 153
3 155
3 160
3 178
3 192
3 194
3 196
3 197
3 200
3 201
3 205
4 8
7 64
7 71
8 3
8 16
8 17
8 24
8 28
8 30
8 39
8 45
9 9
9 14
11 3
11 16
11 20
11 27
11 28
12 8
12 17
12 18
12 23
12 31
12 34
12 35
12 38
12 47
13 1
13 4
13 11
13 12
13 16
13 20
13 30
13 37
13 44
13 45
13 57
13 64
14 36
14 47
14 56
15 3
15 12
15 16
15 25
16 8
16 27
16 28
16 38
16 40
16 44
16 45
16 59
16 61
16 71
16 77
16 78
16 85
16 86
16 102
16 108
16 110
16 111
16 117
17 37
18 23
19 6
20 1
20 7
20 25
20 35
20 36
20 37
20 41
20 46
20 55
21 14
21 17
21 18
21 38
21 51
21 58
21 60
21 64
21 72
21 76
21 181
21 183
21 184
21 185
21 188
21 189
22 6
22 12
22 30
22 32
22 33
22 41
22 46
22 75
22 100
22 101
22 111
22 116
23 32
23 35
24 4
24 10
24 12
24 14
24 15
24 16
24 29
24 73
24 85
24 87
24 89
24 92
25 3
25 13
25 18
25 20
25 23
25 36
25 41
25 45
25 52
25 56
25 75
25 76
25 80
25 81
25 85
25 91
25 105
25 122
25 131
25 144
25 145
25 146
25 149
25 153
26 2
26 16
26 17
26 20
26 23
26 30
26 31
26 36
26 45
26 62
26 191
26 196
26 206
26 208
26 210
26 212
26 219
26 221
26 234
26 240
26 291
27 17
28 3
28 21
28 23
28 26
28 50
28 71
28 72
28 89
28 91
28 92
28 95
28 99
28 101
28 105
28 112
28 114
28 121
28 125
28 132
28 139
28 145
28 152
28 237
28 249
28 252
28 253
28 254
28 255
28 256
30 62
30 64
30 67
30 79
30 81
30 86
30 94
30 103
32 96
32 173
32 175
32 184
32 195
32 203
32 205
32 214
33 133
33 135
33 144
33 146
33 148
33 155
33 157
33 158
33 159
33 160
33 165
33 170
33 171
34 3
34 8
34 24
34 25
34 36
34 43
34 53
34 77
34 80
34 101
34 104
35 1
35 5
35 11
35 13
36 10
36 12
36 27
36 30
36 50
36 56
36 66
36 76
37 9
37 11
37 18
37 19
38 43
38 56
38 60
38 61
38 62
38 73
38 81
38 89
38 90
38 105
38 123
38 129
38 152
38 153
38 167
38 170
38 181
38 185
38 187
38 188
38 189
38 193
38 196
38 198
38 200
38 206
38 208
38 209
38 213
38 215
38 224
38 233
39 31
39 44
40 2
41 2
41 9
41 61
41 174
41 180
41 182
41 183
42 16
42 18
42 25
42 31
43 1
43 11
44 8
44 26
44 38
44 41
44 43
44 47
44 51
44 57
44 61
45 3
45 15
45 26
47 4
47 5
47 10
47 13
47 142
47 148
48 1
48 13
48 16
48 20
48 21
48 165
48 167
48 168
48 169
49 89
49 94
49 96
49 113
49 118
49 124
50 12
50 16
50 22
50 125
50 127
50 147
50 150
50 156
50 157
50 164
50 178
50 185
50 190
50 194
50 195
50 197
50 203
50 208
50 215
50 222
50 225
50 232
52 14
52 19
52 21
52 28
52 34
52 35
53 52
53 54
53 59
53 62
53 70
53 84
53 91
53 104
53 108
53 111
53 112
53 113
53 114
53 124
53 128
55 72
55 95
55 103
57 7
57 9
57 18
57 22
57 24
57 25
57 28
57 30
57 46
57 47
57 53
57 57
58 43
59 5
59 7
59 20
59 21
59 26
60 19
60 76
60 79
62 32
62 36
62 42
62 50
62 52
63 16
63 18
63 19
64 9
64 12
64 19
64 20
64 25
64 29
64 38
64 55
65 67
65 74
65 86
65 87
65 90
65 97
65 99
65 110
65 112
65 122
65 125
65 129
65 131
65 138
65 139
65 144
65 145
65 151
65 159
65 169
65 178
65 184
65 186
65 187
65 188
65 192
65 193
65 196
65 203
65 221
65 223
65 229
65 231
65 234
65 247
65 248
65 251
65 254
65 256
65 262
65 263
68 1
68 2
68 24
68 33
68 37
68 40
69 51
69 56
69 67
69 72
69 79
69 82
70 3
70 16
70 21
70 22
70 54
70 66
70 68
70 73
70 79
70 83
70 85
70 87
70 195
70 199
70 204
70 205
71 16
71 17
71 18
71 26
71 29
71 34
71 36
71 37
71 39
71 45
71 49
71 61
71 63
71 65
71 68
71 69
71 70
71 73
71 75
71 79
71 86
71 87
71 89
71 105
71 114
71 116
71 121
71 131
71 132
71 160
71 165
71 166
71 170
71 173
71 174
71 175
71 187
71 188
71 194
71 198
71 200
71 206
71 213
71 215
71 217
73 78
73 92
73 98
73 106
73 107
73 116
73 124
73 134
73 155
74 6
75 1
75 18
75 21
75 26
75 27
75 31
76 4
76 8
76 11
76 13
76 15
76 17
76 21
76 38
76 41
76 54
76 57
76 58
76 60
76 77
76 83
76 85
76 89
76 96
76 109
76 114
76 128
76 258
76 262
77 4
77 6
77 34
77 36
79 1
79 2
79 8
79 14
79 25
79 29
79 32
80 7
81 10
81 25
81 28
81 34
81 37
81 40
81 46
81 54
81 59
81 63
81 65
81 68
81 71
81 74
81 82
81 105
81 115
81 118
81 120
82 3
82 23
82 26
82 29
83 3
83 6
83 9
83 16
84 10
84 12
84 23
84 28
84 31
84 45
84 56
84 65
86 117
86 118
87 1
87 8
87 16
87 26
87 30
88 1
88 134
88 139
88 146
88 151
88 165
88 168
88 171
89 1
89 4
89 9
89 15
89 23
89 26
89 33
89 35
89 40
89 45
89 46
89 51
89 59
89 66
89 69
89 78
89 81
89 82
89 85
89 88
89 286
89 287
90 3
90 9
90 13
91 3
91 4
94 28
94 30
94 32
94 37
94 41
94 47
94 60
94 62
94 64
94 72
94 74
94 79
94 86
97 47
98 22
98 34
98 35
98 36
98 40
98 48
98 56
98 60
98 77
98 81
98 91
98 92
99 8
99 14
99 15
99 24
99 29
101 7
101 10
101 13
101 14
101 18
101 21
102 3
102 4
102 11
102 14
102 17
104 3
104 14
104 16
104 22
104 27
104 37
104 87
104 98
104 106
104 112
104 116
104 128
104 137
104 160
104 170
104 177
104 185
104 186
104 189
104 199
104 202
104 204
104 210
104 211
104 228
104 231
104 233
104 236
104 237
104 240
104 245
104 255
104 257
105 15
105 17
105 27
107 10
107 17
107 19
107 23
107 28
107 35
107 39
107 45
107 53
107 58
107 63
107 64
107 69
107 70
107 71
107 72
107 76
108 1
108 2
108 6
108 11
108 17
108 20
108 25
108 27
108 29
108 32
108 45
108 53
108 55
108 99
108 100
108 104
108 132
108 134
108 136
108 148
108 165
108 242
108 246
108 267
108 269
108 271
108 275
108 278
108 281
108 295
108 301
108 310
108 332
