1 11
1 12
1 14
1 21
1 46
1 50
2 20
2 44
2 45
2 46
2 62
2 67
2 77
2 80
2 107
2 111
2 114
3 7
3 12
3 14
9 64
9 69
9 73
9 74
9 78
9 84
9 101
9 183
9 184
9 194
9 208
9 213
9 217
9 219
9 228
9 249
9 261
10 1
10 2
10 14
10 15
10 16
10 22
10 31
10 37
10 43
10 47
11 2
11 6
11 10
11 13
11 14
11 19
11 44
11 54
11 76
11 78
12 2
12 7
12 12
12 16
12 20
12 33
12 37
12 38
13 7
13 9
13 11
14 2
14 20
14 25
14 27
14 30
14 33
14 34
14 37
14 45
14 53
14 56
15 11
15 18
15 33
15 47
15 50
15 62
15 69
15 73
15 75
15 88
15 105
15 108
15 114
15 116
15 121
15 137
15 142
15 143
15 158
15 163
15 173
15 179
15 181
15 187
15 189
15 202
15 211
15 214
15 215
15 227
15 239
15 242
15 254
15 256
15 259
15 266
15 269
15 277
15 278
15 282
15 287
15 293
15 301
15 303
15 311
15 315
15 321
15 329
15 333
15 350
15 359
15 362
15 400
15 402
15 403
15 405
15 411
16 2
16 11
16 28
16 36
16 40
16 44
16 45
16 57
16 61
16 100
16 110
16 123
16 136
16 141
16 143
16 149
16 155
16 161
16 178
16 179
16 184
16 185
16 187
16 202
17 1
17 9
17 10
17 11
17 12
17 18
17 20
17 30
18 2
18 8
18 10
19 4
19 7
19 15
19 16
19 17
19 21
19 24
19 32
19 33
19 44
19 48
19 50
19 53
19 60
19 70
19 71
19 90
19 94
19 95
19 109
19 110
19 116
19 119
19 121
19 122
19 139
19 143
19 147
19 153
19 156
19 170
19 173
19 175
19 179
19 185
19 188
19 194
19 247
19 255
19 256
19 258
19 262
19 267
19 284
20 4
20 42
20 46
20 56
20 58
20 62
22 5
22 7
23 3
23 4
23 10
23 14
23 24
23 65
23 69
23 80
25 7
25 8
25 11
25 13
28 4
28 5
28 8
28 14
28 15
29 4
29 68
29 78
29 82
29 97
29 106
29 110
29 119
30 3
30 4
30 10
30 11
30 12
30 18
30 23
30 28
30 29
30 37
30 48
30 56
30 60
30 65
30 72
30 82
30 92
30 97
30 103
30 105
30 111
30 124
30 130
30 140
30 147
30 151
30 154
31 5
31 6
31 11
31 13
31 15
31 17
31 21
31 25
31 27
31 30
31 33
31 55
32 20
32 30
32 31
32 37
32 39
32 41
32 42
32 45
32 91
32 94
32 100
32 107
32 134
32 145
32 146
32 150
32 153
32 160
35 8
35 11
35 20
35 22
35 44
35 45
35 51
35 61
35 70
35 76
35 79
35 131
35 141
35 143
35 152
35 155
35 160
35 162
35 163
35 171
35 177
35 196
35 201
35 210
35 212
35 213
35 216
35 217
35 221
35 225
35 226
36 1
36 5
36 9
36 10
36 12
37 5
38 42
38 50
38 56
38 58
38 62
39 7
39 9
39 11
39 12
39 14
39 17
39 21
39 25
39 30
40 27
40 36
40 46
40 57
40 60
40 65
40 67
40 71
40 75
40 81
40 85
40 120
40 123
40 132
41 25
41 42
42 6
42 16
42 17
42 28
42 33
42 166
42 167
42 171
42 182
42 186
42 188
42 193
42 196
42 201
42 211
42 213
42 215
42 232
42 240
42 242
42 247
42 254
42 255
42 387
42 421
42 422
42 425
42 426
43 48
43 54
43 66
43 67
43 79
43 81
43 83
43 93
43 134
43 138
43 144
43 148
44 5
44 16
45 53
46 11
46 12
47 4
47 5
47 13
47 17
47 20
48 1
48 3
48 8
48 16
48 29
48 33
48 36
48 37
48 41
48 42
48 47
48 53
48 54
48 57
48 60
48 67
48 77
48 78
48 81
48 83
48 86
48 90
48 96
48 98
48 103
48 107
49 2
49 7
49 8
49 11
49 14
49 16
49 22
49 31
49 34
49 75
49 87
50 5
50 9
50 13
50 34
50 38
50 43
53 82
53 88
53 104
53 113
53 134
53 136
53 143
53 144
53 149
53 156
53 182
53 184
53 189
53 201
53 204
53 205
53 220
53 222
53 223
53 228
53 231
53 235
53 236
53 239
53 243
53 263
53 264
53 269
53 271
53 284
53 299
53 301
53 304
53 321
53 322
53 324
53 329
53 339
53 342
55 1
55 2
55 4
55 14
55 15
55 29
55 34
55 37
55 43
55 48
56 36
59 29
59 35
59 48
59 50
59 59
59 62
59 68
59 71
59 73
59 75
60 7
60 12
60 17
60 19
60 26
60 28
60 39
60 45
60 52
61 4
61 36
61 53
61 65
61 72
61 75
61 76
61 80
61 81
61 88
61 92
61 94
61 104
61 108
62 3
62 5
62 6
62 12
62 20
62 27
62 30
62 31
63 2
63 6
63 29
63 41
64 2
64 8
64 9
64 10
64 65
64 67
64 81
64 87
66 63
66 79
67 1
67 5
67 9
67 20
67 27
67 29
67 43
67 57
67 161
67 164
68 12
68 14
68 15
68 17
68 19
68 20
68 28
68 30
68 44
68 58
68 63
68 64
68 67
68 71
68 204
68 206
68 219
68 224
68 228
70 16
70 20
70 26
70 27
70 28
71 5
71 17
71 21
71 23
71 24
71 25
71 34
71 45
72 1
72 2
72 11
72 15
72 17
72 24
72 31
72 34
72 35
72 39
72 47
72 51
72 54
72 61
73 1
73 4
73 15
74 2
77 1
77 5
77 9
77 15
77 19
77 23
77 25
77 34
77 35
77 42
77 49
78 9
78 15
78 17
78 39
78 46
78 50
78 55
78 59
78 63
78 68
78 73
78 81
78 185
78 186
78 190
78 201
78 202
78 203
78 216
78 230
78 239
78 243
78 245
78 251
78 265
78 269
78 285
78 286
78 287
78 292
78 305
78 312
78 317
78 321
78 332
78 336
78 338
78 340
78 342
78 343
78 349
78 351
78 361
78 366
78 368
78 374
78 476
78 486
78 487
78 493
78 498
79 2
79 13
79 14
79 19
80 20
80 25
80 28
80 30
80 32
80 41
80 44
80 51
81 3
81 8
81 9
81 11
81 16
81 23
81 27
82 6
83 55
83 60
83 64
83 67
83 89
83 121
83 124
83 127
83 133
83 135
83 137
83 142
83 144
83 149
83 150
83 156
83 157
83 158
83 162
84 9
84 11
84 14
84 23
84 28
86 11
86 14
86 20
86 21
86 24
86 27
86 33
86 35
87 4
87 9
87 10
87 12
87 19
87 22
87 27
87 31
87 33
88 1
88 5
88 31
92 51
94 42
94 45
94 48
94 55
94 61
94 73
94 84
94 94
94 215
95 12
95 16
95 32
95 34
95 41
95 55
95 57
95 60
96 19
97 19
97 20
97 22
97 28
97 36
97 40
97 41
97 42
97 49
99 26
99 31
99 33
99 34
100 108
101 110
101 118
101 124
101 125
101 127
102 2
102 4
102 6
102 8
102 19
102 20
102 21
102 24
103 1
103 9
103 12
103 14
103 18
103 21
103 34
103 44
104 37
104 42
104 44
104 51
104 63
104 71
104 73
104 77
104 83
104 85
104 112
104 117
104 122
104 127
104 130
104 134
104 143
104 144
104 152
104 172
104 187
104 191
104 193
105 9
105 15
105 23
105 24
105 29
105 30
107 67
107 69
107 75
107 76
108 7
108 10
109 4
109 8
109 15
109 18
109 19
109 24
109 32
109 35
109 37
109 39
109 56
109 57
109 63
109 84
109 85
109 177
110 4
110 9
111 1
111 7
111 15
111 36
111 38
111 45
111 50
111 51
111 57
111 63
111 66
111 69
111 77
111 79
112 4
113 2
113 4
113 9
113 20
113 23
113 25
113 34
113 37
113 38
113 63
113 67
113 87
114 6
114 7
114 9
114 10
114 17
114 23
