1 5
1 9
1 16
1 24
1 38
1 50
1 51
1 61
1 62
1 65
1 66
2 39
2 42
2 46
2 49
2 60
2 63
2 69
3 3
3 8
3 10
4 20
4 23
4 30
4 42
4 50
4 76
4 91
4 96
4 103
4 109
4 121
4 123
4 124
4 136
5 13
5 34
5 36
5 37
5 39
5 100
5 107
5 117
5 124
5 144
5 145
5 148
5 150
5 151
5 153
5 155
5 164
6 12
6 14
6 33
6 35
6 37
6 41
6 60
8 4
8 8
8 14
8 25
9 4
9 15
9 17
9 19
9 34
9 39
9 42
9 45
9 46
9 47
9 59
9 62
9 65
9 72
9 74
9 78
9 80
9 87
9 102
9 119
9 120
9 130
11 70
11 81
11 112
11 127
11 132
11 134
11 139
11 142
11 145
13 7
13 8
13 11
13 12
13 28
13 30
13 36
13 48
13 49
13 50
13 54
14 1
14 3
14 5
14 7
15 9
15 63
15 72
15 75
15 83
15 88
15 93
15 103
15 113
15 117
15 124
16 9
16 15
16 16
16 18
16 36
16 175
16 183
16 187
18 7
18 14
18 19
18 20
18 26
18 30
18 31
18 39
18 42
18 48
18 49
18 55
18 67
18 68
18 70
19 4
19 9
19 16
20 6
20 12
20 14
20 19
20 26
20 28
20 35
20 40
20 47
20 48
20 49
20 54
21 14
21 17
21 26
21 29
21 32
23 54
23 56
23 70
23 73
23 75
23 88
23 99
23 100
23 103
23 108
23 109
23 114
23 122
23 125
23 132
23 134
23 136
23 140
24 5
24 6
24 16
24 19
24 24
24 30
24 40
24 58
24 61
24 63
24 65
24 82
24 86
24 88
24 89
24 98
26 40
27 10
27 14
27 21
29 90
29 93
29 98
29 103
29 104
29 111
29 148
29 151
29 159
29 160
29 164
29 165
29 171
29 180
29 181
29 189
29 191
29 192
29 196
29 200
29 204
30 2
30 16
30 43
30 44
30 46
30 50
30 57
30 58
34 4
34 14
35 18
35 59
36 1
36 10
36 18
36 21
36 22
36 26
36 30
36 34
37 131
37 269
37 270
37 284
37 289
37 291
38 1
38 14
38 17
38 18
38 23
38 27
38 28
38 34
38 45
38 47
38 48
40 2
40 4
40 18
40 33
40 39
40 41
40 42
40 45
40 51
40 63
40 72
40 79
40 85
40 86
40 89
40 96
40 104
40 105
40 106
40 108
40 109
40 111
40 250
41 1
41 16
41 27
41 32
41 38
41 40
41 44
41 47
41 55
41 58
41 60
42 1
42 7
42 15
42 17
42 22
42 24
42 26
42 27
42 73
42 74
42 76
42 77
42 81
42 84
42 87
42 94
42 114
42 115
42 119
42 124
42 134
42 148
42 153
42 154
43 1
43 2
43 8
43 14
43 17
43 35
43 36
43 52
43 56
43 75
43 82
43 88
43 113
43 120
43 126
43 127
43 137
43 138
43 144
43 153
43 159
43 161
43 162
43 168
43 177
43 186
43 201
43 209
43 223
44 70
44 76
44 78
44 81
44 103
44 104
44 106
44 115
44 117
44 124
45 1
45 12
45 17
45 19
45 21
45 28
45 29
45 36
45 37
45 38
45 52
45 53
45 55
45 56
45 65
45 74
45 76
48 5
48 6
48 14
48 18
48 23
48 27
48 34
48 36
48 42
48 56
48 57
48 76
48 89
48 102
48 112
48 113
48 121
48 123
48 124
48 126
48 138
48 147
48 159
50 37
50 45
50 46
51 2
51 5
51 6
51 11
51 17
51 18
51 27
51 30
52 56
52 58
52 67
52 101
52 103
52 118
52 120
52 135
52 148
52 151
52 159
53 1
53 13
53 15
53 23
53 38
53 59
53 69
53 72
53 78
53 87
53 92
53 93
53 98
53 99
53 106
53 113
53 117
53 142
53 144
53 146
53 148
53 155
54 2
55 85
55 98
55 102
55 139
55 142
55 145
55 175
55 177
55 186
55 192
55 205
55 207
55 229
55 235
55 236
55 254
55 260
55 261
55 263
55 270
55 283
55 286
55 287
55 290
55 291
55 293
55 294
55 299
55 300
55 302
55 306
55 322
55 330
55 331
56 7
56 11
56 12
56 15
56 17
56 46
56 47
56 48
57 9
57 25
57 32
57 37
59 48
59 51
59 52
59 57
59 60
59 62
59 66
59 71
59 72
60 68
60 73
60 74
60 77
60 83
60 88
60 89
61 6
61 21
61 27
61 31
61 49
61 50
61 54
61 56
61 60
61 62
61 69
62 7
62 20
62 23
62 30
63 14
63 27
63 33
63 34
63 36
63 39
63 41
63 53
63 90
63 96
64 2
64 3
64 7
64 16
64 17
64 25
64 27
64 28
64 29
64 33
64 44
64 47
64 51
64 52
64 57
64 146
64 147
64 160
64 162
64 166
64 167
65 16
65 19
65 28
65 29
65 34
65 37
65 41
65 42
65 45
65 52
65 55
65 58
65 59
65 64
65 82
65 87
65 92
65 98
65 185
65 186
65 194
65 200
65 204
65 209
65 210
65 218
67 14
67 87
67 94
68 8
68 23
68 36
68 37
68 39
68 40
68 43
68 44
68 51
68 56
68 61
68 66
68 71
68 99
69 5
69 10
69 13
69 20
69 32
69 35
69 40
69 41
69 51
69 52
69 60
69 62
69 76
69 78
69 81
69 82
70 18
70 20
71 15
71 17
71 32
71 33
71 34
71 35
71 65
71 71
71 73
71 74
71 83
71 88
71 98
73 5
73 6
74 14
74 29
74 32
74 47
74 108
74 111
74 116
74 119
74 121
75 97
75 105
75 119
76 36
76 38
78 24
78 27
78 31
78 32
78 36
78 40
78 53
78 55
78 64
79 1
79 4
79 7
79 9
79 15
79 16
79 67
79 73
79 77
79 78
79 79
79 82
79 85
80 5
80 6
80 7
80 17
80 47
80 52
80 55
80 57
80 61
80 75
81 1
81 17
83 2
83 4
83 6
84 3
84 7
84 14
84 27
84 29
84 50
84 51
84 56
86 46
86 48
86 71
86 80
86 83
86 93
86 95
86 97
86 99
86 102
86 121
86 127
86 128
86 129
86 130
86 133
86 137
86 140
86 149
86 152
86 161
86 171
86 172
86 178
87 20
87 21
87 23
87 25
87 30
87 37
87 38
87 53
87 55
87 59
87 100
87 105
87 107
87 110
87 113
89 11
89 15
89 16
89 17
89 27
89 31
89 34
89 38
89 41
89 58
89 75
89 80
89 81
90 5
90 9
90 28
90 33
90 59
90 61
90 63
90 64
90 67
90 68
90 71
90 73
90 77
90 79
90 143
90 153
90 158
90 165
90 178
90 179
90 189
90 191
90 205
90 206
90 225
90 226
90 235
90 242
90 250
90 257
91 5
91 12
91 14
91 19
92 3
92 5
92 15
92 18
92 30
92 32
92 41
92 49
93 25
93 28
93 31
93 33
93 39
93 40
93 47
94 5
94 7
94 15
94 28
96 111
96 112
96 114
96 118
96 122
96 123
97 4
97 5
97 9
97 10
97 24
97 29
97 30
97 39
97 42
97 46
97 60
97 76
97 85
97 89
97 90
97 92
98 4
98 7
98 8
98 17
98 36
98 41
98 43
98 46
98 50
98 55
100 39
100 40
100 44
100 45
100 46
100 55
100 56
100 64
100 91
100 95
100 155
100 162
100 168
100 178
100 179
100 188
100 189
100 195
100 196
100 204
100 208
100 214
100 216
100 222
100 324
100 330
101 8
101 18
101 20
101 24
101 31
101 37
101 38
102 11
102 12
102 14
102 16
102 19
102 25
102 28
102 32
102 35
102 47
102 48
102 51
102 59
102 63
102 72
102 73
102 82
102 86
102 101
102 109
102 122
102 135
102 145
102 150
102 152
102 175
102 188
103 3
103 10
103 20
103 25
103 39
103 43
103 45
103 49
103 63
103 64
104 1
104 2
104 8
104 15
104 18
104 19
104 21
104 26
104 29
104 31
104 32
104 36
104 37
104 49
104 51
104 56
104 57
104 58
104 63
104 64
104 68
104 70
104 73
104 84
104 99
104 109
105 6
105 9
105 13
105 15
105 16
105 19
105 29
105 33
105 41
105 45
105 46
105 48
105 49
105 53
105 58
105 60
106 14
106 17
106 22
107 8
107 12
107 21
107 29
107 35
107 44
107 49
107 50
109 13
