3 39
3 52
4 3
4 11
4 16
4 26
4 162
5 7
5 11
5 17
5 35
5 38
5 50
5 51
5 54
5 57
5 58
5 59
5 64
5 65
5 67
5 72
5 76
5 77
5 85
5 86
5 91
5 96
5 103
5 105
5 111
5 116
5 118
5 121
5 137
5 138
5 139
5 160
6 21
6 26
6 30
6 37
6 44
6 56
6 76
6 82
6 86
6 90
6 104
6 112
6 115
6 122
6 126
6 138
6 143
6 144
6 150
6 151
6 153
6 155
7 8
8 1
8 3
8 6
9 50
10 10
10 23
10 26
10 27
10 29
10 57
10 82
10 84
10 101
10 110
10 123
10 126
10 128
10 142
10 143
10 146
10 155
10 163
10 165
10 178
12 4
13 8
13 19
13 20
13 28
15 19
15 23
15 33
15 38
15 44
15 47
15 48
15 55
15 63
15 64
15 68
15 73
15 84
15 89
15 96
15 99
15 101
16 14
16 26
16 39
16 40
16 44
16 50
16 51
16 54
16 57
16 59
16 61
16 62
17 126
17 131
17 135
17 139
17 150
17 152
17 153
17 157
17 165
17 172
17 176
17 187
17 320
17 325
17 330
17 331
17 340
17 344
17 348
17 350
17 355
18 7
18 17
18 23
18 28
18 45
18 49
18 51
18 181
18 183
18 184
18 188
18 192
18 194
18 199
18 201
18 203
18 213
18 220
18 226
18 231
18 237
18 240
18 245
18 252
18 254
18 262
19 1
20 1
20 7
20 11
20 18
20 19
20 20
20 27
20 49
20 59
20 65
20 72
20 74
20 75
20 83
20 85
20 89
20 101
20 107
20 108
20 116
20 117
20 120
20 121
20 147
20 156
20 158
20 159
20 163
21 8
21 15
22 4
23 10
23 46
23 58
23 63
24 15
24 21
24 24
24 25
24 27
24 30
24 45
24 55
24 71
24 73
24 85
24 95
24 104
24 107
24 109
24 141
24 145
24 147
24 155
24 181
24 196
24 201
24 207
24 210
24 214
24 216
24 219
24 220
24 245
24 266
24 267
24 270
24 272
24 275
24 277
24 282
24 285
24 287
24 290
27 38
27 40
27 45
27 49
27 70
27 75
27 77
27 87
27 96
27 106
27 107
27 175
27 183
27 187
27 188
27 202
27 206
27 211
27 212
27 220
27 221
27 229
28 9
28 10
28 11
28 20
28 21
28 23
29 104
29 109
29 113
29 118
29 123
29 125
29 133
29 134
29 138
29 140
29 141
29 147
29 156
29 158
29 160
29 200
29 211
29 213
29 234
29 251
29 269
29 277
30 3
30 4
30 9
30 10
30 17
30 21
30 22
30 24
30 26
30 28
30 110
30 111
30 119
32 116
32 118
32 129
32 136
32 138
32 147
32 154
33 4
33 6
33 8
33 9
33 23
33 24
33 25
34 12
34 36
34 56
34 63
34 66
34 71
35 2
35 6
35 14
35 15
35 49
35 60
35 69
35 72
35 76
36 2
36 3
36 13
36 18
36 27
36 30
36 33
36 50
36 56
36 64
36 65
36 68
36 75
36 77
36 87
37 2
37 4
37 9
37 11
37 15
37 20
37 87
37 90
37 92
38 4
38 6
38 8
38 10
38 11
38 15
39 4
39 11
39 14
39 15
39 22
39 38
39 42
39 47
39 57
39 79
39 86
39 91
39 92
39 97
39 99
39 100
39 102
39 116
43 44
44 1
44 7
46 5
46 6
46 13
46 19
46 31
46 33
46 34
46 37
46 39
47 9
47 12
47 14
47 33
48 14
48 19
48 31
48 45
48 47
48 51
48 56
48 59
48 64
48 66
48 74
48 80
49 5
49 10
49 13
49 15
49 17
49 18
49 20
49 25
49 26
49 62
49 66
49 67
49 69
49 83
49 87
51 87
51 99
51 102
51 106
51 111
51 117
51 123
51 130
51 131
51 135
53 33
53 38
53 40
53 42
54 11
54 19
54 29
54 39
54 50
54 58
54 76
54 79
54 88
54 90
54 96
54 97
54 98
54 112
54 113
54 120
54 124
54 141
54 147
54 153
54 156
54 167
54 174
54 175
54 182
54 183
54 191
54 192
54 207
54 213
54 221
54 233
54 242
54 245
54 247
54 253
54 254
54 257
54 261
54 262
54 271
54 274
54 279
54 281
54 283
54 299
54 304
54 307
54 312
54 315
54 327
54 332
54 335
54 342
54 344
55 18
55 19
55 25
56 20
56 35
56 39
56 68
56 70
56 77
56 87
56 89
56 134
56 220
56 230
56 231
56 233
56 244
57 24
57 28
57 32
57 37
57 47
57 54
57 60
57 69
57 73
57 77
57 88
57 89
57 96
58 127
58 131
58 135
58 140
58 146
58 148
58 159
58 162
59 4
59 5
59 6
59 10
59 19
59 20
59 23
59 26
59 40
59 41
59 44
59 50
59 52
59 56
59 57
59 62
59 63
59 66
59 77
59 80
59 83
59 85
59 86
59 91
59 94
59 113
59 120
59 138
60 4
60 13
60 20
60 23
61 11
61 14
61 15
61 32
61 35
61 50
61 51
61 55
61 60
61 77
61 109
61 124
61 125
61 132
61 155
61 156
61 174
61 188
61 192
61 195
61 198
61 200
61 201
61 204
61 208
61 209
61 211
61 214
61 221
61 235
61 236
61 240
61 243
62 7
62 17
62 25
62 30
62 32
64 3
65 113
65 120
65 122
65 130
65 131
65 137
66 5
66 6
66 11
66 36
66 38
66 41
66 46
66 48
66 56
66 57
66 58
67 31
67 32
67 38
67 44
67 57
67 58
67 68
68 1
68 13
68 20
68 22
68 24
68 25
68 39
68 42
68 45
68 78
69 5
69 14
69 27
69 28
69 40
69 49
69 50
69 51
69 52
69 68
69 73
69 77
69 88
71 55
71 60
71 63
71 66
72 6
72 12
72 17
72 18
72 28
72 29
72 48
72 55
72 57
72 76
72 79
72 85
72 87
73 1
73 2
73 48
73 61
73 74
73 77
73 88
73 100
73 101
73 106
73 113
73 122
73 127
73 128
73 129
73 149
73 161
73 163
73 170
73 177
73 184
73 193
73 194
73 197
73 198
73 200
73 201
76 41
77 28
77 31
77 32
77 38
77 39
77 44
77 46
77 118
77 128
78 5
78 23
78 32
78 33
78 38
78 39
78 42
78 46
78 54
78 58
78 67
78 68
78 74
78 84
78 86
78 96
78 97
78 99
78 102
78 120
78 121
79 7
79 12
79 14
79 20
79 23
79 26
79 31
79 36
79 37
79 49
79 53
79 54
79 55
79 56
79 60
79 75
79 81
79 83
79 84
79 90
79 92
80 3
80 10
80 27
80 31
80 32
80 35
80 37
80 49
80 52
80 53
80 72
80 73
80 75
80 76
81 2
81 3
81 4
82 127
83 3
83 13
83 19
84 31
84 32
84 33
84 36
86 42
86 44
86 51
87 11
87 17
87 30
87 31
87 47
87 58
87 59
87 109
87 115
87 121
87 130
87 132
87 133
88 9
88 11
88 14
88 19
88 21
88 26
88 31
88 32
88 38
88 44
89 1
89 3
89 9
89 21
89 27
89 28
89 29
89 32
89 36
89 54
89 191
89 200
89 203
89 205
89 213
89 215
89 218
89 219
89 220
89 222
89 228
89 236
89 238
89 240
89 241
90 9
90 32
90 39
90 47
90 57
90 71
90 73
90 76
90 78
92 94
92 111
92 125
92 133
92 138
92 141
92 143
92 145
92 151
92 153
92 155
92 158
93 126
93 132
93 133
93 148
93 151
93 153
93 167
93 168
95 94
95 95
95 103
95 106
95 110
95 114
95 121
95 131
95 158
95 160
95 161
95 171
95 179
95 185
95 189
95 191
95 199
95 202
95 206
95 207
95 215
95 219
95 227
95 228
95 358
95 364
95 369
95 372
95 373
95 404
95 420
95 424
95 431
95 443
95 458
95 466
95 471
95 472
95 481
95 489
95 497
95 500
95 505
95 507
95 508
95 520
95 525
96 74
96 79
97 6
97 15
97 17
97 21
97 22
97 47
97 48
97 50
97 55
97 56
97 65
97 69
97 70
97 76
97 77
97 85
97 90
99 8
