4 87
4 174
4 178
4 209
4 214
4 217
4 218
4 223
4 225
4 295
4 299
4 301
4 304
4 309
4 316
5 2
6 4
6 8
6 14
6 16
6 18
6 29
6 31
6 49
6 52
6 53
6 66
6 69
6 78
6 89
6 90
6 95
6 102
6 105
6 110
6 111
6 115
7 84
7 85
7 87
7 88
7 98
7 102
7 106
8 13
8 19
8 25
8 37
8 49
8 51
8 53
8 54
8 63
8 68
8 73
8 82
8 83
8 85
8 86
8 87
8 93
8 104
9 16
9 68
9 69
9 74
9 81
9 91
9 94
11 18
11 27
11 28
11 29
11 38
11 40
11 42
11 44
11 50
11 51
11 57
11 61
11 63
11 74
11 75
12 4
12 7
12 8
12 16
12 17
13 9
13 14
16 14
16 16
17 15
17 35
17 45
18 55
18 56
18 58
18 62
18 68
18 71
18 105
18 122
18 128
18 129
18 134
18 149
18 158
18 159
18 160
18 169
18 171
18 176
19 1
19 3
19 12
19 19
19 21
19 23
19 60
19 62
19 69
19 88
19 94
20 7
20 8
20 12
20 14
20 25
20 32
20 37
20 41
20 42
20 59
20 61
20 62
20 191
20 196
20 203
20 204
20 211
21 4
21 6
21 8
21 18
21 50
21 52
21 58
21 62
21 72
21 75
22 1
22 3
22 11
22 12
22 13
22 32
22 35
22 36
22 95
22 98
22 100
22 107
27 31
27 35
27 45
27 46
27 47
27 51
27 52
27 59
27 128
27 133
27 135
27 141
27 143
27 145
27 147
27 156
27 160
27 176
27 180
27 181
27 194
27 195
27 200
27 206
27 210
27 211
27 212
27 214
27 218
28 7
28 9
28 15
28 16
28 18
28 29
28 31
28 35
28 38
28 54
28 91
28 95
28 111
28 114
28 119
28 123
28 125
28 128
28 133
28 136
28 143
28 147
29 8
29 19
29 22
30 10
30 12
30 14
30 18
30 26
30 42
30 45
31 2
31 14
31 57
31 64
31 71
31 84
31 88
31 99
31 105
31 119
31 127
31 193
31 198
31 204
31 209
31 213
31 216
31 221
31 224
31 225
31 227
31 234
31 239
31 244
33 3
33 11
33 56
37 78
38 5
38 6
38 23
38 24
38 26
39 2
40 10
40 13
41 1
41 3
41 13
41 19
41 25
41 26
41 32
41 35
41 38
41 39
41 41
41 47
41 60
41 64
41 65
41 67
41 69
41 79
41 82
41 92
41 96
41 97
42 90
42 92
42 104
42 106
42 107
42 122
42 128
42 137
42 138
42 140
42 144
42 146
42 147
42 158
42 162
43 4
43 6
44 2
44 6
44 12
44 13
44 14
44 30
45 6
45 19
45 25
45 30
46 11
46 12
46 13
46 22
46 23
46 33
46 43
46 46
46 47
46 49
46 53
46 63
46 81
46 82
46 84
46 86
47 10
47 21
47 25
48 3
49 82
49 88
49 95
49 99
49 104
49 108
49 119
50 1
50 3
50 4
50 6
50 12
50 13
50 16
50 28
50 31
50 35
50 39
50 46
50 52
50 72
50 119
50 122
50 127
50 130
50 134
50 153
52 20
52 24
52 26
52 27
52 40
52 55
52 56
52 66
53 2
53 3
53 9
53 11
53 19
53 21
53 24
53 37
53 42
53 44
54 1
54 3
54 17
54 18
54 41
54 43
54 48
54 49
54 108
54 131
54 135
54 141
54 150
55 5
55 9
55 10
55 16
55 20
55 22
55 33
55 34
55 78
55 79
55 85
55 87
55 94
55 98
56 3
56 14
56 22
56 28
56 29
56 34
57 1
57 3
58 102
58 103
58 107
58 156
58 160
58 165
58 172
58 185
58 186
59 3
59 8
59 23
59 27
59 29
59 31
59 33
59 38
59 57
59 58
59 66
59 69
60 15
60 17
62 23
62 26
62 28
62 32
62 37
62 51
62 53
62 54
62 57
62 70
62 73
62 74
62 76
62 79
62 80
63 15
63 19
63 39
63 44
63 52
63 53
63 68
63 76
63 79
63 95
63 109
63 116
63 118
63 122
63 126
63 131
63 134
63 137
63 144
63 145
63 274
63 279
63 280
63 287
64 2
64 18
64 29
64 34
64 42
64 43
64 56
64 58
64 61
64 70
64 74
64 84
64 87
64 93
64 105
64 106
64 108
64 126
64 128
64 138
64 141
65 5
66 19
66 20
66 33
66 38
66 46
66 51
66 52
66 56
66 59
66 61
66 64
66 76
66 77
66 81
66 82
66 100
67 39
67 40
67 44
67 51
67 55
67 56
67 59
68 3
68 7
68 11
68 18
68 28
68 37
68 46
68 48
68 49
68 52
68 65
68 74
68 76
68 92
68 97
68 98
68 115
68 117
68 122
68 130
68 134
68 144
69 4
69 12
69 14
69 16
69 20
69 26
69 30
69 35
69 38
69 52
70 2
70 3
70 6
70 11
70 19
70 21
70 33
70 37
70 44
70 45
70 47
70 48
70 49
70 54
70 57
70 59
70 62
70 79
70 88
70 101
70 110
70 116
70 117
70 123
70 219
70 225
70 227
70 228
70 233
70 235
70 241
70 244
70 246
70 252
70 265
70 270
70 274
70 278
70 287
70 289
70 290
70 298
70 307
70 309
70 317
70 322
70 326
70 330
70 331
70 334
70 338
70 342
70 347
71 2
71 6
71 7
71 13
71 16
71 19
71 36
73 116
73 118
73 123
75 2
75 11
75 27
75 37
75 39
77 60
77 68
78 2
78 3
78 6
79 26
79 28
79 31
79 37
79 40
79 55
79 67
79 74
79 90
79 97
79 99
79 106
79 110
79 112
79 120
79 122
79 129
79 131
79 135
79 148
79 150
79 155
79 157
79 160
79 168
79 171
79 172
79 176
79 181
79 184
79 189
79 209
79 214
79 233
80 7
80 8
80 11
80 12
80 15
80 16
80 26
80 36
80 44
80 55
80 56
80 59
80 61
80 65
80 71
80 75
80 80
80 130
83 5
83 7
83 8
84 33
84 47
84 52
84 53
84 61
84 67
85 4
85 8
85 19
85 20
85 28
85 35
85 37
85 52
86 82
86 83
86 89
86 93
86 94
86 96
87 3
87 12
88 4
88 6
88 13
88 14
88 17
88 25
88 26
88 31
88 33
88 37
88 46
88 57
88 61
88 70
90 8
90 11
90 16
91 28
91 30
91 43
91 52
91 55
91 57
91 58
91 61
91 64
91 77
91 79
91 91
91 94
91 98
92 2
92 10
92 11
93 1
93 4
94 2
94 5
95 19
95 28
95 31
95 35
95 41
95 44
95 46
95 52
95 58
95 59
95 62
95 63
95 64
95 68
95 69
95 74
95 77
95 79
95 81
95 86
95 88
95 92
95 110
95 121
95 133
95 145
95 146
95 147
95 151
95 155
95 157
95 161
95 169
95 170
95 179
95 180
95 182
95 186
95 213
95 219
95 221
95 240
95 245
95 260
95 264
95 271
95 272
95 300
95 302
96 3
96 6
97 4
97 6
97 15
97 18
97 19
97 21
97 28
98 8
98 17
98 22
98 40
98 43
98 52
98 60
98 71
98 77
98 91
98 94
98 100
98 117
98 120
98 122
98 125
98 129
98 130
98 131
98 137
99 9
99 11
99 18
99 24
99 27
99 31
99 34
99 35
99 41
99 46
99 49
101 29
101 31
101 37
101 51
101 59
101 60
101 61
101 70
101 71
101 76
101 79
101 94
101 95
101 97
101 100
101 101
101 113
101 114
101 117
101 121
101 131
101 134
101 145
101 150
101 152
101 154
101 155
101 165
101 167
101 172
101 176
102 15
102 25
102 32
102 34
102 38
102 48
102 52
102 54
102 56
102 58
102 74
103 12
103 21
103 26
103 30
103 38
103 43
103 50
103 52
105 50
105 58
106 4
106 15
106 19
106 24
106 26
106 28
107 1
108 6
108 7
108 8
108 12
108 14
109 3
109 15
109 21
109 31
109 33
109 45
109 46
109 52
109 54
109 59
109 61
109 65
109 69
109 74
109 79
109 93
109 99
109 100
109 108
109 120
109 122
110 7
110 11
110 13
110 15
110 22
110 43
110 49
110 51
110 54
110 55
110 57
110 58
110 64
110 68
111 31
111 80
111 84
111 85
111 106
111 113
111 118
111 124
111 125
111 154
111 157
111 163
111 166
111 169
114 10
114 13
114 14
114 144
114 166
115 1
115 4
115 7
115 16
115 40
115 52
115 60
115 84
115 90
115 91
115 93
115 100
115 101
115 109
116 29
117 10
117 34
117 35
117 42
117 47
117 66
117 74
117 78
117 87
118 2
118 6
118 10
118 13
118 14
118 18
118 19
118 20
119 3
119 10
119 15
119 17
121 142
121 152
121 153
121 164
121 170
123 26
