1 6
1 9
1 11
1 24
1 28
1 31
1 52
1 53
1 58
1 175
1 296
1 317
1 320
1 340
1 345
1 350
1 355
1 357
1 361
1 362
1 368
1 375
1 386
1 389
2 7
3 1
3 66
3 69
3 80
3 85
3 86
3 88
3 112
3 122
3 129
3 130
4 11
4 12
4 19
4 22
4 23
4 26
4 30
4 31
4 56
5 3
5 23
5 34
5 36
5 48
5 52
5 54
5 56
5 63
5 64
5 72
5 77
5 94
6 7
6 24
6 39
6 41
6 47
6 52
6 81
6 83
6 90
6 91
7 42
8 1
8 2
8 4
8 22
8 28
8 36
8 37
8 43
8 52
8 78
8 82
8 89
8 93
8 97
8 102
8 107
8 118
8 127
9 5
9 13
9 17
9 22
11 25
13 54
13 60
13 61
14 26
14 28
14 30
14 34
14 35
14 36
14 39
14 48
14 60
14 69
16 22
16 26
16 39
16 46
16 59
16 60
16 61
16 64
16 70
19 53
20 3
20 14
20 15
20 17
20 22
20 37
20 39
20 55
20 58
20 65
21 42
21 43
21 44
21 48
21 54
21 60
21 61
21 64
21 82
21 88
22 5
22 11
23 3
23 5
23 18
23 20
23 23
23 24
23 26
26 9
26 25
26 29
27 66
27 68
27 73
27 79
27 95
27 100
27 101
27 110
27 115
27 124
27 129
27 148
28 2
28 6
28 12
28 13
28 14
28 23
28 26
28 34
28 35
28 57
28 59
29 1
29 21
29 25
29 28
29 32
29 38
29 58
29 64
29 65
29 78
29 81
29 84
29 86
29 93
29 104
29 107
29 109
29 117
29 122
29 125
30 3
30 5
30 6
30 18
30 26
30 28
30 35
30 36
30 40
30 49
30 54
30 61
30 63
30 67
30 70
30 71
30 82
30 83
30 86
30 106
30 130
30 146
30 149
30 158
30 165
32 72
32 75
32 116
32 121
32 126
32 135
32 141
32 255
32 257
32 259
32 271
32 339
33 20
33 21
33 25
33 29
33 33
33 34
33 57
33 62
33 70
33 86
33 93
33 97
33 98
33 101
34 8
34 18
34 26
34 42
34 44
34 51
34 79
34 85
34 133
34 147
34 149
34 152
34 154
34 158
34 170
34 171
34 174
34 178
34 179
34 205
34 228
34 229
34 230
36 11
36 13
36 16
36 25
36 36
36 37
36 46
36 56
36 61
36 66
36 74
36 81
36 83
36 86
37 4
37 10
37 20
37 22
37 23
37 27
37 36
37 44
37 49
37 54
37 55
37 57
37 125
37 131
37 139
37 162
37 164
37 165
37 171
37 172
37 177
37 178
37 195
37 196
37 199
37 203
37 206
38 25
38 28
38 29
38 34
38 42
38 43
38 55
38 56
38 58
38 67
38 68
38 70
39 12
39 21
39 23
39 29
39 34
39 36
39 41
39 48
39 51
39 76
39 93
39 94
40 78
40 87
40 122
40 125
40 139
40 143
40 144
40 150
40 155
40 157
40 159
40 160
40 169
42 107
42 123
43 5
43 9
44 2
44 8
44 10
44 22
44 23
44 27
44 32
44 39
44 47
44 52
45 1
45 2
45 6
45 12
45 21
45 23
45 27
45 32
45 38
45 40
45 51
45 52
45 57
45 59
45 65
45 66
45 70
45 77
45 79
45 80
45 83
45 90
45 95
45 103
45 110
46 16
47 4
47 10
47 12
47 17
47 21
47 23
47 25
47 38
47 39
47 49
47 52
47 57
47 59
47 61
47 62
47 66
47 76
47 94
47 98
47 109
47 111
47 119
47 121
47 125
47 129
47 146
47 211
48 40
48 101
48 107
48 108
48 127
48 146
48 148
48 152
48 162
48 164
48 165
48 167
48 183
48 186
48 190
48 202
48 219
48 222
48 230
48 239
48 249
48 252
48 254
48 285
48 286
48 295
48 300
48 304
48 310
48 314
48 323
48 334
48 369
48 374
48 382
48 388
48 392
48 396
48 398
48 415
48 420
48 425
48 428
48 437
50 37
50 38
50 40
50 51
50 53
50 60
50 70
50 71
50 83
51 5
51 14
51 17
51 18
51 22
51 31
53 68
53 83
53 89
53 90
53 91
53 97
53 98
53 104
53 109
53 110
53 113
53 119
53 121
53 123
53 125
54 45
54 46
54 53
54 54
54 55
54 60
54 62
54 65
54 66
54 72
54 94
54 95
54 108
54 111
54 116
54 134
54 142
54 145
54 161
55 5
55 12
55 19
55 21
55 92
55 96
55 97
55 107
55 110
55 117
55 127
55 129
55 213
55 217
55 218
55 222
55 236
55 239
55 243
55 248
55 256
55 264
55 266
55 268
57 103
57 107
57 108
57 114
57 117
57 122
57 124
57 128
57 129
57 137
57 151
57 154
57 158
57 178
57 179
57 185
57 188
57 189
57 191
57 218
57 221
57 223
57 235
57 255
57 268
57 282
57 292
57 296
57 303
57 304
57 309
57 312
57 316
57 319
57 320
57 321
57 346
57 364
57 365
57 366
58 13
58 16
58 21
58 22
58 28
61 19
61 23
61 25
61 28
62 8
62 14
62 23
62 30
62 33
62 34
62 36
62 47
62 50
62 58
62 66
62 69
62 86
62 89
63 68
63 77
63 80
63 93
63 94
63 108
63 114
63 118
63 121
63 122
63 124
63 127
63 129
63 134
63 135
63 142
63 145
63 160
63 162
63 163
63 167
63 178
63 189
63 193
63 210
63 219
63 238
63 242
63 248
63 252
63 255
63 268
63 296
63 298
63 300
63 301
64 1
64 14
64 16
64 27
64 28
66 49
66 53
66 55
66 69
66 70
66 78
66 80
66 86
66 112
66 115
67 9
67 17
67 22
67 32
67 37
67 42
67 43
67 47
67 49
67 51
67 53
67 55
67 57
67 66
67 73
67 77
67 78
67 81
67 83
67 84
67 87
67 90
67 101
67 104
67 107
67 110
67 114
67 125
67 131
67 266
67 272
67 280
67 285
67 292
67 295
67 296
67 303
67 304
67 314
67 320
67 326
68 16
70 92
70 93
70 99
70 100
70 104
70 105
70 113
70 115
70 121
71 7
71 14
71 16
71 23
71 26
71 117
71 118
71 120
71 123
71 127
71 128
71 131
71 135
71 136
72 4
72 8
72 12
72 14
72 30
72 33
72 37
72 40
73 1
73 6
73 12
73 22
73 23
73 25
73 26
73 35
73 37
73 39
73 40
73 42
74 1
74 2
74 10
74 12
74 18
74 19
74 20
74 24
74 31
76 57
76 68
76 78
76 91
76 95
76 99
76 110
76 121
76 122
76 149
76 160
76 169
76 182
76 183
76 187
76 193
76 197
76 200
77 16
77 18
77 23
77 27
77 34
77 35
77 38
77 41
77 53
77 55
78 2
78 5
78 10
78 11
78 13
80 11
80 23
80 27
81 7
81 77
81 89
81 91
81 102
81 104
82 79
82 161
82 163
82 165
82 168
82 169
82 172
82 182
82 187
82 202
82 204
82 218
82 219
84 119
85 28
85 33
85 41
85 43
85 52
85 58
85 68
85 69
86 3
86 13
86 14
86 26
86 33
86 43
86 45
86 52
86 53
86 55
86 64
87 25
87 26
87 33
87 35
87 42
87 50
87 53
87 56
87 57
87 61
88 1
88 2
88 6
88 14
88 23
88 27
89 1
89 3
89 10
89 34
89 36
90 4
90 12
90 18
90 23
90 28
90 35
90 39
90 42
90 44
90 45
90 49
90 52
90 53
90 62
90 67
90 73
90 79
90 83
91 3
91 5
92 67
92 70
93 7
93 8
93 22
93 26
93 28
93 38
93 41
93 63
93 65
93 130
