1 1
1 3
1 7
1 14
1 15
1 16
1 22
1 27
4 77
4 87
4 92
4 96
4 97
4 104
4 105
4 117
4 119
4 126
4 128
4 130
4 140
4 144
4 147
4 149
4 156
4 157
4 166
4 167
5 6
5 8
5 17
5 29
5 30
5 38
6 5
6 19
6 23
6 27
6 32
6 39
6 47
6 50
6 53
6 64
6 70
6 71
6 84
6 85
6 87
6 88
6 95
6 104
7 2
7 5
7 9
7 10
7 13
7 14
7 26
7 30
8 2
8 4
8 5
8 16
8 17
8 23
8 33
8 41
8 42
8 45
8 49
8 55
8 58
8 59
8 80
8 86
8 184
8 186
8 188
9 13
10 27
10 39
10 40
10 49
10 51
10 54
10 57
11 3
11 21
12 78
12 81
12 84
12 87
12 93
12 111
12 113
12 117
12 120
12 126
12 127
12 130
12 132
12 134
12 136
12 139
12 141
12 144
12 149
12 151
12 168
12 171
12 183
12 190
12 204
12 205
12 208
12 239
13 4
13 9
13 11
13 12
13 15
13 19
14 27
14 32
14 34
14 40
14 62
14 67
14 71
14 81
14 82
14 94
15 119
16 14
18 42
19 3
20 1
20 8
20 10
20 29
20 33
20 34
20 41
21 7
22 45
22 46
22 50
24 1
24 4
24 5
24 11
24 13
24 31
24 32
24 41
24 44
24 51
24 65
24 70
24 74
24 75
24 80
24 83
24 86
24 87
25 1
25 10
25 17
25 51
25 75
25 99
25 104
25 107
25 108
25 112
25 117
25 130
25 134
26 3
26 18
27 2
27 4
27 7
27 15
27 22
27 31
27 33
27 63
27 66
27 76
27 79
27 80
27 81
27 85
27 88
27 94
27 95
27 106
27 115
27 117
27 122
27 123
27 125
27 146
27 151
27 165
27 177
27 182
27 185
27 189
27 196
27 215
27 216
27 230
27 236
27 237
27 242
28 7
28 14
29 11
29 14
29 17
29 25
29 27
29 29
29 37
29 38
29 171
29 172
29 178
29 180
29 187
29 199
29 201
30 8
30 27
30 31
31 1
31 9
31 17
31 21
31 22
31 28
31 33
31 39
31 48
32 3
32 4
32 6
32 8
32 10
34 2
34 5
35 8
35 17
35 18
35 20
35 21
35 24
35 28
35 77
35 79
35 83
35 95
35 97
38 30
38 35
38 38
38 41
38 60
38 69
38 75
38 86
38 87
38 92
38 96
38 97
38 98
38 116
38 131
38 134
38 135
38 141
38 144
38 146
38 150
38 280
38 291
38 310
38 319
40 1
40 5
40 9
40 11
40 15
40 19
40 35
40 42
40 44
40 46
40 52
40 66
41 67
41 70
41 91
41 96
41 103
41 111
41 113
41 115
41 116
41 119
41 123
41 126
41 132
41 133
41 148
41 151
41 159
41 163
41 168
41 170
41 172
41 175
41 176
41 182
41 184
42 23
42 26
42 32
42 36
42 50
42 56
42 68
43 53
43 68
43 69
43 86
43 91
43 97
43 98
43 103
43 110
43 118
43 123
43 142
44 1
44 7
44 28
44 31
44 47
44 51
44 52
44 55
44 77
44 84
44 97
44 106
45 20
47 26
47 36
47 39
47 47
47 55
47 59
47 65
47 67
47 68
47 71
47 82
47 88
47 111
47 114
47 115
47 119
47 124
47 126
47 153
47 161
47 165
47 177
47 182
47 189
47 195
47 197
47 199
48 3
48 9
48 12
48 16
48 17
48 25
48 30
48 31
48 33
48 37
48 41
48 46
48 50
48 56
48 58
48 69
48 72
48 73
49 10
49 14
49 17
49 29
49 36
49 40
49 46
49 50
49 54
49 58
49 62
49 64
49 69
49 81
49 98
49 101
49 108
49 111
49 112
49 121
49 126
49 137
49 138
49 139
52 40
52 41
52 46
52 47
52 57
52 61
52 68
52 69
52 83
52 88
58 9
59 30
59 36
59 44
59 48
59 55
59 56
59 63
59 64
59 66
59 68
59 70
59 74
59 76
60 2
60 11
60 17
61 11
62 5
62 8
62 10
62 11
62 13
62 24
62 32
62 44
63 43
63 45
63 47
63 52
64 3
64 18
64 20
64 22
64 25
64 28
64 29
64 33
64 164
64 167
64 175
64 176
64 188
64 225
64 228
64 231
64 233
64 237
65 2
65 4
65 11
65 48
65 51
65 53
65 73
65 92
65 102
65 106
65 107
65 120
65 121
65 132
65 144
65 147
65 150
65 158
65 168
65 170
65 176
65 184
65 187
65 193
65 201
66 3
67 8
67 9
67 20
67 26
67 28
67 43
68 12
68 15
68 25
68 33
68 36
68 39
68 59
68 60
68 61
68 69
68 126
68 137
68 139
68 141
68 143
68 159
70 2
70 13
70 47
70 50
71 10
71 15
71 27
71 30
71 32
71 33
71 43
71 47
71 48
71 50
72 13
72 16
72 61
72 62
72 63
73 3
73 4
73 9
73 13
73 15
73 19
73 20
73 21
73 38
73 42
73 49
73 57
73 62
73 73
73 88
73 89
73 91
73 96
74 3
74 6
74 8
74 9
75 66
75 97
75 105
75 108
75 111
75 112
75 122
75 134
75 136
75 137
75 139
75 141
75 149
75 151
75 160
75 168
75 171
75 173
75 186
75 200
75 202
75 206
75 221
75 233
75 261
75 262
75 265
75 273
75 290
75 313
75 323
75 327
75 331
75 334
75 349
75 352
75 354
75 367
75 373
75 378
76 2
76 3
76 8
76 32
76 35
76 39
76 47
76 51
76 57
77 36
77 47
77 61
77 78
77 79
77 83
77 84
77 114
77 117
77 125
77 127
78 51
78 54
78 56
78 63
78 65
78 70
78 89
79 2
79 5
80 1
80 30
80 34
80 69
80 76
80 105
80 106
81 4
81 8
81 14
81 21
81 29
81 34
81 35
81 43
82 55
82 57
82 59
82 64
82 65
82 72
82 74
82 76
85 36
85 37
85 40
85 41
85 43
85 45
85 49
85 59
85 78
85 84
85 85
88 7
88 22
88 28
88 33
88 38
88 45
88 46
88 55
88 60
89 1
89 14
90 73
90 77
90 85
90 86
90 88
90 89
91 1
91 11
91 20
92 9
92 15
92 25
92 30
92 31
92 36
92 66
92 130
92 134
92 136
92 138
92 142
92 143
95 4
95 7
95 11
95 18
95 19
95 22
95 31
95 35
95 38
95 39
95 59
95 61
95 68
95 71
95 76
95 77
95 80
95 82
95 89
95 91
95 96
96 24
97 11
97 19
97 20
97 23
97 27
97 31
97 33
97 36
97 39
97 54
98 4
98 5
98 25
98 88
98 90
98 93
98 98
98 99
98 113
98 116
98 121
98 125
98 127
98 130
98 131
98 132
100 4
100 6
100 9
100 10
100 12
100 70
100 73
100 76
100 82
100 122
100 124
100 125
100 134
100 143
100 154
100 166
100 168
100 169
100 176
101 39
101 40
101 56
101 61
102 6
102 16
102 22
102 37
102 45
102 51
102 53
102 54
102 57
102 63
102 72
102 82
102 84
102 87
102 88
102 95
102 100
102 102
102 104
102 105
102 106
102 124
102 127
102 130
102 131
102 138
102 139
102 151
102 152
102 207
102 212
102 231
102 232
102 234
102 237
102 238
102 256
102 257
102 266
103 4
104 1
105 1
105 6
105 7
106 8
107 9
107 12
107 21
107 32
107 40
107 44
107 48
107 55
107 62
107 66
107 79
107 80
107 92
107 97
107 104
107 105
107 124
107 126
107 130
107 132
107 134
107 136
109 1
109 3
109 5
109 8
109 11
112 23
112 62
112 76
112 77
112 114
112 115
112 117
112 119
112 123
112 126
112 143
112 144
112 155
112 158
112 160
112 164
112 167
112 169
112 176
112 179
112 180
112 185
112 193
112 195
112 196
112 197
112 206
112 209
112 211
112 218
112 225
113 104
113 129
113 131
113 138
113 152
113 156
113 164
113 169
113 181
114 14
114 17
114 19
114 26
115 1
