1 3
1 14
1 18
1 20
1 23
1 26
1 28
1 32
1 36
1 37
1 39
1 56
1 66
1 69
1 74
1 78
1 94
1 106
1 115
1 116
1 129
1 134
2 66
2 68
2 69
2 94
2 95
2 99
2 122
2 124
2 132
2 133
2 136
2 141
2 156
2 159
2 163
2 165
2 167
3 64
3 70
3 81
3 96
3 99
3 117
3 119
3 133
3 134
3 138
3 164
3 168
3 169
3 174
3 176
3 177
3 179
3 186
3 191
3 193
6 84
6 86
7 4
7 11
8 97
8 100
9 5
9 8
9 9
9 10
9 25
9 28
9 29
9 44
9 47
9 63
9 91
9 103
9 106
9 108
9 118
9 119
9 122
9 125
9 127
9 139
9 141
9 155
9 158
9 160
10 4
10 6
10 18
10 28
10 37
10 51
10 55
10 59
10 61
10 73
10 78
10 137
10 152
10 157
10 163
10 169
10 171
10 181
10 185
10 186
10 187
10 188
10 189
10 191
10 197
10 203
10 207
10 209
10 216
10 223
10 224
10 227
10 228
10 230
10 231
10 236
10 243
10 247
10 250
10 262
10 266
10 268
11 22
11 47
11 53
11 63
12 5
12 8
12 18
12 21
12 23
13 1
13 5
13 6
13 7
14 22
14 25
14 30
14 32
14 35
14 37
14 42
14 43
14 55
14 64
14 65
14 66
14 70
14 71
14 75
14 78
14 81
14 91
14 93
14 97
14 100
14 101
14 109
15 5
15 12
16 4
16 7
16 13
17 6
17 11
17 17
17 27
17 28
17 32
17 41
17 42
17 69
17 75
17 80
17 84
17 92
17 93
17 97
17 98
17 100
18 2
18 5
18 6
18 7
18 8
18 14
18 19
18 20
18 24
18 36
18 42
18 44
18 47
18 54
18 60
18 64
19 1
19 6
19 19
19 34
19 42
19 48
19 50
19 54
19 60
19 65
19 66
19 70
19 71
19 80
19 82
19 88
19 101
19 103
19 139
20 9
20 12
20 21
20 26
20 45
20 47
20 55
20 74
20 80
20 96
20 99
21 2
21 3
21 5
21 8
21 12
21 19
21 20
21 27
21 44
21 46
21 55
21 66
21 69
21 71
21 153
21 155
21 159
21 174
21 184
21 191
21 210
21 212
21 216
21 217
21 220
21 233
21 236
21 238
21 242
21 243
21 245
21 249
21 259
21 266
21 277
21 279
21 281
21 293
21 299
21 302
22 4
22 7
22 13
22 16
22 33
22 39
25 73
25 76
25 132
25 145
25 153
25 162
25 164
25 167
25 209
25 216
25 227
25 229
25 281
26 3
27 8
27 20
27 33
27 39
27 43
30 2
30 5
30 15
30 18
30 19
30 21
30 25
30 32
30 38
30 40
30 55
30 56
30 59
30 60
30 69
30 77
30 86
30 90
30 105
32 2
32 10
33 3
33 5
33 7
33 32
33 34
33 51
33 71
34 3
34 8
34 11
35 8
36 5
37 8
37 12
37 18
37 24
37 29
37 36
37 38
37 41
37 43
37 46
37 49
37 50
37 57
37 60
37 61
37 66
37 71
37 72
37 78
38 11
38 46
38 52
38 57
38 64
38 75
40 25
40 32
40 44
40 54
40 57
40 74
40 80
40 91
40 94
40 95
40 100
40 102
40 114
40 126
40 137
40 138
40 141
40 142
40 153
40 162
40 255
40 260
40 310
40 316
40 322
40 323
40 326
40 329
40 333
40 339
40 342
40 346
40 347
40 350
40 356
40 358
41 71
41 75
41 80
41 85
41 86
41 88
41 89
42 1
43 1
43 6
43 7
43 15
43 19
43 24
43 30
43 31
43 32
43 41
43 54
44 5
44 11
44 17
44 30
44 31
44 33
44 37
44 38
44 44
46 15
46 17
46 24
46 25
46 36
46 56
46 57
46 59
46 61
46 69
46 73
46 74
46 76
46 92
46 96
46 99
46 100
46 112
46 114
46 116
46 117
46 131
46 134
48 193
48 194
48 199
48 203
48 204
49 2
49 6
49 8
49 11
49 12
49 16
49 21
49 23
49 26
49 35
49 37
49 41
49 53
49 59
49 68
49 69
49 77
49 81
49 87
49 90
49 92
49 115
49 122
49 123
49 125
49 128
49 130
49 137
49 143
49 145
49 146
49 148
49 159
49 164
49 165
49 170
49 173
50 2
50 3
50 4
50 7
51 12
51 32
51 34
51 62
51 65
51 69
51 81
51 83
51 88
51 89
51 100
51 103
51 110
51 112
51 124
51 132
51 149
51 155
51 164
51 165
51 168
51 169
51 175
51 181
51 188
51 191
51 197
51 200
51 201
51 202
51 207
51 216
51 218
51 242
52 1
52 5
52 7
52 8
52 9
52 12
52 16
52 20
52 27
52 32
52 35
53 2
53 6
53 7
53 14
53 17
54 7
54 16
54 20
54 22
54 29
54 43
55 5
55 9
55 16
55 17
55 23
55 24
55 31
55 39
56 4
56 9
56 13
56 14
56 17
56 21
56 43
56 49
56 55
56 61
56 66
56 69
56 71
56 74
56 82
56 210
56 217
56 244
56 245
56 247
56 249
56 251
56 253
56 260
56 261
56 263
56 266
56 269
56 277
56 282
56 297
56 302
56 311
56 314
56 316
57 1
57 13
57 16
57 22
57 23
57 27
57 29
57 34
57 35
57 45
57 62
58 3
58 8
58 11
58 20
58 21
58 26
58 41
58 53
58 58
58 65
58 72
59 4
59 138
59 139
59 156
59 162
59 164
59 165
59 169
59 171
59 172
59 173
59 174
59 197
59 198
59 206
59 221
59 229
59 231
59 233
59 240
59 242
59 248
60 1
60 7
60 8
60 21
60 22
60 24
60 25
61 4
61 9
61 11
61 13
61 16
61 17
61 37
61 41
61 56
61 59
61 84
61 111
61 114
61 117
61 119
61 127
61 131
61 136
61 142
61 149
61 154
61 155
61 160
61 166
61 167
61 196
61 199
61 201
61 216
61 238
61 239
61 247
61 252
62 31
62 32
62 41
62 52
64 3
64 7
64 23
64 33
64 35
64 36
64 54
64 71
64 73
64 94
64 103
64 104
64 108
64 115
64 116
64 124
64 127
64 137
64 176
64 182
64 183
64 184
64 188
64 203
64 204
64 218
64 221
64 237
64 240
65 6
65 8
65 53
65 55
65 68
66 5
66 8
66 9
66 20
67 1
69 3
69 7
69 35
69 46
69 51
69 52
69 59
69 65
69 75
69 77
69 101
69 103
69 104
69 105
69 106
69 107
69 110
69 112
69 128
69 130
69 137
70 9
70 14
70 17
70 20
70 27
70 32
70 54
70 56
70 59
70 60
70 82
70 90
70 92
70 93
70 98
70 104
70 120
70 135
70 136
70 142
70 155
70 156
73 17
73 19
73 20
73 24
73 46
73 49
73 52
73 58
73 60
73 62
73 72
73 136
73 150
73 151
73 162
73 163
73 165
73 168
73 182
73 212
73 215
73 219
73 220
73 227
73 235
73 240
74 1
74 6
74 8
74 9
74 13
74 16
74 20
74 22
74 23
74 27
74 38
74 39
74 44
74 46
75 16
75 23
75 25
75 32
75 36
75 39
75 50
76 1
77 42
77 43
77 50
77 51
77 54
77 57
77 62
77 67
77 74
77 79
77 87
77 107
77 110
77 124
77 126
78 15
78 44
78 69
79 1
79 43
79 50
79 60
79 67
79 92
79 98
79 105
79 109
79 125
79 130
79 150
79 158
79 179
79 203
79 207
79 227
79 232
79 235
79 237
79 238
79 247
79 249
79 311
79 318
79 322
79 330
79 335
79 346
79 349
79 352
79 367
79 372
80 5
80 14
80 15
80 25
80 29
80 31
80 37
80 42
80 43
80 56
80 57
80 62
80 63
80 67
80 71
80 74
80 79
80 82
80 83
80 92
80 99
80 107
80 113
80 119
80 121
80 122
80 126
80 129
80 184
82 5
82 6
82 8
82 13
83 1
83 8
83 12
83 21
83 28
83 30
83 31
83 47
83 52
83 55
83 62
83 64
83 66
83 72
84 2
84 4
84 8
84 10
84 40
84 45
84 46
84 48
86 1
86 5
86 65
86 70
86 180
86 182
86 183
86 206
86 209
86 216
86 231
86 238
86 240
86 246
86 252
86 256
86 259
86 261
86 262
86 264
86 267
86 272
86 276
86 284
86 292
86 297
90 12
90 14
90 28
90 34
90 44
90 54
90 65
90 68
90 70
91 1
91 2
92 3
92 4
92 7
92 16
92 17
92 22
92 26
92 29
92 32
92 43
93 2
93 6
93 8
93 9
93 17
93 20
93 26
93 28
93 36
93 39
93 50
94 9
94 10
94 21
94 25
94 34
94 35
94 53
94 56
94 57
94 60
94 61
94 65
94 69
94 70
94 173
94 195
94 198
94 202
94 226
94 227
94 245
94 246
94 251
95 1
95 12
97 20
97 28
97 45
97 50
97 52
97 53
97 76
97 81
97 93
97 94
97 96
97 100
97 107
97 109
97 123
97 134
97 143
97 154
97 156
97 158
97 161
97 162
97 177
98 95
98 98
99 3
99 11
99 16
99 17
99 24
99 26
99 33
99 34
101 4
101 6
101 15
101 19
101 20
101 21
101 41
102 65
