1 8
1 10
1 12
1 13
1 16
2 15
2 20
2 21
2 32
2 34
2 40
3 7
3 8
3 18
3 19
3 28
4 35
4 48
4 65
4 67
4 68
4 72
4 80
4 88
4 95
4 99
4 101
4 102
4 114
4 118
4 122
4 134
4 137
4 146
4 153
4 155
4 159
4 165
4 166
4 179
4 181
4 182
4 184
4 207
4 209
4 218
4 222
4 224
5 1
5 5
5 8
5 10
6 11
6 14
6 18
6 19
6 21
6 23
6 24
6 34
6 36
6 37
6 45
6 50
6 113
6 133
6 155
7 93
7 97
7 98
7 105
7 106
7 108
7 233
8 19
8 28
8 34
8 43
8 53
8 56
8 65
8 78
8 82
8 83
8 99
8 104
10 16
10 20
10 28
10 30
10 31
10 33
10 34
10 35
10 36
10 37
10 53
10 55
10 56
10 62
10 78
10 87
10 96
10 97
10 103
10 107
10 138
10 139
10 152
10 153
10 167
10 169
10 171
10 172
10 184
10 188
10 190
10 195
10 201
10 202
10 208
10 232
10 233
10 235
10 242
10 245
10 247
10 381
10 391
10 399
10 400
11 7
11 10
11 30
11 37
11 38
11 39
11 42
11 46
11 48
11 62
11 65
11 99
11 102
11 109
11 117
12 1
12 2
12 18
12 24
12 26
12 28
12 32
13 46
13 52
13 58
13 62
14 14
14 29
14 31
14 34
14 37
14 40
14 42
14 44
14 45
14 50
14 79
14 100
14 101
14 103
14 110
14 111
14 114
14 115
14 119
14 120
14 127
14 138
14 142
14 145
14 148
14 149
14 151
14 153
15 10
15 14
15 18
15 20
15 54
16 5
16 10
16 14
17 66
17 67
17 69
17 80
17 82
17 83
17 96
18 1
18 6
19 122
19 124
19 127
19 130
19 135
19 140
20 7
20 12
20 13
20 18
20 20
20 31
20 34
20 35
20 36
20 41
20 46
20 47
20 49
20 64
20 65
20 69
20 70
20 88
20 90
20 97
20 98
20 100
20 111
20 112
20 114
20 119
20 124
20 131
20 169
20 175
20 178
20 203
20 205
20 208
20 213
20 218
20 219
20 228
20 230
20 237
25 79
25 95
25 96
25 98
25 104
25 105
25 118
25 127
25 132
25 148
25 153
25 159
25 164
25 173
25 184
25 185
25 195
25 206
25 207
25 208
25 211
25 215
25 217
25 218
25 220
25 221
25 224
25 235
25 236
25 237
25 248
25 253
25 256
25 258
25 263
27 44
27 45
27 50
27 53
27 55
27 64
27 67
30 28
30 33
30 35
30 42
30 46
30 48
30 52
30 53
30 68
30 71
30 80
30 93
30 98
30 100
32 6
32 9
32 11
32 14
32 15
32 27
32 47
33 7
33 19
33 26
33 27
33 30
33 31
33 35
33 67
33 77
33 79
33 82
33 85
33 89
33 96
33 110
33 121
33 133
33 139
33 140
33 149
33 154
33 168
33 172
33 190
33 195
33 200
33 201
34 11
34 13
34 19
34 20
34 25
34 26
34 27
34 31
34 43
34 67
34 78
34 81
34 83
35 133
35 135
35 143
35 146
35 148
35 155
35 160
35 169
35 173
35 181
35 188
35 189
35 190
35 196
35 201
35 206
35 208
35 219
36 8
36 9
36 13
36 18
36 21
36 89
36 93
38 18
38 25
38 27
38 28
38 37
38 43
38 46
38 51
38 60
38 61
38 70
38 72
38 73
38 81
38 89
38 100
39 76
39 83
39 98
39 106
39 107
39 109
39 114
39 117
39 121
39 124
39 125
39 126
39 133
41 8
41 13
41 15
41 41
41 43
41 50
41 56
41 57
41 58
41 61
41 168
41 169
41 173
41 177
41 183
41 185
41 187
41 199
41 204
41 209
41 212
41 213
41 218
41 227
41 228
41 233
41 236
41 239
41 240
41 247
41 252
41 253
41 255
41 256
41 259
41 275
41 280
41 283
41 285
41 291
41 298
41 302
42 1
42 4
42 8
42 20
42 26
42 27
42 33
42 34
42 35
42 37
42 44
42 50
42 56
42 59
42 65
42 70
42 78
42 82
42 83
42 90
42 222
42 223
42 231
42 234
42 238
42 249
42 250
42 253
42 255
42 258
42 264
42 266
42 271
42 274
42 285
42 287
42 306
42 309
42 311
42 313
42 315
42 340
43 1
43 4
43 12
43 20
43 21
43 24
43 32
43 34
43 56
43 62
43 65
43 68
44 49
44 63
44 70
44 86
44 108
45 3
45 10
45 11
46 123
46 131
46 146
46 153
46 158
47 3
47 17
47 18
47 20
47 24
47 104
47 115
48 1
48 3
48 4
48 19
48 27
48 78
48 84
48 86
48 87
48 90
48 92
48 114
48 129
49 3
50 13
50 17
51 6
51 8
51 12
51 15
51 16
51 31
51 35
51 42
52 64
52 71
52 72
52 87
52 99
52 110
52 161
52 168
52 175
52 178
52 183
52 186
52 187
52 195
53 2
53 5
53 15
53 56
53 64
53 80
53 91
53 101
53 102
53 105
54 9
54 22
54 30
54 31
54 34
54 36
54 38
54 44
54 49
54 61
54 63
54 64
55 66
55 69
55 71
55 79
55 80
55 83
55 90
55 91
56 3
56 5
56 38
56 40
56 171
58 8
58 14
60 133
60 142
60 145
60 165
60 178
60 190
60 192
60 194
60 197
60 213
60 217
61 1
61 139
61 191
61 201
61 203
61 206
61 216
61 219
61 222
61 223
61 224
61 243
61 249
61 255
61 257
61 264
61 267
61 273
61 275
61 292
61 294
61 295
61 298
61 299
61 301
61 308
61 310
61 318
61 328
61 349
61 352
61 355
61 357
61 359
61 360
61 363
61 366
61 367
61 372
61 390
61 395
61 404
61 408
61 409
61 418
61 420
61 422
61 425
61 427
61 434
61 538
61 548
61 551
61 554
61 557
61 613
61 617
61 619
61 624
61 625
61 633
61 636
61 640
61 641
61 642
61 644
61 693
61 695
61 699
61 718
61 723
62 1
63 1
63 6
63 156
63 173
63 190
63 196
63 197
64 2
64 7
64 13
64 21
64 25
64 27
64 28
64 31
64 35
64 40
64 47
64 55
64 58
64 69
64 72
64 77
64 83
64 85
64 86
64 92
64 93
64 105
64 110
64 114
64 116
64 125
64 130
64 137
64 141
64 147
64 153
64 154
64 181
64 183
64 184
64 185
64 188
64 192
64 200
64 201
64 209
65 10
65 12
65 14
65 15
66 2
66 16
66 20
66 22
66 23
66 27
66 32
66 39
66 42
66 50
66 51
66 54
66 58
66 62
66 74
66 78
66 82
66 97
66 104
66 107
66 134
66 148
66 157
66 203
66 222
66 224
66 230
66 234
66 254
66 256
66 258
66 278
66 409
66 410
67 1
68 2
68 3
68 8
68 19
68 25
68 30
68 40
68 41
68 42
68 45
68 61
68 70
68 71
68 78
68 83
68 89
68 104
68 105
68 113
68 119
68 120
68 123
69 2
69 9
69 14
69 23
69 27
69 28
69 34
69 42
69 52
69 53
69 56
69 64
69 85
69 87
69 88
69 89
69 93
69 106
69 109
69 111
69 123
69 126
69 138
69 139
69 146
69 149
69 156
69 157
69 163
71 69
71 72
71 73
71 77
71 96
71 105
71 122
71 125
71 133
71 140
72 2
73 25
73 27
73 31
73 32
73 49
73 53
73 57
73 61
74 3
74 20
74 22
74 25
74 35
74 37
74 44
74 63
74 64
74 66
74 67
74 68
74 72
74 75
74 144
74 149
74 156
74 162
74 167
74 169
74 172
74 178
74 186
74 188
74 192
74 198
74 202
74 213
74 217
74 219
74 222
74 230
74 238
74 252
74 264
74 266
74 268
75 113
75 118
75 120
76 3
76 5
76 7
76 109
76 113
80 13
80 17
80 18
80 23
80 27
80 31
80 35
81 31
81 39
81 40
81 43
81 52
81 54
82 5
82 12
82 22
82 30
82 32
82 35
82 42
82 45
82 63
82 67
82 74
82 82
83 29
83 42
83 44
83 45
83 49
83 50
84 3
84 6
85 15
85 16
85 25
85 29
85 35
85 36
85 37
86 44
86 46
87 6
87 7
87 10
87 14
87 18
87 20
87 26
87 27
87 32
87 35
87 40
87 41
87 50
88 19
88 24
89 2
89 10
