1 9
1 15
1 19
1 27
1 40
1 45
1 51
1 55
1 57
1 59
1 60
1 67
1 69
1 75
1 78
1 83
1 129
1 134
1 143
1 158
1 162
1 172
1 177
1 178
3 88
3 94
3 100
3 103
3 110
3 113
3 133
3 166
3 167
3 170
3 172
3 185
3 186
3 188
3 200
3 204
4 46
4 53
4 58
4 60
4 63
4 64
4 67
4 73
4 90
4 99
4 102
4 104
4 143
4 145
5 22
5 24
5 25
5 29
5 34
6 11
6 12
6 13
6 17
6 26
6 28
6 30
6 36
6 39
6 40
7 2
7 6
7 9
7 27
8 7
8 8
8 13
8 28
8 30
8 35
8 48
8 49
9 19
11 8
11 147
11 149
11 160
12 3
12 4
12 17
12 21
12 33
13 6
13 30
14 3
14 5
14 8
14 16
14 17
14 37
14 47
14 50
14 72
14 81
14 84
15 1
15 9
15 13
15 14
15 18
15 36
15 52
15 66
15 73
15 82
15 83
15 84
15 93
15 94
15 106
15 110
16 42
16 45
16 60
16 61
16 62
16 68
16 70
16 83
16 90
16 97
16 104
16 111
16 114
16 118
16 127
16 128
16 130
16 148
16 154
17 5
17 6
17 13
17 14
17 15
17 21
17 22
17 33
17 37
17 41
17 44
17 57
17 67
17 81
17 84
17 93
17 97
17 99
17 101
17 104
17 107
17 117
17 137
17 145
17 149
19 8
20 4
20 5
20 10
20 15
20 37
20 178
20 192
20 193
20 196
20 197
20 201
20 207
20 209
20 217
20 220
20 227
20 228
20 232
20 234
20 243
20 244
20 247
20 249
21 108
21 112
21 124
21 125
21 128
21 131
21 133
21 137
21 143
21 146
21 153
21 154
21 166
21 171
21 173
21 176
21 187
22 6
22 18
22 19
22 20
22 29
22 43
22 48
22 49
22 55
22 66
22 77
22 78
23 83
24 118
24 133
24 134
24 136
24 157
24 159
24 161
24 164
24 166
24 180
24 185
24 192
24 193
24 196
24 197
24 203
24 204
24 208
24 210
24 214
24 225
24 241
28 51
28 56
28 59
28 61
28 64
28 67
28 74
28 87
28 95
28 100
28 102
28 112
28 114
28 115
28 118
28 123
28 129
29 6
29 12
29 15
29 18
29 30
29 31
29 40
29 51
29 52
29 55
30 8
30 10
31 3
31 6
31 83
32 4
32 6
32 10
32 13
32 14
32 15
32 23
32 26
32 31
32 43
33 1
33 6
33 11
33 15
33 21
33 25
33 32
33 35
33 38
33 70
33 75
33 80
33 119
33 123
33 127
33 141
33 145
33 147
34 3
34 12
34 20
34 21
34 22
34 34
37 79
37 84
37 90
37 96
37 113
37 115
37 116
37 117
37 122
37 123
38 12
38 17
38 24
38 31
39 9
39 12
39 60
39 72
39 81
39 82
39 86
39 88
39 106
39 114
39 122
39 123
40 8
40 11
40 13
40 19
40 36
40 38
40 41
40 60
40 67
40 74
40 85
40 96
40 99
40 119
40 130
40 137
40 139
40 157
40 162
40 179
40 182
40 192
40 195
40 203
40 204
40 210
40 220
40 230
40 231
40 282
40 284
40 286
40 289
40 291
40 309
40 311
40 322
40 327
40 384
40 389
40 393
40 402
40 407
40 412
40 419
40 422
41 8
41 21
41 30
41 34
41 42
41 48
41 49
41 56
41 60
41 63
41 70
41 76
41 77
41 84
41 87
41 89
41 91
41 92
41 105
41 117
42 1
42 8
42 16
42 18
42 21
42 24
42 34
42 38
42 39
42 40
42 43
42 49
42 50
42 58
42 59
42 70
42 71
42 82
42 88
42 150
42 155
42 159
42 162
42 165
42 168
42 174
43 4
43 23
43 27
43 34
43 38
44 50
44 53
44 63
44 64
44 68
45 7
46 76
46 80
46 84
46 87
46 90
46 103
46 164
46 170
46 179
46 185
46 188
46 208
48 23
48 30
49 1
49 6
49 29
49 35
49 41
53 3
53 4
53 7
53 27
53 42
53 43
53 45
53 58
53 61
53 62
53 64
53 65
53 72
53 80
53 91
55 11
55 12
55 27
55 38
55 39
55 59
55 68
55 73
55 78
55 79
55 84
56 2
56 58
57 49
57 56
57 61
57 63
57 72
58 1
58 3
58 9
58 11
58 18
58 34
58 38
58 43
58 51
58 52
58 56
58 65
58 77
58 81
58 82
58 85
58 87
58 91
58 94
58 103
58 104
58 106
58 107
58 109
58 121
59 21
59 27
59 28
59 32
59 34
59 36
59 56
59 75
59 88
59 92
59 97
59 105
59 106
59 107
59 111
59 115
59 118
59 122
59 130
60 4
60 10
60 11
60 19
60 23
60 25
60 28
60 35
60 54
60 57
60 71
60 92
60 96
60 114
60 117
60 128
60 140
60 149
60 152
60 157
60 167
60 170
60 175
60 177
60 190
60 209
60 217
60 219
60 228
60 233
60 235
60 237
60 242
60 247
60 249
60 253
60 256
60 260
60 263
63 21
63 26
63 32
63 40
63 44
63 46
63 50
63 51
63 59
63 60
63 68
63 70
63 78
65 100
65 101
65 103
65 105
65 120
65 137
65 138
65 140
65 269
65 285
66 5
66 10
66 19
66 21
66 32
66 59
66 63
66 76
66 79
66 84
66 88
66 98
66 104
66 106
66 109
66 113
66 116
66 117
66 127
66 144
66 155
66 165
66 176
66 206
66 207
66 212
66 215
66 218
67 1
67 8
67 9
67 13
67 17
67 23
67 31
68 6
68 9
68 14
68 16
68 35
68 41
68 43
68 45
68 53
68 54
68 56
68 60
68 61
69 4
69 8
69 32
69 38
69 40
69 61
69 62
69 64
69 68
69 73
70 54
70 55
70 65
70 66
70 70
70 163
70 168
70 172
70 182
70 192
71 3
71 17
71 21
71 22
71 25
71 28
71 31
71 34
71 39
71 41
71 68
71 69
72 5
72 6
72 11
72 15
72 17
72 20
72 28
72 29
72 36
72 44
72 48
72 59
72 61
73 4
73 14
73 21
73 25
75 67
75 68
75 69
75 153
75 155
75 157
75 158
75 164
75 165
75 166
75 172
75 178
75 188
75 190
75 213
75 226
75 230
75 240
76 73
77 1
77 3
77 9
77 13
77 16
77 22
78 5
78 9
78 14
78 17
78 18
79 7
79 8
79 11
79 12
79 14
79 16
79 26
79 29
79 32
79 40
79 42
79 44
79 45
79 57
79 63
79 65
79 80
79 83
80 3
81 2
81 4
81 9
81 10
81 18
81 29
81 30
82 3
82 7
82 9
82 16
82 26
82 44
82 48
82 54
82 58
82 65
82 77
82 81
82 85
82 97
82 98
82 100
82 103
83 7
83 8
83 13
83 28
83 37
83 38
83 41
83 46
83 47
84 32
84 39
84 40
84 45
84 53
85 146
85 149
85 183
86 2
86 3
86 10
86 15
86 22
86 24
86 31
87 5
87 21
87 23
87 37
87 38
87 39
87 40
87 41
87 47
87 51
87 54
87 58
88 2
88 6
88 14
88 21
88 25
88 27
88 30
88 39
88 41
88 42
88 54
88 61
88 72
88 76
88 77
88 85
88 95
88 96
88 98
88 108
88 110
88 111
88 243
89 2
89 5
90 48
90 52
90 53
90 54
90 63
90 70
90 73
90 76
90 83
90 92
90 93
90 98
90 113
90 115
90 117
90 118
90 138
90 146
90 152
90 153
90 156
90 158
90 160
90 161
90 199
90 211
90 212
92 27
92 28
92 62
92 63
92 67
92 70
92 72
92 73
92 76
92 85
92 86
92 88
93 46
98 2
98 4
98 7
99 9
99 13
99 34
99 36
99 42
99 47
99 54
99 62
99 74
99 84
