1 9
2 9
2 12
2 14
2 19
2 20
2 22
3 2
3 11
3 14
3 20
3 21
3 29
3 30
3 33
3 37
3 43
3 46
4 2
4 4
4 5
4 22
4 28
5 37
5 41
5 48
5 51
5 58
5 65
5 66
5 69
5 79
5 81
5 82
5 86
5 173
5 178
5 216
5 221
5 232
5 235
10 12
10 21
10 30
10 32
10 35
10 38
10 40
10 56
10 70
10 71
10 74
10 77
10 84
10 107
12 9
12 10
12 11
12 18
12 19
12 35
12 38
12 45
12 51
12 52
12 53
12 58
12 61
12 70
12 79
12 80
12 87
12 90
12 99
12 141
12 147
12 149
12 155
12 157
13 17
13 21
13 25
13 27
13 61
13 72
13 74
13 81
13 85
13 87
13 94
14 62
15 5
15 12
15 14
15 20
15 24
15 26
15 31
15 37
15 43
15 46
15 47
15 50
15 60
15 74
15 79
15 83
15 85
17 5
17 7
17 15
17 21
18 3
18 6
18 7
18 25
18 40
18 44
18 45
18 47
18 57
18 137
19 48
19 71
19 73
19 74
19 75
19 84
19 85
19 105
19 111
19 113
19 118
19 125
19 136
19 140
19 143
19 147
19 152
19 164
19 168
21 34
21 37
21 40
21 47
22 10
22 12
22 141
22 146
22 149
22 151
23 31
23 46
23 59
23 65
23 67
24 4
24 10
24 33
24 37
24 41
24 43
24 49
24 56
24 59
24 74
24 80
24 84
24 103
24 106
24 117
24 119
24 124
24 129
24 132
25 2
25 14
25 19
25 21
25 23
25 26
25 27
25 33
25 36
25 41
25 58
25 62
26 22
26 26
26 27
26 40
26 42
26 45
26 48
26 50
26 54
27 3
27 5
27 6
27 8
27 50
27 65
27 68
27 82
27 86
27 89
27 91
27 93
27 98
27 99
27 112
27 119
27 129
27 133
28 32
28 33
28 34
28 36
29 66
29 68
29 76
29 84
29 88
29 89
29 106
29 107
29 111
29 116
29 119
29 128
29 130
29 132
29 135
30 13
30 17
30 28
30 30
30 32
30 39
30 40
30 41
30 45
30 47
32 39
32 52
32 64
32 67
32 73
32 74
32 84
33 1
34 7
34 10
34 17
34 18
34 20
34 21
35 1
35 5
35 13
35 14
35 16
35 31
35 33
35 35
35 38
35 42
35 60
35 67
35 72
35 73
35 75
35 77
35 95
35 98
35 105
35 119
35 122
35 126
35 136
35 144
35 148
35 149
35 157
35 159
35 164
35 173
35 174
35 179
35 181
35 190
35 238
35 252
35 256
35 257
35 259
35 268
35 270
35 277
35 287
35 295
35 298
36 67
36 68
36 72
36 74
37 8
37 10
37 12
37 13
37 16
37 18
37 19
37 63
37 77
37 79
38 72
38 73
38 76
38 91
38 93
38 104
38 107
38 110
38 125
38 128
38 150
38 152
38 153
38 170
38 177
38 180
38 189
38 190
38 196
38 197
38 199
38 202
38 203
38 212
38 230
39 9
39 13
39 14
39 26
39 29
39 31
39 34
39 45
40 1
41 4
41 6
41 7
41 11
42 3
42 7
42 19
42 25
43 1
43 8
43 21
44 57
44 58
44 66
44 67
44 141
44 148
44 160
45 15
45 19
45 27
45 30
45 42
45 50
45 60
45 71
45 86
45 110
45 112
45 115
45 116
46 9
46 20
46 25
46 33
46 49
46 56
46 71
46 73
46 79
46 84
46 90
46 93
46 97
47 2
47 6
47 33
47 40
47 50
47 53
47 55
49 92
49 94
49 97
49 112
49 123
49 136
49 141
52 3
52 6
52 11
52 14
52 15
52 21
52 32
52 33
52 34
52 45
52 48
52 50
52 65
52 70
52 74
53 24
53 25
53 29
53 53
53 55
53 59
53 69
53 71
55 27
55 34
55 40
57 63
57 64
57 70
57 79
57 83
57 89
57 148
57 154
57 171
57 182
57 185
57 188
57 189
57 193
57 196
57 201
57 206
57 210
57 213
57 214
57 218
57 219
57 223
57 235
57 244
57 248
57 259
57 263
58 7
58 8
58 15
59 2
59 4
60 2
60 3
60 4
60 10
60 11
60 13
60 18
60 20
60 25
60 32
60 51
61 9
61 15
61 29
61 34
61 38
61 44
61 50
61 52
61 54
61 59
61 60
61 65
61 73
61 113
61 120
61 121
61 145
61 146
61 147
61 154
61 161
61 162
61 167
61 169
61 178
61 180
61 186
61 189
61 195
61 214
61 224
61 227
61 233
61 234
61 236
61 255
62 16
62 19
62 21
62 25
62 27
62 42
62 49
62 50
62 52
62 54
62 68
62 81
62 94
62 95
62 113
62 150
62 152
62 156
62 157
62 162
62 203
62 205
62 206
62 209
62 249
62 252
62 262
62 271
63 1
64 5
64 7
64 9
64 22
64 34
64 35
64 39
64 50
64 53
64 64
64 67
64 94
64 102
64 104
67 99
67 102
67 111
67 123
68 4
68 6
68 7
68 10
69 6
69 8
69 13
69 20
69 27
69 35
69 42
69 51
69 66
69 74
69 85
69 87
69 91
69 92
69 93
69 98
69 102
69 108
69 109
69 112
69 122
69 123
69 131
69 138
69 145
69 147
69 158
70 12
70 21
70 26
70 33
70 39
70 43
70 50
70 53
70 54
70 59
70 61
70 64
70 65
72 56
72 58
72 61
72 68
72 69
72 78
72 99
72 109
72 112
72 119
72 134
72 138
72 141
72 149
72 154
73 2
73 3
73 4
73 5
73 17
74 2
74 21
74 26
74 32
74 33
74 35
74 37
74 155
74 156
74 164
74 167
74 168
74 176
74 177
74 183
74 190
74 200
74 201
74 208
74 210
76 12
76 20
76 23
76 31
76 40
76 47
76 82
76 97
76 111
76 112
76 121
76 126
76 134
76 138
76 139
76 140
76 141
76 149
76 151
76 166
76 167
76 181
76 186
76 188
76 190
76 202
76 204
78 1
78 3
78 20
78 24
78 25
78 27
78 34
78 36
78 50
78 52
78 84
78 86
78 219
78 223
78 224
78 228
78 229
78 243
79 10
79 11
79 14
79 21
79 23
79 37
79 43
79 46
79 57
79 58
79 65
79 83
79 90
79 107
79 109
79 121
79 123
79 127
79 132
79 137
79 141
79 145
79 147
79 154
79 158
79 161
80 2
80 5
80 6
80 13
80 20
81 1
81 2
81 4
81 7
81 10
82 25
82 27
82 44
82 47
82 50
82 73
82 76
82 83
82 84
83 1
83 6
83 23
83 28
83 31
83 37
83 38
83 39
84 1
84 16
84 26
84 31
84 32
84 42
85 3
85 8
85 21
86 1
86 2
86 4
88 62
88 80
88 86
88 89
88 101
88 107
88 112
88 113
88 115
88 122
88 128
89 2
89 4
89 8
89 11
89 12
89 13
89 14
89 15
89 25
89 28
89 36
89 42
89 47
89 48
89 50
89 53
89 59
89 73
89 76
89 80
89 83
89 84
89 87
89 89
89 95
89 105
89 107
89 123
89 139
89 141
90 3
92 3
92 13
93 4
93 5
93 6
94 2
95 4
95 13
95 15
95 100
95 104
95 107
95 110
95 111
95 116
95 117
95 119
96 7
96 18
96 21
96 23
96 31
96 36
96 41
96 44
96 55
96 57
96 58
96 64
96 65
96 78
96 82
96 100
96 103
96 110
96 112
96 115
96 116
96 123
96 132
96 137
96 138
96 142
96 146
96 147
97 5
97 7
97 10
98 7
98 28
98 39
99 4
99 5
99 34
99 35
99 39
99 46
99 51
100 2
100 4
100 5
100 10
100 18
100 25
101 29
101 33
101 40
101 47
101 50
101 54
101 55
101 56
101 59
101 86
101 94
101 99
101 105
101 113
101 118
101 121
102 3
102 4
102 6
102 15
102 27
102 31
102 36
102 41
102 44
102 51
102 54
102 60
106 1
107 5
107 7
107 11
107 13
107 15
108 49
108 52
108 67
108 69
108 81
108 82
108 90
109 3
109 132
110 8
110 9
110 12
110 18
110 24
110 25
110 32
110 41
110 44
110 53
110 62
110 76
110 78
110 90
110 94
110 97
110 100
110 104
110 120
110 125
110 126
110 128
111 8
111 11
111 12
111 13
111 22
111 34
111 42
111 47
111 49
111 51
111 53
112 3
112 5
112 14
112 27
112 39
112 46
112 58
112 60
112 61
112 70
112 72
112 74
112 75
112 77
112 79
113 3
113 31
113 35
113 43
113 44
113 48
113 53
113 63
113 64
116 19
116 24
116 29
116 35
116 36
116 45
116 50
117 1
118 17
118 21
118 28
118 35
119 13
119 30
