1 2
1 9
1 13
1 15
1 149
1 154
1 156
1 158
1 160
1 162
1 166
1 175
1 181
1 193
1 194
1 195
1 196
3 5
3 11
3 13
3 16
3 19
3 48
3 50
3 51
3 53
3 56
3 103
3 108
3 110
3 122
3 127
4 5
4 13
5 6
6 1
6 35
6 40
6 44
6 49
6 54
6 62
6 63
6 67
6 78
6 82
6 85
6 104
6 107
6 112
6 116
6 127
6 129
6 131
6 134
6 135
6 145
6 147
6 148
6 155
7 8
7 29
7 33
7 37
7 40
7 44
9 41
9 46
9 68
9 71
9 78
9 90
9 100
9 101
9 106
9 112
10 6
10 15
10 17
10 21
10 34
12 1
13 1
13 2
13 8
13 9
13 10
13 15
15 27
15 36
15 45
15 57
15 64
15 67
15 71
15 72
15 73
15 75
16 1
16 7
16 8
16 69
16 74
16 75
16 83
16 96
16 97
16 103
16 136
16 155
16 158
16 159
16 170
16 173
16 175
16 176
16 177
16 182
16 183
18 27
18 28
18 32
18 47
18 50
18 51
18 73
18 74
18 79
18 91
18 92
18 96
18 99
18 106
18 107
18 110
18 118
18 127
18 136
18 138
18 142
18 143
18 144
18 148
18 154
18 166
19 10
19 27
19 40
19 42
19 44
19 46
19 57
19 61
19 66
19 67
20 2
21 3
21 23
22 31
22 37
23 2
23 5
23 7
23 9
23 12
23 13
23 20
23 28
23 31
23 33
23 46
24 17
24 22
24 31
24 33
24 40
24 42
24 49
26 2
26 3
26 6
26 7
26 9
26 14
27 59
27 61
27 69
27 70
27 73
27 81
27 140
27 144
27 148
27 149
27 157
27 159
27 160
28 19
29 5
29 8
29 10
30 9
30 10
30 12
30 33
30 35
30 36
30 51
30 52
30 55
30 56
30 58
30 59
31 4
31 7
31 36
31 42
31 47
32 1
32 132
32 133
32 141
32 144
32 146
32 198
32 200
32 203
32 207
32 208
32 209
32 211
32 215
32 217
32 220
32 230
32 242
32 243
32 245
32 256
32 264
32 265
32 278
32 296
32 300
32 307
32 308
32 334
32 348
32 352
32 355
32 358
32 382
32 388
34 1
34 5
34 6
34 21
34 22
35 5
35 7
35 10
35 12
35 17
35 26
35 36
35 56
35 67
35 78
35 91
35 105
35 106
35 111
35 117
35 139
36 9
36 20
36 22
36 25
36 33
36 40
40 4
40 5
40 6
40 8
40 12
40 16
40 30
40 44
40 53
40 60
40 68
40 70
40 73
40 91
40 93
40 97
40 99
40 100
40 101
40 103
40 105
40 111
40 117
40 124
40 126
40 169
40 175
40 176
40 197
40 200
40 201
40 207
40 211
40 222
40 238
40 245
41 1
41 2
41 12
41 16
41 18
43 16
43 17
43 41
43 49
43 61
46 5
46 9
46 16
46 22
46 30
46 46
46 47
47 9
47 18
47 19
47 22
47 23
47 26
47 29
47 42
47 46
47 49
47 64
47 67
47 83
47 86
47 91
47 94
47 95
47 112
47 114
48 25
48 54
49 2
50 2
50 4
50 14
50 144
50 145
50 213
51 9
51 11
51 18
51 23
51 26
51 27
51 35
51 39
51 41
51 43
51 48
51 55
51 57
51 58
51 62
53 78
53 81
53 83
53 86
53 87
53 91
53 105
53 131
53 134
53 142
53 150
53 161
53 172
53 200
53 204
53 216
53 234
53 237
53 238
54 6
54 29
54 43
54 69
54 70
54 73
54 80
54 83
54 89
54 93
54 99
54 110
54 111
54 115
55 3
55 9
56 1
56 2
57 34
57 35
57 36
57 38
57 40
57 49
58 2
58 103
58 118
59 54
59 85
59 94
60 6
60 15
60 35
60 50
60 56
60 57
60 59
60 62
60 63
60 71
60 79
60 82
60 90
60 91
60 94
60 96
62 4
63 11
63 13
63 18
63 33
63 38
63 40
63 53
63 61
64 47
65 1
66 20
66 24
66 29
66 34
66 35
66 43
66 60
66 62
66 65
66 67
66 69
66 70
66 72
66 73
66 74
66 79
68 6
71 65
72 1
72 9
72 17
72 22
72 24
72 25
72 65
72 66
72 69
73 13
73 15
73 16
74 4
74 7
74 10
74 15
74 22
74 23
74 31
74 37
74 45
74 70
75 35
75 40
75 53
75 59
75 61
77 111
77 113
77 122
77 134
77 138
77 151
77 165
77 166
77 172
77 174
77 175
77 219
77 221
77 253
77 255
77 260
77 264
77 285
77 306
77 307
77 314
77 327
77 329
79 8
79 12
79 14
79 16
79 20
79 21
81 8
81 15
81 21
81 22
81 35
81 39
82 2
82 5
82 15
82 20
82 21
82 25
83 35
84 17
84 20
84 21
84 24
84 27
84 28
84 38
84 39
84 83
84 87
84 88
84 89
84 91
84 95
86 39
86 40
86 41
86 49
87 6
87 9
87 11
87 13
88 5
88 7
88 11
88 17
88 33
88 37
88 44
88 74
88 78
89 102
89 104
89 110
89 112
92 1
92 5
93 17
94 1
94 6
94 7
96 16
96 28
96 30
96 31
96 42
96 49
96 68
96 76
96 85
96 89
96 101
96 105
96 107
97 108
97 115
97 117
97 122
98 15
98 18
99 11
99 29
99 35
99 41
99 49
99 50
99 53
99 56
99 62
99 71
99 86
99 87
99 89
99 117
99 123
99 125
102 89
102 95
102 109
102 117
103 22
103 40
103 53
103 56
103 61
103 73
103 74
104 1
104 4
104 9
104 11
105 6
105 8
105 15
105 18
105 19
105 20
105 24
105 25
105 33
105 37
106 12
106 13
106 21
106 32
106 38
106 45
106 49
107 1
107 10
108 1
108 7
108 8
110 6
110 8
110 9
110 15
110 22
110 24
110 25
110 28
113 23
113 27
113 28
113 33
113 36
113 39
113 44
113 47
113 48
113 50
113 55
113 57
113 60
113 70
113 71
113 74
113 76
113 85
113 89
113 96
113 97
113 100
113 103
113 109
113 113
113 114
113 131
113 133
113 147
113 148
113 151
114 6
114 15
114 16
114 24
114 28
114 34
114 43
114 61
114 65
114 75
114 77
114 88
114 94
114 97
114 101
114 103
114 107
114 115
114 142
117 7
117 8
117 10
117 17
117 22
117 30
117 35
117 41
117 54
117 64
117 65
117 69
117 82
117 89
117 94
117 96
117 115
117 116
117 118
117 120
117 131
117 133
117 144
117 152
117 153
117 156
117 162
117 168
117 170
117 171
117 172
117 175
117 178
117 180
117 182
117 193
117 200
117 202
117 207
117 216
117 221
118 5
118 21
118 33
118 38
118 39
118 50
119 1
119 15
119 20
119 25
119 32
119 35
119 41
119 50
119 57
119 74
119 77
119 80
119 87
119 92
119 93
119 97
120 3
120 6
120 9
120 10
120 21
120 25
120 33
120 49
120 52
120 53
120 56
120 60
121 12
121 17
121 18
121 27
121 31
121 40
121 44
122 18
122 23
122 29
122 37
122 44
122 48
122 54
122 61
122 62
122 65
122 66
122 67
122 70
122 204
122 214
122 221
122 226
122 228
122 235
122 243
122 247
122 249
122 253
122 258
122 266
122 268
122 275
122 278
122 279
123 82
124 8
125 1
125 10
125 18
125 21
125 22
125 27
125 30
125 33
125 37
125 39
125 64
125 72
125 74
125 75
125 82
125 102
125 103
125 105
125 119
125 122
125 126
125 137
125 138
125 177
