2 63
2 66
2 71
2 78
2 79
2 85
2 93
2 97
2 99
3 7
3 13
3 16
3 18
3 20
3 23
3 27
3 31
3 37
3 49
3 52
3 53
3 71
3 73
3 76
3 78
3 80
3 81
3 135
3 144
3 147
3 150
3 153
3 232
5 47
5 129
5 133
5 140
5 147
5 152
5 156
5 157
5 158
5 165
5 170
5 173
5 180
5 182
5 184
5 194
5 197
5 199
5 201
5 206
6 16
6 19
6 22
6 23
6 24
6 33
6 34
6 36
6 40
6 41
6 47
6 63
6 67
6 70
6 79
6 82
8 17
8 18
8 21
8 29
8 36
8 40
8 47
9 5
9 10
9 15
9 17
9 18
9 28
9 29
9 31
9 33
9 41
9 46
9 48
9 53
9 68
9 74
9 80
9 88
9 94
9 101
9 102
9 103
9 116
9 129
9 136
9 140
9 142
9 146
9 160
9 162
10 6
10 14
10 15
10 19
10 23
10 25
10 59
10 124
10 125
10 134
11 89
11 97
11 110
11 111
11 112
11 115
11 118
11 119
12 36
12 47
12 48
12 53
13 110
13 126
13 133
13 134
13 140
13 148
13 158
13 174
13 176
13 177
13 181
13 183
13 188
13 192
13 195
13 196
13 198
13 199
13 205
13 208
13 219
13 226
13 230
13 234
13 236
13 244
13 245
13 251
13 261
13 267
15 1
15 3
15 4
16 100
16 103
16 104
16 108
16 109
18 39
18 40
18 44
18 46
18 50
18 52
18 53
18 68
18 72
18 81
18 85
18 87
18 89
19 2
19 4
19 5
20 10
20 26
20 30
20 39
20 42
20 43
20 45
20 53
20 56
21 28
21 32
21 36
21 37
21 55
21 62
21 68
21 71
21 73
21 77
21 82
21 86
21 89
21 96
21 97
21 98
21 99
21 105
21 135
21 136
21 144
21 166
21 170
21 172
21 177
21 179
21 184
21 206
21 208
21 211
21 218
21 221
21 233
21 238
21 239
21 243
21 378
21 379
21 384
21 385
21 388
21 391
21 395
21 400
21 407
21 408
22 27
22 28
22 29
22 36
22 37
22 39
22 57
22 58
22 73
22 79
22 81
24 17
24 19
24 21
24 27
24 30
24 44
25 2
25 30
25 31
26 2
26 53
27 45
27 55
27 56
27 63
27 64
27 69
27 76
27 79
27 85
27 86
27 88
28 58
28 61
28 62
28 64
28 65
29 13
29 14
29 18
29 35
29 36
29 48
30 2
30 14
30 20
30 23
30 25
30 26
30 37
30 41
30 43
30 45
30 50
32 65
32 66
33 63
33 76
33 80
33 81
33 82
33 93
33 97
33 109
33 134
33 137
33 154
33 170
33 171
33 173
33 174
33 177
33 178
33 180
33 182
33 205
33 209
33 210
33 214
33 216
33 218
33 226
33 275
33 280
33 291
33 296
33 303
33 305
33 308
33 319
33 326
33 327
33 337
33 341
33 349
33 351
33 488
33 500
33 508
33 510
33 511
33 513
33 515
33 518
35 26
35 36
37 7
37 29
37 39
37 46
37 47
37 53
37 54
39 32
39 35
39 49
39 59
39 65
39 66
39 75
39 80
39 85
39 89
39 90
40 12
40 21
40 26
41 4
41 6
41 21
41 24
41 26
42 2
42 3
42 4
42 8
42 10
42 13
42 25
42 34
42 36
42 41
42 43
42 53
42 55
42 62
42 63
42 64
42 66
42 71
42 72
42 76
42 80
43 64
43 68
43 72
43 75
43 76
43 97
43 99
43 103
43 104
43 108
43 124
43 135
43 136
43 141
43 142
43 145
43 152
43 159
43 167
43 169
43 170
43 171
43 178
43 187
43 198
43 203
43 236
43 238
43 251
43 255
43 257
43 258
43 261
43 264
43 275
43 285
43 300
43 314
44 8
44 10
44 17
44 32
44 35
44 48
44 55
44 61
44 64
44 65
46 10
46 18
46 20
46 21
46 23
46 58
46 63
46 70
46 71
46 72
46 74
46 79
46 86
46 92
46 102
46 105
46 114
46 115
46 120
46 123
46 131
46 132
46 137
46 142
47 6
47 12
47 14
47 23
47 25
47 41
47 48
47 58
47 71
48 1
48 4
48 5
48 10
48 24
48 27
48 28
48 41
48 53
48 60
48 62
48 64
48 68
48 73
48 76
48 85
49 5
49 9
49 30
50 16
50 20
50 23
50 35
50 39
50 45
50 51
50 53
50 55
50 67
50 69
50 71
50 73
50 74
50 82
50 84
50 85
50 88
50 92
50 96
50 106
50 109
50 116
50 118
52 4
52 5
52 9
52 15
52 26
52 29
52 31
52 33
52 38
52 43
52 44
52 48
52 51
52 55
52 56
53 1
53 13
53 20
53 26
53 29
53 33
53 44
53 48
53 66
56 37
57 2
57 5
57 6
57 9
57 11
57 17
57 21
57 24
57 26
57 36
57 46
57 53
57 68
57 71
57 72
57 78
57 79
57 84
57 86
57 90
57 93
57 97
57 106
57 109
58 8
58 16
58 20
58 31
58 37
58 111
58 116
58 118
60 1
60 7
60 8
62 9
63 12
66 32
66 44
66 45
66 48
66 50
66 56
67 1
67 6
67 9
67 10
67 16
67 23
67 25
67 28
67 29
67 35
68 1
69 8
69 17
69 20
70 11
70 16
71 7
71 8
71 23
71 25
72 9
72 14
72 15
72 21
72 23
75 61
75 67
75 68
75 69
76 6
76 17
76 20
76 22
76 23
76 26
76 39
76 40
78 3
78 9
78 14
78 29
78 33
78 51
78 52
78 57
78 58
80 83
82 22
82 25
82 29
82 31
82 32
82 35
82 39
82 42
82 46
82 47
82 49
82 54
82 60
82 62
82 77
82 78
82 84
82 98
83 2
83 5
83 35
83 37
83 51
83 57
83 60
83 159
83 160
83 163
83 168
83 169
83 171
83 172
83 173
83 175
83 187
83 191
83 203
83 261
83 263
85 6
85 11
85 14
85 22
85 34
85 36
85 38
86 3
86 16
86 17
86 22
86 24
86 35
86 46
86 51
86 53
86 59
86 60
86 72
87 35
87 46
87 47
87 48
87 55
87 67
87 71
87 73
87 76
88 7
88 12
88 20
88 21
88 27
88 49
88 55
88 56
88 58
88 59
89 5
89 6
89 11
89 19
89 21
89 33
89 41
89 42
89 46
89 184
89 185
89 198
89 206
89 215
89 229
89 232
89 237
89 238
89 247
89 250
89 257
89 263
89 272
89 275
89 281
89 290
89 292
89 295
89 297
89 302
89 311
89 315
89 317
90 4
91 6
91 16
91 29
91 35
91 36
94 4
94 6
94 9
94 10
94 24
94 27
95 2
97 3
97 7
98 2
99 7
99 17
99 45
99 49
99 52
99 55
99 56
99 87
99 92
99 95
99 96
99 113
99 119
99 120
99 134
99 146
99 148
99 149
99 153
99 164
99 175
99 179
99 181
99 183
99 192
99 202
99 211
99 217
99 219
99 220
99 224
99 225
99 233
99 235
99 237
99 239
99 243
99 244
99 248
100 5
100 8
100 9
100 10
100 12
100 18
100 19
100 38
100 43
101 3
101 10
102 11
102 15
102 17
102 23
102 25
102 26
102 27
102 35
102 43
102 45
102 48
102 65
102 69
102 70
102 83
102 84
102 87
103 7
103 19
104 4
104 6
104 15
105 3
105 8
105 17
105 18
105 31
105 42
105 59
105 62
105 70
105 80
106 1
106 13
106 20
106 26
106 27
106 32
106 50
106 51
106 56
108 7
108 30
108 37
108 42
108 49
109 4
109 6
109 7
109 13
111 60
111 61
111 77
111 86
112 1
113 13
113 20
113 36
113 38
113 55
113 60
113 63
113 69
113 70
113 83
113 87
113 88
113 89
113 97
113 105
113 106
113 109
114 7
114 15
114 16
114 18
114 20
114 22
114 27
114 30
114 32
114 36
114 46
114 48
114 49
115 1
115 2
115 7
115 13
115 18
115 23
115 24
115 32
115 39
115 64
115 72
115 76
115 81
115 83
115 92
115 99
116 4
116 5
116 14
116 22
116 28
116 58
116 59
116 67
116 81
117 1
117 2
117 10
117 22
118 1
118 6
118 17
118 18
118 19
118 21
118 31
118 34
118 40
118 47
118 51
118 53
118 67
118 68
118 69
118 79
118 82
118 83
118 85
118 89
118 94
118 104
118 107
118 109
118 114
118 118
118 120
118 129
118 134
118 138
118 142
118 145
118 146
118 154
118 163
118 176
118 177
118 180
118 206
118 207
118 209
118 218
118 223
118 226
118 229
118 234
118 236
119 6
119 9
119 10
119 12
119 13
119 17
119 25
119 27
120 10
