1 2
1 21
1 29
1 30
2 9
2 11
2 14
2 15
2 17
4 2
4 12
4 28
4 33
4 36
4 37
4 48
4 72
4 76
4 80
4 88
4 89
4 110
4 113
4 116
4 135
4 141
4 144
4 146
4 160
4 165
4 169
4 176
4 178
4 199
4 206
4 216
4 231
4 232
4 241
4 244
4 247
4 249
4 256
5 3
5 6
5 8
6 8
6 12
6 15
6 22
6 23
6 25
6 32
6 41
7 7
7 13
7 17
7 24
7 25
7 27
7 37
7 38
7 44
7 47
7 49
7 52
7 57
7 68
8 85
8 88
8 96
8 99
8 109
8 110
8 111
8 112
8 123
8 126
8 128
8 130
9 3
9 8
9 9
9 15
9 19
9 22
9 33
9 42
9 44
9 48
9 49
9 66
9 79
9 85
9 89
9 95
9 103
9 118
9 123
9 141
9 142
9 146
9 150
9 160
9 169
9 175
9 182
9 189
9 191
9 198
9 200
9 201
9 209
9 213
9 218
9 219
9 225
9 250
9 258
9 263
9 278
9 279
9 282
9 288
9 289
10 1
10 114
11 10
11 11
11 27
11 31
11 37
11 39
11 48
11 53
11 55
11 60
11 72
11 84
11 85
11 91
11 93
11 95
11 99
11 112
11 113
11 116
11 119
11 121
11 133
11 134
11 136
11 148
11 151
11 158
11 159
11 160
11 172
11 174
11 175
11 177
11 180
11 182
11 184
12 87
12 96
12 97
12 107
12 108
12 216
12 220
12 227
12 233
12 242
12 260
12 262
12 266
12 268
12 271
13 30
13 42
13 43
13 53
13 76
13 82
13 88
13 89
13 94
13 98
14 4
15 2
15 12
15 16
15 22
15 23
15 27
15 28
17 76
17 77
17 80
17 83
17 97
17 108
17 117
17 119
17 122
17 126
17 130
18 129
18 144
18 155
18 160
18 166
18 175
18 190
18 209
18 233
18 235
18 237
18 256
18 264
18 271
19 36
19 38
19 39
19 42
19 56
19 58
19 59
19 62
19 112
19 113
19 115
19 125
19 126
20 10
20 38
20 43
20 45
20 52
20 60
20 68
20 70
20 77
20 79
20 82
20 83
20 84
20 88
20 89
20 93
21 1
21 2
21 8
21 16
22 2
23 8
23 12
23 16
23 19
23 20
23 24
23 25
23 26
23 27
23 32
24 3
24 7
24 12
26 51
26 57
26 64
26 69
26 71
26 72
26 75
26 76
26 79
26 80
26 83
26 88
26 92
26 104
26 109
26 129
26 138
26 148
26 157
26 166
26 172
26 173
26 218
26 221
26 222
26 232
26 234
26 239
26 258
26 268
27 75
27 100
27 102
27 104
27 106
27 111
27 116
27 121
27 122
27 123
27 126
27 145
27 160
27 172
27 175
27 188
27 193
27 195
27 196
28 5
28 17
29 14
29 16
29 17
32 7
32 11
32 15
32 25
32 27
32 30
32 32
32 40
32 61
32 63
32 113
32 114
32 115
32 118
32 125
33 29
33 32
33 85
33 103
33 117
33 127
33 135
33 137
34 11
34 16
34 17
34 149
34 155
34 163
35 15
35 21
35 29
35 30
35 32
35 38
35 41
36 1
36 4
36 11
36 13
36 27
36 28
36 32
37 3
37 11
37 17
37 33
37 36
37 44
37 46
37 50
37 57
37 65
37 66
38 23
39 9
39 11
39 24
39 27
39 34
39 36
39 38
39 40
39 42
39 47
39 57
39 64
39 79
39 89
39 92
39 94
39 95
40 43
40 44
40 132
40 141
40 142
40 156
40 158
40 159
40 160
40 162
41 4
42 5
42 12
43 10
43 11
43 19
43 21
43 23
43 24
43 25
43 27
43 28
43 31
44 5
44 10
44 11
44 14
44 22
44 24
44 29
44 31
44 33
44 43
45 33
45 35
45 38
45 46
45 47
45 48
45 52
45 56
45 58
45 63
45 67
45 69
45 76
45 81
45 84
45 98
45 102
45 112
45 114
45 117
45 129
45 131
45 139
45 210
45 214
45 221
45 231
45 241
45 242
45 244
45 255
45 257
45 267
45 344
45 347
45 348
45 351
47 1
47 9
47 15
48 7
48 8
48 11
48 16
48 26
48 27
48 35
48 50
48 53
48 59
48 60
48 62
48 63
48 65
48 72
48 73
48 204
48 213
48 216
48 219
48 245
48 247
49 6
49 10
49 11
49 14
49 16
49 30
49 31
49 35
49 38
49 42
49 45
49 57
49 69
49 74
50 24
50 29
50 38
50 58
50 62
50 70
50 75
50 82
51 8
51 10
53 14
53 15
53 24
53 30
53 31
53 37
53 44
53 45
53 46
53 51
53 54
53 55
53 59
53 60
53 61
53 62
53 83
53 86
53 94
53 107
53 110
53 114
53 115
54 8
54 10
54 12
54 17
54 19
54 21
54 26
54 62
54 81
54 82
54 87
54 89
54 90
54 91
54 94
54 100
54 106
54 107
54 109
54 120
54 123
54 129
54 140
54 143
54 147
54 159
54 163
54 166
54 173
54 176
54 179
54 187
54 189
54 192
54 194
54 197
54 203
54 209
54 211
54 271
54 273
54 275
54 278
54 283
54 285
54 286
54 289
54 298
54 302
55 25
55 33
55 39
55 51
55 52
55 53
56 11
56 29
56 37
56 38
56 52
56 59
56 66
56 71
57 3
57 6
57 9
57 10
57 11
57 16
57 21
57 24
57 28
57 33
57 34
58 2
58 3
58 12
58 15
60 9
60 21
60 32
60 43
60 58
60 195
60 198
60 200
60 216
60 223
60 225
60 226
60 228
60 242
60 247
60 248
60 254
60 273
60 279
61 1
61 7
61 8
61 10
61 13
61 25
61 27
61 29
61 34
61 37
61 49
61 53
63 51
63 53
63 54
63 55
63 59
63 76
63 96
63 100
63 106
63 115
64 1
64 9
64 12
64 17
64 48
64 52
64 58
64 61
64 65
64 82
64 85
64 92
64 97
64 99
64 100
64 104
64 111
64 115
65 5
65 10
65 19
65 25
65 26
65 32
65 39
65 51
65 65
65 69
65 75
65 78
65 81
65 83
65 88
65 91
65 92
65 93
65 99
65 102
65 104
65 105
65 120
65 121
65 130
65 136
66 1
66 3
67 10
67 16
68 4
68 8
69 9
69 13
69 24
69 33
69 41
69 47
69 51
69 52
69 58
70 4
70 6
71 2
71 7
71 13
71 24
73 69
73 70
73 77
73 78
73 83
73 84
74 2
74 7
74 9
74 14
74 15
74 17
75 1
75 2
76 1
76 12
76 22
76 32
76 34
76 47
76 59
76 61
76 64
77 2
77 8
77 10
77 12
77 17
77 20
77 21
77 37
78 29
78 44
78 46
78 55
78 58
78 66
78 71
78 79
78 87
78 88
79 3
79 8
79 9
79 12
79 14
79 21
79 29
79 30
79 31
79 35
79 41
79 42
79 48
79 52
79 55
79 64
79 157
79 159
80 93
80 100
80 107
80 123
80 128
80 129
80 132
80 139
81 5
81 8
82 7
82 16
82 20
83 1
83 13
83 22
83 24
83 32
83 38
83 39
83 55
83 76
83 92
83 112
83 113
83 126
83 129
83 132
83 134
83 138
84 2
84 6
84 7
84 23
84 24
84 27
84 32
84 38
84 40
84 49
84 58
84 60
84 63
84 67
84 70
84 78
84 94
84 99
84 105
84 129
84 130
84 131
85 76
85 96
85 98
85 100
86 1
86 3
86 9
86 17
86 21
86 27
86 31
86 36
86 40
86 42
86 49
86 78
86 88
87 2
87 22
87 24
87 27
87 32
87 35
87 36
87 122
87 125
87 128
87 132
87 134
87 135
87 140
87 143
87 144
87 149
87 150
87 162
87 179
87 180
87 186
87 190
87 191
87 209
87 215
87 222
89 30
89 35
89 46
89 47
89 48
89 52
89 57
89 58
89 64
89 70
89 71
89 74
89 84
89 93
89 95
89 96
89 99
89 112
89 131
89 180
89 189
89 190
89 193
91 2
91 5
91 16
91 22
91 23
91 29
91 35
91 37
91 43
91 47
91 128
91 141
92 9
92 19
92 33
92 40
92 54
92 61
92 68
92 75
92 92
92 99
92 101
92 102
93 61
93 76
93 79
93 86
93 89
93 94
93 95
93 98
93 103
93 117
93 123
93 125
93 135
93 140
93 153
93 157
93 159
93 209
93 210
93 227
95 1
95 8
95 10
95 15
95 17
95 23
95 38
95 43
95 46
95 50
95 52
96 3
96 16
96 18
96 24
96 30
96 39
96 41
96 43
96 44
96 55
96 59
97 4
97 6
97 13
97 32
97 35
97 37
97 54
97 57
97 71
97 77
97 87
97 90
99 30
99 43
99 47
100 7
100 54
100 55
100 56
100 59
100 142
100 149
100 150
100 161
100 175
100 177
100 186
100 191
100 192
100 193
100 197
100 201
100 202
100 210
100 222
100 225
101 2
104 10
