1 6
1 15
1 16
1 17
1 31
1 44
1 46
1 49
1 67
1 69
1 77
1 78
1 79
1 84
1 89
2 2
2 3
2 4
2 7
2 10
2 16
3 11
3 16
3 23
3 36
3 39
3 46
3 48
3 55
3 56
3 57
3 64
7 12
9 2
9 6
9 13
9 19
9 22
9 26
9 30
9 32
9 41
9 80
9 92
9 100
9 102
9 103
9 113
9 135
9 136
9 140
10 11
10 13
10 20
10 24
10 31
10 32
10 42
10 46
10 47
10 51
10 53
10 59
10 73
11 4
11 6
11 9
11 46
11 56
11 62
11 81
11 85
11 86
11 92
11 93
13 2
13 11
13 13
13 15
13 25
13 29
13 31
13 32
13 41
13 55
13 63
13 64
13 65
13 69
13 80
13 86
13 99
13 112
13 117
13 119
14 32
14 45
15 11
15 12
15 17
15 31
15 32
15 46
15 57
15 78
15 81
15 83
15 88
15 91
15 97
16 6
16 8
16 9
16 15
17 10
17 21
17 38
17 62
17 71
17 78
17 87
17 94
17 99
17 101
17 108
17 114
18 2
18 3
18 7
18 8
18 27
21 13
21 16
21 17
21 31
21 37
21 41
21 44
21 46
21 49
21 52
21 57
21 63
21 72
21 87
21 96
21 124
21 130
23 7
23 12
23 15
23 16
23 19
23 27
24 1
24 3
24 4
25 1
25 2
25 21
25 22
25 23
25 24
25 40
25 42
26 4
26 5
26 6
26 29
26 44
26 48
26 63
26 70
26 73
26 77
26 101
26 106
26 109
26 114
27 73
28 3
28 8
28 12
28 14
28 25
28 26
29 5
29 18
29 23
29 26
29 31
29 33
29 42
29 49
29 52
29 55
29 56
29 62
29 65
29 66
29 69
29 111
29 131
29 137
29 139
31 18
31 26
31 28
31 30
31 38
31 43
31 44
31 49
31 50
31 52
31 60
31 73
31 79
31 83
31 84
31 86
31 88
31 89
31 99
31 113
31 117
31 118
31 120
31 121
31 122
31 124
31 128
31 130
31 145
31 153
31 156
32 59
32 66
32 70
32 88
32 90
32 91
32 93
33 6
33 8
33 17
33 18
33 26
33 28
33 160
33 168
34 1
34 5
34 9
34 21
34 22
34 26
34 35
34 37
34 38
34 40
34 41
34 42
34 43
34 68
34 72
34 130
34 138
34 139
34 148
34 153
34 158
35 7
35 18
35 22
35 27
36 11
36 26
36 27
37 16
37 18
37 21
37 22
37 23
37 28
38 54
38 58
38 59
39 1
39 6
39 7
39 9
39 24
39 26
39 37
39 38
39 45
40 4
40 5
40 16
40 18
40 21
41 20
41 24
41 32
41 36
41 39
41 40
41 44
41 51
41 57
41 59
41 60
41 65
41 75
41 77
41 84
41 85
41 87
41 91
43 61
44 15
44 66
44 72
44 77
44 206
44 221
44 224
44 230
44 252
44 253
44 260
44 265
44 266
44 273
44 276
44 285
44 288
44 296
44 297
48 3
48 7
48 15
48 27
48 32
48 47
49 3
49 8
49 9
49 12
49 15
49 23
49 30
49 33
49 41
49 46
49 48
49 59
49 65
49 66
49 78
49 85
49 88
49 124
49 125
49 128
49 129
49 133
49 134
49 136
49 148
49 151
51 66
51 70
51 78
51 82
51 86
51 92
51 102
51 106
51 117
53 91
53 223
53 238
53 259
53 261
53 276
54 5
54 16
54 23
54 27
54 29
54 30
54 36
54 41
54 93
54 95
54 101
54 112
54 113
54 115
54 119
54 121
54 131
54 133
54 138
54 182
54 193
54 194
55 5
55 7
55 8
55 25
55 29
56 4
56 5
56 9
56 10
56 13
56 17
56 19
56 26
56 39
56 60
56 61
56 62
56 66
56 69
56 71
56 72
56 76
56 78
56 90
56 92
56 94
56 102
57 1
57 34
57 37
57 52
57 53
57 54
57 55
57 58
57 61
57 66
57 78
57 85
57 88
57 91
57 94
57 147
57 185
57 189
57 194
57 195
57 204
57 206
57 210
57 214
57 215
57 226
57 236
57 242
57 245
57 258
57 262
57 266
57 276
57 287
57 299
57 314
57 324
57 326
57 329
57 333
57 337
57 341
57 342
57 389
57 456
57 457
57 467
57 550
57 564
57 566
57 567
57 569
57 574
57 579
57 581
58 93
58 94
58 111
59 15
59 18
59 27
59 46
59 47
59 57
59 69
59 70
59 75
59 77
59 78
59 82
59 86
59 91
59 165
59 172
59 173
59 174
59 176
59 178
59 180
59 181
59 190
61 38
61 47
61 53
61 54
61 58
61 60
61 63
61 114
61 127
61 131
61 134
61 136
63 105
63 107
63 108
63 118
63 119
63 128
63 130
63 131
63 150
63 161
63 163
63 168
63 178
63 181
63 185
63 188
63 192
63 207
63 209
63 216
63 222
63 235
64 1
64 2
64 11
64 13
64 17
64 21
64 25
64 27
64 43
64 49
64 54
64 59
64 60
67 18
70 23
70 32
71 2
71 3
71 11
71 27
71 36
71 41
71 44
71 45
71 46
71 53
71 54
71 63
71 67
71 70
71 71
71 85
71 95
71 96
71 99
71 105
71 110
71 114
71 129
71 130
71 133
71 139
71 269
71 276
71 277
71 284
71 286
71 289
71 294
71 357
71 367
71 371
71 377
71 381
71 387
71 390
71 406
74 3
74 4
74 6
74 11
74 21
75 2
75 4
75 10
75 14
75 15
75 21
75 22
75 25
75 28
75 40
75 44
75 66
75 76
75 81
75 82
75 83
75 89
75 90
75 92
75 94
75 112
75 116
75 126
75 141
75 148
75 149
75 151
75 154
75 155
75 161
75 179
76 3
76 4
76 11
76 17
76 20
76 22
76 23
76 37
76 40
76 44
76 45
76 48
76 49
76 60
77 71
77 82
77 83
77 92
77 99
77 108
77 111
77 113
77 115
77 120
77 123
77 124
77 144
77 145
77 148
77 154
77 221
77 222
77 236
77 243
77 244
77 246
77 248
77 249
77 254
77 259
77 279
77 285
77 292
77 293
77 295
77 307
77 309
77 311
77 320
77 321
77 327
77 330
77 332
77 342
77 346
78 4
79 28
79 52
79 61
79 68
80 11
80 14
80 15
80 18
80 20
80 21
80 24
80 72
80 76
80 82
80 93
80 107
80 113
80 116
80 118
80 119
80 120
80 129
81 7
81 13
81 14
81 16
81 18
82 12
82 22
82 26
82 28
82 33
82 37
82 44
82 46
82 49
82 50
82 57
82 60
82 68
82 71
82 88
82 98
82 100
82 103
82 107
82 116
82 117
82 120
82 124
82 128
82 132
82 134
82 135
82 141
82 146
82 152
82 157
82 163
82 173
82 175
82 189
82 201
82 331
82 332
82 335
82 337
82 341
84 2
84 80
84 83
84 92
84 101
84 106
84 124
84 130
84 133
84 135
84 137
84 144
84 147
84 153
84 162
84 163
84 165
84 168
84 170
84 171
84 175
84 185
84 187
84 189
84 190
85 6
85 10
85 14
85 19
85 26
85 46
85 47
85 177
85 179
85 180
85 184
87 62
87 80
87 86
87 92
87 94
87 99
87 100
88 92
88 93
88 99
88 131
88 136
88 139
88 145
88 153
88 158
88 162
88 163
88 168
88 173
88 226
88 230
89 6
89 33
89 40
89 68
89 71
89 73
89 74
89 79
89 80
89 85
89 87
90 2
91 5
91 7
91 8
91 13
91 17
91 23
91 27
91 28
91 34
91 35
91 36
93 24
94 10
94 11
94 17
94 19
94 24
94 33
94 42
95 7
95 15
95 16
95 36
95 39
95 43
95 51
95 58
95 74
