1 2
1 9
1 14
1 43
1 46
1 47
1 50
1 53
1 56
1 72
1 76
1 77
1 81
1 93
2 56
2 63
2 76
2 78
2 84
2 99
2 106
2 115
2 116
2 121
2 122
2 126
2 134
2 145
2 146
2 153
2 155
2 165
2 171
2 173
2 178
2 187
2 194
2 211
2 217
2 223
2 224
2 226
2 255
2 259
2 264
2 265
2 329
2 330
2 331
2 333
2 341
2 344
2 351
2 361
2 362
2 363
2 366
2 376
2 385
5 45
5 48
5 52
5 58
5 59
5 63
5 84
5 91
5 95
5 168
5 169
5 171
5 178
5 181
5 191
5 192
6 126
6 159
6 178
6 184
6 189
6 198
6 211
6 222
6 223
6 227
6 228
6 231
6 234
6 258
6 270
7 38
8 18
8 19
9 2
9 41
9 47
9 58
9 68
9 83
9 85
10 43
10 46
10 50
10 67
10 70
10 71
10 73
10 88
10 90
10 100
10 101
10 102
10 108
10 126
10 134
10 139
10 157
10 160
10 171
10 194
10 201
10 207
10 212
10 214
10 220
10 227
10 229
11 3
11 16
12 109
12 111
12 112
12 115
13 2
13 7
13 8
13 10
13 40
13 43
13 47
13 52
14 1
14 2
14 5
14 6
14 7
14 10
14 15
14 16
14 20
14 24
14 28
14 30
14 31
14 40
14 47
14 48
14 56
14 57
14 72
14 77
14 92
14 104
14 110
14 115
14 116
14 124
14 139
14 142
15 70
15 181
15 216
15 218
15 221
15 227
15 253
15 256
15 267
15 268
15 269
15 271
15 279
16 4
16 8
16 19
16 23
16 26
16 31
16 35
16 40
16 41
16 43
16 44
16 45
16 49
16 55
19 5
19 28
19 29
19 32
19 38
19 40
19 48
19 50
19 53
19 58
19 64
19 74
19 75
19 77
19 78
19 83
19 84
19 86
19 87
19 100
19 105
19 239
19 253
19 254
19 255
19 259
19 273
19 274
19 275
19 284
19 293
19 294
19 303
19 308
19 322
19 328
19 339
19 353
19 360
19 362
21 26
21 28
21 31
21 32
21 36
21 37
21 39
21 48
21 70
21 72
22 1
22 23
22 37
24 11
24 29
24 42
24 43
24 55
25 3
26 1
26 3
26 7
26 56
26 58
26 59
26 73
26 75
26 79
26 84
26 93
26 94
26 96
26 101
27 3
27 10
27 15
27 23
27 28
29 7
29 16
29 29
29 31
29 39
29 58
29 69
29 71
29 73
29 75
29 79
30 8
31 7
31 8
31 9
31 10
31 13
31 16
31 39
31 70
31 72
31 73
31 74
31 76
31 90
32 10
32 18
32 19
32 29
32 38
32 43
33 11
33 17
33 18
33 24
33 29
33 41
33 42
33 47
33 52
33 68
33 81
33 95
33 104
33 118
33 121
33 131
33 135
33 147
33 154
33 157
33 159
33 162
33 170
33 192
33 194
33 196
34 1
34 2
34 5
34 16
34 17
34 23
34 26
34 33
34 55
34 56
34 65
34 71
34 74
34 78
34 80
34 88
34 89
36 12
36 15
36 24
36 30
36 36
36 39
36 41
36 45
36 47
36 51
37 2
37 27
37 38
37 42
37 43
37 49
37 50
39 114
39 117
39 120
39 189
40 7
40 12
40 18
40 20
40 23
40 33
40 48
40 58
40 59
40 74
40 85
40 90
41 2
41 3
41 30
41 31
41 35
41 42
41 58
41 81
41 86
41 91
41 106
44 28
44 29
44 32
44 153
44 155
44 158
44 161
44 162
44 170
44 172
44 177
44 189
44 193
44 194
44 205
45 1
47 33
47 49
47 51
47 52
47 53
47 60
47 70
47 75
48 1
48 3
48 12
48 14
48 15
49 6
49 7
49 11
49 22
49 29
49 31
50 101
50 121
50 124
50 128
50 130
50 139
50 147
50 150
50 156
50 160
50 175
50 177
50 182
50 184
51 3
52 5
53 10
53 17
54 12
54 28
54 34
54 36
54 50
54 51
54 63
54 70
54 90
54 103
54 108
54 110
54 114
54 127
54 129
54 150
54 165
54 166
54 172
54 183
54 184
55 32
55 38
55 48
57 13
57 15
57 18
57 26
57 30
57 32
57 42
58 6
58 8
58 143
58 144
58 164
58 167
58 179
58 313
58 319
58 381
58 382
58 385
58 395
58 397
58 398
58 401
58 407
58 412
58 418
58 425
58 429
58 444
59 2
59 7
59 8
59 18
59 20
59 27
59 28
59 34
59 47
60 5
60 8
60 11
61 3
61 4
61 7
61 15
61 21
61 33
61 54
61 68
61 74
61 78
61 80
62 2
62 10
62 19
62 26
62 39
62 42
63 54
63 70
64 9
64 11
64 20
64 22
64 23
64 30
64 32
64 50
64 56
64 70
64 77
64 78
65 7
65 8
65 11
65 13
65 18
65 27
65 33
65 40
65 42
65 54
65 58
65 66
65 68
65 81
65 89
65 92
65 93
65 97
65 100
65 101
65 107
65 108
65 114
67 62
67 64
67 68
67 69
67 73
67 78
67 92
67 93
67 228
67 238
67 240
67 249
67 252
67 264
67 268
67 283
67 328
67 353
67 355
67 359
67 361
67 364
67 374
67 375
68 1
68 4
68 15
68 25
68 28
68 47
68 48
68 52
68 61
68 64
69 28
69 162
69 174
69 187
69 314
69 316
69 322
69 329
69 334
69 336
69 337
70 1
70 3
70 6
70 10
70 27
70 28
70 43
70 47
70 55
70 66
70 84
70 90
70 91
70 95
70 110
70 112
70 117
70 125
72 30
72 39
72 41
72 50
72 52
72 53
72 58
72 64
72 67
72 73
72 78
72 79
72 83
72 84
72 87
72 204
72 207
72 208
72 219
72 224
72 227
72 235
72 381
72 383
72 387
72 389
72 393
72 395
72 402
72 404
72 407
72 409
73 17
73 19
73 22
73 24
73 27
73 28
74 100
74 120
74 123
74 147
74 182
74 190
74 200
75 1
75 8
75 12
76 1
76 6
76 19
76 34
76 40
76 41
76 44
76 53
76 54
76 55
76 65
76 79
76 80
76 84
76 90
76 92
76 95
76 102
76 106
76 126
77 36
77 43
77 46
77 50
77 54
77 58
77 61
77 63
77 64
78 7
78 12
78 21
78 22
78 25
78 34
78 47
78 50
78 72
78 75
78 77
78 78
78 89
78 107
82 35
82 37
82 39
82 41
82 44
82 53
82 55
82 56
82 63
82 68
82 69
82 73
82 80
82 89
83 11
83 13
83 17
84 29
84 30
84 40
84 42
84 43
84 51
84 52
84 60
84 61
84 69
84 74
84 86
85 6
85 7
88 24
88 156
88 178
88 180
88 184
88 185
88 186
88 191
88 193
88 194
88 198
88 215
88 217
91 9
91 11
91 13
91 22
91 32
91 39
91 40
91 42
91 73
91 87
91 98
91 114
91 116
91 120
91 126
91 131
91 139
91 144
91 145
91 154
91 165
91 167
91 178
91 184
91 186
91 187
91 189
91 190
91 193
91 203
91 207
91 210
91 211
91 218
93 27
93 29
93 38
93 49
93 63
94 62
