1 4
1 10
1 14
1 18
1 20
1 22
1 65
1 83
1 88
1 96
1 99
1 105
1 108
1 110
1 113
1 114
1 131
1 151
1 161
1 167
1 169
1 171
1 182
1 193
1 195
1 196
1 310
1 313
1 317
1 362
1 363
1 371
1 373
1 377
1 378
1 416
2 5
2 7
2 9
2 19
2 23
2 28
2 49
2 55
2 58
2 59
2 68
2 74
2 79
2 82
2 91
2 95
4 53
4 55
4 72
4 88
4 89
4 95
4 100
4 104
4 107
6 27
6 30
6 38
6 43
6 47
6 48
7 1
7 5
9 27
9 33
9 34
9 35
10 3
10 4
11 15
11 17
11 20
11 29
11 36
11 37
11 43
11 54
11 59
11 63
11 64
11 72
11 113
11 114
11 125
11 127
11 131
11 132
11 150
11 153
11 154
11 162
11 170
11 175
12 1
14 11
14 17
14 25
15 11
15 12
15 19
15 20
15 22
15 29
15 31
15 32
15 36
15 44
15 48
15 53
15 54
15 58
15 70
15 75
15 78
15 108
15 115
15 124
15 129
15 130
15 133
15 137
15 142
15 143
16 14
16 22
16 25
16 155
16 173
17 2
17 8
17 17
17 23
17 30
17 40
17 41
18 62
18 66
18 142
18 151
18 157
18 235
18 240
18 241
19 5
22 1
22 4
22 5
22 29
22 31
22 32
23 1
23 13
23 14
23 20
25 74
25 76
26 34
27 6
27 7
27 14
28 3
28 10
28 12
28 30
28 32
28 35
28 46
28 62
28 63
28 67
28 69
28 70
28 74
28 75
28 78
28 80
28 88
28 91
28 92
28 105
28 107
28 109
28 116
28 136
28 146
28 150
28 155
28 157
28 158
28 163
28 164
28 174
28 180
28 181
28 182
28 190
28 191
28 196
28 200
28 206
29 47
29 181
29 183
29 184
29 196
30 6
30 8
31 6
32 12
32 15
32 22
32 25
32 27
32 40
32 46
32 47
32 58
32 65
32 68
33 113
34 5
34 11
34 14
34 20
34 21
34 22
34 48
34 50
34 57
34 63
34 124
34 126
34 127
34 132
34 137
34 140
34 156
34 157
34 160
34 166
34 171
34 173
34 175
34 176
35 1
35 25
35 27
35 32
37 3
37 10
37 12
38 1
38 6
38 11
38 14
38 15
38 27
38 29
38 35
38 36
38 46
38 48
38 160
38 162
40 68
40 73
40 76
40 80
41 5
41 15
41 27
41 38
43 60
43 61
43 64
44 2
44 7
44 10
44 12
44 16
46 19
46 22
46 27
46 38
46 42
46 60
46 72
46 76
46 81
46 85
46 89
46 95
46 101
46 103
46 104
46 106
46 111
46 115
46 119
46 126
46 127
46 145
46 157
46 163
46 172
46 178
46 179
46 191
46 197
47 1
47 131
47 135
47 137
47 141
48 2
48 3
48 5
49 4
49 9
49 11
49 18
49 32
49 47
49 48
53 12
53 14
53 17
53 18
53 23
53 25
53 26
53 27
53 38
53 44
53 46
53 50
53 51
53 54
53 56
53 68
53 75
54 13
54 30
54 32
54 34
54 37
55 26
55 30
55 35
55 38
55 48
55 49
55 50
55 60
55 72
55 73
55 76
55 79
55 80
56 7
56 8
56 11
56 14
56 18
56 26
56 35
56 36
56 49
56 56
56 57
56 65
56 77
56 78
56 84
56 91
56 101
56 103
57 1
57 4
57 6
57 10
57 14
57 22
57 24
57 25
58 4
58 6
58 42
58 63
58 73
58 86
58 88
58 115
58 126
58 131
58 138
58 142
58 143
58 147
58 149
58 243
58 244
58 247
58 268
60 73
60 77
60 85
60 102
61 14
62 3
62 9
62 22
62 33
62 38
62 39
63 15
63 18
63 20
63 30
63 31
63 44
63 48
63 53
64 7
64 13
64 14
64 22
64 35
64 48
64 64
64 70
64 72
64 75
64 80
64 83
64 84
64 98
64 100
64 111
64 114
64 116
64 119
65 7
65 15
65 17
65 22
65 36
65 43
65 44
65 46
65 52
65 57
65 58
65 65
65 85
65 86
65 99
65 102
65 108
65 112
65 113
66 1
66 4
66 5
66 6
66 8
66 23
66 27
66 46
66 48
66 55
66 56
66 71
66 75
66 81
67 87
67 143
67 149
67 151
67 153
67 159
67 173
67 205
67 216
67 217
67 223
67 224
67 226
67 236
67 237
67 243
67 246
67 247
67 249
67 252
67 253
68 11
69 4
69 5
70 3
70 4
70 6
70 25
70 27
70 35
70 40
70 42
70 44
70 48
70 50
70 54
70 55
70 60
70 61
70 77
70 80
70 103
70 109
70 111
70 113
70 128
70 135
70 138
71 1
71 3
71 12
71 16
71 18
71 19
71 20
71 25
71 26
71 29
71 30
71 38
71 39
73 46
73 50
73 51
74 43
74 46
74 71
74 78
74 91
74 92
74 95
74 98
75 2
75 4
75 16
75 26
75 30
75 37
75 41
75 42
75 50
75 52
76 8
76 9
76 15
76 23
76 36
76 42
76 43
76 52
76 57
76 61
76 62
76 91
76 102
76 104
76 115
76 119
76 127
76 130
76 133
76 136
78 36
78 37
78 44
78 47
78 52
78 57
78 65
78 66
78 67
78 69
78 77
78 82
78 87
79 1
79 2
79 6
79 29
81 3
81 6
81 8
81 10
81 11
82 4
82 27
82 29
83 6
83 7
83 14
83 27
83 31
83 33
83 34
83 64
83 67
84 1
84 2
84 8
84 11
84 26
84 38
84 39
84 43
84 45
84 50
85 5
85 13
85 16
86 7
86 13
86 16
86 21
86 31
86 38
86 42
86 46
86 53
86 54
86 60
86 61
86 62
86 90
86 92
86 93
86 94
87 3
87 16
87 25
87 31
87 37
87 40
87 54
87 65
87 75
87 87
87 88
87 90
87 94
87 96
88 2
88 3
88 4
88 13
89 17
89 21
89 27
90 11
91 1
91 6
91 8
91 16
92 62
92 69
92 76
93 3
93 7
93 10
93 11
93 13
93 20
93 21
93 24
93 40
93 50
93 53
93 57
93 62
93 65
93 69
94 2
94 16
94 18
94 20
94 21
94 151
94 161
95 23
95 40
95 55
96 7
96 12
96 18
96 22
96 24
96 28
96 31
96 39
96 42
96 44
96 54
96 55
96 61
96 63
96 65
96 71
96 73
96 76
96 82
96 92
96 95
96 96
96 97
96 98
96 104
96 107
96 117
96 136
96 142
97 2
97 3
97 7
97 12
97 13
97 16
98 1
98 10
98 24
98 26
99 5
99 8
99 9
99 11
100 16
100 47
100 50
100 51
100 57
100 61
100 63
100 80
100 81
101 1
101 2
101 7
101 9
101 95
101 97
101 115
101 122
101 161
101 169
101 170
101 173
101 176
102 64
102 75
102 76
102 95
102 103
102 105
102 108
102 117
102 119
102 120
102 131
102 132
102 138
102 139
102 140
102 142
102 144
102 150
102 152
102 161
102 174
102 194
102 196
102 202
102 208
102 209
102 210
102 219
102 228
103 8
103 23
103 25
103 26
103 29
103 30
103 40
103 43
103 51
103 57
103 190
103 192
103 206
103 220
103 225
103 227
104 2
107 123
107 124
107 125
107 126
107 129
107 130
108 32
108 49
108 50
108 56
108 57
108 64
108 73
108 74
108 84
108 93
108 95
108 101
108 105
111 6
111 7
111 11
112 1
112 131
112 134
112 135
112 138
112 142
115 8
115 15
116 13
116 15
116 19
116 21
117 6
117 8
117 11
117 12
117 16
117 24
117 29
117 40
117 65
117 67
118 9
118 24
119 2
119 5
119 19
120 2
121 1
121 7
121 32
121 34
121 38
121 40
