1 3
1 4
1 8
1 25
1 26
1 33
1 39
1 41
2 5
2 15
2 25
2 30
2 35
2 37
2 38
2 39
2 46
2 47
2 49
2 50
2 54
2 63
2 84
2 97
2 101
2 105
2 108
4 70
5 6
5 10
5 12
5 18
5 20
5 22
8 46
8 47
8 49
8 59
8 62
8 87
10 91
10 96
10 97
10 109
10 114
10 119
10 121
10 129
10 130
10 134
10 147
10 158
10 162
10 170
10 172
10 179
10 182
10 186
10 188
10 192
11 131
11 138
11 141
11 146
11 148
11 161
11 164
11 185
12 9
12 10
12 16
12 22
13 4
13 12
13 27
13 30
13 32
13 35
13 39
13 49
13 52
13 84
13 87
13 113
13 114
13 137
13 144
13 149
13 153
13 154
13 156
13 160
13 169
13 192
13 196
13 197
14 5
14 6
14 10
14 27
14 31
14 33
14 40
14 45
14 46
14 50
14 61
15 94
15 96
15 103
15 114
15 119
15 120
15 121
15 123
15 129
15 131
15 137
15 138
15 145
15 148
15 149
15 154
15 159
15 160
15 167
15 170
15 171
15 181
15 183
15 185
15 191
15 195
15 213
16 29
16 32
16 37
16 39
16 55
16 61
16 63
16 65
16 74
16 78
16 87
16 88
16 92
16 99
16 102
16 108
16 129
16 211
17 4
17 6
17 20
17 26
17 35
19 1
19 25
19 30
20 1
20 2
20 3
20 6
20 8
21 42
21 48
21 61
21 78
21 85
21 86
21 87
21 97
21 98
21 112
21 113
21 122
21 123
21 128
21 133
21 144
21 145
21 164
21 168
21 170
22 13
22 30
22 36
22 38
22 41
22 43
22 45
22 46
22 48
22 51
22 56
22 64
22 121
22 126
22 127
22 136
22 144
22 157
22 158
22 165
22 168
22 175
23 106
23 113
23 115
23 124
23 129
26 73
26 74
26 87
26 89
26 95
26 98
26 100
26 103
26 109
26 117
26 118
26 119
26 123
26 126
26 129
26 131
26 132
26 135
27 2
27 15
27 39
27 42
27 63
28 2
28 5
28 19
28 36
28 37
28 39
28 48
28 51
28 55
28 59
28 70
28 76
28 94
28 98
28 101
28 107
29 1
29 7
29 69
29 82
29 84
29 97
29 98
29 99
29 104
29 105
29 107
29 112
29 119
31 11
31 19
31 22
31 23
33 1
33 4
33 6
33 10
33 33
33 44
33 52
33 124
34 1
34 3
34 7
34 11
34 17
34 32
34 35
35 16
35 22
35 52
35 53
35 59
35 62
35 74
35 83
35 84
35 108
35 115
35 124
35 137
35 142
35 143
35 169
35 175
35 177
35 185
35 186
35 194
36 6
36 15
36 38
36 47
36 55
36 57
37 3
37 18
37 20
37 21
37 24
37 27
37 29
37 30
37 33
37 37
37 41
37 45
37 47
39 4
39 8
39 15
39 21
39 25
39 46
39 50
39 64
39 69
39 78
39 86
39 88
39 97
39 102
39 110
39 115
39 118
39 120
39 135
39 140
39 152
39 157
39 164
39 169
39 170
39 174
39 176
39 182
39 184
39 187
39 188
39 190
39 194
39 196
39 203
39 208
39 210
39 215
41 11
41 19
41 25
41 31
41 44
42 6
42 12
42 14
42 28
42 30
42 83
42 95
43 79
43 88
43 95
43 102
43 134
43 137
43 138
43 141
43 143
43 144
43 157
43 180
43 185
43 186
43 187
43 189
43 190
43 191
43 203
43 205
43 209
43 210
43 211
43 217
43 227
43 235
43 237
43 238
43 243
43 244
43 258
43 263
43 265
43 267
43 268
43 272
43 276
43 279
43 284
43 286
44 6
44 14
44 19
44 25
44 26
44 29
44 44
44 48
44 50
44 136
44 137
44 139
44 141
44 142
45 30
45 31
45 35
45 37
45 38
45 44
45 49
45 51
45 57
45 61
45 63
45 73
45 80
45 88
45 94
45 96
45 99
45 104
46 14
46 20
46 24
46 25
46 33
46 47
46 50
46 167
46 171
47 7
47 11
48 3
48 4
48 12
48 14
48 19
48 20
48 23
48 24
48 25
48 26
48 38
48 39
50 32
50 39
50 50
50 74
50 75
50 81
50 86
51 1
51 3
51 7
51 11
51 31
52 1
52 11
53 41
53 45
53 47
53 51
54 2
54 9
54 13
54 16
54 18
54 19
54 21
54 26
54 28
54 29
54 33
54 44
54 48
54 49
54 56
55 9
55 13
55 20
56 1
56 11
56 22
56 24
56 141
56 149
56 153
56 155
56 169
56 174
56 176
56 180
56 199
56 228
56 229
59 47
59 49
59 74
59 76
59 79
59 85
59 88
59 101
59 112
59 113
59 119
59 120
59 133
59 134
59 136
59 142
59 143
59 148
59 151
59 156
59 157
59 158
59 167
59 168
59 170
59 181
59 201
59 265
59 272
59 282
59 286
59 288
59 335
59 340
59 352
59 358
60 1
60 6
60 9
60 10
60 19
60 23
62 117
63 8
63 9
63 29
63 46
63 51
63 52
63 54
63 58
63 60
63 64
63 71
63 76
63 77
63 78
64 19
64 41
64 46
65 65
65 75
65 76
65 80
65 83
67 4
67 8
67 18
67 26
67 29
67 91
67 107
67 109
67 125
67 131
67 134
67 135
67 146
67 147
67 156
67 160
67 174
67 178
67 185
67 189
67 190
67 200
67 204
67 208
67 214
67 215
67 217
67 221
67 226
67 232
67 238
67 242
67 244
67 250
67 258
67 259
67 268
67 284
67 285
67 287
67 290
67 294
67 295
67 296
68 1
68 6
68 23
69 1
69 10
69 11
69 12
69 22
69 31
69 38
69 40
69 45
70 12
70 15
70 25
70 27
70 31
70 34
71 8
71 16
71 18
71 25
71 26
72 27
72 31
72 33
73 5
73 11
73 12
73 15
73 23
73 29
73 33
73 47
73 58
73 91
73 98
73 106
73 114
73 120
73 122
73 140
73 144
73 146
73 149
73 158
73 162
73 163
73 171
73 174
73 181
73 188
73 190
73 193
73 194
73 197
73 201
73 204
74 7
74 9
74 17
74 23
75 6
75 33
75 46
75 48
75 53
75 56
75 62
76 2
76 3
76 21
76 34
76 40
76 43
77 7
77 13
78 7
78 18
79 1
79 4
79 8
80 7
80 10
80 15
80 17
80 19
80 20
80 24
80 25
80 31
81 18
81 22
81 25
82 6
82 10
82 15
83 105
83 106
83 115
83 120
83 126
84 2
84 4
84 100
84 103
84 105
84 109
84 111
84 112
84 121
84 122
84 124
84 128
84 136
84 149
84 152
84 167
84 189
84 205
85 9
85 12
85 23
85 30
85 37
85 39
85 42
85 45
85 47
85 48
85 51
85 55
85 60
85 61
85 67
85 74
85 89
85 91
85 93
85 96
85 101
85 102
85 107
85 108
85 113
85 117
85 120
85 127
85 132
85 133
85 137
85 142
85 158
85 163
85 166
85 167
85 172
85 177
85 180
85 182
85 186
85 194
85 198
85 200
85 201
85 209
85 215
86 38
86 46
86 49
86 50
86 51
86 61
86 63
86 64
86 67
86 69
86 74
87 27
87 31
87 36
87 44
87 48
87 55
87 57
87 59
88 4
88 6
88 11
89 1
89 2
94 15
94 18
94 20
94 23
94 36
94 51
94 58
94 61
94 64
94 72
94 85
94 96
94 97
94 102
94 103
96 11
96 12
96 18
96 36
96 41
97 4
98 12
99 6
99 9
99 14
99 18
99 19
99 26
99 33
99 82
99 83
99 98
99 99
100 2
100 11
100 13
100 14
100 21
100 23
100 26
100 37
100 42
100 47
100 80
100 86
100 99
100 102
100 112
101 3
101 13
101 23
101 24
101 29
101 32
101 35
101 39
101 51
101 62
101 64
102 4
102 7
102 11
102 16
102 17
102 20
102 21
102 28
102 29
103 38
103 39
103 50
103 54
103 58
103 61
103 79
103 82
103 83
103 213
103 215
103 226
103 229
103 234
103 246
103 248
103 249
103 258
103 259
103 262
103 264
103 273
103 280
103 281
103 286
103 290
103 292
103 295
103 298
103 306
103 309
103 318
103 320
105 1
105 4
105 20
106 97
107 2
107 6
107 15
107 16
107 17
107 19
107 25
107 36
107 38
107 39
107 40
107 65
107 72
107 82
107 83
107 89
107 99
107 101
108 14
108 18
108 30
108 33
108 38
108 43
108 47
108 49
108 55
108 59
108 65
108 71
108 74
108 86
108 90
108 91
108 98
108 104
108 114
108 121
108 127
108 128
108 136
108 141
