1 8
1 12
1 15
1 16
1 19
1 25
2 34
2 52
2 58
2 87
2 91
2 102
2 109
2 113
2 116
2 117
2 126
2 129
3 8
3 16
3 17
3 27
3 97
3 100
3 110
3 115
3 116
3 118
3 124
3 129
3 132
3 133
3 146
3 151
3 152
3 159
3 161
3 164
3 166
3 173
3 176
3 193
3 196
3 207
3 213
3 222
3 228
3 234
3 236
3 269
4 9
4 14
4 24
4 32
4 33
4 34
4 35
4 37
4 38
4 39
4 52
4 58
4 60
4 67
4 69
4 73
4 89
4 94
4 95
4 97
4 105
4 112
4 118
4 119
4 129
4 131
4 133
4 143
5 2
5 12
5 16
5 30
5 54
5 63
5 71
5 77
6 8
6 13
6 15
6 22
6 33
6 36
6 40
6 50
6 51
6 52
6 55
6 58
6 170
6 175
6 176
6 189
6 190
6 194
6 204
7 2
7 6
7 35
7 42
7 48
7 52
7 54
7 67
7 90
7 104
7 105
7 115
7 133
7 135
7 141
7 144
7 150
7 155
7 163
7 169
7 222
7 223
8 1
8 12
8 14
8 16
8 19
8 21
8 23
8 29
8 31
8 32
8 36
8 47
8 49
8 69
8 70
8 71
8 84
8 102
8 116
8 126
8 130
8 136
8 141
8 147
12 39
12 44
12 47
12 50
12 55
12 116
12 169
12 172
13 8
13 14
13 22
13 32
13 38
13 42
13 50
13 53
13 65
13 69
13 75
13 78
13 98
13 99
13 103
13 104
13 106
13 111
13 117
14 1
14 3
14 8
14 16
14 34
14 70
14 82
14 85
14 90
14 96
14 101
14 105
14 123
14 124
14 125
14 201
14 206
14 208
14 218
14 219
14 315
14 321
14 326
14 329
14 349
14 350
14 351
14 362
14 370
14 371
14 378
14 381
14 386
14 387
15 1
16 12
16 14
16 23
16 25
16 32
16 37
16 42
16 52
16 74
16 79
16 93
16 112
16 113
16 114
16 115
17 4
17 6
17 9
17 16
17 18
17 21
17 25
17 27
17 28
17 29
17 33
17 35
17 39
17 41
17 44
17 45
17 57
17 64
17 163
17 169
17 175
17 176
17 195
17 210
17 211
17 219
17 224
17 232
19 16
19 22
19 49
19 95
19 96
19 103
19 105
19 114
19 116
23 11
23 15
23 18
23 20
23 22
23 25
23 37
23 38
23 54
23 55
23 58
23 60
23 81
23 82
23 87
23 90
23 100
23 101
23 103
23 114
24 31
24 39
24 137
24 140
24 142
24 146
24 155
24 156
24 165
24 176
24 178
24 182
25 3
25 6
25 18
25 27
25 33
25 35
25 38
25 42
26 56
26 60
26 73
26 74
26 83
26 89
26 94
26 108
26 133
27 3
27 11
27 13
27 53
27 54
27 57
27 65
27 68
27 72
27 76
27 77
27 79
28 20
28 21
28 24
28 25
28 26
28 35
28 38
28 42
28 44
28 83
28 106
28 108
28 116
28 120
28 125
28 142
28 155
28 162
28 167
28 174
28 195
28 205
29 23
29 25
29 31
29 41
29 48
29 66
29 204
29 208
29 213
29 243
29 252
29 260
29 275
29 279
29 281
29 284
29 286
29 288
29 289
29 292
29 302
29 305
29 312
29 318
29 322
29 328
29 330
29 335
29 338
29 343
29 347
29 354
29 367
29 369
29 373
29 384
29 387
29 389
29 399
30 11
30 12
30 14
30 19
30 34
30 36
30 38
30 42
30 64
30 81
30 84
30 85
30 87
31 2
31 7
31 9
31 10
31 27
31 33
31 34
31 35
31 42
31 46
31 49
31 55
31 82
31 89
31 113
34 8
34 10
34 20
34 22
34 24
34 31
36 121
36 124
36 126
36 128
36 132
36 140
36 145
36 203
36 226
36 229
36 236
36 246
37 38
37 43
37 47
37 51
37 52
37 128
37 130
37 138
37 139
37 141
37 161
37 163
37 165
37 170
37 171
37 188
37 199
37 200
37 204
37 210
37 212
39 36
39 37
39 146
39 154
39 159
39 174
39 178
39 181
39 192
39 195
39 196
39 204
39 207
39 223
39 306
39 310
39 311
39 314
39 315
39 316
39 323
40 8
40 12
40 21
40 22
40 25
40 26
40 31
40 36
40 38
40 39
40 57
40 91
40 94
40 104
40 119
40 134
40 139
40 141
40 144
40 145
40 150
40 154
40 167
40 183
40 198
40 201
40 203
40 211
40 214
40 219
40 226
40 235
40 242
40 249
40 257
40 267
40 275
40 277
40 288
40 299
40 304
40 308
40 318
40 327
40 329
40 333
40 341
40 353
40 359
40 394
40 399
40 405
40 407
40 430
40 434
40 439
40 441
40 443
40 450
40 454
40 457
40 469
40 475
40 481
40 490
41 2
41 7
41 11
41 12
42 119
42 120
42 140
42 141
42 172
42 173
42 186
42 190
42 193
42 199
43 5
43 7
43 8
43 9
43 18
43 21
43 33
43 34
43 35
43 39
43 40
43 44
43 46
43 52
43 56
43 57
43 59
43 60
43 67
43 68
43 72
43 73
43 102
43 118
44 1
44 22
44 24
44 29
44 32
44 34
44 41
45 3
45 4
45 12
45 13
45 19
45 23
45 29
45 31
45 34
45 39
45 41
45 53
45 57
45 77
45 79
45 90
45 100
45 114
45 115
45 121
45 142
47 11
48 8
48 28
48 87
48 95
48 98
48 101
48 108
48 121
48 126
48 137
48 144
49 44
49 45
49 56
49 59
49 74
49 80
49 84
49 88
49 226
49 238
49 239
49 244
49 248
49 250
49 254
49 255
49 256
49 304
49 318
49 321
49 341
49 346
49 351
49 355
49 356
49 359
52 19
52 21
52 27
52 43
52 46
52 47
53 17
53 20
53 22
53 25
53 41
53 42
53 43
53 65
54 1
54 2
54 12
54 18
54 30
54 38
54 44
54 48
54 50
54 60
54 69
54 71
54 84
54 85
54 91
54 104
54 107
54 114
54 126
54 134
54 140
54 152
54 155
54 156
54 158
54 160
54 164
54 166
54 169
54 180
54 187
54 191
54 193
54 194
54 207
55 2
58 31
58 33
58 41
58 48
58 53
58 57
58 64
58 65
58 70
58 71
58 72
58 77
58 84
58 92
58 97
59 1
60 2
60 6
60 8
60 10
60 11
60 14
60 16
60 21
60 22
60 24
60 38
60 44
60 48
60 50
60 56
60 64
60 68
60 69
60 74
60 86
60 94
61 14
61 16
61 20
61 26
61 27
62 43
62 47
66 45
66 46
66 48
66 52
66 56
66 57
66 65
66 66
66 67
66 71
66 74
66 79
66 86
66 103
67 1
67 10
67 12
67 15
67 20
67 29
67 35
67 36
67 40
67 41
67 48
67 50
67 52
68 2
68 134
68 138
68 139
68 141
68 158
68 171
68 186
68 189
68 190
68 202
68 204
68 208
68 209
68 210
69 2
69 14
69 23
69 28
69 35
69 36
69 40
69 45
69 49
69 51
69 60
69 65
69 70
69 73
70 3
70 16
70 31
70 32
70 38
70 41
70 42
70 43
72 55
72 56
72 58
72 62
72 67
72 83
72 87
72 94
72 95
72 100
72 105
72 107
72 109
72 110
72 114
72 122
72 128
72 132
72 138
72 157
72 163
73 7
73 13
74 2
74 7
74 12
74 18
74 21
74 26
74 31
74 33
76 2
76 6
76 7
76 12
77 1
77 2
77 7
77 9
77 20
77 24
77 29
77 33
78 42
78 47
78 63
78 66
78 68
78 69
78 80
78 224
78 225
78 229
78 233
78 234
78 241
79 2
79 6
79 9
79 12
79 13
79 21
79 22
79 24
79 25
79 29
79 33
80 1
80 11
80 17
80 23
80 38
80 40
80 44
80 55
80 56
80 57
81 5
81 8
81 14
81 17
81 25
81 26
81 30
84 23
84 31
84 40
84 41
84 45
84 70
84 71
84 78
84 89
85 28
85 30
85 38
85 53
85 62
86 6
86 7
86 8
88 1
88 29
89 3
89 25
89 30
89 36
89 44
90 2
90 3
90 11
90 13
90 17
90 19
90 30
90 41
91 9
