1 1
1 5
2 2
2 3
2 5
3 4
3 10
3 17
3 18
3 19
3 20
3 21
3 25
3 26
3 27
3 34
3 40
3 54
3 55
3 58
3 65
3 75
3 76
3 218
3 224
3 228
4 45
4 48
5 63
5 66
5 77
5 80
5 90
5 102
5 120
6 2
7 21
7 25
7 27
7 53
7 58
7 60
7 62
7 76
8 1
8 4
8 9
9 2
9 4
9 5
9 14
9 18
9 40
9 44
9 45
9 47
9 48
9 56
9 61
9 62
9 65
9 69
9 70
9 73
9 74
9 77
9 78
9 79
9 88
9 92
9 121
9 124
9 135
9 136
9 137
9 138
9 148
9 163
9 165
9 168
9 182
10 4
10 21
10 34
10 40
11 5
11 22
11 28
11 34
11 41
11 47
11 53
11 54
11 55
12 9
12 15
12 17
12 34
12 35
12 48
12 49
12 51
12 56
12 62
12 68
12 69
12 77
12 82
12 84
12 86
12 93
12 95
12 105
13 1
13 8
13 13
14 2
14 14
14 16
14 17
14 21
15 11
15 14
17 12
17 110
17 111
17 121
17 124
17 160
17 161
17 164
17 182
17 189
17 193
17 194
17 201
18 2
18 6
18 7
18 8
18 9
18 19
18 22
18 28
18 50
18 51
18 59
20 30
20 36
20 38
21 1
21 7
21 8
21 9
21 29
21 30
21 31
21 39
21 45
21 49
21 52
21 66
21 72
21 73
21 75
21 78
21 101
21 105
21 112
21 113
21 117
21 121
21 124
21 126
21 135
21 137
21 146
21 156
21 159
21 163
21 171
21 172
22 2
22 5
23 7
23 11
23 15
23 16
23 18
23 26
23 35
23 37
23 38
23 39
23 41
23 51
23 52
23 58
23 67
23 70
24 5
24 7
24 13
24 22
24 31
24 36
24 37
24 38
24 167
24 179
24 181
24 190
24 206
25 4
25 6
26 7
26 9
26 16
26 17
26 19
26 22
26 25
26 29
26 55
26 67
26 70
26 84
26 86
26 87
26 88
26 95
26 97
26 100
26 106
26 110
26 130
26 133
26 136
26 139
26 142
26 150
26 152
27 5
27 12
27 15
27 16
27 19
27 29
27 33
27 42
27 43
27 60
27 78
27 80
28 28
28 31
28 35
28 38
28 39
28 43
28 44
28 50
28 58
28 63
28 71
28 97
29 39
29 42
29 44
29 51
29 58
29 62
29 67
29 73
29 79
29 80
29 84
29 86
29 100
29 115
29 120
29 130
29 132
29 134
29 136
29 141
29 150
29 153
29 165
29 171
29 179
29 189
29 206
29 219
31 35
32 6
32 9
32 11
33 103
33 105
33 107
33 108
33 111
33 112
34 11
34 34
34 36
34 38
34 46
34 56
34 58
34 61
34 63
34 74
34 77
34 80
34 83
34 93
34 96
34 102
34 125
34 167
34 177
34 178
34 218
34 229
34 232
34 244
34 253
34 255
34 256
34 258
34 278
34 279
34 285
34 288
34 291
34 295
35 12
35 13
35 19
35 22
35 28
36 16
36 20
36 21
36 26
36 28
36 32
36 33
36 38
36 55
36 123
36 132
36 140
36 144
36 146
36 149
36 151
36 156
36 159
37 3
37 10
37 19
37 28
37 29
37 34
37 38
37 67
37 69
37 76
37 81
37 82
37 89
37 95
37 98
37 99
37 100
37 108
37 110
38 2
38 16
38 31
38 44
38 48
38 53
38 54
38 55
38 60
38 61
38 63
38 80
39 3
39 13
39 16
39 32
39 33
39 50
39 54
39 55
39 74
39 80
39 91
39 92
39 98
39 103
39 105
39 108
39 109
39 111
39 112
39 115
39 117
39 118
39 121
39 126
39 127
39 132
39 135
39 138
39 163
39 167
39 171
40 8
41 4
41 11
41 18
41 27
41 28
41 30
41 36
41 37
42 2
42 5
42 12
42 14
42 23
42 26
42 31
43 2
43 29
43 35
43 39
43 42
45 10
45 13
45 14
45 17
45 21
45 23
45 25
45 37
45 53
45 55
45 57
45 61
45 64
45 66
45 73
45 78
45 80
45 83
45 87
45 94
45 96
45 104
45 115
45 121
45 123
45 126
45 127
45 134
45 145
45 152
45 165
45 168
45 175
45 176
45 200
45 201
45 204
45 208
45 210
45 235
45 238
45 245
45 264
45 271
45 288
45 300
45 301
45 306
45 313
45 322
45 324
45 325
45 332
47 2
47 31
47 32
48 6
48 14
48 32
48 42
48 52
48 54
48 59
48 65
48 67
48 73
48 75
48 76
48 78
48 86
48 95
49 4
49 18
49 21
49 22
49 78
49 84
49 88
49 98
49 99
49 101
49 110
49 111
49 120
49 122
49 123
49 128
49 134
49 136
49 137
49 138
49 142
49 156
49 157
49 159
49 177
49 188
49 189
49 197
49 201
49 204
49 206
49 212
49 216
49 221
49 222
49 223
49 225
50 9
50 19
50 41
50 47
50 52
50 56
51 2
51 7
51 12
51 18
51 20
51 23
51 24
51 30
51 32
51 33
51 172
51 176
51 198
51 202
51 207
51 214
51 217
51 362
51 372
51 379
51 384
52 1
52 17
52 24
52 25
53 8
53 9
53 10
53 18
53 21
53 22
53 23
53 36
53 37
53 45
54 5
54 8
54 10
54 81
55 19
55 23
55 29
55 31
55 35
55 39
55 58
55 78
55 87
55 105
55 106
55 109
55 113
55 128
56 5
56 6
56 14
56 16
56 17
56 20
56 28
56 34
56 35
56 36
56 43
58 108
58 124
58 133
58 139
58 146
58 149
58 150
58 162
58 163
58 170
58 178
58 186
59 1
59 4
59 16
59 17
59 21
59 28
59 30
59 33
59 35
59 38
59 65
59 69
60 1
60 12
60 22
60 24
60 29
60 31
60 44
60 47
60 50
60 69
61 65
61 66
61 79
61 91
61 96
61 99
61 100
61 103
61 104
61 110
62 2
63 2
63 19
63 27
63 30
63 33
64 2
64 9
64 20
64 23
64 26
64 30
64 34
64 35
65 61
65 76
65 77
65 86
65 87
65 89
65 91
65 105
67 43
68 9
68 24
68 27
68 49
68 50
68 53
68 64
68 66
68 68
68 69
68 71
69 3
69 10
69 19
69 24
70 2
70 21
70 24
70 35
70 39
70 40
71 3
71 4
71 19
71 21
71 22
71 31
71 35
71 44
71 59
71 74
71 85
71 222
71 229
71 231
71 234
71 240
72 5
72 9
72 11
72 14
72 17
72 18
72 23
73 11
73 14
73 18
73 20
73 21
73 23
73 26
73 107
73 138
73 139
73 141
73 142
73 143
73 154
73 158
73 168
73 179
73 184
74 9
74 12
74 13
74 51
75 1
75 6
75 8
75 15
75 27
75 113
75 127
75 148
75 151
75 154
75 155
75 248
75 250
76 46
76 49
76 50
76 55
76 61
76 69
76 70
76 72
76 80
76 82
77 1
77 11
77 12
78 7
78 17
78 21
78 28
78 34
78 39
78 72
78 77
78 80
78 94
78 95
78 101
78 105
78 106
78 112
78 116
78 118
78 130
78 132
78 136
78 165
78 166
78 177
78 181
78 187
78 192
78 195
78 197
78 200
78 207
79 20
79 21
79 45
79 46
79 47
79 53
79 64
79 71
79 77
79 84
79 85
79 91
79 95
79 102
79 106
79 108
79 110
79 115
79 127
79 129
79 164
79 167
79 187
79 188
79 200
79 208
79 209
79 233
79 246
79 248
79 249
79 269
79 274
79 277
79 294
80 3
80 15
80 24
80 37
80 38
80 39
80 49
80 52
80 60
80 62
80 68
81 17
82 2
82 3
82 6
83 3
83 6
83 130
83 138
83 140
83 143
83 147
83 159
83 160
83 166
83 169
83 171
83 175
83 187
83 197
83 199
83 203
83 207
83 208
83 210
84 30
84 32
84 33
84 37
84 38
84 41
84 51
84 54
84 61
84 116
84 119
84 122
84 253
84 255
84 258
84 260
84 262
84 263
85 20
85 24
85 29
85 30
85 34
85 40
85 42
85 43
85 53
85 58
85 64
85 69
85 80
85 81
85 87
85 89
85 95
85 98
85 108
85 109
85 110
85 112
85 114
85 121
85 124
85 129
86 5
86 14
86 15
86 16
86 19
87 1
88 10
88 11
88 14
88 16
88 21
88 29
88 32
88 34
88 40
88 58
88 62
88 66
88 76
88 132
88 137
89 1
89 5
89 6
89 13
89 22
89 27
89 28
89 36
89 41
89 51
89 53
89 73
89 77
89 96
89 111
90 5
93 23
93 24
93 26
93 27
94 9
94 17
94 27
98 17
98 18
98 23
98 166
98 168
98 174
98 175
98 183
98 184
98 199
