1 14
1 17
1 43
3 34
3 35
3 36
3 40
3 119
3 131
3 138
3 140
3 145
3 146
3 147
3 156
3 160
3 163
3 164
5 5
5 10
5 14
5 21
5 23
5 36
5 49
5 52
6 2
6 3
6 11
6 116
6 119
6 120
6 122
6 139
6 145
6 146
6 151
6 157
6 163
6 168
6 184
6 189
6 190
6 192
6 194
6 200
6 202
6 204
6 206
6 210
6 220
6 221
6 252
6 254
6 259
6 262
7 6
7 12
7 13
7 16
7 19
7 22
7 81
7 84
7 87
7 88
7 89
7 91
7 95
8 1
8 12
8 19
8 24
8 26
8 29
8 30
8 33
8 41
8 63
8 65
8 71
9 62
9 65
9 66
9 68
9 80
9 84
9 97
9 102
9 107
10 22
10 28
10 48
10 56
10 194
10 197
10 202
10 213
11 6
11 8
11 10
11 12
11 16
11 18
11 33
11 35
15 107
15 111
15 115
16 106
16 109
16 112
17 23
17 24
17 27
17 31
17 33
17 50
17 51
17 54
17 67
17 68
17 204
17 273
17 275
17 277
17 288
17 294
17 295
17 299
17 313
17 315
17 318
17 321
17 327
17 328
17 334
17 343
22 2
22 4
22 6
22 135
22 139
22 146
22 156
22 190
23 66
23 81
23 82
23 83
23 96
23 98
23 103
23 109
24 14
24 35
24 37
24 50
24 51
24 54
24 59
24 62
24 65
24 66
24 70
24 77
24 81
24 83
24 85
24 87
24 88
24 91
24 93
24 98
24 118
24 122
24 124
24 132
24 134
24 149
24 157
24 159
24 160
24 165
24 166
24 168
30 66
30 71
31 4
31 6
31 8
31 20
31 22
31 35
31 42
31 43
31 46
31 47
31 111
31 114
31 120
32 2
32 4
32 5
32 26
32 36
32 39
32 53
32 55
32 63
32 67
32 82
32 85
32 87
32 95
32 117
32 124
32 130
32 131
32 137
32 147
32 149
32 151
33 6
33 10
33 11
33 84
33 91
36 43
36 48
36 49
36 50
36 60
36 62
36 65
36 67
36 68
36 71
36 74
36 78
36 80
36 84
36 203
36 220
36 222
36 227
36 243
36 247
36 251
36 254
36 272
36 275
36 278
36 291
36 302
36 311
36 314
36 319
36 322
36 324
36 325
37 3
37 14
37 26
38 4
38 15
39 6
40 11
40 17
40 20
40 25
40 31
40 32
40 35
40 37
40 40
40 42
40 51
40 62
41 1
41 3
41 4
41 7
41 10
42 5
42 16
42 17
42 19
42 25
42 41
42 48
42 49
42 60
42 63
43 19
43 22
43 26
43 30
43 31
43 32
43 33
43 35
43 36
43 42
44 6
44 9
44 12
44 66
44 73
44 76
44 86
44 89
44 93
44 95
45 21
45 25
46 5
46 14
46 29
46 30
46 36
46 37
46 43
46 51
46 52
46 53
46 56
46 59
46 73
46 74
46 77
46 86
46 90
46 95
46 100
46 105
47 106
47 111
47 113
47 115
47 120
47 121
47 131
47 132
47 135
47 139
47 140
47 141
47 144
47 147
47 148
47 149
47 158
47 175
47 176
47 206
48 2
48 6
48 10
48 14
48 31
49 4
49 22
49 25
49 27
49 33
49 34
49 37
49 42
49 43
49 46
49 49
49 58
49 61
49 63
49 64
49 69
49 74
49 76
50 21
50 32
50 36
50 38
50 39
50 41
50 56
50 57
50 84
51 11
51 12
51 18
51 20
51 22
51 29
51 33
53 4
53 10
53 13
53 17
53 22
53 24
53 30
53 39
53 49
54 14
54 19
54 22
54 39
54 54
55 1
55 56
55 58
55 63
55 65
55 66
55 73
55 76
55 78
56 2
56 5
56 34
56 35
56 40
56 51
57 1
57 4
57 14
57 15
57 16
57 18
57 19
57 21
57 24
57 33
57 34
58 1
59 2
59 10
59 18
59 26
60 1
60 8
60 18
60 21
60 22
61 2
61 11
61 17
63 26
64 1
64 5
64 22
64 23
64 30
64 35
64 45
64 48
64 68
64 70
64 73
64 77
64 84
64 99
65 8
66 7
66 11
66 13
66 14
66 24
66 26
66 28
66 122
66 126
66 131
66 134
66 135
66 140
66 153
66 155
66 156
66 171
66 174
66 202
66 208
66 212
66 214
66 223
66 242
66 244
66 248
66 249
66 250
67 25
67 26
67 32
67 34
67 49
67 52
67 54
67 56
67 76
67 77
67 81
67 82
67 84
67 86
67 92
67 97
67 101
67 110
67 113
68 4
68 6
68 7
68 12
68 19
69 6
69 7
69 8
69 13
70 4
70 12
70 14
70 15
70 23
70 29
70 30
70 31
70 45
70 48
70 99
70 101
70 102
70 109
70 110
70 113
70 126
70 149
70 162
70 163
70 165
70 166
70 169
70 170
70 174
70 178
70 182
70 183
70 184
70 192
70 196
70 197
70 199
70 201
70 212
70 218
70 229
70 237
70 257
70 271
70 283
70 289
70 295
71 3
71 7
71 15
71 21
71 30
71 32
71 43
72 1
72 4
72 12
72 16
72 19
72 23
72 24
72 25
72 30
72 31
72 34
72 35
72 46
72 52
72 59
72 63
72 83
72 92
72 93
72 96
72 99
72 102
72 103
72 105
72 108
72 111
72 113
72 117
72 119
72 123
72 129
72 133
72 134
72 141
72 146
72 173
72 177
72 186
72 205
72 209
72 275
72 279
72 294
72 297
72 298
72 407
72 411
72 420
72 430
72 435
72 437
72 440
73 5
73 18
75 48
75 49
76 28
76 31
76 32
76 36
76 37
76 39
76 42
76 45
76 59
76 64
76 75
76 91
76 92
76 94
76 100
76 101
76 112
77 3
77 8
77 12
77 153
77 154
77 155
77 160
77 163
77 165
77 168
77 180
77 187
78 12
78 23
78 37
79 84
79 86
79 89
79 90
79 94
79 108
79 112
79 116
79 123
79 131
79 132
79 133
80 4
80 10
80 13
80 16
80 25
80 70
81 16
81 30
81 33
81 37
81 38
81 49
81 51
81 66
81 76
82 2
82 14
82 21
82 22
82 24
82 28
82 42
82 48
82 53
82 63
82 65
82 86
82 87
82 92
83 126
83 267
83 286
83 296
83 302
84 5
84 10
85 7
85 15
85 16
85 23
85 26
85 29
85 36
85 38
85 52
85 53
85 55
85 67
86 2
86 14
87 2
87 3
87 4
88 1
88 7
88 9
88 28
88 29
88 31
88 45
88 49
88 52
88 53
88 55
88 60
89 26
89 38
90 7
91 5
91 8
91 19
92 3
92 6
92 10
92 12
92 13
92 17
92 22
94 20
94 32
94 35
94 40
94 63
94 68
94 88
94 94
94 97
94 99
94 244
94 251
94 260
94 262
94 263
94 276
94 280
94 287
94 295
94 301
95 9
95 13
95 18
95 27
95 29
95 37
95 67
96 57
96 58
96 74
96 80
96 88
96 92
96 104
96 109
96 110
96 115
96 116
96 124
96 131
96 150
96 166
96 169
97 3
97 4
97 8
97 18
98 8
98 45
98 48
98 49
98 53
98 57
98 59
98 64
98 66
98 165
98 169
98 170
98 171
98 172
98 181
99 14
101 13
102 9
102 11
102 18
102 19
102 23
102 30
102 38
102 45
102 152
102 153
102 161
102 162
102 166
103 2
103 7
103 9
103 11
103 14
103 15
103 18
103 23
103 27
103 28
104 4
105 6
105 8
105 138
105 141
105 146
105 150
105 152
105 175
105 176
105 181
105 187
105 192
105 197
105 199
105 200
105 214
105 223
105 227
105 228
107 70
107 81
107 87
107 89
107 94
107 105
107 108
107 111
107 116
107 123
107 126
107 127
108 10
108 18
108 26
108 27
108 28
108 36
108 55
108 60
108 65
110 71
111 70
111 72
