1 7
1 9
2 3
2 9
2 18
2 20
2 31
2 33
2 34
2 37
2 41
2 57
2 58
2 65
6 20
6 38
7 7
7 28
7 29
7 36
7 38
7 39
7 46
7 50
7 54
7 56
7 60
7 81
7 93
10 30
10 31
10 33
10 37
10 40
10 44
10 47
10 54
10 58
10 64
10 65
10 72
10 94
10 96
10 103
10 106
10 117
10 118
10 121
10 130
10 134
10 136
10 144
10 145
10 146
10 192
10 193
10 208
10 210
10 215
10 232
11 2
11 7
11 9
11 10
11 12
11 15
11 17
11 22
11 36
11 41
11 62
11 70
12 1
12 4
12 5
12 9
12 12
12 18
12 27
13 15
13 21
13 22
13 58
13 60
13 63
13 66
13 67
13 72
13 78
13 83
13 90
13 107
13 108
13 109
14 5
14 9
14 11
14 21
14 23
14 27
14 43
14 45
14 51
14 56
14 62
14 65
14 94
14 105
14 112
14 117
14 119
14 121
14 124
14 125
14 127
14 186
14 200
15 46
15 51
15 69
15 73
15 74
15 89
15 92
15 100
15 103
15 105
15 118
15 131
15 135
15 138
15 144
15 158
15 164
15 173
15 177
15 178
16 1
16 5
22 6
22 23
22 35
22 119
22 133
22 150
22 152
22 183
22 190
22 194
22 201
22 207
22 210
22 214
22 218
22 224
23 14
23 27
23 29
23 33
23 37
23 46
23 52
23 55
23 56
23 57
23 68
23 69
23 73
23 74
23 82
23 84
23 102
23 115
23 117
23 131
23 135
24 4
24 10
24 22
25 10
25 14
25 15
25 17
25 18
25 27
25 29
25 36
26 45
26 48
26 49
27 4
27 8
27 10
27 11
27 24
27 25
27 36
27 38
27 39
27 41
27 51
27 73
27 91
27 98
27 107
27 117
27 118
28 6
28 7
28 8
28 14
28 23
28 34
28 35
29 3
29 19
29 23
29 30
29 39
31 34
31 41
31 44
31 48
31 57
31 58
34 38
34 42
34 105
34 107
34 119
34 133
34 153
34 159
34 173
34 174
34 176
34 179
34 186
34 200
34 201
34 202
34 206
34 207
35 17
35 20
35 21
35 22
35 30
35 38
35 39
35 41
35 42
35 43
35 45
35 47
35 50
35 53
35 55
35 59
35 61
35 62
35 65
35 73
35 83
35 108
35 129
35 134
35 135
35 139
35 143
35 145
35 158
35 169
35 174
35 177
35 178
35 183
35 185
35 188
35 190
35 204
35 211
35 213
35 220
35 232
35 244
35 256
35 269
35 271
36 2
36 13
36 25
37 15
37 79
37 87
37 99
37 115
37 126
37 129
37 135
37 142
37 147
37 152
37 162
37 168
37 169
37 173
37 179
37 180
37 181
37 187
38 11
38 19
38 20
38 26
38 34
38 35
38 55
39 54
39 71
40 92
40 97
40 100
40 107
40 111
40 114
40 120
40 124
40 126
40 127
40 130
40 134
40 138
41 10
41 22
42 2
42 7
43 1
43 7
43 8
43 30
43 36
43 39
43 44
43 51
43 52
43 57
43 58
44 2
44 7
44 8
44 9
44 22
44 29
44 33
44 34
44 69
44 72
44 78
44 79
44 83
44 86
44 87
44 89
44 222
44 225
44 229
44 242
44 243
44 248
44 251
45 1
45 8
45 9
45 16
45 23
45 32
45 38
45 43
45 48
45 61
45 62
45 69
45 70
45 74
45 81
45 82
45 85
45 94
45 102
45 104
45 106
45 110
45 111
45 119
45 124
46 9
46 16
47 5
48 119
48 125
48 130
48 136
48 155
48 160
48 161
48 164
48 188
48 206
48 214
48 215
48 218
49 4
49 10
49 12
49 14
49 15
49 17
49 22
49 29
49 32
49 46
49 48
49 60
49 65
49 70
49 72
49 77
49 78
49 80
49 81
50 2
50 3
50 7
50 22
50 28
50 29
50 40
50 46
51 51
52 4
52 5
52 6
53 40
54 116
54 119
54 134
54 135
54 144
54 158
54 165
54 166
54 177
54 179
54 213
54 338
54 344
55 4
56 1
56 8
56 14
56 23
56 35
56 36
56 38
56 42
56 48
56 53
56 58
56 59
56 64
56 65
56 68
56 90
56 98
56 103
57 4
57 6
57 10
57 11
60 8
60 19
60 20
60 22
60 23
60 51
60 55
60 66
60 88
60 90
60 92
60 93
60 97
60 114
60 118
60 119
60 124
60 125
60 133
60 135
60 146
60 149
60 193
60 197
60 199
60 202
60 214
60 218
60 220
60 221
60 225
60 228
60 230
60 239
60 246
60 248
60 249
60 250
60 257
60 262
60 264
60 268
60 275
60 276
60 280
60 282
60 294
60 297
60 299
60 304
60 306
60 314
60 318
60 320
60 334
60 339
60 342
60 371
60 375
60 378
60 381
60 391
61 1
61 6
61 7
61 9
61 23
61 30
61 36
61 38
61 40
61 44
62 1
62 4
62 8
62 10
62 13
62 26
62 30
62 41
62 43
62 47
62 58
62 60
62 63
62 68
62 72
62 73
62 74
62 77
62 78
62 79
62 84
62 88
62 90
62 91
62 96
62 99
63 3
63 16
63 18
63 35
63 37
63 38
64 1
64 2
64 5
64 6
64 15
64 20
64 41
65 9
65 15
65 16
65 19
65 26
65 81
65 87
65 88
65 91
65 94
65 101
65 105
65 106
65 114
65 115
65 117
65 118
65 121
65 124
65 126
65 136
65 141
65 158
65 212
65 216
65 231
65 235
65 251
65 253
65 257
65 284
65 286
65 290
65 298
65 299
65 300
65 302
65 303
65 305
66 1
66 4
66 7
66 38
66 46
66 50
66 55
66 65
66 66
68 26
68 27
68 28
68 29
68 39
68 57
68 60
68 64
68 71
68 72
68 81
68 82
68 85
68 250
68 255
68 257
68 265
68 269
68 272
70 2
70 7
70 8
70 10
70 14
70 17
70 33
70 36
70 42
70 57
70 62
71 2
71 4
71 5
71 13
71 14
71 17
71 21
71 24
71 28
71 30
71 37
71 42
71 46
71 111
72 4
72 9
72 17
72 23
72 26
72 35
72 36
72 51
72 65
72 70
72 75
72 89
72 91
72 94
72 95
72 98
72 99
72 100
72 102
72 103
73 2
73 7
73 10
73 12
73 15
73 20
73 24
73 35
73 37
73 38
73 39
73 41
73 53
73 63
73 88
73 101
73 107
73 118
73 122
74 1
74 3
74 6
74 7
74 10
74 19
74 21
74 23
74 29
74 147
74 148
74 152
74 154
74 157
74 159
74 168
74 172
74 174
74 176
74 181
74 196
74 197
74 199
74 202
74 204
74 209
74 217
74 239
74 240
74 249
74 250
74 252
74 254
74 255
74 258
74 265
74 290
74 292
74 305
74 306
74 307
74 309
74 314
74 321
74 328
74 330
75 22
75 24
75 25
75 26
75 28
75 32
75 34
75 36
75 39
75 45
76 4
76 12
79 7
79 13
79 15
79 20
79 23
79 25
79 26
79 30
79 31
79 33
79 52
79 53
79 57
79 59
79 141
79 143
79 147
79 158
79 165
79 169
80 4
80 7
80 131
80 138
80 139
80 145
80 148
80 153
80 154
85 21
85 22
85 27
86 2
86 7
87 2
87 7
88 11
88 12
88 19
89 6
89 7
90 5
90 15
90 17
90 27
90 32
90 63
90 64
91 68
91 77
91 92
91 93
91 100
91 101
91 104
91 108
91 119
91 122
91 123
91 124
91 127
91 133
91 139
91 140
91 143
91 145
91 148
91 151
91 155
91 157
91 159
93 44
93 49
93 51
93 56
93 80
93 94
93 95
93 97
93 106
93 108
93 116
93 123
93 129
93 135
93 141
93 159
95 27
95 29
95 32
95 34
95 39
97 2
97 3
97 16
97 20
97 25
97 29
97 35
98 1
98 2
98 16
98 18
98 37
98 38
98 39
98 52
98 55
98 57
98 69
102 37
102 39
102 55
102 71
102 72
102 75
102 79
103 2
103 9
103 10
103 14
103 18
104 1
104 2
104 5
104 11
104 18
104 39
104 47
104 49
104 50
104 54
104 62
104 69
104 71
104 72
104 84
104 91
104 96
104 97
104 106
104 116
105 6
105 10
105 18
105 23
105 25
105 26
105 31
105 45
105 49
105 50
105 53
105 56
105 80
105 81
105 86
105 87
105 92
105 98
105 140
105 142
105 144
105 150
105 156
105 159
105 160
106 4
106 33
106 35
106 37
107 4
107 13
107 21
107 24
108 1
108 3
108 8
108 18
108 20
108 21
108 42
108 45
108 56
108 57
108 64
108 81
108 90
108 101
108 109
108 114
108 115
108 119
108 123
108 124
108 131
108 132
108 143
108 158
108 159
108 160
108 165
108 167
108 171
108 174
108 178
