1 1
1 14
1 49
1 52
2 2
2 3
2 17
2 19
2 20
2 26
6 15
6 18
6 19
6 25
6 33
6 42
6 47
6 51
6 52
6 68
6 72
6 80
6 83
6 129
6 134
6 135
8 89
8 91
8 101
9 11
9 14
9 15
10 1
10 9
10 15
10 17
10 24
10 29
10 49
10 51
10 52
10 54
10 55
10 60
10 63
10 71
10 83
10 96
10 99
10 104
10 107
10 117
10 119
10 136
10 141
10 145
10 160
10 162
11 2
11 4
11 8
11 11
11 13
11 29
11 30
11 37
11 44
11 49
13 98
13 101
13 113
13 121
13 123
17 20
17 25
17 26
17 48
17 54
17 57
17 58
17 63
17 77
17 78
17 80
17 98
18 12
18 15
18 25
18 30
18 33
19 6
19 12
19 14
19 23
19 26
19 27
19 28
19 32
19 34
19 38
19 46
19 175
19 178
19 206
19 212
19 234
19 236
19 237
19 242
19 244
19 248
19 249
19 252
19 254
19 255
19 257
19 260
19 265
19 276
19 278
19 316
19 319
19 321
19 323
20 1
20 3
20 7
20 8
20 9
20 14
20 20
20 21
20 27
20 42
20 56
20 70
20 85
20 87
20 88
20 91
20 94
20 108
21 98
21 101
21 104
21 105
21 108
21 115
21 116
21 121
21 122
21 124
21 128
21 130
21 137
21 143
21 146
21 150
21 154
22 18
22 20
22 30
22 33
22 39
22 46
22 52
22 54
22 58
22 68
22 72
24 24
27 16
27 17
27 20
27 25
27 28
27 30
27 33
27 81
27 86
27 88
27 98
27 104
27 106
27 107
27 122
27 127
27 130
27 131
27 132
27 172
27 175
27 182
27 187
27 191
27 195
27 204
27 207
28 10
28 18
28 23
28 30
28 33
28 35
30 56
30 59
30 66
30 67
30 68
30 80
30 83
30 84
30 87
30 92
30 97
30 101
30 116
30 121
30 124
30 132
30 134
30 136
30 141
31 2
31 3
31 11
31 30
31 41
31 56
31 131
31 132
32 1
32 8
32 9
32 26
32 36
32 40
32 42
32 51
32 58
32 188
32 201
32 207
32 210
32 213
32 216
32 221
32 226
32 230
32 237
32 238
32 246
32 247
32 254
32 261
32 264
32 265
32 269
32 400
32 402
34 3
34 6
34 7
34 11
34 21
37 100
37 101
37 106
38 4
38 16
38 20
38 25
38 28
38 39
38 44
38 45
38 53
38 55
38 57
38 58
38 79
38 89
38 122
38 125
38 129
38 131
38 133
38 141
38 145
40 4
40 17
40 28
40 32
40 34
40 44
40 47
40 51
40 55
40 59
40 66
40 69
40 73
40 78
40 79
40 80
40 91
40 94
40 107
40 112
40 113
40 115
40 143
40 148
40 155
40 156
40 161
40 176
40 181
41 1
41 17
41 25
41 28
41 31
41 76
41 83
41 86
41 91
41 93
41 97
42 8
42 13
42 43
42 46
42 51
42 63
42 69
42 72
42 81
42 86
42 97
42 106
42 137
42 144
42 146
42 148
42 149
42 152
42 158
42 160
42 165
42 166
42 175
42 180
42 182
42 186
42 190
42 201
43 2
43 18
43 25
43 28
43 30
43 36
43 37
43 38
43 42
43 61
43 69
43 85
43 88
43 91
43 96
44 2
44 8
45 47
45 55
45 60
45 62
45 69
45 71
45 75
45 78
45 86
45 92
45 98
46 5
46 11
46 12
46 20
46 21
46 25
46 29
46 34
46 35
46 42
46 47
46 50
46 51
47 3
47 4
47 12
47 20
47 24
47 25
47 28
47 31
47 37
47 39
47 41
47 45
47 47
47 50
47 77
47 79
47 83
49 28
49 30
50 128
53 16
53 25
53 28
53 34
53 37
53 40
53 60
53 68
53 69
53 76
53 77
53 78
53 90
54 3
54 5
54 10
54 12
54 13
54 21
54 24
54 52
54 53
54 55
54 57
55 6
55 8
55 20
55 23
55 30
55 39
55 40
55 51
55 66
55 69
55 92
55 97
55 98
55 107
55 117
55 123
55 124
56 4
56 5
56 8
56 9
56 26
56 33
56 39
56 49
56 50
56 53
56 57
56 60
56 63
56 71
56 75
56 76
56 81
56 82
56 88
56 89
56 105
57 29
57 31
57 36
57 40
58 1
58 2
58 9
58 10
58 19
59 12
59 19
59 21
59 31
60 5
60 6
60 8
60 14
60 15
60 19
60 20
60 38
60 39
60 57
61 23
61 28
61 30
61 31
61 34
61 38
61 39
61 45
61 46
61 48
61 49
61 56
61 148
61 149
61 153
61 167
61 168
61 169
61 177
61 186
61 188
61 189
61 193
61 199
61 202
61 207
61 211
61 222
61 232
61 244
61 256
61 257
61 261
61 264
62 15
62 23
62 28
63 4
63 11
63 23
63 27
63 47
63 48
63 49
63 54
63 57
63 70
63 74
63 85
63 93
63 152
63 166
63 170
63 171
63 186
64 5
64 13
65 7
65 8
66 3
66 7
66 19
66 22
67 14
67 20
67 21
67 24
67 26
67 27
67 31
67 41
67 50
67 53
67 57
67 68
67 72
68 84
68 90
68 102
68 104
68 110
68 118
68 120
68 121
68 138
68 139
68 143
68 152
68 154
68 164
68 166
68 172
68 176
68 178
68 188
68 197
68 199
68 201
68 204
68 207
68 213
68 230
68 234
68 236
68 257
68 262
69 94
69 96
69 98
69 100
69 101
69 106
69 108
69 110
69 116
69 117
69 122
73 24
73 26
73 30
73 34
73 40
73 41
73 42
74 4
74 5
74 15
74 20
74 25
74 32
74 39
74 40
74 43
74 48
74 62
75 16
75 18
75 21
75 37
77 20
77 55
77 58
79 87
79 89
79 92
79 95
79 101
79 111
79 116
79 117
79 124
79 127
79 130
79 137
80 5
80 11
80 16
81 5
81 10
81 11
81 20
81 29
81 37
81 53
81 125
81 150
81 153
81 155
81 163
81 166
81 169
82 2
82 8
82 11
82 18
82 19
82 23
82 82
82 91
82 109
82 111
82 113
82 121
82 122
82 129
82 131
82 137
82 140
82 142
82 143
82 145
82 146
82 154
82 159
82 160
83 3
83 13
84 8
84 11
84 12
84 21
84 29
85 3
85 5
85 14
85 17
85 53
85 66
85 77
85 79
85 84
85 87
85 90
85 95
85 102
85 104
85 106
87 9
87 22
87 31
90 7
90 8
90 68
90 73
90 83
90 91
90 97
90 108
90 112
90 113
90 116
90 122
90 124
90 125
90 128
90 136
90 145
90 146
90 148
90 156
90 158
90 161
90 163
90 164
90 170
90 190
90 191
90 195
91 5
92 31
92 34
92 39
92 56
92 62
92 65
92 82
92 86
92 88
92 93
92 102
92 104
92 112
92 113
92 115
92 116
94 101
94 108
94 113
94 118
94 128
94 136
94 142
94 148
94 152
94 153
95 20
95 24
95 27
95 33
95 37
96 10
96 12
96 15
96 19
96 48
96 52
96 53
96 55
96 57
97 1
97 13
97 158
98 67
98 81
98 84
98 99
98 103
98 107
98 108
98 119
98 120
98 126
98 135
98 137
98 140
98 142
98 144
98 146
99 55
99 62
99 64
99 65
99 67
99 74
99 78
99 79
99 82
99 90
99 91
99 112
99 122
99 123
99 124
99 130
99 144
99 149
99 209
99 213
100 9
100 10
100 13
100 16
100 24
100 26
100 28
101 1
101 11
101 27
101 28
101 33
101 35
101 39
101 48
101 51
101 58
101 69
101 74
101 76
101 79
101 86
101 91
101 93
102 6
103 1
103 10
103 16
103 18
103 19
103 21
103 23
103 26
103 27
103 34
103 35
103 36
103 50
103 53
103 63
103 65
103 70
103 75
103 77
103 89
103 95
103 96
103 104
103 108
103 109
103 132
103 140
104 2
104 3
104 5
104 6
104 22
104 30
104 33
104 41
104 44
104 48
104 51
105 21
105 56
106 7
106 8
106 11
106 21
106 22
106 31
106 33
106 37
106 43
106 45
106 52
106 68
106 74
106 80
106 91
106 94
106 96
106 99
106 110
107 8
107 105
107 111
107 125
107 133
107 135
107 136
108 9
108 15
108 19
108 21
108 22
108 25
108 30
108 31
108 34
108 42
108 100
108 110
108 131
108 134
108 143
108 145
108 148
108 153
108 154
108 156
108 163
108 169
108 175
108 182
108 186
108 196
108 202
108 204
108 206
108 218
108 236
108 239
108 242
108 258
108 264
108 270
108 279
108 282
109 2
109 8
109 12
109 18
109 19
109 25
109 30
109 34
