1 3
1 9
1 11
1 15
1 22
1 25
1 27
1 34
1 37
1 45
1 51
1 55
1 59
1 67
1 68
1 69
1 74
1 206
1 210
1 216
1 232
1 246
1 250
1 259
2 1
3 3
3 8
3 19
3 27
4 51
4 54
4 57
4 64
4 65
4 78
4 79
4 85
4 89
5 4
5 8
5 12
5 19
5 21
5 24
5 27
5 31
5 49
5 55
5 58
5 59
5 64
5 66
5 67
5 71
5 73
6 23
6 32
6 37
6 41
6 44
6 46
6 52
6 53
7 21
7 26
7 30
7 35
7 44
7 60
7 65
7 97
7 99
7 106
7 110
7 122
7 123
7 124
7 127
7 130
7 134
7 136
7 138
7 143
7 148
7 150
7 156
8 7
8 16
8 21
8 27
9 7
9 10
9 12
9 143
10 1
10 8
10 9
10 12
10 18
10 44
10 50
10 51
10 58
10 65
10 68
10 71
10 72
10 74
10 77
10 80
10 83
10 88
10 92
10 95
10 102
10 108
10 110
10 134
10 154
10 156
10 157
10 159
10 160
10 170
10 186
10 194
11 114
11 116
11 125
11 132
11 133
11 136
11 137
11 139
11 148
12 7
12 8
12 9
12 23
12 25
12 26
12 42
12 44
12 45
14 23
14 32
14 34
14 38
14 167
15 77
15 92
15 95
15 102
15 114
15 117
16 1
17 1
17 8
17 14
17 17
17 18
17 31
17 34
18 1
18 2
18 8
18 12
18 29
18 32
19 13
19 19
19 20
19 22
19 23
21 13
21 20
21 21
21 29
21 34
21 37
21 40
22 2
22 4
22 21
22 33
22 38
22 43
22 47
22 48
22 60
22 65
22 74
22 80
22 93
22 94
22 103
22 105
24 5
24 17
24 20
24 22
24 23
24 35
24 43
24 45
24 48
24 52
24 60
24 61
24 63
24 64
24 66
24 68
25 16
25 20
25 22
25 69
25 99
25 103
25 239
25 241
25 244
25 247
25 248
25 251
25 271
25 276
25 286
25 290
25 291
25 294
25 305
25 311
25 313
25 314
25 354
25 361
25 367
25 368
25 371
25 378
25 381
25 383
25 388
25 398
25 399
26 1
26 4
26 10
26 12
27 6
27 7
27 57
27 59
27 71
27 82
27 86
27 89
27 95
27 116
27 117
27 118
28 4
29 36
29 41
29 45
29 54
29 58
29 59
29 62
30 1
30 13
30 20
30 24
31 10
31 12
31 15
31 28
31 31
31 39
31 43
31 46
31 55
31 156
31 165
31 166
31 168
32 19
32 21
32 26
32 28
32 29
32 34
32 37
32 41
32 47
32 60
32 69
32 70
32 74
32 75
33 4
33 7
33 18
33 21
33 36
33 37
33 40
33 54
33 55
33 67
33 80
33 83
33 91
33 92
34 53
34 63
34 65
34 67
34 68
34 74
35 1
35 18
35 21
35 27
35 34
35 35
35 37
35 43
35 47
39 48
39 51
39 55
39 66
39 71
39 106
39 110
39 140
39 143
39 145
39 151
39 160
39 166
39 186
39 188
39 199
42 1
42 2
42 11
42 31
42 34
43 9
43 18
43 20
43 29
43 34
43 36
43 46
43 60
43 63
43 77
44 6
44 7
44 9
44 19
44 20
44 24
44 35
45 1
45 8
46 3
46 5
46 31
46 37
47 2
47 4
47 10
47 20
47 22
47 28
47 31
48 9
48 11
48 19
48 20
48 33
48 42
48 47
48 56
48 57
48 61
48 68
48 73
48 90
48 96
48 103
48 109
48 117
48 256
48 257
48 259
48 347
48 351
49 8
49 13
52 27
52 29
52 37
52 38
52 56
52 58
52 71
52 72
52 73
52 79
52 81
52 92
52 94
52 101
53 1
53 9
53 28
53 35
53 40
53 43
54 51
54 60
54 62
54 67
54 75
54 82
54 84
56 30
56 32
56 33
56 34
57 2
57 9
57 16
57 17
57 18
57 29
57 34
57 48
57 55
57 58
57 61
57 69
57 72
57 79
59 20
59 25
59 44
59 47
59 53
59 58
59 79
59 86
59 87
59 96
59 101
59 102
59 114
59 115
59 116
59 141
59 142
59 147
59 153
59 167
59 177
59 182
59 185
59 196
59 207
59 211
59 212
59 229
59 236
59 240
59 241
59 249
59 264
59 268
59 270
59 281
59 282
59 293
59 302
59 304
60 7
60 8
60 9
60 11
60 12
61 11
61 17
61 20
61 31
61 37
61 47
61 53
61 61
61 67
61 71
61 73
61 75
61 76
61 77
61 80
61 83
61 89
61 92
62 17
62 25
62 27
62 32
62 37
62 38
62 43
62 47
62 57
62 69
62 72
63 2
64 5
64 7
64 15
64 19
64 23
64 26
64 29
64 31
64 45
64 51
64 73
64 79
64 90
64 98
64 99
64 104
66 39
66 41
66 42
66 47
66 58
67 7
67 12
67 15
68 1
68 7
68 17
68 18
68 24
68 31
68 36
68 41
68 51
71 17
71 24
71 28
71 30
71 34
71 38
71 43
71 47
71 49
71 60
71 64
71 68
71 72
71 139
71 140
71 148
71 165
71 169
71 173
73 8
73 9
73 18
73 26
73 39
73 41
73 52
73 53
73 63
73 77
73 88
76 70
76 79
76 88
76 91
76 94
76 95
76 98
78 30
78 34
78 35
78 43
79 3
79 5
79 16
79 22
79 25
79 26
79 28
79 29
79 30
79 41
79 50
79 51
79 58
79 59
79 66
79 80
79 85
80 1
80 7
80 10
80 12
80 35
80 45
81 6
81 10
81 12
81 16
81 27
81 37
81 41
81 58
81 59
82 7
82 8
82 13
83 7
83 10
83 15
83 20
83 21
83 26
83 30
83 33
83 41
83 46
83 52
84 6
84 9
84 10
84 14
84 81
84 86
84 89
84 90
84 91
84 103
84 108
84 110
84 111
84 113
84 117
84 120
84 123
86 75
86 77
86 78
86 84
88 18
88 133
88 147
88 150
88 151
88 155
88 159
88 172
88 174
88 180
88 187
88 197
88 200
89 3
90 1
90 2
90 13
90 14
90 16
90 28
90 29
90 30
91 1
91 2
91 3
91 6
91 9
91 16
91 27
91 33
91 36
91 43
91 51
91 74
91 79
91 86
91 89
91 98
91 105
92 1
92 9
92 11
92 37
92 43
92 45
92 47
92 53
92 67
92 68
92 73
92 75
92 84
92 87
92 89
93 32
93 35
95 38
96 3
96 4
96 6
96 8
96 11
96 18
96 27
96 41
96 42
96 52
96 56
96 60
96 66
97 8
97 9
97 13
97 30
97 36
97 43
97 55
97 66
97 74
97 231
98 129
98 133
98 139
98 141
98 149
99 8
99 18
99 25
99 29
99 36
99 48
99 58
99 73
99 74
99 80
99 85
99 88
100 14
100 18
100 20
100 21
100 26
100 27
100 34
100 53
100 70
100 73
100 78
100 88
100 91
100 93
100 95
100 96
101 8
101 24
101 25
101 29
101 30
101 38
101 45
101 48
101 51
101 56
101 62
101 78
102 5
102 26
102 31
102 40
102 45
102 60
102 61
102 66
102 76
102 86
102 94
102 97
102 118
102 124
102 140
102 144
102 156
102 182
102 193
102 196
102 197
102 213
102 221
102 226
102 232
102 248
102 250
102 253
102 254
103 5
103 7
104 61
104 64
104 66
104 71
104 78
105 1
105 3
105 7
106 5
106 13
106 14
106 16
106 18
106 25
107 5
107 19
107 25
107 28
107 38
107 41
107 50
107 53
107 61
107 64
107 68
107 80
107 88
107 89
107 90
108 1
108 10
108 15
108 19
108 37
108 57
108 59
108 61
108 62
108 65
108 66
108 68
108 69
108 72
108 84
108 86
108 89
108 93
108 94
108 100
108 105
108 109
108 114
108 118
108 121
108 132
108 141
108 143
108 150
108 151
108 153
108 172
108 174
108 177
108 179
108 182
108 183
108 193
108 198
108 201
108 206
