1 1
1 5
1 7
1 8
1 17
1 24
1 29
1 30
1 36
1 42
1 43
1 59
1 60
1 71
1 80
1 82
1 84
1 89
1 92
1 96
1 98
1 99
1 115
1 117
1 121
1 125
1 131
1 132
1 141
1 151
1 154
3 49
3 60
3 67
3 68
3 70
3 80
3 94
3 95
3 98
3 99
3 104
3 119
3 122
3 123
3 125
3 126
3 130
3 133
5 4
5 6
5 11
5 13
5 14
5 17
5 19
5 21
5 22
5 34
5 36
5 46
5 54
5 56
5 70
5 71
5 75
5 76
5 79
5 80
5 88
5 91
5 96
5 105
5 116
5 127
5 144
5 147
5 153
5 157
5 165
5 167
5 171
5 196
5 207
5 213
5 218
5 219
5 226
5 230
5 238
5 254
5 262
5 265
5 271
6 61
6 62
6 64
6 66
6 70
6 71
6 74
6 87
6 89
6 91
6 93
6 103
6 109
6 113
6 117
6 130
6 134
6 139
6 146
6 147
6 149
6 154
6 156
6 162
8 55
8 62
9 19
9 20
9 31
9 33
9 42
9 60
9 64
9 68
9 73
9 76
9 77
9 86
9 102
9 104
9 110
9 133
9 134
9 145
9 158
9 159
9 165
9 169
9 174
9 183
9 194
10 49
10 107
10 116
10 137
10 138
10 141
11 18
11 27
11 34
11 36
11 44
11 52
11 56
11 61
11 62
11 67
12 20
12 22
12 39
12 40
12 48
12 138
12 140
12 150
13 2
14 8
14 12
14 19
14 24
14 29
14 34
14 39
17 54
17 61
17 76
17 95
17 96
17 98
17 100
17 101
17 108
18 3
18 9
18 12
18 14
18 20
19 17
19 18
19 23
19 31
20 1
20 17
20 18
20 20
20 22
20 30
20 31
20 36
20 44
20 49
20 63
20 64
20 82
20 86
20 98
20 100
20 102
20 106
20 108
20 111
20 112
22 1
22 10
22 12
22 16
22 18
22 19
22 23
22 26
22 27
22 29
22 30
22 36
23 1
23 3
23 7
23 8
23 15
23 17
23 18
23 24
23 29
23 35
23 36
23 46
23 50
23 57
23 62
23 76
23 78
23 80
23 82
23 88
24 2
24 8
25 7
25 8
25 19
25 20
25 30
25 47
25 57
26 10
26 14
28 107
28 123
28 124
28 128
28 188
28 191
28 201
28 220
28 221
28 228
28 292
28 297
28 306
28 311
28 320
28 326
28 327
28 331
29 4
30 1
30 17
31 1
31 4
31 9
31 79
31 81
31 85
31 100
31 102
32 115
32 119
32 123
32 125
32 145
32 189
32 196
32 202
33 37
33 38
33 43
33 59
33 60
33 64
34 5
35 2
35 14
35 16
36 12
36 16
36 17
36 28
36 31
36 32
36 39
36 43
36 46
36 47
36 51
36 55
36 59
36 60
36 63
36 64
38 38
39 40
39 46
39 62
39 63
39 70
39 72
39 73
39 74
39 79
40 97
40 99
40 101
40 105
40 109
40 234
40 237
40 243
40 244
40 246
40 248
40 252
40 262
40 266
40 268
40 275
40 283
40 290
40 292
40 293
42 37
42 39
42 43
42 45
42 51
42 64
43 3
43 5
43 15
43 22
43 23
43 26
44 6
44 12
45 15
45 21
45 26
46 15
46 16
46 19
46 22
47 2
47 3
47 5
47 10
47 12
47 15
47 42
47 45
48 1
48 3
48 8
48 28
48 30
49 3
49 5
49 6
49 22
49 32
49 44
49 47
49 49
49 51
49 57
49 59
49 60
49 68
50 1
50 3
50 10
50 12
50 14
50 30
50 31
50 34
50 41
51 1
51 3
51 4
51 7
51 8
51 9
51 20
51 35
51 36
51 37
51 40
51 54
51 70
51 71
51 74
51 76
51 79
52 40
52 43
52 54
52 82
52 83
52 88
52 99
52 101
55 32
56 3
56 12
56 17
56 21
56 25
56 28
56 37
56 41
56 46
56 49
56 59
56 82
56 134
56 143
56 151
56 166
56 172
56 183
61 1
61 7
61 23
61 25
61 33
61 39
61 40
61 51
61 54
61 59
62 2
62 3
63 11
64 8
64 13
64 14
64 24
64 27
64 30
64 40
64 44
65 108
65 110
65 114
65 135
65 136
65 144
66 2
67 2
68 4
68 8
68 16
68 39
68 48
68 53
68 59
68 63
68 68
69 13
69 15
69 17
69 20
69 23
69 24
69 32
69 48
69 55
69 58
69 63
69 65
69 68
69 69
69 72
69 76
69 82
69 83
70 4
71 8
71 20
71 25
71 32
71 35
71 37
71 40
71 54
71 58
71 61
71 68
72 13
72 35
72 37
72 39
72 48
72 58
73 74
73 81
73 92
73 97
73 108
73 136
73 137
73 139
73 149
73 150
73 157
74 6
74 9
74 12
75 111
76 10
76 21
76 46
76 71
76 74
76 77
76 85
76 90
76 100
76 102
76 104
76 106
76 113
76 117
76 118
76 128
76 130
76 139
77 7
77 11
77 22
77 23
77 26
77 159
77 160
77 164
77 172
77 187
77 197
77 199
77 201
77 207
77 209
77 210
77 219
77 223
77 227
77 232
77 235
77 237
77 245
78 1
79 5
79 6
79 9
79 13
79 14
79 15
79 29
79 31
79 32
79 34
79 36
79 42
79 44
79 48
79 52
79 53
79 61
80 1
81 9
81 10
81 12
81 15
81 19
81 39
81 40
81 41
82 6
82 7
82 14
82 19
82 53
82 69
82 74
82 77
82 78
82 79
82 80
82 84
82 89
82 173
83 15
83 16
83 23
83 24
83 29
83 38
83 40
83 43
83 54
83 59
83 63
83 69
83 74
83 83
83 84
83 96
83 97
83 100
83 110
84 3
86 27
86 28
86 29
86 35
87 34
87 38
88 15
88 20
88 22
88 27
88 28
89 7
91 4
91 11
91 17
91 18
91 30
91 36
91 37
91 50
91 51
91 69
91 71
91 76
91 77
91 90
91 98
91 99
91 100
91 109
91 114
91 118
91 121
91 123
91 124
92 48
92 51
92 57
92 91
92 99
92 111
93 2
93 5
93 18
93 19
93 28
93 47
93 63
93 67
93 75
93 84
93 105
93 111
93 115
93 118
93 125
93 127
93 131
93 138
93 143
93 155
93 160
93 163
94 10
94 13
94 18
94 22
95 2
95 6
95 11
95 12
95 14
95 15
95 19
95 26
96 1
96 4
96 7
96 15
96 18
98 2
98 9
98 16
98 17
98 38
98 44
98 48
98 49
98 51
98 53
98 60
98 65
98 71
98 72
99 14
99 24
99 27
99 28
99 44
99 64
99 66
99 75
99 89
99 92
99 94
99 102
99 104
99 116
99 145
99 173
99 177
99 180
99 187
99 194
102 58
102 60
102 65
102 76
102 77
102 80
102 81
102 83
102 88
102 92
102 95
102 101
102 103
102 119
102 249
102 250
102 252
102 271
102 279
102 280
102 336
102 338
102 341
102 343
102 344
102 345
102 348
102 352
102 397
102 401
102 425
102 440
102 447
102 448
102 451
102 462
102 464
102 471
102 472
102 487
102 491
102 497
102 499
102 501
104 6
104 7
104 16
104 20
104 23
104 26
104 51
104 56
104 58
104 63
104 66
104 71
104 72
104 74
104 90
104 96
105 6
105 13
105 18
105 28
105 29
106 47
107 38
107 40
107 42
107 48
107 50
107 56
108 1
108 19
108 20
108 21
108 23
108 44
108 46
108 48
108 58
108 60
108 63
108 70
108 73
108 83
109 8
109 17
110 6
110 7
110 9
110 12
110 14
110 16
110 39
111 1
111 2
111 3
111 9
111 22
112 57
112 63
112 68
112 74
112 78
112 93
112 99
112 112
112 125
112 130
112 144
112 151
112 153
113 6
