1 18
1 20
1 21
1 22
1 25
1 29
1 38
1 39
1 41
1 44
1 55
1 61
3 43
3 48
3 49
3 53
3 55
3 76
3 80
3 83
3 90
3 91
3 94
3 97
3 106
3 107
3 108
3 114
3 117
3 118
3 119
3 130
4 4
4 12
4 13
4 17
4 18
4 19
4 24
4 79
4 80
4 84
5 62
5 63
5 76
6 5
6 28
6 39
6 50
6 53
6 55
6 73
6 75
6 79
6 81
6 82
6 87
6 103
6 108
6 110
6 112
6 118
6 120
7 38
7 46
7 47
7 48
7 51
7 54
7 60
7 61
7 78
7 79
7 87
7 92
7 99
7 104
7 107
7 111
7 119
7 123
7 126
7 127
7 131
7 136
7 138
7 143
7 146
7 157
7 160
7 184
7 195
7 204
7 207
7 233
8 3
8 16
8 19
8 20
8 23
8 24
8 40
8 41
8 44
9 2
9 10
9 23
9 25
9 32
9 43
9 53
9 63
10 20
10 29
10 34
10 42
10 46
10 53
10 55
10 56
10 58
10 65
10 73
10 74
10 93
11 3
12 4
12 58
12 64
12 69
12 71
12 74
12 75
13 125
13 136
13 189
13 197
13 207
13 211
13 213
13 216
13 220
13 223
13 229
13 236
14 5
14 10
14 15
14 16
14 19
14 23
14 30
14 32
14 41
14 45
14 46
14 49
14 57
14 65
14 68
14 74
15 20
15 21
15 24
16 1
16 5
16 7
16 9
16 24
16 29
17 13
17 14
17 37
17 40
17 41
20 61
22 3
22 13
22 15
24 9
24 25
24 30
24 34
24 41
24 45
24 52
24 86
24 88
24 92
24 93
24 96
24 102
25 17
25 18
25 20
25 22
25 24
25 26
25 27
26 3
26 4
26 14
26 18
26 21
26 32
26 34
26 39
26 47
26 50
26 60
26 61
26 65
26 70
26 72
27 3
27 7
27 23
27 24
28 36
28 42
28 50
30 13
30 22
30 28
30 29
30 31
30 38
30 42
30 57
30 60
30 64
30 73
31 7
33 7
33 10
33 12
33 18
34 2
34 5
34 8
35 5
35 11
35 13
35 15
35 30
35 34
35 50
35 51
35 62
36 3
36 7
36 9
36 21
36 22
38 103
38 104
38 109
38 110
38 111
38 113
38 115
38 144
38 145
38 148
38 149
38 152
38 155
38 156
38 164
38 166
38 171
38 178
38 187
38 189
38 190
38 198
38 202
38 204
42 34
42 45
42 46
42 47
42 53
42 56
42 57
42 63
42 68
42 74
42 83
42 89
42 91
42 97
42 98
42 115
42 118
43 5
43 18
43 21
43 26
43 33
43 46
43 48
43 51
43 57
43 64
43 70
43 74
43 79
43 88
43 91
43 96
43 99
43 116
43 119
43 122
43 124
43 142
43 143
43 144
43 150
43 157
43 161
43 169
43 170
43 172
43 178
43 205
43 218
46 5
46 13
46 20
46 26
46 27
46 28
46 33
46 95
46 102
46 111
46 114
46 115
46 120
46 122
46 149
46 151
46 153
46 160
46 164
46 171
46 174
46 177
46 188
46 195
46 199
46 215
46 216
46 222
48 19
48 23
48 31
48 34
48 41
48 42
52 12
52 22
53 1
53 2
53 4
53 6
53 7
54 1
54 3
54 4
54 5
54 24
54 25
54 31
54 46
54 47
54 49
54 56
54 65
55 1
55 9
55 10
55 15
55 17
55 18
56 12
56 28
56 29
57 93
57 96
57 97
57 114
57 117
57 118
57 128
57 130
57 133
57 134
57 136
57 148
57 151
58 3
58 5
58 17
58 19
58 27
58 29
58 30
58 37
58 39
58 51
58 62
58 63
58 66
58 69
58 78
58 86
58 93
58 96
58 104
59 2
59 9
59 15
59 17
59 19
59 21
59 86
59 93
59 101
59 113
59 131
59 141
59 147
59 155
59 158
59 167
59 169
59 180
59 185
59 201
59 205
59 208
59 210
59 220
59 223
59 227
60 1
60 6
60 21
60 25
60 32
60 34
60 35
60 40
60 42
60 48
60 68
61 4
61 9
61 10
61 12
61 13
61 15
61 25
61 26
61 28
61 30
61 33
61 34
61 35
62 1
62 30
62 32
62 37
62 57
62 62
62 64
62 65
62 70
62 72
62 75
62 81
62 96
62 105
62 109
62 110
62 112
62 117
62 123
62 133
62 136
62 148
62 150
62 153
62 154
62 157
63 19
63 31
63 32
63 33
63 36
63 40
63 48
63 54
63 55
63 59
63 61
63 62
63 64
63 65
63 72
63 75
64 3
65 5
65 13
65 14
65 16
65 21
65 26
65 29
65 41
65 57
65 60
65 63
66 9
66 18
66 20
66 22
66 31
67 14
67 15
67 20
67 41
67 70
68 21
68 43
68 44
68 53
68 61
69 4
69 5
69 9
69 15
69 28
69 30
70 29
70 32
70 40
70 47
70 48
70 52
70 53
70 55
70 68
70 76
71 5
71 6
71 13
71 14
71 15
71 18
71 24
71 32
71 35
71 37
72 2
72 6
72 9
72 58
72 61
72 65
72 76
72 82
72 92
73 29
77 42
79 3
79 16
79 47
79 52
79 55
79 71
79 77
79 83
79 104
79 105
79 108
79 111
79 126
79 131
79 134
79 141
79 147
79 149
79 150
79 167
79 171
79 174
79 175
79 178
79 181
79 188
79 190
79 191
79 199
80 1
80 5
80 8
80 20
80 36
80 39
80 43
80 48
80 53
80 60
80 62
81 16
81 34
81 35
82 134
82 140
82 159
82 164
82 165
82 170
82 171
82 179
82 180
82 224
82 227
82 236
82 238
82 241
82 245
82 257
82 265
82 270
82 275
83 26
83 32
83 35
83 48
83 49
83 62
83 65
83 67
83 68
83 70
83 75
83 84
83 85
83 87
83 89
83 100
83 101
83 112
84 5
85 24
85 27
85 33
85 35
87 9
87 14
87 16
87 35
87 40
87 44
87 48
87 49
87 54
87 68
87 74
87 84
87 99
87 110
87 112
87 113
87 117
87 121
87 134
87 138
87 140
87 141
87 143
87 162
87 163
87 171
88 2
88 21
88 26
88 29
88 40
88 41
88 42
88 47
88 55
88 60
88 72
88 90
88 94
88 99
88 109
88 118
88 123
88 124
88 128
88 131
88 135
88 142
88 146
88 152
88 155
89 3
89 28
90 11
90 42
90 44
90 48
90 49
90 51
92 4
92 9
94 1
94 5
94 13
94 24
94 26
94 42
94 43
94 47
94 49
94 57
94 60
94 64
94 70
94 81
94 87
94 101
94 107
94 112
94 114
94 115
94 125
94 166
94 168
94 169
94 172
94 180
94 181
95 26
95 27
95 29
95 32
95 50
95 52
95 56
95 58
95 68
95 75
95 84
95 91
95 102
95 106
95 111
95 112
95 125
95 129
95 133
95 145
95 154
95 157
95 165
95 170
95 173
95 178
95 180
95 181
95 186
95 189
96 1
96 8
96 10
96 11
97 29
97 32
97 44
97 66
97 72
97 73
98 3
98 9
98 22
98 25
99 25
99 27
99 36
99 37
99 42
99 44
99 50
99 59
99 63
99 66
99 68
99 84
99 90
99 95
99 99
99 100
99 101
99 103
99 105
99 107
99 114
99 116
99 120
99 121
99 127
100 1
100 4
100 6
100 16
101 183
101 187
101 230
101 237
101 246
101 249
101 252
101 257
101 261
101 263
101 265
101 268
101 272
101 276
101 278
101 302
102 61
102 69
102 76
102 101
102 111
102 122
103 8
103 29
103 31
103 34
103 35
103 44
103 46
103 52
103 75
103 83
103 85
103 89
103 91
103 107
103 126
103 127
103 130
103 132
103 134
103 136
103 147
104 4
106 10
106 26
106 34
106 35
106 44
106 47
106 49
107 11
107 14
107 15
107 22
107 26
107 27
107 28
107 30
107 46
107 49
107 54
110 34
112 8
112 11
112 18
113 116
113 120
114 9
114 11
114 12
114 26
114 28
114 33
114 36
116 1
116 12
116 117
116 127
116 132
116 133
116 134
116 136
117 1
117 3
117 6
118 9
119 10
119 27
119 31
119 70
119 74
119 77
119 80
119 101
119 102
120 4
120 6
120 12
121 6
124 16
124 17
124 18
124 27
124 38
124 46
124 47
124 51
124 56
124 98
124 100
124 102
124 108
124 130
124 143
124 148
124 151
124 152
124 163
124 164
124 170
124 179
124 182
124 184
124 185
124 189
124 192
124 196
124 197
124 205
124 219
124 220
124 224
124 227
124 237
124 241
124 244
124 249
125 8
125 12
125 13
125 17
125 23
125 25
125 26
125 27
125 30
125 33
125 36
125 46
125 69
125 70
125 138
125 144
125 149
125 157
125 159
125 172
125 189
125 192
125 199
125 207
125 208
125 209
125 210
125 213
125 215
