1 1
1 18
1 19
1 25
1 28
1 36
2 66
2 80
2 86
2 89
2 98
2 159
2 163
2 166
2 167
2 175
2 181
4 8
4 12
4 21
4 30
4 33
4 34
4 46
4 48
4 51
4 52
4 53
5 87
5 108
5 115
5 120
5 127
5 128
5 130
6 11
6 12
6 18
6 34
6 38
6 45
6 55
6 56
6 63
6 67
6 83
6 87
6 91
6 95
6 97
6 115
6 121
6 123
6 124
6 129
6 143
6 145
6 149
6 151
6 161
6 167
10 47
10 57
10 66
10 67
10 75
11 1
11 2
12 27
12 34
12 39
12 41
12 50
12 58
12 65
12 66
12 74
12 75
12 78
12 99
12 104
12 109
12 120
12 129
12 131
12 133
12 135
12 136
12 139
12 141
12 151
12 160
12 173
13 21
13 22
13 29
14 1
14 7
14 8
14 12
15 3
15 4
15 7
15 27
15 28
15 37
15 50
15 52
15 56
15 60
15 68
15 69
15 71
15 75
17 7
17 8
17 11
17 15
17 16
17 23
18 10
18 22
18 27
18 33
18 48
18 52
18 56
18 62
18 66
18 69
18 91
18 97
18 103
18 106
18 115
18 129
21 70
21 73
21 75
21 76
21 82
21 92
21 97
21 107
21 108
21 118
22 1
22 4
22 7
22 9
22 10
22 14
22 15
22 21
22 22
22 26
23 5
23 7
23 15
23 27
23 29
23 30
23 32
23 34
23 51
23 54
23 55
23 61
23 72
23 73
23 74
23 81
23 84
23 88
23 91
23 107
24 5
24 14
24 16
24 21
24 23
24 26
25 7
26 3
27 68
27 77
27 84
27 87
27 90
27 99
27 106
29 18
29 26
29 27
30 9
30 21
30 22
30 28
30 35
30 40
30 43
30 50
30 58
30 63
30 66
30 85
30 87
30 94
30 103
30 242
31 1
31 3
32 6
32 14
32 15
32 19
32 22
33 5
33 10
33 11
33 28
33 33
33 43
33 44
33 48
33 61
33 75
33 79
34 1
34 11
34 21
34 33
34 71
34 81
34 91
34 95
34 101
34 102
34 126
34 127
34 130
34 134
34 164
34 167
34 182
34 183
34 189
34 190
34 197
34 211
34 212
34 218
35 3
35 6
36 4
36 10
36 13
36 28
36 35
36 40
36 61
36 65
36 66
36 70
38 3
38 11
38 17
38 29
38 43
38 47
38 50
38 65
38 68
38 77
38 85
38 90
38 92
38 106
38 133
38 151
38 158
38 171
38 178
38 183
38 189
38 214
38 215
38 218
38 220
39 2
39 3
39 8
39 10
39 14
39 18
40 4
40 13
40 22
40 26
40 33
40 36
40 37
40 38
40 46
40 49
40 51
40 53
40 54
40 61
40 64
40 80
40 88
40 97
40 98
41 4
41 7
41 17
41 20
41 22
41 25
41 32
41 36
41 39
41 43
41 46
41 48
41 49
41 61
41 79
41 83
41 86
41 88
41 94
41 98
41 106
41 108
41 109
41 111
41 130
41 132
41 134
41 136
41 157
42 4
42 18
43 11
45 1
45 2
45 4
45 15
45 16
45 17
45 23
45 30
45 31
45 35
45 39
45 40
45 50
45 54
45 59
46 42
46 44
46 49
46 50
46 55
46 73
47 3
48 3
48 10
48 15
48 26
48 29
48 31
48 37
48 41
48 48
48 180
48 184
48 191
48 198
48 200
50 12
50 14
50 16
50 20
50 36
50 51
50 57
50 59
50 68
50 70
50 77
50 81
50 142
50 143
50 144
50 156
50 161
50 169
50 181
50 189
50 197
50 199
50 202
50 205
50 220
50 230
50 236
50 241
50 242
50 256
50 264
50 268
50 278
50 279
50 306
51 3
51 7
52 8
52 9
52 12
52 15
52 23
52 29
52 33
52 34
52 38
53 14
53 24
53 43
54 4
54 11
54 21
54 22
54 26
54 27
54 31
54 34
54 35
54 42
54 56
54 60
54 64
54 76
54 79
54 113
54 120
54 126
54 137
54 139
54 146
54 151
54 154
54 161
54 167
54 178
54 186
54 188
54 194
54 198
54 199
54 201
54 203
54 210
54 211
54 214
54 218
54 219
54 221
54 225
54 227
54 230
54 235
54 243
54 245
54 258
54 267
55 8
56 9
56 15
56 17
56 22
56 44
56 55
56 58
56 68
56 74
56 78
56 79
56 88
56 89
56 92
56 96
56 227
56 263
56 265
56 368
56 383
56 387
56 451
56 453
56 454
56 455
56 458
56 476
56 486
57 75
57 79
57 82
57 95
57 108
57 109
57 111
57 112
57 123
57 142
57 150
57 152
57 163
57 174
57 175
57 176
57 184
57 218
57 219
57 223
57 245
57 265
58 4
58 7
58 11
58 16
58 24
58 38
58 39
58 45
58 53
58 59
58 61
58 64
59 1
59 3
59 9
59 10
59 11
59 24
59 28
59 34
59 72
59 74
59 84
59 102
59 112
59 115
60 3
60 4
60 5
62 6
62 9
62 13
62 21
62 23
62 28
62 30
62 37
62 38
62 41
62 42
62 61
62 67
62 68
62 75
62 77
62 91
62 99
63 7
63 12
63 29
63 31
63 40
65 7
65 19
65 27
65 28
65 37
65 38
65 39
65 45
65 53
65 55
65 57
65 87
65 91
65 92
65 95
65 97
65 128
65 129
65 132
65 138
65 142
65 148
65 152
65 153
65 156
65 161
65 163
65 171
65 182
65 183
65 189
65 192
65 195
65 199
65 204
65 207
65 209
65 210
65 213
65 231
65 236
65 259
66 8
66 13
66 18
66 29
66 38
66 181
66 188
66 194
66 216
66 217
66 220
66 226
66 229
66 234
67 105
68 2
70 7
70 10
70 11
70 14
71 6
72 4
72 11
72 12
72 16
72 21
72 28
72 159
72 164
72 167
72 183
72 185
72 186
72 203
72 204
72 220
72 223
72 235
72 237
72 238
72 246
72 251
72 252
72 256
72 257
72 258
72 265
72 266
72 267
72 291
72 294
72 295
72 298
72 306
72 399
72 401
72 402
72 409
72 421
72 427
72 429
72 430
72 474
72 477
73 3
73 4
73 7
73 11
73 12
73 19
73 31
73 38
73 52
73 61
74 1
74 6
74 9
74 11
74 13
74 144
74 155
74 160
74 165
74 175
74 194
74 196
74 202
74 204
74 208
74 209
75 1
75 2
76 1
76 11
76 16
76 18
76 20
76 21
76 26
76 35
81 2
81 5
81 9
81 11
81 17
81 19
82 2
82 3
82 13
82 26
82 56
82 63
82 64
82 72
82 75
82 81
82 83
82 85
82 87
82 95
82 108
82 109
82 117
82 123
82 127
82 134
82 142
82 143
83 1
83 13
83 20
83 21
83 24
83 154
83 156
83 157
83 161
83 174
83 175
83 186
83 194
83 207
83 208
83 209
83 214
83 240
83 253
83 276
83 290
83 292
83 293
83 325
83 327
83 328
83 330
84 93
84 97
84 100
84 102
84 104
90 26
90 27
90 28
90 29
90 36
90 40
90 51
90 53
90 55
90 57
90 58
90 60
92 3
92 14
92 32
93 1
93 5
93 12
93 24
93 30
93 50
94 3
94 14
94 19
94 25
94 26
97 20
97 33
97 34
97 42
97 52
97 63
97 70
97 71
97 78
97 81
98 1
98 2
99 58
99 64
99 67
99 73
99 74
99 86
99 102
99 109
99 114
99 198
99 215
99 221
99 223
99 229
99 248
100 4
100 10
100 11
100 14
100 16
101 1
101 4
101 5
101 7
101 13
102 6
102 15
102 17
102 21
102 24
102 27
102 40
102 44
102 54
102 55
102 60
102 73
103 74
103 76
103 82
103 84
103 87
103 94
103 104
103 115
103 117
103 121
103 122
103 133
103 145
103 166
103 295
103 296
103 298
104 1
104 18
104 21
104 23
104 25
104 27
104 33
104 35
104 43
104 45
104 57
104 66
104 68
104 69
104 75
104 83
104 85
104 88
104 105
104 106
104 120
104 121
104 132
104 133
104 140
104 141
104 148
104 153
104 158
104 289
104 296
104 306
104 315
104 318
104 320
104 323
104 324
104 331
104 345
104 347
104 384
104 392
104 398
104 401
104 403
104 406
105 19
