1 12
3 32
3 33
3 39
3 52
3 56
6 18
6 24
6 29
6 37
6 39
6 40
6 42
6 48
6 70
6 71
6 78
7 2
7 9
7 11
7 12
7 20
7 23
7 90
7 91
7 95
7 102
7 106
7 115
7 119
7 144
7 150
7 152
7 154
8 1
8 3
8 6
8 10
9 1
9 10
9 15
9 24
9 51
9 61
9 71
9 73
9 82
9 83
9 121
9 122
9 132
9 138
9 141
10 38
10 42
10 47
10 56
10 58
10 60
10 67
10 69
10 72
10 75
10 79
10 109
10 110
10 136
10 144
10 150
10 156
10 172
10 173
10 178
10 179
10 180
10 181
12 29
13 23
13 27
13 33
13 35
13 36
13 39
13 43
13 46
13 47
13 59
13 76
13 81
13 86
13 102
13 104
13 107
13 116
13 117
13 120
15 8
16 1
16 6
16 10
16 30
16 31
16 34
16 35
16 39
16 40
16 44
16 45
16 47
16 48
16 49
19 10
19 14
19 18
19 21
19 24
19 25
19 26
19 32
19 34
19 42
19 45
19 47
19 55
19 180
19 188
19 190
19 191
19 194
19 197
19 200
19 209
19 213
19 218
19 219
19 224
19 227
19 233
19 237
19 246
19 247
19 258
19 265
19 281
20 14
20 20
20 28
20 29
21 1
22 4
22 8
22 18
22 26
22 28
22 40
22 42
22 46
22 47
22 48
22 59
22 63
22 65
22 71
23 7
23 12
23 13
23 25
23 30
23 33
24 6
25 2
25 3
25 5
25 7
25 9
25 10
25 15
25 22
26 26
26 43
26 45
26 59
26 61
27 4
27 8
27 9
28 1
28 15
28 17
28 19
28 27
28 38
28 49
28 60
29 2
29 6
29 8
30 16
30 20
30 34
30 35
30 39
31 18
31 28
32 27
32 44
32 46
32 62
32 64
32 73
32 86
32 87
32 89
32 98
32 126
32 127
32 130
32 132
32 135
32 144
32 146
32 159
32 160
32 165
32 166
32 176
32 177
32 186
32 188
33 25
33 26
33 32
33 38
33 40
33 48
33 53
33 54
33 57
33 83
33 85
33 86
33 87
33 91
34 82
34 91
34 101
34 102
34 106
34 114
34 149
35 1
35 14
35 24
36 23
36 29
36 39
37 6
38 3
39 1
39 4
39 15
39 21
39 25
39 29
39 36
39 46
39 51
39 56
39 58
39 60
39 76
39 80
39 84
39 92
39 110
39 113
39 117
39 126
39 258
39 263
39 264
39 265
40 2
40 9
40 12
40 13
40 19
40 39
40 48
40 51
40 55
40 57
40 64
40 72
40 75
40 84
40 86
42 10
42 12
42 17
42 18
42 21
42 28
42 31
42 33
42 37
42 49
42 52
42 55
42 79
42 80
42 86
42 87
42 89
42 93
42 96
42 97
42 101
42 127
42 133
42 135
42 136
43 9
43 22
43 26
43 32
43 34
43 37
43 128
43 130
43 131
43 139
43 142
45 50
45 58
45 63
45 77
45 78
45 81
45 98
45 100
45 105
45 112
45 113
45 116
45 123
45 127
45 128
46 2
46 3
46 14
46 15
46 16
46 18
46 33
46 39
46 48
46 50
46 51
46 52
46 59
46 63
46 65
46 70
46 76
46 92
46 98
46 101
46 105
46 107
46 117
46 121
46 131
46 141
46 150
46 153
46 167
46 171
46 184
46 186
46 201
46 204
46 208
46 209
46 220
46 226
46 240
48 58
48 65
48 70
48 72
48 78
48 81
48 85
48 88
48 92
48 97
48 101
48 104
48 105
48 107
48 113
48 114
48 117
48 123
48 132
48 142
49 1
49 5
49 9
50 3
50 7
50 18
50 19
50 32
50 34
50 39
50 43
50 44
50 50
53 12
54 1
54 8
54 11
54 12
54 15
54 22
54 30
54 44
54 45
54 51
54 52
54 57
54 64
54 78
54 79
55 3
55 6
55 9
55 10
55 13
55 14
55 25
55 32
55 39
55 43
55 65
55 74
55 75
55 138
55 140
59 1
59 3
59 7
59 8
59 10
60 3
60 6
60 19
60 21
60 22
61 94
61 100
61 102
62 38
62 42
62 55
62 79
62 81
62 101
62 111
62 113
62 115
62 125
62 129
62 134
62 263
62 264
62 272
62 278
63 7
63 10
63 12
63 25
63 26
63 31
63 36
63 38
63 39
63 46
63 51
63 56
63 58
63 59
63 74
63 80
63 89
63 95
63 98
63 102
63 108
63 116
63 129
63 270
63 277
63 278
63 280
63 300
63 304
63 305
63 309
63 312
63 323
63 345
63 349
63 353
63 357
63 370
63 380
63 388
63 393
63 400
63 409
63 410
63 412
63 417
63 419
63 426
63 428
63 430
63 433
64 5
64 8
64 11
64 16
64 20
64 22
64 27
64 31
64 33
64 39
64 40
64 42
64 88
64 99
64 102
64 106
64 111
64 113
64 116
64 118
64 127
64 129
64 195
64 198
64 199
64 203
64 216
64 221
64 222
64 226
64 238
64 242
64 244
65 3
65 22
65 24
65 32
66 8
66 15
66 17
66 26
66 27
66 29
66 30
66 37
66 38
66 43
66 46
66 47
66 51
66 62
66 64
66 68
66 69
66 94
66 98
66 100
66 106
66 112
66 117
66 130
66 131
66 135
66 142
66 147
68 6
68 10
68 21
70 7
70 85
70 93
70 95
70 99
71 2
71 3
71 10
71 33
72 27
72 30
76 7
76 8
76 10
76 19
76 22
76 23
76 26
76 32
76 33
76 43
76 44
76 53
76 56
76 57
76 60
77 2
77 13
79 13
79 17
79 19
79 20
79 36
79 39
79 171
79 176
79 180
79 185
79 188
79 209
79 213
79 222
80 2
80 8
80 10
80 11
80 18
80 21
80 30
80 32
80 35
80 49
80 52
80 53
80 63
81 1
81 2
81 4
81 20
81 21
81 25
81 30
81 31
81 67
81 70
81 78
81 86
83 34
83 42
83 44
83 52
83 66
83 72
83 86
83 94
83 97
83 99
83 103
83 105
83 113
83 118
83 143
83 144
83 145
83 148
83 152
83 154
84 6
84 10
84 18
84 25
84 44
84 48
84 56
84 63
84 67
84 82
84 87
84 89
84 120
84 125
84 126
84 128
84 131
84 144
84 146
84 149
84 150
84 151
84 154
84 156
84 157
84 163
84 169
84 177
84 188
84 198
84 202
85 14
86 45
86 47
87 8
87 12
87 24
87 25
87 28
87 32
87 33
87 46
87 49
87 66
87 67
87 71
87 72
87 77
87 78
87 83
87 88
87 94
87 95
87 99
87 109
87 125
87 137
87 146
87 152
87 153
87 156
88 3
88 9
88 18
88 35
88 41
89 3
89 141
89 146
89 158
89 163
90 3
90 8
90 10
90 13
90 17
90 23
90 29
91 4
91 10
91 12
91 14
91 19
92 6
92 8
92 15
92 22
92 43
92 49
92 57
92 61
92 63
92 64
92 65
92 71
92 86
92 87
92 99
92 105
92 108
92 110
92 111
92 119
92 120
92 128
92 132
92 133
92 136
92 138
92 141
93 17
93 28
93 36
94 1
94 13
94 23
94 27
94 34
94 71
94 74
94 94
94 101
94 113
94 120
94 123
94 134
94 138
94 142
94 143
94 150
94 159
94 165
94 166
94 171
94 191
94 324
94 329
94 336
94 339
94 341
94 345
94 347
94 348
94 357
94 358
94 373
95 84
95 92
95 96
95 98
95 109
95 110
95 115
95 119
95 120
95 135
95 141
95 147
95 150
95 153
95 154
95 164
95 167
95 170
95 171
95 172
95 174
95 176
95 177
95 178
95 181
95 183
95 186
95 193
96 57
96 65
96 66
96 69
96 71
96 72
96 73
96 80
97 24
97 154
97 158
97 174
97 178
97 180
97 186
97 194
97 200
97 202
98 1
98 9
98 10
100 2
101 1
101 13
101 16
101 18
101 21
101 22
101 41
102 2
102 8
102 11
102 14
102 23
102 24
102 39
102 44
102 46
102 73
102 78
102 80
102 89
102 93
102 95
102 97
102 102
102 103
102 108
102 113
102 115
102 116
102 124
102 128
102 129
102 131
102 140
102 144
102 157
102 164
102 168
102 170
103 50
