1 2
1 3
1 12
1 23
1 24
1 45
1 46
1 49
1 59
1 62
2 18
2 21
3 10
3 17
3 21
4 7
4 12
4 14
4 15
4 16
4 20
4 31
5 7
6 3
6 15
6 31
6 34
6 39
6 43
6 47
6 49
7 27
7 28
7 30
7 31
7 40
7 43
7 51
7 56
7 57
7 59
7 70
7 84
7 90
7 92
7 96
11 38
12 9
12 15
12 18
16 49
16 65
16 194
16 197
16 202
16 213
17 25
17 35
17 36
17 38
17 59
18 17
18 18
18 20
18 30
18 33
18 36
20 97
20 110
20 111
20 137
20 139
20 147
20 274
20 295
20 296
20 299
20 302
20 431
20 436
20 438
20 442
20 445
20 455
20 461
20 464
20 468
20 473
20 487
20 565
21 10
21 12
21 15
21 27
21 28
21 33
21 42
21 43
21 48
21 51
21 69
21 76
21 79
22 16
22 17
22 34
22 38
24 64
24 70
24 79
24 82
24 98
24 99
24 103
24 104
24 105
24 109
24 123
24 126
24 132
24 134
24 166
24 168
24 175
24 181
25 1
25 4
25 6
25 17
25 28
25 36
25 45
25 47
25 48
25 54
25 56
25 63
25 69
25 70
25 87
25 88
25 92
25 95
25 102
25 103
25 109
25 126
25 134
25 149
25 152
25 160
27 1
27 2
27 5
27 7
27 11
27 14
27 16
27 19
27 22
27 34
27 57
27 67
27 70
27 71
27 72
27 75
27 76
27 78
27 80
28 5
28 22
28 24
28 34
28 39
28 41
28 49
28 52
30 12
30 13
33 13
33 15
33 16
33 21
33 22
33 26
33 165
33 167
33 169
33 194
33 208
33 209
33 211
33 223
33 228
33 229
33 255
33 259
33 267
33 273
33 279
34 3
34 10
34 11
34 12
34 16
34 19
34 20
34 21
34 24
34 32
34 44
34 45
34 46
34 151
34 162
34 164
34 188
34 190
34 191
34 198
34 203
38 25
38 31
38 32
38 47
40 16
40 22
40 27
41 10
41 48
42 6
43 5
43 7
43 12
43 13
43 15
43 18
43 19
43 32
43 35
43 46
44 3
44 5
44 9
44 16
44 36
44 42
44 43
44 45
44 50
44 58
44 67
44 77
44 78
44 83
44 108
44 110
44 114
44 115
44 122
44 124
44 138
44 144
44 146
44 148
44 178
44 182
44 188
44 190
44 191
44 322
44 327
44 328
44 333
45 35
45 38
45 41
46 24
46 25
46 28
46 38
46 52
46 53
46 56
46 60
47 1
47 6
47 138
47 145
47 149
47 158
47 164
47 171
48 2
48 4
48 15
48 17
48 21
48 30
48 38
48 42
48 47
48 49
48 57
48 62
48 81
48 89
48 102
48 111
48 117
48 125
48 130
48 138
49 10
49 14
50 1
50 10
50 11
50 147
50 151
50 154
52 53
52 175
52 177
52 181
52 182
52 185
52 195
52 203
52 205
52 207
52 211
52 221
52 225
52 270
53 6
53 8
53 17
53 20
53 27
53 28
53 30
53 31
53 33
53 35
54 36
54 37
54 49
54 53
54 59
54 61
54 63
54 74
54 75
54 76
54 93
54 99
54 100
54 107
54 114
54 117
54 121
54 124
54 125
54 126
54 127
54 145
54 157
55 3
55 18
55 24
55 26
55 30
55 32
55 38
55 50
55 54
55 55
55 68
55 76
55 85
55 88
55 93
55 98
55 101
55 113
55 124
55 126
55 143
55 145
55 164
55 169
55 170
55 180
55 184
55 186
55 223
55 225
55 234
56 7
56 8
56 18
56 33
56 44
56 52
56 53
59 10
59 74
59 78
59 81
59 84
59 85
59 87
59 91
59 93
59 96
59 102
59 103
59 104
59 114
60 4
60 12
60 20
61 2
61 3
61 5
62 1
62 4
62 5
64 7
64 12
64 13
64 14
64 30
64 33
64 35
64 41
64 45
65 66
65 77
65 79
65 83
65 117
65 120
65 123
65 128
65 145
65 146
65 147
65 149
65 152
65 154
65 160
68 3
68 6
68 8
68 9
68 13
68 18
68 22
68 31
68 33
68 36
68 38
68 40
68 43
68 46
68 60
68 69
68 73
68 78
68 85
68 86
68 90
68 91
68 104
68 109
68 110
69 41
69 45
69 55
70 14
70 20
71 4
71 7
71 8
71 13
71 32
71 33
71 35
71 36
71 38
71 40
71 44
71 46
74 16
74 17
74 21
75 8
75 13
75 15
75 32
75 36
75 39
75 43
75 48
75 61
75 63
75 65
75 75
75 79
75 89
75 92
75 103
75 114
75 130
75 136
75 150
75 157
75 174
75 178
76 2
76 13
76 14
76 28
76 43
76 45
76 56
76 57
76 59
77 2
77 3
77 6
77 18
77 20
77 27
77 29
77 43
77 174
77 317
77 319
77 323
77 332
77 345
77 353
80 44
80 54
80 59
80 62
80 65
80 188
80 209
81 12
81 15
81 17
81 25
81 26
81 32
81 35
83 10
83 20
83 28
83 30
83 32
83 75
83 87
83 105
83 195
83 197
84 16
84 22
84 28
84 30
84 40
84 42
84 47
84 49
84 63
84 77
84 97
84 100
84 104
84 112
84 114
84 131
84 137
84 147
84 153
84 157
84 163
84 164
84 168
85 14
85 19
85 21
85 31
85 36
85 40
85 42
85 52
85 55
85 57
85 59
85 65
86 65
86 70
86 72
86 78
86 81
86 84
86 100
86 101
86 103
86 119
86 120
86 121
86 123
86 128
86 129
86 131
86 137
86 140
87 2
88 7
88 9
88 12
88 17
89 50
89 51
89 67
89 71
89 72
89 73
89 75
89 86
89 95
89 97
89 98
89 99
89 106
89 107
89 118
89 128
89 129
89 145
90 7
90 13
92 79
92 89
92 94
92 105
92 108
92 122
92 127
92 128
92 129
93 10
94 8
94 11
94 18
94 19
94 22
94 24
94 26
94 40
94 42
94 46
95 2
95 131
95 136
95 137
95 141
96 2
96 7
96 10
96 20
96 24
96 25
96 38
96 41
96 45
96 46
96 47
96 49
96 54
97 1
97 2
97 6
97 9
97 17
98 6
98 14
98 16
98 24
98 37
98 47
98 49
98 53
98 56
98 57
98 58
98 67
100 2
100 5
100 6
100 8
100 12
100 156
100 158
100 164
100 183
100 185
101 3
101 9
101 14
101 15
101 27
101 55
101 57
101 63
101 66
101 77
101 80
102 9
102 14
102 18
102 19
102 30
103 2
103 3
103 11
103 17
103 20
103 25
103 27
103 28
103 33
103 36
103 45
103 174
103 175
103 187
103 189
103 190
103 198
103 199
103 206
103 215
103 229
103 231
103 232
103 245
103 253
103 255
103 263
103 267
103 275
103 276
103 405
103 413
103 414
103 417
103 422
103 423
103 425
103 434
103 439
103 447
103 449
103 580
103 602
103 614
103 617
103 623
103 667
104 63
