1 2
1 4
1 5
2 51
2 74
2 78
2 85
2 87
2 88
2 93
2 94
2 102
2 115
2 133
2 140
2 150
2 165
3 7
3 16
3 21
4 1
5 10
6 40
6 43
6 57
6 59
6 63
6 66
6 74
6 76
6 80
6 84
6 89
6 91
6 92
6 95
6 97
6 98
6 100
6 103
6 109
6 141
6 145
6 151
7 4
8 32
8 35
8 41
8 44
8 45
8 58
8 65
8 70
8 72
8 87
10 55
10 65
10 73
10 75
10 80
10 84
11 3
11 11
11 12
11 15
11 18
11 23
11 27
11 28
11 38
11 39
11 40
11 54
11 64
11 70
11 81
11 84
11 108
11 113
11 124
11 129
11 132
11 133
11 134
11 142
11 143
11 145
11 154
13 4
13 11
13 16
13 17
13 20
13 21
13 23
13 37
13 38
13 40
13 42
13 46
13 62
13 64
13 65
13 67
13 68
13 75
13 111
13 113
13 121
13 124
13 133
13 134
13 140
13 168
13 175
13 177
13 183
13 189
13 190
13 324
13 325
13 335
13 343
13 366
13 372
13 378
13 383
13 388
13 391
13 393
13 394
13 398
13 404
13 416
13 418
13 432
13 440
13 443
13 451
13 453
13 458
13 459
13 462
13 467
13 473
13 475
13 482
13 490
15 2
15 7
16 18
16 20
16 24
16 30
16 32
16 36
16 38
16 42
16 48
16 54
16 68
16 71
16 77
16 78
17 1
17 8
17 11
17 14
17 23
17 33
17 41
17 42
17 44
17 133
17 134
17 149
17 153
17 154
17 181
17 185
17 191
17 192
17 196
17 205
17 206
17 210
17 225
17 226
17 229
17 230
17 232
17 234
17 240
17 241
17 244
17 248
17 258
17 267
17 268
17 284
17 290
17 295
17 303
17 306
17 308
18 12
18 17
18 20
18 29
19 26
19 36
19 47
19 179
19 187
19 190
19 196
19 204
19 205
19 209
19 212
19 215
19 217
19 221
19 226
19 227
19 229
19 230
19 236
19 246
19 251
19 274
20 6
20 9
20 10
20 12
20 23
20 24
20 29
20 173
20 176
20 306
20 308
20 313
20 315
20 329
20 332
20 333
20 338
20 342
20 347
22 41
22 51
22 56
22 59
22 60
22 61
22 67
22 76
22 77
22 80
22 83
22 85
22 86
22 90
22 95
22 97
22 111
22 116
22 120
22 123
22 124
22 130
22 136
22 142
22 144
22 147
22 166
22 172
23 6
24 7
24 20
24 25
24 26
24 27
24 33
24 34
24 47
24 51
25 2
25 4
26 2
26 7
26 19
26 20
26 22
26 24
26 26
26 33
26 34
26 39
26 50
26 51
26 80
26 95
27 14
27 15
27 22
27 24
27 25
27 29
27 38
27 51
27 54
27 56
27 57
28 10
28 11
28 15
28 16
29 7
29 8
29 9
29 13
29 18
29 24
29 25
29 46
31 14
31 15
31 17
31 18
31 25
31 27
31 30
32 5
32 9
32 11
32 12
32 22
32 24
32 25
32 37
32 49
32 50
32 56
32 60
32 65
32 71
32 85
32 86
32 114
32 117
32 120
32 125
32 126
32 128
32 142
32 143
32 155
32 157
32 163
35 42
35 47
35 49
35 61
35 66
35 72
35 73
35 75
36 39
36 40
36 46
36 47
36 50
36 56
36 62
36 64
36 69
36 85
36 98
36 99
36 107
36 113
36 114
36 119
36 121
36 131
36 261
36 268
36 273
36 280
36 286
36 287
36 298
36 299
36 305
36 315
36 316
36 456
36 460
36 471
36 474
36 478
36 488
36 490
36 491
36 500
37 59
37 62
37 69
37 70
37 73
37 76
37 84
37 90
37 97
37 102
37 104
37 106
37 118
37 121
37 124
37 132
37 133
37 138
37 140
37 142
38 1
38 5
38 8
38 15
38 23
38 25
38 29
38 30
38 31
38 34
38 48
38 62
38 88
38 90
38 95
38 115
38 120
38 126
38 128
38 129
38 130
38 132
38 140
38 141
38 144
38 164
38 169
38 173
38 175
38 178
38 181
40 10
40 17
40 19
40 24
40 78
40 81
40 83
40 85
40 140
40 147
40 157
40 167
40 169
40 181
40 190
40 196
40 204
40 206
40 211
43 1
43 4
43 7
43 8
43 17
43 19
43 25
44 46
44 52
44 53
44 56
44 61
44 67
44 71
44 76
44 80
44 87
44 97
44 105
44 106
45 14
45 20
45 36
47 11
47 15
47 19
47 21
47 22
47 26
47 27
47 28
47 40
47 60
48 35
48 40
48 41
48 44
48 50
48 52
48 59
48 66
48 71
48 75
48 77
48 80
48 93
48 106
48 108
49 10
49 15
49 22
49 39
49 41
49 84
49 89
49 98
49 108
49 117
49 121
51 29
51 40
51 43
52 14
52 21
52 31
52 35
52 41
52 43
52 79
52 81
52 85
52 87
52 99
52 100
52 102
53 1
54 8
54 19
54 26
54 31
54 40
54 46
54 50
54 57
54 77
54 93
54 101
54 105
54 111
54 117
54 122
54 127
54 129
54 131
54 134
54 149
54 153
54 156
54 157
54 164
54 166
54 167
54 168
54 173
54 174
54 181
54 184
54 186
54 196
54 197
54 200
54 206
54 209
54 211
54 215
54 236
54 243
54 245
54 246
54 252
54 254
54 263
54 266
54 279
54 283
54 290
54 296
54 297
54 302
54 319
54 320
54 325
54 331
54 334
54 340
54 348
54 349
54 353
54 367
54 370
54 379
54 382
54 396
54 420
54 423
54 453
54 472
54 473
54 474
54 482
54 514
54 521
54 537
54 539
54 544
54 548
54 550
54 556
55 2
55 5
55 22
55 28
55 39
55 41
55 43
55 55
55 56
55 60
55 64
55 65
55 195
56 3
57 1
58 28
58 32
58 41
58 42
58 47
58 51
58 54
58 59
58 66
58 67
59 6
59 15
59 16
59 61
59 62
60 1
60 9
60 20
60 37
60 39
60 44
60 46
60 53
60 67
60 73
60 76
60 80
60 82
60 91
60 98
60 102
60 103
60 113
60 127
60 128
60 136
60 142
60 143
60 148
60 153
60 159
61 2
61 13
61 14
61 20
61 23
61 25
61 26
61 33
61 45
61 50
61 67
61 71
61 74
61 75
61 80
63 6
63 7
63 19
63 20
63 24
63 30
63 34
64 26
64 27
64 34
64 36
64 61
64 69
64 75
64 84
64 93
64 96
64 101
64 114
64 117
64 119
64 121
64 133
64 145
64 154
64 161
64 165
65 9
65 19
65 23
65 29
65 49
65 50
65 55
65 58
65 66
65 68
65 71
65 72
65 76
66 2
66 6
66 10
66 17
66 20
68 47
68 55
68 57
68 60
68 64
68 68
68 77
68 81
68 88
69 1
69 7
69 8
69 18
69 35
69 38
69 41
69 43
69 81
69 85
69 87
69 93
69 94
69 96
69 108
69 121
69 125
69 129
69 130
69 137
69 139
69 140
69 144
69 154
69 157
69 159
69 162
69 165
69 175
69 179
69 185
69 186
69 195
69 196
69 204
69 206
69 208
69 210
69 216
69 220
69 230
69 237
69 240
70 11
70 23
70 30
70 39
70 45
70 49
70 53
70 56
70 58
70 60
70 69
70 76
70 83
70 84
70 85
70 108
70 112
70 113
70 116
70 133
70 135
70 136
70 144
75 69
75 72
75 76
78 73
78 81
78 84
78 91
78 99
78 105
78 108
78 110
78 120
78 136
78 141
78 149
78 153
78 155
78 161
78 167
78 168
78 171
78 174
78 177
78 189
78 199
78 205
78 206
78 208
78 210
78 213
78 223
78 224
78 237
78 243
78 244
81 35
81 53
81 54
81 55
81 58
81 76
81 78
81 84
81 87
81 101
81 122
81 125
81 139
81 152
81 164
82 3
82 6
82 7
82 8
82 149
82 152
82 160
82 164
82 174
82 181
82 182
82 185
82 186
82 194
82 197
83 4
83 5
83 14
83 20
83 24
83 29
83 34
83 45
83 61
84 3
84 16
84 18
84 28
84 30
84 40
84 45
84 47
84 49
84 51
84 55
84 64
84 77
84 84
84 87
84 90
84 98
84 105
84 114
84 116
84 133
86 6
86 13
86 17
86 20
86 24
87 39
87 40
87 42
87 45
87 49
87 52
87 56
87 57
87 66
87 70
87 74
87 78
87 82
87 85
87 86
87 93
87 94
87 96
87 103
87 109
87 110
87 216
87 225
87 239
87 259
87 269
87 272
87 273
87 297
87 302
87 303
88 6
89 8
89 12
89 26
89 32
89 35
91 20
91 54
91 59
91 63
91 75
91 76
91 80
91 87
91 99
91 101
91 107
