1 1
1 6
1 7
1 21
1 22
1 24
2 4
2 18
2 20
2 28
2 31
2 38
2 39
2 42
2 68
2 81
2 82
2 98
2 99
3 115
3 116
3 120
3 197
3 202
3 206
3 207
3 216
3 221
3 229
3 294
3 296
3 303
3 311
3 313
3 314
3 317
3 336
3 342
3 344
3 349
4 5
4 9
4 18
4 25
4 45
4 46
4 56
4 57
4 62
4 78
4 79
5 55
5 57
5 60
5 61
5 62
5 70
5 71
5 75
5 78
5 79
5 81
5 90
5 91
7 13
7 16
7 20
7 25
8 19
8 20
11 20
11 36
11 41
11 42
12 2
12 15
12 17
12 37
12 38
12 42
12 49
12 52
12 55
12 60
12 61
12 95
12 97
12 195
12 197
12 206
15 26
15 34
18 1
18 7
18 9
18 12
18 14
18 17
18 31
19 3
19 9
19 13
19 16
19 31
19 33
20 7
20 8
20 12
20 95
20 96
20 104
20 106
20 117
20 120
20 121
20 123
20 124
20 154
20 160
20 162
20 174
20 189
20 197
20 327
20 347
20 349
20 356
20 357
20 363
20 365
20 376
20 377
22 2
22 4
24 3
24 7
25 4
25 10
25 28
25 32
25 33
25 36
25 39
26 15
26 26
26 31
27 6
27 9
27 11
28 6
28 14
28 48
28 50
28 65
28 77
28 78
28 84
28 85
28 89
28 92
28 99
28 100
28 113
28 115
28 118
28 128
29 2
29 4
29 7
29 23
29 25
29 30
29 37
30 1
30 16
31 18
31 24
31 27
31 31
31 38
31 39
31 49
31 51
32 2
32 3
32 6
32 14
32 19
32 28
32 31
32 34
32 45
32 65
32 72
32 74
33 2
33 3
34 8
34 11
35 9
36 47
36 54
36 56
36 62
36 65
36 66
36 70
36 73
36 74
36 78
36 81
36 84
36 95
36 107
36 108
36 110
36 113
36 115
36 123
36 134
36 138
36 144
36 145
36 154
36 158
36 161
36 169
36 170
38 2
38 6
39 130
41 4
41 18
42 1
42 14
42 19
42 21
42 25
42 27
42 31
43 11
43 15
43 22
43 25
44 4
44 5
45 124
45 126
45 131
45 146
45 154
45 162
45 164
45 166
45 179
45 185
46 10
47 1
47 6
47 10
47 16
47 32
47 43
47 48
47 54
47 56
47 60
47 63
47 64
47 74
47 77
47 87
47 94
47 107
47 109
47 113
47 115
47 119
47 122
47 127
47 128
47 138
47 139
48 1
48 5
48 7
48 17
48 19
48 21
48 22
48 31
48 43
48 50
49 61
49 64
49 65
49 72
49 86
49 101
49 107
49 109
49 112
49 113
49 122
49 124
49 133
49 134
49 136
49 146
49 149
49 151
49 157
49 160
49 162
51 76
51 81
51 83
51 88
51 91
51 107
53 5
53 9
53 13
53 14
53 16
53 26
53 33
53 38
53 40
53 49
53 54
53 55
53 57
53 58
53 60
53 61
53 65
56 95
56 96
56 98
56 99
56 111
56 118
56 120
56 122
56 128
56 129
56 130
57 18
57 24
57 26
57 28
57 34
57 39
57 44
57 49
57 50
58 6
58 12
58 16
58 23
58 25
58 29
58 32
58 33
58 37
61 30
61 31
63 1
63 4
63 12
63 15
63 17
63 20
63 23
64 8
64 11
64 14
64 16
64 19
64 21
64 28
65 5
66 7
66 8
66 16
66 21
66 23
66 30
66 40
66 45
66 49
66 57
66 58
66 66
66 75
66 86
66 91
66 94
66 97
66 105
66 125
66 149
66 151
67 3
67 4
68 16
68 19
68 31
68 39
68 48
68 74
69 102
69 108
70 3
70 4
70 9
70 11
70 21
70 31
70 34
70 37
70 41
70 46
70 51
70 55
71 1
71 3
71 5
71 8
71 10
71 20
71 24
71 26
71 28
71 34
71 35
71 48
71 76
72 74
72 75
72 85
72 95
72 109
72 110
72 130
72 137
72 138
72 139
72 141
72 146
72 148
72 157
72 158
72 161
72 165
72 169
72 176
72 185
72 193
72 208
72 214
72 218
72 244
72 250
72 253
72 254
72 262
72 264
72 276
72 277
72 278
72 283
72 287
72 291
72 303
72 305
73 2
73 5
73 6
73 112
73 122
73 125
73 127
73 128
73 129
73 134
73 143
74 1
74 16
74 19
74 22
74 27
74 44
74 104
74 113
74 126
74 131
74 139
74 141
75 2
75 3
75 7
75 13
75 24
75 41
75 46
75 56
75 60
76 1
76 8
76 9
76 10
76 19
76 20
76 24
76 35
76 42
76 45
76 46
76 47
77 5
78 4
78 7
78 19
78 25
78 26
78 36
78 47
78 57
78 58
78 63
78 65
78 69
79 4
79 8
79 10
79 25
79 27
79 34
79 37
79 38
79 49
79 50
79 59
79 64
79 77
79 81
79 94
79 102
79 104
79 109
79 114
81 15
81 24
81 29
81 31
81 37
81 38
81 42
81 45
81 52
81 53
81 60
81 68
81 70
81 90
81 94
81 110
81 112
81 115
81 126
83 4
83 6
83 10
83 12
83 17
83 25
83 26
83 28
83 31
83 56
83 57
83 62
83 71
83 76
83 83
83 89
83 94
83 159
83 161
83 170
84 2
84 9
85 101
85 107
85 115
85 126
85 127
85 136
85 143
85 149
87 31
87 89
90 4
90 8
90 21
90 27
90 38
90 43
90 49
90 52
90 188
90 190
90 195
90 211
90 214
90 220
90 223
90 238
90 243
90 284
90 297
90 299
90 311
90 314
90 321
90 325
90 326
90 327
90 331
90 334
90 340
90 343
90 346
90 348
90 351
90 352
90 357
90 372
90 378
90 379
90 397
90 398
90 413
90 419
90 421
90 423
90 426
90 431
90 440
90 442
90 452
90 455
90 460
90 462
90 466
90 473
90 479
90 480
90 482
90 485
90 491
90 495
90 496
90 503
90 506
90 508
90 521
90 525
90 540
90 541
90 543
90 549
90 557
90 559
93 10
93 13
93 17
93 19
95 39
95 44
95 45
95 60
95 63
95 64
95 70
97 41
97 43
97 44
97 48
97 59
97 62
97 63
97 80
97 88
100 14
100 17
100 19
100 21
101 13
101 14
101 16
101 17
101 30
102 8
102 12
102 20
102 28
102 33
102 34
102 35
102 36
102 40
102 58
102 61
102 63
102 65
102 129
102 130
102 135
103 4
103 7
103 8
103 9
103 10
103 13
103 15
103 20
104 6
104 23
104 25
104 27
105 10
105 12
106 1
106 20
106 27
106 34
106 38
106 40
106 46
106 51
106 62
106 65
106 68
106 74
106 75
108 96
108 108
108 141
110 113
110 116
110 118
110 128
110 132
110 133
110 138
111 1
111 2
111 7
111 23
111 26
111 27
111 31
111 38
111 40
111 47
111 60
112 6
112 7
112 10
112 19
112 33
112 35
112 36
112 39
112 44
112 52
112 55
112 59
112 68
112 78
112 80
112 82
113 3
114 14
114 27
114 29
114 35
114 45
114 50
115 22
115 25
115 30
115 32
115 41
115 48
115 63
115 67
115 74
118 2
118 15
118 18
118 28
118 40
118 50
118 51
119 12
119 16
119 20
119 26
119 37
119 42
119 53
120 3
120 7
120 9
120 15
120 21
120 32
120 35
120 103
120 114
120 129
121 11
121 46
121 47
121 62
121 70
121 72
121 73
121 81
121 84
121 195
121 202
121 209
121 217
121 218
121 229
121 234
121 238
121 241
121 246
121 251
121 254
121 255
121 257
121 259
121 261
121 269
121 272
121 275
121 276
121 279
121 280
121 284
121 285
121 286
121 292
121 296
121 300
121 301
121 314
121 316
121 320
121 327
121 328
121 335
121 336
