1 2
1 7
1 10
1 19
1 24
1 27
1 36
2 4
2 23
2 26
2 33
2 40
2 45
3 6
3 10
3 25
3 28
3 42
4 43
4 44
4 59
4 61
4 70
4 72
4 73
4 76
4 81
5 1
5 5
5 11
5 12
5 17
5 18
5 21
5 28
5 29
5 37
5 38
5 50
5 69
5 70
5 71
5 74
5 87
5 96
5 101
5 164
5 180
5 188
5 199
5 201
5 225
5 247
5 248
5 250
5 255
5 265
5 280
6 1
6 5
6 11
6 16
6 17
6 39
6 41
6 42
6 46
6 65
6 66
6 69
6 78
6 80
6 87
6 90
6 91
6 105
8 18
8 28
9 9
9 27
9 28
9 34
9 35
9 41
9 42
9 47
9 51
9 62
9 68
9 69
9 71
9 75
9 79
9 82
9 89
13 4
13 5
13 9
13 10
13 19
13 21
13 64
13 69
13 75
14 1
14 17
14 21
14 24
14 25
14 28
14 31
14 39
14 41
14 44
14 49
14 51
14 65
14 70
14 74
14 79
14 82
14 92
14 98
14 104
14 106
18 61
18 66
19 4
19 8
19 14
19 19
19 28
19 34
19 38
19 57
19 58
19 64
19 67
22 45
22 46
22 53
22 58
22 59
22 73
22 74
22 78
22 79
22 80
22 83
22 84
22 87
22 92
22 100
22 122
22 131
22 134
22 145
22 148
22 150
22 155
22 159
22 163
22 177
22 179
22 184
22 187
22 189
22 194
22 199
22 201
25 42
26 2
27 62
27 67
27 70
27 76
28 3
28 5
28 11
28 30
28 32
28 37
28 41
28 42
28 53
28 69
28 70
28 87
28 98
28 99
28 103
28 107
28 131
28 133
28 137
28 153
28 160
28 162
28 200
28 207
28 209
28 210
28 212
28 213
28 232
29 4
29 5
29 38
30 2
30 8
30 11
30 23
30 34
30 36
30 44
30 54
30 56
31 2
31 8
31 14
31 17
31 22
31 23
31 33
31 36
35 40
35 41
35 50
35 53
36 16
36 32
37 1
37 52
37 53
37 59
37 62
37 66
37 67
37 81
37 84
37 86
38 99
38 100
38 103
38 106
38 111
38 119
38 126
38 128
38 130
38 137
38 141
38 145
38 152
39 2
39 10
39 12
39 13
39 15
39 23
39 39
39 43
39 45
39 46
39 48
39 54
39 55
39 62
39 71
39 72
39 77
40 70
40 72
40 76
40 78
40 79
41 2
41 4
41 11
41 22
41 23
41 27
41 45
41 50
41 60
41 64
41 67
41 75
41 76
41 77
41 81
41 82
41 87
41 108
41 113
41 115
41 116
41 132
41 142
41 143
41 146
41 161
42 2
42 16
42 24
42 32
42 43
42 48
42 57
42 58
42 73
42 82
42 87
42 98
42 111
42 112
42 122
43 2
43 6
43 10
44 2
44 5
45 29
45 32
45 47
45 50
45 59
45 61
45 64
45 71
48 13
48 16
48 28
48 34
48 36
48 45
48 51
48 55
48 58
48 59
48 65
48 78
48 80
48 84
48 107
48 108
48 118
48 119
48 130
48 140
49 2
49 4
49 5
49 14
49 17
49 23
49 30
49 80
49 106
49 108
49 109
49 113
49 115
49 135
51 4
54 10
54 19
54 21
54 28
54 40
54 49
54 56
54 65
54 71
54 76
54 78
54 97
54 98
54 103
54 113
54 148
54 149
54 163
54 170
54 175
54 177
54 193
59 36
59 41
59 48
59 58
59 63
59 64
59 68
59 74
59 77
59 78
59 81
59 87
59 102
59 106
59 110
59 123
59 124
59 126
59 129
59 131
59 140
59 152
59 156
59 158
59 162
59 167
60 27
60 35
60 45
60 51
60 52
60 55
61 106
61 107
61 118
61 122
61 151
61 153
61 154
61 160
61 162
64 58
64 64
64 69
64 91
64 93
64 97
64 100
64 115
64 120
64 128
65 1
65 3
65 5
65 6
65 16
65 22
65 23
66 3
66 4
66 9
66 12
66 43
66 51
66 54
66 57
66 73
66 76
66 80
66 81
66 130
66 134
67 68
67 75
67 81
67 85
67 87
67 96
67 107
67 110
67 113
67 118
67 123
67 126
67 133
67 136
67 137
67 169
68 8
68 9
68 11
68 13
68 14
68 15
68 21
68 23
68 27
68 28
68 37
70 4
70 9
70 36
70 40
70 45
70 54
70 56
70 101
70 107
70 109
70 124
70 125
70 132
70 133
70 150
70 155
70 157
71 9
71 15
72 9
72 10
72 12
72 19
72 25
73 5
74 18
74 22
74 23
74 27
74 33
75 8
75 10
75 13
75 28
76 4
76 5
76 6
77 7
77 12
78 88
78 89
78 94
78 96
78 100
78 102
78 111
78 113
78 116
78 135
78 137
78 144
79 5
79 10
79 14
79 15
79 18
79 26
79 30
79 36
79 40
79 53
80 84
80 91
80 96
81 1
81 12
81 21
81 22
82 1
82 3
82 5
82 9
82 13
82 14
82 15
82 18
82 45
82 54
82 59
82 62
82 65
83 4
83 6
83 8
83 21
83 22
83 23
83 32
84 14
84 17
85 32
86 30
86 36
86 40
86 42
86 43
86 50
86 56
86 68
86 73
86 89
86 99
87 23
87 29
87 32
87 33
87 35
87 52
87 63
87 67
87 70
87 83
87 88
87 98
87 101
87 106
87 112
87 116
87 118
87 122
87 128
87 129
87 135
87 137
87 138
87 160
87 162
87 164
88 63
88 81
88 90
89 67
89 73
89 78
89 90
89 99
89 101
89 195
89 202
89 204
89 207
89 227
89 234
89 242
89 243
89 250
90 1
90 18
90 20
90 40
90 47
90 58
90 65
90 68
91 11
91 18
91 26
91 29
91 36
91 43
91 46
91 51
91 55
91 57
91 63
91 69
91 73
91 75
91 76
91 98
91 106
91 119
91 126
91 128
91 130
91 146
91 155
91 157
91 159
91 161
91 168
91 176
92 13
92 17
92 19
92 21
92 26
92 42
92 49
92 50
92 54
92 57
92 64
92 80
92 93
92 96
92 98
92 99
93 2
93 5
93 14
93 16
93 38
93 44
93 47
93 48
93 49
94 76
94 77
94 79
94 80
94 81
94 89
94 99
94 103
94 106
94 113
94 120
94 133
94 137
94 138
94 160
94 161
94 166
94 171
94 173
94 176
94 177
94 179
94 193
94 201
94 217
94 221
94 229
94 233
94 237
94 239
94 240
94 244
94 254
94 256
94 258
95 33
95 38
95 41
95 48
96 5
96 12
96 13
97 7
97 8
97 12
97 14
97 16
97 31
97 41
97 44
98 119
98 125
98 127
98 128
98 133
98 136
98 151
98 158
98 161
98 164
99 15
99 21
99 29
99 35
99 36
99 38
99 43
99 45
99 47
99 48
99 49
99 51
100 4
100 8
100 13
100 21
100 30
100 40
100 41
100 50
100 53
100 64
100 78
100 89
100 90
100 91
100 102
100 108
102 43
102 44
102 51
102 57
102 67
102 68
102 83
102 84
102 89
102 97
102 112
102 113
102 117
102 118
102 121
102 130
102 132
102 133
102 141
102 157
102 161
102 167
102 172
102 176
102 190
102 193
102 198
102 199
102 205
102 209
102 211
102 212
102 220
102 240
102 242
102 246
102 247
105 76
107 36
108 6
108 8
109 2
109 3
109 15
109 21
110 7
110 35
110 91
110 92
111 13
111 15
111 17
111 21
111 22
111 23
111 34
111 47
111 52
111 53
111 56
111 58
111 62
111 64
111 66
111 67
111 78
111 79
111 81
111 87
112 23
112 25
112 91
112 103
112 104
112 113
112 114
112 117
112 118
112 133
112 141
112 142
113 8
113 9
113 11
113 15
113 30
113 33
113 35
113 39
113 49
113 107
113 108
113 116
113 118
113 121
113 128
113 129
113 135
113 140
113 143
113 148
113 152
113 155
114 5
114 7
114 18
114 20
114 27
114 30
114 31
114 32
114 35
114 36
114 37
114 41
114 46
114 48
114 49
114 51
114 57
114 63
114 65
114 68
114 69
114 73
114 82
114 83
114 87
114 90
114 91
114 105
114 107
114 112
114 118
114 120
114 121
114 123
114 133
