1 10
1 11
1 17
1 22
1 31
1 35
1 39
1 40
1 41
1 50
1 67
1 83
1 89
1 90
1 96
1 105
1 117
1 181
1 184
1 196
1 202
1 207
1 242
1 248
1 253
1 260
1 261
1 267
1 274
1 278
1 285
1 291
1 298
2 4
2 8
2 112
2 121
2 122
2 123
2 125
2 127
2 145
2 146
2 148
2 157
2 159
2 166
2 174
2 175
2 178
3 13
3 15
3 27
3 31
3 37
3 44
3 48
3 49
3 52
3 53
3 55
3 61
3 66
4 2
4 4
4 12
4 32
4 33
5 125
5 133
5 143
5 148
5 153
5 156
5 157
5 165
5 168
5 191
5 197
5 212
5 236
5 243
5 244
5 246
5 247
5 248
5 280
5 288
5 293
5 295
5 306
5 310
5 311
5 315
5 316
6 12
6 26
6 41
6 53
6 54
6 80
6 83
6 85
6 89
7 24
7 27
7 31
7 45
7 57
7 60
7 68
7 74
7 84
7 86
7 88
7 94
7 108
7 113
7 114
7 124
7 133
7 136
8 1
8 4
8 26
8 28
8 29
9 1
9 4
9 13
9 88
9 95
9 96
9 114
9 117
9 124
9 126
9 127
9 134
9 138
9 141
9 148
9 152
9 184
9 185
9 188
9 196
9 200
9 203
9 208
10 54
10 62
10 65
10 67
10 71
10 73
10 75
10 76
10 81
11 1
12 7
12 12
12 13
12 36
12 37
12 41
13 6
13 13
13 15
13 22
13 96
13 97
13 106
13 109
13 111
13 113
13 120
13 122
13 127
13 132
13 133
13 136
13 142
13 144
13 145
13 147
13 164
13 172
13 174
13 178
13 182
13 187
13 188
13 190
13 193
13 253
13 259
13 260
13 263
13 264
13 270
13 273
13 275
13 286
13 287
13 292
13 294
13 299
13 300
13 360
13 362
13 370
13 371
13 381
14 94
14 96
14 106
14 111
14 123
14 125
14 133
14 134
15 6
15 7
15 65
15 66
15 75
15 80
15 82
15 86
15 88
15 91
15 96
15 105
15 107
15 111
15 136
15 137
15 145
15 148
15 152
15 157
15 166
15 168
16 23
16 28
16 40
16 51
16 55
17 19
17 28
17 36
17 37
17 41
17 43
17 44
17 55
17 57
17 58
17 63
17 76
17 79
17 80
17 82
17 89
17 101
17 104
17 105
18 1
18 6
18 17
19 23
19 25
19 33
19 36
19 38
19 48
20 2
20 8
21 40
21 59
21 60
22 4
22 6
22 10
22 17
22 25
23 126
23 135
23 138
23 153
23 161
23 163
23 171
24 1
24 26
24 40
24 43
24 48
24 53
24 62
24 92
24 94
24 96
25 4
25 133
25 141
25 145
25 148
25 150
25 154
25 157
25 160
25 201
25 203
26 9
26 10
27 11
27 17
27 25
27 26
27 37
27 52
28 55
31 23
31 29
31 35
31 45
31 46
31 49
31 59
31 61
31 66
31 68
33 14
33 25
34 5
34 6
34 16
34 17
34 19
34 20
35 14
36 27
36 29
36 36
36 57
36 59
36 67
36 82
37 19
37 31
37 42
37 46
37 52
37 61
37 63
37 64
37 67
37 69
37 76
37 79
37 80
38 11
38 19
38 24
38 29
38 33
38 37
38 40
38 52
39 8
39 12
39 31
39 32
39 145
39 155
39 164
41 4
41 14
41 21
41 23
41 31
41 37
42 108
42 109
42 110
42 119
42 121
42 129
42 130
42 133
42 134
42 139
42 147
42 153
42 155
42 156
42 157
42 159
42 161
42 163
42 177
42 181
42 182
42 183
42 188
42 191
42 197
42 201
42 207
42 208
42 215
42 236
42 246
42 250
42 259
42 268
43 8
43 12
43 37
43 44
45 2
45 3
45 4
46 3
46 4
46 5
46 12
46 15
46 16
46 20
46 22
46 162
46 165
46 172
46 177
46 195
46 201
46 203
46 209
46 217
46 218
46 351
46 388
47 10
47 11
47 108
47 113
47 114
47 122
47 126
47 134
47 139
47 152
47 157
47 167
47 170
48 20
48 23
48 29
48 34
48 42
48 47
48 49
48 55
48 57
48 61
48 67
48 71
48 72
48 73
48 78
48 84
52 60
52 68
52 70
52 76
52 84
52 89
52 95
52 104
52 111
52 135
52 136
52 143
52 167
52 177
52 185
52 191
52 207
52 209
52 221
52 222
52 231
52 234
52 236
52 238
52 242
52 257
52 258
52 260
52 262
53 4
53 37
54 5
54 19
54 20
56 16
56 17
56 24
56 33
56 43
56 48
56 60
56 61
56 67
56 69
56 72
56 74
56 76
56 78
56 79
56 83
56 88
56 99
56 106
57 4
57 13
57 18
57 22
57 23
58 18
58 28
58 48
58 52
58 53
58 58
58 61
58 76
58 78
58 79
58 81
58 90
58 91
58 92
58 93
58 100
58 108
58 110
58 116
58 119
58 122
58 129
58 131
58 142
58 145
58 150
58 160
58 162
58 166
58 181
58 183
58 184
58 186
58 190
58 193
58 196
59 1
59 3
59 14
59 16
59 17
59 21
59 29
59 32
59 37
59 40
59 41
59 43
59 46
59 59
59 64
59 65
59 70
59 75
60 1
60 3
60 7
60 8
60 9
60 10
62 72
62 73
62 75
62 103
62 105
62 106
62 108
62 109
62 111
62 114
63 3
63 4
63 6
63 18
63 21
63 26
63 31
64 3
64 8
66 91
66 95
66 97
66 124
66 126
66 138
66 142
66 166
66 169
66 175
66 176
66 186
66 187
67 32
67 48
67 61
67 64
67 70
67 73
67 75
67 87
68 21
68 33
68 43
68 53
68 55
68 59
68 62
68 67
68 68
68 74
68 89
68 92
68 121
68 123
68 140
68 141
68 148
68 151
68 155
68 159
69 1
70 7
70 15
70 40
70 43
70 46
70 48
70 50
70 54
70 60
70 65
70 71
70 77
70 79
70 88
70 96
70 97
70 98
70 109
70 111
70 113
70 116
70 149
71 3
71 11
72 69
72 72
72 73
72 84
72 86
72 89
72 94
72 97
72 104
72 106
72 107
72 109
72 111
72 112
72 116
72 117
72 118
72 127
72 129
72 131
72 133
72 263
72 265
72 272
72 282
72 283
72 291
72 298
72 299
72 302
72 305
72 313
72 319
72 320
72 327
72 330
73 11
73 14
73 22
73 31
73 39
73 44
73 46
73 47
73 50
73 69
73 70
73 71
73 73
73 76
73 80
73 81
73 84
73 87
74 4
74 14
74 17
74 37
74 39
74 40
74 46
75 1
75 2
75 3
75 5
75 6
75 10
75 11
75 13
75 30
75 40
75 43
75 52
75 63
76 3
76 9
76 12
76 13
76 15
76 19
76 32
76 35
76 37
76 38
76 42
78 16
78 19
78 24
78 38
78 41
78 42
78 64
78 67
79 2
79 7
80 7
80 9
81 38
81 48
81 49
81 64
81 67
81 71
81 72
81 74
82 5
82 6
82 12
82 13
83 84
83 86
83 88
83 91
83 108
83 111
83 112
83 114
84 1
84 7
84 14
84 26
84 27
84 30
84 32
84 41
84 50
84 54
84 62
84 68
84 69
84 73
84 74
84 84
84 87
84 89
84 95
84 100
84 106
84 122
84 137
84 139
84 157
84 158
84 162
84 165
84 219
84 225
84 237
84 240
84 245
84 247
85 4
85 40
85 41
85 60
85 143
85 147
85 151
85 152
85 166
85 171
85 175
85 184
85 191
85 192
85 194
85 200
85 227
85 228
85 230
85 231
85 232
85 233
85 238
86 5
86 19
86 27
86 33
86 37
86 41
87 43
87 47
88 69
88 81
88 83
88 85
88 86
89 2
89 29
89 31
89 32
89 36
89 68
89 76
89 78
89 81
89 83
89 84
89 127
89 133
89 135
89 173
89 182
89 193
90 5
90 8
90 9
90 20
90 24
90 27
90 40
90 55
90 58
90 62
90 67
90 68
90 77
91 1
91 12
91 23
91 30
91 107
92 15
