1 9
1 13
1 20
2 2
3 20
3 36
3 41
3 43
3 56
3 57
3 66
3 67
3 77
3 78
4 1
4 3
4 11
4 18
5 3
5 9
5 32
5 36
5 38
5 41
5 43
5 45
5 47
5 53
5 133
5 135
5 146
6 2
6 5
6 7
6 16
6 34
6 40
6 41
6 43
6 46
6 59
6 76
6 85
6 88
6 94
6 96
6 97
6 111
6 127
6 128
6 130
6 136
6 153
6 156
7 10
7 13
7 17
7 27
7 29
7 41
7 43
7 49
7 56
7 68
7 69
7 78
7 91
7 104
7 105
7 108
7 112
7 113
7 114
7 136
7 141
7 142
7 228
7 233
7 235
7 237
7 238
7 263
7 265
7 269
8 10
8 14
8 16
8 18
8 20
8 24
11 14
11 16
11 20
11 22
11 33
11 38
11 39
11 40
11 54
11 57
11 58
11 70
12 3
12 7
12 9
12 141
12 150
12 156
12 167
12 175
12 179
12 180
12 182
12 189
12 200
12 203
12 204
13 7
13 12
13 13
13 18
13 19
13 21
13 22
13 34
13 37
13 38
13 41
13 74
13 75
13 85
14 6
14 7
14 10
14 20
15 38
15 46
15 48
15 50
15 55
15 56
15 60
15 67
15 75
15 79
15 81
15 83
15 86
15 88
15 98
15 105
15 111
15 112
15 115
15 119
15 130
15 132
15 138
15 147
15 150
15 154
17 5
18 14
18 18
19 12
19 16
19 17
19 24
19 30
19 34
20 29
20 32
20 33
20 39
23 44
23 48
23 49
23 51
23 56
23 58
23 59
23 61
23 62
23 72
23 73
23 78
23 89
23 90
24 3
24 11
24 12
24 13
25 10
25 13
25 15
25 29
26 8
26 16
26 23
27 1
27 3
27 9
27 10
27 13
27 24
27 25
27 67
28 6
28 13
28 15
28 22
28 26
28 29
28 35
28 36
28 41
28 58
28 61
28 63
28 70
28 71
28 80
29 5
29 23
29 26
29 35
29 37
29 51
29 53
29 56
29 57
29 65
29 81
29 85
29 90
29 96
29 102
29 105
29 106
29 111
29 118
30 9
30 12
30 139
30 144
30 151
30 160
30 161
30 164
30 166
30 242
30 244
30 251
30 256
30 264
30 308
30 314
30 316
30 412
30 418
30 423
30 457
30 459
30 485
31 4
31 7
31 19
31 36
31 38
31 41
31 44
31 45
31 46
31 47
31 49
31 50
31 54
33 50
33 53
34 10
34 18
34 19
34 30
34 62
34 75
34 104
34 106
34 112
34 115
34 122
35 28
35 29
35 34
35 35
35 67
35 71
36 27
36 111
36 117
36 120
36 121
36 122
36 126
36 128
36 129
36 131
36 141
36 143
36 150
36 159
36 173
36 183
36 188
36 195
36 207
36 214
37 4
37 8
37 19
37 39
37 40
37 45
37 46
37 49
37 50
37 56
37 60
37 65
37 84
37 93
37 101
37 110
37 115
37 120
37 130
37 133
37 134
37 139
37 140
37 156
37 166
37 187
39 70
39 75
39 86
39 93
39 94
39 98
40 8
40 10
40 25
40 28
40 35
40 58
40 60
40 61
40 62
44 48
44 54
44 61
45 3
45 5
45 11
46 2
46 9
46 13
48 58
48 71
48 75
48 79
48 80
48 81
48 82
48 107
48 110
48 115
48 134
48 140
48 143
48 151
48 155
48 158
48 172
48 185
48 195
53 20
53 22
53 24
53 25
53 27
53 31
53 33
53 40
53 41
53 50
53 58
53 62
53 69
54 30
54 33
54 44
54 55
54 81
54 91
54 93
54 95
54 102
54 103
54 152
54 153
54 161
54 171
54 172
54 174
54 183
54 189
54 193
54 200
54 220
54 236
54 239
54 248
54 250
54 251
54 254
54 258
54 262
55 100
55 102
55 105
55 107
55 130
55 133
55 135
58 39
58 45
58 46
58 47
58 48
58 54
58 56
60 7
60 8
60 14
60 23
60 27
60 32
60 47
60 48
60 62
60 69
60 71
60 83
60 88
60 106
60 112
60 115
60 122
60 125
60 137
60 140
60 145
60 147
60 169
60 177
60 183
60 193
61 2
61 9
61 10
61 24
61 25
61 32
61 34
62 42
62 44
62 48
62 82
62 96
63 3
63 4
64 9
64 11
64 22
64 31
64 32
64 35
64 39
64 40
64 52
64 53
64 56
64 57
64 60
64 63
64 67
64 72
65 8
66 67
66 69
66 73
66 87
66 91
66 92
66 98
66 101
66 109
66 111
66 119
66 121
67 1
67 5
67 7
67 12
67 13
67 23
67 32
67 33
67 34
67 39
67 45
67 47
68 8
68 15
68 25
69 12
69 16
69 17
69 24
69 30
72 31
72 32
72 37
72 49
72 61
72 65
72 66
72 67
72 71
72 77
72 82
72 97
72 102
72 169
72 179
72 185
72 199
72 200
72 204
72 209
72 211
72 214
72 218
72 219
72 226
72 356
72 364
72 367
72 370
72 380
72 383
72 384
72 390
72 407
72 409
72 410
72 417
72 430
72 431
72 438
72 440
72 443
72 449
72 465
72 475
72 477
72 483
72 489
72 494
72 496
72 500
73 1
73 4
73 9
75 82
75 83
75 91
75 97
75 100
75 104
75 105
75 111
75 113
75 116
75 122
75 251
75 254
75 256
75 258
75 267
75 268
75 269
75 273
75 287
75 291
75 292
75 295
76 2
76 20
76 21
76 30
76 32
76 35
76 57
76 60
76 63
78 74
78 75
78 78
78 80
78 81
78 88
78 95
78 101
78 106
78 108
78 111
78 116
78 133
79 3
79 5
80 11
80 20
80 26
80 27
80 33
80 37
81 3
81 7
81 9
81 27
81 33
81 35
81 36
81 51
81 57
81 61
82 108
82 111
83 6
85 24
85 32
85 33
85 34
86 73
86 104
86 108
87 4
87 9
87 13
87 19
87 24
87 25
87 27
87 40
87 60
88 12
88 44
88 69
88 73
88 75
88 78
88 86
88 88
88 89
88 92
88 105
88 108
88 120
88 123
88 127
88 133
89 8
89 75
89 97
89 102
89 108
89 110
90 8
90 9
90 10
92 76
93 1
93 5
93 7
93 10
93 13
93 18
94 4
94 6
94 11
94 21
94 43
94 45
95 1
95 2
96 1
96 3
96 6
96 10
96 22
96 37
96 38
96 40
97 44
97 49
98 7
98 10
98 17
98 23
98 24
98 27
98 32
98 33
98 49
98 52
98 60
98 71
99 6
99 10
99 13
99 16
99 19
99 20
100 133
100 134
100 141
100 155
100 157
100 158
100 165
100 172
100 187
100 191
100 210
100 214
100 223
100 231
100 235
100 237
100 247
100 256
100 267
100 268
100 269
100 290
100 293
100 295
102 81
102 83
102 84
102 86
102 90
102 94
102 95
102 105
102 121
102 128
102 134
102 145
102 153
102 154
102 158
102 160
102 166
102 169
102 173
102 177
102 180
102 183
102 184
102 188
102 191
102 196
102 202
103 2
103 5
103 13
104 8
104 10
104 11
104 46
104 48
105 2
105 3
106 6
106 7
106 9
106 31
106 32
106 36
107 16
107 19
107 20
107 27
107 36
107 42
107 47
107 57
107 74
107 75
107 92
107 94
107 98
107 100
107 102
107 106
108 22
108 26
108 39
108 42
108 46
108 48
108 50
108 55
108 57
108 66
108 67
108 76
108 77
108 90
109 6
109 13
109 16
109 19
109 20
109 28
109 30
109 32
111 45
111 57
111 62
111 64
111 66
