1 3
1 4
1 10
1 12
1 13
1 26
1 31
1 42
1 53
1 58
3 56
3 60
3 62
3 65
3 67
3 76
3 83
3 84
3 86
3 98
3 101
3 105
3 106
3 111
3 116
3 124
3 147
3 154
3 155
3 158
3 172
3 187
3 196
3 197
3 206
3 207
3 208
3 227
3 232
4 69
4 72
4 75
4 79
4 84
4 94
4 95
4 111
4 134
4 137
4 141
4 144
4 151
6 14
6 21
6 25
6 30
6 41
6 46
6 48
6 52
6 59
6 60
6 77
6 79
6 80
6 91
6 102
6 115
6 119
6 123
6 125
6 129
6 145
6 146
6 150
6 154
6 161
6 163
6 167
6 172
6 173
6 174
6 183
6 190
6 191
6 198
7 3
8 15
8 28
8 31
8 39
8 44
8 51
8 55
8 56
8 62
8 65
8 82
8 85
8 86
8 102
8 105
8 111
8 112
8 116
8 132
8 136
8 138
8 146
8 155
8 162
8 171
8 175
8 184
8 189
8 192
8 193
9 7
9 16
9 18
9 24
9 25
9 35
9 36
9 53
9 70
9 71
9 76
9 99
9 106
9 107
9 110
9 113
9 118
14 13
14 21
14 25
14 35
16 81
16 82
16 86
16 89
16 92
16 94
16 103
16 106
16 109
16 110
16 115
16 116
16 130
16 139
16 149
16 153
16 154
16 176
16 184
16 189
16 193
16 202
16 203
16 216
16 217
17 1
17 3
18 1
18 8
18 16
18 142
18 145
18 152
18 153
18 154
18 157
18 158
18 170
18 173
18 189
18 199
18 201
18 259
18 267
18 273
18 298
18 302
18 318
18 327
18 336
18 348
18 351
18 358
18 365
18 381
18 387
18 391
18 395
19 13
19 14
19 22
19 33
19 37
19 38
19 42
19 43
19 44
19 47
19 49
19 58
19 71
19 72
19 75
19 84
19 86
20 3
20 12
20 15
20 20
20 29
20 32
20 36
20 38
20 43
20 60
20 61
20 70
20 73
20 75
20 77
20 86
20 88
21 1
23 46
23 51
23 59
23 63
23 69
23 70
23 104
23 109
23 113
23 121
23 127
23 136
23 140
23 146
23 148
23 156
24 16
24 21
24 36
24 46
24 54
24 55
24 63
24 64
24 66
24 71
24 80
24 83
25 1
25 17
25 28
25 30
26 2
26 8
26 28
26 34
26 38
27 2
27 3
27 4
27 8
27 10
27 13
27 14
27 17
27 20
27 21
28 4
28 9
28 10
28 14
28 15
28 20
28 21
28 23
28 26
28 32
29 52
29 55
29 91
29 95
30 6
30 8
30 9
30 38
30 41
30 47
32 49
32 61
32 67
32 71
33 1
33 16
33 17
33 152
33 159
33 161
33 166
33 167
33 173
33 177
33 181
34 1
34 2
34 7
34 10
34 11
34 15
34 17
34 21
35 4
35 7
35 10
35 13
35 15
35 21
35 22
35 26
35 37
35 38
35 62
35 82
35 85
35 89
35 97
35 100
35 106
35 108
35 116
35 119
35 125
35 128
35 129
35 130
35 142
35 143
35 148
35 149
35 164
35 169
35 170
35 176
35 179
35 183
35 191
35 198
35 201
35 222
35 224
35 227
35 228
35 233
35 236
35 239
35 241
35 244
35 262
35 266
35 270
35 271
35 276
35 290
35 293
35 294
35 295
35 300
35 302
35 305
35 330
35 338
35 350
35 352
35 355
35 359
35 366
36 10
36 13
36 18
36 21
36 27
36 30
36 31
36 53
36 63
36 65
36 71
36 77
37 9
37 13
38 7
38 20
38 28
39 1
39 5
39 9
39 17
39 21
39 30
40 17
40 19
40 27
40 43
40 44
40 46
40 47
40 49
40 51
40 54
40 66
40 75
40 79
40 85
40 87
40 88
40 95
40 98
40 103
40 106
40 108
40 110
40 148
40 215
40 218
40 219
40 223
40 230
40 240
40 241
40 245
41 7
41 13
41 17
41 19
41 21
41 28
41 30
41 45
41 54
41 57
41 72
41 74
41 75
41 84
41 91
41 95
41 122
41 125
41 128
41 129
41 132
41 133
41 139
41 141
42 11
42 19
42 22
42 53
42 54
42 57
42 58
42 60
42 62
42 65
42 70
42 74
42 81
42 89
42 98
42 103
42 107
43 1
43 3
43 4
43 13
43 37
43 51
43 52
43 56
43 57
43 59
43 62
43 73
43 76
43 83
43 213
43 214
43 228
43 233
43 240
43 241
43 246
44 50
44 52
45 1
45 6
46 6
46 12
46 15
46 16
46 20
46 22
46 24
46 29
46 32
46 39
46 45
46 47
46 56
46 60
47 14
47 15
47 25
47 28
47 29
48 23
48 27
48 31
48 45
48 48
48 53
48 55
48 65
48 69
48 86
48 87
48 99
48 103
48 127
48 130
48 133
48 134
48 154
48 155
49 46
49 52
49 57
49 64
49 86
49 87
49 88
49 90
49 103
49 104
49 109
49 115
49 123
49 128
49 130
49 134
49 144
49 150
49 164
50 4
51 1
51 3
51 12
51 15
51 17
51 18
51 21
51 28
51 34
51 35
51 55
51 60
51 61
51 62
52 1
52 17
52 18
52 22
52 26
52 28
52 38
52 43
52 46
52 61
52 63
52 69
52 73
52 82
52 84
52 88
52 89
52 164
52 165
52 166
52 167
52 172
52 173
52 178
52 183
52 186
52 225
52 226
52 228
53 3
53 12
53 26
54 2
54 17
55 9
55 11
55 19
55 32
55 36
55 37
56 68
56 78
56 81
56 87
56 99
56 114
56 115
56 118
56 124
56 128
56 132
56 134
56 155
56 156
56 157
56 160
56 165
56 175
56 177
56 259
56 269
56 277
56 293
56 400
56 406
56 407
57 1
57 5
57 7
57 165
57 176
57 179
57 181
57 187
57 192
57 195
57 200
57 207
57 213
57 215
57 232
57 254
57 258
58 69
58 92
58 93
58 102
58 109
58 112
58 116
58 122
58 127
58 130
58 164
58 165
58 168
58 180
58 189
58 201
58 202
59 2
59 50
60 7
60 10
60 16
60 17
60 39
60 50
60 60
60 61
60 74
60 76
60 82
60 83
60 89
60 91
60 100
60 111
60 117
60 118
60 123
61 7
63 15
63 16
63 27
63 37
63 44
64 1
66 2
67 58
67 94
67 106
68 4
68 5
68 10
68 13
68 14
68 22
68 26
68 74
68 75
68 94
68 102
68 105
68 108
68 122
68 125
68 126
68 130
68 132
68 133
68 135
68 141
68 144
68 145
68 155
68 156
69 3
69 4
69 16
70 22
70 23
70 26
70 57
71 1
71 4
71 8
71 9
71 12
71 13
71 15
71 16
71 22
71 26
71 31
71 43
71 56
71 115
71 119
71 123
72 27
72 28
73 3
73 4
73 5
73 11
73 12
73 16
73 19
73 24
73 29
73 36
73 93
73 95
73 100
73 103
73 105
73 106
73 111
73 119
73 120
73 136
73 137
73 139
73 149
73 150
73 154
73 157
73 160
73 169
73 170
73 177
73 186
73 188
73 323
73 333
73 339
73 341
73 356
73 367
73 369
73 377
73 379
73 388
73 402
73 404
73 409
73 412
73 413
73 445
73 447
73 452
73 461
73 480
73 481
73 491
73 502
73 507
73 532
73 535
73 542
73 545
73 551
73 553
73 566
73 575
73 592
73 601
73 605
73 622
73 623
73 627
73 629
73 642
73 643
73 648
73 651
73 654
73 658
73 665
73 671
73 684
73 685
74 1
74 3
75 14
75 16
75 20
75 35
75 44
75 58
75 62
75 63
75 66
75 68
75 79
75 89
75 95
77 17
77 20
77 21
77 24
77 28
77 30
77 32
77 39
78 68
78 78
78 97
78 99
78 110
78 112
78 127
78 128
80 55
81 4
81 7
81 14
81 15
81 22
81 28
81 30
82 22
82 59
82 73
82 76
82 79
82 84
82 92
82 96
82 97
82 116
82 118
82 129
82 144
82 150
82 151
82 155
82 189
82 193
82 194
82 196
82 197
82 202
82 205
82 238
84 67
84 71
84 76
84 89
84 94
84 97
84 98
84 99
84 102
84 103
84 104
84 105
84 109
84 131
84 136
84 139
84 140
84 142
84 150
84 155
84 190
86 7
86 10
86 12
86 15
86 27
86 28
86 32
86 35
86 39
86 43
86 45
86 51
86 53
86 66
86 75
86 87
86 90
86 97
86 100
86 103
87 1
87 7
87 25
87 26
87 31
87 40
87 171
88 1
88 2
88 5
88 8
88 21
89 77
