1 4
1 7
2 1
2 7
2 9
2 16
4 3
6 12
6 22
7 5
7 8
7 10
7 15
7 19
7 28
7 29
8 47
8 64
8 65
8 147
8 149
8 150
8 155
9 5
9 9
9 10
9 12
9 26
9 29
9 31
9 35
10 1
10 2
10 4
10 8
10 10
10 14
10 16
10 21
10 23
10 29
10 30
10 35
10 38
10 39
10 50
10 51
10 52
10 58
10 60
10 66
10 73
10 75
10 81
10 84
10 87
10 89
10 90
10 112
10 113
10 123
10 126
10 131
10 133
10 149
10 150
10 178
10 180
11 1
11 2
11 3
11 4
11 9
12 79
12 82
12 88
12 115
12 117
12 118
12 132
13 1
13 8
13 10
13 15
13 17
13 18
13 23
13 27
13 28
13 29
13 36
13 46
13 47
13 48
13 49
13 57
13 80
13 83
13 86
13 97
13 103
13 108
13 111
13 115
13 120
13 130
14 3
14 6
14 7
15 12
15 17
15 19
16 4
16 7
16 9
16 14
16 18
16 31
16 34
16 39
16 43
16 46
16 48
16 51
16 57
16 70
16 75
16 81
16 94
16 95
16 103
16 104
16 105
16 106
17 11
17 12
17 17
17 24
17 26
17 32
17 35
17 37
18 2
18 4
18 17
18 22
19 5
19 15
19 16
19 17
19 18
19 19
19 22
19 24
19 35
19 37
19 40
20 2
20 4
20 10
20 22
21 1
21 8
21 14
21 15
22 6
22 25
22 28
22 158
22 161
22 168
22 173
22 175
22 188
22 190
22 197
22 203
22 210
22 229
22 232
23 6
23 9
23 15
23 24
23 30
23 33
23 39
23 40
23 43
23 57
23 59
23 125
23 130
24 4
24 7
24 14
24 19
24 21
24 22
24 55
24 71
25 3
25 5
25 10
26 5
26 140
26 167
26 172
26 178
26 184
26 187
27 2
27 14
27 15
27 19
27 24
27 25
28 56
28 59
28 61
28 67
28 70
28 71
28 77
28 87
28 90
28 93
28 109
28 111
28 124
28 137
28 140
28 148
28 163
28 166
28 172
28 173
28 182
28 190
28 197
28 200
28 201
28 204
28 209
28 211
28 216
29 4
29 5
29 22
29 23
29 25
29 28
29 37
29 40
29 43
29 45
29 76
29 83
29 88
29 89
29 90
29 95
29 99
29 104
29 108
33 105
33 107
33 132
33 136
33 144
33 146
33 158
33 169
33 176
33 178
33 190
33 196
33 201
33 219
33 235
33 245
33 251
33 253
33 264
33 279
33 283
33 286
33 292
33 295
33 299
37 20
37 23
37 36
37 44
37 45
39 7
39 9
39 11
39 13
39 18
39 20
39 22
39 27
39 28
39 29
39 30
39 31
39 34
39 36
39 45
39 47
41 14
41 25
41 27
41 28
41 29
41 42
41 44
41 55
41 57
41 60
41 71
41 77
41 81
41 102
41 139
41 142
42 22
42 24
42 28
42 59
43 10
43 12
43 27
43 32
43 35
43 50
43 53
43 54
43 62
43 69
43 75
43 79
43 81
43 85
43 100
43 101
43 122
43 123
43 157
43 167
43 172
43 176
43 183
44 34
44 44
44 48
44 55
44 58
44 59
44 65
44 70
44 94
44 97
44 112
44 117
44 121
44 129
44 133
44 143
44 145
44 146
44 150
44 152
44 158
44 162
44 164
44 168
45 10
45 15
45 23
49 57
49 61
49 79
49 84
49 87
49 88
49 94
49 95
49 96
49 100
49 102
49 123
49 128
53 22
53 76
53 82
53 87
53 97
53 122
53 125
53 126
53 135
53 137
53 266
53 268
53 270
54 3
54 15
54 26
54 28
55 8
55 10
55 13
55 22
55 26
57 19
57 38
57 47
57 54
57 58
57 69
57 70
57 74
57 77
57 78
57 95
57 102
57 109
57 113
57 119
57 120
57 123
57 131
57 132
57 139
57 159
57 166
57 169
57 177
57 188
57 189
57 190
57 192
57 197
57 200
57 204
57 205
57 206
57 208
57 218
57 220
57 227
57 237
57 241
57 243
57 245
57 247
57 252
57 264
57 275
57 280
57 283
57 289
57 290
57 317
57 356
57 361
57 368
57 369
57 380
57 381
57 384
57 385
58 5
58 6
58 9
58 19
58 24
58 29
58 36
58 38
58 49
58 51
58 65
58 67
58 70
59 1
59 6
59 8
59 21
61 32
61 36
61 38
61 53
61 58
61 59
61 61
61 64
61 65
61 74
61 77
61 85
61 88
62 95
62 105
62 106
62 108
62 124
62 129
62 156
62 159
62 164
62 177
62 178
62 181
62 187
62 188
62 190
64 25
64 28
64 33
64 36
65 4
65 10
65 14
65 77
65 87
65 94
65 105
65 111
65 133
66 3
66 14
66 23
66 48
66 49
66 55
66 64
66 68
66 73
66 78
66 79
66 83
66 98
66 105
66 107
66 112
66 113
66 120
66 122
66 125
66 126
66 132
66 147
69 40
69 41
69 50
69 53
69 55
69 59
69 69
69 70
69 75
69 77
69 79
71 59
71 62
71 64
71 65
71 74
71 83
71 89
71 92
71 102
71 105
71 109
71 111
71 112
71 118
71 122
71 156
71 163
71 176
72 25
72 30
72 51
72 61
72 73
72 80
72 87
72 96
72 97
72 115
72 117
72 118
73 4
73 5
73 6
73 17
73 21
73 24
73 37
73 40
73 45
73 46
73 48
73 62
73 65
73 66
73 69
73 74
73 78
73 84
73 88
73 96
73 98
74 35
74 41
74 44
75 30
75 36
75 40
75 48
75 49
75 62
75 75
75 94
75 99
75 103
75 104
75 121
77 59
77 63
77 72
77 73
78 103
78 105
78 110
78 114
78 118
78 119
78 123
78 127
78 141
78 144
78 162
78 164
78 165
78 166
78 167
78 179
78 180
78 183
78 188
78 196
78 214
78 218
78 220
78 221
78 232
78 241
78 245
78 246
78 250
78 261
78 262
78 263
78 273
78 282
78 287
78 290
78 311
78 316
78 318
78 321
78 335
79 1
79 3
79 4
79 8
79 27
79 29
79 32
79 36
79 38
79 52
79 58
79 59
79 65
79 79
79 90
79 91
80 1
80 2
81 1
82 3
82 18
82 19
82 26
82 28
82 37
82 43
83 3
83 6
83 7
83 9
83 11
83 20
83 24
83 27
83 43
83 58
83 59
83 64
83 195
83 196
83 198
83 213
83 214
83 220
83 230
83 231
83 232
83 260
83 267
83 273
83 274
83 280
83 281
83 283
83 284
83 287
84 17
84 23
84 26
84 35
84 39
84 42
84 44
84 50
85 16
85 22
85 50
85 57
85 58
85 64
85 70
85 86
85 88
85 97
85 105
85 106
85 112
85 122
85 131
85 132
85 136
85 138
85 139
85 167
85 169
85 170
85 178
85 182
85 183
85 187
85 195
87 13
88 10
88 11
88 17
88 22
88 25
88 29
88 30
89 5
89 6
89 8
89 13
89 19
89 23
89 101
89 102
89 104
89 110
89 118
89 120
89 134
89 156
89 202
89 209
89 215
89 218
89 219
89 256
89 260
89 265
89 274
89 277
89 278
89 283
89 286
89 290
90 7
90 11
90 12
90 18
90 25
90 26
90 31
90 33
90 34
90 35
90 56
91 3
91 5
91 9
91 14
91 15
91 18
92 13
92 19
92 21
92 32
92 35
92 39
92 46
92 47
92 48
92 51
92 52
92 53
92 61
92 65
92 69
92 70
92 105
92 112
93 8
93 14
93 15
93 23
93 25
93 32
93 41
93 55
93 58
93 84
93 85
93 87
93 88
93 89
93 103
93 104
93 106
93 116
93 125
93 126
93 132
93 133
93 139
94 18
94 24
95 5
95 12
95 22
95 26
95 30
95 45
95 54
95 184
95 195
95 215
95 216
97 12
97 14
97 17
97 25
97 30
97 278
97 333
97 336
97 337
98 5
98 8
98 21
98 22
98 24
98 28
99 1
99 6
99 10
99 11
99 26
99 36
99 44
99 47
99 49
99 51
99 60
99 62
99 63
99 69
99 71
99 80
99 84
99 95
99 96
99 97
99 100
99 113
99 115
99 129
99 134
99 139
99 146
99 151
99 152
99 153
99 158
99 159
99 166
99 176
99 190
99 193
99 195
99 220
99 224
99 225
99 229
101 9
103 14
103 16
103 19
103 20
103 49
103 51
105 5
105 19
105 21
105 25
106 71
106 75
106 79
106 83
106 92
106 93
106 97
106 104
106 110
106 117
106 120
106 129
106 132
106 136
106 141
106 158
106 162
106 163
106 167
