1 1
2 17
2 27
2 28
2 33
2 35
2 40
2 44
2 51
2 52
2 58
2 66
2 67
2 90
2 119
2 120
2 122
2 127
3 31
4 3
4 9
4 20
4 24
4 25
4 26
4 28
4 35
4 47
4 51
4 53
4 55
4 56
4 65
4 70
4 82
4 83
4 87
4 100
4 108
4 110
4 111
4 116
4 122
4 129
4 132
4 140
4 142
4 143
4 144
4 147
4 149
4 150
4 151
4 157
4 159
4 166
4 168
4 169
6 23
6 27
6 32
6 36
6 43
6 44
6 45
6 52
6 53
6 57
6 72
6 77
6 79
7 7
7 11
7 13
7 28
7 29
7 35
7 37
7 38
8 5
8 6
8 12
8 19
8 21
8 26
9 8
9 28
9 31
9 33
9 35
9 43
9 60
9 62
9 78
9 79
9 83
9 94
9 95
9 102
9 107
9 113
9 127
9 129
9 137
9 180
9 183
9 184
9 186
9 194
9 199
9 201
9 205
9 261
9 265
9 267
9 275
9 277
9 281
9 291
9 297
9 298
9 308
9 310
9 312
12 39
12 49
12 50
12 56
13 5
13 9
13 13
13 26
13 29
13 50
13 51
14 3
14 4
14 7
14 12
14 15
14 18
14 32
14 55
14 56
14 58
14 59
14 65
14 74
14 77
14 95
14 106
14 119
14 128
14 129
14 134
14 156
14 165
14 173
14 174
14 187
14 188
14 190
14 232
14 242
14 249
14 250
14 252
14 256
14 265
14 269
14 280
14 281
14 288
14 294
14 297
14 307
14 308
14 314
14 315
14 318
14 325
14 326
14 333
14 341
14 343
14 349
14 351
14 354
14 356
15 4
15 6
15 10
16 4
16 11
16 14
16 15
16 16
18 38
18 39
18 47
18 54
18 60
18 73
18 81
18 82
18 85
18 86
18 88
18 104
18 106
18 107
18 113
18 114
18 128
18 132
18 146
18 156
18 167
18 168
19 4
20 113
20 116
20 118
20 125
20 126
20 131
20 133
22 11
22 20
22 26
22 35
22 38
23 28
23 30
24 1
24 3
24 10
24 13
24 22
24 30
24 36
24 41
24 43
24 47
24 54
24 64
24 68
24 69
24 99
24 100
24 113
24 116
24 118
24 119
24 120
24 129
24 135
24 147
24 151
24 152
24 170
24 172
24 177
24 185
25 5
25 9
25 12
25 15
25 16
25 18
25 19
25 31
25 40
25 50
25 51
26 24
26 28
26 29
26 33
26 34
26 45
26 46
26 47
26 48
26 53
26 57
26 59
26 70
26 73
26 95
26 96
27 70
27 75
27 80
27 101
27 109
28 2
28 13
28 41
28 45
28 47
28 71
28 72
28 76
28 77
28 79
28 83
28 89
28 95
28 96
28 98
28 108
30 88
30 91
30 104
30 115
30 125
30 130
30 131
30 134
30 139
30 140
30 149
30 151
30 152
30 160
30 163
30 166
30 167
30 169
30 173
30 193
30 198
30 207
30 209
30 211
30 213
30 215
30 224
30 228
30 231
31 1
31 9
31 20
31 24
34 7
34 19
34 23
34 28
35 2
35 10
35 117
35 118
36 132
36 144
36 155
38 4
38 6
38 13
38 17
38 24
38 25
38 30
38 33
38 39
38 50
38 52
38 55
38 67
38 68
38 75
38 77
38 79
38 89
38 92
38 94
38 97
38 100
38 105
38 110
38 116
39 4
40 7
40 9
40 11
40 17
40 19
40 20
40 26
40 39
40 40
40 42
40 47
40 52
40 53
40 54
40 63
40 72
40 83
40 87
40 90
40 96
41 76
42 2
43 9
43 13
43 76
43 81
43 94
43 96
43 98
43 102
43 112
43 123
43 127
43 129
43 135
43 154
43 156
43 165
43 175
43 182
43 185
43 210
43 211
43 214
43 220
43 249
43 253
43 272
43 279
43 284
43 308
43 310
43 317
43 321
43 326
43 327
43 328
43 340
43 347
43 350
43 365
43 370
43 371
43 374
43 379
43 380
43 382
43 384
43 386
43 388
43 392
43 393
43 394
43 422
43 430
43 431
43 434
43 435
43 437
43 443
43 447
43 448
43 455
43 462
43 464
43 465
43 468
43 471
43 475
43 477
43 485
43 490
43 495
43 496
43 503
43 510
43 512
43 513
44 3
44 4
44 32
44 37
44 40
44 41
44 57
44 85
44 92
44 94
44 103
44 119
44 122
44 126
44 140
44 142
44 147
44 149
44 173
44 174
44 179
45 45
45 124
45 127
45 130
45 136
45 140
45 150
45 157
48 59
48 62
49 4
49 5
49 12
49 31
49 34
49 43
49 46
49 49
49 52
49 64
49 70
49 73
49 75
49 88
49 89
49 96
49 98
49 100
49 104
49 111
49 113
49 119
49 120
49 130
49 131
49 143
49 147
49 149
49 167
49 171
49 173
49 190
49 191
49 193
49 195
49 200
49 201
49 205
49 214
49 215
49 216
49 221
49 224
49 227
49 235
49 239
49 258
49 260
49 269
49 274
49 342
49 343
49 353
49 362
49 365
49 379
49 383
49 391
49 402
49 404
49 418
49 419
50 2
50 3
50 5
50 6
50 16
50 19
50 22
50 26
50 27
50 28
50 31
50 36
50 37
50 40
50 44
50 49
50 52
50 55
51 16
51 23
51 24
51 32
51 35
52 3
52 14
52 18
52 19
52 27
52 36
52 48
52 60
52 67
52 70
52 71
52 81
52 84
52 87
52 91
52 96
52 97
52 99
52 110
52 116
52 123
52 126
52 137
52 139
52 154
52 162
52 163
52 164
52 169
52 175
52 180
52 184
52 186
53 6
53 11
53 13
53 142
53 166
53 169
53 259
53 276
53 281
53 288
53 290
53 293
54 11
54 16
54 19
54 20
54 25
54 27
54 37
54 44
54 51
54 52
54 62
54 64
54 65
55 2
55 12
55 13
55 15
55 16
55 30
55 31
56 1
56 6
56 13
56 27
56 28
57 30
57 41
57 47
57 48
57 50
57 57
57 63
57 77
57 88
57 91
58 8
58 17
58 20
58 39
58 40
58 43
58 44
59 1
59 9
59 16
59 20
59 25
59 26
59 30
59 33
59 37
59 39
59 47
59 59
59 70
59 118
59 119
59 137
59 139
59 149
60 2
60 16
60 20
60 33
60 35
60 38
60 40
61 26
61 46
61 57
62 3
62 11
62 12
62 13
62 16
62 17
62 22
62 30
62 31
62 33
62 36
62 43
62 46
62 48
62 58
62 60
62 62
62 66
62 76
62 90
62 94
62 95
62 98
62 102
62 103
62 104
62 105
63 2
63 6
63 8
63 14
64 3
64 20
64 23
64 28
65 84
65 88
65 98
65 103
65 107
65 111
65 113
65 116
65 118
66 52
66 53
66 54
66 79
66 83
66 91
67 29
67 32
67 33
67 62
67 66
67 71
67 73
67 80
67 83
67 85
67 86
67 89
67 94
67 100
67 102
67 103
67 104
68 9
68 16
68 36
68 39
68 45
68 51
68 53
68 58
68 63
68 69
68 76
68 78
69 1
69 5
70 16
70 29
70 30
70 32
70 33
70 35
70 41
70 42
72 1
72 2
72 20
72 22
72 31
72 37
72 40
72 41
72 45
72 49
72 63
72 64
72 67
72 73
72 74
72 75
72 83
72 93
72 103
72 106
72 107
72 109
72 110
72 129
72 137
73 4
73 8
73 11
74 7
74 11
75 1
75 3
75 4
75 6
75 7
75 12
75 13
75 25
75 26
75 30
75 34
75 35
75 37
75 42
76 164
76 169
76 186
77 6
77 7
77 9
77 33
77 48
77 52
77 66
77 73
77 80
77 86
78 14
78 33
78 35
78 36
78 42
78 44
78 50
78 51
78 54
78 59
78 60
78 64
78 70
78 72
78 81
78 85
78 88
78 90
78 92
78 96
78 98
78 101
78 116
78 133
78 140
79 1
79 4
79 10
79 14
79 24
80 15
80 19
80 24
80 36
80 41
80 43
80 51
80 72
81 8
81 9
81 13
81 18
81 36
81 45
81 59
81 61
81 68
81 71
81 81
81 86
82 2
82 7
82 9
82 11
82 16
82 43
82 44
82 45
83 4
83 5
83 9
83 138
83 142
83 159
84 9
84 15
84 24
84 29
84 34
84 41
84 44
84 52
84 59
87 81
87 92
87 96
87 97
87 119
87 120
87 123
87 131
87 133
87 150
87 151
87 153
87 159
87 165
87 166
87 172
88 3
88 6
88 11
88 17
88 19
88 47
88 51
88 52
88 60
88 72
88 93
88 102
88 103
88 111
88 119
88 121
88 122
88 125
89 2
89 6
89 9
90 6
90 18
90 24
90 29
90 33
90 44
90 66
90 68
91 4
91 7
91 12
91 15
91 18
91 21
91 24
91 30
91 32
91 39
91 40
91 47
91 52
91 53
91 56
91 60
91 87
91 89
91 93
92 13
92 15
92 18
92 19
93 1
93 3
93 13
93 14
93 25
93 26
93 37
93 41
93 45
93 81
93 84
93 86
93 106
93 109
93 111
93 118
93 119
93 121
93 122
93 126
93 135
93 138
93 146
93 160
93 165
93 179
93 182
93 185
93 190
93 234
93 243
93 245
93 249
93 257
93 260
93 281
93 283
93 289
93 298
93 304
93 326
93 327
93 330
93 331
93 337
94 2
94 8
94 140
94 141
94 143
94 149
94 151
97 32
97 33
97 40
97 44
97 49
97 63
97 64
97 91
97 92
97 97
98 1
98 16
98 19
98 42
