1 4
1 5
1 7
1 12
1 16
1 32
1 35
1 43
1 44
1 55
1 60
2 5
2 10
3 1
3 4
5 8
6 3
6 5
6 21
6 29
6 35
6 39
6 43
6 46
6 47
6 55
6 56
6 59
6 60
6 77
6 87
6 88
6 89
6 95
6 96
7 45
7 63
7 79
7 83
7 84
7 90
7 95
7 98
7 112
7 125
7 126
8 2
8 9
8 10
8 11
8 13
8 20
8 24
8 120
8 122
8 129
8 134
8 138
8 161
9 1
9 5
9 9
9 19
9 21
9 45
9 46
10 10
10 13
10 20
10 42
10 55
10 56
10 68
10 76
10 86
10 182
10 186
10 188
10 197
10 207
10 212
10 265
10 272
10 283
10 288
10 289
10 303
10 312
10 316
10 317
10 319
10 321
10 322
10 324
11 8
11 17
11 26
11 27
11 36
11 38
12 11
12 13
13 8
13 13
13 15
13 28
13 32
13 40
13 44
13 53
13 66
13 73
15 1
15 22
15 27
15 29
15 33
15 34
15 48
16 1
16 9
16 17
16 19
16 20
16 25
16 34
16 46
17 7
17 14
18 2
19 2
19 3
19 5
19 63
19 70
19 77
19 80
19 86
19 89
19 122
19 123
19 135
19 136
19 145
19 160
19 173
19 190
19 194
19 200
19 210
19 228
19 230
19 232
19 242
19 245
19 248
19 262
21 3
21 16
21 18
21 25
22 4
22 7
23 5
23 7
23 8
23 11
23 21
23 22
23 33
23 36
23 46
23 47
23 50
23 54
24 2
24 5
24 12
24 22
24 30
24 44
24 60
24 62
25 12
25 14
25 16
25 20
25 39
25 41
25 42
25 83
26 6
26 9
28 26
28 37
28 39
28 44
28 52
28 186
29 100
29 101
29 104
29 111
29 114
29 115
29 118
29 123
29 133
30 12
30 17
30 21
30 24
30 25
30 31
30 46
30 47
30 51
30 52
31 2
31 4
31 15
31 16
31 17
31 22
31 25
31 28
31 35
31 44
31 64
31 76
31 84
31 86
31 89
31 95
31 98
31 102
31 110
31 111
33 3
33 21
33 23
33 25
33 27
33 28
33 74
33 87
33 93
33 223
33 228
33 229
33 230
33 231
33 239
33 248
33 257
33 265
33 273
33 276
33 277
33 282
33 283
33 290
34 3
34 6
34 11
34 12
34 18
34 29
37 7
37 23
37 29
37 53
37 68
37 80
37 85
37 90
37 92
37 94
37 99
37 109
37 125
37 138
37 148
37 155
37 157
38 1
38 29
38 30
38 35
38 36
38 45
38 47
38 71
38 91
38 227
38 230
38 235
38 236
38 238
38 242
38 243
39 14
39 18
39 21
39 23
39 39
39 42
39 47
39 64
39 67
39 72
40 1
40 4
40 7
41 2
41 5
41 9
41 18
41 20
41 26
41 33
41 36
41 40
41 57
41 63
41 64
41 65
41 71
41 75
41 79
41 85
41 86
41 89
41 100
41 108
41 112
41 113
41 121
41 127
41 128
41 138
41 139
41 156
42 4
42 9
42 20
42 21
42 27
42 28
43 8
43 9
43 14
43 16
43 19
43 21
43 30
43 31
43 40
43 42
47 14
47 15
47 18
47 28
47 115
47 122
47 134
47 135
47 139
47 141
47 144
49 51
49 54
51 2
51 8
51 10
51 19
51 20
52 4
53 98
53 99
53 102
53 111
53 115
53 117
53 118
53 202
53 211
53 212
53 214
53 225
53 230
53 244
53 245
53 247
53 251
53 253
57 30
57 31
57 35
58 102
58 111
59 1
59 13
59 14
59 20
59 24
59 25
59 31
59 34
59 39
59 42
59 44
59 50
59 54
59 62
59 64
59 70
59 77
59 86
60 11
60 12
60 14
60 35
60 42
60 51
60 62
60 63
60 67
60 68
60 71
60 88
60 94
60 107
60 108
60 114
60 118
60 121
60 122
60 129
60 134
60 137
60 138
60 145
61 1
61 6
61 9
61 14
61 24
61 31
61 36
61 41
61 50
61 57
61 76
61 83
61 84
61 85
61 93
61 102
61 105
61 108
61 110
61 116
61 119
63 89
63 90
63 99
64 5
64 9
64 42
64 47
64 52
64 88
64 90
64 94
64 104
64 105
64 107
64 121
64 122
64 124
64 143
64 163
64 164
64 169
64 170
65 5
65 7
65 11
65 16
66 7
66 17
66 22
66 32
69 23
69 30
69 32
69 43
69 47
69 51
69 55
70 32
70 56
70 62
70 73
70 78
70 99
70 101
70 108
71 8
71 10
71 12
72 1
72 9
72 20
72 24
72 40
72 44
72 54
72 56
73 3
73 10
73 11
73 14
73 16
73 21
73 36
73 37
73 40
73 80
73 84
73 90
73 101
73 106
73 110
73 116
73 123
73 125
73 130
73 140
73 144
73 145
73 148
73 155
73 161
73 176
73 185
73 186
73 193
73 194
73 215
73 216
73 217
73 220
73 221
73 223
73 225
73 235
73 251
73 252
73 258
73 264
75 8
75 11
75 19
75 38
75 43
75 52
75 54
75 60
75 67
75 70
75 71
75 79
75 115
75 129
75 132
75 136
75 151
75 158
75 161
75 183
75 184
75 192
76 20
76 28
76 35
78 7
78 19
78 20
78 21
78 25
78 26
78 37
78 40
78 42
78 50
78 59
78 71
78 72
78 77
78 80
78 89
78 91
78 94
78 100
78 101
78 105
78 110
78 112
78 118
78 132
78 147
79 15
79 23
79 28
79 40
79 42
79 51
79 52
79 57
80 5
80 8
80 43
80 45
80 50
81 5
81 6
81 12
81 31
81 32
81 34
81 35
81 38
81 45
81 47
81 64
81 69
81 70
81 71
81 78
81 82
81 96
81 102
81 104
81 107
81 109
81 113
81 115
81 117
81 118
81 123
81 127
81 128
81 133
81 138
81 142
81 146
81 156
81 159
81 160
81 170
81 171
81 184
81 200
81 206
81 209
81 210
81 212
81 214
81 216
81 248
82 1
82 22
82 23
82 26
82 30
82 34
82 36
83 46
83 56
83 76
84 13
84 21
84 28
84 169
84 198
84 200
84 218
85 9
85 17
85 19
85 24
85 35
85 40
85 57
85 64
85 71
85 76
85 78
85 88
85 89
85 91
85 99
85 102
86 2
86 23
86 24
86 25
86 29
86 30
86 32
86 41
86 44
86 51
86 53
86 62
86 67
86 70
86 77
86 83
86 92
86 97
86 98
86 104
86 113
86 114
87 7
87 9
87 14
87 18
87 26
87 35
87 49
87 68
87 78
87 83
87 91
87 94
87 101
87 105
87 109
87 110
87 111
87 118
88 1
88 2
88 8
88 12
88 17
88 19
88 78
88 85
88 87
88 97
88 100
88 101
88 108
88 109
88 117
88 118
88 122
88 128
88 134
88 138
88 162
90 13
90 14
90 18
90 23
90 34
90 35
90 41
90 43
90 52
90 83
90 94
90 108
90 120
90 121
90 130
91 8
91 16
91 22
92 3
92 15
92 27
92 41
92 44
92 49
92 54
92 61
92 65
92 79
92 93
92 104
93 1
94 45
94 48
94 51
94 56
94 63
94 69
94 77
94 80
94 82
94 83
94 85
94 94
94 110
94 115
94 120
94 122
94 124
94 128
94 143
94 151
95 69
95 80
95 86
95 91
95 96
95 97
95 104
95 108
96 9
96 11
96 17
96 20
96 23
96 31
96 34
96 45
96 46
96 57
96 65
97 57
97 59
97 61
97 68
97 78
97 80
97 81
97 83
97 91
97 104
97 115
97 129
97 140
97 141
97 150
97 158
97 161
97 164
97 165
97 166
97 171
97 178
97 179
97 182
97 197
97 202
97 211
97 230
97 233
97 234
98 2
98 4
98 7
98 9
98 14
98 19
98 25
98 32
98 41
98 44
98 48
98 54
98 157
98 164
98 169
98 172
98 187
98 189
98 201
98 202
98 207
98 216
98 229
98 231
98 235
98 240
98 244
98 256
98 263
98 267
98 270
98 283
98 284
98 286
99 3
99 11
99 15
99 20
99 23
100 7
100 11
100 15
101 11
101 55
102 1
102 6
102 10
102 11
102 15
102 24
102 28
102 30
102 168
103 33
103 41
103 42
103 51
103 55
103 59
103 60
104 5
104 10
104 16
104 23
104 24
104 86
