2 3
2 10
2 21
4 5
4 9
4 14
4 17
4 19
4 23
4 39
5 5
5 6
5 8
5 20
5 22
5 24
5 34
5 42
5 43
5 45
6 5
6 10
6 21
6 39
6 40
6 41
6 46
6 56
6 73
9 59
9 61
9 62
9 68
9 72
9 75
9 86
9 93
9 95
9 96
9 104
9 191
9 195
9 207
9 209
9 221
9 223
9 225
12 20
12 24
12 30
12 33
12 34
12 44
12 47
12 49
12 53
13 2
13 3
13 6
14 7
14 8
14 31
14 32
14 36
14 45
14 65
14 75
14 81
14 83
14 96
14 103
14 113
14 116
14 251
15 2
15 3
15 6
15 16
16 30
16 42
16 51
16 55
16 59
16 72
19 15
21 22
21 25
21 26
22 2
22 3
22 8
22 11
22 20
22 45
22 53
22 57
22 58
22 59
22 69
22 70
22 72
22 73
22 84
22 85
22 87
22 88
22 99
22 116
22 119
23 4
23 6
23 7
23 18
23 20
23 21
23 26
23 27
23 34
23 35
23 48
23 59
23 64
23 65
23 79
23 85
23 87
23 100
24 5
25 2
25 12
25 19
25 21
25 23
25 27
25 33
25 37
25 42
25 47
25 49
25 63
25 68
25 121
25 122
25 123
25 125
25 126
25 132
25 145
25 148
25 149
25 153
25 160
25 162
25 163
25 170
25 171
25 180
25 184
25 187
25 286
25 287
26 21
26 24
26 28
26 157
26 158
26 163
27 13
28 2
28 9
28 23
28 26
28 28
28 31
28 33
28 43
28 44
28 46
29 2
29 9
29 21
29 30
29 38
29 40
29 41
29 44
29 84
29 95
29 99
29 100
29 103
29 105
29 117
29 123
31 1
31 3
31 9
31 18
31 31
31 37
31 38
31 45
31 61
31 71
31 74
31 76
31 93
31 104
31 138
32 27
32 31
32 33
32 40
32 56
32 57
32 58
32 63
32 90
32 94
33 5
33 8
33 22
33 34
33 52
33 56
33 71
33 84
33 89
33 97
33 99
33 102
33 103
33 113
34 8
34 17
34 18
34 26
34 31
34 34
34 40
34 42
34 43
36 55
36 56
36 57
36 72
36 74
36 79
36 85
36 92
36 101
36 104
36 114
36 117
36 119
36 123
36 127
36 128
36 129
36 131
36 141
36 148
36 150
36 152
36 246
36 249
36 255
37 1
37 2
37 4
39 8
39 14
39 20
39 27
39 46
39 49
39 51
39 59
39 66
39 68
39 76
39 80
39 105
39 106
39 116
39 117
40 4
40 9
40 12
40 20
40 26
40 29
40 32
40 33
40 37
40 41
40 55
40 71
40 78
40 81
40 141
40 147
40 197
40 200
40 202
40 212
41 42
42 6
42 19
42 25
42 28
42 41
42 54
42 56
42 62
42 67
43 11
45 20
45 23
45 34
45 136
45 155
45 181
45 185
45 186
45 190
45 211
45 212
45 216
45 322
45 354
45 358
45 382
45 470
46 2
46 4
46 7
46 8
46 10
46 12
46 20
46 21
46 25
46 28
46 31
48 2
48 28
48 30
48 35
48 53
48 57
48 59
48 63
48 68
48 72
48 77
48 85
48 86
48 156
48 163
48 165
48 167
48 171
48 290
48 296
48 299
48 301
48 312
48 316
48 342
48 347
48 348
48 359
48 360
48 365
48 366
48 371
48 373
48 396
49 134
49 136
49 139
49 146
49 163
49 165
49 169
49 172
49 177
49 184
49 185
49 189
49 201
49 235
49 236
49 245
49 253
49 254
49 262
49 263
49 272
49 282
49 287
49 294
49 296
49 301
49 303
49 319
49 320
49 324
49 334
49 340
49 341
50 3
50 14
50 28
50 35
51 16
51 17
52 19
52 22
53 15
53 16
53 17
53 32
53 40
53 43
53 51
53 54
54 3
54 27
54 29
54 42
54 44
54 47
54 50
54 54
54 59
54 60
55 5
55 7
55 8
55 19
55 22
55 25
55 35
55 36
55 43
55 52
55 63
55 69
55 70
55 72
55 218
55 228
55 237
55 239
55 243
55 247
55 249
55 261
55 274
55 278
55 281
56 124
56 128
56 129
56 132
56 137
56 138
57 13
57 18
57 32
57 35
57 38
60 42
60 44
60 54
62 47
62 53
63 12
63 23
63 25
63 29
63 34
64 91
64 96
64 97
64 101
64 106
66 4
66 181
66 187
66 188
66 193
66 194
66 197
66 199
66 202
66 205
66 212
66 216
66 222
66 225
67 10
67 12
67 13
67 25
67 157
67 158
67 159
67 160
67 161
67 162
67 167
67 172
67 183
67 192
67 203
67 206
67 228
67 234
67 237
67 239
67 242
67 243
67 248
67 251
67 257
67 267
67 268
67 271
67 276
67 277
67 281
67 285
67 286
67 309
67 323
67 325
67 326
67 328
67 337
67 343
67 344
67 345
67 349
67 350
67 351
69 63
69 64
69 74
69 125
69 147
69 151
69 157
69 161
69 164
69 168
69 179
69 183
69 186
69 199
69 205
69 213
69 217
69 222
69 225
69 227
69 230
69 236
69 242
69 243
69 247
69 248
69 249
69 252
69 253
69 264
69 271
71 2
71 5
71 19
71 20
72 5
72 6
72 7
72 8
72 13
72 25
72 28
72 33
72 50
72 57
72 58
72 61
72 97
72 101
72 113
72 114
72 122
72 203
73 10
73 11
73 18
73 19
73 36
73 41
73 55
73 62
73 75
73 78
73 79
73 82
73 83
73 87
73 88
73 92
73 93
73 94
73 100
73 103
73 106
73 107
73 114
74 75
74 76
74 90
74 92
74 96
74 105
74 109
74 113
74 116
74 119
74 122
74 128
74 147
74 153
74 155
74 157
74 169
74 180
74 188
74 203
74 213
74 215
74 225
74 226
74 231
74 236
74 240
74 241
74 248
74 255
74 257
74 261
74 270
74 272
74 277
74 278
74 284
74 285
74 293
74 295
74 296
74 301
74 302
74 307
74 312
74 328
74 329
74 333
74 404
74 409
74 425
74 432
74 445
74 456
74 459
74 467
74 477
74 484
75 4
76 2
76 8
76 16
76 22
76 25
76 29
76 37
76 38
76 169
76 174
76 179
76 185
76 196
76 197
76 200
76 230
76 234
76 235
76 236
76 239
76 247
76 251
76 261
76 358
76 359
79 32
79 33
79 50
79 55
79 57
79 60
79 61
79 63
79 67
79 71
79 88
79 92
79 95
81 88
83 2
83 6
84 5
84 6
84 10
84 13
84 19
84 26
84 32
84 34
84 37
84 43
85 9
85 10
86 13
86 16
88 27
88 31
88 43
88 46
88 51
88 115
89 12
89 22
89 27
89 39
89 49
90 1
92 102
93 19
93 20
93 26
93 29
93 30
93 36
93 48
93 56
93 66
93 73
93 74
93 86
93 87
93 92
93 93
93 94
93 97
93 98
93 109
93 123
93 124
93 131
93 140
93 144
93 152
93 155
93 160
93 163
93 164
93 173
93 201
94 25
94 28
94 35
94 36
94 38
94 41
94 51
94 64
94 69
94 73
94 87
94 91
94 92
94 95
94 117
