1 2
1 4
1 6
1 7
1 49
1 78
2 8
2 13
2 17
2 22
2 32
2 36
2 40
2 44
2 50
3 75
3 81
3 88
3 89
3 93
3 98
4 2
4 10
4 12
4 15
4 20
4 29
4 34
4 42
4 58
4 77
4 79
4 86
4 93
4 102
4 104
4 105
4 114
4 123
5 17
5 33
5 36
6 4
7 1
7 9
7 13
7 21
7 26
8 29
9 22
9 26
9 39
9 43
9 44
9 47
9 50
9 51
9 54
9 64
9 66
9 67
10 3
10 11
10 13
10 15
10 18
10 20
11 1
11 24
11 26
14 56
14 67
14 70
14 86
14 108
14 113
14 122
14 124
14 127
14 130
14 134
14 136
14 139
14 140
14 141
14 147
14 148
14 152
14 166
14 167
14 176
15 2
15 6
15 9
15 13
15 14
17 66
17 70
17 79
17 209
17 213
17 216
17 218
17 223
17 226
17 233
17 238
17 242
17 248
17 249
17 255
17 262
17 266
17 271
17 277
17 310
17 311
17 313
20 60
21 1
21 9
22 3
22 13
22 31
23 3
23 4
23 9
23 12
23 15
23 16
23 69
23 78
23 89
23 94
23 101
23 104
24 3
24 13
24 35
24 39
24 42
24 43
24 50
25 3
25 11
25 17
25 21
25 27
25 38
25 41
25 44
25 48
25 53
25 56
27 16
28 2
28 5
28 15
28 23
28 28
28 37
28 40
28 41
28 62
28 65
28 73
28 74
28 86
28 93
28 114
29 130
29 131
29 148
29 151
30 1
30 7
30 9
30 10
30 11
30 18
30 19
30 34
30 36
30 39
30 40
30 41
30 44
33 48
33 51
33 58
33 63
33 69
34 14
34 20
34 24
34 35
34 43
34 47
34 153
34 174
34 175
34 177
34 179
34 181
35 5
35 8
35 106
35 116
35 121
35 124
36 1
36 13
36 16
36 23
36 29
36 32
36 50
36 53
36 55
37 4
37 15
37 39
37 43
37 46
39 29
39 31
39 41
39 42
39 43
39 44
39 58
39 65
39 69
39 84
39 90
39 96
39 99
39 102
39 103
39 113
40 11
40 13
40 22
40 27
40 30
40 92
40 145
40 150
40 151
40 154
40 161
40 162
40 170
40 175
40 179
40 181
40 183
40 186
40 199
40 201
40 213
40 215
40 217
40 220
40 234
40 240
40 242
40 247
40 252
40 260
40 271
40 286
40 366
41 1
41 18
41 37
41 60
41 61
41 63
41 69
41 70
41 72
41 73
41 77
41 90
41 103
41 121
41 125
41 129
41 131
41 135
42 3
42 12
42 20
42 22
42 27
42 38
42 40
42 42
42 45
42 48
42 64
42 67
42 78
42 82
42 85
42 99
42 102
42 103
43 36
43 42
43 43
43 52
43 56
43 62
43 63
43 64
43 70
43 82
43 83
43 85
43 92
43 93
43 98
43 99
44 9
44 12
44 14
45 16
45 18
46 15
46 17
46 20
46 29
46 33
46 43
46 47
46 49
46 50
46 51
46 52
46 54
46 61
46 63
46 65
46 86
46 88
46 90
46 107
46 154
46 162
46 168
46 171
46 172
46 175
46 176
46 180
46 181
46 183
46 186
46 187
46 190
46 194
47 1
47 5
48 4
48 32
48 43
48 45
48 47
48 62
48 66
48 68
48 73
48 78
48 81
48 91
48 95
48 113
48 114
48 118
48 123
48 130
49 3
49 19
49 35
49 46
50 7
50 20
50 31
52 2
52 10
52 11
52 15
52 16
53 7
53 8
53 12
53 13
53 16
53 21
53 27
53 29
54 16
54 18
54 20
54 27
54 29
54 40
54 71
54 77
54 83
54 97
54 103
54 104
54 122
56 25
56 29
56 34
56 35
56 52
56 68
56 71
56 73
56 75
56 80
56 82
56 102
57 4
57 28
57 33
57 35
57 37
57 44
57 59
57 60
57 63
62 5
62 14
63 2
63 8
63 13
63 15
63 18
66 58
66 64
66 65
67 43
67 64
67 66
67 68
67 80
67 82
67 85
67 88
67 90
67 104
67 105
67 106
67 112
67 113
67 114
67 126
67 132
67 133
67 140
67 144
67 149
67 151
67 161
67 163
67 169
67 175
67 182
67 188
68 1
68 12
68 16
70 121
70 128
70 273
70 276
70 277
71 2
73 27
73 29
73 40
73 41
73 45
73 63
73 67
73 69
73 73
76 14
76 30
76 32
76 33
76 34
76 38
76 42
76 48
76 51
77 78
77 86
77 92
77 96
78 1
78 9
78 16
78 17
78 30
78 36
78 57
78 59
78 63
78 69
78 74
78 80
78 83
80 20
80 25
80 26
81 26
81 34
81 36
82 1
82 6
82 8
82 10
82 17
82 27
85 16
85 19
85 21
85 23
85 26
85 28
85 31
85 32
85 34
85 37
85 39
85 41
85 47
85 48
85 49
85 53
85 103
85 104
85 106
85 117
85 119
85 120
85 125
85 127
86 2
86 3
86 4
86 18
86 19
86 21
86 101
86 108
86 111
86 113
86 117
86 123
86 130
86 134
86 136
86 139
86 146
86 147
86 151
86 155
86 159
86 163
86 164
86 165
86 175
86 176
86 177
86 188
86 190
86 193
87 9
87 10
87 30
87 38
87 43
87 49
87 59
87 70
87 72
87 74
87 75
87 84
87 87
87 96
87 103
87 116
88 1
88 14
88 19
88 22
88 23
88 29
88 30
89 4
89 5
89 6
89 19
89 20
89 26
89 28
89 34
90 2
90 4
90 8
90 10
90 24
90 36
90 44
90 57
90 62
90 64
90 92
90 103
90 110
90 118
90 119
90 123
90 132
90 145
90 212
90 213
90 218
90 222
90 224
90 231
90 238
90 242
90 245
90 250
91 12
91 149
91 152
91 160
91 168
91 178
91 185
93 69
94 8
94 10
94 32
94 34
94 36
94 37
94 42
94 49
94 52
94 57
94 72
94 89
94 94
94 100
94 102
94 107
94 112
94 113
94 125
94 130
94 134
94 135
94 140
94 143
95 8
95 10
95 16
95 23
95 24
95 26
95 30
95 31
95 33
95 36
95 44
95 45
95 47
95 52
96 1
96 14
96 16
96 25
96 27
96 32
96 38
96 47
96 51
96 54
96 56
96 58
96 70
96 72
96 83
96 84
96 88
96 89
96 164
96 169
96 178
96 188
96 195
96 199
96 205
97 34
97 43
97 49
97 53
97 81
97 92
97 95
97 98
97 118
97 130
97 136
97 138
97 163
97 167
97 168
97 170
97 181
97 187
97 189
97 192
97 201
97 207
97 228
97 231
99 28
99 33
99 35
99 46
99 56
99 61
99 65
99 70
99 72
99 80
99 81
99 82
99 84
99 85
99 92
99 96
99 98
99 101
99 105
99 108
99 111
99 132
99 147
99 150
100 8
100 10
100 14
100 20
100 21
100 23
100 29
100 33
100 35
100 39
100 41
100 46
100 53
100 63
100 75
100 80
100 83
100 85
100 89
100 90
100 95
100 111
100 119
100 120
100 121
100 133
100 136
100 138
100 140
100 144
100 146
100 150
100 155
101 4
101 5
101 21
101 24
101 31
101 42
102 10
102 21
102 25
102 29
102 32
102 55
102 64
102 69
102 89
102 95
102 101
103 13
103 23
103 24
103 45
103 51
106 9
106 13
106 17
106 22
106 25
106 27
106 28
106 31
106 33
106 34
106 44
106 45
106 58
106 72
106 81
106 84
106 86
106 88
106 90
106 91
106 98
106 100
106 102
106 111
106 112
107 69
107 75
107 80
107 82
107 83
107 90
107 94
107 99
107 106
107 109
107 123
108 1
108 4
108 6
108 13
108 14
108 15
108 18
108 20
108 28
108 34
108 40
108 46
108 59
108 62
108 70
108 78
108 79
108 82
108 83
108 98
108 101
108 111
108 113
108 120
109 1
109 133
109 134
109 143
109 149
109 174
109 177
109 178
109 179
109 180
109 184
109 188
109 189
109 199
109 202
109 207
109 211
109 220
109 224
109 229
109 230
109 248
109 258
109 262
109 267
109 271
109 281
109 282
109 286
109 287
109 292
109 299
109 302
109 304
109 309
109 310
109 311
109 313
109 318
109 347
111 32
