1 1
1 4
1 13
1 16
1 17
1 22
1 27
1 29
1 30
1 31
1 37
1 47
1 48
1 51
1 84
1 93
1 98
1 100
3 3
3 36
3 39
3 41
3 52
3 55
3 56
3 67
3 68
3 70
3 78
3 79
3 94
3 95
3 98
3 102
3 104
4 4
4 12
5 6
6 6
6 14
6 17
6 18
6 26
6 28
6 29
6 39
6 41
6 46
6 55
6 59
6 67
6 70
6 71
6 76
6 77
6 78
6 80
6 85
6 91
6 92
6 98
6 100
6 110
6 112
6 125
6 140
7 8
7 12
7 18
7 23
7 34
9 63
9 69
9 88
9 91
9 92
10 1
10 58
10 61
10 71
10 77
10 89
10 91
10 97
10 98
10 100
10 108
10 115
10 118
11 4
11 5
11 11
11 12
11 19
11 24
11 25
11 35
11 41
11 44
11 45
11 52
11 53
11 54
11 55
11 58
11 64
11 66
11 176
11 177
11 178
11 179
11 180
11 201
11 204
11 205
11 212
11 213
11 215
12 94
12 95
12 99
12 101
12 104
12 109
12 118
12 120
12 123
12 125
12 126
12 131
12 134
12 141
14 9
14 16
14 18
14 21
14 28
14 30
14 33
14 38
14 45
14 61
15 1
15 5
15 15
15 21
15 25
15 30
15 36
15 38
15 39
16 25
16 27
16 35
16 37
16 41
16 43
16 44
16 46
16 47
16 82
16 86
16 90
17 5
17 9
17 11
17 15
17 29
17 31
17 35
17 41
17 48
18 10
18 11
18 14
18 27
18 30
18 48
18 53
19 4
19 13
19 16
19 18
19 21
24 4
24 28
24 38
24 41
24 43
24 52
24 53
24 57
24 64
24 72
24 78
24 84
24 86
24 95
24 97
24 99
25 21
25 22
25 27
25 30
25 35
25 42
25 56
25 63
28 28
28 34
28 43
29 16
31 93
31 100
31 110
31 124
31 128
31 137
31 140
31 145
31 148
31 158
31 161
32 6
32 8
32 10
32 16
32 24
32 27
32 47
32 49
32 51
32 57
32 62
32 72
32 74
33 3
33 13
33 18
33 26
33 37
33 46
33 51
33 65
33 69
33 78
33 81
34 6
34 22
34 27
34 30
34 41
34 42
34 45
38 29
38 33
38 34
38 36
38 38
38 41
38 45
38 52
38 56
38 58
38 61
38 65
38 74
38 75
38 76
38 84
38 94
38 116
38 124
38 125
38 133
38 139
38 143
39 2
39 4
39 43
39 54
41 6
41 8
41 19
41 21
41 22
41 42
41 64
41 77
41 79
41 91
41 92
41 94
41 96
41 105
41 106
41 114
42 7
42 18
42 20
42 66
42 68
42 70
42 72
42 73
42 80
42 82
42 86
42 158
42 171
42 174
42 178
42 182
42 191
42 197
42 223
42 230
42 232
42 351
42 353
42 354
42 439
42 442
42 443
42 444
42 452
42 454
42 455
42 460
42 462
42 471
42 514
42 522
42 523
43 7
43 13
43 21
43 29
44 3
44 10
44 15
44 18
44 24
45 1
45 5
45 7
45 10
45 42
45 46
45 47
45 54
45 183
45 184
45 186
45 194
45 204
45 211
45 216
45 218
45 220
45 236
45 244
45 246
45 251
45 257
46 5
46 8
46 10
46 11
46 25
46 26
46 29
47 1
48 8
49 1
49 14
49 30
49 40
49 42
49 43
49 46
49 54
49 60
49 69
53 6
53 10
53 18
53 31
53 39
53 47
53 62
53 64
53 67
53 76
53 78
53 83
53 96
53 98
53 115
54 7
55 4
55 16
55 31
55 35
56 5
56 8
56 14
56 17
56 162
56 163
57 23
57 25
57 86
57 94
57 96
57 101
57 103
57 109
57 120
57 125
57 132
59 4
59 7
59 12
59 15
60 2
60 3
60 12
60 13
60 18
60 23
60 25
60 26
60 30
60 36
60 55
60 59
60 61
60 66
60 68
61 3
61 6
61 13
61 21
61 22
61 26
61 31
61 35
61 41
61 46
61 48
61 52
61 62
62 1
62 9
62 12
62 13
62 17
62 153
62 157
62 159
62 165
62 172
62 179
62 192
63 2
63 3
63 5
63 6
63 15
63 22
63 36
63 42
63 44
63 47
63 53
63 55
63 57
63 68
63 72
63 74
63 80
67 53
67 63
67 68
67 98
67 113
67 115
67 118
67 123
68 11
68 22
68 28
68 31
68 35
68 41
68 46
68 49
68 51
68 56
68 64
68 66
68 68
68 79
68 83
69 58
69 60
69 71
69 197
69 198
69 202
69 205
69 211
69 213
69 214
69 215
69 220
70 1
70 15
70 16
70 34
70 41
70 44
70 47
70 52
70 55
70 64
70 66
70 67
70 78
70 79
70 81
71 11
71 18
72 2
72 3
73 5
73 17
73 18
73 19
74 7
74 14
74 41
76 121
76 126
76 131
76 133
76 142
76 143
76 145
76 146
76 148
76 151
76 152
76 157
76 159
76 164
76 167
76 173
76 180
76 181
76 183
76 184
76 187
76 191
77 20
77 22
77 26
77 28
77 30
78 8
78 10
78 14
78 15
78 31
78 38
78 45
78 66
78 68
78 71
78 76
78 81
78 84
78 87
78 96
78 98
78 108
78 116
78 123
78 128
78 129
78 134
78 148
78 149
78 151
78 153
78 154
78 160
78 170
78 184
80 13
80 23
80 24
80 28
80 30
80 35
80 36
80 46
80 64
80 65
80 70
80 75
80 79
80 80
80 81
80 85
80 109
80 110
80 114
80 120
80 121
80 122
80 123
80 153
80 159
80 160
80 162
80 167
80 168
80 176
80 181
80 195
80 196
80 197
80 199
81 14
81 34
81 35
81 37
81 41
81 51
82 6
82 19
82 22
82 23
82 33
82 107
82 129
82 130
82 136
82 137
82 140
82 142
82 144
82 153
82 155
82 171
83 2
83 5
85 9
85 17
85 40
87 94
87 99
87 124
87 128
88 6
88 8
88 14
88 15
88 19
88 26
88 27
88 30
88 31
88 32
88 33
88 34
88 39
88 44
88 47
88 55
88 60
88 61
88 98
88 99
89 27
89 30
89 31
89 37
90 1
90 10
90 12
90 13
90 15
90 16
90 30
98 14
99 51
99 56
99 63
99 77
99 81
99 82
99 87
99 88
99 94
99 106
99 112
99 114
99 127
100 1
100 2
100 6
100 13
100 25
100 33
100 64
101 2
101 23
101 34
102 5
102 18
102 23
102 24
102 25
102 37
103 2
103 13
103 16
103 28
104 2
104 3
104 4
104 8
104 11
104 27
104 28
104 46
104 50
104 52
104 53
104 58
104 66
104 72
104 75
104 78
104 88
104 100
104 109
104 114
104 118
104 119
104 123
104 125
104 131
105 8
105 9
105 16
105 25
105 30
105 33
105 35
106 87
106 88
106 92
106 97
106 99
106 103
106 120
106 124
106 125
106 126
107 7
107 14
108 11
108 12
108 15
108 17
108 20
108 25
108 29
108 39
108 45
108 53
108 56
108 64
108 79
108 88
108 96
108 103
108 104
112 43
112 44
112 57
112 65
112 80
112 84
112 87
112 96
112 98
112 101
112 103
112 122
112 135
112 142
112 144
112 149
113 21
113 22
113 28
114 51
114 58
114 76
114 95
114 101
114 135
114 198
114 209
114 211
114 218
114 223
114 225
114 231
114 233
114 236
114 237
115 2
115 4
117 5
117 130
117 132
117 135
117 136
117 137
117 141
117 146
117 149
117 156
117 158
117 164
117 179
117 196
117 200
118 4
118 6
118 22
118 31
118 44
118 46
118 48
118 54
118 56
118 67
118 69
119 5
119 13
119 14
119 17
119 18
119 19
119 25
119 27
119 33
119 52
119 53
119 55
119 67
119 72
119 100
119 239
120 2
120 6
120 9
120 15
120 16
120 23
120 26
120 29
120 36
120 39
120 42
120 44
120 45
120 46
120 51
120 52
120 62
120 64
120 67
120 76
120 78
120 80
120 86
121 5
121 18
121 31
121 33
121 34
121 41
122 11
122 21
122 39
122 44
122 57
122 59
122 65
122 66
122 71
122 78
122 80
122 89
122 91
122 92
122 97
123 2
123 8
123 10
123 15
123 17
123 21
123 27
123 30
123 31
123 34
123 44
123 45
123 61
123 63
123 64
123 68
123 73
123 78
123 81
123 88
123 89
123 94
123 98
123 104
123 106
123 112
123 156
