1 2
1 9
1 15
1 32
2 39
4 2
4 21
4 28
4 33
5 4
5 24
5 154
6 1
6 6
6 7
6 22
6 23
6 26
6 44
6 46
6 50
6 51
6 53
6 65
7 17
7 22
7 24
7 25
7 36
7 37
7 105
7 107
7 111
7 116
7 118
7 123
7 126
7 128
7 130
7 135
7 143
7 149
7 157
7 184
7 187
10 77
10 79
10 80
11 2
11 4
12 16
12 34
12 35
12 46
12 52
12 59
12 60
13 6
13 7
13 11
13 19
13 20
13 29
13 30
13 35
13 53
13 56
13 58
13 59
14 3
14 8
14 11
14 57
14 59
14 65
15 1
15 4
15 10
15 11
15 16
15 20
16 3
17 6
18 4
18 20
20 30
20 38
20 45
20 51
20 53
20 58
20 60
20 65
20 113
20 114
20 116
20 117
20 118
20 126
20 140
20 142
20 147
20 251
20 254
20 255
20 261
20 272
20 282
20 285
20 289
20 296
20 299
20 301
21 7
21 14
21 19
21 21
21 37
21 41
21 43
21 48
21 49
21 52
21 85
25 12
25 23
25 33
27 5
27 6
27 31
27 35
27 37
27 39
28 15
28 16
28 20
28 35
28 37
28 40
28 49
28 55
28 71
28 73
28 78
29 12
29 14
29 31
29 42
30 12
30 16
30 17
30 20
30 22
30 24
30 26
30 40
31 35
31 41
31 44
31 46
31 49
31 54
31 61
31 64
31 65
31 67
32 1
32 3
32 4
32 5
32 9
32 10
32 13
32 26
32 28
32 32
33 3
33 10
33 14
33 17
33 19
33 20
33 26
33 36
33 50
33 53
33 75
33 80
33 81
33 82
33 90
34 4
34 6
34 8
34 31
34 32
34 35
34 38
34 44
34 46
36 19
36 20
36 43
36 44
36 48
36 51
37 12
37 14
37 17
37 18
37 22
37 43
37 48
37 56
37 77
37 79
37 85
37 90
37 93
37 95
37 96
37 107
38 15
38 26
38 27
40 3
40 9
40 17
40 18
40 23
40 25
40 28
40 40
40 41
40 43
40 45
40 47
40 61
40 66
40 68
40 70
40 71
40 77
40 86
40 93
40 97
40 100
40 108
40 112
40 123
41 3
41 6
41 7
41 8
41 16
41 20
41 22
41 28
41 32
42 3
42 11
42 17
42 23
42 27
42 29
42 34
42 48
42 63
42 67
43 1
43 3
44 5
44 14
44 21
44 23
45 82
45 85
45 87
45 91
45 107
45 114
45 120
45 121
45 128
45 165
45 168
45 173
45 176
45 183
45 184
45 186
45 189
45 193
45 201
45 209
45 211
45 214
45 218
46 12
46 15
46 30
47 1
47 5
47 13
47 26
47 34
47 38
47 41
47 43
47 46
48 7
48 20
48 24
48 26
48 29
48 35
48 38
48 49
48 53
48 54
48 74
48 98
48 101
48 110
48 239
48 240
48 241
48 258
48 261
48 273
48 297
48 298
48 301
48 306
48 307
48 310
48 317
48 489
48 493
48 495
48 497
48 500
48 502
48 505
48 509
48 515
48 524
48 526
48 529
48 531
48 541
48 544
48 545
48 548
48 552
48 561
48 585
48 587
48 588
48 590
48 593
48 594
48 598
48 608
48 610
48 613
48 618
48 627
48 630
48 633
48 636
48 637
48 641
48 644
48 648
48 650
48 663
48 664
48 665
48 666
48 670
48 671
48 677
48 681
48 688
48 692
48 694
48 697
48 700
48 702
48 711
49 45
49 56
49 57
49 59
49 60
49 63
49 78
49 80
49 88
49 90
49 99
50 1
50 26
50 27
50 29
50 38
50 45
50 49
51 18
51 21
51 23
51 39
51 40
51 41
51 45
51 47
51 57
51 60
51 73
51 76
51 77
51 78
51 92
51 95
51 96
51 100
51 115
51 116
51 122
51 123
51 128
52 7
52 28
55 9
55 10
55 13
55 14
56 18
56 43
56 48
56 57
56 61
56 62
57 2
57 9
57 11
57 15
57 23
57 30
57 159
57 176
58 75
58 78
58 85
58 93
58 94
58 100
58 101
58 118
58 122
58 140
58 144
58 146
58 151
58 152
58 162
58 167
58 172
58 177
58 178
58 179
58 180
58 186
58 188
58 189
58 191
58 193
59 37
59 42
59 44
59 58
61 43
61 44
61 46
61 54
61 58
61 66
61 69
61 71
61 72
61 74
61 76
61 80
61 94
61 96
61 105
61 110
61 111
61 116
61 119
61 120
61 171
61 187
61 197
62 3
62 8
62 10
62 12
63 6
63 10
63 12
63 18
63 27
63 34
63 42
63 51
63 53
63 55
63 56
63 64
63 65
63 67
63 74
63 78
64 7
64 15
64 23
64 33
64 35
64 39
64 42
64 44
64 58
64 70
64 73
64 76
64 92
64 98
65 15
65 17
65 18
65 22
65 35
65 42
65 45
65 48
65 55
67 9
67 17
67 20
67 27
67 31
68 3
68 6
68 8
68 9
70 42
70 45
70 56
71 12
71 19
71 44
71 53
71 54
71 64
71 70
71 72
71 74
71 77
71 78
71 85
71 89
71 90
71 93
71 96
71 99
71 108
71 109
71 119
71 125
71 130
71 133
71 153
73 9
73 11
73 19
73 148
73 149
73 158
73 162
73 168
73 172
73 187
73 191
73 196
75 28
75 33
75 36
78 55
78 61
78 62
78 68
78 71
78 79
79 2
79 12
79 16
79 24
79 25
79 29
79 32
79 33
79 40
79 45
79 48
79 49
79 72
79 73
79 74
79 82
79 88
79 89
79 92
79 120
79 121
79 131
79 136
79 144
79 148
79 149
79 150
79 161
79 167
79 169
79 199
79 200
79 204
79 222
79 236
79 237
79 239
79 241
79 246
79 247
79 261
79 270
79 274
79 278
79 282
79 284
79 320
79 323
79 332
79 343
79 354
79 356
79 374
79 379
82 41
82 43
82 44
82 48
82 51
83 1
83 2
83 12
83 31
83 36
83 39
83 43
83 53
83 62
85 24
85 26
85 37
85 38
85 46
85 50
85 51
85 55
85 58
85 62
85 69
85 71
85 74
85 77
85 84
85 92
85 96
85 100
86 1
86 11
86 27
86 39
86 43
86 48
86 55
86 57
86 61
86 73
87 1
87 6
87 7
87 17
87 25
87 27
87 28
87 41
87 75
87 85
87 89
87 97
87 99
87 101
87 102
87 111
87 120
87 136
87 137
87 138
87 142
87 157
88 2
89 14
89 22
89 27
89 38
89 42
89 52
89 57
90 1
90 2
90 9
90 15
90 26
90 31
90 50
90 55
90 60
90 65
90 72
90 74
90 80
90 84
90 86
90 88
90 100
90 105
90 107
90 110
90 117
90 122
90 123
90 135
90 266
90 268
90 270
91 12
91 15
92 26
92 35
93 2
93 13
93 15
93 21
93 28
93 30
93 37
93 43
93 45
93 100
95 68
95 73
96 1
96 25
97 14
97 15
97 19
97 22
98 1
98 54
98 56
98 77
99 3
99 17
99 22
99 23
99 29
99 36
99 38
99 43
99 46
99 55
99 80
99 85
99 88
99 99
100 6
100 16
100 17
101 19
102 6
102 7
102 12
102 29
102 44
102 47
102 70
102 74
102 80
103 22
103 23
103 43
103 53
103 54
103 59
105 34
105 40
105 41
105 53
105 61
105 95
105 99
106 30
106 48
106 52
106 60
106 61
106 72
106 79
106 80
106 81
106 82
106 92
106 102
106 118
106 124
106 129
106 137
106 139
106 153
106 158
106 166
106 168
107 14
107 24
107 30
107 35
107 40
107 42
107 44
107 55
107 59
107 60
107 69
108 3
108 16
109 1
109 2
109 4
109 7
109 15
109 24
109 28
109 31
109 33
109 34
109 40
109 41
109 50
109 56
109 58
109 61
109 62
109 67
109 72
109 82
109 101
109 106
109 111
109 112
109 114
109 119
109 122
109 127
109 129
109 132
109 135
109 137
109 140
110 2
110 5
110 11
110 24
110 25
110 30
110 49
110 57
110 77
110 84
110 86
111 19
111 20
111 24
112 2
112 6
112 9
112 22
112 30
112 39
112 43
112 50
112 59
112 72
112 78
113 8
113 13
113 21
113 22
113 134
113 135
113 137
113 138
113 158
113 159
113 164
114 1
114 97
114 105
114 113
114 116
114 117
116 23
116 26
116 27
116 35
116 42
116 45
117 1
117 4
117 7
117 15
117 16
117 19
117 22
117 24
117 27
118 2
118 27
118 28
118 30
118 31
118 33
118 37
118 40
118 41
118 44
119 1
119 9
119 19
119 33
119 118
119 120
119 129
119 132
119 140
119 142
119 143
119 152
119 157
119 160
119 163
119 175
119 178
119 179
119 188
119 191
119 195
