1 2
1 5
1 6
1 15
1 16
1 21
2 1
2 4
2 5
2 8
2 10
2 30
2 52
2 73
2 77
2 80
2 88
2 90
2 98
2 101
2 102
2 110
2 119
2 120
2 133
2 144
2 146
2 149
2 151
2 159
2 161
2 165
2 166
2 167
2 170
2 187
2 193
2 194
2 198
2 203
2 219
3 22
3 44
3 49
3 60
3 67
3 76
3 78
3 87
3 93
3 105
3 106
4 10
4 15
4 18
5 1
7 79
7 83
7 85
7 91
7 93
7 98
7 101
7 108
9 22
9 27
10 5
10 19
10 20
10 21
10 32
10 38
10 39
10 44
10 48
10 50
10 53
10 75
10 83
10 90
10 92
10 95
10 110
10 111
10 114
10 131
10 136
10 142
10 146
10 158
10 161
12 32
12 35
12 41
12 43
12 54
12 55
13 2
13 8
13 12
14 3
14 5
14 6
15 4
15 7
15 21
15 22
15 26
15 28
15 35
16 2
16 6
16 16
16 27
17 5
17 6
17 9
17 27
17 29
17 70
17 71
17 73
17 74
17 84
17 94
17 97
17 99
17 100
17 108
17 114
17 158
17 165
17 167
17 171
17 172
17 174
17 176
17 180
17 188
17 197
17 199
17 206
17 209
17 213
18 18
18 20
18 25
18 28
18 35
18 38
18 41
18 48
18 58
18 66
18 79
18 85
18 92
20 2
22 32
22 34
22 35
22 37
22 39
22 42
22 48
22 55
22 60
22 65
22 75
22 81
22 82
23 18
23 20
23 32
23 36
23 42
23 50
23 56
23 107
23 115
23 119
23 130
23 132
23 137
23 148
23 153
24 6
24 8
24 11
24 34
24 36
24 40
24 43
27 21
27 23
27 26
27 27
27 39
27 82
27 83
27 97
27 101
27 102
27 110
28 4
28 10
28 14
28 16
29 45
29 46
29 57
29 60
29 61
29 75
29 77
29 83
29 90
29 91
29 97
29 98
29 99
29 103
29 114
29 119
29 122
29 126
29 132
29 134
29 145
30 14
30 25
30 30
30 45
30 52
30 53
31 1
32 11
32 14
32 38
32 70
34 10
34 14
34 25
34 39
34 40
34 41
34 46
35 6
35 9
36 2
36 3
36 8
36 14
36 20
36 51
36 54
36 60
36 68
40 18
40 23
40 26
40 35
40 38
40 45
40 52
40 54
40 59
40 65
40 66
40 72
40 75
40 86
40 95
40 98
40 99
40 102
40 113
40 119
40 122
40 131
41 19
41 31
41 32
41 38
41 40
41 41
41 44
41 45
42 1
42 9
42 11
42 18
42 22
42 23
42 24
42 34
42 37
42 41
42 43
42 49
42 66
42 77
42 78
42 82
42 86
42 97
42 98
43 3
43 4
44 13
44 19
45 17
45 19
45 21
45 22
45 24
45 27
45 30
45 36
45 37
45 42
45 45
45 47
47 90
47 92
47 93
47 95
47 98
48 10
48 33
48 36
48 45
48 59
48 66
48 69
48 102
48 127
48 129
48 132
48 136
48 142
48 143
48 147
48 151
48 160
48 167
48 175
49 4
49 5
51 68
52 6
52 16
52 19
53 6
53 11
53 17
53 19
53 20
53 31
53 34
54 4
54 15
54 22
54 24
54 28
54 56
54 58
54 71
54 72
55 4
56 2
56 3
56 24
56 30
56 31
56 47
56 52
56 68
56 74
56 89
56 93
58 2
59 6
59 12
59 13
59 18
59 19
59 23
59 26
60 40
60 44
60 46
60 49
60 64
61 91
61 158
61 169
61 172
61 183
61 185
61 187
61 191
61 192
61 284
61 285
62 1
62 2
62 6
62 8
62 45
62 48
62 61
62 65
62 69
62 77
62 82
65 43
65 45
65 52
65 55
65 62
65 63
65 65
65 67
65 68
65 71
66 8
66 12
68 5
68 9
68 79
68 87
68 90
68 92
68 105
68 107
68 108
68 115
68 116
68 135
68 138
68 142
68 145
69 1
69 3
69 5
69 9
69 14
69 15
69 16
69 23
69 25
69 34
69 44
70 5
70 9
70 12
70 13
70 18
70 35
70 45
70 53
70 59
70 65
70 71
70 116
70 118
70 119
70 121
70 133
70 138
70 141
70 142
70 146
70 153
70 154
70 157
70 158
70 187
70 190
70 198
70 210
70 217
70 234
70 246
70 248
70 250
70 254
70 257
70 258
70 263
70 267
70 273
70 277
70 281
70 294
70 296
70 305
70 308
70 313
70 318
70 331
70 333
70 351
70 352
70 354
70 357
70 358
70 367
70 374
71 30
72 9
72 18
72 32
72 69
72 79
72 82
72 87
72 97
72 106
72 107
72 108
72 109
72 113
72 115
72 117
72 120
72 122
72 126
72 127
73 73
73 74
73 80
73 82
73 85
73 93
75 8
75 9
75 11
75 19
75 20
75 22
75 153
75 163
75 167
75 180
75 188
75 189
75 193
75 194
75 202
75 210
75 213
75 221
75 272
75 287
75 289
75 311
75 324
75 326
76 40
76 51
76 86
76 98
76 100
76 107
77 5
77 7
77 16
77 19
77 33
77 39
77 42
77 46
77 50
77 68
77 72
77 76
77 78
77 80
77 84
77 85
77 88
78 3
78 11
78 12
78 22
78 32
78 36
78 40
78 43
78 56
78 58
78 70
79 1
82 68
82 74
82 81
82 82
82 86
82 87
82 96
82 100
82 102
82 110
82 115
82 118
82 121
82 124
82 126
82 159
82 165
82 185
82 202
83 1
83 4
83 23
84 2
84 8
85 1
85 3
85 5
85 8
85 12
85 17
88 3
88 12
88 16
89 21
89 22
89 31
89 37
89 39
89 40
89 44
89 47
89 52
89 55
89 58
89 59
89 60
89 64
89 73
89 74
89 84
89 87
90 7
90 8
90 13
90 16
90 18
91 5
91 13
91 14
91 19
91 21
91 24
91 27
91 45
91 49
91 52
91 55
91 56
91 58
91 72
91 83
91 96
91 97
91 98
91 100
91 105
91 106
91 110
91 207
91 212
91 215
91 216
92 45
93 10
93 20
93 29
93 31
93 35
93 44
93 46
93 47
93 50
93 53
93 64
93 66
94 4
94 8
94 17
95 8
95 11
95 20
95 24
95 26
95 29
95 32
95 38
95 48
95 50
95 57
95 58
95 60
95 69
95 78
95 80
95 81
95 90
95 91
95 92
95 98
95 99
95 107
95 113
95 123
95 130
96 2
96 4
96 7
96 10
96 12
96 23
96 31
96 34
96 35
96 43
96 50
96 51
96 54
96 55
96 61
96 65
96 66
96 68
96 69
96 71
96 76
96 85
98 1
98 4
98 7
98 9
98 10
98 11
98 14
98 15
98 22
98 26
99 106
100 1
100 6
100 8
100 10
100 13
100 17
101 1
101 10
102 6
102 13
102 14
102 16
102 23
102 25
102 28
102 32
102 38
102 42
103 95
103 103
103 110
103 111
103 115
103 124
103 128
103 133
103 135
103 139
103 150
103 157
103 165
103 168
103 169
103 171
103 198
103 206
103 208
103 223
103 226
103 228
103 233
103 236
104 12
104 17
104 20
104 24
104 29
104 30
104 37
104 41
104 48
104 61
105 7
105 8
105 11
106 5
106 7
106 8
106 11
106 13
106 27
106 36
106 39
106 40
106 47
106 49
106 71
106 77
106 82
106 88
106 100
106 103
107 44
107 51
107 52
107 64
107 75
107 79
107 80
107 85
107 122
107 130
107 132
107 143
107 148
107 150
107 155
107 156
107 166
107 171
107 191
107 192
107 196
107 198
107 206
107 208
107 218
107 221
107 228
107 257
107 274
107 282
107 283
107 285
108 5
108 6
108 8
108 19
109 1
109 3
109 22
109 24
109 26
109 28
109 37
109 40
109 41
109 46
110 23
110 26
110 27
110 29
110 30
110 36
110 38
110 42
110 51
110 79
110 91
110 92
111 2
111 5
112 2
113 71
113 76
113 80
113 97
113 100
113 101
113 104
113 105
113 117
113 120
113 128
113 140
113 141
114 40
114 154
114 156
114 172
114 173
114 181
114 182
114 187
114 188
114 201
115 1
116 1
116 7
116 9
116 14
116 31
117 20
117 22
117 23
117 26
117 31
117 34
117 54
117 55
117 56
117 64
117 66
117 68
117 71
117 72
117 73
117 74
117 115
117 118
117 124
117 130
117 134
117 144
117 151
117 152
117 154
117 158
117 162
117 176
117 177
117 184
117 188
117 198
117 208
117 216
117 225
117 227
117 228
117 233
117 235
117 237
117 240
117 247
117 248
117 249
117 267
117 268
117 272
117 279
117 286
117 292
117 294
117 303
117 319
117 323
117 338
117 357
117 363
117 367
117 381
