1 11
1 13
1 20
1 25
1 26
1 31
1 34
1 51
2 1
2 3
2 10
2 30
2 38
2 39
2 52
2 74
2 82
2 83
2 87
2 92
2 95
2 100
2 107
2 242
4 5
4 7
5 4
5 9
5 10
5 28
5 29
5 36
5 39
5 50
6 14
6 18
6 29
6 72
7 6
7 15
7 19
7 21
7 23
7 26
7 28
7 29
7 37
7 40
7 42
7 44
7 47
7 52
7 59
8 18
8 35
8 36
8 40
8 41
8 44
8 51
8 57
8 66
8 75
8 77
8 82
8 86
8 90
8 91
8 93
8 110
8 121
8 133
8 139
8 140
8 154
8 161
8 174
8 175
8 187
8 189
8 190
8 194
8 204
8 207
8 209
8 219
8 227
8 234
8 239
8 245
8 250
8 253
8 254
8 257
9 3
9 6
9 22
9 30
9 110
9 121
9 126
9 127
9 131
9 132
9 136
9 146
9 155
9 163
9 167
10 7
10 8
10 15
10 21
11 1
11 14
11 21
11 28
12 2
12 8
12 13
12 30
12 31
12 34
12 48
12 148
12 150
12 152
12 155
12 167
13 4
13 16
13 26
13 34
13 35
13 49
13 51
13 57
13 60
13 63
13 66
13 68
13 77
13 81
13 86
13 89
15 2
15 6
15 7
15 11
15 19
16 1
16 8
16 9
16 12
16 13
16 23
16 44
16 47
16 50
16 54
16 56
16 63
16 66
16 110
16 112
16 114
16 120
16 125
16 135
16 141
16 146
16 147
16 158
16 168
16 169
16 175
16 178
16 181
16 200
16 203
16 204
17 5
17 11
17 17
17 19
17 21
17 22
17 23
19 3
19 5
19 17
19 27
19 30
19 32
19 38
20 10
21 6
23 45
23 46
23 53
23 192
23 193
23 194
23 200
23 201
23 215
23 226
23 228
24 3
24 135
25 52
25 61
25 64
25 68
25 71
25 72
26 101
26 110
26 111
26 113
26 114
26 116
26 121
26 123
26 126
26 139
26 149
26 150
27 1
27 4
27 7
27 13
27 14
27 21
27 28
27 35
27 43
27 52
27 53
27 57
27 60
27 63
27 74
27 79
27 87
27 105
27 108
28 4
28 19
28 28
28 41
28 44
31 29
31 30
31 31
31 32
31 35
31 37
31 39
31 43
31 44
31 50
31 51
31 64
31 67
31 71
31 72
31 80
31 81
31 99
32 6
34 5
34 9
34 12
34 15
34 22
34 37
34 49
34 51
35 118
35 131
35 134
35 149
35 152
35 154
35 156
35 159
35 170
35 174
35 175
35 182
35 192
35 203
35 209
35 210
35 222
35 223
35 226
35 227
35 233
35 237
35 242
35 244
35 252
35 255
35 259
35 266
35 271
35 276
35 278
35 283
35 287
35 290
35 295
35 297
35 298
35 336
37 45
37 54
37 66
37 76
37 88
37 93
37 101
38 14
38 20
38 22
38 23
38 27
38 28
38 33
38 47
38 56
38 60
39 49
39 50
39 53
39 64
39 72
39 78
39 84
39 92
39 111
39 121
39 122
39 124
39 125
39 129
39 131
40 8
40 34
40 38
41 3
41 11
41 12
41 21
41 26
41 27
42 83
42 85
42 100
42 104
42 109
42 116
42 118
42 123
42 125
42 251
42 256
42 269
42 279
42 281
42 283
42 284
42 286
43 5
43 12
43 27
43 34
43 35
43 36
43 38
43 54
43 59
43 67
43 77
43 79
43 85
45 27
45 33
45 39
45 47
45 49
45 52
45 66
45 67
45 71
45 78
45 90
45 92
45 94
45 95
45 99
47 50
47 51
47 56
47 60
47 63
47 78
47 80
47 83
47 84
47 86
47 90
47 106
47 111
47 115
47 116
47 117
47 120
48 9
48 14
48 22
48 23
48 24
48 25
48 29
48 42
48 44
48 56
48 59
48 64
48 66
48 68
48 74
48 76
48 90
48 93
48 101
48 110
48 113
48 129
48 131
48 132
49 30
49 46
49 51
49 60
49 65
49 66
49 76
49 77
49 79
49 81
49 85
50 66
50 78
51 3
51 4
51 5
51 9
51 10
52 52
52 55
52 58
53 38
53 54
53 68
54 8
54 11
54 12
54 30
54 34
54 38
54 40
54 44
54 68
54 69
54 76
54 81
54 89
54 90
54 91
54 94
54 101
54 108
54 122
57 6
57 8
57 9
57 23
57 30
57 57
57 64
58 3
58 20
58 26
58 44
58 51
58 60
58 68
58 70
58 78
58 85
58 88
62 37
62 50
62 58
62 60
62 65
62 77
62 79
62 81
62 85
63 2
63 4
63 5
63 7
63 19
63 20
63 30
63 41
63 44
63 58
64 2
64 5
64 6
64 7
64 15
65 35
65 40
65 50
65 52
65 57
65 58
65 59
65 72
65 73
65 89
65 90
65 92
65 98
65 103
66 4
66 8
68 64
68 65
68 85
68 91
68 95
68 101
68 107
68 115
68 116
68 124
68 127
68 131
68 133
69 3
69 11
69 17
69 18
69 26
69 49
69 50
69 60
69 61
69 63
69 71
69 73
69 82
69 84
69 88
69 92
69 93
69 154
69 159
71 3
72 4
72 6
72 11
73 4
73 8
73 11
73 15
73 17
73 21
74 3
74 6
74 19
74 21
74 32
74 118
74 125
74 130
74 138
74 269
75 2
75 6
75 7
75 9
75 11
75 16
75 18
75 27
75 29
75 40
75 45
75 52
75 54
75 57
75 58
75 61
76 31
76 32
76 37
76 38
76 40
76 42
76 45
76 51
76 54
76 62
76 71
76 83
76 84
76 86
76 92
76 93
76 98
76 100
76 114
76 116
76 118
76 119
76 122
76 125
77 43
78 5
78 6
78 29
78 40
78 49
78 53
78 63
78 71
78 72
78 77
78 102
78 103
78 104
78 107
78 116
78 118
78 124
78 131
78 132
78 143
78 154
78 160
78 183
78 187
78 192
78 195
78 196
78 214
78 220
79 3
79 6
81 10
81 12
81 15
81 24
81 27
82 5
82 6
82 20
82 23
82 31
82 37
82 42
82 50
82 59
82 61
84 2
84 4
84 17
84 21
84 34
84 48
84 51
84 52
84 56
84 57
84 67
84 69
84 75
84 78
84 85
84 86
84 89
84 171
85 1
85 2
85 3
85 4
85 9
85 11
85 15
85 57
85 63
85 151
85 165
85 168
85 172
85 173
86 4
86 10
86 26
86 45
86 60
86 66
86 69
86 78
86 85
86 92
87 2
87 24
87 79
88 5
88 6
88 7
88 10
88 19
88 24
88 38
88 39
88 44
88 46
88 63
88 73
88 74
89 6
89 17
89 22
89 34
89 35
89 46
89 50
89 57
89 67
89 69
89 94
89 98
89 99
89 106
89 108
89 124
89 133
89 136
89 141
89 152
89 153
89 157
89 158
89 169
89 171
89 177
89 186
90 9
90 33
90 36
90 42
92 60
92 66
92 67
92 70
92 71
92 83
92 90
92 104
92 105
92 107
92 112
92 120
92 121
92 136
93 2
93 3
93 5
94 2
94 3
94 5
94 7
94 17
94 42
94 50
94 51
95 1
95 4
95 13
95 28
95 149
95 154
95 167
95 180
96 1
96 4
96 14
97 6
97 7
97 9
97 24
97 27
97 30
97 37
97 49
97 52
97 60
97 67
97 68
97 71
97 72
97 172
97 174
97 176
97 178
97 182
97 184
97 187
97 196
97 197
98 13
98 15
98 17
98 20
98 22
98 26
98 35
99 7
99 10
99 13
99 14
99 18
99 28
99 33
99 37
99 38
99 42
100 4
100 8
103 36
103 43
103 53
103 56
103 71
103 75
103 76
103 87
103 91
103 99
103 106
103 110
104 12
104 15
104 22
104 26
104 32
104 34
104 38
104 47
104 50
104 56
104 79
104 81
104 82
104 85
104 87
104 91
104 93
104 102
104 117
104 120
104 121
104 128
105 67
105 77
105 80
105 81
105 88
105 90
105 97
105 98
107 21
107 35
107 41
107 43
107 49
107 55
107 67
107 74
