2 4
2 13
2 24
3 27
3 36
3 41
7 24
7 153
7 156
7 165
7 169
7 170
7 171
7 173
7 174
7 176
7 180
7 187
7 192
7 196
10 28
10 29
10 37
11 19
11 31
11 35
11 43
11 52
11 53
11 60
11 62
13 25
13 26
13 31
13 33
14 3
14 7
14 9
14 11
14 18
14 31
14 32
15 7
15 8
15 9
15 13
15 14
15 16
15 43
15 47
15 57
15 58
15 71
15 73
15 82
15 87
15 88
15 97
15 109
15 111
15 113
15 116
15 131
15 142
15 144
15 146
16 77
16 88
16 95
18 18
18 29
18 41
18 42
19 8
19 15
19 16
19 18
21 112
21 114
25 46
25 48
25 58
26 8
26 28
26 43
26 47
26 49
26 53
26 55
26 61
26 62
26 64
26 75
26 77
26 81
26 82
26 86
26 216
26 217
26 222
26 224
26 227
26 230
26 236
26 237
26 240
27 9
27 11
27 12
27 14
27 15
27 16
27 32
29 5
29 6
29 25
29 30
29 34
29 35
29 36
29 41
29 72
29 80
29 82
29 88
29 89
29 98
29 99
29 103
29 152
29 158
33 23
33 26
33 27
33 30
33 34
33 35
33 38
33 43
33 46
33 54
33 55
33 62
33 67
33 74
33 195
33 200
33 212
33 213
33 217
33 218
33 220
33 221
33 223
33 232
33 233
33 236
33 240
33 241
33 256
33 260
33 270
33 287
33 290
34 89
34 90
34 97
34 102
34 111
34 115
34 122
34 156
34 158
34 161
34 167
34 172
34 176
35 1
35 5
35 9
35 13
36 2
36 5
37 2
37 3
37 4
37 9
37 139
38 3
40 11
40 16
40 29
40 30
40 33
40 34
40 40
40 42
40 54
40 61
40 64
40 70
40 74
40 75
40 78
40 81
40 82
40 91
40 99
40 102
40 105
40 106
40 110
40 111
40 112
40 116
40 118
40 133
44 17
44 21
44 27
44 36
44 42
44 46
44 48
44 55
44 56
44 60
44 61
45 5
45 6
45 7
45 9
45 15
45 19
45 20
45 25
45 31
45 35
45 54
45 59
45 69
45 71
45 73
45 75
45 85
45 89
45 94
45 98
45 113
45 121
45 122
46 7
46 13
46 18
46 151
46 157
46 178
46 180
46 183
46 184
46 193
46 205
46 209
46 222
46 226
46 231
46 233
46 239
46 248
46 257
46 267
46 269
46 293
46 297
46 313
46 448
46 454
46 457
46 462
46 466
46 490
46 492
46 493
48 82
48 85
49 74
49 78
49 79
50 13
50 20
50 21
50 28
50 34
50 37
50 44
50 55
50 56
50 64
50 66
50 70
50 74
50 81
50 83
50 85
50 93
50 95
51 13
51 29
51 30
51 32
51 33
51 45
51 49
51 56
51 59
52 2
52 5
53 3
53 11
56 17
56 19
56 25
56 32
56 35
56 48
56 50
56 52
56 54
56 84
56 102
57 3
57 8
57 11
57 13
57 15
57 16
57 17
57 23
57 26
57 43
57 53
58 4
58 18
58 30
58 40
58 44
58 56
58 57
58 59
58 62
58 64
58 66
58 74
58 76
58 96
59 4
59 30
59 148
59 151
59 170
59 175
59 178
59 179
59 190
59 195
59 201
60 63
60 74
60 81
60 82
60 85
60 92
60 103
60 105
60 110
60 113
60 119
60 139
60 142
60 144
60 147
60 149
60 151
60 153
60 154
60 156
61 4
61 6
63 7
63 21
63 24
63 26
64 2
64 9
64 15
64 21
64 32
64 43
64 48
65 32
65 41
65 43
65 63
65 73
65 74
66 9
67 1
68 9
68 11
68 24
69 16
69 17
69 18
69 27
69 30
69 38
69 40
69 48
70 14
70 21
70 24
70 25
70 37
70 45
70 47
70 50
70 52
70 55
70 58
70 60
70 62
70 71
70 75
71 1
71 17
71 33
71 36
71 48
71 50
71 61
71 62
71 71
71 78
71 79
72 3
72 7
73 12
73 16
73 160
73 164
73 166
74 1
74 3
74 12
75 9
75 22
75 31
75 32
75 35
75 37
75 173
75 177
75 178
75 182
75 183
75 184
75 186
75 190
75 194
75 196
75 209
75 210
75 219
75 220
75 222
76 8
76 26
76 44
76 51
76 53
76 54
76 59
76 64
76 65
76 74
76 82
76 85
76 89
76 92
76 96
76 98
76 99
76 102
76 107
76 108
76 109
76 111
76 114
76 115
76 125
76 139
76 141
77 15
77 38
77 43
77 44
77 50
77 56
77 67
77 71
77 74
77 82
77 88
77 89
77 96
77 101
77 106
77 108
77 118
77 119
77 123
77 125
77 126
77 150
77 162
77 174
77 188
77 189
77 192
77 193
77 195
77 199
77 202
77 209
77 218
77 229
78 65
78 68
78 70
78 76
78 82
78 83
78 86
78 91
78 94
78 104
78 105
78 107
78 111
78 114
78 115
78 118
78 133
78 134
78 138
78 140
78 146
78 147
78 148
78 151
79 2
79 4
79 9
79 10
79 21
79 24
80 3
81 1
81 4
81 5
81 7
81 8
81 24
81 29
81 34
81 38
81 40
81 41
81 43
81 45
81 53
81 58
81 60
81 67
81 68
81 70
81 78
82 155
84 5
84 9
84 42
84 58
84 65
84 79
84 82
85 1
85 6
85 9
85 11
85 12
85 13
85 22
85 29
85 39
85 44
85 45
85 46
85 48
85 50
85 60
85 67
85 68
85 76
85 93
85 97
85 105
85 125
85 133
85 136
86 1
86 5
86 7
86 11
86 13
86 19
86 33
86 34
86 35
86 38
86 54
86 66
86 73
86 83
86 84
86 90
86 94
86 97
86 99
86 101
86 112
86 113
86 131
86 132
86 135
86 137
86 138
86 144
86 154
86 159
86 162
86 165
86 166
86 167
86 173
86 180
86 190
86 197
86 205
86 215
86 218
86 220
86 239
86 242
86 244
86 245
86 255
86 260
86 283
86 284
86 295
86 303
86 308
86 323
87 12
87 13
87 20
87 24
87 26
87 27
88 10
88 22
91 15
92 2
92 12
92 14
92 23
92 27
92 28
92 30
92 36
92 39
92 45
92 48
92 49
92 58
92 68
92 69
92 70
92 74
92 79
92 83
92 86
92 100
92 108
92 109
92 113
92 115
92 245
92 256
92 258
93 86
93 88
93 92
93 103
93 121
93 126
93 130
93 137
93 145
93 150
93 163
93 164
93 170
93 184
93 185
93 188
93 197
93 198
93 203
93 205
93 209
93 211
93 213
94 3
94 7
94 9
94 11
94 14
94 20
94 30
94 37
94 39
94 44
94 45
94 57
94 59
94 60
95 4
95 5
95 6
95 13
95 16
96 2
96 8
96 12
96 13
96 29
96 44
96 55
96 56
97 4
97 16
97 17
97 20
97 26
97 28
97 29
97 38
97 167
97 173
97 176
97 177
97 178
97 180
97 187
97 201
98 3
98 16
98 17
98 20
98 21
98 23
98 28
98 33
98 68
98 70
98 72
98 82
98 83
98 90
98 93
98 98
98 102
98 114
98 116
98 117
98 119
98 121
98 122
99 4
99 14
100 1
100 12
100 14
100 16
100 18
100 21
100 22
100 27
100 30
100 31
100 35
100 121
100 128
100 138
100 144
100 154
100 158
100 174
100 179
100 185
100 186
100 189
100 191
101 4
101 6
102 96
102 99
102 100
102 109
102 120
102 121
102 125
102 138
102 139
102 152
102 157
105 12
105 14
105 31
105 175
105 176
105 189
105 218
105 237
105 254
105 267
105 288
105 289
105 291
105 292
105 295
105 302
105 311
105 328
105 351
105 367
105 371
106 3
106 10
106 14
106 20
107 39
107 42
107 49
107 52
109 33
111 8
