1 3
1 7
1 13
1 15
1 16
1 20
1 24
1 29
1 30
1 115
1 127
1 133
1 146
1 147
1 158
1 190
1 215
1 220
1 238
1 242
4 6
5 11
5 13
5 14
5 15
5 20
5 23
5 33
5 41
5 43
5 48
5 63
5 66
5 68
5 92
5 95
5 97
5 99
5 104
5 111
5 116
5 127
5 137
5 148
5 154
5 155
5 159
5 161
5 163
5 164
5 167
5 170
5 180
5 192
5 198
5 202
5 219
5 223
5 233
5 234
5 236
6 4
7 1
7 10
7 13
7 26
7 27
7 41
7 47
7 57
7 188
7 192
7 193
7 204
8 10
11 62
11 63
11 66
11 69
11 70
11 71
11 76
11 78
11 85
11 95
11 98
11 99
11 104
11 111
11 112
11 117
12 1
12 8
12 137
12 139
12 146
12 147
12 156
12 158
12 160
12 166
12 171
12 172
12 187
12 189
12 190
12 192
12 195
12 197
12 203
12 204
12 212
12 213
12 216
12 224
13 10
13 15
14 13
14 17
14 20
14 23
14 30
14 36
14 39
14 40
14 51
14 53
14 58
14 59
14 73
14 77
14 80
14 90
14 91
15 1
15 3
15 15
15 30
15 31
15 46
15 48
15 51
15 56
16 1
16 6
19 27
19 29
20 14
20 18
21 1
21 16
22 12
22 28
22 37
22 39
22 40
22 47
22 52
22 54
22 57
22 61
22 62
22 66
22 68
22 85
22 88
22 91
24 34
24 38
27 17
27 18
27 24
27 28
27 32
27 37
27 39
27 40
27 41
27 43
27 46
27 48
27 57
27 61
27 192
27 194
27 201
27 209
28 17
28 28
28 36
28 37
28 44
28 50
31 12
31 15
31 64
31 66
31 75
31 76
33 16
33 37
33 39
33 44
33 56
33 57
33 61
33 62
33 64
33 84
33 87
33 90
33 94
33 115
33 116
33 117
33 120
33 125
33 134
33 193
33 198
33 211
34 4
34 5
35 6
35 11
35 25
35 28
36 2
36 8
37 1
37 17
37 18
37 30
37 31
37 41
37 46
37 54
37 57
37 59
37 65
37 70
37 75
37 77
37 85
37 87
38 6
38 8
38 9
38 11
38 12
38 48
38 53
38 54
38 59
38 62
38 70
38 71
38 77
38 83
38 84
38 87
38 93
39 3
40 1
40 15
40 20
40 37
40 40
40 41
40 43
41 20
42 6
42 8
42 11
42 19
42 22
42 23
42 25
42 27
42 30
42 33
42 45
42 55
43 10
43 13
43 21
43 23
43 24
43 27
43 35
43 38
43 40
43 41
44 2
44 3
44 14
44 17
44 19
44 26
44 41
44 47
44 50
44 51
44 53
44 56
44 57
44 68
44 71
44 73
45 51
45 56
45 61
45 62
45 68
45 69
45 70
45 81
45 87
45 90
45 101
45 104
45 105
45 112
45 115
45 116
45 118
45 119
45 135
46 10
46 13
47 4
47 12
47 13
47 20
47 27
47 28
47 44
47 45
47 46
47 61
47 62
48 40
48 45
48 53
48 61
48 67
49 1
49 5
49 13
49 15
49 23
49 33
52 14
52 18
52 27
52 30
52 54
52 55
53 22
53 45
53 50
53 54
53 55
55 25
55 28
56 6
56 15
56 21
57 49
57 56
57 59
57 63
57 67
57 72
58 11
59 1
59 4
59 16
59 17
59 20
59 22
59 24
59 25
59 28
59 30
59 35
59 37
59 39
59 49
59 61
59 69
60 9
60 15
60 28
60 37
60 38
60 51
60 72
60 73
60 83
61 6
62 1
62 4
62 5
62 9
62 19
63 101
63 115
63 120
63 129
63 134
63 144
63 152
63 161
64 6
66 54
66 58
67 1
67 5
67 8
67 9
67 14
67 16
69 10
69 11
69 14
69 17
69 35
69 44
69 46
69 50
70 29
70 32
70 34
70 37
70 45
70 50
70 54
70 58
70 63
70 66
70 70
70 71
70 76
70 77
70 78
70 81
70 82
70 92
70 98
70 101
70 110
70 112
70 115
70 117
70 118
70 131
70 139
70 150
70 156
70 160
70 167
70 170
70 185
70 186
70 187
70 195
70 196
70 199
70 200
70 201
71 3
71 4
71 7
73 2
73 5
73 6
73 10
73 11
73 17
73 29
73 30
73 32
73 37
73 39
73 40
73 44
73 45
73 55
74 12
74 19
74 30
74 33
74 37
74 41
74 55
74 56
74 73
75 5
75 12
75 26
75 29
75 42
75 56
75 63
76 1
76 12
76 16
76 23
76 25
76 26
76 30
76 36
76 40
76 99
76 101
76 105
77 1
77 2
77 11
77 12
77 148
77 151
77 159
79 22
79 44
79 45
80 1
80 3
81 3
82 1
82 9
82 10
82 12
82 13
82 136
82 145
82 146
82 152
82 221
82 240
82 243
82 245
82 246
82 259
82 264
83 2
83 6
83 18
83 26
83 34
83 35
83 36
83 41
83 42
83 57
83 59
83 69
84 3
84 5
85 30
85 36
85 37
85 43
85 44
85 49
85 52
85 54
85 56
85 134
86 1
86 16
86 23
87 3
87 5
87 7
87 8
87 13
87 15
87 18
87 27
87 28
87 33
87 49
87 56
87 85
87 101
87 103
87 107
87 112
87 115
87 117
87 118
87 129
87 131
87 133
87 135
87 137
87 140
87 147
87 149
87 153
87 155
87 156
87 169
87 180
87 183
87 185
87 189
87 191
87 200
88 7
88 12
88 13
88 20
89 2
89 6
89 8
89 10
91 17
91 20
93 49
93 53
93 55
93 58
93 61
93 81
93 82
93 88
93 92
93 95
93 106
93 114
93 120
93 130
93 135
94 4
95 55
95 57
95 70
95 71
95 76
95 79
95 90
95 103
95 114
95 118
95 120
95 129
95 132
95 163
95 182
95 202
95 207
97 35
97 37
97 39
97 57
97 60
97 67
97 69
97 74
97 85
97 103
97 105
97 114
97 129
97 130
98 64
98 71
98 74
98 75
98 79
98 80
98 92
98 94
98 97
101 37
101 38
101 44
101 45
101 91
101 103
101 107
101 110
101 113
101 116
101 119
101 121
101 130
101 132
101 133
101 136
101 138
101 139
101 158
101 165
102 6
102 8
102 15
102 20
102 29
103 15
103 43
103 47
103 55
104 73
104 74
104 90
104 92
104 115
105 9
105 16
105 30
105 33
105 44
105 69
107 70
107 81
107 83
107 88
107 91
107 102
108 6
108 7
108 17
108 18
108 28
108 39
108 41
108 46
108 50
108 72
108 76
108 80
108 87
110 24
110 51
110 52
110 54
110 57
110 60
110 64
110 67
110 71
110 74
110 78
110 80
110 85
110 98
110 102
110 105
110 113
110 117
110 120
111 10
111 71
111 79
111 85
111 86
111 95
111 100
111 101
111 109
111 114
111 117
111 119
111 253
111 257
111 268
111 272
111 282
111 288
111 290
111 294
111 306
111 309
111 317
111 319
111 333
111 341
111 343
111 348
113 18
113 26
113 27
113 36
113 41
113 50
113 55
115 15
115 18
116 23
118 41
118 70
119 3
119 20
119 22
119 25
119 33
119 38
119 50
119 51
120 5
120 14
120 26
120 34
121 6
121 8
121 16
121 19
121 21
121 25
121 33
121 42
121 44
121 72
121 74
121 75
121 77
121 80
122 5
122 7
122 16
122 18
122 20
122 21
122 22
122 32
122 36
122 43
122 44
122 55
122 56
122 59
122 71
122 74
122 76
122 86
122 101
122 115
122 124
122 126
122 129
122 136
122 160
122 171
122 180
122 182
122 185
122 188
122 193
122 197
122 200
122 204
122 206
122 207
122 209
122 212
122 215
122 216
122 217
122 224
122 238
122 265
122 266
