1 4
1 6
1 8
1 30
1 37
1 44
1 66
1 69
1 95
1 97
1 100
1 101
1 105
1 108
1 109
1 113
1 117
1 125
1 127
1 132
1 146
1 147
1 159
1 165
1 170
1 181
1 201
1 214
1 217
1 228
2 15
2 18
2 25
2 27
2 28
2 29
3 3
3 5
3 18
3 33
3 34
3 36
4 93
4 119
5 28
5 30
8 30
8 33
8 35
9 10
9 15
9 22
9 23
9 25
9 67
9 70
9 72
9 76
9 84
9 85
9 96
9 98
9 103
9 104
10 1
10 3
10 11
11 11
11 12
11 41
11 48
15 30
15 33
15 43
15 51
15 52
15 68
15 69
15 70
15 89
15 93
15 99
15 104
15 130
15 133
15 139
15 145
15 157
16 9
16 15
16 16
16 39
16 42
16 48
16 50
16 51
16 56
16 57
16 61
16 65
16 69
16 76
16 81
16 83
16 101
16 103
17 2
17 3
17 70
18 1
18 4
18 7
18 10
18 13
18 14
18 22
18 40
18 41
18 44
18 45
18 47
18 48
18 52
18 53
18 54
18 56
18 57
18 74
18 77
18 79
18 81
18 88
18 92
19 1
19 6
19 15
19 110
19 115
19 121
19 123
19 124
19 125
19 126
19 128
19 136
19 140
19 150
19 153
19 154
19 160
19 167
19 181
20 13
20 14
20 25
20 30
20 44
20 45
20 56
20 62
20 70
20 74
20 75
21 2
21 9
21 12
21 22
22 20
22 21
22 25
22 31
22 38
22 39
22 40
22 46
22 54
22 55
22 56
22 63
22 65
22 71
22 76
22 78
22 80
22 81
22 86
22 91
22 99
22 100
22 109
22 120
22 121
23 56
23 75
23 78
23 85
23 89
23 93
24 32
24 35
24 37
24 42
24 44
24 54
24 56
24 57
24 84
24 87
24 88
24 89
24 95
24 96
24 101
24 103
24 108
24 116
24 144
24 146
24 149
24 156
24 169
24 194
24 205
25 26
25 28
25 29
25 31
25 33
25 36
25 37
25 38
27 46
27 52
27 58
27 62
28 9
28 23
28 33
28 35
28 36
28 42
29 114
29 116
29 121
29 129
29 150
29 158
29 159
29 169
29 175
29 177
29 193
29 194
29 195
29 199
29 201
29 205
29 214
29 215
30 8
30 14
30 15
30 21
30 24
30 31
30 54
31 1
31 3
31 4
31 12
31 15
31 19
31 23
31 34
31 36
31 41
31 78
31 79
31 83
31 87
31 88
31 97
31 101
31 112
31 128
31 130
31 169
31 200
32 9
32 16
32 24
34 3
34 5
34 24
34 32
34 40
34 43
34 50
34 53
34 59
34 61
34 94
34 112
34 115
34 116
34 156
34 158
34 172
34 185
34 191
34 192
34 194
34 210
34 215
34 220
34 237
34 242
34 277
34 280
34 297
34 301
34 303
34 305
34 306
34 311
34 314
34 316
34 324
34 331
34 340
34 347
34 358
34 360
34 361
34 368
34 383
34 385
34 386
34 397
34 407
34 409
34 411
34 417
34 424
34 433
34 438
35 1
36 2
36 8
36 13
40 21
40 27
40 37
40 43
40 53
40 58
40 59
40 61
40 81
40 82
40 86
40 97
40 98
40 99
40 103
40 105
40 113
40 115
40 135
40 138
40 144
40 147
41 2
41 8
41 13
41 16
41 28
41 34
41 39
41 45
41 51
41 53
41 63
41 67
41 70
41 73
41 85
41 92
41 101
41 112
41 117
41 138
41 146
41 149
41 152
41 153
41 161
41 162
41 195
41 198
41 210
41 219
41 220
41 223
41 229
41 231
41 244
41 246
41 248
41 255
41 256
41 263
41 271
41 272
41 276
42 6
42 24
42 31
42 49
42 53
42 58
42 64
42 65
42 70
42 72
42 78
42 80
42 81
42 82
42 83
42 85
42 95
42 108
42 113
42 115
42 121
42 123
42 138
42 143
42 144
42 149
42 152
42 156
42 160
43 25
43 30
43 32
43 41
43 53
43 55
43 58
43 63
43 205
43 228
43 231
43 238
43 240
43 276
43 280
43 281
43 301
43 307
43 341
44 21
44 23
44 28
44 30
44 39
45 17
45 19
45 22
46 31
46 40
46 48
46 54
46 58
46 64
46 79
47 3
47 6
47 7
47 23
47 25
47 27
48 1
48 4
48 5
50 25
50 35
50 39
50 162
50 175
50 190
51 63
51 66
51 67
51 68
51 82
53 40
53 43
53 49
53 51
53 62
53 64
53 88
53 89
53 94
53 97
53 100
53 101
53 126
53 129
53 131
53 136
53 145
53 151
53 160
53 161
53 164
53 165
53 168
53 174
53 175
53 182
53 198
53 199
53 209
53 214
53 220
53 231
53 233
53 322
53 328
53 330
54 9
54 14
54 20
54 21
54 24
55 6
55 8
55 9
55 11
55 15
55 16
55 21
55 22
55 26
55 28
55 36
55 168
55 173
55 190
55 193
55 194
56 44
56 45
56 50
56 54
56 57
56 62
56 63
56 70
56 71
56 88
56 89
56 96
56 101
56 104
56 106
56 118
56 122
56 140
56 175
56 176
56 186
56 197
56 200
56 217
56 220
56 228
56 230
56 233
56 236
56 238
56 242
59 21
59 22
59 24
59 25
59 26
59 27
59 30
59 33
59 39
59 46
60 1
60 4
61 1
61 4
61 9
61 138
61 142
61 145
61 148
61 150
61 153
61 154
61 180
61 182
61 189
61 198
64 28
64 29
64 32
64 37
64 39
64 42
65 11
65 12
65 66
65 67
65 71
65 74
65 83
65 84
65 100
65 101
65 113
65 117
66 1
66 13
66 17
66 21
66 22
67 1
68 4
68 7
68 11
68 13
68 21
68 22
68 39
68 44
69 5
69 6
69 7
69 27
69 35
69 41
69 42
69 55
69 59
69 60
69 65
69 69
69 72
69 74
69 75
69 77
69 96
69 105
70 21
70 25
70 30
70 37
70 38
72 4
72 7
72 8
72 20
72 27
72 28
72 33
72 42
72 43
72 55
72 59
72 65
73 1
73 4
73 19
73 20
74 4
74 16
74 23
74 27
74 28
74 35
74 41
74 47
74 48
74 51
76 21
76 22
76 27
76 28
76 31
76 34
76 36
76 37
76 57
76 64
76 69
76 80
76 82
76 101
76 107
76 141
76 143
76 151
76 169
76 182
76 184
76 187
76 188
77 1
77 30
77 39
77 40
77 45
77 51
77 54
77 55
77 61
77 62
77 69
77 70
77 72
77 74
78 6
78 15
78 20
78 21
78 22
78 27
78 32
78 36
78 38
78 42
78 45
78 46
79 8
79 54
79 59
80 1
80 3
80 21
80 25
80 29
80 32
80 34
80 47
80 51
80 59
80 63
80 69
80 71
80 74
80 76
80 91
80 109
81 1
81 4
81 10
81 11
81 28
81 36
81 38
81 41
82 3
82 4
82 16
82 23
82 31
83 3
83 17
83 32
83 43
83 66
83 74
83 77
83 88
83 96
83 98
83 101
83 108
83 116
83 118
83 119
83 123
83 131
83 136
83 137
83 154
83 155
84 1
85 9
85 15
85 16
85 29
85 37
85 42
85 51
85 54
85 55
85 59
85 64
85 69
87 25
88 1
88 2
88 6
88 24
88 37
88 38
88 44
88 52
88 58
88 65
88 66
88 68
88 70
88 72
88 73
89 5
89 6
89 17
89 18
89 20
89 21
89 24
89 28
89 42
89 48
89 51
89 65
89 66
90 1
90 3
90 4
90 27
90 28
90 39
90 56
91 30
91 34
91 36
91 37
91 48
91 49
91 55
91 59
91 66
91 74
91 75
91 82
91 87
91 89
91 92
91 96
91 97
91 99
91 109
91 113
92 2
92 7
92 20
92 21
92 151
92 153
92 157
92 160
92 162
92 167
92 169
92 171
92 172
92 188
92 191
92 199
92 201
92 202
92 205
92 214
92 221
92 222
92 224
92 226
92 274
92 276
92 285
92 292
92 299
92 302
92 306
92 310
92 314
92 344
92 346
94 71
94 73
94 82
94 91
94 93
94 103
94 106
94 107
94 110
94 118
94 124
95 48
96 20
96 28
96 60
96 61
97 14
98 1
98 16
98 20
98 24
98 36
98 37
98 44
98 47
98 49
98 59
98 71
98 75
98 78
98 84
98 86
98 88
98 94
98 95
98 100
98 102
98 112
98 116
98 119
98 128
98 136
98 146
98 148
98 180
98 184
98 192
99 38
100 6
100 8
100 12
100 15
100 30
100 33
100 35
100 45
100 52
100 57
100 66
100 71
101 1
101 5
102 3
102 11
102 12
102 13
102 14
102 15
102 17
102 20
102 39
103 40
