1 11
1 12
1 14
1 19
1 20
1 22
1 23
1 27
1 32
1 36
1 37
1 40
1 44
1 45
1 46
1 64
1 66
1 67
1 73
1 90
2 6
2 14
2 32
2 33
2 42
2 44
2 45
2 46
2 47
2 59
2 63
2 79
2 80
2 87
2 90
5 18
5 25
5 86
5 95
5 100
5 101
5 112
5 116
5 119
5 124
5 128
5 172
6 11
6 12
6 15
7 27
7 31
7 32
7 38
7 46
7 58
7 64
7 65
7 82
7 85
7 91
7 97
8 2
8 26
8 32
8 36
8 37
8 51
8 60
8 67
8 78
8 81
8 83
8 87
8 88
8 99
8 100
8 106
8 121
8 126
8 127
8 129
8 139
8 140
8 142
8 156
8 159
9 9
9 84
9 102
9 116
9 121
9 125
9 135
9 149
9 150
9 157
9 159
9 165
9 171
12 7
12 25
12 28
12 43
12 57
12 58
12 63
12 67
12 75
15 51
15 56
15 58
15 76
15 106
15 111
15 115
15 116
15 117
15 120
15 121
15 126
15 127
15 128
15 130
15 142
15 143
16 75
16 79
16 90
16 92
16 97
17 4
17 13
17 16
17 18
17 21
17 22
17 27
17 33
17 38
17 39
17 44
17 48
17 49
17 60
17 65
17 67
17 79
17 83
17 97
17 99
17 108
18 2
18 5
18 6
18 25
18 34
18 38
19 3
19 9
19 11
19 16
19 17
19 19
20 1
20 12
20 14
20 31
20 35
20 46
21 2
21 5
21 6
21 23
21 24
21 26
21 27
21 31
21 33
21 34
21 42
21 45
21 46
21 50
21 53
21 64
21 65
21 74
21 81
21 90
22 88
22 89
22 92
22 101
23 4
23 10
23 12
23 13
23 20
23 27
23 28
23 30
23 34
23 44
23 47
23 52
23 56
23 62
23 64
23 66
23 74
23 75
23 78
23 79
23 82
23 83
23 84
23 85
23 91
23 94
23 109
23 110
23 111
23 114
23 116
23 121
23 149
23 160
23 162
24 2
24 5
24 12
24 13
24 15
24 16
24 27
24 58
24 62
24 75
25 18
25 23
25 25
25 33
25 44
25 46
25 65
25 82
25 90
25 94
25 126
25 137
25 139
25 147
25 161
25 177
25 188
25 192
25 193
25 195
25 201
25 206
25 233
25 238
25 243
25 249
25 256
25 267
25 334
27 40
27 44
27 45
27 61
27 62
27 69
30 52
30 56
30 73
30 75
30 78
30 81
30 93
30 97
30 110
30 113
30 127
30 141
30 144
30 155
30 223
30 225
30 228
30 231
30 244
30 254
30 265
30 268
30 269
30 271
30 277
30 282
30 283
30 289
30 293
30 296
30 298
30 305
30 313
30 315
30 317
30 319
30 321
30 330
30 336
30 344
30 352
30 354
30 355
30 361
30 365
30 366
30 395
30 398
30 406
30 408
33 12
33 15
33 21
34 20
34 22
34 23
34 30
36 56
36 62
36 67
36 68
37 10
37 11
37 12
37 16
37 18
38 108
38 126
38 127
38 132
38 133
38 145
38 164
38 169
38 183
38 184
38 252
38 269
38 270
38 272
38 277
38 289
38 291
38 292
38 294
38 348
38 349
38 358
38 375
38 377
38 378
38 384
38 399
38 400
38 416
38 424
38 425
38 427
38 428
38 429
38 432
38 452
38 459
38 460
38 471
38 477
38 507
38 513
38 520
38 524
38 529
38 531
38 538
38 544
38 556
38 557
38 567
38 569
38 578
38 579
38 580
38 600
38 601
38 606
39 73
39 75
39 77
39 91
39 97
39 98
39 108
39 110
39 111
39 122
39 126
39 129
39 133
39 135
39 136
39 139
39 157
39 159
42 43
42 44
42 57
42 58
42 62
42 65
42 69
42 75
42 80
42 87
42 89
43 1
43 6
44 57
44 58
44 59
44 66
44 72
44 78
44 79
44 88
44 98
44 111
44 116
44 119
44 125
44 129
44 133
44 134
46 8
46 20
46 27
46 28
46 29
46 37
46 39
46 42
46 50
47 3
47 4
47 8
47 15
47 19
47 35
47 38
48 1
48 3
48 7
48 9
48 10
48 13
48 22
48 24
48 27
48 33
48 38
48 44
48 52
48 59
48 63
48 161
48 173
48 178
48 183
48 195
48 198
49 2
49 56
49 63
49 64
49 66
49 70
49 78
49 90
49 103
49 111
49 116
49 118
49 127
49 138
49 142
49 152
50 11
50 16
50 17
50 20
50 26
50 33
50 34
50 63
50 87
50 97
50 108
50 114
50 132
50 134
51 5
51 19
51 31
51 33
51 81
52 30
52 33
52 39
52 47
52 48
52 53
52 57
52 62
52 63
52 69
52 70
52 72
52 74
53 7
54 15
54 20
54 30
54 31
54 32
54 47
54 49
54 54
54 57
54 58
54 60
54 63
54 83
54 84
54 95
54 97
54 98
55 67
55 74
55 76
55 77
56 5
56 19
56 24
56 29
56 31
56 33
56 35
56 43
56 132
57 1
57 3
57 10
57 19
57 21
57 56
57 103
57 105
57 109
57 111
57 116
57 119
57 125
57 128
57 129
57 139
57 140
57 155
57 157
57 159
57 161
57 162
57 167
57 186
57 188
59 9
59 12
59 22
59 25
59 46
59 47
59 53
59 170
59 179
59 180
59 183
59 187
59 188
59 205
59 214
59 225
59 228
59 233
59 239
59 366
59 378
59 379
59 381
59 388
59 391
59 394
59 395
59 401
59 406
59 428
59 432
59 434
59 467
59 472
59 476
59 489
59 490
59 504
59 509
59 527
59 533
60 3
60 13
60 18
60 21
60 25
60 30
60 37
60 39
60 58
60 64
60 66
60 67
60 75
60 88
60 92
60 114
60 118
60 125
60 130
60 131
60 136
60 165
60 175
60 181
60 187
60 189
60 194
60 199
60 208
60 209
61 6
61 14
61 16
61 21
61 22
61 26
61 39
61 40
61 41
61 53
61 61
61 68
61 207
61 209
61 211
61 218
61 226
61 237
61 244
61 249
62 4
62 6
62 12
63 29
63 46
63 53
64 6
64 7
64 17
64 26
65 21
65 32
65 37
65 45
65 46
65 58
66 74
66 75
66 95
66 98
66 103
66 104
66 105
66 114
66 117
66 128
66 129
66 131
66 139
66 142
66 144
66 145
66 152
66 154
66 165
66 174
66 177
66 184
66 189
66 193
66 195
66 208
66 230
66 231
66 233
66 253
66 258
66 262
66 265
66 266
66 270
66 272
66 274
66 314
66 317
66 353
66 378
66 379
66 382
66 390
66 393
66 395
66 397
66 402
67 2
67 6
68 3
68 8
68 15
68 16
68 19
68 22
68 24
68 25
68 33
68 40
68 41
68 42
68 48
68 54
68 56
68 64
68 67
68 83
68 89
69 40
69 41
69 47
69 49
69 65
69 75
69 81
69 85
69 91
69 97
69 106
69 115
69 119
69 121
70 5
70 6
70 28
70 29
70 30
70 32
70 71
70 76
70 85
70 87
70 100
71 2
71 5
72 6
72 11
72 17
72 25
72 29
72 32
72 37
72 40
72 42
72 48
72 52
72 53
72 57
72 64
72 72
72 90
72 131
72 132
72 155
72 156
72 159
72 162
73 9
73 12
73 20
73 31
73 35
73 36
73 39
73 42
73 45
73 53
73 61
73 65
73 66
74 8
74 10
74 19
74 23
74 26
75 15
75 21
75 24
75 27
75 28
75 29
75 33
75 35
75 37
75 40
75 54
75 56
75 63
75 64
75 66
76 2
77 2
77 8
77 31
77 69
77 83
77 90
77 91
77 93
77 101
77 122
77 124
78 2
78 5
78 51
79 19
79 36
80 5
80 20
80 31
81 10
81 11
82 25
82 30
82 38
82 41
82 43
82 44
82 46
82 47
82 62
82 64
83 5
83 6
83 16
83 21
83 23
83 32
83 39
84 4
84 11
84 20
84 21
84 28
84 33
84 36
84 37
84 38
84 45
86 8
86 9
87 1
87 5
87 10
87 17
87 52
87 55
87 58
87 60
87 69
87 79
87 81
87 86
87 87
87 89
87 90
87 92
87 96
87 99
87 109
87 121
87 129
87 130
87 131
87 134
87 139
87 145
87 147
88 2
88 10
