1 4
2 12
2 14
2 19
2 24
4 3
4 4
4 17
4 30
4 40
4 44
4 45
4 46
4 47
5 2
5 6
5 25
5 31
5 35
5 37
5 51
5 53
5 56
5 62
5 66
5 70
5 78
5 81
5 84
5 92
5 98
5 99
5 102
5 112
5 113
5 127
5 129
5 132
5 139
6 7
6 8
6 13
6 16
6 17
6 23
6 25
6 31
6 33
6 37
6 38
6 51
6 56
6 63
6 66
6 70
7 96
7 106
7 110
7 120
7 121
7 124
7 125
7 126
7 127
7 135
7 136
7 137
7 141
7 144
7 152
7 162
7 163
7 166
7 169
7 178
7 194
7 203
7 204
7 205
7 216
7 219
7 238
7 242
7 245
7 249
7 253
7 268
7 271
7 272
7 276
7 277
7 288
7 293
7 303
7 312
7 315
8 3
8 4
8 5
8 11
8 12
8 18
8 31
8 34
8 56
8 64
8 71
8 76
9 6
9 10
9 11
9 12
9 13
9 73
9 74
9 79
10 2
10 11
10 12
10 14
11 4
11 19
11 20
11 24
11 27
12 26
12 31
12 35
12 38
12 58
12 62
12 76
12 79
12 93
12 98
12 116
13 3
16 30
16 35
16 45
16 66
16 78
16 80
16 82
16 84
16 88
16 98
16 100
16 109
16 112
16 116
16 128
16 134
16 137
18 2
18 4
18 5
18 14
18 22
18 23
18 26
18 30
21 53
21 54
21 60
21 70
21 73
22 10
22 16
22 20
22 21
22 60
22 65
22 71
22 73
22 75
22 76
22 80
22 84
22 94
22 113
22 115
22 116
22 127
22 128
22 129
22 131
22 132
22 137
22 139
22 144
22 147
22 151
22 152
22 154
22 158
22 159
22 169
22 170
22 180
22 183
22 190
22 195
22 199
22 243
22 244
22 245
22 259
22 261
22 262
22 264
22 267
22 272
22 274
22 284
22 288
22 291
22 299
22 311
22 312
23 5
23 12
23 14
23 16
23 25
23 36
23 38
23 41
23 43
24 6
24 12
24 19
24 20
24 37
24 42
25 1
26 2
27 1
27 4
28 15
28 17
28 21
29 1
29 4
29 8
30 1
30 8
30 19
30 35
30 38
30 43
30 151
30 180
30 184
30 186
30 187
30 191
30 195
30 198
30 209
30 213
30 219
30 220
30 224
30 234
30 235
30 239
30 242
30 245
30 246
30 249
30 251
30 265
30 267
31 9
31 15
31 17
31 18
31 24
32 12
33 123
33 125
33 130
33 137
33 142
33 148
33 150
34 104
34 106
34 111
34 113
34 114
34 125
34 130
34 133
34 136
34 139
35 2
35 9
35 20
35 26
35 37
35 41
35 44
35 47
35 63
35 64
35 66
35 73
35 75
35 83
35 88
35 113
36 10
36 17
37 2
37 3
37 78
37 86
38 4
38 10
39 60
39 67
39 80
39 81
39 92
39 95
39 96
40 106
40 107
40 112
40 116
40 121
40 125
41 3
41 20
41 28
41 33
41 38
41 40
42 3
43 1
43 4
43 6
43 16
44 1
44 2
44 95
44 101
44 104
44 156
44 158
44 185
44 188
44 190
44 192
44 195
46 3
46 7
46 13
46 16
46 17
46 20
47 5
48 13
48 30
48 137
48 139
48 146
48 147
48 159
48 168
48 177
48 207
48 221
48 228
48 229
48 232
48 246
49 3
49 4
49 7
49 15
49 18
49 26
49 28
49 39
49 43
49 44
49 47
49 77
49 83
49 86
49 167
49 171
49 173
49 177
49 178
49 184
49 200
49 202
49 203
50 6
51 8
51 9
51 11
51 16
51 21
51 42
51 49
51 51
51 54
51 55
51 66
51 73
52 12
52 36
52 41
52 43
52 47
52 51
52 58
52 59
52 64
52 71
52 81
52 89
52 95
53 5
53 12
53 29
53 31
53 42
53 43
53 48
53 49
53 52
53 53
53 56
53 61
53 66
53 73
53 79
53 83
53 86
53 92
53 93
53 99
53 101
53 135
53 139
53 146
55 25
57 22
57 31
57 33
57 38
57 46
57 72
57 76
58 10
58 11
58 14
59 8
59 18
59 20
59 23
60 8
63 16
63 17
63 28
63 36
63 40
63 53
63 57
63 58
64 84
64 95
64 97
64 105
64 118
64 124
64 134
64 142
64 148
64 157
64 167
64 169
64 170
64 176
64 179
64 186
64 191
64 193
64 212
64 214
64 218
64 223
64 224
64 242
64 244
64 248
65 2
66 7
66 10
66 11
66 12
66 14
66 16
66 17
66 18
66 24
66 31
66 35
66 39
66 43
66 46
66 51
67 44
67 45
67 50
67 71
67 82
67 96
67 100
67 103
67 108
67 116
67 121
67 122
67 129
67 136
67 140
67 142
67 143
67 154
67 157
68 11
68 15
70 15
70 16
70 19
70 21
70 58
70 63
72 27
72 36
72 46
72 48
72 55
72 64
72 73
72 82
73 15
73 19
73 30
74 17
75 5
75 6
75 7
77 2
79 42
79 44
79 47
79 65
79 70
80 2
80 5
80 6
80 15
80 19
80 20
80 22
80 30
80 34
80 40
81 5
81 14
81 18
81 24
82 26
82 28
82 32
82 35
82 172
82 181
82 184
82 187
82 188
82 190
82 192
82 193
82 210
82 213
82 216
82 221
82 233
82 239
82 240
82 247
82 248
82 250
82 258
82 263
82 271
82 278
82 284
82 286
82 287
83 5
83 11
83 15
83 30
84 1
84 4
84 7
84 32
84 39
84 43
84 53
84 54
84 61
85 5
85 6
85 12
85 19
85 31
85 47
85 90
85 96
85 99
85 110
85 113
85 115
85 117
85 123
85 132
85 139
85 143
85 152
86 4
86 5
86 7
86 8
86 16
86 21
87 2
87 5
87 134
87 138
87 144
87 149
87 150
87 153
87 157
87 159
87 162
87 168
87 182
87 202
87 210
87 213
87 224
87 225
87 233
87 239
87 250
87 253
87 260
87 266
87 277
88 104
88 108
89 8
89 10
89 18
89 22
89 27
89 28
89 57
89 59
90 9
90 19
90 32
90 42
90 52
96 10
96 12
96 17
96 23
96 24
96 25
96 29
96 33
96 37
96 44
96 45
100 5
100 12
100 21
100 22
100 29
100 36
101 4
101 9
101 12
101 24
101 31
101 59
101 65
101 71
101 76
101 84
102 2
102 8
102 16
102 35
102 36
102 52
102 58
103 1
105 4
106 10
106 16
106 20
106 21
106 28
110 1
110 6
110 8
110 18
110 24
110 26
111 1
111 6
111 12
111 17
111 18
111 21
111 23
111 26
111 27
111 31
111 35
111 37
111 38
111 39
111 40
111 51
111 55
111 56
111 60
112 21
112 24
113 2
113 7
113 13
113 16
113 17
113 19
113 22
114 12
114 14
114 16
114 19
114 26
114 29
114 31
114 32
114 42
114 43
114 44
114 45
114 48
114 50
114 55
114 56
114 67
115 27
115 100
115 127
115 131
115 135
115 137
115 161
115 164
115 167
115 168
115 174
115 175
115 204
115 206
115 207
115 209
115 215
115 220
116 4
116 6
116 8
116 13
116 15
116 16
116 19
116 38
116 40
116 45
116 48
116 49
116 59
116 64
116 66
116 71
116 79
116 82
116 84
116 90
117 22
117 38
117 39
117 42
117 51
117 53
117 59
117 61
117 66
118 1
118 9
118 13
118 17
118 18
118 21
118 24
118 54
118 56
118 57
118 58
118 65
118 74
118 76
118 79
118 85
118 99
119 4
119 6
119 7
119 11
119 15
119 21
119 26
120 19
120 22
120 32
120 34
120 35
120 38
120 55
120 61
120 65
120 69
120 72
120 85
121 10
121 22
121 29
121 39
121 42
121 43
121 47
121 49
121 53
121 74
121 79
121 81
121 90
121 98
121 99
121 115
121 117
121 130
121 138
121 144
121 153
121 155
121 156
121 168
121 170
121 185
121 189
121 197
121 205
121 210
121 214
121 217
121 222
121 253
121 255
121 264
121 267
122 16
122 19
122 23
122 26
122 30
122 31
122 34
124 46
124 48
124 50
125 1
125 7
125 8
125 10
125 13
125 15
125 21
125 23
125 26
125 36
125 45
125 48
125 49
125 51
125 61
125 66
125 69
125 83
126 72
126 94
126 97
