2 1
3 1
3 2
3 16
3 17
3 23
3 34
3 60
3 62
3 68
3 69
3 75
3 77
4 1
5 13
5 16
5 22
5 24
6 7
6 11
6 13
6 16
6 72
6 75
6 77
6 80
9 7
10 3
10 6
10 43
10 48
10 62
11 13
11 15
12 2
12 3
12 6
12 14
12 15
12 32
12 34
12 39
13 17
13 66
13 67
13 69
13 72
13 83
13 90
13 93
13 101
13 103
13 110
13 111
13 114
13 122
13 134
14 2
14 17
14 59
14 64
14 69
14 71
14 77
14 79
14 91
14 94
14 96
14 97
14 114
14 115
14 126
14 143
14 146
14 164
15 2
15 6
15 9
15 10
15 12
15 18
15 26
15 28
15 33
15 36
15 42
15 45
18 7
18 16
18 19
18 25
18 29
18 31
18 37
18 46
18 50
18 53
18 80
18 82
18 99
18 103
18 107
18 109
18 132
18 135
18 137
19 5
19 22
19 30
19 35
19 41
19 49
19 52
19 56
19 57
19 60
19 61
19 66
19 69
19 73
19 76
19 79
19 80
19 84
21 5
21 7
21 10
21 13
22 1
22 8
22 10
22 14
22 17
22 25
22 27
22 51
22 57
22 58
22 60
22 66
22 70
22 75
22 80
22 95
22 96
22 228
22 234
22 236
22 242
22 245
22 246
22 249
22 263
22 265
22 270
22 275
22 280
22 285
22 299
22 306
22 308
22 315
22 322
22 335
22 343
22 348
22 355
22 366
22 370
22 371
22 372
22 373
22 375
22 378
22 385
22 387
22 395
22 403
22 405
22 407
22 464
22 467
22 470
22 476
22 484
22 488
22 490
22 496
22 501
22 510
22 641
22 650
22 663
22 666
22 676
22 679
22 681
23 70
24 14
24 18
24 32
24 38
24 40
24 41
24 43
24 50
24 52
24 56
24 75
24 91
24 95
24 97
24 102
24 113
24 119
24 120
24 126
24 136
24 139
24 142
24 146
24 148
24 159
24 164
24 166
24 175
24 194
24 197
24 199
24 202
24 204
24 205
24 231
24 247
24 249
24 255
24 261
24 263
24 269
24 270
24 271
26 1
26 12
26 17
26 33
26 46
26 72
26 73
26 78
26 84
26 102
26 104
26 111
26 112
26 113
26 115
26 120
27 2
27 3
27 7
27 17
27 18
27 19
27 26
27 30
27 36
31 17
31 21
31 24
31 25
32 10
32 14
32 15
32 17
32 24
32 65
34 66
34 84
34 98
34 100
34 103
34 109
34 165
34 171
34 172
34 178
34 192
34 197
34 202
34 204
34 205
34 214
34 215
34 226
34 227
35 4
35 11
35 21
35 28
35 37
36 6
36 9
36 10
36 16
36 21
36 28
36 40
36 41
36 51
36 56
36 61
36 63
36 64
36 65
36 69
36 74
36 76
36 81
36 83
36 93
36 97
36 108
36 109
36 113
36 129
36 135
36 147
36 155
36 156
36 158
36 163
36 172
36 176
36 188
36 196
36 198
36 218
36 221
36 223
36 225
36 235
37 2
37 4
37 16
37 27
38 1
38 2
39 114
39 117
39 125
39 130
39 144
40 4
40 7
40 13
40 14
40 36
41 8
41 15
41 18
41 21
41 47
41 56
41 62
41 63
41 68
41 70
41 71
41 78
41 88
41 91
41 94
41 96
42 1
42 7
42 15
42 16
42 21
42 30
42 31
42 34
42 45
42 57
42 65
43 3
43 4
43 14
45 18
45 26
45 27
45 29
45 31
45 32
45 33
45 35
45 36
45 41
45 45
45 52
45 53
45 55
45 64
45 79
45 91
46 43
46 45
46 52
46 58
47 3
47 9
47 11
47 14
47 15
47 16
47 43
47 45
47 46
47 48
47 54
49 110
49 112
49 120
49 123
49 125
49 127
49 128
49 132
49 138
49 143
49 144
49 151
49 154
49 159
53 55
53 59
53 61
53 63
53 64
53 65
53 69
53 70
53 73
53 77
54 5
54 22
54 53
54 63
54 66
54 84
54 98
54 107
54 109
54 116
54 134
54 136
54 149
54 153
55 2
56 4
56 6
56 195
56 203
56 205
56 207
56 211
56 216
56 217
56 223
56 227
56 242
56 243
56 244
56 245
56 248
57 9
57 15
57 25
57 26
57 34
57 39
57 46
57 50
57 52
57 54
57 69
57 77
57 85
57 87
57 89
57 97
57 98
57 101
57 104
57 108
57 113
57 115
57 117
57 122
57 123
58 2
58 4
59 5
59 13
59 15
59 18
59 19
59 22
59 25
59 31
59 78
59 82
59 83
59 88
59 91
59 92
59 104
59 113
59 195
59 198
59 204
59 209
59 274
59 276
59 288
59 307
59 309
59 314
59 320
59 323
59 343
59 345
59 356
59 362
59 377
59 401
59 410
59 418
59 436
59 443
59 464
59 476
59 477
59 516
59 527
59 534
59 538
59 539
59 545
59 549
59 554
59 569
59 571
59 575
59 576
59 585
60 4
61 59
61 60
61 65
61 212
61 214
61 233
62 18
62 29
62 40
62 44
62 96
62 98
62 99
62 103
62 154
62 159
62 163
62 165
62 167
62 240
62 244
62 247
62 248
62 258
62 261
62 263
63 5
63 19
63 22
63 24
63 29
64 36
64 59
64 62
66 31
66 57
66 64
66 69
66 71
66 76
66 81
67 7
67 11
67 19
67 21
67 22
67 27
67 30
67 60
67 77
67 108
67 115
67 121
67 219
67 223
67 226
70 10
70 22
70 24
70 28
70 34
70 37
70 44
70 47
72 50
72 57
73 4
73 18
73 20
73 41
73 46
73 57
74 54
74 59
74 62
74 64
74 90
74 97
74 98
74 101
74 108
74 110
74 121
74 128
74 134
74 150
74 161
74 168
74 188
74 191
74 241
74 250
74 258
77 34
77 37
77 44
77 53
77 58
77 69
77 74
77 78
77 95
77 99
78 2
78 9
78 12
79 7
79 10
79 11
79 24
79 35
79 38
79 39
79 47
79 48
79 49
79 62
79 65
79 66
79 68
79 79
79 81
80 55
80 64
80 67
80 69
80 79
81 3
81 9
81 11
81 22
81 28
82 12
82 19
82 20
82 21
82 25
82 34
82 37
82 42
82 44
82 47
82 52
82 55
82 57
82 59
82 60
82 62
86 16
86 28
86 33
86 36
86 50
86 54
86 59
86 70
87 11
87 14
87 19
87 47
87 52
87 54
87 55
87 56
87 60
87 61
87 69
87 81
87 91
87 94
87 98
87 102
87 103
87 116
88 11
89 30
89 35
89 36
90 7
90 9
90 10
90 11
90 61
90 65
90 194
90 195
90 205
90 219
90 222
90 223
90 229
90 233
90 235
90 237
91 1
92 9
92 17
92 22
92 26
92 35
92 39
92 44
92 45
92 62
92 63
92 68
92 70
92 161
92 163
92 166
92 168
92 169
93 19
93 28
93 29
93 33
93 34
93 36
93 37
93 40
93 62
93 66
93 67
93 69
93 73
93 75
93 85
93 92
93 96
93 97
93 102
93 111
93 114
94 1
94 7
94 8
94 14
94 26
95 6
95 7
95 14
95 15
95 37
95 40
95 50
96 6
96 10
96 12
96 24
96 26
96 27
96 30
96 39
96 41
96 61
96 73
96 81
97 2
97 4
97 12
97 18
97 19
97 23
97 26
97 29
97 47
97 52
97 55
98 2
98 4
98 8
98 9
98 10
98 16
98 22
98 23
98 24
98 26
98 32
98 38
98 44
98 50
98 53
102 12
102 13
102 23
102 34
102 35
102 37
102 39
102 57
102 58
103 11
103 28
103 33
103 42
103 47
103 59
103 69
103 78
103 80
103 82
103 89
103 91
103 94
103 95
103 103
103 104
103 111
103 112
103 129
103 132
103 133
105 20
105 41
105 46
105 47
105 104
105 110
105 113
105 114
105 116
106 22
106 24
106 25
106 27
106 44
106 50
106 53
106 57
106 63
106 67
106 70
106 82
106 87
106 90
106 99
106 102
106 110
106 113
106 123
106 128
106 147
106 152
106 156
106 162
106 191
106 194
107 9
107 11
107 15
107 23
107 30
107 36
107 39
107 49
107 53
107 68
107 84
107 93
107 96
