2 9
2 13
2 17
2 29
2 30
2 31
2 47
4 10
4 15
4 17
4 21
4 22
4 24
4 34
4 39
4 44
4 46
4 50
4 52
4 55
4 57
5 2
5 8
5 11
5 22
5 32
5 33
5 38
5 41
5 42
5 126
5 130
5 131
6 27
6 28
6 29
6 36
6 46
6 50
6 57
6 58
6 62
6 65
6 68
6 71
6 73
6 77
6 87
6 88
6 90
7 7
7 10
7 19
7 23
7 28
7 29
7 31
7 34
7 35
7 37
7 41
7 43
7 44
9 29
9 31
9 42
14 4
14 12
14 16
14 19
14 40
14 44
14 55
14 56
14 59
14 64
14 66
14 76
14 77
14 79
14 81
14 83
14 96
14 98
14 99
14 138
14 141
14 142
14 149
15 39
15 40
15 45
15 54
15 58
16 18
16 25
16 27
17 74
17 75
17 103
17 110
17 117
17 119
17 122
17 125
17 129
17 134
18 2
18 3
18 4
18 6
18 7
18 12
19 1
19 6
19 7
19 8
19 10
20 1
20 2
20 12
21 2
21 8
21 10
21 15
21 23
21 34
21 36
21 63
21 81
21 83
21 85
21 95
21 98
21 106
21 114
21 117
21 119
21 131
21 132
21 135
21 139
21 142
21 144
21 146
21 149
21 152
21 155
21 168
21 170
21 172
21 190
21 192
21 193
21 198
21 201
21 213
21 214
21 215
21 219
21 234
21 242
21 245
21 248
21 249
21 251
21 269
21 275
21 276
21 281
22 4
22 10
22 22
22 26
22 29
22 40
22 51
22 83
22 84
22 86
22 99
22 102
22 119
22 121
23 14
23 15
26 15
26 19
26 27
26 30
26 43
26 51
26 57
26 64
26 71
27 8
27 34
27 36
27 39
27 46
27 55
27 63
27 66
27 78
27 82
27 85
27 87
27 96
27 97
27 99
27 105
27 108
27 111
27 115
27 117
27 125
27 127
27 133
27 142
27 150
27 152
27 156
27 162
28 13
28 41
28 42
28 48
28 60
28 63
28 71
28 76
28 83
28 84
28 86
28 96
28 102
28 103
28 112
28 113
28 115
28 117
28 118
28 124
28 136
28 139
28 150
29 3
29 8
29 9
29 11
29 15
29 20
29 26
29 29
29 44
29 49
29 55
29 66
29 68
29 73
29 84
29 90
29 107
29 122
29 123
29 127
29 132
29 166
29 227
29 228
29 246
29 258
29 285
29 286
29 288
29 293
30 116
30 123
30 125
30 127
30 132
30 136
30 165
30 172
30 173
30 178
30 183
30 193
30 215
30 218
30 225
31 12
32 8
32 15
32 17
32 18
32 79
33 19
37 3
37 5
37 9
37 12
37 13
37 25
37 33
37 36
37 37
37 40
37 44
37 46
37 53
37 60
37 64
37 69
37 70
38 15
38 39
38 43
38 45
38 51
38 55
38 61
38 62
38 63
38 84
38 95
38 107
38 111
38 113
38 122
38 124
39 6
39 7
39 8
39 12
39 17
39 22
39 27
39 29
40 57
40 58
40 61
40 67
40 78
40 80
40 81
41 19
41 30
41 36
43 15
43 30
43 123
43 126
43 148
43 152
43 154
43 155
43 159
44 48
44 52
44 55
44 56
44 58
44 59
44 60
44 62
44 63
44 82
44 94
44 110
44 114
44 244
44 253
44 256
44 257
44 265
44 272
45 6
45 7
45 16
45 17
45 22
45 34
45 43
45 48
45 50
45 53
45 54
45 86
45 90
45 101
46 1
46 5
46 8
46 12
46 19
46 21
46 24
46 27
46 28
46 29
46 55
46 58
46 79
46 80
46 90
46 92
46 94
46 99
46 100
46 110
46 111
46 115
46 117
46 118
46 128
46 159
46 164
46 245
46 247
46 248
46 251
46 257
46 258
46 259
46 262
46 273
46 282
46 284
46 286
46 287
46 290
46 293
46 301
46 302
46 303
46 306
46 326
46 327
46 329
46 332
46 335
47 3
47 10
47 13
47 14
47 19
47 39
47 43
47 49
47 50
47 55
47 72
47 73
47 75
47 78
47 84
48 4
48 8
48 16
48 28
48 31
48 49
49 1
49 9
49 11
49 13
49 15
49 29
49 35
49 40
50 4
51 39
51 55
51 61
51 74
51 84
51 182
51 186
51 189
51 199
51 201
51 205
51 209
51 239
51 244
52 2
52 4
52 24
52 35
52 41
52 42
52 47
52 55
52 64
52 66
52 68
52 72
52 114
52 116
53 9
53 10
53 20
53 29
53 50
53 59
54 2
54 4
54 9
54 10
54 17
54 25
54 41
54 42
54 53
54 55
54 65
54 71
54 72
54 73
54 74
54 85
54 87
54 89
54 97
55 102
55 107
55 112
55 115
55 150
55 155
55 160
55 201
55 213
55 217
55 222
55 223
55 234
55 235
55 238
55 243
55 254
56 2
56 10
56 18
56 19
56 25
56 27
56 29
56 30
56 43
56 44
56 70
56 84
56 90
56 126
56 128
56 131
56 174
56 176
56 183
56 185
56 191
56 196
57 4
57 5
58 3
58 11
58 19
58 28
58 35
58 39
58 43
58 48
58 49
58 57
58 68
58 73
58 87
58 91
58 94
58 99
58 105
58 106
58 108
58 111
58 113
58 121
58 140
58 154
58 157
58 159
58 170
58 174
59 2
59 4
59 6
59 10
59 11
59 34
59 56
59 68
59 70
59 73
59 78
59 89
59 101
59 104
59 106
59 112
59 120
59 122
59 172
59 177
59 181
59 189
59 328
59 330
59 345
59 353
59 373
59 375
59 384
59 386
61 47
61 52
61 54
61 56
61 65
61 74
61 109
61 114
61 116
62 9
63 7
63 11
63 12
63 15
63 17
63 29
63 33
63 35
63 36
63 41
63 44
63 45
63 55
63 64
63 65
63 68
63 73
63 78
63 94
63 99
63 114
63 118
63 146
63 151
63 163
63 177
63 178
63 181
64 16
64 17
64 24
64 39
64 43
64 45
64 48
64 53
64 54
64 55
64 56
64 58
64 60
64 61
64 185
65 12
65 20
65 21
65 26
65 28
65 32
65 41
65 45
65 53
65 58
65 62
65 77
65 78
65 81
65 89
65 95
65 103
65 110
65 130
65 144
65 153
65 157
65 159
65 167
66 1
66 3
66 6
66 17
66 149
66 150
66 153
66 154
66 155
66 159
66 178
66 183
66 201
66 202
66 213
66 216
66 217
66 222
66 237
67 3
67 5
67 7
67 51
67 55
67 71
67 95
67 97
68 3
68 8
68 13
68 15
68 19
68 21
68 25
68 27
68 29
68 39
68 42
68 45
68 50
68 61
68 68
68 75
68 76
68 80
68 82
68 83
68 84
68 230
68 231
68 233
68 235
68 241
68 242
68 245
68 250
68 254
68 256
68 264
68 269
68 270
68 271
68 274
68 275
68 277
68 280
68 288
68 289
68 299
68 306
68 308
68 311
68 315
68 321
68 324
68 328
68 330
68 331
68 334
68 335
68 350
71 36
71 38
71 39
71 41
71 42
71 43
72 7
72 17
72 33
72 44
72 51
72 69
74 18
74 20
76 8
76 9
76 11
76 22
76 67
76 68
76 71
76 77
76 83
76 85
76 106
76 114
76 121
78 2
78 6
78 13
78 16
78 19
78 22
78 24
78 32
78 39
78 48
78 49
79 33
79 54
80 6
80 7
80 10
80 14
80 18
80 20
80 24
80 28
80 31
82 24
82 30
82 35
82 41
82 47
82 54
82 67
82 73
82 84
82 85
82 95
82 160
82 170
82 174
82 197
82 199
82 201
82 202
82 203
82 207
82 209
82 210
82 290
82 296
82 299
82 300
82 303
83 5
83 29
83 31
83 38
83 43
83 56
83 60
83 65
83 73
83 77
83 93
83 100
83 121
83 126
83 127
83 128
83 133
83 138
83 145
83 150
83 157
83 167
83 170
84 2
84 5
84 9
84 10
84 11
84 19
84 22
84 25
84 37
84 44
84 45
84 51
84 63
84 67
84 70
84 71
85 3
85 4
85 12
85 27
85 29
86 1
86 7
86 13
87 7
87 31
87 32
87 65
89 20
89 21
89 22
89 26
89 29
89 30
89 34
89 39
89 51
89 58
89 67
89 69
89 70
89 78
89 90
89 96
89 101
89 104
89 107
89 108
89 109
89 110
89 126
90 70
