1 3
1 8
1 9
1 11
1 23
1 26
1 28
1 34
1 36
1 37
1 42
1 44
2 6
2 11
2 14
3 2
3 4
3 5
3 18
3 57
3 68
3 94
3 97
3 100
3 101
4 1
5 28
5 30
5 34
5 35
5 46
5 51
5 60
5 72
5 92
5 95
5 108
5 126
5 131
5 139
5 177
5 190
5 196
6 9
6 10
6 19
6 20
6 22
6 39
6 58
6 62
6 67
9 1
9 2
10 4
10 7
10 32
11 9
11 13
13 13
14 5
14 22
14 23
15 2
15 7
15 13
15 21
15 26
15 27
15 28
15 46
15 48
15 49
15 54
15 55
15 58
15 67
16 111
16 112
16 113
16 121
16 122
16 124
16 129
16 135
16 136
16 139
16 142
16 146
16 151
16 156
16 162
16 164
16 175
16 176
16 179
16 182
16 186
16 193
17 3
17 10
17 20
17 23
18 5
18 8
18 13
18 14
18 22
18 25
18 30
18 34
19 17
20 14
20 16
20 18
20 21
20 25
20 33
20 35
20 41
20 42
20 47
20 50
20 52
20 54
20 67
20 73
20 74
20 76
20 80
20 96
20 102
20 103
20 111
20 112
20 122
20 126
20 129
20 132
20 141
20 151
20 152
20 153
20 156
20 290
20 292
20 300
20 309
20 311
20 318
20 319
20 332
20 334
20 348
20 363
20 365
20 369
20 375
22 4
22 6
22 8
22 10
22 13
22 20
22 23
22 29
22 32
22 41
22 45
22 63
22 66
22 68
22 80
22 88
22 89
22 94
22 95
22 96
22 99
22 106
22 108
22 115
23 3
23 5
23 13
23 17
23 19
23 20
23 24
23 25
23 26
23 33
23 54
23 61
23 67
23 69
23 70
23 73
23 85
23 91
23 93
23 99
24 1
24 3
26 69
26 72
26 108
26 110
26 112
26 113
27 74
28 1
28 6
28 10
28 23
28 31
28 41
28 47
28 57
28 59
28 66
28 68
28 72
28 82
29 2
31 6
31 7
31 17
31 21
31 69
31 75
31 81
31 92
31 96
31 113
31 124
31 127
31 134
31 151
31 158
31 169
31 175
31 187
31 189
31 192
31 193
31 194
31 198
31 202
31 207
31 209
31 214
31 215
31 220
31 221
32 2
33 4
33 6
33 7
33 14
33 17
33 20
33 24
33 25
33 36
34 11
34 158
34 194
34 196
34 218
34 239
34 245
34 251
34 275
34 291
34 292
34 294
34 305
34 307
34 316
34 318
34 324
34 326
34 334
34 336
34 337
34 343
34 349
35 6
35 37
35 42
35 107
35 112
35 116
35 117
35 132
35 137
35 138
35 139
35 147
37 46
37 51
37 54
37 63
37 68
39 4
41 6
41 11
41 15
41 17
41 21
41 30
41 34
41 47
41 49
41 107
41 108
41 112
41 122
41 123
41 127
41 135
41 138
41 144
41 145
41 148
41 150
41 158
41 170
41 184
41 185
41 188
41 200
41 202
41 207
41 212
43 14
43 23
43 30
43 32
44 2
44 11
44 33
44 41
44 66
44 72
44 75
44 76
44 78
45 107
45 113
46 2
46 8
46 14
46 25
46 29
46 45
46 48
46 49
46 61
46 76
46 94
46 95
46 103
46 109
46 112
46 113
46 116
46 117
46 120
46 123
46 126
46 142
46 150
46 151
46 153
46 175
46 177
46 178
46 180
46 182
46 184
46 203
46 204
46 219
46 225
46 228
46 231
46 232
46 235
46 240
46 249
46 250
46 252
46 255
46 265
46 274
46 275
46 278
46 279
47 8
47 10
47 12
47 19
47 23
47 38
47 40
47 48
47 51
47 52
47 53
47 56
47 70
47 73
47 87
47 88
47 95
47 98
47 107
47 113
47 116
48 4
48 7
48 22
49 5
49 18
49 27
49 38
49 40
50 18
50 21
50 23
50 24
50 32
50 33
50 46
50 52
50 53
50 54
50 58
50 69
50 79
51 4
51 7
51 9
51 12
51 17
52 16
52 20
52 35
52 48
52 49
52 52
53 4
53 5
53 12
53 63
53 66
53 68
53 70
53 73
53 75
53 87
53 90
53 91
53 92
53 94
53 95
53 96
53 98
53 105
53 114
53 116
53 124
53 135
54 3
54 15
54 23
55 54
55 76
55 78
55 80
55 82
55 90
55 92
55 98
57 3
57 6
57 17
57 18
58 129
58 133
58 140
58 142
58 155
58 161
58 163
58 167
58 178
58 183
58 192
58 195
58 198
58 201
58 214
58 217
58 223
58 226
58 232
59 14
59 16
59 18
59 19
59 21
59 22
59 28
59 29
59 41
59 43
59 56
59 62
59 73
59 88
59 89
59 93
59 108
59 123
59 125
59 159
59 163
59 164
60 1
60 5
60 7
60 10
60 14
60 15
60 20
60 22
61 2
61 13
61 26
61 34
61 38
61 39
61 42
61 52
61 53
61 63
61 67
61 69
61 75
61 82
61 83
61 84
61 85
61 90
61 102
61 103
61 108
61 119
61 120
61 177
61 178
61 181
61 182
61 185
61 192
61 195
61 197
61 199
61 203
62 34
62 35
62 38
62 43
62 45
62 48
62 50
62 59
62 65
62 71
62 81
62 88
63 1
64 2
64 4
64 11
64 20
64 27
64 29
64 32
64 40
64 51
64 54
64 72
64 73
64 75
64 78
65 30
65 32
65 35
65 40
67 48
67 53
67 60
67 71
67 78
68 27
68 28
68 31
68 34
68 37
68 46
68 51
68 54
68 78
68 79
68 80
68 85
68 86
68 91
68 93
68 102
68 110
68 119
68 121
68 125
68 126
68 129
68 141
68 148
68 153
68 156
68 173
68 178
70 176
70 178
70 183
70 185
70 203
70 210
70 212
70 213
70 216
70 224
70 227
70 232
70 233
71 4
71 5
72 61
72 64
72 66
72 68
72 76
72 82
72 83
72 94
72 100
72 103
72 107
72 112
72 132
72 146
72 148
72 162
72 169
72 182
72 191
72 207
72 216
72 228
72 253
72 261
72 272
72 273
72 285
72 290
72 294
72 313
72 314
72 315
73 3
73 5
73 9
73 11
73 20
73 23
73 29
75 10
75 11
75 27
75 31
75 32
75 35
75 36
75 38
75 44
75 45
75 46
75 47
75 49
75 53
75 54
76 9
76 13
78 43
78 52
78 53
78 58
78 59
78 63
79 68
79 77
79 88
79 91
79 107
79 113
79 114
79 115
79 118
79 192
79 196
79 197
79 201
79 209
79 220
79 223
79 224
79 226
79 227
79 233
79 240
79 255
79 265
79 267
79 268
80 3
80 15
80 17
80 20
80 23
82 11
82 15
82 19
84 7
84 10
84 15
84 20
84 41
84 44
84 45
84 55
84 56
84 57
84 60
84 61
84 68
84 78
84 87
84 91
84 92
84 104
84 127
85 97
85 115
85 117
87 5
87 18
87 20
87 24
87 28
87 40
87 47
87 48
87 49
87 69
87 70
87 82
87 86
87 87
87 88
87 90
87 96
87 97
87 98
87 100
87 141
87 150
87 151
87 161
87 166
87 168
87 187
87 190
87 207
87 215
87 223
87 224
87 225
87 228
87 235
87 239
87 240
87 241
87 248
87 252
87 253
87 259
87 265
87 273
87 278
87 284
87 285
87 288
87 300
87 308
88 31
88 41
88 56
88 60
88 67
88 72
88 75
88 84
88 102
88 103
88 105
88 109
88 111
88 121
88 126
88 139
88 140
88 144
88 146
88 147
88 192
88 193
88 197
88 199
88 202
88 220
88 298
88 300
88 302
88 304
88 371
88 382
88 385
88 392
88 401
88 413
88 419
88 421
88 439
88 442
88 449
88 480
88 481
88 486
88 561
88 562
88 568
88 580
88 583
88 584
88 593
88 594
88 596
88 599
88 615
88 621
88 624
88 628
88 629
88 632
88 636
88 638
88 644
89 1
89 5
89 12
89 16
89 30
90 27
90 29
90 71
90 79
91 1
93 10
93 14
94 2
94 9
94 12
94 29
94 30
94 41
94 48
94 50
94 53
94 56
94 64
95 2
95 44
95 52
95 59
95 65
95 68
95 76
95 80
95 83
95 88
95 94
95 95
95 96
95 104
95 110
95 111
95 114
95 120
95 123
95 135
95 158
95 166
95 174
95 175
95 178
95 179
95 190
95 192
95 193
95 197
95 209
95 227
95 229
95 231
95 245
95 250
95 253
95 274
95 276
95 293
95 294
95 302
95 310
95 312
95 327
95 340
95 341
95 343
95 344
95 345
95 346
95 359
95 385
95 390
95 393
95 406
95 407
95 411
95 420
95 423
95 429
95 430
95 436
95 441
95 449
95 454
96 25
96 29
96 36
96 38
96 43
96 45
96 47
97 3
97 5
97 6
97 8
97 9
97 20
97 43
97 62
97 64
97 79
97 80
97 90
97 94
97 101
97 109
97 110
97 120
97 129
99 1
99 4
99 14
99 17
99 20
99 28
99 29
99 30
100 5
100 7
100 9
100 10
100 14
100 16
100 17
100 18
100 30
