1 1
1 7
1 17
1 18
1 31
1 33
1 38
1 57
1 59
1 61
1 65
1 67
1 69
1 74
1 83
2 8
2 16
2 23
2 33
2 36
3 4
3 8
6 25
6 28
7 40
7 95
7 102
11 40
11 46
12 1
13 9
13 11
14 11
14 13
14 16
14 18
14 20
16 28
16 40
16 45
16 48
16 51
16 61
16 65
17 15
17 17
17 19
17 24
17 37
17 38
18 27
18 29
18 46
18 49
18 59
18 69
18 72
18 75
18 95
18 97
18 99
18 111
18 118
18 130
18 151
18 154
18 156
18 160
18 161
18 163
19 1
19 4
19 5
19 13
19 16
19 113
19 115
19 121
20 1
20 3
20 5
20 10
21 7
21 32
21 39
21 44
21 58
21 64
21 67
21 72
21 76
21 84
21 86
21 94
21 102
21 105
21 111
21 115
21 119
21 130
21 131
21 143
21 144
21 154
21 155
21 167
21 169
21 175
21 177
21 180
21 184
21 192
21 193
21 196
21 197
21 230
22 117
22 122
22 132
22 135
22 143
22 147
22 150
22 152
22 155
22 158
22 167
22 169
22 175
22 177
22 184
22 211
22 212
22 214
22 216
22 217
22 232
22 345
22 353
22 357
22 362
22 376
22 378
22 382
22 389
22 392
23 126
23 128
23 146
24 5
24 8
24 14
24 24
24 34
24 68
24 76
24 80
24 82
24 84
24 87
24 94
24 96
24 97
24 102
24 109
24 113
24 123
24 129
24 131
24 132
24 138
24 151
24 166
24 167
25 60
25 65
25 67
25 70
25 92
25 97
26 4
26 11
26 12
26 18
26 32
26 41
27 7
27 8
27 9
27 17
27 21
27 29
27 30
27 32
27 35
27 65
27 66
27 67
28 2
28 10
28 11
28 20
28 28
28 37
28 48
28 49
28 50
28 58
28 64
28 67
29 6
29 9
29 10
29 15
29 16
29 33
29 35
29 37
29 38
29 43
29 50
29 54
29 56
29 63
29 68
29 70
29 77
29 84
29 89
29 94
30 23
30 28
30 30
30 38
30 40
30 46
30 49
31 12
31 13
31 15
31 19
31 21
31 62
33 28
33 34
33 41
33 42
33 44
33 45
34 11
34 20
34 21
34 22
34 23
34 26
35 5
35 11
35 18
35 25
35 27
35 31
35 36
35 38
35 45
35 56
35 61
35 64
35 67
35 74
35 76
35 78
35 82
35 85
35 87
35 89
35 128
35 129
35 131
35 147
36 12
37 32
37 33
37 48
37 59
37 71
37 86
37 94
37 98
37 114
37 115
37 120
37 125
37 132
37 140
37 144
37 160
37 169
37 176
37 185
37 190
38 3
38 25
38 32
38 40
38 48
38 54
38 62
38 64
38 68
38 78
38 90
38 95
38 103
38 108
38 109
38 111
38 245
38 248
38 250
38 255
38 266
38 270
38 273
38 276
38 277
38 281
38 287
38 300
38 301
38 309
38 316
38 317
38 320
38 323
38 325
38 334
38 343
38 353
38 359
38 361
38 367
38 375
38 385
38 390
38 396
38 402
38 404
38 407
38 409
39 1
39 3
39 9
39 14
39 18
39 20
39 23
39 33
39 36
39 37
39 48
39 50
39 55
39 66
39 71
39 76
39 206
39 215
41 3
41 5
41 17
41 24
42 2
42 10
42 13
42 36
42 45
42 47
42 57
42 61
42 68
42 71
42 74
42 76
43 1
43 2
43 3
43 9
43 28
43 32
43 34
43 35
43 36
43 38
43 144
43 145
43 147
43 159
43 164
43 166
43 194
43 198
43 201
43 205
43 207
43 215
43 221
43 231
43 235
43 237
43 261
43 263
43 286
43 316
43 321
43 324
43 331
43 338
43 476
43 486
44 4
45 3
45 6
45 35
45 37
45 39
45 42
45 45
45 48
45 50
45 56
45 57
45 59
45 61
45 68
45 69
45 71
45 79
45 81
45 93
45 94
45 97
45 104
45 107
45 113
46 3
47 10
47 12
47 16
47 17
47 108
47 112
47 119
47 125
47 126
47 129
47 132
47 141
47 144
47 159
47 165
47 175
47 178
47 179
47 311
47 316
47 323
47 338
47 353
47 354
47 364
47 383
47 387
47 391
47 395
48 17
48 22
48 27
48 31
48 39
48 43
48 46
48 51
48 52
48 61
48 64
48 92
48 96
48 101
48 109
48 113
48 125
48 126
48 136
48 140
48 143
48 145
48 149
49 4
49 23
49 29
49 30
49 39
49 41
49 44
49 45
49 49
49 60
49 79
49 80
49 81
49 82
49 86
50 3
50 28
50 34
50 38
50 45
50 66
50 71
50 73
50 75
50 77
50 79
50 80
50 83
50 87
50 88
50 94
50 101
50 108
50 111
50 118
50 131
50 139
50 145
50 155
50 175
50 200
50 210
50 213
50 270
50 286
50 287
50 297
50 298
50 300
50 305
50 455
50 460
50 463
50 465
50 466
50 471
50 472
50 474
51 114
51 133
51 146
51 149
51 152
51 159
52 9
52 11
52 12
52 15
52 20
52 24
52 30
52 32
52 37
52 46
52 48
52 51
52 74
52 77
52 91
52 93
52 97
52 100
52 121
52 125
52 141
52 150
55 37
55 41
55 44
55 48
55 56
55 61
55 73
56 16
56 33
56 34
56 43
56 44
56 48
56 54
56 55
56 58
56 59
56 62
56 63
56 72
56 76
57 1
57 2
57 7
57 12
57 15
57 17
58 1
58 2
58 5
58 12
59 11
60 3
60 65
60 68
60 80
61 1
61 2
61 16
61 17
61 28
65 65
65 70
65 71
66 8
66 19
66 21
66 25
66 26
66 27
66 28
66 31
66 33
66 48
66 52
66 58
66 60
66 64
68 29
68 32
68 39
68 56
68 59
68 74
68 85
68 86
68 89
68 90
68 94
68 104
68 112
68 123
68 125
68 126
68 128
68 133
68 136
68 138
68 150
68 152
68 158
68 169
68 170
68 179
68 181
69 81
69 87
69 88
69 91
69 98
69 100
69 104
69 111
69 118
69 120
69 128
69 133
69 136
69 145
69 148
69 154
69 162
69 163
69 170
69 177
69 184
69 187
69 190
69 192
71 1
71 11
71 20
72 22
72 24
72 43
72 60
72 68
72 73
75 5
77 72
77 73
77 80
77 91
77 93
77 105
77 234
77 248
77 250
77 255
77 256
77 259
77 267
77 279
77 284
77 285
77 288
77 289
77 293
78 6
78 9
78 25
78 31
78 32
78 34
78 36
78 47
78 50
78 51
78 75
78 77
78 81
78 88
78 105
78 112
78 115
78 123
78 131
78 136
78 138
79 1
79 7
79 8
79 13
79 20
79 31
79 40
79 44
79 46
79 48
79 49
79 57
79 58
79 59
79 62
79 65
79 93
79 103
79 104
79 112
79 113
80 5
80 11
80 16
80 19
80 20
80 23
80 24
80 60
80 61
80 65
80 66
80 73
80 74
80 77
80 78
84 1
84 5
84 14
84 16
84 24
84 33
84 40
84 41
84 46
84 48
84 52
84 58
84 67
84 71
84 76
84 78
84 79
84 88
84 91
85 25
85 32
85 34
85 65
85 69
85 71
85 72
85 79
85 82
85 86
85 92
85 93
85 100
85 101
85 103
85 166
85 171
85 177
85 182
85 193
85 195
87 54
87 55
87 56
87 69
87 78
87 81
87 86
87 98
87 103
88 2
88 10
88 15
88 16
88 20
88 28
88 48
91 23
91 28
91 35
91 38
92 4
92 5
92 9
93 46
94 7
94 37
94 38
94 47
94 49
94 51
95 13
95 14
95 25
95 28
95 41
95 92
95 96
95 114
95 122
95 127
95 140
95 141
95 145
96 38
96 44
96 59
96 70
96 72
96 82
96 83
96 86
96 101
96 109
96 112
96 120
96 121
97 1
97 27
97 29
98 1
98 13
99 5
99 9
99 11
99 19
99 23
99 58
