2 1
2 89
2 91
2 117
2 121
2 130
2 131
2 134
2 144
2 145
2 148
2 151
3 1
3 5
4 1
4 18
4 21
4 23
4 27
4 33
4 35
4 52
4 53
4 54
4 61
4 79
4 84
4 87
5 1
5 6
5 7
5 10
5 13
5 14
5 35
5 41
5 48
5 50
5 56
6 1
6 3
6 5
6 10
6 12
10 25
11 2
11 4
11 16
11 17
12 75
12 76
12 85
12 86
12 89
12 94
12 99
12 108
12 110
12 117
12 120
12 134
12 138
12 143
14 44
14 51
14 52
15 2
15 7
15 9
15 14
15 16
15 17
15 21
15 22
15 23
15 26
15 29
15 35
15 36
15 37
15 43
15 47
15 48
15 55
15 65
15 77
15 83
15 95
15 101
15 115
15 126
15 129
15 131
16 3
16 7
16 15
16 21
16 48
16 58
16 59
16 60
16 76
16 84
16 93
16 100
16 106
16 111
16 118
16 121
16 122
16 135
16 136
16 145
16 147
16 150
16 153
16 167
16 169
16 174
16 178
17 64
17 65
17 73
17 85
17 87
17 89
17 91
17 93
17 96
17 111
17 116
17 134
17 145
17 155
17 176
18 33
20 1
20 3
20 17
20 18
20 29
20 33
20 46
20 51
20 68
20 69
20 75
20 81
20 85
20 101
20 109
20 116
20 125
20 133
20 143
20 151
20 152
20 166
21 3
23 16
23 18
23 22
23 37
23 55
23 59
23 62
23 76
23 82
23 92
23 103
23 109
23 111
23 197
23 198
25 1
25 6
25 9
27 53
27 75
27 83
27 89
27 91
27 96
27 108
27 109
27 118
27 120
27 132
27 135
27 140
27 149
27 154
27 163
27 168
27 169
28 6
28 11
28 15
28 19
28 28
28 29
28 52
28 55
28 62
28 71
29 5
29 6
29 15
29 19
29 20
30 39
30 40
30 47
30 64
30 66
30 68
30 80
30 82
30 86
30 88
30 95
30 108
30 110
30 163
30 165
30 166
30 170
30 171
30 174
30 188
30 196
30 203
30 204
30 208
30 210
30 214
30 223
30 232
31 4
31 8
33 42
33 51
33 55
33 68
33 70
33 72
33 75
33 82
33 87
33 88
33 102
33 103
33 123
33 127
33 144
33 146
33 151
33 154
33 174
33 182
33 186
33 192
33 204
33 205
34 13
34 14
34 19
34 20
34 43
34 50
34 51
34 55
34 74
34 75
34 83
35 77
35 80
35 81
35 87
35 88
35 91
35 99
36 3
37 70
37 72
37 75
37 77
37 80
37 82
37 89
37 94
37 99
37 107
37 109
37 113
37 115
37 134
37 135
37 140
37 145
37 147
38 1
38 14
38 18
38 19
38 26
38 27
39 154
39 162
39 170
39 174
39 177
39 178
39 181
39 189
39 190
39 200
39 210
39 212
39 219
39 268
39 279
39 284
39 286
39 292
39 299
39 302
39 322
39 335
39 336
39 338
39 339
39 342
39 348
39 350
39 351
39 361
39 364
39 371
39 377
39 382
39 383
39 390
39 393
39 398
39 406
39 409
39 411
39 412
39 415
39 434
39 438
39 440
39 451
39 455
39 456
39 460
39 535
39 539
39 543
39 557
40 31
40 36
40 44
40 54
40 66
40 68
40 75
40 76
40 78
40 79
40 86
40 92
40 107
40 110
40 113
40 114
40 115
40 127
40 137
40 144
40 148
40 163
40 175
40 177
40 184
40 185
40 187
40 209
40 214
40 218
40 219
40 224
40 225
40 231
40 233
40 234
41 4
42 11
42 20
42 21
42 27
42 34
42 35
42 37
42 38
42 42
43 2
43 5
43 8
43 32
43 39
43 46
43 49
44 3
44 11
44 13
44 19
44 22
44 24
44 25
44 39
44 53
44 54
44 60
44 62
44 63
44 69
44 70
44 77
44 86
44 88
44 90
44 100
44 107
44 118
44 134
44 140
44 142
45 5
45 7
46 1
48 37
48 42
49 93
49 109
51 2
51 9
51 11
51 14
51 32
51 37
51 75
51 87
51 88
52 2
52 13
52 15
52 20
52 47
54 3
54 7
54 10
54 13
54 15
54 28
55 3
55 10
55 13
55 14
55 35
55 54
56 4
56 7
56 8
56 9
56 17
57 10
57 15
57 22
57 23
57 27
57 32
57 79
58 2
58 5
58 15
58 19
58 25
58 35
58 36
58 41
58 47
58 55
58 70
58 71
58 85
58 88
58 90
59 4
59 5
60 7
60 8
60 15
60 16
60 32
60 37
60 47
60 54
60 55
60 57
60 66
60 68
60 72
60 76
60 80
60 83
60 89
60 92
60 104
60 106
60 107
60 108
60 113
60 115
60 118
60 170
60 173
60 180
60 181
60 311
60 325
60 327
60 329
60 335
60 338
61 23
62 52
62 54
62 56
62 60
62 72
62 75
62 137
62 138
62 139
62 140
62 146
62 150
62 151
62 156
62 185
62 191
62 198
62 200
62 210
62 216
62 217
62 218
62 221
62 222
62 223
62 228
62 233
62 244
62 247
62 260
62 266
62 268
62 272
64 76
64 80
64 89
64 94
64 99
64 155
64 160
64 163
64 173
64 175
64 188
65 53
65 54
65 57
65 68
65 73
65 74
65 79
65 82
65 93
65 96
65 104
65 108
66 14
66 16
66 28
66 30
66 37
66 38
67 15
68 3
68 10
68 12
68 19
68 21
68 24
68 28
68 30
68 36
68 46
68 48
68 55
68 56
68 60
68 73
68 75
68 86
68 90
68 97
68 98
68 105
68 107
68 120
68 121
68 124
68 129
68 131
68 135
68 143
68 144
68 146
68 148
69 5
69 23
69 24
69 32
69 35
69 46
69 48
69 49
69 51
70 7
70 8
70 10
70 17
70 19
70 30
70 39
70 52
70 64
70 66
70 71
70 72
70 82
70 84
70 94
70 102
70 105
70 111
70 114
70 121
70 122
70 123
70 124
70 125
70 132
70 140
70 146
70 147
70 151
71 76
71 77
71 81
71 85
71 86
71 92
71 105
71 109
71 121
71 124
71 125
71 126
72 1
72 7
72 10
72 13
72 15
72 16
72 17
72 19
72 24
73 1
74 77
74 81
74 83
75 5
75 12
75 23
75 57
75 59
76 6
76 16
76 18
76 20
76 21
76 25
76 33
76 34
76 39
76 45
76 111
76 116
76 122
76 159
76 160
76 163
76 169
76 175
76 178
76 179
76 187
76 191
76 204
76 219
76 220
76 221
76 224
76 229
76 232
76 233
76 235
77 1
77 11
77 12
77 13
77 14
77 23
77 28
77 36
77 37
77 38
77 43
77 44
78 1
78 6
78 7
78 15
78 16
78 23
78 27
78 30
79 3
79 6
79 11
79 14
79 17
79 18
79 19
83 14
83 17
83 21
83 22
83 25
83 27
83 32
83 38
83 40
83 43
83 46
84 4
84 7
84 13
84 17
84 20
84 28
84 42
84 49
84 51
84 56
84 58
84 71
84 78
84 94
84 98
85 4
85 6
85 7
85 8
85 14
85 16
85 19
85 27
85 52
85 57
85 66
85 68
85 71
85 75
85 83
85 84
85 88
85 125
85 139
85 144
85 147
85 149
85 153
85 163
85 164
85 165
85 166
85 172
85 174
85 184
85 185
85 186
85 189
85 222
85 224
86 6
86 28
86 29
90 12
90 20
90 32
90 34
90 62
90 69
90 74
90 78
90 85
90 89
90 91
90 92
90 154
90 158
90 162
90 171
90 172
92 6
92 10
92 14
92 15
92 41
92 47
92 49
92 66
92 71
92 73
92 76
92 77
92 79
92 87
92 88
92 119
92 122
92 127
92 133
93 10
93 14
94 23
94 24
94 28
95 11
95 22
95 26
95 30
95 31
95 42
95 43
95 68
95 69
95 143
96 7
96 8
96 13
96 17
96 23
96 29
96 38
96 42
96 88
96 92
96 95
96 96
96 104
96 105
96 112
96 113
96 119
96 123
96 130
96 146
96 149
96 152
96 155
96 159
96 166
96 178
96 212
96 213
96 217
96 223
96 226
96 236
96 237
96 243
96 244
96 247
96 250
96 255
96 260
96 263
96 267
96 269
96 270
96 272
96 275
96 281
96 295
96 301
96 320
96 324
98 67
98 78
98 81
98 82
100 61
100 68
100 74
100 78
100 85
100 87
100 92
100 95
101 15
101 16
102 2
102 5
105 37
105 39
106 3
