1 8
1 13
1 15
1 17
1 24
1 30
1 31
1 33
2 5
2 11
2 12
2 15
2 18
2 29
2 31
2 47
2 50
2 56
2 62
2 64
2 96
2 97
3 1
3 9
3 21
3 27
3 34
3 38
3 48
3 57
3 63
3 64
3 67
3 79
3 102
3 103
3 107
3 109
3 111
3 120
3 121
3 123
3 124
3 125
3 137
3 155
3 164
3 186
3 187
3 189
3 194
3 196
4 5
5 30
5 35
5 40
5 43
5 60
5 69
5 71
5 73
5 75
5 77
5 80
5 81
5 90
5 94
5 103
5 111
5 119
5 120
5 124
5 135
5 140
5 143
5 163
6 21
6 27
8 20
8 23
8 29
8 34
8 36
8 37
8 44
8 65
8 66
8 73
8 81
8 85
8 93
9 1
9 11
10 120
10 124
10 126
10 127
10 131
10 137
10 143
10 147
10 149
10 159
10 169
10 174
10 181
10 201
10 205
10 206
10 210
10 228
10 230
11 5
11 11
11 12
11 14
11 19
11 25
12 4
12 6
12 9
12 13
12 20
12 21
12 31
12 36
12 64
12 81
12 82
12 87
12 94
12 235
12 239
12 244
12 247
12 259
12 262
12 264
12 266
12 268
12 269
12 270
12 272
12 277
12 278
12 366
12 370
12 391
12 394
12 403
13 11
13 12
13 15
13 21
13 29
13 30
13 34
13 73
13 76
15 67
15 70
15 77
15 82
15 87
15 89
15 100
15 101
16 81
16 82
16 95
16 102
16 103
16 105
16 111
16 116
16 120
16 125
17 3
17 9
17 11
17 22
17 25
17 31
17 33
17 37
17 43
17 44
17 60
17 64
17 65
17 66
17 69
17 78
17 79
19 10
19 18
19 19
19 31
19 40
19 45
19 46
19 49
19 51
19 52
20 5
20 14
20 15
20 17
20 19
20 23
20 90
20 93
20 95
20 99
20 107
20 112
20 113
20 114
20 129
21 1
21 6
21 16
21 17
21 24
21 25
21 30
21 31
21 42
22 3
22 6
22 10
22 11
22 13
22 19
22 27
22 40
22 47
22 49
22 56
22 58
24 61
24 72
24 80
24 87
24 92
24 96
24 109
24 114
24 116
24 123
24 129
24 145
24 150
24 155
24 170
24 180
24 182
24 201
24 207
24 231
24 232
24 233
24 235
24 251
24 259
24 260
24 262
24 272
25 3
25 4
25 16
25 145
25 148
25 153
25 154
25 156
25 181
25 194
25 195
25 199
25 203
25 217
25 230
25 231
25 242
25 246
25 250
25 254
25 310
25 311
25 316
25 324
26 2
26 3
26 8
26 16
26 26
26 32
26 37
26 43
26 52
26 53
28 60
28 62
28 64
28 65
28 80
28 84
29 34
29 37
29 39
29 50
29 65
29 76
30 7
30 10
30 11
30 20
30 21
33 21
33 25
33 35
33 36
33 37
33 54
33 62
33 63
33 67
33 73
34 1
34 4
34 7
35 10
36 3
36 4
36 6
36 11
36 17
36 24
36 29
36 31
37 30
37 33
37 34
37 36
37 37
37 38
37 41
37 47
37 50
37 51
37 52
38 33
38 34
38 41
38 45
38 58
38 61
38 68
38 71
39 18
39 29
40 92
40 99
40 101
40 106
40 113
40 138
40 147
40 152
40 154
40 160
40 163
40 179
40 189
40 192
40 202
40 242
40 253
40 259
40 263
40 264
40 269
40 282
40 283
40 289
40 292
42 33
44 34
44 39
44 43
44 47
44 59
44 191
44 192
44 193
44 196
44 199
44 200
44 207
44 209
44 215
44 216
44 225
44 232
44 239
44 255
44 259
44 272
44 277
44 286
44 290
44 292
44 293
44 298
44 301
44 304
44 307
44 325
44 327
44 343
44 346
44 357
44 361
44 362
44 370
44 374
44 378
44 387
45 8
45 9
45 13
45 16
45 22
45 29
45 33
45 35
45 45
45 51
45 61
45 73
45 78
45 80
45 87
45 88
45 90
45 91
45 98
45 102
45 112
45 114
45 123
45 134
45 139
45 142
45 148
45 149
45 150
45 155
45 159
45 160
45 161
45 170
45 171
45 307
45 313
45 314
45 317
45 321
45 323
45 325
45 334
45 343
45 349
45 351
45 355
45 360
45 361
45 362
45 365
45 372
46 4
47 10
47 17
47 26
47 29
47 32
47 35
47 36
47 48
47 50
47 51
47 57
47 59
47 66
47 73
47 83
47 89
47 91
47 93
47 94
47 95
47 96
47 98
47 101
47 108
48 4
48 6
49 5
49 17
49 18
49 26
49 27
49 28
49 31
49 32
49 49
49 58
49 60
49 63
49 68
49 72
49 74
49 79
49 80
49 84
49 86
49 90
49 118
49 120
49 123
49 125
49 126
49 134
49 135
52 81
52 90
52 93
52 106
52 109
52 116
52 118
53 8
53 13
53 18
53 19
53 22
54 98
54 108
54 110
54 115
54 116
54 119
54 125
54 129
54 131
54 142
54 144
54 145
54 149
55 7
55 8
55 14
55 15
56 62
56 65
56 73
56 74
56 80
56 88
57 4
57 6
57 9
58 115
59 15
59 16
62 36
63 6
63 17
63 22
63 26
63 34
63 36
63 132
63 136
63 137
63 143
63 152
64 5
64 12
64 13
64 20
64 33
64 51
64 52
64 58
64 70
64 72
64 84
65 12
65 16
65 30
65 35
65 44
65 93
65 96
66 1
66 23
66 24
66 47
66 51
66 74
66 75
66 80
66 83
66 84
66 89
66 97
66 215
66 216
66 219
66 220
66 223
66 232
66 233
66 240
66 243
66 245
66 264
66 269
66 277
66 278
69 29
69 36
69 166
69 168
69 170
69 172
69 173
69 174
70 1
70 6
70 8
70 10
70 14
72 4
72 5
72 8
72 10
72 12
72 18
72 21
72 33
72 35
72 36
73 4
73 14
76 10
76 13
76 21
76 22
76 28
76 30
76 33
76 55
76 57
77 32
77 36
77 43
77 45
77 59
77 68
77 70
77 71
77 81
77 84
77 93
77 97
77 98
77 104
77 124
77 127
77 129
77 140
77 149
77 151
77 184
78 25
78 36
78 37
78 51
79 10
79 15
79 25
80 1
80 2
80 3
80 17
80 37
81 1
81 12
81 21
81 28
81 33
81 42
81 44
81 46
81 55
81 63
81 66
81 67
82 4
82 15
82 16
82 19
82 28
82 29
82 47
82 58
82 71
82 72
82 86
82 88
82 98
82 100
82 107
82 112
82 114
82 115
82 118
82 119
83 2
84 62
84 77
84 78
84 79
84 81
84 85
84 95
84 102
84 107
85 106
85 113
85 125
85 126
85 128
85 131
85 132
85 135
85 137
85 144
85 149
85 151
85 152
85 154
85 155
85 167
85 170
85 174
85 179
85 180
85 183
85 188
85 189
85 222
85 226
85 229
85 231
85 236
85 242
85 249
85 251
85 255
85 257
85 260
85 261
85 264
85 265
85 269
85 270
85 271
85 287
85 327
86 9
86 11
86 12
87 10
87 13
88 4
89 70
89 73
89 76
89 78
89 87
90 3
90 6
90 9
90 10
90 14
90 15
90 21
90 22
90 26
90 28
90 29
90 33
90 35
90 36
90 40
90 45
90 50
90 55
90 56
90 59
90 64
90 74
90 75
90 76
90 203
90 209
90 216
90 227
90 232
90 237
91 5
91 16
91 17
93 5
93 8
93 11
93 17
93 18
93 19
94 62
94 66
94 74
94 78
94 80
94 82
94 84
94 87
94 91
94 107
94 110
94 129
94 130
94 133
94 137
94 138
94 142
95 1
95 4
95 6
95 11
95 12
95 15
95 32
95 34
95 40
95 41
