1 11
1 18
1 21
1 23
1 26
1 37
1 38
1 49
1 53
1 55
2 1
2 79
2 82
2 91
3 2
3 3
3 7
3 148
3 152
3 157
3 163
5 54
5 57
5 64
5 74
5 75
5 79
5 82
5 87
5 89
5 92
5 94
5 100
5 104
5 106
7 23
7 24
7 25
7 28
7 29
8 1
8 4
8 8
9 5
9 6
9 8
9 13
9 15
9 26
9 32
9 53
9 55
9 56
9 116
9 119
9 120
9 130
9 139
9 142
9 148
9 152
9 154
9 157
9 159
9 171
9 182
9 185
9 190
9 199
9 204
9 216
12 11
12 16
13 4
13 7
13 10
13 14
13 23
13 50
13 65
13 68
13 72
13 80
13 87
13 91
13 95
13 104
13 122
13 128
13 134
13 144
13 146
14 1
14 5
14 7
14 13
14 17
14 22
14 33
14 42
15 44
15 47
15 48
15 51
15 67
16 24
16 32
16 34
16 40
16 45
16 47
17 4
17 32
17 33
17 34
17 36
17 37
17 51
18 4
18 23
18 26
19 9
19 16
19 25
19 31
19 38
19 39
20 3
20 16
20 17
20 26
20 27
20 38
20 42
20 51
20 73
20 78
20 82
21 2
21 21
21 26
21 34
21 43
21 51
21 58
21 66
22 30
22 32
23 10
23 17
23 46
23 47
23 55
23 58
23 60
23 80
23 85
23 87
23 91
23 102
23 104
23 108
25 12
25 20
25 46
25 53
25 57
25 64
25 68
25 69
26 1
26 3
26 5
26 10
26 13
26 16
26 57
26 62
26 64
26 66
26 67
26 71
26 77
26 80
26 81
26 83
26 84
26 94
26 100
26 101
26 109
26 115
26 118
26 144
27 2
27 4
27 9
27 10
27 14
27 24
27 33
27 36
27 53
27 62
27 65
27 68
27 69
27 73
27 74
27 97
27 105
28 6
28 7
28 13
28 15
28 17
28 24
28 27
28 35
28 45
28 58
28 61
28 62
28 71
29 1
29 12
29 29
29 31
29 39
30 40
30 42
30 67
30 68
31 3
31 14
31 18
31 25
31 29
31 31
31 32
31 35
31 38
31 43
31 52
31 54
31 58
31 66
31 69
31 84
31 90
31 94
31 102
31 106
31 107
31 113
31 115
31 120
31 121
31 123
31 126
31 133
31 140
31 149
31 152
31 153
31 155
31 167
31 168
31 174
31 175
31 179
31 181
31 187
31 197
31 205
31 218
32 7
32 28
32 30
32 35
32 37
32 38
32 39
32 40
32 46
32 53
33 10
33 14
33 15
33 16
33 22
33 23
34 1
34 15
34 19
34 25
34 30
34 34
34 55
34 56
34 59
34 90
34 91
34 98
34 105
34 106
34 120
34 128
34 138
34 142
35 3
35 6
35 8
35 16
35 98
35 103
35 104
35 107
35 108
35 123
35 125
35 147
35 148
35 150
35 159
35 160
35 162
35 167
35 173
35 176
35 184
35 207
35 211
35 214
35 215
35 226
35 234
35 246
35 250
35 258
35 276
35 284
35 291
35 292
35 293
35 297
35 304
35 306
36 1
36 3
36 7
36 8
36 15
36 17
36 27
36 39
36 40
36 47
36 51
36 55
36 59
36 70
36 75
36 85
36 88
36 89
36 94
36 95
36 97
36 98
36 103
36 104
37 6
37 42
37 61
37 70
37 112
37 114
37 127
37 141
37 161
38 1
38 4
38 12
38 14
38 18
38 23
38 24
38 26
38 29
38 56
38 58
38 59
38 68
38 70
41 2
41 27
41 30
41 35
41 50
41 51
41 58
41 61
41 191
41 197
42 2
42 13
42 22
42 23
42 26
42 30
42 37
42 43
42 48
42 49
42 53
42 61
43 13
43 28
43 32
43 34
43 35
44 16
44 17
45 1
45 4
45 9
45 10
45 13
45 18
45 19
45 30
46 43
46 45
46 56
46 60
46 66
46 78
46 79
46 83
46 98
46 100
46 110
46 127
46 144
46 145
46 146
46 147
46 148
46 150
46 155
46 160
46 168
46 185
46 186
46 198
46 200
46 207
46 210
46 213
46 214
46 239
46 241
46 244
46 247
46 249
46 250
46 258
46 265
47 10
47 11
47 15
47 16
47 30
47 31
47 53
47 54
47 56
47 57
48 3
48 9
49 2
49 3
49 8
49 9
49 15
49 17
49 20
49 22
49 31
49 33
49 36
49 40
49 41
49 89
49 98
49 99
49 101
50 10
51 5
51 7
51 12
51 18
51 21
51 22
51 26
51 33
51 36
52 2
52 10
52 11
52 19
52 22
52 36
52 40
52 42
52 45
53 10
53 11
53 26
54 5
54 12
54 17
54 22
54 27
54 33
54 61
54 62
54 70
54 80
54 183
54 188
54 197
54 204
54 211
54 220
54 229
54 232
54 242
54 244
54 248
56 13
56 15
56 17
56 21
56 34
56 41
56 43
56 45
56 53
56 61
56 65
56 66
56 76
56 79
56 80
56 83
56 91
56 93
56 95
56 101
56 103
56 107
56 111
56 117
56 122
56 128
56 129
56 136
56 149
56 150
56 171
56 173
56 176
56 249
56 250
56 379
56 386
56 515
56 516
56 518
56 525
57 1
57 2
57 128
57 130
57 140
57 143
57 149
58 95
58 110
58 114
58 119
58 121
58 124
58 129
58 259
58 269
58 271
58 277
58 282
59 17
59 23
59 35
59 41
59 43
59 48
59 49
59 51
59 60
59 62
60 5
61 1
61 10
63 20
63 22
63 28
63 29
64 1
64 2
64 6
64 17
64 19
64 20
64 30
64 161
64 174
64 175
64 185
64 195
64 200
64 207
64 214
64 216
64 218
64 223
64 225
64 226
64 228
64 236
64 239
64 243
64 255
64 258
64 261
64 263
65 4
65 5
65 17
65 19
65 22
65 26
65 27
65 36
65 38
65 39
65 59
65 62
65 67
65 73
65 75
65 78
65 88
65 100
65 102
65 128
65 145
65 149
65 151
65 152
65 159
65 163
65 165
65 169
65 171
65 174
66 1
66 2
66 15
66 18
66 19
67 11
67 19
67 20
67 21
67 31
67 40
67 47
67 57
67 61
67 62
67 65
67 70
67 78
67 87
67 90
67 99
67 107
67 114
67 115
67 122
67 131
67 134
67 136
67 142
67 146
67 147
67 157
67 166
67 174
67 175
67 177
67 181
67 192
67 196
67 202
67 206
67 240
67 249
67 251
67 261
67 262
67 263
68 4
68 11
68 25
68 29
68 47
68 58
68 59
68 64
68 66
68 71
69 8
69 18
69 21
69 22
69 23
69 24
69 27
69 35
69 36
70 2
70 7
71 9
71 27
71 28
71 31
71 33
71 36
71 41
71 44
71 52
71 53
71 74
71 77
71 79
71 91
71 92
71 93
71 94
71 95
71 98
71 100
71 112
75 17
75 33
75 42
75 44
75 45
75 60
75 67
75 89
75 107
75 112
75 114
75 116
75 117
75 122
75 123
75 129
75 146
75 168
75 173
75 175
75 178
75 179
76 2
76 4
76 10
76 11
76 12
76 17
76 21
76 33
76 34
77 6
77 10
77 11
77 14
78 13
78 22
78 23
78 28
78 94
78 107
78 108
78 126
78 127
79 1
79 5
79 10
79 12
79 27
80 13
80 15
81 6
81 14
81 23
81 28
81 29
81 42
81 45
81 51
81 54
81 60
81 73
81 87
81 92
81 93
81 94
81 100
81 102
81 128
81 129
81 134
82 2
82 3
82 6
82 22
82 35
82 38
82 39
83 11
83 15
84 2
84 8
84 13
84 15
85 11
86 1
86 5
86 15
86 20
86 28
87 3
87 9
88 25
88 27
89 55
89 71
89 74
89 84
89 86
89 88
89 92
89 94
89 95
90 1
90 73
91 6
91 8
91 11
91 17
91 24
91 33
91 37
91 39
91 41
91 42
91 58
91 60
91 61
92 9
92 11
92 16
92 18
92 24
93 6
93 11
93 17
94 15
95 4
95 11
95 18
95 33
95 36
95 41
95 42
95 50
95 54
97 16
97 35
97 44
98 3
98 5
98 6
98 58
98 62
98 71
98 72
98 90
98 97
98 103
98 136
99 37
99 43
99 49
99 59
99 61
99 66
99 72
99 75
99 81
99 83
99 104
99 107
99 122
99 123
99 130
99 131
99 135
100 6
100 12
100 26
100 29
100 31
100 54
100 56
100 59
100 71
100 72
100 219
100 225
101 64
101 69
101 81
101 87
101 93
101 94
101 95
101 97
101 105
101 106
101 107
101 110
101 114
101 119
101 121
101 132
101 133
101 141
101 143
101 154
101 167
101 172
101 182
101 192
101 195
101 197
101 203
103 19
