1 1
1 3
2 5
2 7
2 12
2 14
2 15
2 26
2 27
2 31
2 34
2 42
2 48
2 51
2 61
2 63
2 77
2 81
2 83
3 1
3 10
3 12
3 13
3 26
3 35
5 45
6 5
6 15
6 17
6 24
6 32
7 8
7 10
7 64
7 65
7 75
8 2
8 7
8 9
8 11
8 12
8 17
9 1
9 9
9 11
9 142
9 149
10 4
12 31
12 34
13 38
13 78
13 97
13 99
14 6
14 7
14 10
14 20
14 22
14 31
14 42
14 43
14 53
14 57
14 59
14 60
14 67
14 74
14 75
14 76
14 84
14 104
14 112
14 127
14 137
14 145
14 146
14 155
14 160
15 21
15 26
15 28
15 30
15 32
16 3
16 8
16 11
16 13
16 21
16 32
16 40
16 43
16 45
16 46
16 56
16 58
16 63
16 75
17 20
17 26
18 2
18 4
18 10
18 11
18 28
18 29
18 31
18 36
18 46
18 47
18 156
18 171
22 1
22 2
22 4
22 5
22 6
22 16
22 40
22 44
22 46
22 48
22 53
22 55
22 56
22 61
23 5
23 7
23 85
23 93
24 2
24 6
24 7
25 48
25 56
25 58
26 5
26 8
26 10
26 11
26 14
26 19
26 21
26 33
26 48
26 54
26 55
26 83
27 1
27 13
28 17
28 19
29 131
29 132
29 137
29 138
29 142
29 143
29 144
29 150
29 160
29 165
29 167
31 96
31 103
31 109
31 110
31 114
31 119
31 124
31 200
31 202
31 203
31 211
31 217
31 222
31 229
31 234
31 237
31 239
31 249
31 257
31 261
31 262
31 280
31 282
31 283
31 288
31 302
31 312
31 317
31 328
31 331
31 333
31 340
31 349
31 351
31 358
31 363
31 372
32 3
32 10
32 21
32 23
32 25
32 26
32 29
32 34
32 41
33 15
33 31
33 35
33 59
33 60
33 105
33 107
34 10
34 14
34 22
34 27
34 31
34 33
34 36
34 37
34 41
34 48
34 54
34 92
34 95
34 96
34 97
36 69
36 72
36 73
36 80
36 91
36 93
36 96
37 83
37 85
37 88
37 92
37 105
37 107
37 117
37 118
37 125
37 132
37 133
37 136
37 141
37 145
37 146
37 148
37 149
38 9
38 10
38 18
38 30
38 37
38 41
38 53
40 92
40 94
40 95
40 100
40 108
40 109
40 113
40 117
40 123
40 128
40 133
41 2
41 3
41 19
41 35
42 2
42 9
42 12
42 17
42 27
42 28
42 43
43 7
43 8
43 13
47 17
47 24
47 27
47 34
47 36
47 43
47 44
47 56
47 66
47 74
47 83
47 84
47 88
47 96
47 103
47 119
47 123
47 124
47 132
47 134
47 136
47 144
48 27
48 28
48 35
48 36
48 44
48 53
48 54
48 61
48 68
48 76
48 77
48 79
49 109
49 116
49 117
49 118
49 135
49 137
49 141
49 145
49 147
49 151
49 154
49 160
50 27
50 36
50 44
50 53
50 54
50 62
50 68
50 69
50 104
50 126
50 127
50 129
51 101
51 102
51 107
51 121
51 125
51 126
51 127
51 128
51 141
51 159
51 167
51 174
51 176
51 183
51 184
51 196
51 199
51 213
51 220
51 232
51 233
51 236
51 239
51 242
51 243
51 247
52 12
52 14
52 23
52 25
53 5
53 13
53 30
53 42
53 45
53 55
53 57
53 68
53 82
53 89
54 58
54 59
54 94
54 98
54 105
54 111
54 154
54 155
54 160
54 162
54 293
54 294
54 296
54 298
55 42
55 44
55 46
55 50
55 54
55 59
56 2
56 12
56 22
56 106
56 109
56 112
56 117
56 126
56 130
57 16
57 19
57 20
57 23
57 27
57 32
57 46
58 3
58 7
58 11
58 12
58 17
60 54
60 56
60 66
60 71
60 250
62 85
62 88
62 92
62 95
62 97
62 109
62 116
62 118
62 120
62 130
62 145
62 164
62 168
62 172
62 195
62 197
62 209
62 210
62 215
62 216
62 217
62 224
62 228
62 231
62 234
62 235
63 7
63 11
63 40
63 45
63 46
63 48
64 109
64 119
64 127
64 134
64 136
64 140
64 141
64 143
64 160
64 161
64 162
64 165
65 8
65 18
65 19
65 25
65 28
65 30
65 38
65 48
65 51
65 57
65 61
65 77
65 210
66 4
67 23
67 36
67 40
67 45
67 46
67 48
67 52
67 57
67 59
67 60
67 79
68 9
68 17
68 21
68 23
68 25
68 33
69 4
69 6
69 8
69 28
69 31
69 38
69 39
69 47
69 48
69 53
69 57
69 65
69 69
69 95
69 96
69 112
69 118
69 123
69 126
69 146
69 150
69 168
69 169
69 177
69 180
69 181
69 190
69 192
69 195
71 82
71 96
71 97
73 28
73 31
73 35
73 38
73 43
73 51
73 57
73 60
73 67
73 87
73 89
73 99
73 145
73 146
73 151
73 152
73 173
73 181
73 184
73 187
73 193
73 194
73 204
74 5
74 14
75 3
75 8
75 10
75 46
75 47
75 56
75 66
75 73
75 76
75 80
75 85
75 89
75 91
75 92
75 93
75 96
75 98
75 105
75 110
75 111
75 116
75 117
75 122
75 136
75 141
75 148
75 154
75 167
75 175
75 176
75 178
75 187
75 188
75 193
75 198
75 200
75 225
75 228
75 243
75 248
75 249
75 257
75 265
75 273
75 274
75 277
75 426
75 437
75 439
75 440
75 442
75 446
75 447
75 451
76 8
76 16
76 25
76 32
76 33
76 35
76 37
76 42
76 45
76 47
76 50
76 51
76 52
76 71
76 88
76 102
76 105
76 110
77 15
77 26
77 36
77 43
77 60
77 63
77 65
77 66
77 68
77 76
77 79
77 80
77 100
77 101
77 111
77 119
77 132
77 133
77 135
77 264
77 265
77 268
77 269
77 271
77 277
77 282
77 297
77 306
77 321
77 323
77 326
77 330
77 332
77 338
77 339
77 341
78 3
81 19
81 24
81 28
81 30
81 34
81 36
81 42
81 45
81 47
81 52
81 68
81 70
82 2
82 6
82 9
82 14
82 18
82 21
82 25
82 30
82 31
82 49
82 64
82 65
82 70
82 72
82 74
82 91
82 94
82 97
82 106
82 123
82 127
82 128
82 137
82 142
82 150
82 151
82 160
82 175
82 181
82 182
82 188
82 192
82 196
82 198
82 201
82 227
82 228
82 238
82 247
82 253
82 266
82 281
83 2
83 8
83 18
83 25
83 35
83 44
83 87
83 91
83 94
83 108
83 109
83 116
83 122
83 123
83 127
83 135
83 141
83 148
83 165
83 175
83 182
83 183
83 184
83 191
83 204
83 213
83 214
83 231
83 248
83 249
83 258
83 263
84 3
84 9
84 10
84 12
84 18
84 25
84 26
84 30
84 160
84 182
84 189
84 195
84 202
84 208
84 213
84 214
84 223
84 228
84 271
84 276
84 277
84 279
84 288
84 293
84 299
84 300
84 304
84 308
84 310
84 313
84 317
84 320
84 322
85 11
85 26
86 8
86 16
86 18
86 24
86 68
86 69
86 79
87 1
88 6
88 8
88 10
88 16
88 18
89 2
89 6
89 13
89 15
89 17
89 26
89 33
89 37
89 40
89 47
89 48
90 9
90 10
90 12
90 21
90 39
90 49
90 54
90 55
91 13
92 1
92 2
92 9
92 10
92 11
92 18
92 23
96 66
96 68
96 70
96 90
97 97
