1 1
1 2
1 6
1 10
1 12
1 13
1 17
1 19
1 24
2 1
2 2
2 6
2 7
2 14
2 17
2 20
2 27
2 36
3 7
4 13
4 14
4 17
4 24
4 30
4 33
4 34
4 61
4 65
4 71
4 101
4 103
4 105
4 122
4 132
4 136
4 140
4 147
4 148
4 151
4 160
4 166
4 178
4 181
4 188
4 189
4 191
5 1
5 6
5 9
5 12
6 2
6 7
6 10
6 14
6 15
6 18
6 67
6 84
6 87
7 3
7 4
7 5
7 14
8 103
9 94
9 103
9 110
9 121
9 123
9 139
9 140
9 143
9 146
9 148
9 149
9 156
9 167
9 175
9 176
9 193
9 194
9 195
9 196
9 197
9 198
9 199
9 201
9 214
9 232
9 237
9 238
9 239
9 241
10 2
10 5
10 34
10 35
10 45
10 52
10 54
10 60
10 62
10 70
10 81
10 82
10 83
11 8
11 24
11 33
11 35
11 38
11 44
11 46
12 4
12 6
12 12
12 17
12 18
12 22
12 30
12 33
12 34
12 37
13 2
13 3
13 5
13 9
14 5
14 6
14 10
14 14
14 22
14 26
14 32
14 34
14 45
14 136
14 141
14 155
14 159
14 160
19 26
19 40
19 46
19 50
19 66
19 83
19 84
19 91
19 96
19 103
19 110
19 111
19 115
19 123
19 125
19 128
19 133
19 140
19 142
19 144
19 146
19 149
19 150
19 152
19 153
19 157
19 162
19 163
19 171
19 172
19 178
19 182
19 197
19 203
19 232
19 239
20 1
20 8
20 11
20 17
20 20
20 21
20 26
20 31
20 35
20 46
20 47
20 52
20 57
20 58
20 62
20 68
20 147
20 153
20 156
20 180
21 12
21 15
21 17
21 18
21 23
21 25
21 33
21 34
21 42
21 44
21 47
21 51
21 56
22 2
22 26
22 30
22 73
22 76
22 90
22 92
23 116
24 1
24 5
24 26
24 31
24 53
24 55
25 10
25 14
25 21
25 28
25 47
25 52
25 54
26 9
26 16
26 34
27 4
27 7
27 15
27 18
27 36
28 13
28 14
28 24
28 26
29 10
29 11
29 25
29 27
29 32
29 34
29 36
29 40
29 44
29 45
29 49
29 58
29 69
29 76
29 80
29 97
29 107
29 122
29 127
29 144
29 153
30 1
30 5
30 6
30 9
30 10
30 12
30 26
30 28
30 40
30 41
30 57
30 68
30 73
30 75
30 95
30 100
30 101
30 105
30 107
30 110
30 112
30 121
30 124
30 126
30 129
30 132
30 134
30 149
30 152
30 153
30 154
30 157
30 162
30 167
30 168
30 259
30 260
30 269
30 278
30 279
32 18
32 24
32 26
32 29
32 35
32 39
32 47
32 48
32 63
32 68
32 76
32 80
32 95
32 96
32 113
32 119
32 124
32 125
33 2
33 5
33 9
33 11
33 14
33 15
33 23
33 30
33 31
34 6
35 5
35 6
35 15
35 28
35 30
35 34
35 37
35 41
35 42
35 46
35 51
35 54
37 2
37 7
37 15
38 7
38 16
39 1
39 17
39 20
39 39
39 43
39 47
39 59
39 61
39 62
39 66
39 67
39 68
39 90
39 92
39 97
39 106
39 113
39 115
39 128
39 130
39 131
39 132
39 168
39 173
39 186
39 191
39 199
39 200
39 201
39 205
39 213
39 219
39 220
39 225
39 230
39 247
39 249
39 257
40 3
40 11
40 30
40 43
40 47
40 51
40 54
40 61
42 1
42 6
42 7
42 13
42 16
42 20
42 23
42 26
42 35
42 38
42 43
42 46
42 173
42 176
42 190
44 127
44 140
44 142
44 147
44 150
44 151
44 159
44 164
44 169
44 175
44 181
44 185
45 43
45 44
45 49
46 13
46 21
46 28
46 113
46 114
46 116
46 128
46 131
46 132
46 136
46 140
46 143
47 10
47 11
47 17
47 18
47 22
47 25
47 34
47 38
47 117
47 119
47 120
47 131
47 137
47 138
49 33
49 41
49 47
49 48
49 49
49 50
49 59
49 63
49 64
49 73
49 78
49 83
49 89
49 91
49 92
49 95
49 98
49 111
49 119
49 173
49 174
49 177
49 181
49 184
49 188
49 192
49 194
50 1
50 16
50 18
50 22
50 25
50 27
50 30
50 32
50 34
50 42
50 44
50 46
50 47
50 49
50 55
51 6
51 7
51 14
51 19
51 33
51 36
51 39
51 47
51 49
51 51
51 57
53 13
53 21
53 30
53 64
53 69
53 113
53 116
53 125
53 126
53 129
53 130
53 138
54 2
54 12
54 27
54 28
54 34
54 42
55 2
55 7
55 11
55 22
55 25
55 26
55 31
55 49
56 4
56 5
56 7
57 2
57 3
57 5
57 9
57 12
57 14
57 24
58 1
58 7
58 16
58 19
58 76
58 78
58 92
58 93
58 101
58 107
58 110
58 112
58 120
58 121
58 125
58 131
58 137
58 151
58 153
58 167
58 169
58 178
59 2
59 24
59 39
59 43
59 45
59 46
59 50
63 7
63 8
63 15
63 17
63 23
63 24
63 31
63 46
63 49
63 51
63 58
63 64
63 70
63 76
63 78
63 79
63 90
63 91
63 94
63 96
63 100
63 101
63 109
63 118
63 128
64 1
64 3
65 7
65 15
65 17
65 26
65 30
65 33
65 36
65 58
65 61
65 64
65 65
65 77
65 78
65 87
65 96
66 11
66 12
66 64
66 76
66 78
66 93
66 95
66 96
66 97
66 99
66 102
66 105
66 109
66 115
66 118
66 127
67 17
67 24
67 46
67 55
67 133
67 139
67 141
67 154
67 158
67 161
67 167
67 173
67 176
67 181
67 193
67 200
67 222
67 227
68 12
68 45
68 51
68 63
68 69
68 78
68 148
68 160
68 163
68 165
68 186
68 190
68 191
68 211
68 213
68 222
68 224
68 227
68 230
68 233
68 234
68 242
68 243
68 246
68 248
68 255
68 261
68 267
68 271
68 273
68 276
68 278
68 283
68 286
68 325
68 328
68 340
68 342
68 344
68 350
68 351
68 352
68 359
68 360
68 364
68 372
68 377
68 379
68 387
68 398
68 409
68 410
68 412
68 413
68 414
68 420
68 421
69 2
69 11
69 146
69 152
69 153
69 160
69 161
69 168
69 172
69 175
69 177
70 4
70 7
70 15
70 16
71 9
71 15
71 18
71 25
72 1
72 4
72 5
72 7
72 10
72 12
72 15
72 17
72 22
72 31
72 44
72 48
72 55
72 61
72 70
72 82
72 90
72 93
72 94
72 98
72 101
72 103
72 175
72 176
72 178
72 180
72 182
72 191
72 195
72 197
72 199
73 1
73 11
73 14
74 6
75 121
75 130
75 150
75 161
75 165
75 169
75 170
75 178
76 9
76 11
76 15
77 75
77 77
77 83
77 116
78 13
78 20
78 21
78 32
78 53
78 61
78 79
78 115
78 120
78 126
78 131
78 213
78 215
78 218
78 224
78 236
78 258
78 277
78 280
78 283
78 289
78 296
78 305
78 313
78 316
78 324
78 326
78 335
78 360
78 364
78 367
78 371
78 373
78 378
78 390
78 404
78 408
78 409
78 410
78 413
79 11
79 32
79 34
79 68
79 201
79 202
79 208
79 210
79 213
79 216
79 229
79 230
79 240
80 1
80 4
80 14
80 19
80 20
80 21
80 23
80 28
80 156
80 164
80 168
80 170
81 1
81 4
81 9
81 14
81 20
81 21
81 58
81 59
82 2
82 17
82 23
82 26
83 1
83 11
83 16
83 18
83 19
83 20
83 27
83 29
83 38
83 50
83 51
83 52
83 57
83 74
83 86
83 90
83 92
83 94
83 104
84 10
84 23
84 30
84 38
84 42
84 45
84 49
84 50
84 57
84 60
84 65
84 83
84 87
84 90
84 97
84 98
84 111
84 120
84 127
84 134
84 137
84 138
84 149
84 151
84 152
84 154
84 157
84 158
84 166
84 177
84 185
84 186
84 189
84 216
84 220
84 221
84 360
84 364
84 379
87 27
87 30
87 44
87 48
87 49
87 52
87 55
87 56
88 1
88 2
88 82
88 84
88 94
88 95
88 102
88 109
88 113
88 136
88 146
88 148
88 149
88 153
88 159
88 160
88 175
88 176
88 181
88 185
88 188
88 196
88 199
88 216
89 15
89 17
89 20
89 42
89 52
89 59
89 73
89 78
89 89
89 95
89 99
89 114
89 119
89 123
89 129
89 146
89 149
90 2
90 4
90 10
90 13
90 24
90 30
90 41
90 80
90 83
90 88
90 95
90 97
90 105
90 107
90 124
90 147
90 152
93 38
93 41
94 1
94 4
94 6
94 15
94 17
94 26
94 34
94 40
94 58
94 64
94 67
94 79
94 86
94 88
94 89
94 159
95 23
