1 4
1 14
1 28
1 31
1 40
1 44
1 57
1 58
1 63
1 70
1 73
1 75
1 80
2 42
3 14
3 22
3 24
3 25
3 29
3 34
3 35
3 36
3 39
3 47
3 65
3 66
3 73
4 13
4 15
4 22
4 29
5 27
5 31
5 32
5 36
5 44
6 39
6 49
6 54
6 60
6 61
6 65
6 66
6 76
6 81
7 5
7 8
7 14
7 15
8 3
8 108
8 129
8 144
8 146
8 155
8 158
8 163
8 167
8 170
8 171
8 172
8 177
8 178
8 179
8 183
8 192
8 199
8 206
8 209
8 217
8 220
8 222
8 233
8 234
8 240
8 244
8 261
8 264
8 265
8 268
8 271
8 275
8 286
8 292
8 306
8 308
8 315
8 324
8 337
8 338
8 348
8 350
8 354
8 365
9 4
10 5
10 8
10 16
10 18
10 25
10 26
10 161
10 165
10 169
10 179
11 12
11 20
11 22
11 27
11 29
11 42
11 76
11 78
11 79
11 88
11 107
11 164
11 165
11 170
11 176
11 180
11 189
11 195
11 215
11 227
11 228
11 236
11 237
13 89
13 93
13 94
13 99
13 100
13 155
13 158
13 161
13 167
13 169
13 182
13 184
13 185
13 187
13 193
14 4
14 10
14 39
14 42
14 49
15 19
15 20
15 23
15 28
15 31
15 33
15 66
15 67
15 71
15 77
15 80
15 82
15 87
15 89
16 2
16 16
16 26
16 38
16 40
16 43
16 44
16 48
16 49
16 156
16 159
16 160
16 162
16 163
16 164
16 175
17 23
17 30
17 33
17 46
17 49
17 52
17 57
17 77
17 80
17 82
17 86
17 90
17 91
17 92
18 11
18 13
18 17
18 23
18 24
18 39
18 46
18 49
18 55
18 58
18 82
18 86
18 87
18 97
18 98
19 2
19 4
19 8
19 9
19 12
19 19
19 20
19 30
19 31
20 10
20 11
20 13
20 17
20 18
20 25
20 29
20 44
21 2
21 8
21 19
21 21
21 24
21 29
21 42
21 48
21 54
21 58
21 62
21 70
21 72
21 75
21 87
21 97
21 102
21 120
21 129
21 135
21 139
21 142
21 146
21 153
21 166
21 169
21 172
21 183
21 189
21 191
21 192
21 209
21 222
21 223
21 224
21 225
21 258
21 260
21 261
21 265
21 268
21 271
21 273
21 276
21 277
21 284
21 318
21 338
21 362
21 366
21 370
21 378
21 387
21 391
21 393
21 414
21 420
21 422
21 431
21 443
22 2
22 20
22 25
22 45
22 48
22 61
22 70
23 8
24 7
25 5
25 29
25 34
25 46
25 49
25 50
25 53
25 54
25 61
25 70
25 73
25 80
25 91
25 96
25 103
25 111
25 116
25 134
26 13
27 2
27 3
27 27
27 34
27 35
28 16
28 19
28 26
28 28
28 44
29 33
30 9
30 12
30 15
30 22
30 46
30 53
30 63
30 76
30 82
30 84
30 93
30 99
30 100
30 107
30 127
30 130
30 131
30 134
31 3
31 12
31 20
31 22
31 23
31 24
31 26
31 32
31 33
31 41
31 46
31 72
31 75
31 81
31 86
31 122
31 133
32 98
32 116
33 2
33 3
33 15
33 18
33 21
33 22
33 29
33 40
33 47
33 48
33 52
33 68
33 76
33 83
33 86
33 88
34 69
34 78
34 85
34 87
34 98
34 99
34 105
34 118
34 119
34 121
35 4
35 7
35 17
35 21
35 22
35 25
35 28
35 34
35 36
35 39
35 58
35 66
35 79
35 87
35 95
35 108
35 113
35 133
35 134
35 140
35 144
35 146
35 152
35 153
35 161
35 167
35 170
35 176
35 188
35 205
35 347
35 357
36 14
36 35
36 38
36 51
37 4
37 13
37 18
37 23
37 27
37 33
37 37
38 12
38 16
38 18
38 28
38 49
38 51
38 58
38 59
38 64
38 65
38 70
38 72
38 94
38 97
38 98
38 105
38 108
39 15
39 16
39 38
39 51
39 63
39 80
39 83
39 91
39 92
39 97
39 104
39 111
39 119
39 126
39 132
39 133
39 136
39 142
39 156
39 159
40 6
40 10
40 21
40 23
40 34
40 38
40 39
40 49
40 55
40 60
40 62
40 64
40 67
40 74
40 75
40 90
40 91
40 99
40 102
41 9
41 10
41 11
41 15
42 7
42 18
42 19
42 26
43 8
43 20
43 25
43 26
43 33
43 42
43 47
43 52
43 60
43 64
43 92
43 99
45 61
45 62
45 78
45 80
45 88
45 90
45 92
45 93
45 94
46 7
46 9
46 18
47 5
47 7
47 17
48 1
48 2
48 7
48 8
48 12
48 14
48 22
48 25
48 62
48 63
48 68
48 84
48 88
48 90
48 94
48 95
48 98
48 100
48 108
48 110
48 113
48 125
48 127
48 133
48 134
48 140
48 142
48 144
48 163
48 164
48 165
48 167
48 168
48 172
48 173
48 174
48 180
48 185
48 187
48 191
49 4
49 34
49 40
49 43
49 45
49 49
49 57
49 62
49 67
49 68
49 70
49 72
49 77
49 78
49 80
49 89
49 95
49 101
49 103
49 114
49 116
49 122
49 127
49 134
49 142
49 151
49 168
49 173
49 175
49 187
49 188
49 189
50 36
50 40
50 57
50 61
50 62
50 65
50 66
50 67
50 73
50 74
50 79
50 81
50 92
50 112
50 120
50 124
50 127
50 132
50 134
50 156
50 158
50 169
50 170
51 1
51 5
51 19
52 14
52 16
52 32
52 38
53 6
53 10
53 18
53 70
53 71
53 86
53 99
53 106
54 2
55 2
55 3
55 136
55 140
55 142
55 148
55 152
55 155
55 157
55 163
55 165
59 18
59 21
59 25
60 71
60 79
60 80
60 102
60 109
60 113
60 117
60 137
60 140
60 147
60 150
60 154
60 161
60 164
60 176
60 184
60 191
60 192
60 198
60 203
60 211
60 212
60 216
60 218
60 249
60 254
60 258
60 262
60 266
60 272
60 273
60 279
60 281
60 292
60 293
60 298
60 309
61 3
61 11
61 20
61 29
61 32
61 39
61 49
61 72
62 5
63 4
63 13
63 14
63 17
63 22
63 23
64 2
64 12
64 21
65 1
65 11
65 14
65 23
65 43
66 17
66 22
66 31
66 33
66 34
66 66
66 73
66 75
66 77
66 81
66 83
66 84
66 87
66 91
66 95
66 100
66 101
66 113
66 118
66 125
66 129
66 134
66 137
66 138
66 140
66 143
66 144
66 145
66 148
66 150
66 160
66 166
66 179
66 184
66 185
66 192
66 193
66 214
66 220
66 224
66 230
66 235
66 254
66 256
66 258
66 292
66 296
66 310
66 313
66 316
69 79
71 44
71 48
71 52
71 54
71 59
71 61
72 8
72 9
72 17
72 18
72 21
72 24
74 1
74 3
74 9
74 11
74 32
74 36
74 49
75 1
75 5
75 6
75 8
75 26
75 31
75 35
76 34
76 36
76 40
76 53
76 57
76 139
76 145
76 147
76 157
76 158
76 160
76 183
76 187
76 191
76 192
76 194
76 195
77 10
77 12
77 26
78 33
78 37
78 47
78 60
78 64
78 68
78 69
78 70
78 91
78 95
78 97
78 100
78 106
78 110
78 111
78 112
78 116
78 118
78 120
78 129
78 132
78 137
78 139
78 143
78 147
78 154
78 160
78 163
78 164
78 170
78 172
78 176
81 57
81 81
81 83
81 87
81 92
81 95
81 96
81 107
81 108
81 110
81 114
81 116
81 121
81 122
83 32
83 37
84 83
84 85
84 87
84 93
84 111
84 115
84 122
84 123
84 126
84 130
84 135
84 139
84 140
84 143
84 149
84 151
84 157
84 159
84 166
84 183
85 1
85 8
85 12
85 15
85 23
85 26
86 3
86 4
86 7
87 1
87 2
87 8
87 17
87 28
87 66
87 75
87 85
88 2
88 9
88 11
88 16
88 143
89 6
89 11
89 23
89 30
89 52
89 55
89 61
89 67
89 68
89 102
89 124
89 125
90 2
90 13
90 15
90 26
90 29
90 39
90 44
90 49
90 54
90 61
90 62
91 6
91 7
91 9
91 14
91 16
91 29
91 31
91 43
91 44
92 8
93 5
93 9
93 21
93 33
93 34
93 36
93 44
94 51
94 58
94 61
94 93
94 94
95 13
95 14
95 15
95 24
95 33
95 36
95 41
95 42
95 62
95 65
95 70
95 73
95 74
95 75
95 80
95 99
95 106
95 107
95 111
95 113
95 119
95 121
95 125
95 126
95 129
95 134
95 136
95 141
95 162
95 164
95 169
95 171
95 173
95 175
