1 11
1 13
1 16
1 18
2 1
2 27
2 28
2 33
2 39
3 16
3 19
3 22
3 27
3 32
3 41
3 42
3 45
3 48
3 51
3 62
3 67
3 70
3 71
3 77
3 79
3 82
3 85
3 138
3 142
3 153
3 170
3 184
3 190
3 192
3 203
3 209
3 211
3 215
3 220
3 221
3 231
3 236
3 237
3 244
4 1
4 3
4 10
5 1
5 16
5 20
5 40
5 41
5 49
5 54
5 55
5 58
5 63
5 65
5 66
5 69
5 72
5 81
5 90
5 91
6 10
6 23
8 2
8 5
10 71
10 73
10 77
10 79
10 81
10 83
10 84
10 97
10 100
10 104
10 115
10 120
10 121
10 127
10 140
10 148
11 2
11 11
11 13
11 17
11 22
11 26
11 45
11 54
11 90
11 92
11 96
11 101
11 105
12 3
12 21
12 22
12 24
12 26
12 27
12 41
12 45
12 46
12 53
12 63
12 69
13 5
13 22
13 27
13 149
13 150
13 157
13 169
13 170
13 173
13 174
13 184
13 186
16 62
17 2
17 3
17 7
17 8
17 19
17 29
17 31
17 32
17 36
17 39
17 63
17 64
17 77
17 80
17 81
17 85
17 92
18 134
19 3
19 7
19 20
19 21
19 27
19 28
19 33
19 43
19 46
19 59
19 70
19 72
19 78
19 85
19 87
19 90
19 99
19 101
19 110
19 117
19 122
19 131
19 132
19 137
19 145
19 152
19 153
19 156
19 161
19 172
19 179
19 182
19 188
19 189
19 191
19 193
19 201
19 208
19 209
19 211
19 212
19 253
19 255
19 256
19 262
19 263
19 278
19 282
21 16
21 17
21 26
21 28
21 29
21 30
21 37
21 40
21 53
21 60
23 71
23 104
24 1
24 7
24 12
24 13
24 20
24 28
24 31
24 33
25 9
25 16
25 17
25 21
25 24
25 25
25 61
25 66
25 67
25 70
25 79
25 173
25 179
25 182
25 191
25 199
25 201
25 202
25 208
25 211
25 212
25 214
25 215
25 219
25 224
25 225
25 227
25 250
25 253
25 271
25 272
25 285
25 289
25 297
25 300
25 303
25 311
25 314
25 317
25 318
25 319
25 330
25 427
25 434
27 158
27 161
27 168
27 170
27 172
27 178
27 190
27 191
27 200
27 216
27 225
27 229
27 234
28 17
28 21
28 31
28 57
28 60
28 62
28 69
28 70
28 73
28 84
28 87
29 88
29 90
29 100
29 101
29 104
29 106
29 108
29 122
30 14
30 25
30 157
30 160
30 162
30 165
30 171
30 178
30 181
30 182
30 186
30 191
30 197
30 205
31 3
31 6
31 10
32 6
32 9
32 13
32 25
32 26
32 64
32 87
32 91
32 93
33 3
33 10
33 40
33 50
33 60
33 63
33 83
33 91
33 92
33 100
34 33
34 37
34 45
34 46
34 55
34 66
34 70
34 72
34 111
34 117
34 128
34 141
34 147
34 156
34 167
34 168
34 169
34 174
34 182
34 183
34 200
34 202
34 207
34 216
34 220
34 222
34 224
34 226
34 229
34 232
34 238
34 241
34 250
34 253
34 274
34 276
35 1
35 7
35 10
35 14
35 29
35 37
35 44
35 45
35 68
35 71
35 77
35 78
35 79
35 85
35 88
35 89
35 90
35 93
35 100
35 104
35 109
35 119
35 126
35 128
35 131
35 132
35 143
35 144
35 151
36 9
36 16
36 21
36 24
36 25
37 11
37 19
37 35
37 43
37 48
37 51
37 54
37 56
37 62
37 64
37 70
37 72
37 79
37 80
37 104
37 105
37 109
37 115
37 117
37 118
37 119
37 122
37 127
37 131
38 15
38 18
38 25
38 35
38 36
38 40
38 48
38 72
38 74
38 86
38 94
38 95
38 100
38 109
38 120
38 122
38 124
38 132
38 134
38 138
38 139
38 149
38 167
40 54
40 56
41 2
41 4
41 6
41 8
41 14
41 18
41 25
42 72
42 75
43 5
43 136
43 142
43 145
43 155
43 159
43 165
43 169
43 178
43 190
43 192
43 196
43 203
43 215
43 219
43 220
43 227
43 228
43 229
43 232
43 258
45 37
45 39
45 40
45 50
45 53
45 58
45 99
45 107
46 3
46 4
46 6
46 12
46 21
46 24
46 162
46 172
46 180
46 189
46 191
46 194
46 196
46 199
46 202
46 205
46 209
46 210
46 212
46 215
46 225
46 226
46 227
46 245
46 248
46 251
46 262
46 265
46 280
46 286
46 298
46 299
46 310
46 318
46 333
46 350
47 30
47 34
47 38
48 111
48 112
48 118
48 122
48 123
48 127
48 129
50 9
50 14
50 31
50 43
50 56
50 59
50 67
50 88
50 92
50 97
50 99
50 103
50 112
50 127
50 129
51 1
51 5
52 6
52 7
52 140
52 144
52 150
52 154
54 5
54 6
54 21
54 27
54 32
54 49
54 57
54 58
54 60
54 62
54 63
54 70
54 83
55 4
57 4
57 22
57 24
57 35
57 52
57 55
58 124
58 131
58 140
58 143
58 148
58 153
58 156
58 158
58 162
58 167
58 173
58 179
58 189
58 193
58 197
59 16
59 18
59 19
60 5
60 11
61 1
61 4
61 7
61 19
61 26
61 27
62 1
63 12
63 109
63 113
63 130
64 2
64 14
64 16
64 17
64 18
64 26
64 69
64 76
64 78
64 82
64 84
64 87
64 88
64 89
64 91
64 96
64 119
64 140
64 142
64 147
64 153
64 162
64 175
64 176
65 1
65 4
65 9
65 13
66 5
66 32
66 47
66 53
66 56
66 58
66 64
66 66
66 71
66 79
66 81
66 87
66 90
66 98
66 114
66 123
66 129
66 130
66 138
66 139
66 140
66 141
66 275
66 286
66 289
66 299
66 300
66 306
66 310
66 323
67 3
67 6
67 15
67 20
67 26
67 28
67 30
67 39
67 42
67 43
67 48
67 54
67 55
67 59
67 67
68 4
69 33
69 34
69 49
69 50
69 67
69 72
69 88
69 93
69 98
69 102
69 114
69 121
69 130
69 132
69 149
69 156
69 157
69 172
69 178
69 190
69 202
69 203
69 206
69 208
69 211
69 212
70 1
70 5
70 8
71 23
71 26
71 38
71 44
71 65
71 72
71 77
71 79
71 83
71 94
71 99
71 121
71 122
71 124
71 127
71 131
71 142
71 152
71 158
72 1
72 7
72 13
72 23
72 28
72 43
73 8
73 17
74 66
74 68
74 71
74 79
74 81
74 94
74 96
74 97
74 100
74 103
74 123
74 131
74 137
74 139
74 143
74 150
74 151
74 156
76 6
76 10
76 12
76 19
76 23
76 32
77 2
77 3
77 7
77 12
77 16
77 19
77 21
77 28
77 34
77 39
77 44
77 49
77 51
77 53
77 54
77 58
77 64
77 72
77 76
77 79
77 87
77 88
77 90
77 94
77 95
77 99
77 119
78 24
78 47
78 49
78 54
78 56
78 74
78 82
78 94
78 118
78 122
78 125
78 127
78 128
78 133
78 139
78 141
78 144
78 148
78 150
78 152
78 153
78 155
78 158
78 174
78 177
78 196
81 11
81 34
81 43
81 45
81 49
81 50
81 52
81 54
81 57
81 59
81 68
81 131
81 142
81 153
81 170
81 172
81 175
81 176
81 182
81 186
81 188
82 61
82 65
82 73
82 75
82 79
83 25
83 28
83 37
83 39
83 41
83 44
83 47
83 50
83 55
83 61
85 13
85 24
85 40
85 42
85 44
85 46
85 48
85 66
85 71
85 156
86 37
86 38
86 43
86 48
87 2
87 6
87 13
87 16
87 19
87 27
87 34
87 35
87 52
87 63
87 65
87 66
87 67
87 68
87 70
87 77
87 78
87 84
87 87
87 110
87 113
87 115
87 116
87 120
87 121
87 125
87 127
87 147
87 148
87 151
87 161
87 162
88 9
88 12
88 13
88 23
88 24
88 29
88 37
88 41
88 49
88 54
88 59
88 61
88 74
88 80
88 83
88 96
88 101
88 122
91 1
91 7
91 16
91 28
91 31
91 32
91 37
91 54
92 3
