1 6
1 7
1 10
1 17
1 20
1 25
1 42
1 47
2 6
2 21
2 29
2 33
2 39
2 46
2 56
2 58
2 61
2 77
2 78
2 80
2 92
2 105
2 129
2 132
2 142
2 153
2 161
3 2
3 7
3 8
3 11
3 24
3 31
3 38
3 42
3 45
3 53
3 62
4 2
4 7
4 8
4 10
4 13
4 14
4 20
4 23
4 24
4 26
4 27
4 37
4 40
4 42
4 45
4 60
5 1
5 23
5 31
5 38
5 40
5 44
5 47
5 51
5 59
5 72
5 73
5 77
5 114
5 117
5 127
5 128
5 130
5 132
5 137
5 145
5 146
7 43
7 44
7 45
7 48
7 59
7 68
7 74
8 1
8 2
9 11
10 1
10 13
10 15
11 3
11 19
11 22
11 29
11 38
11 41
11 43
11 49
11 50
11 53
11 54
11 58
11 62
11 67
11 75
11 88
11 92
11 104
11 114
11 119
11 123
11 128
11 143
11 151
11 280
11 281
11 283
11 285
11 286
11 295
11 296
11 403
11 406
11 409
11 425
11 437
11 440
11 444
11 449
11 450
11 452
12 3
12 8
12 11
12 15
12 20
12 26
12 40
12 41
12 47
12 49
12 52
12 134
12 135
12 152
12 167
14 45
14 54
14 59
14 192
14 194
14 219
14 229
14 235
14 236
14 239
14 241
14 243
14 247
14 253
14 257
14 263
15 6
15 12
16 1
16 2
16 156
16 182
16 186
16 187
16 190
16 193
16 197
16 206
17 4
17 9
17 21
17 28
17 30
17 43
17 44
17 49
17 52
17 53
17 55
17 56
17 74
17 77
17 98
17 102
17 113
17 114
17 136
17 137
17 139
17 144
17 145
17 147
18 5
18 9
19 1
19 2
19 6
19 7
19 13
19 31
19 35
19 37
22 38
22 40
22 43
22 44
22 54
22 58
22 59
22 61
22 65
22 76
22 77
22 87
22 91
22 107
22 108
23 5
23 6
23 8
23 12
23 28
23 30
23 31
23 41
25 8
25 12
25 13
25 18
25 23
25 24
25 28
25 38
25 42
25 52
25 69
27 9
27 26
27 29
27 30
27 33
27 37
27 39
27 41
27 45
27 48
27 63
27 96
27 102
27 111
27 112
27 120
27 182
27 188
27 199
27 200
27 330
27 335
27 337
27 339
27 352
27 358
27 379
27 391
27 400
27 401
28 5
28 11
28 12
28 23
28 31
28 32
28 35
28 40
28 43
29 3
29 5
29 13
29 20
29 24
29 77
29 90
29 97
29 99
29 101
29 103
31 2
31 8
31 16
31 20
31 34
31 36
31 46
31 49
31 50
31 61
31 67
31 78
31 81
31 87
31 94
31 102
31 104
31 106
31 109
31 117
31 118
31 119
31 120
31 121
31 142
31 149
31 152
31 153
32 40
32 42
32 45
32 50
32 74
32 81
32 87
32 100
34 7
34 9
34 17
34 19
34 28
34 30
34 34
34 37
34 48
34 61
35 2
35 5
35 29
36 6
36 7
36 8
36 12
36 20
36 24
36 25
36 110
36 114
36 117
36 121
36 123
36 130
36 131
36 133
36 139
36 141
36 142
37 4
37 5
37 6
37 52
37 56
37 66
37 70
37 73
37 79
37 84
37 87
37 89
37 90
37 93
37 109
37 110
37 114
37 125
37 135
37 139
37 176
37 177
37 184
37 200
37 207
37 210
37 217
37 222
38 1
38 2
38 8
40 56
40 60
40 71
40 73
40 74
40 78
40 79
40 80
40 84
40 138
40 140
40 144
40 145
40 147
40 148
40 149
40 171
40 181
40 187
40 196
40 198
40 199
40 201
40 204
40 209
40 211
40 213
40 216
40 219
40 230
40 234
40 235
40 236
40 240
40 248
40 267
41 4
41 5
41 8
41 11
41 14
41 15
41 16
41 22
41 23
41 24
41 46
41 47
41 48
41 63
41 68
41 73
41 76
41 78
41 84
41 92
42 14
42 26
42 32
42 41
42 42
42 47
42 49
43 6
43 15
43 16
43 34
44 1
44 3
44 12
44 21
44 26
44 27
44 63
44 68
44 75
44 84
44 116
44 121
44 125
45 24
46 1
46 3
46 8
46 9
46 11
46 20
46 28
46 34
46 57
46 61
46 64
46 72
46 74
46 79
46 81
46 84
46 90
46 92
46 93
46 105
46 106
46 109
46 114
46 127
46 129
46 140
46 146
46 155
46 157
46 160
46 176
47 19
47 33
47 34
47 51
47 55
47 64
47 66
47 73
47 79
47 84
47 86
47 89
47 95
47 109
47 110
47 113
47 116
47 126
47 131
47 134
47 154
47 164
47 165
47 171
47 180
47 182
47 189
47 191
47 194
48 115
48 131
48 133
48 138
48 149
48 158
49 2
49 3
49 14
49 18
50 1
50 3
50 5
50 11
51 1
51 24
51 36
51 39
51 41
51 47
51 61
51 64
51 65
51 94
51 95
51 104
51 109
51 111
51 116
51 118
51 120
51 124
51 125
51 127
51 135
51 146
51 147
51 153
51 158
51 161
51 169
51 172
51 174
51 179
51 185
51 194
51 198
51 200
51 215
51 224
51 226
51 231
51 232
51 234
51 236
51 250
51 258
51 273
51 276
51 282
51 311
52 11
52 29
52 30
52 33
53 1
53 2
53 9
53 24
53 30
53 37
53 38
53 43
53 44
53 48
53 65
53 67
53 71
53 83
53 87
53 104
53 105
53 107
53 113
53 136
53 138
53 147
53 148
53 153
53 162
53 163
53 165
53 167
53 186
53 197
53 203
54 8
54 12
54 33
54 37
54 41
54 52
54 64
54 65
54 75
54 79
54 84
55 5
55 7
55 8
55 22
55 30
56 1
56 5
56 13
57 13
57 17
57 48
57 56
57 59
57 68
57 90
58 18
58 21
58 40
60 115
60 116
60 139
60 149
60 158
60 159
60 170
60 171
60 176
60 178
60 188
60 195
60 196
61 3
61 31
61 42
61 46
61 51
61 65
61 140
62 1
62 21
62 34
62 35
62 43
62 47
62 55
62 56
62 57
62 65
62 66
62 75
63 23
63 24
63 30
63 33
63 39
63 41
63 45
63 47
63 48
63 50
63 62
63 73
63 75
63 78
63 81
65 32
65 42
65 45
66 15
66 16
66 19
66 148
66 149
66 152
66 159
67 1
71 66
71 71
71 72
71 74
71 76
71 77
71 79
71 98
71 100
71 105
71 114
71 117
71 128
71 138
71 140
71 161
71 166
71 171
71 173
71 175
72 4
72 7
72 12
72 22
72 23
72 29
72 41
72 42
72 47
72 53
73 2
73 3
73 4
73 6
73 11
73 16
73 18
73 19
73 30
73 31
73 35
73 40
73 45
73 156
73 158
73 178
73 184
73 197
73 198
73 203
73 219
73 228
73 240
73 248
74 84
74 99
74 100
74 101
74 112
74 118
74 134
74 136
74 142
74 148
74 155
74 158
74 160
74 171
74 179
74 180
74 182
74 186
74 189
74 190
74 193
74 195
74 199
74 202
75 10
75 19
75 23
75 27
75 42
75 47
75 56
75 70
75 77
75 85
75 87
75 91
75 93
75 102
75 125
75 127
75 137
75 140
75 143
75 144
75 150
75 160
75 168
75 169
75 176
75 180
75 183
75 230
76 9
76 15
76 16
76 19
76 20
76 25
77 4
77 8
77 15
77 18
77 22
77 35
77 38
77 39
77 57
79 78
79 79
79 82
80 2
80 8
80 22
80 32
80 41
80 54
80 61
80 65
80 68
80 70
80 72
80 74
80 75
80 76
80 182
80 188
80 191
80 195
80 203
80 225
80 230
80 239
80 246
80 248
81 15
81 21
82 3
82 16
82 18
82 19
83 24
83 25
83 31
83 35
83 36
83 37
83 41
83 47
83 48
83 57
83 62
84 10
84 14
84 15
84 24
84 25
84 29
84 30
84 40
84 42
84 49
85 54
85 58
86 31
86 47
86 50
86 51
86 80
86 84
86 90
86 92
86 94
86 97
86 103
86 107
86 111
86 123
86 125
86 129
86 130
86 140
86 141
86 148
86 153
87 21
87 26
87 30
87 38
87 74
88 4
88 33
88 37
88 54
88 57
88 58
88 62
88 66
88 73
88 76
89 4
89 10
89 14
89 18
89 24
89 33
89 39
89 40
89 54
89 56
89 58
89 62
89 63
89 75
89 90
89 99
89 110
90 1
90 2
90 3
90 5
90 8
90 15
90 23
90 25
90 27
91 13
91 26
91 46
91 47
91 50
91 55
91 68
91 70
91 73
91 76
91 77
91 82
91 94
91 95
91 98
91 102
91 105
91 113
92 62
92 69
92 86
92 92
92 94
