1 1
1 9
1 18
1 25
1 26
1 28
1 44
1 55
1 61
1 62
1 77
1 83
2 12
2 15
2 17
2 22
2 47
2 75
2 86
2 91
2 98
2 106
2 110
2 117
2 125
2 128
2 133
2 137
2 156
2 164
2 174
2 175
2 190
2 196
2 197
2 205
2 208
2 209
2 214
3 2
3 13
3 14
3 16
3 29
3 32
3 33
3 35
3 40
3 48
3 64
3 70
3 74
3 76
3 77
3 79
3 80
3 82
3 85
3 92
3 93
3 103
3 105
3 107
3 119
3 120
3 125
3 132
3 139
3 149
3 169
3 220
3 223
3 224
3 230
3 232
3 235
3 252
3 261
3 262
3 272
3 402
3 407
4 9
4 15
4 19
5 7
5 9
5 16
5 18
5 24
5 27
5 32
5 42
6 2
6 7
6 12
6 16
6 24
6 26
6 30
6 46
6 47
6 48
6 49
6 51
6 65
6 70
6 77
6 81
6 84
6 85
6 108
6 112
6 114
6 116
6 120
6 126
7 2
7 9
7 12
7 24
7 26
7 33
9 99
10 8
10 15
10 36
10 42
10 43
10 46
11 14
11 16
11 17
11 23
11 24
11 110
11 126
11 131
11 139
11 154
11 157
11 162
11 163
11 169
11 172
11 173
11 238
11 243
11 245
11 249
11 251
11 252
11 278
11 288
11 293
11 297
11 299
11 300
11 308
11 324
11 327
11 328
12 6
12 23
12 30
12 31
12 32
12 33
12 34
12 36
12 40
12 44
14 28
14 34
14 49
14 55
14 57
14 58
14 64
14 65
14 66
14 84
14 86
14 87
14 94
14 99
14 111
14 120
14 125
14 127
14 135
14 137
14 138
15 3
15 4
15 8
15 11
15 17
15 20
15 30
15 38
15 49
15 66
15 111
15 114
15 123
15 126
15 133
15 134
15 142
15 148
15 155
15 163
15 165
15 170
15 172
15 177
15 178
15 187
15 188
15 199
15 201
15 204
15 237
17 70
17 73
17 76
17 81
17 82
17 95
18 89
18 90
19 56
19 57
19 59
19 73
19 77
19 80
19 83
19 88
19 96
19 102
19 124
19 129
19 131
19 134
19 145
19 169
19 171
19 172
20 1
21 6
21 11
21 14
21 32
21 33
21 36
21 37
21 44
21 49
21 57
21 58
23 7
23 19
23 21
23 113
23 115
23 126
23 129
23 131
23 142
23 144
23 149
23 151
23 154
23 163
23 164
23 165
23 167
23 176
23 178
23 185
23 188
24 56
26 62
27 93
28 2
28 4
28 5
28 7
28 16
28 20
28 27
28 38
28 39
28 48
29 10
29 31
29 32
29 33
29 45
29 49
29 52
30 1
30 2
30 12
30 22
31 4
31 11
32 29
32 34
32 37
32 44
32 89
32 100
32 107
32 108
32 141
32 144
32 146
32 277
32 278
32 293
32 320
32 321
32 328
32 334
32 347
32 350
32 357
32 373
32 376
32 391
33 64
33 65
33 69
34 1
34 4
34 10
34 15
34 17
34 31
34 37
34 40
34 42
34 45
34 55
34 61
35 7
35 15
35 32
35 34
35 39
35 40
35 42
35 48
35 56
36 2
37 3
37 16
37 17
37 18
37 33
37 34
37 36
38 6
38 7
38 26
38 35
38 50
38 56
38 58
38 59
38 62
38 68
38 70
38 72
38 73
38 78
38 98
38 99
38 101
38 120
38 123
38 129
38 139
38 140
38 143
38 145
38 147
38 163
38 167
38 171
38 181
38 185
39 44
39 47
39 58
39 59
39 67
39 68
39 84
39 85
39 92
39 105
39 113
39 114
39 130
39 139
39 141
39 145
39 157
39 159
39 161
39 269
39 271
39 302
40 5
41 6
41 7
41 11
41 17
41 25
41 31
41 44
41 48
41 50
41 51
41 52
41 54
41 55
41 60
41 68
41 74
41 78
41 87
41 88
41 95
43 4
43 12
43 22
43 75
43 87
43 89
43 92
43 99
43 101
43 121
43 210
43 216
43 224
43 227
43 229
43 233
43 235
43 236
43 238
43 278
43 282
43 376
43 392
43 393
44 3
45 1
45 4
45 6
45 10
45 26
45 38
45 41
45 49
45 51
45 57
45 81
45 95
45 98
46 4
46 5
46 37
46 44
46 46
46 48
46 49
46 54
46 63
46 72
46 81
46 89
46 91
46 94
46 95
46 99
46 101
46 105
46 111
46 116
47 1
47 20
47 27
47 30
47 33
47 34
47 35
47 36
48 5
48 7
48 8
48 9
48 20
48 24
48 25
48 27
49 4
49 7
49 10
49 12
49 13
49 22
49 23
49 28
49 29
49 33
49 48
49 52
49 54
49 56
49 66
49 67
49 68
49 75
49 84
49 86
49 87
49 98
49 107
49 109
49 117
49 118
49 126
50 4
50 11
50 12
50 21
50 23
50 40
50 42
50 249
50 256
50 259
50 261
50 278
52 13
52 16
52 18
52 22
52 24
54 14
54 16
54 17
54 18
55 43
55 44
55 54
55 64
55 66
55 75
55 77
55 78
55 81
55 89
55 91
55 93
55 96
55 111
55 136
56 98
56 104
56 109
56 118
57 22
57 24
57 30
57 34
57 36
57 39
57 47
57 52
57 56
57 58
57 61
57 65
57 76
57 79
57 88
57 89
57 90
57 95
59 28
59 33
59 34
59 40
59 44
59 46
59 47
60 76
60 77
61 1
62 2
62 5
62 10
62 12
63 5
63 10
63 16
63 30
63 35
63 36
63 39
63 44
63 54
63 56
63 67
63 70
63 75
63 77
63 88
63 90
63 92
63 96
63 100
63 108
63 115
63 117
63 123
63 125
63 128
64 31
65 2
65 7
65 22
65 23
65 32
65 39
65 49
65 55
65 60
65 62
65 68
65 73
65 87
65 101
65 105
65 106
65 107
65 108
65 122
65 123
65 145
65 150
65 152
65 154
65 186
65 190
65 193
65 195
65 198
65 204
65 205
65 209
65 214
65 221
65 233
65 252
65 271
65 274
65 275
65 276
65 279
65 280
65 282
65 285
65 286
65 292
65 298
65 304
65 305
65 314
65 315
65 320
65 321
65 330
65 335
66 3
66 9
66 12
66 62
66 68
66 72
66 80
66 81
66 94
66 102
66 111
67 43
67 45
67 47
67 49
67 53
67 58
67 170
67 171
67 180
67 186
67 187
67 194
67 195
67 197
69 76
69 77
69 78
69 86
69 92
69 110
69 121
69 144
69 145
71 89
71 91
71 92
71 97
71 100
71 102
71 105
71 108
71 129
71 138
72 27
72 30
72 42
72 44
72 48
73 2
73 11
73 36
73 44
73 52
75 31
75 50
75 52
75 71
75 74
75 80
75 107
75 115
75 122
76 6
76 14
76 17
76 19
76 38
76 56
76 61
76 66
76 142
76 144
76 163
76 171
76 174
76 176
76 177
76 180
76 206
76 214
76 217
76 218
76 221
76 229
77 2
77 7
77 8
77 62
77 68
77 76
78 19
78 22
78 27
78 31
78 47
80 75
80 78
80 84
80 89
80 91
80 98
80 107
80 109
80 113
80 117
80 119
80 120
80 126
80 128
80 131
80 137
80 142
80 147
80 151
80 161
80 243
80 246
80 254
80 257
80 261
80 265
80 266
80 267
80 273
82 8
83 107
83 108
83 114
85 59
85 61
85 64
85 72
85 77
85 79
85 87
85 95
85 106
85 107
85 109
85 110
85 121
85 124
85 173
