1 4
1 11
2 3
2 22
2 71
2 81
2 90
3 7
3 8
3 9
3 26
3 29
3 34
3 39
3 40
3 47
3 51
3 54
3 56
3 61
3 65
3 69
3 76
3 97
3 98
3 102
3 114
3 116
3 126
3 135
3 136
3 150
3 163
3 178
3 185
3 278
3 293
3 295
3 302
3 305
3 319
4 78
4 84
5 1
5 9
5 10
5 13
5 14
5 16
5 24
5 30
6 2
6 5
6 8
6 10
7 18
7 19
7 24
7 26
7 28
7 36
7 39
7 44
7 46
7 47
7 60
7 65
7 69
7 70
7 123
7 124
7 126
7 141
7 149
7 150
7 154
7 163
7 170
7 175
7 180
7 182
7 189
7 190
7 191
7 193
7 194
8 41
8 47
8 51
8 52
8 62
8 72
8 202
8 205
8 213
8 225
8 228
8 231
8 233
9 11
9 18
9 20
9 44
9 48
9 50
9 57
9 58
9 60
9 85
9 88
9 96
9 102
9 120
9 122
12 56
12 59
12 65
12 74
12 77
12 79
12 82
12 83
12 84
12 89
12 92
12 98
12 100
12 104
12 105
12 109
12 112
12 114
12 116
13 4
14 56
15 39
15 59
15 60
15 63
15 124
15 125
15 129
15 130
15 146
15 152
15 154
15 157
15 163
15 166
15 172
15 188
15 203
15 216
16 2
16 7
16 19
16 21
17 183
17 191
18 64
18 88
18 93
18 98
19 42
19 48
19 63
19 75
19 86
19 88
19 90
19 93
19 96
19 97
19 108
20 5
20 10
20 27
20 48
20 58
20 60
20 69
20 70
20 82
20 94
20 96
20 97
20 104
20 106
20 119
22 39
22 41
22 46
22 50
22 67
23 14
23 18
23 35
23 38
24 1
24 8
24 9
24 11
24 12
24 13
25 1
25 9
25 14
25 15
26 11
26 20
26 21
26 25
26 35
26 40
26 42
26 44
26 55
26 63
26 92
26 98
26 106
26 109
26 114
26 116
26 118
26 120
26 123
26 127
26 128
26 134
26 138
26 151
26 158
26 164
26 168
26 174
26 175
26 179
26 184
26 194
26 195
26 199
26 203
26 208
26 210
26 211
26 216
26 221
26 222
26 226
27 44
27 46
27 57
27 67
27 70
27 92
28 5
28 17
28 26
28 37
28 42
28 43
28 45
28 60
28 68
32 12
32 70
32 71
32 80
32 87
32 91
32 97
32 102
32 103
32 104
32 107
32 115
32 122
32 123
32 125
32 126
32 129
32 133
32 136
32 137
32 139
32 148
32 151
32 157
32 164
32 174
32 180
33 13
33 15
33 19
33 32
33 40
34 3
34 6
34 11
34 20
35 6
35 9
35 13
38 24
38 31
38 35
38 46
38 48
38 49
39 72
39 75
39 86
39 90
39 97
39 99
39 113
39 114
39 247
39 251
39 254
39 277
39 282
39 288
40 19
41 13
41 17
41 18
41 19
41 24
41 37
41 39
41 44
41 52
41 54
43 2
43 5
43 25
43 28
43 29
43 48
43 57
43 83
43 85
43 91
43 94
43 101
43 109
43 115
43 117
43 119
43 131
43 142
46 6
46 14
46 16
46 25
50 15
50 19
50 36
51 19
51 27
51 40
51 42
51 44
51 45
51 53
51 54
51 58
51 68
52 89
52 90
55 9
55 16
55 20
55 21
55 23
55 35
55 47
55 49
55 65
55 66
55 67
55 79
55 80
55 81
55 89
55 92
55 95
55 111
55 113
55 115
55 121
55 123
55 129
55 130
55 133
55 135
55 150
56 101
56 104
56 108
56 117
56 120
56 121
56 129
56 134
57 125
58 36
59 9
59 13
59 25
59 27
59 35
59 51
59 58
59 59
59 60
59 68
59 73
59 76
59 79
59 96
59 99
59 100
59 106
59 107
59 112
59 114
59 119
59 124
59 133
59 135
59 140
59 141
59 146
59 150
59 157
59 159
61 1
61 8
61 9
61 17
61 22
61 25
61 34
61 35
62 11
62 12
62 15
62 17
62 18
62 30
62 43
62 44
62 46
62 84
62 92
62 99
62 101
62 108
62 110
62 123
62 138
62 163
62 166
62 168
62 174
62 181
62 184
62 185
62 195
62 212
62 213
62 231
62 232
62 236
62 240
62 246
62 253
63 4
63 11
63 17
63 21
63 23
63 29
63 35
63 41
63 53
63 54
63 69
63 82
63 85
63 86
63 88
63 92
63 97
63 117
63 118
63 135
63 138
63 147
63 148
63 150
63 157
63 163
63 164
63 179
63 180
63 186
64 14
64 22
64 26
64 31
64 32
64 39
64 41
64 42
64 52
64 55
64 64
65 11
65 15
65 24
65 26
65 39
65 47
65 54
65 60
65 68
65 71
66 1
66 22
66 23
66 27
66 36
66 39
66 40
66 59
66 63
68 110
68 115
68 248
68 252
68 253
68 254
68 263
68 280
68 284
68 285
68 287
68 297
68 298
68 307
68 314
68 326
69 20
69 22
69 26
69 27
70 101
70 102
70 105
70 108
70 119
70 125
70 126
70 148
70 154
70 160
70 180
70 182
70 184
70 193
70 225
70 231
70 233
70 238
70 240
70 242
70 250
70 255
70 256
70 257
70 261
71 4
71 22
71 36
71 41
71 45
71 53
71 59
71 66
71 76
71 80
71 81
71 82
71 85
71 86
71 93
71 103
71 133
71 146
71 149
71 153
71 161
71 163
71 166
71 168
71 182
72 3
72 11
73 4
73 7
74 1
74 2
74 6
74 12
74 16
74 17
74 20
74 21
74 22
74 29
74 34
74 35
74 43
74 47
75 81
75 84
75 86
75 87
75 94
75 98
75 104
75 107
75 113
75 120
75 129
75 181
76 2
76 5
76 7
76 9
76 142
76 144
76 145
76 147
76 159
76 167
77 10
77 13
77 20
77 27
77 30
77 33
77 38
77 39
77 41
77 45
77 54
77 55
77 62
77 71
77 75
77 84
77 94
77 95
77 99
77 100
77 105
77 107
79 10
79 11
79 29
79 31
79 43
79 44
79 49
79 54
79 73
79 80
79 82
79 84
79 87
80 9
80 14
80 22
81 6
81 7
81 9
81 31
81 33
81 42
81 46
81 47
81 48
81 56
81 73
81 74
81 77
81 80
81 90
81 96
81 118
81 123
81 124
81 147
81 149
81 162
81 164
81 171
81 172
81 176
81 178
81 197
81 198
81 199
81 207
82 2
82 9
82 11
82 20
82 25
82 35
82 39
82 52
82 61
82 62
82 71
82 76
82 78
82 88
82 89
84 5
84 16
84 20
84 24
84 29
84 86
84 87
85 2
85 11
85 13
85 16
85 29
85 42
85 47
85 49
85 50
86 7
86 9
86 10
86 13
86 20
86 26
86 45
86 48
86 52
86 58
86 60
86 65
86 71
86 73
86 78
86 80
86 84
86 86
86 135
86 136
86 141
86 144
86 151
86 152
86 158
86 159
86 178
86 179
86 183
86 190
86 191
86 193
86 197
86 199
86 206
86 212
86 214
86 219
86 229
86 244
86 245
86 249
86 252
86 255
86 259
86 263
86 264
86 273
86 274
86 280
86 285
86 297
86 305
86 308
86 312
86 320
86 332
86 397
86 405
86 410
86 412
86 426
86 435
86 442
86 444
86 451
86 460
86 461
86 462
86 470
86 471
86 482
86 499
86 501
86 508
86 511
86 520
86 527
86 531
86 537
86 538
86 541
86 543
86 550
86 560
86 567
86 568
86 570
86 574
86 581
87 12
87 14
87 18
87 19
87 21
87 30
87 70
87 91
87 94
87 100
87 111
88 1
88 9
88 18
88 28
88 39
88 43
88 44
89 3
89 4
89 5
89 8
89 10
91 7
