1 143
1 145
1 147
3 7
3 21
3 23
3 36
3 84
3 86
3 90
3 92
4 1
4 11
4 13
4 32
4 33
4 40
4 50
4 51
4 67
4 77
4 82
4 84
4 86
5 1
5 3
5 5
5 9
5 21
5 23
5 30
5 35
5 47
5 51
5 67
5 75
5 77
5 80
5 82
5 85
5 87
5 90
5 91
5 94
6 7
6 10
8 66
8 73
8 103
8 113
8 114
8 120
8 132
8 147
8 150
8 154
8 164
8 166
8 173
8 177
8 179
8 183
8 188
8 192
9 67
9 71
9 75
9 94
9 112
9 114
11 20
11 25
11 36
11 38
11 47
11 49
11 60
11 63
11 64
11 74
11 75
11 79
11 82
11 87
11 88
11 99
11 102
11 103
11 127
11 134
11 135
11 143
11 151
11 152
11 153
11 160
11 163
11 167
11 169
11 172
11 173
11 178
11 181
11 182
11 190
11 201
11 203
12 9
13 2
13 3
13 8
13 15
13 33
13 55
13 57
13 58
13 62
13 72
13 78
13 153
14 3
14 7
14 37
15 2
15 4
15 13
15 23
15 40
15 45
15 49
15 134
16 6
16 9
16 11
16 13
16 14
16 128
16 132
16 137
16 138
16 146
16 147
16 151
16 153
17 23
17 27
17 30
17 45
17 53
17 60
17 66
19 31
19 36
19 37
19 38
19 47
19 50
19 52
19 59
19 73
19 75
19 88
19 90
19 91
19 94
19 106
19 109
19 113
19 120
19 128
19 131
19 134
19 146
19 149
19 157
19 162
19 165
19 170
19 175
19 177
19 185
19 219
19 222
19 225
19 239
19 242
19 246
19 269
19 270
19 278
19 281
19 282
19 286
19 297
19 304
19 308
19 310
19 319
19 331
19 344
19 346
19 364
19 368
19 372
21 3
21 6
21 9
21 11
21 16
21 18
21 29
21 32
21 36
21 37
21 39
21 42
21 51
21 53
21 60
21 69
21 71
21 72
21 76
21 77
21 101
21 104
21 108
21 113
21 114
21 118
21 123
21 126
21 136
21 150
21 168
21 169
21 174
21 182
21 183
21 186
21 190
21 192
21 206
21 214
21 217
21 223
21 365
21 379
21 382
21 385
21 388
21 395
21 396
21 399
21 418
21 420
21 425
22 26
22 30
22 42
22 43
22 48
22 49
22 58
22 75
22 78
22 96
23 4
23 16
23 18
25 27
25 32
25 40
25 42
25 50
25 57
25 58
25 61
25 80
25 82
26 11
26 12
26 14
27 3
27 11
27 25
27 40
27 47
27 63
27 87
27 88
27 95
27 98
27 107
28 98
28 104
28 107
28 110
28 111
28 114
28 129
28 130
28 131
28 137
28 139
28 141
28 145
28 149
29 64
29 65
29 83
29 104
29 106
29 109
29 110
29 131
29 137
29 140
29 145
29 148
30 4
30 13
30 16
30 32
30 41
30 46
31 1
31 6
31 19
31 25
31 58
31 63
31 65
31 71
31 73
32 21
32 29
32 33
32 44
32 51
32 56
32 65
32 66
32 70
32 75
32 84
32 85
32 87
32 116
32 121
32 123
32 127
32 135
32 136
32 141
32 142
32 143
32 146
32 148
32 172
32 175
32 251
33 24
33 26
33 28
33 47
33 54
33 69
33 80
33 81
33 83
33 89
33 93
33 95
33 96
33 103
33 107
34 24
34 28
34 30
34 35
34 49
34 60
34 62
34 63
34 66
34 71
34 74
34 80
34 81
34 86
34 92
34 96
34 98
34 99
34 119
34 121
34 123
34 126
34 137
34 138
35 47
35 50
35 62
35 69
35 71
35 73
35 81
38 14
38 22
38 28
38 29
38 34
38 35
38 42
38 43
38 61
38 65
38 69
38 70
38 74
38 89
38 101
38 104
38 106
38 107
38 114
39 20
39 29
39 30
39 33
40 40
40 41
40 44
40 74
40 77
40 88
40 178
40 187
40 192
40 197
40 205
40 209
40 348
40 351
40 377
40 410
40 413
40 416
40 417
40 422
41 5
42 3
42 6
42 17
42 21
42 31
42 47
42 48
42 50
42 58
42 59
42 60
42 76
42 80
42 85
42 86
42 87
42 93
42 108
42 112
42 113
43 123
43 141
45 69
45 70
45 84
45 87
45 100
45 113
45 115
45 116
45 117
45 120
45 122
45 129
45 131
45 132
45 145
45 157
45 160
45 164
45 169
45 171
46 5
46 8
46 9
46 18
46 27
46 33
48 22
48 31
48 33
48 34
48 36
48 39
48 42
48 44
48 45
48 47
48 58
48 118
48 127
48 129
48 140
48 141
48 271
48 273
48 277
49 3
49 8
49 9
49 40
50 4
50 13
50 14
50 22
51 1
51 19
51 22
51 28
51 34
51 35
51 37
51 39
51 54
51 61
51 63
53 12
53 14
53 29
53 35
53 36
53 39
53 53
53 54
53 66
53 72
53 76
53 78
53 79
53 80
53 85
54 1
55 21
55 22
55 25
55 38
55 47
55 52
55 56
56 17
56 30
56 32
56 33
56 42
56 54
56 61
57 66
57 67
57 69
57 75
57 86
57 92
57 96
61 20
62 6
62 8
62 17
62 29
62 37
62 38
62 47
62 54
63 21
63 24
63 34
64 3
64 7
64 12
64 14
64 15
64 16
64 20
64 21
64 28
64 46
64 51
64 58
64 62
64 67
64 72
64 83
64 99
64 102
64 121
64 123
64 136
64 140
64 156
64 158
64 168
64 192
64 194
64 198
64 211
64 214
64 218
64 225
64 235
64 240
64 248
64 249
64 250
64 252
64 263
64 265
65 27
65 29
65 38
65 40
66 2
66 7
66 15
66 17
66 18
66 24
66 32
67 7
67 15
67 24
67 26
67 28
68 29
68 35
68 41
68 47
68 48
68 63
68 66
68 71
68 77
68 83
68 133
68 140
68 141
68 143
68 146
68 159
68 161
68 162
69 50
69 51
69 70
69 72
70 16
70 24
71 1
71 2
71 4
71 5
71 6
71 22
71 23
71 25
71 34
71 48
72 2
72 5
72 13
72 14
72 27
72 29
72 31
72 33
73 115
73 122
73 126
73 134
73 139
73 148
73 149
73 153
73 156
73 157
73 160
73 162
73 177
73 178
75 1
75 6
75 35
76 27
76 28
78 4
78 5
78 10
78 12
78 18
78 26
78 31
78 34
78 48
78 51
78 52
78 53
79 3
79 4
79 5
79 8
79 12
80 64
80 73
81 56
81 63
81 68
81 69
81 81
81 82
81 85
81 89
81 94
81 102
81 105
81 109
81 112
81 123
81 125
82 42
82 45
82 51
82 56
82 62
82 65
82 66
82 74
82 78
82 91
82 93
84 58
84 67
84 77
84 84
84 88
84 90
84 157
84 161
84 163
84 171
84 190
84 201
84 209
84 239
84 279
84 290
84 297
84 302
84 303
84 304
84 311
84 312
84 317
84 324
84 325
84 334
84 402
84 413
84 419
84 424
85 63
85 75
85 82
85 83
85 88
85 97
85 102
85 104
85 106
85 111
85 112
85 113
86 45
86 53
86 60
86 65
86 66
86 83
86 98
86 111
87 10
87 12
87 18
87 34
87 38
87 40
87 54
87 56
87 58
87 61
87 65
87 72
87 77
87 78
87 99
87 100
87 123
87 142
87 148
87 167
88 10
88 12
88 16
88 22
88 28
88 37
88 39
88 42
88 45
88 47
88 52
88 53
88 56
88 61
88 69
88 71
88 83
88 87
88 98
88 116
88 117
88 121
88 123
88 198
88 202
88 211
88 212
88 219
88 221
88 225
