1 2
1 10
1 14
1 19
1 38
1 39
1 44
3 2
3 11
3 14
3 32
3 42
3 48
3 49
3 50
3 51
3 59
3 62
3 63
3 67
3 71
3 78
3 84
3 98
3 104
3 110
3 117
3 123
3 131
3 136
3 139
3 143
3 144
3 169
3 172
3 174
3 176
3 185
3 193
3 198
3 200
3 201
3 205
3 206
3 207
4 8
4 9
4 19
4 32
4 33
4 38
4 42
4 62
4 66
4 68
4 69
4 86
4 91
4 95
4 101
6 27
6 37
6 38
6 54
6 57
6 59
6 61
6 64
6 73
6 76
6 95
6 97
11 49
12 4
12 10
14 95
15 1
15 3
17 26
17 29
17 32
17 33
17 34
17 40
17 42
18 13
18 21
18 29
18 33
18 34
18 45
18 83
18 90
18 126
19 4
19 5
19 16
19 21
19 22
19 23
19 49
19 56
19 59
19 68
19 69
19 71
19 73
19 75
19 80
19 81
19 82
19 93
19 97
19 102
19 106
19 108
19 109
19 120
19 123
19 124
19 126
19 128
20 6
20 11
20 12
20 14
20 16
20 18
20 22
20 30
20 31
20 33
20 35
20 67
20 70
20 73
20 74
20 86
20 100
20 101
20 232
20 235
20 238
20 242
20 243
20 244
20 254
20 257
20 258
20 280
20 281
22 5
22 7
22 12
22 13
22 14
22 23
22 25
22 27
22 30
23 3
23 12
23 15
23 18
24 4
24 7
24 10
24 12
24 13
24 15
24 22
24 26
24 29
24 37
24 52
24 54
24 61
24 62
24 63
24 65
24 67
24 68
24 77
24 85
24 88
24 97
24 101
24 105
24 108
24 117
24 138
24 140
24 150
24 156
24 157
24 159
24 160
24 171
25 63
25 178
25 181
25 189
25 191
25 198
25 199
25 202
25 218
25 225
25 232
25 234
25 255
25 276
25 281
25 367
25 379
25 385
25 394
25 396
25 402
25 403
26 3
26 4
26 5
26 12
26 14
26 17
26 23
26 27
26 36
27 60
27 65
27 66
27 67
27 68
27 74
27 75
27 80
28 21
28 26
29 25
29 29
29 34
29 36
29 42
29 43
29 45
29 54
29 60
29 68
29 71
29 72
29 79
29 88
29 93
29 104
29 110
29 112
29 115
29 116
29 133
30 39
30 42
30 44
30 50
30 62
30 63
30 66
30 75
30 78
31 7
31 11
32 3
32 8
32 10
33 5
33 6
33 10
33 11
33 13
33 14
33 16
33 17
33 29
33 32
33 35
34 9
34 14
35 1
35 12
35 14
35 19
36 7
36 10
36 23
36 29
36 32
36 33
36 36
36 38
36 49
36 52
36 63
36 64
36 67
36 68
36 74
38 13
38 16
38 25
38 30
38 33
38 35
38 37
38 41
38 42
38 53
40 9
40 11
40 14
40 20
40 40
40 46
40 52
40 53
40 67
40 88
40 90
40 105
40 107
41 108
41 114
41 117
41 126
41 135
42 2
42 3
42 14
42 23
42 24
42 25
44 55
44 58
45 17
45 32
45 39
45 41
45 50
45 53
45 56
48 15
48 19
48 23
48 30
48 43
48 45
48 47
48 53
48 107
48 108
48 120
48 121
48 133
48 138
48 140
48 145
48 150
48 157
48 159
48 161
48 165
48 166
48 171
48 209
48 213
48 215
49 4
49 6
49 13
49 14
49 29
49 34
49 68
49 69
49 80
49 81
49 85
50 2
50 5
50 14
50 44
50 60
50 66
51 7
51 10
52 4
52 5
54 74
54 76
54 87
54 94
54 96
54 97
54 107
54 116
54 120
55 49
55 51
55 56
55 62
55 65
55 73
55 75
55 79
57 4
57 6
57 8
57 9
57 16
57 21
57 64
57 66
58 25
58 26
58 34
58 44
58 45
58 51
58 66
58 70
58 78
58 79
58 86
59 2
59 3
59 8
59 12
59 20
59 22
59 35
59 39
59 40
59 42
59 43
59 47
59 54
59 56
60 1
61 1
61 3
61 26
61 32
61 33
63 2
63 3
63 4
63 17
63 23
63 27
63 28
63 31
63 36
63 41
63 42
63 45
63 50
63 57
63 58
63 59
63 74
63 75
63 88
63 94
63 95
63 96
63 99
63 101
63 111
64 26
64 27
64 31
64 33
64 34
64 39
64 43
64 53
64 62
65 72
65 73
65 74
65 84
65 85
65 86
65 88
65 94
65 96
66 8
66 9
66 14
66 15
66 25
66 31
66 34
67 4
67 12
67 16
67 23
68 8
68 14
68 16
68 22
69 4
69 8
69 9
69 17
69 18
69 20
70 7
70 10
71 7
71 9
71 14
71 31
72 8
72 14
72 21
72 25
72 26
73 4
73 7
73 11
73 15
73 18
73 21
73 22
73 27
73 29
74 4
74 17
76 2
76 15
76 39
76 48
76 60
76 61
76 62
76 75
76 76
76 141
76 149
76 153
76 154
76 162
76 163
76 164
76 165
76 166
76 170
76 174
76 179
76 191
76 193
76 197
76 200
76 201
76 210
76 215
76 224
76 228
76 234
76 235
76 246
76 273
76 278
76 282
76 284
76 289
76 296
76 308
76 310
76 314
76 327
76 329
76 332
76 335
76 349
76 352
76 357
76 360
76 363
76 367
76 384
76 385
76 408
76 420
76 422
76 432
76 435
76 440
76 451
76 452
77 33
77 36
77 47
77 49
79 95
79 105
79 120
79 127
79 129
79 148
79 165
79 167
79 185
79 193
79 202
79 207
79 208
79 231
80 4
80 6
80 16
80 23
80 24
80 38
80 41
80 47
80 48
80 52
80 58
80 61
80 66
80 70
80 77
80 86
80 89
80 98
80 104
80 116
80 126
80 142
80 170
80 171
80 172
80 174
80 193
80 194
80 198
80 212
80 213
81 12
81 26
81 27
82 6
83 11
83 12
83 17
83 18
83 20
83 22
83 25
83 26
83 29
83 31
83 35
83 41
84 27
84 30
84 35
84 40
84 47
84 58
84 60
84 65
84 67
84 68
84 74
84 86
84 89
85 1
85 3
85 5
85 11
87 52
87 61
87 65
87 74
87 206
87 216
87 324
87 325
87 334
87 335
87 346
87 353
87 358
87 360
88 1
88 2
88 3
88 16
88 19
88 35
88 38
90 48
90 49
90 53
90 55
91 1
91 2
91 4
91 5
91 10
91 15
91 16
91 18
91 23
92 4
92 15
92 16
92 20
92 43
92 47
92 53
92 60
92 143
92 144
92 145
92 148
92 161
92 166
92 168
94 21
94 25
95 2
95 9
95 18
98 8
98 12
98 15
98 20
98 21
98 22
98 30
98 35
98 40
98 83
98 90
98 91
98 94
98 98
98 104
99 6
99 14
99 20
99 21
99 24
99 28
99 31
99 33
101 9
101 22
101 29
101 30
101 31
101 36
101 38
101 40
101 41
101 61
101 68
101 73
101 204
101 205
101 212
101 216
101 218
101 229
101 231
101 234
101 240
101 245
101 248
101 256
101 258
101 265
101 266
101 269
101 277
101 278
101 282
101 286
101 287
103 55
103 74
103 75
103 96
103 100
103 105
103 107
103 133
103 139
103 153
103 156
103 161
103 168
103 169
103 176
103 191
104 1
104 5
104 26
104 35
104 37
104 38
104 45
104 52
104 55
104 64
105 5
105 11
105 16
105 22
105 27
105 45
105 53
106 2
106 3
106 5
106 16
106 17
106 19
106 23
106 27
106 31
106 33
106 35
106 39
106 45
106 49
106 51
106 69
106 76
106 90
106 96
106 101
106 104
107 19
107 21
107 26
107 27
107 60
107 64
107 67
107 80
107 88
107 99
107 101
107 119
107 125
107 127
107 145
107 147
107 186
107 189
107 191
107 192
107 196
107 198
107 201
107 202
107 203
107 205
107 207
107 223
107 232
107 240
107 263
107 270
107 279
107 280
107 285
107 294
107 302
107 306
107 314
107 316
107 321
107 322
107 332
107 337
107 339
107 342
107 352
107 355
107 356
107 359
107 373
107 390
107 406
107 408
107 416
107 422
107 432
107 452
107 469
107 478
107 479
107 480
107 491
107 493
107 497
107 502
107 508
107 528
107 529
107 659
107 661
107 667
107 669
107 670
107 768
