1 14
1 24
1 25
1 32
1 38
2 109
2 111
2 113
2 116
2 126
2 129
2 138
2 154
2 156
2 157
2 161
2 168
2 169
2 174
2 182
2 183
2 187
2 189
2 193
2 198
3 91
3 93
3 99
3 101
3 105
4 19
4 20
4 29
4 33
6 15
8 36
9 117
9 118
9 121
9 122
9 124
9 125
9 130
9 132
9 137
9 148
9 149
9 150
9 153
9 154
9 173
9 200
9 201
9 207
9 210
9 211
9 215
9 222
9 231
9 234
9 238
9 242
9 247
9 253
9 264
9 269
9 285
9 289
9 297
9 298
9 308
9 311
9 313
9 325
9 329
10 6
10 10
10 11
10 29
10 42
10 44
10 59
10 62
10 66
10 67
10 68
10 75
10 89
10 92
11 24
11 36
11 37
11 48
11 53
11 57
11 66
11 69
11 70
11 78
11 86
11 87
11 91
12 10
12 24
12 27
12 33
13 141
13 143
13 144
13 154
13 168
13 171
13 177
13 178
13 192
13 195
13 231
13 232
13 244
13 247
13 248
13 252
13 263
14 111
14 115
14 123
14 124
14 133
14 135
14 137
14 141
14 142
14 143
14 149
14 162
14 163
14 166
15 58
15 66
15 73
15 74
15 77
15 81
15 95
15 101
15 107
15 110
15 122
15 134
15 136
16 26
16 35
16 41
16 56
16 82
16 84
16 85
16 90
16 93
16 101
17 7
17 9
17 15
17 24
17 28
17 29
17 30
17 78
17 81
17 88
17 96
17 98
17 103
17 122
17 123
17 126
17 131
17 139
17 146
17 150
17 152
18 1
18 10
18 99
18 101
18 111
19 1
19 7
19 9
20 3
20 8
20 13
21 6
21 8
21 11
21 13
21 18
21 22
21 29
21 30
21 32
21 38
21 42
21 50
21 51
21 62
21 63
21 66
21 67
21 70
21 71
21 78
21 86
21 87
21 91
21 93
21 107
23 8
23 13
23 15
23 23
23 25
23 28
23 35
23 45
23 53
23 54
23 55
23 57
23 64
23 67
23 73
23 86
23 96
23 97
23 102
23 103
23 104
23 115
23 118
23 149
23 151
24 38
24 65
24 66
24 69
24 74
24 105
24 111
24 117
24 135
24 146
26 5
26 12
26 13
26 39
26 93
26 96
26 97
26 98
26 101
26 109
26 116
26 125
26 140
26 147
26 150
26 159
26 162
26 170
26 185
26 193
26 204
26 207
26 209
26 213
26 225
26 226
26 233
26 236
26 240
26 244
26 247
26 249
26 256
26 262
26 273
26 274
26 276
26 280
26 288
26 310
26 318
26 322
26 326
27 6
27 27
27 46
27 60
27 61
27 64
27 66
27 67
27 73
27 85
27 96
27 97
27 104
28 1
28 2
28 9
28 19
28 24
28 25
29 3
29 9
29 13
29 16
29 22
29 29
29 32
29 35
29 37
29 56
29 63
29 71
29 75
29 82
29 94
30 61
30 63
30 67
30 68
30 111
30 122
30 126
30 128
30 152
30 153
30 159
30 168
30 179
30 318
30 344
30 345
30 361
30 362
30 366
30 368
30 372
30 394
30 406
30 409
30 414
30 423
30 425
30 441
30 443
30 445
30 449
30 461
30 476
30 477
30 480
30 481
30 496
30 508
30 510
30 514
30 518
30 520
30 558
30 559
30 565
30 581
30 590
30 603
30 608
30 616
30 617
30 638
31 1
31 15
31 17
31 27
31 46
32 40
32 44
32 47
32 49
32 54
32 64
32 87
32 92
33 2
33 4
33 9
33 14
33 15
33 17
33 19
33 21
33 30
33 31
33 36
33 65
33 70
35 58
35 59
35 65
35 74
35 81
35 82
35 84
35 94
35 100
35 111
35 114
35 116
35 119
35 128
35 138
35 143
35 149
35 153
35 179
35 184
35 185
36 4
37 113
37 123
37 125
37 128
37 131
37 132
37 137
37 138
37 140
37 147
37 151
37 160
37 164
37 174
37 177
37 182
37 185
37 190
37 191
37 196
37 210
37 215
37 232
37 247
37 249
38 1
38 3
38 7
38 13
38 21
38 24
38 33
38 41
38 42
38 175
38 178
38 180
38 184
38 187
38 188
38 190
38 197
41 51
41 54
41 55
41 58
41 63
41 71
42 58
42 59
42 60
42 66
42 72
43 3
43 4
43 5
43 10
43 17
43 21
43 24
43 26
43 31
43 35
43 43
43 47
43 54
43 57
43 65
43 66
43 77
43 85
43 89
43 94
44 2
44 11
44 16
44 25
44 27
44 37
44 42
44 44
45 131
45 139
45 140
45 157
45 158
45 168
45 169
45 182
45 185
45 186
45 193
46 9
48 95
48 102
49 3
49 6
49 17
49 18
49 24
49 34
49 38
50 3
50 4
50 6
50 25
50 26
50 28
50 35
50 39
50 40
50 47
50 48
50 56
50 60
50 69
50 71
50 81
50 89
50 92
50 131
50 138
50 140
50 151
50 159
50 160
50 162
51 26
51 28
51 40
51 44
51 49
51 51
53 36
53 45
53 51
53 163
53 164
53 176
53 183
53 189
53 195
53 260
53 280
53 295
53 300
53 301
53 304
53 374
53 383
53 393
53 394
53 407
53 431
53 437
53 448
53 449
53 455
53 456
53 460
53 462
56 47
56 52
56 58
56 59
56 71
56 77
56 79
56 89
56 90
56 92
56 98
56 99
56 101
56 103
56 104
56 114
56 115
56 116
56 117
56 118
59 42
59 44
59 48
59 57
59 64
60 1
60 2
60 9
60 10
60 16
60 20
60 22
60 31
60 37
60 39
60 43
60 96
60 102
60 104
60 108
60 115
60 120
60 126
60 132
60 133
60 135
60 153
60 160
61 116
61 117
61 125
61 128
61 135
61 136
61 140
61 145
62 3
62 4
62 9
62 10
62 12
62 23
62 26
62 28
62 39
63 13
63 14
63 18
63 25
63 27
63 28
63 45
63 48
63 57
63 61
64 4
64 13
64 14
64 143
64 153
64 159
64 160
64 163
64 178
65 1
65 2
65 17
65 20
65 23
65 25
65 42
65 66
65 68
65 79
66 6
66 11
66 15
66 21
66 33
66 34
67 7
68 6
68 10
68 17
68 30
68 32
68 34
68 37
68 58
68 60
68 62
68 65
68 67
71 19
71 26
71 32
71 33
72 1
72 4
72 8
72 9
72 17
72 19
73 2
73 11
73 14
73 18
73 20
73 22
73 24
74 8
74 14
74 21
74 25
74 27
74 35
74 38
74 43
74 47
74 53
74 61
74 81
74 87
74 98
74 99
75 1
75 24
75 41
75 44
75 45
75 59
75 61
75 68
75 71
75 83
75 93
75 103
75 106
75 121
75 123
75 140
75 151
75 161
75 171
75 185
75 193
75 202
75 204
75 205
75 207
75 210
75 211
75 212
76 7
76 8
76 12
76 15
76 16
76 34
76 40
76 45
76 47
80 33
81 4
81 7
84 40
84 47
87 1
87 7
88 1
88 2
88 3
88 5
88 14
88 21
88 37
88 42
89 1
89 7
89 15
89 17
89 18
89 30
89 48
89 65
89 68
89 110
89 113
89 116
89 122
89 126
89 127
89 132
89 136
90 40
90 51
90 55
90 63
90 66
90 70
91 3
91 6
91 12
91 15
91 16
91 26
91 32
91 33
91 45
91 46
91 47
91 48
91 51
91 60
91 61
91 68
91 73
91 78
91 81
92 13
92 14
92 18
92 24
93 5
93 9
93 67
93 122
93 128
93 132
93 232
93 233
93 235
93 240
94 4
94 6
94 10
94 12
94 14
