1 2
1 12
1 23
1 33
1 52
1 62
1 64
1 65
1 71
1 73
1 74
1 83
1 89
1 96
1 124
1 131
1 132
1 151
2 18
2 22
2 26
2 47
2 49
2 50
2 51
2 67
2 71
2 75
2 76
2 79
2 88
2 101
2 102
2 106
2 132
2 136
2 137
2 138
2 140
2 155
2 157
2 160
2 260
2 272
2 273
2 274
2 286
4 2
4 4
4 5
4 7
4 10
4 12
4 15
4 17
4 18
4 22
4 107
4 110
4 118
4 123
4 139
4 142
4 146
4 150
5 2
5 16
7 12
7 20
7 26
8 2
8 5
8 11
8 25
8 29
8 31
8 37
8 42
8 48
8 51
8 54
8 72
8 79
8 85
8 94
8 100
8 131
8 132
8 140
8 152
8 153
8 176
8 190
8 194
8 195
8 198
8 204
8 207
8 210
8 212
8 215
8 216
8 218
8 222
8 223
8 227
8 228
8 243
8 248
8 253
8 256
8 258
8 259
8 262
8 276
8 285
8 290
8 293
9 5
9 22
9 24
9 41
9 44
9 48
9 53
9 59
9 66
9 67
9 79
9 88
9 93
9 95
10 4
10 6
10 16
10 42
10 52
10 57
10 59
10 65
10 70
10 71
10 74
10 75
10 89
10 95
10 97
10 106
10 116
10 120
10 122
10 130
10 131
10 136
11 6
11 8
11 12
11 21
11 26
11 37
11 44
11 46
11 48
11 56
11 72
11 91
12 1
12 6
12 18
12 20
13 23
13 26
13 31
13 33
13 34
13 35
13 44
13 48
13 52
13 60
13 63
13 67
13 80
13 82
13 96
13 97
13 98
14 111
14 118
14 121
14 141
14 144
14 145
14 148
14 151
14 153
14 157
14 264
14 270
14 271
14 272
14 273
14 274
14 287
14 382
14 389
15 15
15 17
15 21
15 22
15 29
15 34
15 47
15 48
15 50
15 58
15 65
16 108
16 111
16 125
16 129
16 131
16 132
16 156
16 159
16 162
16 163
17 3
17 4
17 7
17 12
17 15
17 20
17 22
17 43
17 47
18 41
18 48
18 67
18 69
18 77
18 192
18 202
18 209
18 215
18 220
18 228
18 232
18 237
18 256
18 261
18 263
18 265
18 267
18 277
18 285
18 287
18 292
18 294
18 320
18 321
18 334
18 339
18 341
18 361
18 365
18 366
18 378
18 380
18 384
18 387
18 388
18 389
18 392
18 415
18 421
18 429
18 431
18 432
18 446
18 454
18 458
18 461
18 477
18 485
18 533
18 549
19 47
20 1
20 22
20 28
20 29
20 31
20 33
20 62
20 70
20 101
20 111
20 113
20 117
20 122
20 130
20 132
20 135
20 137
20 139
20 147
20 149
20 158
20 159
22 52
22 54
22 59
22 62
22 64
22 96
22 114
23 21
23 22
23 30
24 2
24 6
26 87
26 98
26 103
26 106
26 107
26 116
26 117
26 126
26 135
26 139
26 144
26 154
26 155
26 161
26 171
26 176
26 188
26 189
28 118
28 123
28 125
28 129
28 147
28 149
28 153
28 155
28 162
28 164
28 165
28 170
28 178
28 180
28 184
28 211
28 213
28 214
28 223
28 233
28 235
28 237
28 260
28 271
28 272
28 287
28 293
28 303
28 335
28 354
28 356
28 358
28 362
28 364
28 367
28 370
28 375
28 390
28 394
28 395
28 396
28 399
28 404
28 417
28 418
28 422
28 434
28 449
28 450
28 453
28 457
28 485
28 488
28 493
28 495
28 496
28 508
28 510
29 7
31 37
31 55
32 3
32 12
32 16
32 37
32 52
32 53
32 56
32 60
32 71
32 80
32 85
32 89
32 93
32 97
32 98
32 106
32 109
32 121
32 127
32 134
32 140
32 143
32 146
32 148
32 156
33 4
33 7
33 16
33 20
33 75
34 5
34 14
34 16
35 4
35 5
35 23
35 29
35 62
35 87
35 97
36 11
36 18
36 23
36 31
36 32
36 43
36 49
37 4
38 1
38 3
38 7
38 8
38 12
38 13
38 17
38 27
38 28
39 5
39 7
39 8
39 18
39 26
42 10
42 11
42 18
42 34
42 40
42 44
42 67
42 71
42 74
43 57
43 60
43 64
43 69
43 90
43 109
43 110
44 2
44 4
44 11
44 14
45 4
45 8
46 128
46 129
46 157
46 159
46 163
46 165
46 168
46 175
46 178
46 334
46 342
46 345
46 350
46 353
46 366
46 367
46 376
46 383
46 384
46 398
46 414
46 421
46 427
46 428
46 430
46 434
46 442
46 452
46 457
46 460
46 465
46 470
47 19
47 30
48 3
48 5
48 7
48 11
48 14
48 21
49 4
49 15
49 16
49 36
49 38
49 42
49 44
49 47
49 50
49 51
49 74
50 1
50 10
50 12
50 18
50 27
50 31
50 37
50 41
50 42
50 44
50 45
50 55
51 10
51 12
51 30
51 32
51 35
51 38
51 43
51 44
51 55
51 56
51 61
51 67
51 91
51 97
51 104
51 112
53 22
53 23
53 27
53 35
54 1
54 3
54 6
54 7
56 1
56 31
56 33
56 40
56 62
56 72
56 80
60 63
60 70
60 78
60 86
60 110
60 114
60 118
60 119
61 4
61 6
61 9
61 26
61 36
61 37
62 1
62 3
62 4
62 10
62 12
62 14
62 15
62 101
62 103
62 104
62 123
62 137
62 139
62 145
63 1
63 5
64 2
64 13
64 16
64 18
64 22
64 25
64 27
64 29
64 30
64 37
65 16
65 19
65 20
65 21
65 22
65 24
65 28
65 36
65 48
65 53
65 54
65 58
68 7
68 11
69 9
69 12
69 16
69 20
69 32
69 36
69 46
69 52
69 61
69 62
69 70
69 72
69 73
69 96
69 99
69 104
69 116
69 135
69 137
69 145
69 146
69 152
69 153
69 166
70 8
70 9
70 20
70 23
70 30
70 31
70 33
70 36
70 37
73 19
73 22
73 24
73 26
73 30
73 31
73 34
73 39
73 42
73 47
73 48
73 51
73 58
73 59
73 60
73 61
73 65
73 80
73 83
73 89
73 92
73 103
73 112
77 25
77 34
77 45
77 49
77 54
77 68
77 94
77 95
77 99
77 103
77 104
77 107
77 111
77 116
78 27
78 39
78 56
78 62
78 74
78 76
78 87
78 92
79 2
80 36
80 51
80 54
80 60
80 64
80 73
81 53
81 55
81 68
81 69
81 85
81 89
81 105
81 110
81 112
81 128
81 136
81 146
81 153
81 156
81 161
81 168
81 173
81 175
82 11
82 12
82 16
83 1
83 9
83 12
84 124
84 130
84 263
84 268
84 271
85 5
85 14
85 19
85 20
85 21
85 23
85 25
86 26
86 33
86 35
86 45
86 53
86 64
86 67
86 68
86 70
86 78
86 90
86 91
86 93
86 129
86 137
86 151
86 163
86 169
86 178
86 184
86 192
86 198
86 204
86 210
86 212
86 219
86 225
86 233
86 235
87 9
87 11
87 16
87 20
87 33
87 37
88 3
88 31
88 32
88 34
88 35
88 36
88 40
88 42
88 47
88 48
88 53
88 56
88 68
88 71
88 73
88 75
88 86
88 88
89 4
89 9
89 12
89 14
89 17
90 9
90 12
91 37
91 39
91 41
91 43
91 45
91 53
91 60
91 64
92 8
92 23
92 27
92 34
92 35
92 36
92 40
92 48
92 52
92 55
92 57
93 6
93 15
93 22
93 24
94 132
94 133
94 136
94 141
94 142
94 143
94 150
94 159
94 162
94 170
94 175
95 95
95 103
95 112
95 177
95 179
95 181
95 185
95 242
95 244
95 247
96 2
96 3
96 8
96 12
96 20
96 27
96 35
96 41
96 55
98 11
98 13
98 21
