1 15
1 22
1 26
1 28
1 40
1 41
1 44
1 45
2 9
2 11
2 15
2 16
2 22
2 30
2 31
2 34
2 44
2 47
2 50
2 54
2 55
2 58
2 62
2 72
2 76
2 82
2 89
2 91
2 92
2 105
2 106
2 126
3 2
3 6
3 10
3 11
3 16
3 23
3 24
3 37
3 79
3 80
3 81
3 88
4 1
4 3
4 4
5 1
5 5
5 33
5 35
5 38
5 50
5 51
5 54
5 56
5 58
5 66
5 69
5 71
5 76
5 79
5 96
5 156
5 168
5 171
5 186
5 189
5 192
5 204
5 206
5 212
5 219
5 242
5 246
5 278
5 286
5 290
5 293
6 11
6 15
6 20
6 34
6 37
6 40
6 44
6 45
6 48
6 69
6 72
6 83
7 2
8 3
8 17
8 31
8 37
8 52
8 55
8 58
8 60
8 62
8 76
8 77
8 87
8 95
8 102
8 110
8 116
8 133
8 135
8 144
8 147
8 148
10 15
10 21
10 34
12 30
16 36
16 41
16 42
16 47
16 54
16 55
16 56
16 59
16 146
16 147
16 150
16 156
16 164
16 166
16 168
16 173
16 179
16 198
16 203
17 6
17 18
17 21
17 22
17 24
17 25
17 41
17 44
18 14
19 5
19 11
19 13
19 29
19 34
19 59
19 66
19 69
19 77
19 78
19 92
19 95
19 116
19 120
19 122
19 129
19 134
19 153
19 156
19 157
19 174
19 177
19 188
19 194
19 201
19 212
19 221
19 231
19 232
19 241
19 253
19 263
19 270
19 271
19 274
19 406
20 1
20 5
20 8
20 14
20 18
20 34
20 36
20 38
20 40
20 45
20 49
20 56
20 63
21 17
21 18
21 28
21 41
21 47
21 49
21 60
21 61
21 73
21 78
21 79
21 90
23 11
23 17
23 20
23 22
23 29
23 44
23 47
25 5
25 8
25 12
25 16
26 7
26 9
26 10
26 17
26 23
26 25
26 27
26 28
26 33
26 35
26 36
26 45
26 48
26 52
26 54
26 63
26 170
26 175
26 179
27 5
27 11
28 8
28 12
28 15
30 25
30 38
30 39
30 55
30 59
30 60
30 66
31 1
31 2
31 8
32 6
32 14
32 17
32 19
32 22
32 28
32 31
32 34
32 39
32 60
32 63
32 67
32 77
32 126
32 135
32 152
32 154
32 167
32 168
32 171
32 176
32 177
32 179
32 181
32 188
32 192
32 198
32 199
32 202
32 207
32 215
32 345
33 1
33 9
33 21
33 22
33 24
33 27
33 31
33 35
33 37
34 106
34 115
34 116
34 122
34 123
34 156
34 175
34 178
34 181
35 10
36 1
36 2
36 3
37 3
37 5
38 1
38 2
38 3
38 5
38 36
38 43
38 45
38 50
38 56
38 60
38 61
38 67
39 3
39 5
39 19
39 26
39 42
39 55
39 57
40 4
40 6
40 24
40 27
40 28
40 32
40 37
40 148
40 150
40 160
40 164
40 168
40 174
41 7
41 10
41 13
41 15
41 19
41 38
41 49
41 52
41 63
41 64
41 69
42 1
42 12
43 23
43 31
43 36
43 38
43 167
43 176
43 180
43 184
43 186
43 198
43 201
43 202
43 206
43 235
43 245
43 246
43 252
43 253
43 262
43 263
43 265
43 266
43 269
43 273
43 359
43 365
43 374
43 379
43 380
43 381
43 385
44 6
44 7
44 14
44 20
44 22
44 24
44 35
44 39
44 41
44 42
44 44
44 45
44 50
44 59
44 60
44 64
44 79
44 85
44 88
44 90
44 114
45 1
45 7
45 13
45 18
45 25
45 42
48 28
48 31
48 32
48 36
48 39
48 62
48 68
48 73
49 3
49 4
49 12
50 2
50 4
50 15
52 2
52 3
52 6
52 22
52 25
52 26
52 30
52 40
52 43
52 45
52 184
52 188
52 193
52 199
52 211
52 219
52 220
52 227
52 229
52 230
52 232
52 234
52 246
54 36
54 41
54 48
54 53
54 62
54 64
54 72
56 57
56 60
56 68
56 69
56 73
58 2
58 11
58 22
58 24
58 26
58 27
59 52
60 16
60 30
60 33
61 8
61 21
61 26
61 28
61 33
61 41
61 47
61 58
61 60
61 168
61 171
61 179
61 183
61 203
61 207
61 215
61 223
61 225
61 227
61 229
61 232
61 235
61 250
61 260
61 266
61 267
61 268
61 270
61 318
61 334
61 352
61 361
61 363
61 368
61 371
61 463
61 476
61 485
61 486
61 494
61 504
61 505
61 508
61 510
61 511
61 512
61 518
61 522
61 529
61 552
62 3
62 9
62 11
62 12
62 16
62 48
62 49
62 56
62 61
62 63
62 69
62 77
62 78
62 79
62 82
62 99
62 103
62 105
62 107
62 116
62 117
62 123
62 130
62 133
62 198
62 203
62 212
65 2
65 5
65 6
65 14
65 19
65 21
65 22
65 23
65 30
65 39
66 9
66 14
66 26
66 35
66 38
66 39
66 50
66 53
66 55
66 56
66 65
66 71
66 79
66 82
66 86
66 96
66 101
66 105
67 1
67 6
67 12
67 14
67 21
67 22
68 134
68 146
68 149
68 250
68 251
68 254
68 266
68 267
68 270
68 275
68 285
68 289
68 291
68 292
68 294
68 300
68 325
68 337
68 347
68 348
68 355
68 356
68 358
68 360
68 364
68 366
68 375
68 379
68 380
68 384
68 386
68 391
68 398
68 400
68 402
68 417
68 419
68 421
68 422
68 423
68 425
68 499
68 505
68 512
68 522
68 531
68 533
68 537
68 539
69 4
69 6
69 7
69 8
69 16
69 23
69 25
69 29
69 42
70 20
70 27
70 33
70 37
70 48
70 54
70 55
70 71
70 72
70 79
70 80
70 94
70 160
70 162
70 164
70 178
70 180
70 182
70 195
70 201
70 202
70 206
70 210
70 215
70 345
70 348
70 364
70 371
70 382
70 386
70 388
70 390
70 418
70 442
70 443
71 2
71 5
71 16
71 19
71 21
71 26
72 1
73 124
73 262
73 264
73 265
73 266
73 275
73 276
73 282
73 285
73 291
73 293
73 295
73 301
73 302
73 304
73 310
73 311
73 314
73 322
73 324
73 333
74 2
74 7
75 85
76 2
77 3
77 9
77 16
77 17
77 31
77 33
77 40
77 54
77 100
77 108
77 118
77 123
77 140
77 142
77 148
77 172
77 174
77 177
77 179
77 182
77 184
77 186
77 189
77 195
77 198
77 222
77 227
77 233
77 234
77 236
77 241
77 245
78 11
78 18
78 19
78 24
78 25
78 31
78 35
78 37
78 41
78 84
78 85
79 9
79 10
79 14
79 16
79 20
79 22
79 26
79 28
79 51
79 55
79 59
79 60
79 70
79 77
79 78
79 81
79 83
79 86
79 93
79 95
79 100
79 106
79 108
79 109
79 110
79 121
79 124
79 127
79 129
79 134
79 143
79 150
79 157
79 158
79 162
79 175
79 177
79 179
79 186
79 191
79 193
79 195
79 215
79 246
79 249
80 1
80 8
80 18
80 22
80 23
80 32
80 43
80 45
80 52
80 53
80 70
80 71
80 80
80 89
80 101
80 233
80 235
80 238
80 244
80 255
80 262
80 279
80 292
80 299
81 5
81 6
81 18
81 22
81 27
81 30
81 47
81 51
81 57
81 58
81 62
81 74
81 75
81 76
82 7
82 59
82 66
82 71
82 81
83 54
85 44
85 51
86 13
87 8
87 17
88 8
88 10
88 22
88 25
88 28
88 34
88 36
88 47
88 55
88 66
88 67
88 70
88 74
88 84
89 2
90 5
90 6
90 9
90 18
90 20
91 5
91 11
91 12
91 26
92 1
92 3
93 1
93 7
93 8
93 11
93 13
93 16
93 17
93 18
93 20
93 34
93 42
93 49
93 55
93 63
93 71
93 72
93 80
93 95
93 98
93 107
93 115
93 121
93 124
93 128
93 143
93 145
93 148
93 152
93 156
93 158
93 169
93 170
94 3
94 15
94 16
94 19
94 23
94 107
94 113
94 115
94 116
94 129
94 131
94 138
94 141
94 145
94 148
94 159
94 164
94 167
94 176
94 178
95 5
95 81
