1 1
1 2
3 19
3 24
3 31
3 32
3 48
4 30
4 31
4 83
4 84
4 86
4 90
4 96
4 100
4 103
4 115
4 121
5 1
5 3
5 5
5 9
5 13
6 7
6 11
7 1
8 4
8 126
8 131
8 136
8 145
8 146
8 150
9 4
9 10
9 12
9 13
9 22
9 25
9 28
9 30
9 31
11 16
11 20
11 31
11 50
11 56
11 64
11 67
11 70
11 73
11 205
11 214
12 3
12 15
12 16
12 19
12 28
12 30
12 33
12 34
12 40
13 30
13 38
13 42
13 50
13 51
13 56
13 60
13 71
13 83
13 85
13 89
15 2
16 26
16 32
16 38
16 40
16 41
16 44
16 48
16 51
16 64
17 1
17 13
17 14
17 24
17 25
17 38
17 41
17 54
17 186
17 192
17 195
17 208
17 224
17 225
18 1
18 11
19 11
19 19
19 21
19 29
19 44
20 28
20 32
20 33
21 7
21 9
21 10
22 28
22 30
22 52
22 55
22 58
22 69
22 75
22 80
24 27
24 30
24 32
24 37
24 39
24 43
24 47
24 48
24 51
24 58
24 74
24 80
24 83
24 91
24 92
24 97
25 1
25 4
25 5
25 9
25 13
25 16
26 7
26 9
26 44
26 61
26 65
26 68
26 73
26 90
26 93
26 108
26 112
27 88
27 93
27 108
27 116
27 117
27 125
27 126
27 135
27 136
27 146
27 159
27 163
27 171
27 175
27 179
27 182
27 189
29 26
29 27
29 34
29 35
31 111
31 123
31 136
31 142
31 144
31 148
31 154
31 157
31 160
31 165
31 168
31 182
31 185
31 203
31 296
32 8
32 11
32 12
32 14
32 17
32 55
32 59
32 66
33 14
33 20
33 25
33 27
33 30
33 98
33 110
33 112
33 116
33 123
33 133
33 134
33 139
33 151
34 2
34 9
34 16
34 21
34 39
34 43
34 46
34 54
34 56
34 60
34 66
34 89
34 91
34 94
34 103
34 106
34 110
34 113
34 122
34 139
34 144
34 147
34 156
34 157
34 159
34 164
34 166
34 174
34 199
34 201
34 202
34 215
35 7
35 18
35 25
35 29
35 35
35 45
35 46
35 48
36 28
36 30
37 6
37 7
37 18
39 14
40 36
40 40
40 41
40 44
40 45
40 47
40 51
40 53
40 64
40 66
40 70
40 71
40 78
40 79
40 81
40 89
40 90
40 91
40 92
40 96
40 104
40 113
40 116
40 123
40 126
40 127
40 131
40 137
40 139
40 140
40 152
40 153
40 163
40 165
40 166
40 167
40 183
40 184
40 195
40 199
40 209
40 211
40 236
40 259
40 260
40 261
40 268
40 294
40 298
40 309
40 313
40 315
40 321
40 334
40 338
40 344
40 347
40 353
40 354
40 355
40 369
40 375
40 380
40 382
40 385
41 4
41 9
41 13
41 15
41 16
41 25
41 30
41 34
41 38
41 41
41 42
41 43
41 45
41 46
41 47
41 152
41 153
41 154
41 159
41 166
41 170
41 178
41 181
42 12
43 3
43 5
43 9
44 1
44 15
44 17
44 21
44 22
44 24
44 25
44 36
44 44
44 45
44 61
44 65
44 66
44 75
44 76
44 100
44 102
44 106
44 108
44 112
44 120
44 131
44 138
44 144
44 146
44 156
44 162
44 167
44 174
44 176
44 181
44 186
44 192
44 220
44 222
44 225
45 2
45 9
45 12
45 16
46 7
46 10
46 11
46 13
46 27
46 41
46 44
46 91
46 92
46 96
46 105
46 114
46 116
46 119
47 4
47 11
47 22
47 28
47 31
48 129
48 130
48 132
49 12
49 13
49 15
49 158
49 162
49 167
49 170
49 175
49 176
49 178
49 179
49 184
49 199
49 202
49 203
49 206
49 211
49 219
49 226
49 227
49 229
49 235
49 238
49 239
49 244
49 251
49 258
49 262
49 263
49 269
49 273
49 275
49 281
49 287
49 288
49 292
49 295
49 296
50 1
50 3
50 7
50 9
50 21
50 25
50 28
50 37
50 48
50 52
50 56
50 64
50 69
50 70
50 71
50 78
50 81
52 38
52 46
53 16
53 29
53 72
53 74
53 75
53 86
53 90
53 95
53 97
53 106
53 108
53 115
53 118
53 127
53 129
53 130
53 137
53 142
53 143
53 151
53 152
54 108
55 6
55 10
55 15
55 16
55 22
55 28
56 2
56 14
57 81
57 83
57 88
57 89
57 101
57 102
57 112
58 11
58 21
58 30
58 31
58 42
58 53
58 56
61 2
61 3
61 7
63 36
64 3
64 22
64 25
64 28
64 30
64 34
65 2
65 12
65 15
65 22
65 23
65 28
65 35
65 39
65 45
65 47
65 52
66 2
66 5
66 6
66 10
66 12
66 20
66 29
66 30
66 31
66 33
66 35
66 37
66 39
66 48
66 56
66 64
66 203
66 207
66 209
66 210
66 215
67 2
67 29
67 56
68 1
68 3
68 7
68 12
68 24
68 25
68 39
68 45
68 56
68 59
68 66
68 68
68 70
68 71
68 82
68 83
68 86
68 87
68 89
70 22
70 26
70 38
70 40
70 50
71 12
71 19
71 20
71 47
71 50
72 37
72 38
72 40
72 46
72 52
72 54
72 57
72 58
72 61
72 69
72 85
73 64
73 79
73 81
73 86
73 88
73 90
73 91
73 93
73 94
77 22
77 30
78 4
78 148
78 150
78 154
78 156
78 162
78 163
78 165
79 2
79 10
79 13
79 18
79 19
79 25
80 4
80 18
80 21
81 1
81 3
81 9
81 23
81 26
81 37
81 46
81 60
81 69
81 86
81 94
81 96
82 69
82 74
82 79
82 86
82 91
82 100
82 105
82 154
82 160
82 237
82 248
82 252
82 255
82 257
83 3
83 16
83 35
83 40
83 43
83 47
83 52
83 53
83 58
83 146
83 148
83 149
83 155
84 3
84 7
84 8
84 11
84 12
84 14
84 22
84 26
84 27
84 44
84 51
84 55
85 9
85 11
85 28
85 31
86 14
86 22
86 32
86 34
86 35
86 38
86 57
86 75
86 77
87 1
87 5
87 10
87 13
87 14
87 100
87 101
87 110
87 127
88 3
88 6
88 21
88 27
89 9
89 18
89 24
89 25
89 28
89 30
89 33
89 34
89 47
89 49
89 52
89 56
89 57
89 59
89 67
89 75
89 79
89 87
89 89
89 92
89 99
90 139
90 151
90 153
90 156
90 170
90 178
90 181
91 73
91 75
92 4
92 13
92 15
92 16
93 4
93 6
93 12
93 23
93 26
93 28
93 29
93 35
93 37
93 41
93 42
93 50
93 51
93 54
93 56
93 58
93 65
93 68
93 69
93 77
93 91
93 99
93 102
93 116
94 45
95 4
96 10
96 22
96 29
96 36
96 37
96 42
96 51
96 71
97 2
97 24
97 27
97 46
97 48
97 53
97 55
97 62
97 64
97 71
97 84
97 215
97 216
97 225
97 226
97 229
97 231
97 256
97 277
97 281
97 283
97 291
97 293
97 297
97 301
97 303
97 305
97 311
97 325
97 346
97 351
97 357
97 366
97 367
97 384
97 385
98 42
98 48
98 60
98 65
98 70
98 72
98 238
98 242
98 258
98 259
98 262
98 268
98 272
98 277
98 280
98 282
98 420
98 423
98 428
98 435
98 451
98 457
99 1
99 5
99 7
99 8
99 13
99 22
99 23
99 38
99 44
99 45
99 49
99 56
99 62
99 63
100 1
100 6
100 9
100 18
100 20
100 27
100 34
100 35
100 52
100 53
100 54
100 56
100 58
100 63
100 67
100 68
100 75
100 83
100 85
100 88
100 91
100 93
100 94
100 99
100 100
102 43
102 65
102 72
102 86
102 93
103 1
103 5
103 8
103 13
103 15
103 21
103 23
103 30
103 41
103 52
103 53
103 58
103 60
103 63
103 74
103 76
103 82
103 83
103 87
103 97
103 121
103 123
103 124
103 125
103 137
103 145
