1 2
2 1
2 6
2 13
2 14
2 23
2 28
2 34
2 41
2 44
3 82
3 84
3 86
3 97
3 104
3 120
3 121
3 125
3 127
3 130
3 148
3 151
3 155
3 156
3 159
3 171
3 180
3 181
3 196
3 198
3 202
3 204
3 206
3 215
3 221
3 226
3 229
3 237
3 241
3 245
3 262
3 266
3 268
3 269
3 280
3 295
3 298
3 303
3 309
3 313
3 316
3 317
4 5
4 18
4 23
4 65
4 68
4 69
4 77
4 85
4 107
4 109
4 128
4 129
4 130
4 135
4 138
4 139
4 140
5 7
5 9
5 10
5 20
7 1
7 8
7 10
7 14
7 15
7 65
7 72
7 74
9 44
9 62
9 71
9 72
9 74
9 78
9 82
9 87
9 90
9 91
10 19
10 30
12 24
12 26
12 27
12 30
12 31
12 34
12 44
12 47
12 53
12 59
12 60
12 62
12 66
12 68
12 75
12 101
12 112
12 115
12 120
12 122
12 124
12 128
12 132
12 134
12 142
14 3
14 5
14 12
14 24
14 33
14 34
14 38
14 43
14 46
14 51
14 57
15 2
15 9
15 11
15 13
15 18
15 27
15 29
15 41
15 44
15 45
15 46
15 52
16 29
16 38
16 39
16 40
16 45
16 63
16 64
16 73
16 79
16 87
16 88
16 93
16 94
16 96
16 97
16 99
16 100
16 111
18 17
18 18
18 23
18 25
18 30
18 36
18 37
18 39
18 44
18 52
18 59
18 60
18 74
18 87
18 88
18 92
18 96
20 23
20 32
20 37
21 91
21 95
22 2
22 10
22 20
22 23
22 27
22 28
22 32
22 33
22 34
22 44
22 48
22 50
22 58
22 60
22 67
22 68
22 74
22 76
22 78
22 80
22 84
22 87
22 89
22 94
22 102
22 119
22 121
22 135
22 137
22 140
22 145
22 146
22 155
22 164
22 212
22 218
22 219
22 223
22 251
23 1
23 2
23 9
23 13
24 1
24 8
24 18
24 31
24 32
24 35
24 41
24 63
24 68
24 72
24 76
24 77
24 79
24 84
24 85
24 88
24 100
24 106
24 108
24 111
24 115
24 120
24 122
24 123
24 135
24 136
24 146
24 161
24 162
24 166
24 177
24 188
25 30
26 1
26 5
26 10
26 11
28 51
29 14
29 20
29 31
29 39
29 41
29 48
29 49
29 57
29 71
29 74
29 79
29 80
29 85
30 4
30 16
30 17
30 18
30 19
30 21
30 26
30 36
30 39
30 45
30 46
30 52
30 55
30 68
30 71
30 72
30 73
30 76
31 2
31 12
31 13
31 24
31 28
31 29
31 35
31 45
31 46
31 54
31 74
31 75
31 76
31 80
31 83
31 85
31 87
31 89
31 91
31 94
31 95
31 100
31 101
31 105
31 106
31 107
35 9
35 22
36 14
36 19
36 28
36 42
36 51
36 65
37 72
37 87
37 88
38 54
38 57
38 59
38 81
38 97
38 98
38 103
38 119
38 124
38 126
38 133
38 142
38 148
38 150
38 160
38 168
38 175
38 182
38 190
38 196
38 197
38 224
38 227
38 231
38 235
38 236
38 237
38 240
38 242
38 270
38 285
38 286
38 287
38 324
39 75
39 83
39 85
39 92
39 100
39 105
39 110
39 113
39 114
39 117
39 122
39 129
39 134
40 8
40 10
40 13
40 32
40 36
40 47
40 54
40 62
40 63
40 68
40 71
40 72
40 82
40 84
40 93
40 96
40 101
40 105
40 109
40 113
40 114
40 115
40 125
41 3
41 8
41 9
41 10
41 13
41 17
41 25
41 29
41 33
41 48
41 51
41 55
41 56
41 64
41 65
41 67
41 83
41 94
41 96
46 6
46 17
46 18
46 21
47 52
47 54
47 56
47 58
47 65
47 68
47 71
47 74
47 83
48 58
48 60
48 62
48 63
48 65
48 67
48 72
49 1
49 6
49 10
49 14
49 16
49 26
49 29
49 30
49 40
49 46
49 57
49 58
49 63
49 65
50 6
50 7
50 11
50 16
50 23
50 24
50 27
50 28
50 29
50 33
50 36
50 40
51 1
51 10
51 17
51 37
51 43
51 45
51 72
51 80
51 81
51 88
51 102
51 103
51 104
51 106
53 14
53 19
53 20
53 25
53 38
53 39
53 44
53 50
54 2
54 5
55 8
56 2
56 3
56 8
56 9
56 16
56 96
56 105
56 111
56 149
56 150
56 151
56 154
56 156
56 172
56 175
56 176
56 322
56 339
56 343
56 346
56 347
56 350
56 351
56 358
56 362
56 379
58 47
58 61
60 43
60 51
60 59
60 61
60 67
61 2
61 6
61 11
64 7
64 15
64 19
64 31
64 36
64 40
64 41
64 42
64 47
64 49
64 52
64 55
64 88
64 170
64 173
65 37
65 45
65 54
65 77
65 80
65 88
65 92
65 96
65 108
65 110
65 115
65 118
65 125
65 128
65 133
65 135
66 42
66 50
66 51
66 54
66 59
66 60
66 67
66 73
66 76
66 77
66 85
66 114
66 120
66 124
66 132
66 136
66 143
66 148
66 160
66 167
66 170
66 174
66 176
66 204
66 205
66 214
66 215
66 216
66 240
66 242
66 247
67 138
67 140
67 141
67 150
67 152
67 156
67 160
67 180
67 185
67 186
67 194
67 206
67 208
67 211
67 215
67 222
67 252
67 263
67 266
67 269
67 275
67 289
67 292
67 295
67 297
67 299
67 307
67 308
67 309
68 6
68 13
68 14
68 15
68 20
68 39
68 43
68 45
68 46
68 51
68 53
68 64
68 70
68 204
68 209
68 214
68 232
68 238
69 4
69 10
69 11
69 25
69 26
69 41
69 63
69 67
69 78
69 80
70 23
70 25
70 26
70 31
70 35
70 38
70 40
70 50
70 56
71 4
71 5
71 11
71 20
71 23
71 26
71 47
71 60
71 63
71 64
71 65
71 66
71 71
71 73
71 75
71 80
71 88
71 99
72 9
72 22
73 2
73 3
73 10
73 12
73 17
73 21
73 22
73 25
73 26
73 28
73 30
73 31
73 37
73 43
73 49
73 52
73 57
73 87
73 89
73 94
73 97
73 99
73 101
74 5
74 6
74 15
74 16
74 20
75 4
75 13
75 35
75 63
75 64
75 68
75 70
75 79
75 86
75 88
75 90
75 92
75 97
75 101
76 5
76 6
76 7
76 8
76 24
76 31
76 38
76 44
76 45
76 51
76 68
76 71
76 93
76 97
76 99
76 104
76 107
76 108
76 134
76 140
76 147
76 156
76 170
76 172
76 184
76 200
76 207
76 214
76 215
76 219
76 232
76 238
76 245
76 247
76 259
76 260
76 261
76 268
76 269
76 273
76 275
76 280
76 283
76 290
76 291
76 302
76 304
76 309
76 330
76 336
76 344
76 350
76 366
76 368
76 384
76 409
76 416
76 418
76 419
76 431
76 437
76 445
76 461
77 5
77 7
77 12
77 16
77 20
77 24
77 31
77 35
77 39
77 48
80 1
80 4
80 124
80 128
81 7
81 13
81 17
81 20
81 27
81 37
81 42
82 4
82 7
82 11
82 13
82 14
82 21
82 29
82 30
82 34
82 38
82 45
82 73
82 77
82 80
82 92
82 107
82 109
82 126
83 15
83 20
83 23
83 27
83 31
84 2
84 6
84 75
84 77
84 93
84 94
84 99
84 109
84 112
84 114
84 118
84 119
84 120
84 121
84 133
84 138
84 139
84 141
84 155
84 156
84 158
84 161
86 14
87 1
87 2
87 5
87 18
92 4
92 7
92 18
92 19
92 20
92 21
92 28
92 36
92 37
96 53
96 54
96 57
96 78
96 82
96 83
96 84
96 91
96 97
96 107
96 116
96 117
96 123
96 142
96 143
96 144
96 159
96 288
96 289
96 307
96 308
96 311
96 312
96 316
96 332
96 365
96 367
96 383
96 387
96 388
96 389
96 395
96 400
96 404
96 406
96 408
96 412
96 414
96 417
96 441
96 442
97 15
97 17
97 18
97 19
97 22
97 25
97 28
97 34
98 63
98 84
98 92
98 95
98 96
98 101
98 106
98 112
98 119
98 123
98 124
98 128
98 136
98 153
98 167
98 168
98 188
98 197
