1 3
1 7
1 11
1 17
1 31
1 32
1 34
1 36
1 40
1 42
1 43
1 45
1 46
1 55
1 56
1 57
1 67
1 72
1 73
1 77
1 82
1 86
1 88
1 92
1 96
1 105
1 107
1 113
1 115
1 119
1 123
1 125
1 140
1 141
1 145
2 12
2 34
2 36
2 39
2 40
2 43
2 44
2 53
3 1
3 5
3 13
3 22
3 29
3 40
4 2
4 16
4 22
4 28
5 76
5 82
5 95
5 98
5 100
5 101
5 102
5 107
5 112
5 113
5 128
5 130
5 134
5 143
5 144
5 148
5 159
5 163
5 168
5 169
5 172
5 174
5 177
5 182
6 5
6 9
6 10
6 15
6 24
8 3
8 11
8 22
8 25
8 29
8 31
8 33
8 119
9 3
9 8
9 10
9 20
9 23
9 32
9 37
9 39
9 58
9 59
9 60
9 63
9 71
9 72
9 74
9 75
9 85
9 89
9 91
9 94
11 99
11 124
11 126
11 128
11 129
11 141
11 155
12 5
12 7
12 13
12 19
13 1
13 5
13 50
13 54
13 58
13 99
14 2
14 9
14 17
14 18
14 36
14 37
14 44
14 49
14 58
15 63
15 64
15 67
15 88
15 162
15 174
15 177
15 182
15 188
15 192
15 209
18 16
18 25
18 28
18 30
18 54
18 57
19 4
19 6
19 11
19 16
19 21
19 28
19 33
19 58
19 60
19 69
19 71
20 4
20 6
20 9
20 15
20 20
20 21
21 1
21 6
21 7
22 17
22 18
22 26
22 27
22 29
23 13
23 19
24 59
24 69
24 103
24 106
24 109
25 35
25 40
25 50
25 56
25 82
26 4
26 7
26 8
26 15
26 16
26 19
26 22
26 37
26 38
26 42
26 55
26 57
26 59
26 64
26 72
26 76
26 87
26 88
26 193
26 197
26 203
26 212
26 213
27 28
27 29
27 42
27 44
27 45
27 53
27 58
27 59
28 11
28 13
28 22
28 30
28 40
28 47
28 48
28 63
28 66
28 69
28 78
28 82
28 84
28 86
28 95
32 21
32 34
32 35
32 38
32 56
32 58
32 64
33 1
33 9
33 16
33 22
33 28
33 33
34 2
34 6
34 12
34 28
34 32
34 38
34 42
34 44
34 55
34 59
34 65
34 71
34 80
34 84
34 86
34 91
35 117
35 122
35 123
35 125
35 128
35 130
35 133
35 135
35 143
35 150
35 155
35 166
35 171
35 184
35 187
35 189
35 190
35 192
35 194
35 195
35 197
35 198
35 203
35 205
35 206
35 208
35 227
35 250
35 252
35 257
35 258
35 260
35 262
35 263
35 283
36 1
36 4
38 23
38 29
38 38
38 53
38 58
38 77
38 86
38 88
38 97
38 98
38 100
38 101
38 140
38 144
38 146
38 187
38 189
38 194
38 195
38 204
38 206
38 220
38 225
38 233
38 238
38 240
38 244
38 249
38 250
38 254
38 272
38 281
38 282
38 287
38 289
38 301
38 306
38 315
38 327
40 121
40 122
40 123
40 125
40 126
40 134
41 19
41 20
41 21
41 33
41 40
41 48
41 49
41 65
41 71
41 74
41 75
41 82
41 88
41 103
41 105
41 109
41 117
41 128
41 133
41 140
41 143
41 149
41 152
41 153
41 178
41 181
41 184
42 1
42 2
42 3
42 4
43 4
43 8
43 15
43 28
43 31
43 38
43 39
43 84
44 42
44 43
44 44
44 47
44 57
45 3
45 29
45 35
45 50
45 52
45 53
45 57
45 58
45 62
45 68
45 73
45 202
45 235
45 244
45 251
45 276
45 281
46 17
46 20
46 28
46 30
46 37
46 40
46 46
46 54
46 55
46 60
46 64
46 70
46 72
46 78
46 94
46 98
46 106
46 127
47 2
47 3
47 15
47 27
47 31
47 38
47 53
48 2
48 5
48 23
48 26
48 32
48 38
48 46
48 50
48 57
48 64
48 72
48 75
48 79
48 85
48 93
49 16
49 22
49 23
49 24
49 27
50 8
50 26
50 29
50 38
50 40
50 41
50 42
50 44
50 62
50 76
50 80
50 88
50 96
50 99
50 100
50 104
50 106
50 110
50 122
50 132
50 141
50 147
50 148
50 149
50 154
50 164
50 184
50 193
50 203
50 213
50 215
50 216
51 9
51 14
51 18
51 21
51 23
51 24
51 25
51 29
51 30
51 38
51 42
52 5
52 6
52 11
52 12
52 17
53 1
54 2
54 9
54 22
54 31
54 38
54 48
54 50
54 55
54 99
54 107
54 110
54 111
54 116
55 4
55 19
55 27
55 32
55 36
55 41
56 7
56 10
56 11
56 12
58 26
58 37
58 38
58 40
58 45
60 2
60 3
60 9
60 10
60 19
60 22
60 23
60 27
60 45
60 51
60 52
60 71
60 75
60 82
60 202
60 207
60 217
60 218
60 223
60 225
60 236
60 243
60 249
60 256
60 263
60 264
60 267
60 275
60 279
60 281
60 321
60 327
60 335
60 339
60 343
60 352
61 52
61 53
61 60
61 70
61 75
61 76
61 83
61 84
61 95
61 97
61 105
61 111
61 113
61 118
61 132
61 136
61 142
61 143
61 151
61 156
62 7
62 9
62 14
64 5
64 8
64 11
64 12
64 19
64 27
64 30
64 35
64 39
64 46
64 52
64 56
64 59
64 77
64 82
64 90
64 93
64 101
64 113
64 120
64 121
64 123
64 131
65 2
65 3
65 6
65 7
65 16
65 17
65 20
65 21
65 24
65 43
65 48
65 50
65 53
65 55
65 56
65 63
66 44
66 45
66 48
66 49
66 51
66 55
66 56
66 78
71 18
71 21
71 27
71 31
71 43
71 51
71 58
71 63
71 64
71 68
71 71
71 73
71 181
72 13
72 20
72 25
72 34
72 36
72 43
72 50
73 4
73 8
73 13
73 26
73 35
73 47
73 52
73 53
73 55
73 56
73 58
73 59
73 60
74 8
74 12
74 24
74 27
74 37
74 39
74 49
74 53
74 54
74 68
74 190
74 195
74 203
75 3
75 111
75 112
75 113
75 132
75 134
75 135
75 136
75 140
75 147
75 150
75 152
75 153
75 158
75 166
75 168
75 175
75 184
75 185
75 189
75 194
75 196
75 197
75 198
75 209
75 211
76 3
76 5
76 8
76 10
76 17
76 25
76 29
76 33
76 35
76 38
76 50
76 51
77 10
77 20
77 50
77 62
80 23
80 24
80 39
80 71
80 79
80 85
80 103
80 109
80 111
80 112
80 115
80 120
80 133
80 139
81 1
81 7
81 10
81 13
82 1
82 4
82 5
82 17
82 23
82 26
82 47
82 63
82 69
82 76
82 78
82 83
82 88
82 96
82 104
82 171
82 177
82 287
82 290
82 294
82 302
82 310
82 311
82 325
82 326
82 328
82 329
82 344
82 348
82 352
82 361
82 362
82 368
82 372
82 381
82 398
82 404
83 2
83 8
83 21
83 23
84 14
85 3
85 4
85 7
85 10
85 16
85 20
85 21
85 25
85 44
85 46
86 5
86 10
86 14
86 15
86 16
86 18
86 19
86 21
86 25
86 29
86 30
86 36
86 37
86 51
86 54
86 87
86 90
86 93
86 97
86 106
86 124
86 127
87 10
87 33
87 35
87 36
87 39
88 13
88 26
88 27
88 28
88 31
90 40
90 42
90 51
90 57
90 60
90 79
90 94
90 96
90 101
90 104
90 108
91 46
91 51
91 62
91 90
91 93
91 99
91 101
91 103
91 109
91 111
91 122
91 213
91 225
91 226
91 230
91 239
91 240
91 249
91 256
91 263
91 270
91 272
91 279
91 280
91 283
91 285
91 290
91 299
91 304
92 1
92 6
92 10
92 16
92 26
92 28
92 37
92 39
92 57
92 60
92 75
92 76
92 77
92 87
92 100
92 105
92 109
92 110
92 112
92 115
92 245
92 262
93 12
93 13
93 17
93 28
93 29
93 34
93 38
93 39
93 41
93 50
93 52
93 65
93 67
93 68
93 72
93 73
93 82
93 92
93 103
93 104
93 160
93 161
93 162
93 171
93 185
93 193
93 195
93 198
93 203
93 209
93 229
93 236
93 241
93 248
93 256
93 261
93 269
93 282
93 288
95 32
95 39
96 3
96 11
96 18
96 19
96 29
96 30
96 38
96 40
97 3
97 5
97 19
97 21
97 47
97 49
97 119
97 126
97 146
99 1
99 14
99 21
100 1
100 3
100 6
100 10
100 11
100 15
100 23
100 37
100 39
101 3
101 4
101 5
101 15
101 25
102 72
102 73
102 123
102 127
102 133
102 135
102 137
102 138
102 145
102 154
102 166
102 167
102 190
