1 9
1 10
1 13
1 14
1 20
1 23
1 44
1 45
1 56
2 2
2 7
2 15
2 54
2 64
2 68
2 72
2 73
2 76
2 97
2 100
2 107
2 115
2 116
2 120
2 130
2 133
2 137
2 138
2 149
2 150
2 165
2 166
2 173
2 175
2 187
2 197
2 198
2 204
2 219
2 222
2 227
2 230
2 233
2 236
2 242
3 2
3 6
3 20
3 38
3 49
3 51
3 55
3 66
3 77
3 80
3 90
3 98
3 111
3 113
3 119
3 120
3 144
4 49
5 4
5 5
5 11
5 17
5 37
5 42
5 50
5 51
5 56
5 57
6 19
6 23
6 24
6 28
6 30
6 32
6 49
6 51
6 54
6 57
6 59
8 29
8 39
9 2
10 9
10 16
10 21
10 23
10 30
10 31
10 48
10 62
10 63
10 151
10 164
10 170
10 172
10 175
11 47
11 50
12 47
12 58
12 65
12 67
12 69
12 75
12 77
12 85
12 90
13 3
13 16
13 21
14 112
14 116
14 120
14 127
14 130
14 131
14 133
14 135
14 137
14 140
14 143
14 150
14 162
14 171
14 172
14 175
14 177
14 186
14 200
14 202
14 210
14 224
14 243
14 245
14 249
14 273
14 277
14 278
14 282
14 285
14 293
14 294
14 299
14 300
15 1
15 3
15 4
15 17
15 20
15 22
15 26
16 2
16 14
16 21
16 22
16 73
16 83
16 113
17 4
17 19
17 20
17 24
17 28
17 31
17 34
17 36
17 39
17 40
19 82
19 106
19 107
19 112
19 128
19 129
19 146
19 150
19 181
19 182
19 195
19 199
19 210
19 215
19 217
19 224
19 226
19 233
19 237
19 242
19 243
20 16
20 19
20 27
20 32
20 35
20 37
20 41
23 20
23 31
23 32
23 54
23 61
23 62
23 70
23 72
23 77
23 81
23 82
23 83
23 90
23 101
23 106
23 117
23 122
23 128
23 144
23 156
23 164
23 168
23 185
23 208
23 262
23 265
24 29
24 40
24 41
24 61
24 66
24 67
24 69
24 70
24 75
24 76
24 80
24 82
24 96
24 103
24 108
24 109
25 41
25 43
25 44
26 15
26 19
26 23
26 31
26 44
26 50
26 53
27 33
27 37
27 44
27 58
27 67
27 68
30 7
31 3
31 10
31 11
31 38
31 39
31 41
31 43
31 51
31 60
31 61
31 65
31 66
31 69
31 70
31 71
31 76
31 82
31 83
32 13
32 17
32 18
32 22
32 24
32 27
32 29
32 35
32 87
32 92
32 95
32 99
32 104
32 111
32 124
32 129
32 131
32 135
32 144
32 152
32 161
32 167
33 9
34 2
34 8
34 20
34 31
34 33
34 38
34 39
34 43
34 45
34 46
34 61
35 5
35 13
35 26
35 34
35 39
35 64
35 73
35 80
35 84
35 90
35 95
35 96
35 97
35 105
35 113
35 117
35 124
35 128
35 137
35 143
35 144
35 145
36 5
36 19
36 20
36 24
36 58
36 59
36 67
36 88
36 108
36 112
36 117
36 118
36 119
36 125
36 127
36 130
38 6
38 18
38 23
38 26
38 38
38 53
38 56
38 62
38 68
38 75
38 84
38 85
38 86
38 90
38 91
38 96
38 105
38 107
38 109
38 111
38 124
39 4
40 5
41 28
41 33
42 2
42 5
42 12
42 13
42 34
43 3
43 4
43 16
43 18
43 26
44 6
44 10
44 41
45 9
45 18
45 20
45 41
45 44
45 51
47 18
47 19
47 26
47 39
47 42
47 52
47 61
47 62
47 69
47 78
47 87
47 93
47 94
47 99
47 103
47 111
47 112
47 114
47 117
48 2
48 4
48 7
49 2
49 9
49 21
49 25
49 31
49 33
49 37
49 45
49 50
49 54
49 55
49 60
49 63
49 71
49 74
50 41
50 42
51 5
51 6
51 9
51 22
51 24
51 28
51 30
51 48
51 50
51 52
51 100
51 107
52 4
52 18
52 28
52 82
52 83
52 84
52 88
52 90
52 92
52 94
52 101
52 102
52 107
52 120
52 129
52 135
52 139
52 151
52 153
52 156
52 159
52 160
52 174
52 175
52 185
52 201
52 210
52 213
52 214
52 228
52 232
52 235
52 365
52 369
52 372
52 377
52 383
52 391
52 393
52 399
52 405
53 34
53 44
53 53
53 59
53 60
53 65
53 75
54 3
54 9
54 22
54 25
54 27
54 29
54 38
54 44
54 45
54 46
54 51
58 8
58 13
58 16
60 17
60 19
61 63
61 80
61 90
61 95
61 97
61 102
61 110
61 114
61 128
61 149
61 159
61 164
61 165
61 179
61 181
61 189
61 215
61 310
61 312
61 315
61 317
61 321
61 326
61 350
61 361
61 366
61 374
61 381
65 67
65 70
65 72
65 85
65 87
65 92
65 93
65 100
65 102
65 104
65 111
65 118
65 120
65 121
65 126
66 29
66 44
66 50
66 55
66 74
66 85
66 92
66 96
66 99
66 114
66 116
66 117
66 119
66 122
66 127
66 130
66 131
66 136
66 142
66 147
66 154
66 156
66 157
66 164
66 167
66 170
66 176
66 182
66 312
66 319
66 321
66 322
66 324
66 328
66 365
66 370
66 373
66 374
66 380
66 388
66 390
66 404
66 428
66 433
66 441
66 455
67 7
67 14
67 21
67 26
67 102
67 104
67 108
67 111
67 119
67 121
67 122
67 260
67 284
67 286
67 288
67 289
67 290
67 303
67 304
67 305
67 314
67 319
67 323
67 333
67 338
67 351
67 357
67 358
67 363
67 379
67 387
67 390
67 392
67 394
67 402
67 406
67 407
67 418
67 421
67 425
67 426
68 2
68 32
68 42
68 43
68 51
68 71
68 74
68 88
68 94
68 95
69 15
69 21
69 22
70 1
70 5
70 9
70 10
70 12
70 17
70 32
70 35
70 42
70 46
70 51
70 55
70 59
70 61
70 65
70 72
70 79
70 82
70 84
70 92
70 97
70 99
70 109
71 6
71 51
71 57
71 135
72 1
72 17
72 25
72 29
72 40
72 47
73 1
73 5
74 16
74 31
74 32
74 40
74 42
74 43
74 59
74 69
74 70
74 74
74 81
74 92
74 103
74 105
74 106
74 108
74 109
74 113
75 3
75 11
75 12
75 15
75 27
75 34
75 51
76 1
76 4
76 6
76 10
76 13
76 15
76 18
76 28
76 29
76 35
76 40
76 48
76 50
76 53
76 55
76 64
76 67
76 68
76 76
76 82
76 84
76 92
76 101
76 107
77 82
77 110
77 112
77 115
77 122
77 124
77 128
77 132
79 9
79 21
79 111
79 115
79 116
79 122
79 131
79 137
79 139
79 142
79 143
79 150
79 151
79 159
79 167
79 170
79 171
80 1
80 3
80 6
80 20
80 23
80 28
80 146
80 147
82 33
82 36
82 39
82 40
82 44
82 45
82 47
82 52
82 54
82 63
82 66
82 79
82 84
82 85
82 93
82 99
82 102
82 104
82 108
82 116
82 123
82 129
82 132
82 141
82 161
82 164
82 167
82 172
82 176
82 179
82 186
82 189
82 192
82 198
82 203
82 234
82 240
82 245
82 256
82 277
83 1
83 2
83 9
83 23
83 26
83 28
83 30
84 18
84 20
84 76
84 80
84 91
84 93
84 98
84 111
84 135
84 136
84 139
84 153
84 183
84 186
84 195
84 201
84 202
84 207
84 209
84 210
84 217
84 222
84 228
84 230
84 233
84 236
84 241
84 251
84 254
84 263
84 265
84 281
84 289
84 290
84 299
84 305
84 321
84 329
84 330
84 334
84 338
85 2
85 4
85 14
85 15
85 25
85 54
85 55
85 60
85 64
85 80
85 93
85 97
86 5
86 12
86 13
87 31
87 47
87 51
87 59
87 62
87 64
87 74
87 77
87 80
87 89
87 92
87 97
87 100
87 107
87 115
87 116
87 119
88 1
88 9
88 12
88 13
