1 7
1 9
1 11
1 23
1 26
1 31
1 34
1 36
1 40
1 46
1 54
1 56
1 60
1 63
1 64
1 66
1 76
1 77
2 13
2 16
2 18
2 19
2 21
2 35
4 9
4 11
4 12
4 18
4 24
4 28
4 31
4 60
4 62
4 67
4 69
4 73
4 75
4 77
4 80
4 81
4 83
4 87
4 88
4 90
4 92
4 96
4 100
4 103
4 104
4 118
4 119
4 122
4 125
4 137
4 145
4 158
4 192
4 212
5 4
5 5
5 21
5 26
5 28
6 12
6 16
7 3
8 2
8 3
8 12
8 26
8 33
8 37
8 38
8 57
8 59
8 66
9 5
9 6
9 9
9 17
9 36
11 1
11 3
11 5
11 7
11 10
11 29
11 31
11 35
11 39
11 50
11 101
11 103
11 109
11 128
12 1
12 5
12 11
12 13
12 26
12 34
12 39
12 41
12 42
12 57
12 61
12 62
12 68
12 73
12 81
12 88
12 95
12 97
12 101
12 105
12 109
12 113
12 140
13 5
13 8
13 10
13 27
13 29
13 32
13 41
14 8
14 16
14 19
14 33
14 35
15 2
15 11
15 17
15 19
15 20
15 28
15 37
15 42
15 56
15 65
15 79
15 80
15 83
15 84
15 87
15 89
15 91
15 92
15 96
15 105
15 115
15 122
15 132
15 134
15 137
15 142
15 149
15 150
15 153
15 157
15 166
15 170
15 171
15 172
15 185
15 199
15 203
15 224
15 226
15 227
15 233
15 238
15 239
16 1
16 2
16 8
16 16
16 17
16 25
16 26
16 30
16 31
16 38
16 45
16 59
16 62
16 65
16 79
16 80
16 81
18 29
18 33
18 34
18 37
18 40
18 41
18 47
18 55
18 62
18 65
18 69
18 79
18 87
18 104
18 112
18 114
18 119
18 126
18 131
19 1
19 4
19 5
19 16
19 21
19 29
19 67
19 88
19 219
19 221
19 224
19 225
19 228
19 236
20 2
20 7
20 12
20 13
20 19
20 23
20 36
20 37
20 40
20 42
20 48
20 59
20 62
20 69
20 70
20 73
20 74
20 79
20 84
20 85
20 86
20 108
20 110
20 126
20 132
20 136
20 142
20 146
20 147
20 166
20 168
20 169
20 171
20 173
20 179
20 193
20 199
20 205
20 209
20 216
20 220
21 3
21 6
21 11
21 14
21 18
21 19
21 21
21 26
21 28
21 36
21 39
21 41
21 45
21 47
21 48
22 3
22 6
22 9
22 10
22 24
22 26
22 27
23 4
23 13
23 15
23 27
23 30
24 1
24 10
24 14
24 35
24 36
24 47
24 54
25 15
26 61
26 66
26 69
26 70
26 77
26 79
26 83
26 84
26 87
26 89
26 92
26 93
26 105
26 109
26 132
26 136
26 141
26 160
26 168
26 180
26 181
26 185
26 190
26 191
26 219
26 231
26 233
26 240
26 243
26 246
26 247
26 251
26 257
27 26
27 32
27 33
27 36
27 50
27 51
27 53
27 54
27 55
27 62
27 66
27 73
27 88
27 98
27 100
27 107
27 111
27 124
27 129
29 7
29 8
29 12
29 15
29 25
29 26
29 28
29 32
29 38
29 39
29 45
29 61
29 65
29 67
29 72
29 73
29 90
29 94
29 96
29 110
29 113
29 116
29 120
29 129
30 10
30 16
30 20
30 22
30 26
30 28
30 29
30 32
30 37
30 41
31 5
33 16
33 18
33 28
33 37
33 59
33 60
33 66
33 69
33 70
33 75
33 77
33 79
33 83
34 8
34 9
34 13
34 29
34 31
34 37
34 39
35 1
35 13
35 15
35 23
35 31
35 32
35 34
35 48
35 67
35 69
35 72
35 74
35 77
35 80
35 83
35 93
35 98
35 112
36 2
36 6
36 11
36 16
37 27
37 30
37 47
37 49
38 4
38 13
38 19
38 34
38 35
38 43
38 44
38 48
38 54
38 67
38 69
38 87
38 88
38 101
38 102
38 110
38 113
39 3
39 6
39 11
40 5
40 13
40 20
40 30
40 32
40 35
40 36
40 44
40 51
40 57
40 58
41 1
41 10
41 16
41 17
41 29
41 43
42 1
42 4
43 1
44 5
45 61
46 4
46 8
47 1
47 4
47 8
47 9
47 19
47 29
47 34
47 47
47 48
47 50
48 10
48 11
48 18
48 33
48 34
48 35
48 36
48 37
48 43
48 44
48 45
48 67
48 76
48 79
48 88
48 90
48 92
48 97
48 105
48 107
48 108
48 123
48 125
48 132
48 141
48 155
48 157
48 167
48 169
48 171
48 173
49 42
49 43
49 44
49 58
49 60
49 63
49 72
49 75
49 88
49 92
49 98
49 101
49 126
49 129
49 132
49 145
49 150
49 152
49 153
49 160
49 162
49 165
49 177
49 178
49 184
49 185
49 188
49 199
49 241
49 248
49 254
49 255
49 259
49 263
49 279
49 280
50 55
51 1
51 12
51 13
51 19
51 28
51 30
51 33
51 37
51 39
51 40
51 41
51 52
51 53
51 55
53 35
53 41
53 46
53 49
53 68
54 2
54 6
54 16
54 17
54 18
55 17
55 20
55 23
56 10
56 17
57 7
57 8
57 12
57 27
57 38
57 39
57 41
57 65
57 66
57 67
57 69
57 83
57 88
57 94
57 101
57 106
57 111
57 114
57 118
57 129
58 11
58 18
58 44
58 48
58 54
58 124
58 125
58 130
58 134
58 142
58 143
58 144
58 150
58 166
58 168
58 171
58 172
62 52
62 64
62 67
62 72
62 73
62 78
62 81
62 82
62 86
62 87
62 94
62 104
62 106
62 111
63 7
63 10
63 14
63 19
63 20
63 21
63 93
63 99
63 113
63 116
63 122
63 126
63 129
63 132
64 8
64 16
64 19
65 12
65 18
65 21
65 23
65 27
65 30
66 1
66 5
66 10
66 16
66 22
66 29
66 30
67 25
67 40
67 44
67 47
67 68
67 70
68 3
68 36
68 38
68 42
68 55
68 57
68 58
68 63
68 68
68 85
68 91
68 93
68 97
68 100
68 102
68 112
68 114
68 123
68 124
68 128
68 131
69 5
69 8
69 9
71 11
71 14
72 33
72 39
72 43
72 44
72 48
72 58
72 60
72 64
72 72
72 77
72 89
72 90
72 92
72 93
72 96
72 107
72 111
72 116
72 123
72 131
72 138
72 142
72 150
72 151
72 154
73 2
73 12
73 25
73 35
73 49
73 53
73 55
73 60
75 80
75 81
75 90
75 91
75 95
75 97
75 113
75 121
76 7
76 10
76 11
76 22
76 28
76 39
76 40
76 45
76 51
76 61
76 67
76 85
76 97
76 102
76 107
76 115
76 123
76 125
76 127
76 135
76 140
76 145
77 10
77 15
77 16
77 20
77 44
77 61
78 1
78 4
78 12
78 13
79 77
81 3
81 5
81 14
81 95
81 103
81 107
81 112
81 115
81 121
81 123
81 141
81 146
81 148
81 163
81 164
81 175
81 180
81 187
82 7
82 12
82 17
82 18
82 21
82 22
82 23
82 25
82 30
82 38
82 49
82 55
82 57
82 59
82 65
82 66
83 3
84 68
84 69
84 76
84 88
84 97
84 110
84 121
84 126
84 139
84 144
84 146
84 152
84 153
84 158
85 3
85 4
85 6
86 1
86 6
86 7
86 17
86 25
86 30
86 31
86 48
86 56
86 63
86 64
86 65
86 69
86 80
86 84
86 85
86 89
86 95
86 96
86 97
86 106
86 107
86 111
88 7
88 15
88 21
88 23
88 25
88 34
88 54
88 63
88 66
88 83
88 84
89 1
89 9
89 10
89 17
89 23
90 1
91 37
91 39
91 46
91 57
91 58
91 68
91 69
91 72
91 75
91 77
91 79
91 88
91 89
92 4
96 53
96 59
96 61
96 68
96 76
96 83
96 99
96 106
96 139
97 2
97 6
97 7
97 9
97 14
97 19
97 22
97 27
97 32
97 43
97 50
97 64
97 75
97 85
97 86
97 89
97 90
97 93
97 94
99 49
99 55
99 56
99 63
99 84
99 85
99 100
99 112
99 117
100 11
100 12
100 13
100 25
100 28
100 37
100 38
100 54
100 79
100 82
100 84
100 98
100 107
101 6
101 9
101 18
101 22
101 41
101 42
101 45
101 48
101 51
101 54
101 69
101 78
102 7
105 14
105 22
105 25
105 40
105 49
105 60
105 71
105 100
105 108
105 109
105 111
105 124
105 130
105 132
105 139
105 140
105 143
105 146
105 149
105 150
105 158
105 163
105 168
105 176
105 183
105 187
105 200
105 203
105 211
105 218
106 5
106 9
106 27
106 29
106 33
106 46
106 51
106 52
106 53
106 57
106 62
107 10
108 23
108 40
108 64
108 65
108 72
108 73
108 111
109 3
109 15
109 20
109 25
109 26
109 27
109 43
109 49
109 55
109 57
109 59
109 63
109 69
109 78
109 88
111 2
111 9
111 13
111 22
111 24
111 27
111 35
111 38
111 48
111 50
111 51
111 60
111 67
111 75
111 77
111 80
111 82
111 95
111 96
111 99
111 108
111 118
115 33
115 36
115 37
115 44
115 45
115 50
115 51
115 55
115 62
115 64
115 68
115 73
115 78
115 85
116 17
116 22
116 26
116 27
116 31
116 34
116 38
116 116
116 123
116 124
116 134
116 135
116 138
116 265
117 1
117 22
118 16
