1 6
1 9
1 18
1 42
1 75
1 79
1 89
1 109
1 112
1 116
1 117
1 134
1 137
1 140
1 142
1 149
1 157
1 162
1 165
1 166
1 170
1 177
1 186
3 29
3 72
3 75
3 88
3 92
3 98
3 100
3 102
3 103
3 107
3 123
3 125
4 1
4 2
5 2
5 28
5 79
5 86
5 98
5 104
5 108
5 112
5 114
5 120
5 126
5 133
5 142
5 146
5 150
5 159
5 160
5 165
5 167
5 172
5 177
5 190
5 193
5 194
5 212
5 218
5 231
5 235
5 236
5 237
6 14
6 21
7 28
7 36
9 8
9 9
9 10
9 14
9 23
9 35
10 9
10 32
10 44
10 46
10 58
10 60
11 6
11 7
11 13
11 19
11 30
11 33
11 53
11 57
11 62
11 71
11 74
11 78
11 80
11 81
11 119
12 5
12 6
13 7
13 8
13 11
15 47
15 52
15 54
15 63
16 5
16 8
16 10
16 11
16 27
16 29
16 43
16 50
16 59
16 60
16 74
16 78
16 79
16 90
16 92
16 103
18 20
18 36
18 46
18 47
18 56
18 58
18 66
18 67
19 1
19 13
19 19
19 25
19 37
19 47
19 52
20 5
20 12
20 16
20 17
20 36
20 39
20 41
20 43
20 44
20 45
20 64
21 10
21 18
21 42
21 44
21 54
21 55
21 61
21 65
21 81
21 84
21 85
21 87
21 88
21 90
21 102
23 21
23 23
23 25
23 29
23 38
24 6
24 14
24 15
24 16
24 28
24 31
24 40
24 41
24 51
24 58
24 72
24 75
24 76
24 78
25 7
25 24
25 29
25 30
25 34
25 35
25 64
25 68
25 73
25 76
25 79
25 87
25 91
25 95
25 103
25 106
25 116
26 5
26 12
28 55
28 56
28 74
28 77
28 88
28 90
28 94
28 107
28 119
28 122
28 126
28 127
28 136
28 141
28 142
28 146
28 147
28 153
28 156
28 168
28 171
28 175
28 176
28 177
29 18
29 20
29 21
29 23
29 30
29 34
29 35
29 36
30 1
30 3
30 8
30 9
30 12
30 16
30 18
30 23
30 26
30 28
30 30
30 35
30 47
30 52
30 55
31 2
31 3
31 10
31 11
31 26
31 30
31 32
31 38
31 44
31 45
31 46
31 48
31 60
31 66
31 71
31 93
31 101
31 104
31 109
31 123
32 2
32 11
32 15
32 20
32 22
32 29
32 33
32 36
32 38
32 42
32 48
32 60
32 67
32 86
32 99
32 102
32 103
32 117
32 120
32 122
32 125
32 132
32 137
32 156
32 161
32 162
32 168
32 173
32 254
32 259
32 260
32 264
32 286
32 289
32 292
32 299
32 300
32 303
32 305
32 323
32 329
32 330
32 465
32 466
32 469
32 476
32 480
32 489
32 491
32 493
32 494
32 496
32 512
32 513
32 517
32 527
32 529
34 34
36 27
36 30
36 32
36 34
36 38
36 39
36 48
36 51
36 57
37 1
37 14
37 21
37 27
37 32
38 1
38 9
38 10
40 93
40 102
40 108
40 114
40 115
40 120
40 128
40 129
40 130
40 148
40 151
40 156
40 161
40 169
40 171
40 173
40 180
40 184
40 188
40 196
40 197
40 205
40 211
40 305
40 311
40 312
40 315
40 321
40 326
40 331
40 333
40 334
40 352
40 366
40 381
40 390
40 487
40 488
40 491
41 2
41 8
41 9
41 16
41 19
41 20
41 24
41 43
42 12
42 15
42 23
42 27
42 33
42 35
42 36
42 40
42 45
42 146
42 155
42 161
42 162
42 163
42 168
42 170
42 173
42 174
42 185
42 205
42 208
42 210
42 212
42 214
42 215
42 219
42 221
42 231
43 1
43 7
43 10
43 15
43 30
43 32
43 49
43 50
43 72
43 173
43 178
44 7
44 17
44 31
44 41
44 44
44 45
44 47
44 49
44 56
44 81
44 85
44 90
44 117
44 125
44 127
44 128
44 139
44 144
44 148
45 10
45 15
45 16
45 18
45 19
45 22
45 26
45 34
45 39
45 56
45 141
45 154
45 167
45 171
45 174
45 176
45 179
45 183
46 66
46 67
46 68
46 72
46 88
46 97
46 112
46 118
46 126
46 129
46 133
46 141
46 147
46 150
46 157
46 176
46 188
46 190
46 195
46 196
46 198
47 4
48 23
48 31
48 47
49 7
49 18
49 19
49 22
49 31
49 32
50 42
51 14
51 15
51 18
51 23
51 33
52 10
53 12
53 14
53 19
53 20
53 25
53 35
53 36
53 43
53 53
53 55
53 56
53 60
53 64
53 73
53 79
53 84
53 86
53 100
53 102
53 109
53 116
53 124
53 125
53 126
53 140
53 151
53 159
53 167
53 168
53 169
53 176
53 177
54 10
54 19
54 20
54 22
54 35
54 39
54 47
54 48
54 49
54 60
54 63
54 65
54 67
54 77
54 78
54 79
54 88
54 117
54 121
54 123
54 131
54 135
54 138
54 140
54 146
54 152
54 166
54 172
55 8
55 9
55 18
55 19
55 32
56 12
56 25
56 26
56 28
56 37
56 43
56 52
56 53
56 87
56 94
56 97
56 98
57 5
57 18
57 25
57 28
57 32
57 48
57 49
57 56
57 62
57 68
58 14
60 28
62 101
62 105
62 108
62 120
62 126
62 127
63 9
63 10
63 16
63 19
63 22
63 27
63 30
63 31
63 35
63 42
63 46
63 48
63 55
63 56
63 58
63 61
63 67
63 69
63 70
63 71
63 79
63 82
63 89
63 99
68 3
68 5
68 9
68 10
68 13
68 19
68 29
68 41
68 45
68 50
68 52
68 54
68 66
68 72
68 76
68 81
68 86
68 102
69 1
69 8
72 6
72 8
72 9
72 13
72 15
72 27
73 5
73 18
73 21
73 23
73 34
73 43
75 1
75 2
75 4
75 7
75 21
75 28
75 34
75 35
75 39
75 40
75 46
75 52
75 56
75 64
75 73
75 84
75 85
75 89
75 92
75 93
75 95
75 99
75 100
75 120
75 122
76 21
76 42
76 46
76 51
76 53
76 54
76 59
76 61
76 68
76 70
77 7
77 14
77 16
77 23
77 32
77 41
77 44
77 45
77 54
77 59
77 60
77 72
77 78
77 80
77 85
77 87
77 96
77 99
77 129
77 144
77 146
77 147
77 150
77 158
77 164
77 166
77 168
77 246
77 251
77 255
77 258
77 266
77 267
77 284
77 345
77 346
77 347
77 349
77 354
77 364
77 393
77 396
77 400
77 402
77 404
77 419
77 420
77 506
77 507
77 508
77 511
77 518
77 530
77 535
77 540
77 548
78 16
78 149
79 2
79 7
79 8
79 12
79 19
79 34
79 45
79 47
79 52
79 64
79 65
79 81
79 87
79 89
79 97
79 99
79 107
79 113
79 122
79 132
79 143
79 145
79 148
79 151
79 152
79 158
79 159
79 167
79 175
79 178
79 190
80 9
80 10
80 12
80 14
80 15
80 16
80 19
80 29
80 33
80 37
80 41
80 44
80 45
81 4
81 5
81 18
81 25
81 28
81 29
81 36
81 38
81 46
81 52
81 75
81 78
81 84
81 85
81 113
81 131
81 133
82 13
82 16
82 51
82 61
82 64
82 71
83 1
83 13
83 16
83 21
83 31
83 39
83 43
83 52
83 60
83 75
84 11
84 16
84 18
84 19
84 21
84 24
84 31
84 43
84 46
84 49
84 62
84 65
84 67
84 72
84 75
84 77
84 82
84 89
85 5
85 17
85 29
85 37
85 107
85 124
85 131
85 138
85 141
85 148
85 151
85 152
85 158
85 161
86 2
86 3
86 9
86 21
86 31
86 32
86 45
86 50
86 57
86 75
86 76
86 80
86 83
86 86
86 88
86 91
86 92
86 97
86 98
86 123
86 129
86 135
86 141
86 158
86 160
86 161
86 164
86 170
87 19
87 20
87 28
87 31
88 1
88 16
88 21
88 23
88 27
88 32
88 33
88 35
88 36
88 37
88 38
88 48
89 6
89 19
89 24
89 74
89 83
90 9
90 18
90 19
92 19
92 25
92 31
92 32
92 37
92 40
92 43
92 44
92 45
92 49
92 52
93 78
93 91
93 94
93 101
93 109
93 115
93 117
93 120
93 121
94 1
94 4
94 11
94 13
94 15
94 18
94 21
