1 2
1 5
1 11
1 14
1 16
1 19
1 155
1 197
1 198
1 199
1 200
1 201
1 202
1 204
1 215
1 220
1 229
1 232
2 2
2 11
2 30
4 2
4 5
4 14
4 18
4 24
4 30
4 34
4 35
4 37
4 41
4 49
4 51
4 57
4 60
4 106
4 114
4 115
4 122
4 153
4 154
4 158
4 172
4 176
6 17
6 31
7 7
7 13
7 112
7 119
7 125
7 137
7 146
7 154
7 157
7 158
7 167
7 169
7 176
7 177
7 180
7 195
7 197
7 212
7 216
7 217
7 223
7 226
7 233
7 245
7 248
7 250
7 252
7 253
7 257
7 259
7 268
7 281
7 287
7 290
7 303
7 327
7 331
9 80
9 81
9 84
9 86
9 90
9 102
9 105
9 124
10 16
10 18
10 29
11 1
11 5
11 8
11 9
11 20
11 25
11 30
11 35
11 37
11 38
11 51
11 57
11 65
11 72
11 91
11 96
11 102
11 107
11 109
11 113
11 122
11 123
11 128
12 2
13 18
13 19
13 20
13 29
13 31
13 32
13 34
13 35
13 43
13 44
13 54
13 56
13 57
13 61
13 66
13 67
13 73
13 74
13 82
13 92
13 132
13 134
13 136
13 140
13 142
13 149
13 161
13 167
13 170
13 172
13 175
13 176
13 184
13 197
13 204
13 207
13 226
13 243
13 249
13 259
13 269
13 278
13 284
13 288
13 290
13 294
13 295
13 299
13 303
13 317
13 330
13 332
13 337
13 347
13 363
14 6
14 9
14 10
14 17
14 29
14 34
14 35
14 40
14 44
14 48
14 49
14 50
14 52
14 54
14 56
14 66
14 68
15 22
15 29
15 37
15 48
15 57
15 59
15 60
15 64
15 65
15 67
15 71
16 9
16 10
16 43
16 52
17 7
17 108
17 113
17 117
17 144
17 154
17 157
17 160
17 162
17 168
17 174
17 181
17 183
17 187
17 197
17 199
18 2
18 9
18 19
18 21
18 24
18 35
18 36
18 40
20 13
20 15
21 6
21 8
21 11
21 14
21 20
21 21
22 1
22 5
23 12
23 17
23 18
24 3
24 9
24 16
24 18
24 25
24 27
25 2
25 5
25 16
25 18
25 20
26 11
26 19
26 28
26 30
26 32
26 33
26 40
26 41
26 50
26 52
26 53
26 55
26 58
26 71
27 6
27 8
27 11
27 14
27 17
27 24
30 30
30 32
30 35
31 1
31 2
31 31
31 37
31 50
31 52
31 53
31 55
31 59
31 93
31 100
31 112
31 114
31 116
31 119
31 123
31 126
31 138
32 2
34 31
34 32
34 40
34 41
34 44
34 47
35 2
35 5
35 11
35 13
35 14
35 17
35 18
35 20
35 23
35 25
35 53
35 57
35 66
35 76
35 77
35 79
35 82
35 87
35 106
35 108
35 113
35 115
35 116
36 1
36 6
36 8
36 13
36 22
36 40
36 43
36 52
36 58
36 82
36 84
36 89
36 101
36 105
36 107
36 111
36 115
36 117
36 118
36 138
36 145
36 147
36 149
36 154
36 155
36 157
36 164
36 166
36 167
36 169
36 188
36 189
36 192
36 195
36 197
36 203
36 210
36 211
36 216
36 219
36 220
36 223
36 225
36 229
36 232
36 234
36 240
36 241
36 247
36 249
36 259
36 274
36 275
36 278
39 5
39 8
39 11
39 12
39 14
39 38
39 42
39 47
39 51
39 53
39 54
39 56
39 58
39 64
39 67
39 72
39 75
39 78
39 79
39 93
39 96
39 99
39 103
39 106
40 2
40 5
40 7
40 9
40 13
40 47
40 50
40 63
40 66
40 71
40 75
40 84
42 33
42 40
42 41
42 48
42 50
42 51
42 59
42 64
43 2
43 4
43 5
43 20
43 26
43 27
43 36
43 40
43 45
43 52
45 18
45 27
45 30
45 41
45 51
45 56
45 59
45 71
45 76
45 79
45 96
45 101
45 106
46 14
46 69
46 72
46 79
46 86
46 89
46 93
46 94
46 96
46 101
46 102
46 117
46 137
46 143
46 149
46 150
46 155
46 159
46 163
46 166
46 168
46 169
46 176
46 183
46 192
46 195
46 196
46 197
46 199
46 206
46 207
46 210
46 248
46 266
46 271
46 273
47 1
47 7
47 12
47 13
47 22
47 28
48 6
49 8
49 12
49 13
49 18
49 31
49 33
49 35
49 39
49 43
49 54
49 62
49 73
49 74
49 77
49 78
50 8
50 39
50 51
50 59
50 65
50 66
50 76
50 83
50 92
50 100
50 102
50 199
50 200
50 206
50 335
50 336
50 340
50 342
51 5
51 6
51 14
51 17
51 23
51 198
51 201
51 212
51 215
51 222
51 228
51 278
51 280
52 1
52 6
52 15
52 17
52 34
52 40
52 47
52 48
52 52
52 61
52 64
52 68
52 72
52 73
52 76
52 77
52 90
52 97
52 107
52 119
52 129
52 130
52 138
52 146
52 151
52 154
52 161
52 162
52 169
52 174
52 177
53 124
53 128
53 136
53 140
53 147
53 160
53 163
53 171
53 172
53 175
53 185
53 186
53 191
53 196
53 197
53 199
53 201
53 204
53 215
53 218
53 221
54 3
54 12
54 21
54 26
54 33
54 40
54 43
54 48
54 49
54 57
54 60
54 61
54 77
55 25
55 28
55 30
56 18
56 25
56 27
56 28
56 32
56 33
56 35
56 36
56 54
56 64
56 71
56 80
56 88
56 92
56 100
56 104
57 20
58 112
58 113
58 132
58 133
58 136
58 137
58 141
58 143
58 147
58 149
58 165
58 171
58 177
58 186
58 190
58 199
58 205
58 209
58 214
58 225
58 227
58 232
58 236
58 237
58 254
58 268
58 272
58 278
58 288
58 291
58 296
58 306
58 321
58 322
58 331
59 58
59 61
59 67
59 75
59 84
59 88
59 89
60 1
60 2
60 3
60 4
60 14
60 17
60 18
60 22
60 26
60 28
60 34
60 37
60 39
60 51
60 53
60 54
60 66
60 81
60 86
60 98
60 111
60 112
61 1
61 132
61 138
61 140
61 150
61 154
61 173
61 174
61 181
61 185
61 188
61 189
61 196
61 203
61 205
61 220
61 244
61 251
61 256
61 260
61 271
61 272
61 274
61 280
61 282
61 296
61 301
61 306
61 309
61 319
62 7
62 10
62 12
62 15
62 17
62 20
62 27
62 28
62 31
62 33
62 34
62 37
62 42
62 43
62 46
63 2
63 57
63 60
64 8
64 11
64 13
64 14
64 22
64 23
64 27
64 32
64 34
64 41
64 45
64 46
64 57
64 65
64 66
64 70
64 78
64 90
64 94
64 108
64 110
64 114
64 117
64 120
64 124
64 136
64 137
64 155
64 158
64 161
64 162
64 166
64 183
64 184
64 185
64 186
64 188
64 246
64 249
64 273
65 36
65 44
65 52
65 64
65 66
65 140
65 142
65 143
65 148
65 150
65 156
65 157
66 29
66 47
66 48
66 51
66 55
66 67
66 70
66 71
66 90
66 97
66 108
66 109
66 113
67 84
67 95
67 97
67 98
68 3
68 8
68 14
68 18
68 23
68 30
68 32
68 33
69 10
69 11
69 13
69 17
69 20
69 22
69 25
69 28
69 37
69 45
69 51
69 72
69 77
70 9
70 11
70 19
70 23
70 32
72 109
72 110
72 111
73 4
73 7
73 24
73 26
73 33
74 1
74 2
74 13
74 33
74 47
74 56
74 77
74 78
74 83
74 84
74 87
74 89
74 95
75 40
75 44
75 48
75 49
75 50
75 51
75 58
75 75
75 83
75 84
75 157
75 167
75 205
75 211
75 218
75 225
75 228
75 230
75 239
75 245
75 254
75 260
75 271
75 274
75 291
75 292
75 303
75 304
75 313
75 319
75 321
75 322
75 323
75 330
75 339
75 341
75 349
75 350
75 372
75 397
75 399
75 401
75 403
75 408
75 412
75 422
75 423
75 426
75 433
75 443
75 444
75 448
75 457
75 472
75 473
75 482
75 485
75 491
75 492
75 498
75 506
75 507
75 515
75 516
75 519
76 30
77 16
77 17
78 43
78 45
78 46
78 49
78 52
78 54
78 58
79 13
79 18
79 28
79 31
80 1
80 4
80 7
80 12
80 15
82 48
82 53
82 55
82 57
82 58
82 62
82 81
82 84
82 87
82 95
83 34
83 39
84 1
84 6
84 7
84 15
84 32
84 37
85 1
85 11
85 20
85 24
85 33
85 41
85 55
86 38
86 49
86 68
86 72
86 78
86 79
86 83
86 88
86 94
86 117
86 118
86 127
86 128
86 133
86 153
86 157
86 163
86 165
86 166
86 167
86 171
87 10
87 18
87 21
88 3
88 11
88 12
88 16
88 17
88 21
89 33
89 39
89 45
89 54
89 61
89 68
89 77
89 80
89 81
89 84
89 92
89 98
89 101
89 103
89 117
89 118
89 122
89 175
89 177
90 1
90 11
90 16
90 38
