1 17
1 20
1 26
2 4
2 8
2 14
2 17
2 19
2 26
2 38
2 43
2 50
2 53
2 54
2 57
2 64
2 78
2 81
2 87
2 91
2 93
2 111
2 113
2 116
2 118
2 132
2 136
2 137
2 141
2 142
2 147
2 149
2 157
2 161
2 168
2 172
2 176
2 186
2 187
2 189
2 211
2 217
2 226
2 229
3 37
3 45
3 48
3 50
3 53
3 63
3 100
3 113
3 115
3 116
3 121
3 134
3 138
3 141
3 142
3 146
3 153
3 158
3 159
3 173
3 186
3 188
3 201
3 202
3 205
3 211
3 217
3 221
3 228
3 230
3 235
3 240
4 99
4 105
4 112
4 116
4 122
6 11
6 14
6 15
6 17
6 27
6 30
6 32
6 51
6 58
7 2
7 4
7 7
7 8
7 18
7 22
7 24
7 32
7 42
7 44
7 46
7 49
7 52
8 8
8 10
8 12
9 1
9 4
9 11
9 12
9 13
9 26
9 47
9 54
9 56
10 4
10 11
10 17
10 20
10 27
10 32
11 9
11 12
11 13
11 26
11 32
11 34
11 41
11 46
11 52
12 4
12 10
13 77
13 115
13 130
13 133
13 137
14 4
14 11
14 22
14 25
14 27
14 28
15 121
15 125
15 130
15 131
15 136
15 144
15 155
15 156
15 157
15 164
15 166
15 180
15 184
15 186
15 190
15 193
15 199
15 200
15 219
15 227
15 235
15 255
15 258
16 3
16 8
16 11
16 17
16 29
16 30
16 33
16 34
18 13
18 18
18 19
18 22
18 24
18 28
18 37
18 38
18 40
18 41
18 44
18 58
18 59
18 65
18 72
18 82
18 102
19 4
20 2
20 5
20 8
20 12
20 13
20 16
20 23
20 24
20 26
21 1
21 8
21 13
21 16
21 20
21 31
21 41
21 44
21 46
21 52
21 65
21 66
21 68
21 75
21 92
22 7
22 39
22 41
22 44
23 4
23 5
23 13
23 18
23 25
23 32
25 50
25 55
25 58
27 24
27 25
27 156
27 160
28 1
28 20
30 4
30 8
30 9
30 15
30 22
30 23
30 27
30 28
30 34
30 36
31 11
31 16
31 18
31 26
32 1
33 14
33 26
33 37
33 62
33 78
33 80
33 82
33 83
33 87
33 99
33 104
34 40
34 44
34 49
34 52
34 59
34 64
34 66
34 67
34 68
34 72
34 75
34 78
34 81
34 85
36 46
36 47
36 51
37 5
37 7
37 15
37 26
37 27
37 29
37 39
37 42
38 44
38 45
38 50
38 57
38 67
38 69
41 9
41 12
41 14
41 16
41 19
41 21
41 25
41 26
41 34
41 35
45 76
45 77
45 86
45 99
45 102
45 103
45 104
45 105
45 107
45 118
45 119
46 4
46 21
46 22
46 23
46 25
46 26
46 27
46 31
46 34
46 35
46 45
46 52
46 54
46 71
46 127
46 130
46 175
46 178
46 183
46 190
46 191
46 192
46 195
46 196
51 33
52 8
52 9
52 17
53 2
53 10
53 25
54 15
54 19
54 22
54 28
54 75
57 12
57 17
57 20
57 25
57 34
57 47
57 60
57 65
57 67
57 68
57 69
58 1
58 4
58 6
58 9
58 12
58 14
58 21
58 23
58 25
61 36
61 39
61 41
62 6
62 9
62 12
62 22
62 26
62 28
62 35
62 38
62 45
62 48
62 49
62 52
62 62
62 63
63 2
63 4
63 8
63 16
63 20
63 25
63 26
63 29
63 39
63 52
63 57
64 5
64 26
64 34
64 36
64 40
64 42
64 43
64 44
64 57
64 73
65 3
65 10
65 22
65 28
65 36
65 37
65 44
65 46
65 48
65 49
65 51
65 59
65 69
65 89
65 90
65 91
65 92
66 6
66 8
66 14
66 16
66 18
66 21
66 28
66 30
66 34
66 36
66 40
66 43
66 50
67 3
67 40
67 52
67 53
68 2
68 4
68 6
68 19
69 95
69 106
69 109
69 124
69 131
69 137
69 147
69 152
69 165
69 172
69 174
69 178
69 180
69 189
69 193
69 196
69 198
69 224
69 226
69 229
69 231
69 232
69 256
70 10
70 12
70 16
70 20
71 1
71 9
71 12
71 22
71 29
71 40
71 42
71 47
72 1
72 12
72 13
72 25
72 35
72 46
72 47
72 48
72 52
72 61
72 68
72 70
72 73
72 76
72 79
72 80
72 92
73 41
73 44
73 54
73 77
73 81
73 93
73 96
73 98
73 133
73 141
73 142
73 155
73 158
73 163
73 164
73 165
73 166
73 171
73 178
73 181
73 182
73 189
73 199
75 5
75 7
75 14
75 20
75 23
75 31
75 36
75 38
75 63
75 72
75 73
75 75
75 88
75 94
75 96
75 119
75 120
75 130
75 135
75 137
75 141
75 149
75 280
75 286
75 306
75 310
75 320
75 330
76 108
76 114
76 119
76 121
78 5
78 7
78 15
78 17
78 23
78 30
78 35
78 41
78 47
78 48
78 56
78 58
78 83
78 95
78 103
78 110
78 127
78 131
79 13
79 17
79 35
79 38
79 49
80 2
80 4
81 18
81 19
81 43
81 64
81 69
81 72
81 74
81 77
82 1
83 1
83 7
83 10
83 73
83 74
83 79
83 97
83 99
83 102
83 105
83 107
83 236
83 237
83 251
83 380
83 389
83 393
83 395
83 419
83 484
83 491
83 497
83 503
83 509
83 515
83 526
83 534
84 8
85 3
85 14
85 15
85 19
85 23
85 26
85 32
85 35
85 44
85 48
85 63
85 70
85 71
85 74
85 76
85 77
85 80
85 84
85 89
85 92
85 95
85 98
85 104
85 109
85 111
85 123
85 124
85 128
85 131
85 256
85 261
85 279
85 283
86 71
86 72
86 73
86 75
86 82
86 89
86 101
86 107
86 112
86 119
87 9
87 11
87 16
87 19
87 21
87 27
87 34
87 40
87 49
87 54
87 66
87 69
87 84
87 85
87 88
87 91
87 92
88 3
89 3
89 7
89 16
89 19
89 24
90 5
90 7
90 8
90 9
90 17
90 19
90 20
90 22
90 28
90 31
90 42
90 49
90 50
91 62
91 66
91 67
91 74
91 77
92 5
92 6
92 7
92 28
93 25
93 89
93 91
93 92
93 152
93 153
93 155
93 167
93 174
93 175
93 183
93 184
93 187
93 188
93 190
93 193
93 215
93 217
93 220
93 221
93 351
93 363
93 364
93 367
93 370
93 372
93 384
93 397
93 400
93 402
93 403
93 405
93 409
93 414
93 418
93 424
93 435
93 437
93 448
93 454
94 127
95 5
96 3
96 9
96 12
96 15
97 79
97 84
97 85
97 86
97 91
97 102
97 107
97 111
97 112
97 115
98 3
98 12
98 13
98 29
98 36
98 38
98 41
98 43
98 47
99 1
99 13
100 2
100 10
100 11
100 16
100 157
100 161
100 179
100 190
100 198
100 199
100 214
100 215
100 216
100 231
100 236
100 238
100 239
101 9
101 12
101 22
101 26
101 30
101 33
101 38
101 85
101 88
101 94
101 97
101 106
101 110
101 116
101 120
101 133
101 137
101 138
101 139
101 144
101 155
101 160
101 164
101 174
101 177
101 182
101 190
101 197
101 208
101 217
101 220
101 230
101 236
101 243
101 248
101 258
101 259
101 260
101 262
101 265
101 271
102 1
102 7
102 15
102 28
102 40
102 45
102 47
102 59
102 73
102 74
102 76
102 77
102 89
102 92
102 93
102 97
102 98
102 103
102 104
102 115
103 15
103 18
103 20
105 3
105 13
105 14
105 15
105 17
105 18
105 19
105 22
105 34
105 35
105 36
105 39
105 42
105 48
105 49
105 52
105 63
105 64
105 67
105 69
105 84
105 148
105 154
106 39
106 42
106 46
106 50
106 51
106 55
106 57
106 58
107 129
107 131
107 150
107 151
107 167
107 170
107 181
107 182
107 184
107 187
107 189
107 190
107 191
107 199
107 250
107 253
107 255
110 26
