1 10
1 17
2 104
2 108
2 139
2 143
2 153
2 156
2 157
2 165
2 168
2 173
2 299
2 302
2 323
2 340
2 341
2 348
2 357
2 358
2 359
2 364
2 365
2 372
2 401
2 408
2 419
4 24
4 26
4 36
4 39
4 40
4 45
4 48
4 58
4 77
4 82
4 99
4 106
4 109
4 110
4 112
4 117
4 183
4 207
4 219
4 220
4 226
5 64
5 179
5 185
5 186
5 187
5 191
5 201
5 205
5 207
5 211
5 214
5 216
5 220
5 222
6 14
6 23
6 25
6 26
6 32
6 40
6 41
6 45
7 1
7 5
7 7
8 33
8 38
8 52
8 53
8 56
9 4
9 8
9 16
9 19
10 4
10 11
10 14
10 24
10 28
10 31
10 36
10 50
10 55
10 64
10 71
11 16
11 18
11 19
11 26
11 28
11 36
11 41
13 2
13 15
13 20
13 26
13 36
13 38
13 40
14 27
14 35
14 39
15 14
15 20
15 23
15 30
15 166
15 175
15 182
15 187
15 194
15 197
16 15
16 19
16 21
16 26
16 33
16 36
16 44
16 47
16 49
16 55
16 80
16 90
16 104
16 105
16 108
16 111
17 64
17 67
17 69
17 74
17 75
17 79
17 93
17 99
17 102
17 103
17 108
17 109
17 112
17 114
17 115
17 121
17 133
17 138
17 164
21 2
21 58
21 67
22 17
22 24
22 25
22 38
22 43
22 53
22 55
22 57
22 71
23 1
23 20
23 21
23 26
23 27
23 30
23 39
23 45
23 56
23 61
23 71
23 74
23 75
23 76
23 83
23 84
23 88
23 90
23 110
24 3
24 7
24 16
24 21
24 23
24 28
24 34
24 40
24 41
24 54
26 55
26 65
26 72
26 75
26 76
26 79
26 82
26 87
26 88
26 90
26 99
26 101
26 104
26 105
27 112
27 117
27 120
27 124
27 128
28 5
28 13
28 19
29 6
29 12
29 15
29 21
29 26
29 27
29 30
29 31
29 36
29 53
29 55
29 59
30 6
30 9
30 14
30 25
31 63
31 66
31 72
31 92
31 98
31 105
31 106
31 108
31 109
31 111
31 121
31 126
31 134
31 136
31 143
31 152
32 5
32 8
32 13
32 19
32 23
32 26
32 36
32 44
32 47
32 49
32 54
32 56
32 72
32 73
32 78
32 82
33 37
33 51
35 3
35 9
35 47
35 55
35 57
35 67
36 3
36 4
36 10
36 27
36 33
36 35
36 36
37 1
37 2
37 15
37 18
37 25
37 50
37 52
37 54
37 56
37 62
37 64
37 72
37 78
37 85
38 2
39 4
39 9
41 2
41 3
41 10
41 11
42 6
43 1
43 3
43 8
43 9
43 10
43 12
43 13
43 19
43 34
43 39
43 42
43 44
43 52
43 58
43 59
43 60
43 61
43 68
43 69
43 83
43 90
44 1
44 8
44 9
44 13
44 24
44 25
44 32
44 42
44 51
44 52
44 53
46 33
46 38
47 6
47 7
48 13
48 15
48 20
48 40
48 48
48 49
48 53
49 3
49 6
49 11
49 14
49 17
49 24
50 9
50 12
50 13
52 88
52 102
52 103
52 106
53 2
53 15
53 18
53 24
53 25
53 28
53 38
53 42
53 49
53 51
53 52
53 63
53 71
53 89
53 92
53 93
53 94
53 98
53 104
53 106
53 112
53 115
53 128
53 131
53 148
54 64
54 66
54 68
54 70
54 74
54 77
56 75
56 78
56 80
56 90
56 94
56 109
56 111
56 120
56 121
56 126
56 127
56 143
56 150
56 161
56 180
56 183
56 184
56 186
56 190
56 195
56 204
56 213
56 214
56 217
56 218
56 240
56 256
56 261
56 278
56 280
56 286
56 381
56 387
56 388
56 389
56 393
56 394
57 1
57 4
57 19
57 28
58 1
58 5
58 21
58 24
58 31
58 42
58 47
58 56
59 5
59 9
59 20
59 23
59 27
60 3
60 4
60 6
60 11
60 28
60 30
60 50
60 63
60 64
60 71
60 74
60 82
61 40
61 47
61 50
61 51
61 55
61 62
61 63
61 64
61 70
61 80
61 81
61 90
61 92
61 96
62 4
63 1
63 4
63 34
64 8
65 20
65 24
65 25
65 38
65 41
65 47
65 51
65 56
65 63
65 71
65 85
65 86
65 89
65 91
66 33
66 41
66 48
66 60
66 63
66 66
66 69
66 72
66 78
66 86
66 92
66 93
67 40
67 42
67 48
67 53
67 64
67 67
67 71
67 76
67 79
67 84
67 89
67 92
67 95
67 98
67 107
67 109
67 142
71 1
71 2
71 3
71 11
71 13
71 15
71 16
71 17
71 21
71 29
71 30
71 31
71 161
71 169
71 173
71 188
71 189
71 192
71 196
71 203
71 227
71 233
71 253
71 261
71 273
71 276
71 279
71 283
71 294
71 304
71 305
71 318
71 323
71 331
71 342
71 349
71 360
71 364
71 365
71 370
71 373
72 54
72 67
72 69
72 98
72 101
72 117
72 120
72 122
72 127
72 129
72 174
72 175
73 22
74 1
74 15
74 19
74 25
74 69
74 73
74 78
74 82
74 86
74 93
74 94
74 102
74 103
74 110
74 111
74 117
74 120
75 2
75 4
77 16
77 20
77 26
77 41
77 51
77 55
77 58
77 67
77 87
77 90
77 91
77 102
77 105
77 110
77 119
78 2
78 6
78 9
78 12
78 14
79 10
79 16
80 3
80 4
80 9
80 12
80 14
80 45
80 48
80 58
80 63
80 71
80 72
80 76
80 82
80 127
80 138
80 145
80 149
80 151
80 156
81 3
81 22
81 25
81 29
81 35
81 41
81 44
81 45
81 53
81 55
81 56
81 68
82 5
82 17
82 22
82 23
82 36
82 38
82 51
82 52
82 131
82 133
82 143
82 148
82 153
82 155
82 157
82 159
82 167
82 171
82 182
82 200
82 201
83 6
83 7
83 13
83 18
83 24
83 27
83 30
83 37
83 41
83 47
83 49
83 52
83 53
83 59
83 62
83 63
84 13
84 20
84 23
84 30
84 31
84 32
84 35
84 39
84 49
84 60
84 63
84 80
84 86
84 96
84 111
84 113
84 139
84 141
84 142
84 144
84 151
84 157
84 158
84 163
84 168
84 187
84 188
87 34
87 40
87 52
87 62
87 67
87 69
87 71
87 95
87 100
89 27
90 11
90 15
90 23
90 27
90 32
90 35
90 103
90 123
90 127
90 136
90 138
90 143
90 152
90 155
90 158
90 159
91 20
91 21
91 27
92 14
92 20
92 23
92 25
92 27
92 39
92 48
92 56
92 72
92 75
93 12
93 14
93 15
93 25
93 29
93 85
93 89
93 98
93 100
93 102
93 104
93 112
93 125
93 128
93 132
93 139
93 141
93 151
93 152
93 154
93 160
94 3
94 5
94 10
94 11
94 12
94 13
94 20
94 21
94 29
94 31
94 51
94 55
94 58
95 13
95 18
95 25
95 39
95 40
95 60
95 62
95 63
95 69
95 91
95 100
95 103
95 109
95 123
95 125
95 127
95 130
95 133
95 138
96 17
96 18
96 22
98 104
98 106
98 109
98 110
98 116
98 121
98 123
98 128
98 130
98 132
98 134
98 135
99 2
99 14
99 15
99 17
99 37
99 38
99 43
99 44
99 48
100 27
100 33
100 37
100 48
100 54
100 56
100 57
100 61
100 64
100 79
100 85
100 94
100 113
100 123
100 138
100 147
100 150
100 153
100 158
100 171
100 174
100 182
100 183
100 186
100 192
100 195
100 196
100 198
100 204
101 26
101 34
101 37
101 43
101 46
101 47
101 48
101 49
101 56
101 68
101 71
101 74
101 76
101 77
101 81
101 82
101 95
101 98
101 101
101 103
103 5
103 6
103 9
103 10
103 22
103 23
103 25
103 33
103 34
103 52
103 57
105 101
105 104
105 107
105 120
105 125
105 130
105 131
105 134
105 142
106 27
106 33
106 42
106 45
106 47
106 61
106 71
106 76
106 77
106 83
107 17
107 21
107 23
107 26
107 34
107 44
107 49
107 52
107 53
108 2
108 25
108 27
108 54
108 57
108 60
108 62
108 66
108 71
109 18
109 21
109 24
109 28
109 29
109 33
109 38
109 42
110 2
110 7
110 9
110 15
