1 4
1 12
1 14
1 25
1 33
1 47
1 57
1 70
1 73
1 78
1 80
1 84
1 85
1 90
1 98
1 99
1 102
1 116
1 120
1 122
1 123
1 143
1 144
1 147
1 150
2 2
2 17
2 23
2 29
2 34
2 35
2 38
2 39
2 42
2 70
2 71
2 74
2 77
2 84
2 113
2 114
2 135
2 138
2 139
2 144
2 148
2 149
2 150
2 152
2 166
2 186
2 189
2 199
2 201
2 231
2 247
2 249
2 268
2 269
2 276
2 282
2 283
2 290
2 294
2 321
2 324
2 407
2 418
2 421
2 429
2 434
2 437
2 438
3 1
3 3
3 8
3 22
4 5
5 10
5 21
5 22
5 27
5 36
5 43
5 46
5 60
5 61
5 70
5 71
6 6
6 16
6 26
6 29
6 32
6 39
7 3
7 5
7 7
7 8
7 12
7 16
8 11
8 20
8 22
8 27
8 36
8 41
8 47
8 56
8 59
8 79
8 82
8 83
8 86
8 103
8 118
8 127
8 140
8 149
8 156
8 160
8 190
8 198
8 199
8 200
8 201
8 205
8 206
8 210
8 213
8 214
8 217
8 225
8 239
8 242
8 243
8 244
8 250
8 255
9 20
9 34
9 38
10 2
10 5
10 7
10 9
10 13
10 14
10 18
10 19
10 27
10 28
10 52
10 53
10 64
10 80
10 87
10 88
11 9
11 25
11 34
11 36
11 38
11 43
11 58
11 62
11 72
11 80
11 82
11 85
11 96
11 97
11 105
11 112
11 118
11 133
11 262
11 265
11 268
11 269
12 25
12 33
12 37
12 38
12 44
12 45
12 59
12 65
12 71
12 74
12 75
12 80
12 201
12 204
12 205
13 1
14 6
14 15
14 18
14 28
14 29
14 36
15 3
15 6
15 15
15 27
15 28
15 30
16 29
16 32
16 38
16 55
16 56
16 116
17 6
17 12
17 18
17 21
17 28
17 29
17 38
17 41
17 45
17 49
17 59
17 64
17 67
17 72
17 73
17 78
17 97
17 113
17 127
17 128
17 129
17 137
17 141
19 22
19 26
19 35
19 99
19 100
20 1
20 9
20 13
20 16
20 20
20 38
20 42
20 43
20 73
20 74
20 85
20 96
21 4
21 11
21 18
21 26
21 31
21 74
21 78
21 80
21 89
21 91
21 92
21 93
21 97
21 99
21 102
21 104
21 111
21 112
21 135
21 192
21 199
21 232
21 233
21 234
21 248
21 268
21 273
21 276
21 283
21 289
21 290
21 301
21 305
21 310
21 326
21 330
21 459
21 531
21 542
21 545
21 546
21 552
21 553
22 48
22 51
22 60
22 69
22 72
22 74
22 81
22 82
22 84
22 85
22 87
22 88
22 98
22 101
22 105
22 106
22 112
22 133
22 142
22 151
22 152
22 156
22 157
22 161
22 162
22 171
22 177
22 178
22 185
22 186
22 189
22 191
22 197
22 216
22 226
22 230
22 234
22 238
22 242
22 261
22 268
22 269
22 275
22 283
22 284
22 286
22 296
22 297
22 299
22 309
22 322
22 324
22 328
23 7
23 14
23 24
23 29
28 39
28 41
28 44
28 46
29 5
30 1
30 7
30 10
30 15
30 22
30 24
30 25
30 28
30 29
30 35
30 36
31 111
31 113
31 119
31 125
31 129
32 83
32 84
32 89
32 94
32 102
32 114
32 121
32 123
32 156
33 1
33 6
33 9
33 11
33 13
33 17
33 27
33 28
33 29
34 9
36 3
36 25
36 28
36 37
36 40
36 45
36 57
36 66
36 68
36 70
36 73
36 75
36 76
36 92
37 8
37 18
37 23
37 37
37 42
37 50
37 66
37 67
37 74
37 77
37 83
39 59
39 62
39 63
39 70
39 71
39 72
39 77
39 82
39 83
39 95
39 108
40 2
40 7
40 11
40 19
40 24
40 25
40 41
40 43
41 5
41 9
41 14
41 16
41 23
41 24
41 36
41 41
41 44
41 62
41 72
41 77
41 80
41 81
41 86
41 89
41 95
41 101
41 104
41 111
41 114
41 122
41 124
41 130
41 135
41 146
44 8
47 12
47 18
47 20
47 35
48 2
48 8
48 24
48 38
48 39
48 46
48 53
48 54
48 56
48 64
48 68
48 72
48 76
48 77
48 78
48 82
48 85
48 86
48 90
48 95
48 98
48 105
48 110
48 115
48 116
48 118
48 128
48 135
48 142
49 5
50 47
50 48
50 54
50 60
50 62
50 81
50 82
50 87
50 106
50 109
50 127
50 133
50 134
50 136
50 137
50 138
51 11
51 20
51 21
51 24
51 29
51 33
51 37
51 43
51 44
51 57
51 58
51 59
51 65
52 1
52 3
52 11
52 13
53 1
53 6
53 11
53 17
53 20
53 25
53 35
53 36
53 37
53 64
53 75
53 81
53 87
53 104
53 117
53 120
53 123
53 125
53 127
53 128
53 147
53 150
53 152
53 161
53 163
53 169
53 172
53 177
53 190
53 191
53 194
53 196
53 199
53 201
53 209
56 7
56 10
57 3
57 8
57 31
57 32
57 33
57 41
57 57
57 62
57 67
57 68
57 73
57 75
57 84
57 101
57 102
58 4
58 7
58 9
58 10
58 15
58 21
58 24
58 25
58 33
58 37
58 47
58 51
58 54
58 66
58 71
58 73
58 81
58 92
58 94
58 97
58 103
60 12
60 13
61 2
61 22
61 25
61 28
61 33
61 35
61 46
61 49
61 63
61 65
61 66
61 71
61 72
61 76
61 144
61 149
61 176
61 181
61 185
61 186
61 189
61 190
61 199
61 205
61 212
61 219
61 222
62 3
62 10
62 21
62 23
64 69
64 81
64 86
64 101
64 110
64 117
64 119
65 24
65 27
65 36
65 37
65 38
65 70
65 81
65 84
65 90
66 3
66 9
66 19
66 23
66 38
66 39
66 42
66 62
66 63
66 64
66 70
66 72
67 2
68 8
68 14
68 15
69 20
69 21
69 22
69 27
69 28
69 32
69 34
70 25
70 28
70 31
70 32
70 35
70 37
70 52
70 68
70 83
70 97
70 98
70 99
70 100
70 102
70 111
70 114
70 115
70 117
70 118
70 120
71 3
71 4
71 20
71 21
71 26
71 29
71 42
71 43
71 44
71 47
71 51
71 55
73 64
73 65
73 82
73 86
73 93
73 107
73 108
73 111
73 113
73 114
73 117
73 122
73 129
73 151
73 156
73 160
73 170
73 173
75 12
75 14
76 9
76 11
76 20
76 22
76 24
76 37
76 40
76 43
76 46
76 48
76 51
76 55
76 57
76 74
76 79
76 99
76 101
76 110
76 114
76 116
76 117
76 119
76 129
76 132
76 138
76 142
76 155
77 18
77 77
77 79
77 90
78 6
78 8
78 9
78 70
78 74
78 110
78 121
78 134
78 150
79 90
79 106
79 109
79 117
79 119
79 121
79 122
79 125
79 129
79 136
80 3
80 5
80 9
80 11
80 13
80 17
80 25
80 27
80 39
81 49
81 50
81 51
81 52
81 56
81 59
81 60
81 66
81 83
81 90
81 92
81 97
81 114
81 120
81 121
81 127
81 128
81 139
81 142
81 144
82 12
82 13
82 15
82 21
82 24
82 38
82 39
82 44
82 51
82 60
82 64
82 70
82 78
82 91
82 96
83 6
83 16
83 17
83 21
83 22
83 27
83 28
83 35
83 46
83 51
83 53
83 65
83 66
83 75
83 78
83 113
83 120
83 122
83 124
84 15
84 18
85 6
85 9
85 10
85 20
85 28
85 32
85 33
85 61
85 62
85 65
86 87
86 88
87 1
87 6
87 12
87 24
87 35
87 36
87 41
87 42
88 2
88 16
88 18
89 1
89 3
89 22
89 28
89 40
89 46
89 51
89 60
90 1
91 45
91 125
91 128
91 137
91 144
96 10
96 11
96 20
96 23
96 40
96 45
96 64
97 1
97 8
97 11
97 15
97 16
97 19
98 2
98 30
98 39
98 44
98 51
98 57
98 66
98 69
98 70
99 2
99 4
99 14
99 34
99 35
99 37
99 58
99 60
99 74
99 77
99 78
99 84
99 85
99 87
99 89
99 94
99 100
99 105
99 115
99 134
99 139
99 141
99 145
99 147
99 177
99 182
99 185
99 193
99 195
100 46
100 48
100 56
100 57
100 62
100 63
100 67
100 69
100 70
100 73
100 83
100 86
100 93
100 94
101 1
101 4
101 5
101 6
101 8
101 9
102 6
103 2
103 4
103 11
103 16
103 23
103 25
103 30
103 33
103 34
103 37
103 39
103 40
103 41
104 5
104 28
104 32
104 37
104 38
105 2
106 13
106 19
106 31
106 34
106 35
106 40
106 51
106 52
107 69
107 74
107 82
108 5
108 6
108 9
108 11
108 32
108 34
108 38
108 40
109 6
110 9
110 11
110 12
110 14
110 31
110 33
110 35
110 37
111 15
111 21
111 22
111 25
111 34
111 42
111 45
111 53
111 72
111 75
111 76
112 8
112 9
112 17
112 20
112 25
112 26
112 36
112 39
112 43
112 54
112 56
112 60
112 64
112 66
112 71
