1 5
1 7
1 8
1 11
1 13
1 14
1 32
1 37
1 39
1 47
1 56
1 58
1 59
1 62
2 9
2 10
2 11
2 16
2 48
3 2
3 6
4 3
4 7
5 3
5 7
5 16
5 18
5 29
7 1
7 3
7 14
7 16
7 20
7 25
7 27
7 29
7 33
7 40
7 74
9 7
9 13
9 15
9 19
9 28
9 33
9 38
9 40
10 2
10 15
10 17
10 19
10 22
11 19
11 20
11 39
11 56
11 73
11 74
11 77
11 79
11 90
11 96
11 103
11 111
11 114
11 119
11 120
12 1
12 2
12 6
15 7
16 10
16 13
16 21
16 22
16 25
16 33
16 39
16 44
16 119
16 124
16 126
17 1
17 15
17 16
17 24
17 28
17 45
17 52
17 53
17 55
18 11
18 14
18 28
18 31
18 58
18 60
18 62
19 2
19 10
19 22
19 26
19 38
19 40
19 52
19 54
19 58
19 61
19 64
19 68
19 69
19 76
20 44
20 47
20 48
21 6
21 46
22 110
22 115
22 133
22 135
22 144
22 145
22 156
22 160
22 167
22 169
22 177
22 186
23 4
23 5
23 10
23 25
23 27
26 105
26 111
26 118
26 120
26 122
26 125
26 128
26 131
26 132
26 139
27 1
27 9
27 20
27 27
27 28
27 38
27 42
27 43
27 52
27 55
27 57
27 68
27 83
27 84
27 89
27 94
27 100
27 168
27 170
27 177
27 178
27 182
27 183
27 189
27 191
27 192
27 197
27 235
27 237
27 238
27 240
27 243
27 247
27 252
27 253
27 259
27 266
27 267
27 268
27 285
27 286
27 322
27 330
27 337
27 344
27 349
27 353
27 354
27 364
27 365
27 368
27 375
27 381
27 388
27 389
27 390
27 396
27 397
27 413
27 419
27 434
27 435
27 437
27 443
27 493
28 88
28 89
28 90
28 99
28 191
28 255
28 256
28 268
28 272
28 274
28 275
28 278
28 279
29 6
31 25
31 29
33 2
33 6
33 7
33 9
33 12
33 15
33 17
34 1
34 9
38 2
38 6
41 5
41 130
41 131
41 133
41 134
41 138
41 139
41 146
41 151
41 154
41 155
41 162
41 173
41 174
41 181
41 184
41 185
41 190
41 203
41 218
42 3
42 6
42 10
42 12
42 15
42 18
42 28
42 34
42 55
42 56
42 57
42 60
42 68
42 73
42 74
42 79
42 85
42 86
42 91
42 92
42 94
42 99
42 103
42 110
42 124
42 131
43 2
43 4
43 5
44 6
46 8
46 14
46 22
46 24
46 37
46 50
46 52
46 66
46 88
46 108
46 113
46 115
46 116
46 123
46 128
46 133
46 135
46 141
47 1
47 13
47 22
47 23
47 25
47 27
47 31
47 35
47 38
47 39
47 40
47 41
47 50
47 76
47 87
47 98
47 99
47 101
48 25
48 26
48 31
48 32
48 34
48 36
48 54
48 57
48 61
48 80
50 6
50 13
50 16
50 17
50 23
51 2
51 4
51 9
51 10
51 11
51 15
51 19
51 21
51 25
51 28
51 30
51 32
51 38
51 39
51 40
51 49
51 51
51 52
51 56
51 62
51 78
51 81
51 82
51 92
51 94
51 103
51 108
51 118
51 124
54 11
54 23
54 30
54 42
55 1
57 28
57 33
57 38
57 39
57 45
57 50
57 52
57 54
57 63
57 74
57 77
57 80
57 83
57 95
57 107
57 154
57 159
57 163
57 167
57 188
57 195
57 196
57 199
57 204
57 209
57 210
57 217
57 219
57 229
57 230
57 232
57 235
58 1
58 3
58 7
58 8
58 9
58 11
58 16
58 33
58 34
58 36
58 37
58 40
58 52
58 57
58 61
58 64
58 65
58 71
58 72
58 81
58 84
58 89
58 100
58 104
58 114
58 115
58 118
58 119
58 128
58 131
58 133
58 136
58 139
58 141
58 143
58 153
58 154
58 175
58 178
58 181
58 182
58 183
58 185
58 188
58 191
58 196
58 202
58 203
59 58
59 65
59 67
59 71
59 72
59 75
59 91
59 108
59 119
59 121
59 126
60 1
60 2
61 15
61 19
61 26
61 37
61 43
61 45
61 46
62 1
62 4
62 9
62 11
62 16
62 19
62 21
62 35
62 51
62 62
62 66
62 68
62 70
62 79
62 86
62 87
62 98
62 109
62 118
62 119
62 148
62 150
62 155
62 156
63 29
63 34
63 35
64 1
64 4
64 9
64 12
64 16
65 35
65 39
65 40
65 47
65 51
65 53
65 57
65 58
66 40
66 47
66 49
66 51
66 72
66 73
66 79
66 85
66 96
66 106
66 109
66 127
66 130
67 3
67 11
67 12
67 18
67 22
67 31
67 32
67 38
67 41
67 42
67 49
67 53
67 63
67 65
67 68
67 75
67 78
67 84
67 119
67 125
67 130
67 131
67 132
67 133
67 135
67 140
67 142
67 148
67 150
67 171
67 172
67 173
67 177
67 190
67 191
67 201
67 229
67 230
67 242
67 243
67 244
67 259
67 273
67 302
67 305
67 309
67 319
67 321
67 322
67 349
67 354
67 356
67 361
67 366
67 388
67 395
67 398
67 399
67 404
67 406
67 407
67 410
68 3
68 8
68 16
68 19
68 22
68 30
68 35
68 37
68 38
68 39
68 43
68 44
68 47
68 48
68 58
68 66
68 67
68 70
68 75
69 5
69 6
69 9
69 22
69 28
69 33
69 53
69 54
69 55
69 63
69 64
69 67
69 72
69 73
69 78
69 82
69 85
69 89
69 91
69 95
69 98
69 100
70 102
70 109
70 111
70 112
70 117
70 121
70 135
70 137
70 140
70 142
70 149
70 150
70 151
71 8
71 9
71 13
71 33
71 38
71 40
71 49
71 50
71 53
75 16
75 25
75 30
75 31
75 33
75 36
75 44
76 17
76 21
76 32
76 50
76 52
76 54
76 57
76 60
76 62
76 66
76 69
76 70
76 76
76 77
80 14
80 15
80 20
81 11
81 16
81 21
81 26
81 27
81 28
81 94
81 96
81 102
81 153
81 156
81 160
81 161
81 172
81 174
81 189
83 9
83 12
83 20
83 24
83 29
83 31
85 18
85 19
85 20
85 27
86 2
86 5
86 11
86 21
86 22
86 23
86 36
86 61
86 62
86 63
86 71
86 73
86 76
86 77
86 88
87 21
87 33
89 40
89 41
89 42
89 44
89 46
89 47
90 7
90 14
90 15
90 16
90 19
90 23
90 26
90 27
90 46
90 55
90 64
90 67
90 71
91 2
92 11
92 17
92 21
92 25
92 26
92 31
92 36
93 1
93 17
93 28
93 37
93 42
93 45
93 51
93 53
93 56
93 59
93 60
93 62
93 63
93 66
93 68
93 72
93 76
93 147
93 150
93 152
95 105
95 106
95 112
95 118
95 129
95 130
95 133
95 135
95 143
95 144
95 150
95 153
95 163
95 171
95 172
95 186
95 200
95 205
95 208
95 209
95 214
95 216
95 217
95 224
95 229
95 235
95 237
95 243
95 261
95 278
95 288
96 2
96 19
96 35
96 41
96 45
96 47
96 52
96 61
96 66
96 79
96 84
96 93
96 95
96 96
96 97
97 3
97 17
97 24
97 37
98 84
98 92
98 102
99 1
99 5
99 11
99 12
99 21
99 22
99 28
99 164
99 165
99 171
100 19
100 20
100 30
100 36
100 37
100 39
100 40
100 45
100 51
101 1
101 4
101 192
101 195
101 196
101 199
101 202
102 8
102 11
102 19
102 25
102 47
102 49
102 65
102 70
102 79
103 15
103 27
103 35
105 23
105 31
105 123
105 126
105 130
105 133
105 136
106 43
106 49
106 50
106 53
106 61
106 66
106 68
106 79
107 2
107 7
107 13
107 15
107 17
107 21
107 23
107 27
107 38
107 39
109 15
109 17
110 1
110 5
110 21
110 23
110 25
110 26
110 34
110 36
110 43
110 54
110 59
112 66
113 8
113 11
113 12
113 19
113 23
113 29
113 32
113 36
113 39
113 41
113 43
113 50
113 65
113 68
113 83
113 86
113 90
113 91
113 93
113 101
114 36
114 41
115 118
115 121
115 123
115 130
115 131
115 137
116 3
116 6
116 8
116 10
116 16
116 19
116 23
116 25
116 30
116 37
116 38
116 43
116 44
116 46
116 57
116 63
116 72
116 77
116 79
116 82
116 84
116 90
116 94
116 99
116 101
116 111
116 112
116 116
116 118
116 207
