1 20
1 23
1 28
2 5
2 12
2 17
2 22
2 32
2 40
2 41
2 46
2 47
2 51
2 56
2 58
2 69
2 75
2 149
2 161
2 163
2 165
3 16
3 22
3 25
3 27
3 39
3 44
3 50
3 54
3 60
4 3
4 4
7 26
7 28
7 36
7 55
7 58
7 62
7 71
7 72
7 76
7 79
7 81
7 82
7 94
7 107
7 189
7 190
10 35
10 36
10 43
10 47
11 1
11 6
11 9
11 20
11 26
11 28
11 41
11 43
14 31
15 2
15 3
15 4
15 15
15 95
15 105
15 110
15 123
15 126
15 131
15 152
15 153
16 5
16 6
17 30
17 54
17 64
18 2
18 13
18 15
18 17
18 72
18 77
18 88
18 110
18 112
18 115
18 119
18 121
18 124
18 133
18 137
18 140
18 145
18 147
18 148
18 154
18 155
18 158
18 160
18 161
18 180
18 182
18 201
18 207
18 220
18 248
18 250
18 252
18 258
18 265
18 269
18 276
19 1
19 2
19 5
19 11
19 20
19 22
19 23
19 31
19 39
19 47
19 49
19 64
19 80
19 96
19 108
19 110
19 113
19 115
19 119
19 128
19 130
19 134
19 139
19 141
19 144
19 145
19 156
20 1
20 112
20 113
20 117
20 124
20 127
20 128
20 137
20 138
20 143
20 147
20 148
20 167
20 176
20 182
20 200
20 203
20 212
20 213
20 217
20 218
20 223
20 226
21 2
21 3
21 6
21 7
21 20
21 22
21 23
21 37
21 47
21 49
21 67
21 70
21 78
21 82
22 44
22 45
22 46
22 47
22 55
22 56
22 66
22 67
23 16
23 21
23 31
23 33
23 39
23 49
23 60
23 64
23 66
23 67
24 11
25 15
25 16
25 19
25 24
25 25
25 28
25 39
25 42
25 46
25 49
25 52
25 56
25 63
25 70
27 10
27 11
27 14
27 19
27 20
27 23
29 16
29 21
29 26
29 28
29 30
29 48
32 91
32 92
32 93
32 102
32 105
32 108
32 114
32 118
32 120
32 122
32 126
32 127
32 139
32 140
32 145
32 147
32 150
32 163
32 168
32 175
32 183
32 188
32 191
32 192
32 193
32 205
32 210
32 217
32 225
32 232
32 233
32 237
32 249
32 250
32 251
32 259
32 272
32 275
32 293
32 296
32 317
32 399
32 407
32 417
32 423
32 429
32 433
32 434
32 435
34 6
34 12
34 13
34 27
34 33
34 36
34 41
34 42
34 49
34 54
34 67
35 6
35 13
36 13
36 18
36 20
36 21
36 24
36 34
36 36
36 47
36 53
36 54
36 55
37 6
37 7
37 15
37 16
38 2
38 5
38 6
38 9
38 11
38 13
38 24
38 36
38 127
38 133
38 146
39 1
39 8
39 14
39 16
39 22
39 29
39 31
40 1
40 13
40 52
40 64
43 106
43 112
43 115
43 122
43 124
43 130
43 138
43 144
45 69
45 76
45 78
45 101
45 117
45 118
45 122
45 123
45 127
45 128
45 131
45 135
45 136
45 140
45 141
45 149
46 5
46 10
46 52
46 59
46 62
47 100
47 105
47 107
47 116
48 2
48 6
48 30
48 32
49 10
49 12
49 17
49 22
49 31
49 35
49 40
49 41
49 45
49 56
49 58
49 64
49 82
49 83
50 6
50 25
50 29
50 34
50 43
50 47
50 48
50 57
50 58
50 62
50 75
50 79
50 84
50 95
50 101
50 104
50 238
50 248
50 249
50 258
50 259
50 261
50 277
50 288
50 290
50 291
50 295
50 302
50 303
50 305
50 312
50 316
50 325
50 326
54 10
54 13
54 14
55 5
55 6
55 7
55 11
55 16
56 1
57 1
57 11
57 12
57 14
57 24
57 26
57 27
57 62
57 77
57 78
57 80
57 81
57 83
57 92
57 145
57 149
57 150
57 154
57 161
57 178
57 181
57 186
57 189
57 192
57 200
57 201
57 203
57 208
57 210
57 212
57 215
57 226
57 233
57 240
57 251
57 252
57 253
57 262
57 266
57 270
57 271
57 276
57 284
57 292
57 293
58 49
59 8
59 18
59 21
59 26
59 39
59 48
59 52
59 54
59 57
60 6
60 8
60 22
60 25
60 26
61 1
61 6
61 9
61 10
61 14
61 20
61 22
62 1
62 10
62 13
62 14
62 17
62 27
62 30
62 32
62 49
62 52
62 64
62 65
62 175
62 182
62 183
62 188
62 193
62 194
62 201
62 207
62 208
63 12
63 17
63 21
63 23
63 50
63 61
63 62
65 1
65 8
65 18
65 19
66 6
66 21
66 27
66 54
66 58
66 60
66 66
66 73
66 79
66 85
66 86
66 92
66 93
66 103
66 108
66 111
67 43
67 48
67 62
67 63
68 3
68 4
68 8
68 18
68 26
68 28
68 30
68 32
68 35
68 38
68 46
68 55
68 63
68 68
69 1
69 5
69 6
69 21
69 24
69 28
69 39
69 44
69 62
69 64
69 65
73 31
73 34
73 40
73 61
73 69
74 5
74 18
74 22
74 24
74 34
74 48
74 49
74 50
74 62
74 64
74 65
74 79
74 81
74 100
74 101
74 109
74 115
75 26
75 29
75 33
75 36
75 40
75 48
75 51
75 53
75 56
75 71
75 72
75 92
75 106
75 109
75 114
75 115
75 122
75 129
75 132
75 134
76 7
76 14
76 15
76 17
76 22
76 23
76 26
76 27
76 36
76 40
78 53
79 76
79 97
79 98
79 105
79 107
79 110
79 117
79 118
79 119
79 129
79 161
79 169
79 172
79 181
79 193
80 2
81 4
81 9
81 10
81 14
81 72
81 187
81 196
81 200
81 201
81 203
81 204
81 209
81 211
81 222
81 229
81 236
81 244
81 259
81 262
82 1
82 2
82 5
82 8
82 26
82 28
82 31
82 61
82 71
83 1
83 4
84 10
84 17
84 29
84 33
84 37
84 38
84 39
84 40
84 47
84 51
84 56
84 57
84 59
84 60
84 64
84 66
84 73
84 83
84 87
84 92
84 97
84 99
84 104
84 106
84 236
84 238
84 240
84 246
84 251
84 255
84 257
86 24
86 29
86 30
86 32
87 1
87 5
87 11
87 12
87 17
87 22
87 44
87 50
87 53
87 58
87 63
87 67
87 72
87 74
87 76
87 78
87 89
87 95
87 100
87 123
87 124
87 137
87 139
87 157
87 162
87 166
87 172
87 179
87 185
87 199
88 7
88 11
88 17
88 18
88 21
88 29
88 30
88 31
88 38
88 46
88 49
89 3
89 10
89 14
89 16
89 17
89 20
89 24
89 33
89 36
90 29
91 13
91 25
91 47
91 50
91 57
91 68
91 70
91 75
91 77
91 106
92 3
92 12
92 16
92 23
92 27
92 37
92 42
92 46
92 56
93 3
93 8
93 13
93 21
93 23
93 24
93 30
93 33
93 44
93 48
93 56
93 59
93 67
94 1
95 1
95 2
95 14
95 15
95 26
95 32
95 35
98 40
98 42
98 45
98 49
98 56
98 80
98 81
98 83
99 3
99 20
99 21
99 23
99 24
99 28
99 29
99 42
99 52
99 59
99 69
99 70
99 82
99 90
99 101
99 108
100 1
100 6
100 26
100 27
100 29
100 31
100 36
100 54
100 60
100 65
100 161
100 165
100 172
100 176
100 179
100 183
100 185
100 186
100 191
100 210
100 219
100 220
100 227
100 235
100 238
100 243
100 245
100 346
100 347
100 360
100 370
100 373
100 384
100 388
100 401
100 417
100 420
100 421
100 438
100 442
100 445
100 451
100 459
100 484
100 489
101 3
101 23
101 24
101 42
101 48
101 69
101 74
101 77
101 78
103 55
103 62
103 65
103 76
103 80
104 2
104 4
105 8
105 9
105 13
105 14
105 20
105 22
105 56
105 59
105 62
105 67
105 70
105 87
105 99
105 105
105 106
105 117
105 119
105 121
105 129
105 132
106 14
106 17
106 20
106 24
106 41
106 42
106 56
106 57
106 61
106 62
106 63
106 69
106 71
107 37
107 43
107 46
107 51
109 23
109 32
109 34
109 38
109 40
109 42
109 45
109 46
109 47
110 6
110 7
110 9
110 17
110 19
110 29
110 35
