2 5
2 6
3 11
3 15
3 34
3 42
3 45
3 46
3 59
3 68
3 79
5 5
5 8
6 11
6 14
6 18
6 22
6 23
6 26
6 27
6 40
6 49
6 73
6 75
6 76
6 91
6 93
6 96
6 109
6 110
6 112
6 113
6 114
6 120
6 124
6 129
6 137
6 140
6 166
7 3
7 6
7 7
7 9
8 4
8 8
8 11
8 16
8 31
8 36
8 42
8 44
8 54
8 55
8 60
8 64
8 69
8 77
9 1
9 3
9 20
9 45
9 49
9 51
9 58
9 61
9 62
10 14
10 18
10 21
11 17
11 20
11 21
11 23
11 24
11 28
11 29
11 40
11 45
11 47
11 64
11 71
11 85
11 94
11 95
12 2
12 5
12 15
12 21
12 25
12 32
12 35
12 37
12 38
12 55
12 63
12 81
12 90
12 101
12 102
17 11
17 16
17 18
17 19
18 8
18 9
18 15
18 63
18 67
18 70
18 71
18 84
18 87
20 118
20 119
20 130
20 132
20 141
23 44
23 45
23 59
23 62
23 65
23 74
23 77
24 8
24 10
24 13
24 29
24 31
24 34
24 36
24 40
24 43
24 48
24 57
24 66
24 81
24 90
24 93
24 112
24 113
24 126
24 128
24 129
24 133
24 134
24 136
24 141
24 148
25 2
26 2
26 15
26 27
26 32
26 33
26 41
26 42
26 46
26 54
27 10
27 12
27 23
27 24
27 26
28 3
29 15
29 16
30 4
30 5
30 6
30 10
30 11
30 13
31 6
31 7
31 14
32 3
32 4
32 154
32 157
32 191
32 194
32 206
32 210
32 213
32 221
32 225
32 233
32 234
32 251
32 253
32 258
32 263
32 264
32 266
32 267
32 273
32 280
32 284
32 286
32 290
32 296
32 298
33 4
33 10
33 14
33 16
33 25
33 26
33 30
33 34
33 56
33 61
33 72
33 81
33 93
33 94
33 100
33 102
33 105
33 126
33 134
34 2
34 4
36 4
36 5
36 9
37 127
37 141
37 146
37 158
37 164
37 175
37 180
37 322
37 328
37 330
37 331
37 332
38 2
38 3
38 6
38 9
38 144
38 145
38 146
38 173
38 175
39 80
39 88
39 90
39 103
39 104
39 105
39 109
39 111
39 117
39 121
39 122
41 52
41 56
41 61
41 68
41 69
41 82
41 85
41 92
42 6
42 9
42 13
42 15
42 129
42 136
42 139
42 141
42 143
42 168
42 173
42 174
42 312
42 318
43 2
43 5
44 1
44 8
46 27
46 35
46 36
46 46
46 55
46 56
46 57
46 62
46 66
46 70
46 83
46 88
46 101
46 108
46 134
46 136
47 8
47 39
47 44
47 47
47 54
47 62
47 63
47 64
47 68
47 75
47 76
47 88
47 90
47 92
47 98
47 102
47 103
48 9
48 17
48 21
48 22
48 33
48 34
48 37
48 43
48 53
48 56
48 57
48 85
49 9
49 10
49 20
49 26
50 3
50 5
50 40
50 44
50 45
50 46
50 47
50 52
52 4
52 7
52 14
52 18
52 19
52 21
52 22
52 31
52 32
52 39
52 135
52 140
52 142
52 145
52 146
52 150
52 153
52 155
52 172
52 173
52 178
52 182
52 186
52 190
52 215
52 262
52 265
52 269
53 1
53 5
53 13
53 14
53 20
53 29
53 41
53 43
53 49
54 16
54 17
54 19
54 21
54 24
54 33
54 36
54 52
54 56
54 125
54 131
54 134
54 138
54 140
54 158
54 162
54 163
54 165
54 171
54 179
54 184
54 190
54 204
54 205
54 218
54 221
54 274
54 275
55 124
55 130
55 131
55 132
55 135
55 138
55 139
56 2
56 5
56 6
57 2
57 14
57 22
57 29
57 33
57 34
57 36
57 39
58 13
58 29
58 33
58 39
58 43
58 50
59 1
59 8
59 9
59 10
60 22
60 32
60 33
60 35
60 39
60 45
60 56
60 61
60 65
60 75
60 77
60 86
60 87
60 95
60 97
60 98
60 105
60 113
60 130
60 145
60 174
61 1
61 5
61 7
61 16
61 17
61 28
61 39
61 44
61 48
62 15
63 3
63 13
63 27
63 51
64 45
64 58
64 66
64 153
64 154
64 186
64 195
64 196
64 197
64 210
64 225
64 238
64 239
64 250
64 265
64 267
64 269
64 283
64 290
64 291
64 296
64 301
64 304
64 311
64 328
64 335
64 336
64 339
64 343
64 345
64 353
64 359
64 366
64 376
64 377
64 384
64 396
64 400
64 409
64 410
64 416
64 418
64 422
64 432
64 433
64 437
64 443
64 445
64 570
64 571
64 574
64 579
64 580
64 587
65 2
65 109
65 116
65 138
65 139
66 3
66 4
66 8
66 15
66 19
66 22
66 25
66 38
66 39
66 44
66 45
66 54
66 56
66 77
66 78
66 81
66 155
66 156
66 159
66 160
66 163
66 173
66 192
66 202
67 2
67 8
67 56
67 61
67 62
68 4
68 7
68 10
68 13
68 20
68 28
68 30
68 40
68 44
68 48
68 59
68 77
68 81
68 107
68 111
68 112
68 205
68 219
68 238
68 240
68 241
68 243
68 244
68 249
68 252
68 260
68 263
68 264
68 270
69 5
69 10
69 23
69 32
69 41
69 44
69 47
69 49
69 50
69 64
70 2
70 4
70 23
70 30
71 45
72 2
72 39
72 70
72 81
72 83
72 91
72 93
72 94
73 10
73 15
73 19
73 23
74 75
74 76
74 82
74 84
74 96
74 104
74 129
74 132
74 136
74 138
76 69
76 71
76 75
76 86
76 92
76 95
76 96
76 108
76 124
76 129
76 130
76 135
76 136
76 140
76 142
76 145
77 3
77 6
77 7
77 19
77 20
77 25
77 27
78 3
79 1
79 6
79 13
79 20
79 25
79 103
79 127
79 135
79 145
79 158
80 2
80 18
80 25
80 38
80 40
80 48
80 53
81 3
81 17
81 23
82 102
82 103
82 121
82 122
83 2
83 3
83 6
83 7
84 3
84 7
84 13
84 17
84 19
84 56
84 58
84 66
84 70
84 76
87 62
87 75
87 76
87 80
89 41
89 42
89 43
89 44
89 58
89 59
89 67
89 77
89 79
89 85
90 48
90 52
90 54
90 56
90 63
90 67
90 68
90 70
90 77
90 86
90 91
90 120
90 126
90 135
90 152
91 1
94 20
94 22
94 23
94 36
94 39
94 69
94 74
95 6
95 11
95 14
95 24
95 35
95 168
95 169
95 172
95 184
95 186
95 189
95 190
95 193
95 197
95 200
95 235
95 242
95 245
95 247
95 251
95 289
95 314
95 317
95 325
95 333
95 337
95 338
95 345
95 355
95 365
95 373
95 378
95 397
95 399
95 413
95 418
95 429
95 430
95 441
95 451
95 455
95 457
96 11
96 15
96 23
96 24
96 25
96 41
96 42
96 43
96 44
96 52
96 54
96 57
96 66
96 70
96 76
97 6
97 7
97 8
97 17
97 18
97 21
97 23
97 25
97 32
97 45
97 50
97 55
97 58
97 64
97 70
97 167
97 171
97 187
97 188
98 13
98 16
98 31
98 35
98 38
98 40
98 57
98 60
98 65
98 71
98 80
98 84
99 28
99 39
99 42
99 76
99 80
99 90
99 106
100 10
100 11
100 12
100 22
100 24
100 25
100 31
100 33
100 40
100 48
100 49
100 54
100 56
100 61
100 64
100 70
100 74
100 79
100 83
100 85
100 105
100 111
100 113
100 121
100 136
100 172
100 176
105 31
105 43
105 47
105 48
105 52
105 57
105 58
