1 10
1 17
1 103
2 5
2 23
2 32
2 45
2 46
2 177
2 180
2 182
2 183
2 190
2 193
2 215
2 216
2 217
2 221
2 229
2 233
2 236
2 238
2 256
2 257
2 260
2 261
2 264
2 269
2 270
2 273
2 275
2 280
2 284
2 306
3 1
5 3
6 12
6 13
6 18
6 20
7 19
7 26
7 28
7 37
7 38
7 53
7 55
7 63
7 70
7 75
7 77
7 83
7 84
7 87
7 91
7 96
7 117
7 118
7 123
7 124
7 134
7 136
7 146
7 147
7 150
7 170
7 177
7 184
7 185
7 187
7 196
7 204
7 205
7 208
7 210
7 220
8 1
8 3
8 13
8 16
8 17
8 24
8 25
8 30
9 14
9 28
10 9
10 11
10 15
10 18
10 22
10 31
10 33
10 43
10 73
10 268
12 13
13 6
13 13
13 14
13 16
13 17
13 20
13 46
13 57
13 64
13 70
13 80
13 81
13 84
13 88
13 93
13 94
13 99
13 119
15 21
16 7
16 11
16 15
16 18
16 47
16 50
16 53
16 56
16 58
16 61
16 70
16 76
16 78
16 80
16 88
16 92
16 99
16 122
16 129
16 154
16 155
16 158
16 164
16 167
16 175
16 188
16 189
16 210
16 217
16 232
16 245
16 259
16 263
16 276
16 278
16 289
16 293
16 299
16 300
16 309
16 326
16 329
16 330
16 334
17 55
17 56
17 58
17 59
17 68
17 77
17 78
17 79
17 86
17 90
17 93
17 103
17 104
17 105
17 107
17 120
17 122
17 128
17 130
17 143
17 158
17 163
19 2
19 3
19 9
19 12
20 12
20 23
20 25
20 29
20 30
20 41
20 49
20 64
20 65
20 77
20 83
20 94
20 98
21 3
21 4
21 9
21 13
21 16
21 21
21 23
21 37
21 38
21 42
21 45
21 50
21 55
23 40
23 58
23 68
23 74
23 93
23 100
23 129
23 130
23 142
23 147
23 149
23 151
23 166
23 170
23 172
23 173
23 178
23 183
27 7
27 15
27 16
27 20
27 29
27 34
27 51
27 55
27 66
27 79
27 90
27 91
30 3
30 12
30 19
30 26
30 40
30 42
30 45
30 47
30 60
30 65
30 66
31 1
31 7
31 19
31 20
31 25
31 48
31 49
34 48
34 63
34 81
34 82
34 83
34 90
34 91
34 102
34 111
34 120
34 128
34 133
34 138
34 139
34 143
34 217
34 218
34 223
34 225
34 232
34 233
35 1
35 5
36 12
36 16
36 19
37 19
37 21
37 22
37 26
37 27
37 36
37 39
37 48
37 50
37 51
38 10
38 76
38 79
38 82
38 213
39 1
39 2
39 8
39 17
39 19
39 28
39 38
39 50
39 51
39 59
39 72
39 73
39 77
39 87
39 90
39 111
39 115
39 123
39 128
39 133
39 136
39 137
39 138
39 141
39 148
39 154
40 2
40 4
40 5
40 13
40 20
40 25
40 30
40 32
40 40
40 43
40 48
40 56
40 65
40 69
40 75
40 76
40 107
40 109
40 110
40 118
40 122
41 1
41 2
41 4
41 14
42 2
42 9
42 12
42 14
42 16
42 17
42 27
42 32
42 90
42 94
42 102
42 109
42 112
42 114
42 141
42 148
42 149
42 158
42 161
42 165
42 167
42 174
43 4
43 5
43 13
43 15
43 19
43 30
43 46
43 60
43 63
43 66
43 68
43 72
43 77
43 83
43 96
43 99
43 108
43 114
43 123
43 124
43 125
43 131
43 133
43 149
43 160
43 163
43 175
43 181
43 187
43 191
43 194
43 204
43 229
43 231
43 233
43 235
43 237
43 242
43 248
43 250
43 252
43 256
43 258
43 261
43 269
43 273
43 275
43 282
43 285
44 8
44 16
44 23
44 45
44 48
44 52
44 57
44 58
46 54
46 59
46 65
46 138
46 144
46 147
46 151
47 7
48 2
48 7
49 10
49 11
49 12
49 17
49 19
49 20
49 22
49 29
49 54
49 57
49 71
49 74
49 76
49 79
50 3
50 4
51 16
51 20
51 35
51 42
51 49
51 52
51 65
51 66
51 76
51 92
51 93
51 101
51 109
51 119
51 127
51 131
51 135
51 238
51 242
51 243
51 246
51 247
51 249
51 251
51 252
51 253
51 254
51 256
51 268
51 269
51 271
51 275
51 291
51 303
51 318
51 320
51 321
51 326
52 16
52 28
52 29
52 31
52 39
52 47
53 2
53 3
53 16
53 17
53 25
53 28
53 33
53 40
53 42
53 45
53 46
53 50
53 51
53 59
53 84
53 91
53 95
53 105
53 106
53 112
53 114
53 116
53 127
53 133
53 141
53 144
53 148
53 152
53 161
53 165
53 181
53 186
53 188
53 193
53 204
54 9
54 17
54 18
54 24
54 26
54 29
54 30
56 103
56 106
56 109
56 110
56 117
56 121
56 123
56 128
56 131
56 137
56 139
56 152
56 159
56 164
56 168
58 21
58 32
58 39
58 41
58 45
58 65
58 74
58 79
59 6
59 25
59 42
59 43
59 46
59 47
59 50
59 57
61 103
61 106
61 113
61 114
61 210
61 214
61 216
61 218
61 224
61 236
63 57
63 68
63 76
63 79
63 82
63 85
63 92
63 101
63 106
63 118
63 122
63 132
63 156
63 159
63 161
63 178
63 307
63 313
63 330
63 346
64 11
64 12
65 6
65 19
65 24
65 28
65 51
65 53
65 60
65 62
65 67
65 71
67 12
67 13
67 19
67 23
67 49
67 54
67 57
67 58
67 65
67 66
67 70
67 74
67 82
67 96
68 3
68 4
68 8
68 11
68 13
68 15
68 16
68 18
68 20
68 22
68 169
68 182
69 7
69 16
69 17
69 26
69 33
70 19
70 29
70 40
70 41
71 92
71 103
71 105
71 106
71 112
71 114
71 117
71 118
71 125
71 131
71 135
72 9
72 10
72 12
72 13
72 18
72 19
72 27
72 33
73 5
73 8
73 9
73 16
73 47
73 57
73 61
73 62
73 63
74 16
74 21
75 1
75 15
75 17
76 3
76 16
76 19
76 25
76 26
76 28
76 41
76 45
76 51
76 54
77 83
78 6
78 13
78 15
78 20
78 25
78 52
78 63
78 66
78 72
78 74
78 81
78 89
78 92
78 99
78 101
78 102
78 104
78 107
78 121
78 124
78 133
78 144
78 147
78 148
78 198
78 208
78 215
78 216
78 219
80 42
80 44
80 48
80 58
80 62
82 3
82 8
82 13
82 15
82 20
82 21
82 25
82 28
82 30
82 34
84 17
84 20
84 34
84 36
84 42
84 44
84 47
84 50
84 55
84 60
84 68
84 80
84 91
84 92
84 105
84 122
84 134
84 142
84 147
84 151
84 156
84 165
84 169
84 170
84 180
84 181
84 190
84 193
84 196
84 199
84 203
84 220
84 262
84 268
84 274
84 280
84 287
84 290
84 294
84 298
84 311
84 325
84 329
85 2
85 18
85 24
85 29
85 32
85 45
85 53
85 57
85 63
85 64
85 66
85 86
85 89
85 99
85 102
85 103
85 137
85 140
87 25
87 32
87 55
87 83
87 87
87 89
87 90
89 41
89 43
89 45
89 227
89 229
89 234
89 238
89 241
89 242
89 243
89 245
89 246
89 258
89 264
89 265
89 266
89 268
89 274
92 3
92 28
92 35
92 39
92 40
92 49
93 1
93 13
93 15
94 77
94 80
94 100
94 102
94 113
94 150
94 200
94 218
94 224
94 228
94 229
94 235
94 238
94 242
94 248
94 249
94 254
94 257
94 259
94 262
94 268
94 276
94 287
94 293
94 341
94 345
94 362
94 379
94 380
94 384
94 388
94 398
94 404
94 406
94 407
94 412
94 413
94 426
94 429
