1 5
1 9
1 20
1 68
1 71
1 78
2 45
2 47
2 50
3 1
3 11
3 15
3 17
3 18
3 20
3 34
3 35
3 39
3 42
4 7
4 136
4 143
4 149
4 154
4 155
4 220
4 225
4 226
4 227
4 237
4 242
4 245
4 252
4 253
4 266
4 267
4 270
5 3
5 23
5 24
5 28
5 29
5 35
5 40
6 1
6 4
7 144
7 229
7 232
7 235
7 237
8 3
8 5
9 34
9 38
9 40
9 53
9 63
9 83
9 84
9 92
9 95
9 97
9 102
9 103
9 105
9 108
9 111
9 115
9 116
10 2
10 4
10 23
10 34
10 36
10 53
10 55
10 61
10 62
10 70
10 79
10 99
11 1
11 4
11 7
11 13
11 14
11 15
11 21
11 27
11 34
11 48
11 73
11 74
11 81
11 93
11 98
11 102
11 109
11 110
11 115
11 116
11 119
11 124
11 127
11 132
11 134
11 143
11 146
12 4
12 6
12 12
12 18
12 31
12 35
12 38
12 40
14 20
14 24
14 26
15 91
15 99
15 101
15 105
15 108
15 112
15 118
15 124
15 126
15 133
15 136
15 138
15 141
15 152
15 155
15 156
15 160
15 162
15 169
15 176
15 196
15 198
15 200
15 202
15 207
15 227
15 229
15 230
15 233
15 242
15 256
15 262
15 292
15 300
15 311
15 315
15 321
16 10
16 13
16 14
16 17
16 26
16 37
16 38
16 39
16 42
16 51
16 55
16 57
16 76
16 83
16 86
17 1
17 2
17 8
17 13
17 18
17 24
17 26
17 29
17 37
17 38
17 42
17 47
17 51
17 53
17 54
17 58
17 64
17 68
17 69
17 81
17 86
17 90
17 93
17 94
17 99
17 101
18 2
19 4
19 6
19 7
19 10
19 15
19 28
19 34
19 35
19 43
19 48
19 58
19 60
19 65
19 73
19 78
19 81
19 83
19 90
19 93
19 96
19 101
19 102
19 104
19 109
19 110
19 112
19 115
19 118
19 120
19 126
19 127
19 129
20 6
20 11
20 12
20 15
20 18
20 19
20 21
21 18
21 21
21 28
21 30
21 35
21 36
21 37
21 39
21 46
21 48
22 6
22 27
23 8
23 10
23 14
23 34
23 35
23 37
23 39
23 61
23 63
23 68
23 105
23 106
23 123
23 128
23 131
23 135
23 140
23 227
24 6
24 11
24 23
24 32
24 37
24 39
24 42
24 44
24 48
24 59
24 65
24 78
24 80
24 171
24 184
24 191
24 194
24 196
24 201
24 205
24 213
24 246
24 251
24 254
24 256
24 264
24 268
24 273
24 283
25 7
25 18
25 23
25 34
25 38
25 39
25 57
25 65
25 67
26 13
26 19
26 20
26 27
26 31
26 53
26 57
26 100
26 101
26 104
26 106
26 123
26 135
26 139
26 146
26 156
26 176
27 46
28 17
28 19
28 20
28 24
28 26
28 30
28 32
29 1
30 11
30 24
30 30
31 4
31 20
31 21
31 22
31 26
31 28
31 32
31 33
31 48
31 51
31 52
31 54
31 59
31 79
31 83
31 102
31 105
31 108
31 120
31 121
31 126
31 129
31 140
31 153
31 163
31 164
31 168
31 172
31 173
31 176
31 177
31 180
31 183
31 185
31 191
31 199
31 201
31 203
31 204
31 212
31 231
32 7
33 7
33 11
33 21
33 25
33 28
33 29
33 32
33 34
33 68
33 82
33 88
33 89
33 91
33 96
33 101
33 109
33 122
33 123
33 128
33 133
33 138
33 144
33 145
33 149
33 151
33 152
33 155
33 164
33 184
33 186
33 190
33 216
33 220
34 4
34 8
34 13
36 54
36 56
37 2
37 4
37 10
37 15
37 19
37 20
37 21
37 26
37 27
37 31
39 31
39 33
39 34
39 40
39 41
39 45
39 64
39 77
39 82
39 100
39 111
39 112
39 117
40 8
40 10
40 16
40 18
40 24
40 43
40 45
40 50
40 56
40 57
40 67
40 71
40 76
41 20
41 35
41 38
41 42
41 44
41 50
41 51
41 58
41 59
41 70
41 71
41 74
42 3
42 4
42 13
42 18
42 24
44 26
44 29
44 33
44 48
44 177
44 186
45 3
45 6
45 8
45 9
45 12
45 14
45 20
45 51
46 4
48 50
48 54
48 62
48 72
48 78
48 79
48 84
49 8
49 18
49 24
49 39
49 41
51 7
51 9
51 25
51 31
51 33
51 38
51 45
51 48
51 52
51 61
51 78
51 96
51 101
51 102
51 110
51 116
51 131
51 144
51 149
51 152
51 154
51 157
51 158
52 7
52 13
52 17
52 80
52 87
52 100
52 105
52 106
52 114
52 118
52 120
52 122
52 124
52 125
52 128
52 133
52 184
54 122
54 128
54 133
54 136
54 139
54 160
54 177
54 180
54 181
54 185
54 186
54 191
54 203
54 335
54 337
54 344
54 347
54 361
54 363
54 367
54 371
54 374
54 377
55 11
55 14
55 16
55 20
55 26
55 27
55 29
55 31
55 37
55 43
55 52
55 61
55 63
55 65
55 71
55 76
55 78
55 82
55 177
56 8
56 16
59 73
59 78
59 80
59 88
59 89
59 90
60 3
60 15
60 24
60 36
60 40
60 41
60 49
60 50
60 51
60 62
60 88
60 94
60 109
60 118
61 4
61 25
61 28
61 31
61 43
61 45
61 51
61 58
61 65
61 67
61 68
61 72
61 88
62 109
62 115
62 117
62 119
62 121
62 131
62 140
62 146
62 149
62 152
62 157
62 158
62 159
62 162
62 169
62 173
62 179
62 181
62 182
62 185
62 190
62 191
62 195
62 196
62 203
62 208
62 218
62 220
62 226
62 229
62 237
62 242
62 243
62 251
62 252
62 255
62 265
62 268
62 273
62 275
62 277
62 288
62 298
62 300
62 301
62 306
62 311
62 314
62 322
62 329
62 335
62 338
62 341
62 347
62 350
62 368
62 370
62 371
62 381
62 385
62 392
62 395
62 399
62 409
63 2
63 9
63 12
63 13
64 1
65 3
65 4
65 73
65 77
65 78
65 79
65 185
65 186
66 1
66 5
66 8
66 9
66 21
66 24
66 32
66 33
66 36
66 46
66 53
66 55
66 89
66 103
67 9
69 52
69 53
69 59
71 8
72 1
72 12
74 17
74 24
74 33
74 35
74 43
74 44
74 49
74 61
74 66
74 70
74 74
74 79
74 86
74 100
74 112
74 115
74 116
74 123
74 124
74 130
74 132
74 134
74 136
74 140
74 144
74 152
76 10
76 26
76 34
76 35
76 50
76 64
76 77
76 85
76 91
76 93
76 97
76 106
76 199
76 206
76 213
76 216
76 218
76 234
76 235
76 236
76 261
76 279
76 283
76 284
76 368
76 389
76 391
76 395
76 396
77 3
77 4
77 7
77 10
77 11
77 14
77 28
77 39
77 53
78 1
79 2
79 4
79 5
79 6
79 8
79 9
79 11
79 16
79 17
79 20
79 21
79 22
79 34
79 35
79 40
79 45
79 148
79 161
79 163
79 168
79 174
79 175
79 184
79 193
79 196
79 204
79 205
81 28
81 34
81 41
81 43
81 45
81 51
81 110
83 51
83 52
83 59
83 61
83 66
83 72
83 78
83 80
83 81
83 90
83 102
83 110
84 30
84 34
84 37
84 39
84 42
84 44
84 45
84 48
84 59
84 73
84 75
84 77
84 81
84 83
84 89
84 96
84 109
84 119
84 129
84 130
84 180
84 181
84 186
85 4
85 10
85 13
85 14
85 21
85 76
85 87
85 88
85 101
85 113
85 115
85 129
85 138
85 141
85 144
85 155
85 162
86 3
86 11
88 12
88 82
88 83
88 84
88 89
88 102
88 103
88 111
88 159
88 166
88 170
89 7
89 11
89 14
89 15
89 16
89 27
89 35
89 45
91 29
91 32
91 38
91 42
91 48
91 49
92 5
92 6
92 10
92 18
93 2
93 8
93 13
93 15
93 21
93 24
93 27
93 32
93 39
93 41
93 43
93 49
94 10
94 11
94 12
94 14
94 15
94 19
95 39
95 43
95 55
95 57
95 68
95 79
95 80
95 84
96 64
96 72
96 74
96 77
96 83
96 85
96 86
96 93
96 95
96 97
96 106
