1 1
1 11
1 13
1 14
1 18
1 28
1 29
1 30
1 33
1 34
3 2
3 5
3 15
5 52
5 62
5 72
5 74
5 75
5 79
5 83
5 96
5 106
5 108
5 110
5 114
5 115
5 116
6 18
6 48
6 50
6 64
6 76
6 91
6 92
6 95
6 98
6 100
6 106
6 119
6 120
6 123
6 141
6 147
6 150
6 151
6 155
6 156
6 161
6 174
6 180
6 183
6 187
6 209
6 214
6 215
7 8
7 10
7 17
7 21
7 25
7 27
7 31
8 19
8 20
8 28
8 31
8 44
8 51
8 52
8 54
8 72
8 73
8 81
8 88
8 95
8 98
8 101
8 107
8 113
8 117
8 122
8 133
8 140
8 143
9 1
9 3
9 6
9 8
9 18
9 19
9 23
9 26
9 27
9 28
9 33
9 37
10 5
11 7
11 9
11 12
11 15
11 22
11 99
11 100
11 106
11 174
11 175
11 178
11 189
11 194
11 212
11 213
11 215
11 220
11 222
11 229
11 231
11 240
12 22
12 23
12 25
12 27
12 31
12 39
12 41
12 160
12 163
12 164
12 172
12 174
12 186
12 194
12 204
12 211
12 213
12 223
12 228
12 230
12 240
12 244
12 393
12 395
12 405
12 412
12 417
12 426
12 428
12 434
12 442
12 444
12 445
13 5
13 13
13 20
13 23
13 27
13 28
13 49
13 51
13 70
13 72
13 76
13 80
13 83
13 90
13 93
13 95
13 108
13 242
13 245
13 246
13 248
13 250
13 252
13 253
13 254
13 255
13 256
13 259
13 262
13 272
13 281
13 285
13 309
15 36
15 38
15 40
15 45
15 51
16 8
16 12
16 16
16 19
16 22
16 38
16 58
16 63
16 65
16 68
18 2
18 14
18 32
18 33
18 41
18 54
19 9
19 22
19 33
20 11
20 19
20 22
20 27
20 32
20 34
20 41
20 43
20 47
20 51
20 58
20 62
20 72
20 73
20 91
21 4
21 5
21 7
21 39
21 44
21 49
21 64
21 66
21 81
21 88
21 89
21 98
21 106
21 109
21 113
21 121
21 122
21 136
21 143
21 149
21 151
21 154
21 159
22 5
22 6
22 8
22 22
22 31
22 33
22 35
22 36
22 41
22 44
22 45
23 7
23 8
23 18
23 21
23 28
23 54
23 56
23 58
23 63
23 65
24 15
24 27
24 32
24 34
24 40
24 50
24 58
24 63
24 79
24 97
24 107
24 122
24 123
24 139
24 147
24 150
24 168
24 175
24 178
24 181
24 193
24 210
25 8
25 14
26 12
26 18
26 26
26 32
26 40
26 46
26 47
26 51
27 7
27 16
27 18
27 27
27 31
27 33
27 121
28 6
28 14
28 144
29 3
29 16
29 24
29 39
29 46
29 56
29 57
29 60
29 61
29 63
29 74
29 75
30 3
30 5
30 10
30 16
30 18
30 32
30 36
30 38
30 55
30 57
30 66
30 67
30 71
30 76
30 81
30 84
30 97
30 102
31 28
31 32
32 4
32 6
32 7
32 10
32 19
32 23
33 9
33 11
33 12
33 15
33 22
33 24
33 31
33 33
33 38
33 110
33 111
33 122
33 124
33 128
33 129
33 135
33 141
33 159
33 160
33 161
33 169
33 181
33 182
33 189
33 203
33 246
33 257
33 271
33 273
33 275
33 282
33 285
34 1
34 3
34 7
34 8
34 14
34 28
34 29
34 35
34 39
34 52
34 61
34 66
34 85
34 88
35 4
35 8
35 9
35 10
35 13
35 19
35 20
35 21
35 29
35 31
35 37
35 39
35 44
35 46
35 55
35 58
35 70
35 76
35 89
35 92
35 96
35 116
35 118
35 120
36 1
37 5
37 10
37 17
37 21
37 24
37 35
38 88
39 41
39 43
39 68
39 69
39 73
40 2
40 5
40 7
40 16
40 17
40 42
41 1
41 4
42 1
42 9
42 11
42 15
42 18
43 13
43 17
43 24
43 26
43 30
43 34
43 41
43 49
43 67
43 72
43 79
43 81
43 87
43 90
43 100
44 14
44 22
45 2
46 10
46 11
46 12
46 13
46 20
46 25
46 27
46 32
46 34
46 46
46 53
46 55
47 11
47 12
47 15
47 30
48 3
48 26
48 41
48 53
48 54
48 64
48 69
48 71
48 77
48 89
48 90
48 93
48 95
48 97
48 106
49 34
49 36
49 37
49 42
49 46
49 52
49 57
50 42
50 54
50 55
52 26
52 29
52 30
53 18
53 24
53 26
53 33
53 41
53 55
53 56
53 60
53 67
53 69
53 73
53 77
53 122
53 125
53 131
53 141
53 144
53 148
53 150
54 3
54 7
54 15
54 17
54 27
54 33
54 39
54 41
54 49
54 57
54 60
54 68
54 74
54 75
54 78
54 88
54 89
54 91
54 92
54 97
54 99
54 103
54 121
54 127
54 141
54 145
55 2
55 3
55 4
55 17
55 25
55 39
55 55
55 56
55 69
55 87
55 93
55 95
55 104
55 111
55 119
55 126
55 132
55 133
55 244
55 252
55 256
55 261
56 3
57 7
57 16
57 19
57 21
57 22
58 30
58 40
58 51
58 57
58 58
58 59
58 63
58 78
58 81
58 83
58 86
58 88
58 89
58 90
58 94
58 105
58 108
58 117
58 130
58 143
58 146
58 184
58 186
58 189
58 196
58 203
58 215
58 222
58 229
58 230
58 240
58 248
58 250
58 255
58 256
58 264
58 274
58 278
58 283
58 284
58 317
58 318
58 320
58 321
58 324
58 327
58 330
58 337
58 339
58 340
58 342
58 345
58 363
58 370
58 376
58 395
58 401
58 406
58 408
58 415
58 459
58 462
58 470
58 476
58 485
58 496
58 499
58 502
58 503
58 504
58 505
58 508
58 511
58 512
58 521
58 585
58 603
58 606
58 612
58 613
58 617
58 626
58 629
60 8
60 16
60 17
60 24
60 30
60 32
60 37
60 41
60 49
60 53
60 55
60 58
60 60
60 65
60 68
60 76
60 82
60 93
60 99
61 121
61 128
61 137
61 144
61 148
61 150
61 153
61 161
61 164
61 168
61 172
61 173
61 174
61 196
61 199
61 208
64 25
64 30
64 40
64 48
64 62
64 71
64 88
64 92
64 93
64 97
64 105
64 115
64 117
66 71
66 74
66 88
66 90
66 153
67 18
67 26
67 34
67 43
67 44
67 59
67 71
68 2
68 11
68 14
68 15
68 30
68 33
68 35
68 39
68 43
68 44
68 114
68 115
68 118
68 119
68 124
68 131
68 133
68 149
68 151
68 155
68 157
69 2
70 7
70 8
70 14
70 15
70 17
70 20
70 40
70 42
70 71
70 72
70 74
70 80
70 83
70 90
70 161
70 162
70 176
72 101
72 103
72 104
72 114
72 115
72 117
72 121
72 123
72 124
72 131
72 135
72 140
72 147
72 148
72 150
72 152
72 158
72 159
72 161
72 236
72 244
72 254
72 256
72 260
72 261
72 264
72 265
72 268
72 271
72 275
72 305
72 308
72 310
72 313
72 320
72 327
72 329
72 335
72 338
72 341
72 345
72 348
72 353
72 362
72 375
73 2
73 5
73 10
73 13
73 14
73 15
73 42
73 44
73 48
73 59
73 62
74 7
74 8
74 13
76 5
76 6
76 11
76 12
76 19
76 26
76 31
76 45
76 47
76 49
76 53
76 55
77 2
77 11
77 18
77 19
78 10
78 13
78 14
78 18
78 28
78 30
78 31
78 42
78 54
78 62
78 63
78 66
79 3
79 11
79 17
79 30
79 34
79 36
79 46
79 48
79 52
80 3
80 19
80 24
80 32
80 35
80 40
80 49
80 70
82 2
82 5
82 9
82 10
82 15
83 2
83 4
83 135
83 139
83 148
83 151
83 163
83 168
83 172
84 44
84 55
84 56
84 58
84 80
84 81
84 84
84 86
84 96
84 102
85 7
86 40
86 54
87 2
88 13
88 22
88 24
88 34
89 3
89 5
89 7
89 20
89 23
89 26
89 141
89 144
89 151
89 152
89 158
89 164
89 165
89 181
89 186
89 195
89 196
89 197
89 206
89 223
90 15
90 61
90 65
90 67
90 73
90 78
90 82
90 85
90 86
91 2
91 11
91 13
91 14
91 17
93 52
94 1
94 16
94 24
94 28
94 29
94 36
94 38
94 41
96 86
96 89
96 90
96 91
96 108
96 109
96 110
97 2
97 4
97 6
97 12
97 18
97 22
97 23
97 28
97 29
97 32
97 33
97 41
97 45
97 56
97 61
97 62
97 66
97 67
97 85
97 89
97 93
97 102
97 103
97 113
97 117
97 121
97 127
97 130
97 137
97 138
97 143
97 149
97 158
97 260
