1 1
1 3
1 14
1 16
1 17
1 32
1 51
1 59
1 64
1 68
1 70
1 72
1 84
2 6
2 11
2 12
2 13
2 17
4 25
4 26
4 35
4 43
4 46
4 49
4 65
4 73
4 74
4 82
4 89
4 95
4 98
4 101
4 139
4 142
4 146
4 147
4 156
4 160
4 166
4 168
4 172
4 175
4 186
4 188
5 8
5 11
5 12
5 17
6 5
6 72
6 75
6 83
6 86
6 87
6 95
6 99
6 104
6 110
6 118
6 138
6 146
6 150
6 152
6 169
6 174
6 189
7 2
7 6
7 26
9 3
9 9
9 10
9 12
9 13
9 21
9 22
9 28
9 43
9 52
9 58
9 66
9 83
9 93
9 94
9 99
9 105
9 106
9 112
9 113
9 118
9 119
9 121
9 122
9 123
9 133
9 138
9 139
9 148
9 159
9 178
9 181
9 187
9 191
9 206
9 216
9 219
9 230
9 234
9 237
10 4
10 5
11 1
11 2
11 3
11 11
11 12
11 23
11 47
11 53
11 55
11 57
11 63
11 68
11 70
11 75
11 78
11 79
11 81
11 83
11 89
11 127
11 145
11 162
11 166
12 2
12 4
12 12
12 19
12 25
12 39
13 1
13 6
13 19
13 28
13 30
13 38
13 41
13 43
13 51
13 59
13 63
13 71
13 74
13 78
13 85
13 92
14 4
14 5
14 10
14 11
14 14
14 17
14 18
14 19
14 22
14 24
14 27
16 2
16 6
16 17
16 22
16 23
16 26
16 29
16 127
17 2
17 24
17 41
17 47
17 79
17 86
17 97
17 100
17 103
17 121
17 129
17 130
17 261
17 277
17 282
17 289
17 292
17 296
17 301
17 303
17 304
17 307
17 314
17 317
17 318
17 321
17 326
17 349
17 352
17 354
17 360
18 27
18 28
18 32
18 36
18 42
18 47
18 60
18 62
18 63
18 64
18 66
18 102
18 109
18 113
18 114
19 2
19 9
19 19
19 30
19 35
19 53
19 68
19 88
19 102
19 103
19 110
19 113
19 115
19 118
19 126
19 131
19 132
19 137
19 139
19 142
19 146
19 152
20 1
20 3
20 76
20 80
20 81
20 82
20 88
20 101
20 107
21 23
21 27
21 29
21 30
21 32
21 33
21 42
21 43
21 60
21 69
21 72
21 73
21 79
21 80
21 88
21 92
22 5
22 6
22 15
22 29
22 36
22 38
22 49
22 53
22 61
22 77
22 78
22 80
22 86
22 90
22 92
22 94
22 104
22 111
22 112
23 37
23 42
23 47
23 51
23 57
23 63
23 65
23 67
23 69
23 81
23 88
23 100
23 109
23 114
23 115
23 121
23 125
23 260
23 264
23 279
23 280
23 282
23 284
23 288
23 290
23 291
23 293
23 294
23 299
23 304
23 305
23 313
23 315
23 316
23 326
23 329
23 356
23 362
23 366
23 370
23 373
23 374
23 375
23 378
23 383
23 386
23 388
23 389
23 390
23 393
23 397
23 406
23 418
23 419
24 3
24 9
24 10
25 3
25 12
25 71
25 82
25 85
25 96
25 105
26 7
26 9
26 16
28 21
28 22
28 23
28 61
28 67
29 5
29 17
29 19
29 22
29 34
29 35
29 41
29 45
29 48
29 54
29 59
29 68
29 81
29 86
29 92
29 107
29 109
29 113
29 114
29 115
29 133
29 139
29 142
29 147
29 148
29 154
29 155
29 160
29 165
29 175
29 178
29 180
29 182
29 183
30 32
31 8
31 10
31 12
31 20
31 21
32 3
32 4
32 7
32 11
32 12
32 18
32 27
32 33
32 34
32 35
32 47
32 51
33 9
33 12
33 14
33 15
33 17
33 29
33 31
33 67
33 72
33 79
33 83
33 86
33 90
33 94
33 102
33 106
34 2
34 7
34 17
34 18
34 30
35 4
35 14
35 23
35 35
35 44
35 45
36 3
36 10
36 13
36 17
36 20
38 2
38 18
38 22
39 13
40 22
40 24
40 27
40 157
40 163
40 165
40 167
40 168
40 172
40 173
40 184
40 187
41 33
41 40
41 41
41 45
42 1
42 5
42 7
42 9
42 14
42 15
43 16
43 24
45 10
45 17
45 23
47 3
47 8
47 10
47 12
49 53
49 58
49 63
49 68
49 69
49 73
49 76
49 81
51 30
51 32
51 45
51 50
51 53
51 55
52 8
52 10
52 12
52 13
52 31
52 37
52 38
52 41
52 43
52 45
52 62
52 64
52 198
52 203
52 206
52 207
52 209
53 6
53 9
53 19
53 28
53 31
53 34
53 42
53 92
53 94
53 95
53 100
53 103
53 104
53 105
53 111
53 134
54 1
54 6
54 7
54 26
54 27
54 28
54 29
54 32
54 33
54 34
54 38
54 39
54 50
54 53
54 55
54 61
54 65
54 68
54 77
55 1
55 8
55 32
55 39
55 40
55 58
55 87
55 96
55 111
55 116
55 118
55 121
55 143
55 144
55 147
55 149
55 150
55 153
55 170
55 183
55 195
55 199
55 218
55 220
55 225
55 236
55 240
55 244
55 259
56 72
56 75
56 80
56 91
56 94
56 98
56 104
56 105
56 106
56 114
56 116
56 123
56 128
56 134
56 142
56 145
56 149
56 154
56 170
56 171
56 175
56 180
58 114
58 118
58 124
58 128
58 130
58 132
58 133
59 11
59 19
59 20
59 21
59 24
59 27
59 30
60 93
60 100
60 104
60 107
60 109
60 113
61 53
61 57
61 62
61 64
61 65
61 67
61 70
61 77
61 78
61 79
62 8
62 10
62 11
62 13
63 3
63 4
63 9
63 12
63 15
63 27
63 60
63 89
63 92
63 97
63 101
63 104
63 106
63 110
63 129
63 131
63 132
63 135
63 138
63 147
63 150
63 158
63 161
63 194
63 204
63 207
63 213
63 215
63 221
63 223
63 225
63 226
63 227
63 233
63 234
63 246
63 247
63 248
63 259
63 262
64 1
64 8
64 15
65 44
65 45
65 56
65 75
65 77
65 89
65 94
65 101
65 104
65 109
65 144
65 145
65 153
65 156
65 157
65 164
65 166
66 1
66 12
66 14
66 25
66 26
66 37
66 40
66 50
66 53
66 55
66 57
66 60
66 65
66 77
67 39
67 44
67 45
67 55
67 63
67 65
67 78
67 82
67 84
68 10
68 12
68 13
68 20
68 29
68 35
68 38
68 40
68 43
68 52
68 57
68 61
68 66
68 67
68 70
68 73
68 78
70 4
70 6
70 9
70 27
70 35
71 39
71 40
71 47
71 57
71 59
71 73
71 80
71 89
71 104
72 4
72 76
72 79
72 82
73 10
73 12
73 14
73 24
73 29
73 40
74 2
74 10
74 17
75 3
75 7
75 11
75 15
75 17
75 21
77 26
77 28
77 35
77 47
77 48
77 52
77 72
78 9
78 128
78 133
78 142
78 148
78 155
78 156
78 162
78 163
78 166
78 169
78 175
78 186
78 200
78 211
79 6
79 8
79 19
79 20
79 21
79 33
79 41
79 43
79 49
79 51
79 57
79 62
79 63
79 69
79 71
79 77
79 78
79 82
79 86
79 98
79 100
79 103
79 118
79 127
79 130
79 148
79 162
79 182
79 187
79 214
80 77
80 84
80 86
80 88
80 91
80 92
80 94
80 98
80 101
80 102
80 108
80 114
80 129
80 139
80 153
80 169
80 170
80 176
80 179
80 181
80 185
80 186
81 3
81 5
81 7
81 15
81 17
81 24
81 34
81 58
81 71
81 75
81 76
81 80
81 87
81 120
81 121
81 125
81 134
82 1
82 2
82 6
82 10
82 14
82 20
82 59
82 62
82 67
82 69
82 71
82 74
82 78
82 79
82 91
82 95
82 96
82 98
82 103
82 104
82 106
83 3
84 7
84 14
84 35
85 1
85 7
85 9
87 18
90 3
90 5
90 7
90 9
90 16
90 17
90 18
90 36
90 39
90 41
90 48
90 53
90 58
90 60
90 73
90 75
90 80
90 87
90 89
90 102
90 188
90 189
90 192
90 195
90 196
90 201
90 210
90 217
90 234
90 240
90 243
90 249
90 252
90 254
90 260
90 274
90 288
90 289
90 311
90 312
90 319
90 321
91 56
91 65
91 73
91 78
91 79
91 81
91 85
91 97
91 103
91 106
91 112
91 130
91 135
91 147
91 150
91 152
91 154
91 165
91 167
91 168
91 170
91 177
91 179
92 7
92 13
92 27
93 1
93 6
93 9
93 10
93 11
93 18
93 28
93 30
93 35
93 39
94 2
96 9
