1 27
1 59
1 60
1 62
1 63
1 68
2 1
2 9
2 11
2 34
2 35
2 40
3 8
4 12
4 34
5 1
6 5
6 7
6 13
6 28
6 34
6 36
6 39
6 42
6 48
6 62
6 64
8 15
8 28
8 30
9 61
9 66
9 67
9 71
9 84
9 85
9 90
9 91
9 101
9 105
9 113
9 127
9 135
10 14
10 15
10 18
10 21
10 22
10 32
10 41
10 46
10 47
10 53
10 62
10 73
10 82
10 112
10 117
10 128
10 138
10 165
10 171
10 173
10 174
10 176
10 182
10 185
10 186
10 190
10 198
10 201
10 209
10 218
10 221
10 222
10 226
10 237
10 241
10 243
10 244
10 263
10 268
10 270
10 275
10 276
10 281
10 289
10 290
10 293
10 304
11 66
11 67
11 68
11 73
11 85
11 108
11 113
11 117
12 3
12 4
12 13
12 16
12 20
12 39
13 105
13 111
13 114
15 94
15 105
15 112
15 136
15 146
15 148
15 158
15 159
15 176
18 9
18 10
18 27
18 43
18 78
18 85
18 87
18 91
18 97
18 100
18 105
18 107
18 110
18 112
18 126
18 129
18 132
18 147
18 150
18 151
18 152
19 8
19 13
19 15
19 16
19 33
19 42
19 45
19 46
19 48
19 51
19 60
19 76
19 84
19 87
19 101
19 116
20 2
20 9
20 13
20 15
20 21
20 38
20 41
21 4
21 5
22 7
22 21
22 24
22 25
22 33
22 34
22 36
22 47
22 54
22 56
22 58
22 62
22 67
22 73
22 81
22 82
22 90
22 108
22 119
22 142
22 146
22 151
22 156
22 163
22 164
22 171
22 173
22 185
22 190
22 194
22 196
22 205
23 10
23 15
23 29
23 30
23 37
23 44
23 66
23 73
23 84
23 214
23 222
23 231
23 235
23 237
23 243
23 245
23 255
23 387
23 397
23 400
23 402
23 408
23 417
23 455
23 460
23 462
23 470
23 478
23 485
23 486
23 489
23 491
23 496
24 4
24 5
24 7
25 1
25 33
25 34
25 47
25 49
25 53
25 65
25 71
25 74
25 76
25 80
25 82
26 7
26 9
26 10
26 28
26 30
26 34
26 40
26 43
26 52
26 53
26 64
26 69
26 71
26 77
26 78
26 85
26 88
26 89
26 94
26 104
26 106
26 108
26 110
26 112
26 115
26 116
26 127
26 128
26 159
26 299
26 302
26 306
26 307
27 34
27 36
27 38
28 7
28 10
28 14
28 23
28 44
28 45
28 55
28 68
28 76
28 90
28 91
28 101
28 103
28 104
28 108
28 111
28 118
28 123
28 144
28 152
28 169
28 170
28 174
28 199
28 200
28 202
28 205
28 210
28 212
28 213
28 216
28 234
28 239
28 241
28 250
28 263
28 266
28 272
28 280
28 281
28 287
28 289
28 302
28 303
28 330
28 331
28 333
28 337
28 351
29 1
29 10
29 16
29 26
29 46
29 52
29 53
29 57
29 58
29 59
29 71
30 1
30 16
30 20
30 40
30 59
30 65
30 72
30 76
31 2
31 5
31 11
31 13
31 16
32 4
32 10
32 13
33 2
33 3
33 4
35 34
35 73
35 74
35 76
35 77
35 79
35 80
35 88
35 94
35 108
35 109
35 121
35 127
35 128
35 129
35 130
35 145
35 165
35 186
35 195
35 210
35 217
35 229
35 233
35 247
35 254
35 275
35 281
35 288
35 292
35 299
35 305
35 326
35 330
35 335
35 337
35 356
35 361
35 363
36 14
36 19
36 33
36 38
36 46
36 56
36 64
37 1
38 7
38 17
38 31
38 52
38 58
38 59
38 82
38 87
38 88
38 90
38 93
38 98
38 100
38 106
38 108
38 112
38 115
38 122
38 125
38 126
38 134
38 138
38 140
38 144
38 160
38 163
38 172
38 178
38 183
39 2
39 4
39 8
39 10
39 17
39 20
39 27
39 28
39 34
39 38
39 47
39 52
39 59
41 19
41 50
42 2
42 15
42 18
42 60
42 72
42 73
42 94
42 103
42 105
42 106
42 112
42 113
42 115
42 119
42 121
42 125
42 139
42 145
42 148
42 166
42 168
42 178
42 179
42 193
43 2
43 6
43 8
43 11
43 12
44 1
44 11
44 14
44 24
44 30
44 31
44 32
44 36
44 37
44 38
44 40
44 41
44 47
44 106
44 110
44 116
44 121
44 132
44 133
44 135
44 137
44 142
44 152
44 154
44 166
44 179
44 180
44 185
44 189
44 215
44 218
44 234
44 248
44 250
44 273
45 1
45 23
45 26
45 28
45 34
45 38
45 42
45 44
45 48
45 50
45 54
45 56
45 58
45 61
47 104
47 137
47 138
47 140
47 144
47 147
47 154
47 155
47 163
47 166
47 203
47 204
47 213
47 220
47 222
47 226
47 234
47 236
47 253
49 56
49 60
49 71
49 81
49 82
49 85
49 92
49 95
49 98
50 6
50 8
50 9
50 18
50 21
50 22
50 31
54 69
54 75
54 77
54 170
54 173
54 174
54 183
54 185
54 192
55 22
55 24
55 39
55 44
55 54
55 61
55 63
55 66
55 69
55 75
55 79
55 87
55 96
55 98
55 105
56 1
56 16
56 17
56 18
56 20
57 2
57 3
58 3
58 4
58 6
59 6
59 8
59 11
59 15
59 16
59 24
59 32
59 44
59 52
59 56
59 70
59 90
59 91
59 97
59 105
59 110
59 114
59 117
59 139
59 140
59 174
59 175
59 176
59 177
59 189
59 192
63 25
63 48
63 49
63 64
65 94
65 102
65 109
65 136
65 168
65 187
65 193
65 196
65 217
66 20
66 25
66 26
66 28
66 30
66 31
66 35
66 56
66 60
66 64
66 68
66 74
66 76
67 13
67 23
67 25
67 29
67 30
67 31
67 33
67 34
67 41
67 55
67 66
67 72
67 73
67 83
67 86
67 91
67 102
67 104
67 115
67 124
68 5
68 9
68 11
68 14
68 15
68 17
68 25
68 27
68 29
68 34
68 36
68 46
68 61
68 71
68 78
68 91
68 97
68 101
68 114
68 115
68 117
68 119
68 121
68 197
68 201
69 2
69 12
69 18
69 24
69 28
69 29
69 32
69 64
69 71
70 4
70 5
70 9
70 121
70 127
72 7
72 8
72 10
72 15
72 27
72 29
72 37
72 48
72 54
72 62
72 78
72 85
74 26
74 31
74 32
74 38
74 40
74 43
74 49
74 50
75 6
75 17
75 34
77 5
77 6
77 8
77 14
77 22
77 24
77 27
77 49
80 58
80 59
80 74
80 77
80 78
80 86
80 88
80 92
80 96
80 97
80 101
80 107
81 3
81 5
81 21
81 22
81 37
81 39
81 43
81 47
81 50
81 62
81 75
82 1
82 4
82 10
82 13
82 23
82 27
82 28
82 30
83 5
85 10
85 17
85 20
85 36
85 40
85 41
88 6
88 13
89 3
89 6
89 7
89 10
89 14
90 1
90 2
90 4
90 10
90 13
90 18
90 28
90 38
90 67
90 69
90 70
90 83
90 89
90 93
90 101
90 102
90 105
90 106
90 117
90 120
90 141
90 146
90 163
90 168
90 169
90 175
90 188
90 197
90 201
90 202
90 214
90 216
90 219
90 222
90 226
90 228
90 230
90 243
90 248
90 249
90 250
90 251
90 257
90 264
90 265
90 267
90 274
91 23
92 57
92 58
92 61
92 66
92 78
92 84
92 90
93 21
93 24
93 33
93 35
94 5
94 11
94 24
94 31
94 39
94 43
96 1
96 11
97 49
97 72
97 74
97 95
97 97
97 101
97 123
97 134
97 136
97 140
97 142
97 218
97 222
97 228
98 1
98 3
98 15
98 19
98 25
98 33
98 43
98 45
98 52
98 76
98 77
98 79
98 95
98 96
98 99
98 103
98 108
98 111
98 119
98 121
98 127
98 133
99 28
99 29
99 32
99 38
100 6
100 17
100 20
100 24
100 86
101 63
101 74
101 77
101 78
101 80
101 84
101 85
101 86
102 96
102 97
102 100
102 118
102 120
103 10
103 11
103 17
103 18
103 21
103 39
103 42
103 43
104 27
104 30
104 32
104 55
104 56
105 2
105 9
105 15
105 19
105 20
105 26
105 27
105 30
