1 5
1 7
2 1
2 15
2 17
4 3
4 20
4 30
7 35
7 174
7 181
7 184
7 190
9 7
9 9
9 14
9 15
9 25
9 30
9 31
9 42
9 48
9 68
9 76
9 82
9 84
9 92
9 93
9 100
9 103
9 107
9 112
9 116
9 122
9 125
9 126
9 141
9 142
9 165
9 182
9 188
9 193
9 198
9 210
9 216
9 219
9 220
9 221
9 236
9 241
9 242
9 244
9 248
9 250
9 253
9 322
9 353
9 360
9 361
9 366
9 370
9 371
9 373
9 374
9 386
9 388
9 392
9 393
9 401
9 403
9 410
9 414
9 420
9 423
9 425
9 437
9 438
9 441
9 451
9 452
9 463
9 464
9 468
9 473
9 478
9 493
9 498
9 501
9 505
9 507
9 509
10 2
10 6
10 21
10 22
10 29
10 32
10 37
10 39
10 40
11 5
12 1
12 3
12 5
12 6
13 1
13 16
13 24
13 33
13 41
13 45
15 10
15 35
15 39
15 54
15 57
16 2
16 5
16 14
16 17
16 27
16 31
16 35
16 39
16 41
16 60
16 76
16 81
16 88
16 93
16 101
16 103
16 104
16 124
16 127
16 131
17 1
17 2
17 3
17 4
17 8
17 9
18 6
18 7
19 1
19 7
20 64
20 68
20 69
20 80
20 87
20 91
20 97
20 99
21 5
22 1
22 4
23 4
23 5
23 8
23 17
23 25
23 30
23 39
23 46
23 51
23 53
24 21
24 31
24 32
24 33
24 40
24 41
24 45
24 47
24 52
24 54
25 13
25 20
25 29
25 31
25 34
25 47
25 49
26 12
26 15
26 21
26 24
26 25
26 26
26 28
26 33
26 34
26 37
26 48
26 55
26 57
26 62
27 11
27 17
27 21
28 5
30 81
30 83
30 89
30 90
30 92
30 93
30 96
30 99
30 102
30 120
30 121
30 128
30 129
30 131
30 137
30 139
30 148
30 149
31 1
31 2
31 10
31 17
32 8
32 14
32 19
33 3
33 7
33 9
34 2
34 10
34 11
35 3
35 9
35 16
35 23
35 25
35 29
35 31
35 37
35 43
35 47
36 1
36 6
36 9
36 12
36 16
36 18
36 87
36 88
36 92
36 93
36 97
36 100
36 106
37 6
37 10
37 24
37 38
37 43
39 5
39 11
39 12
39 35
41 81
41 82
41 86
41 88
41 92
41 99
41 110
41 115
41 122
41 124
41 130
41 132
41 139
41 148
41 153
41 168
41 170
41 173
41 179
41 188
41 189
41 196
41 207
41 209
41 211
41 213
42 41
42 87
42 95
42 100
42 101
42 103
43 3
43 5
43 12
43 15
43 16
43 36
43 39
43 51
43 70
43 74
43 75
43 77
43 82
43 84
43 87
43 93
43 96
43 100
43 107
43 112
43 117
43 121
43 122
43 130
43 132
43 137
43 139
43 142
44 19
45 2
45 4
45 10
45 18
46 9
46 11
46 22
46 25
46 27
46 28
46 39
46 43
46 49
46 97
46 99
47 2
47 15
47 21
47 22
47 35
47 38
47 39
47 42
47 43
47 44
48 20
48 31
48 33
48 35
48 37
48 40
49 6
49 10
49 13
49 31
49 37
49 39
49 42
49 48
49 62
49 67
49 71
49 77
49 80
49 84
49 86
49 91
49 94
49 100
49 107
49 108
49 122
49 135
49 137
49 142
49 143
49 161
49 176
49 178
49 184
49 188
49 193
49 204
49 205
49 208
49 215
49 220
49 224
51 33
51 40
51 41
51 61
51 70
51 72
51 74
51 77
52 1
52 15
52 21
52 24
52 25
53 1
53 8
53 10
53 20
53 22
53 27
54 8
55 2
55 3
55 8
55 21
55 43
55 46
55 52
55 61
55 82
55 87
55 95
55 98
55 110
55 136
55 144
55 153
55 158
55 162
55 166
55 180
56 2
56 4
56 8
56 14
56 16
56 20
56 22
56 25
56 27
56 41
56 44
56 46
56 72
56 75
56 83
56 85
56 91
56 113
56 114
56 115
56 118
56 123
56 129
56 131
56 132
56 134
57 62
57 73
57 78
57 81
58 115
58 120
58 125
58 130
58 142
58 146
58 147
58 171
58 177
58 178
58 179
58 183
58 195
58 198
59 37
59 41
59 49
59 52
59 54
59 57
60 6
60 21
60 85
60 88
60 96
61 2
61 4
61 49
61 74
61 75
61 79
62 4
62 18
62 26
62 31
62 32
62 33
62 35
62 40
62 46
62 48
62 52
62 60
62 66
62 67
62 69
62 80
62 82
65 23
65 25
65 31
65 32
65 35
65 37
65 42
65 52
65 73
65 77
65 81
65 83
65 100
66 3
66 4
66 9
66 14
66 23
66 28
66 37
66 39
66 52
69 34
69 41
69 52
69 59
69 63
71 14
71 16
72 34
72 59
72 66
72 78
72 86
72 102
72 116
72 124
72 126
72 129
73 1
73 2
73 3
73 19
73 22
73 36
73 62
73 63
73 69
73 77
73 78
73 82
73 168
73 169
73 179
73 181
73 186
73 188
73 193
73 197
73 199
73 200
73 219
73 220
73 237
73 249
73 251
73 252
73 257
73 270
73 271
74 19
74 20
74 22
74 26
74 33
74 37
74 40
74 43
74 45
74 49
74 52
75 92
75 98
75 109
75 111
75 112
75 114
75 116
75 119
75 121
76 4
76 11
76 12
76 19
76 56
76 60
76 65
76 66
76 71
76 74
76 76
76 88
76 99
76 100
76 101
77 5
78 2
78 8
78 12
78 13
78 24
79 2
79 7
79 18
79 27
79 34
79 41
79 46
79 48
79 49
79 50
79 65
80 10
80 14
80 15
81 127
82 4
82 5
82 9
82 11
82 18
82 31
82 34
82 38
82 44
82 47
82 53
82 54
82 60
83 13
83 20
83 28
83 33
83 37
83 40
83 43
83 45
83 52
83 56
83 65
83 70
83 72
83 94
83 96
83 99
83 111
83 115
83 119
83 121
83 123
83 132
83 134
83 144
83 147
83 150
83 161
84 5
84 8
84 11
84 12
84 15
84 25
85 4
85 19
85 31
85 33
85 34
85 37
85 49
85 51
85 64
85 65
85 74
85 76
88 109
88 114
88 135
88 139
88 141
88 148
88 158
88 163
88 165
88 166
88 168
88 180
88 185
88 198
88 200
88 213
88 216
88 217
88 223
88 230
88 243
88 256
88 260
88 265
88 269
88 272
88 274
88 275
88 280
89 8
89 15
89 16
89 24
89 26
89 28
89 29
89 30
89 36
89 39
89 41
89 42
89 44
89 59
89 63
89 67
89 73
89 78
89 80
89 85
89 86
89 113
89 130
89 131
89 147
90 3
90 8
90 28
90 29
90 34
90 35
90 172
90 173
90 174
90 180
90 189
90 191
90 200
90 202
90 204
90 206
90 212
90 219
90 220
90 224
90 229
90 231
90 238
90 252
90 253
90 261
90 262
90 268
90 271
90 274
90 275
90 281
90 283
90 285
90 290
90 293
90 296
90 299
90 303
90 307
90 316
90 322
90 334
91 5
91 7
91 13
91 14
91 17
91 22
91 29
93 1
93 5
93 26
93 30
93 33
93 35
94 72
94 73
94 75
94 77
97 26
97 90
97 96
97 105
97 107
97 109
97 110
97 111
97 112
97 115
97 120
97 122
97 123
97 126
97 129
97 130
97 132
97 140
97 145
97 147
98 1
98 5
98 6
98 9
98 14
100 10
100 23
100 35
101 53
101 55
101 185
101 187
101 188
101 204
102 1
102 3
102 5
102 16
102 17
102 21
102 27
102 37
102 44
102 48
102 54
102 55
102 62
102 69
102 71
102 77
102 80
102 83
102 85
102 89
102 90
102 93
102 94
102 96
102 103
102 112
102 113
102 117
102 122
102 131
102 135
102 142
102 150
102 169
103 39
103 42
103 43
103 47
103 50
103 54
103 63
103 70
103 71
103 80
104 1
104 262
104 265
104 268
104 278
104 284
104 285
104 287
104 298
104 307
104 308
104 311
104 312
104 316
104 317
104 321
105 2
105 12
105 20
105 29
105 38
105 41
105 44
105 50
105 51
105 53
106 49
106 57
106 60
106 74
106 110
106 111
106 112
106 120
106 130
106 143
106 153
107 3
107 5
108 14
108 26
108 29
108 39
108 46
108 51
108 52
108 54
108 63
108 73
108 75
108 83
108 87
108 95
108 98
108 119
108 127
109 18
110 39
110 53
110 55
110 58
110 63
110 76
110 82
110 88
110 97
110 101
110 107
110 109
110 111
110 124
110 130
110 136
112 2
112 4
112 21
112 22
112 32
112 43
112 46
112 75
112 83
112 84
112 93
112 94
112 99
112 102
112 105
112 121
114 45
114 64
114 74
114 75
114 77
114 78
114 81
114 83
114 84
114 89
114 93
114 94
114 108
114 114
114 121
114 125
114 135
114 137
115 2
115 4
115 8
115 24
