1 5
1 6
1 11
1 18
1 20
1 21
1 28
1 30
1 43
1 45
1 48
1 56
1 57
1 64
1 69
1 74
1 77
1 83
1 158
1 161
1 171
1 176
3 48
3 52
3 56
3 71
3 72
3 74
3 77
4 3
4 4
4 16
4 22
4 35
4 41
4 46
4 56
4 59
4 66
4 73
4 81
4 85
4 88
4 90
4 94
4 98
4 99
4 108
4 114
4 122
4 126
4 128
4 130
5 5
6 1
6 7
6 10
7 2
8 2
8 7
9 8
9 29
9 30
9 32
9 36
9 43
9 45
10 4
10 5
10 18
10 19
10 41
10 42
10 59
10 64
10 70
10 71
10 74
10 78
10 90
11 11
11 18
11 76
11 80
11 81
11 327
11 331
11 336
11 337
11 344
11 349
11 356
11 364
11 371
11 374
11 384
11 406
11 409
11 410
11 411
11 423
11 425
12 40
15 12
15 22
15 35
15 39
15 50
15 62
15 67
15 68
15 69
15 70
15 71
15 82
15 85
15 91
15 100
15 110
15 113
15 115
15 116
15 119
15 120
15 136
15 139
16 9
16 10
18 7
18 21
18 27
19 3
19 8
19 23
19 24
19 28
19 29
19 34
19 39
19 47
19 61
19 64
19 66
19 202
20 14
20 15
20 22
21 3
21 4
21 6
21 9
21 25
21 37
21 45
21 48
21 59
22 1
22 14
22 15
22 24
23 1
23 3
24 4
24 5
24 7
24 10
24 17
24 21
24 23
24 34
24 38
24 40
24 43
24 52
24 53
24 61
24 65
24 66
24 73
24 99
24 100
24 102
24 105
24 111
24 184
24 198
24 205
24 213
24 217
24 219
24 225
24 232
24 239
24 250
24 258
24 259
24 273
24 274
24 288
24 301
24 304
24 306
24 307
24 311
25 12
26 9
26 14
26 19
26 23
26 24
26 27
26 31
26 42
26 43
26 48
26 49
26 55
26 59
26 63
26 65
27 7
27 10
27 19
27 20
27 23
27 24
27 25
27 26
29 11
29 12
29 15
29 21
29 22
29 27
29 31
29 34
29 36
29 38
29 54
29 56
29 57
29 63
29 71
29 73
29 74
29 75
29 80
29 81
29 89
29 96
29 98
29 110
29 122
29 129
29 131
29 132
29 141
29 145
29 151
30 4
30 12
30 14
30 19
30 28
30 33
30 36
30 37
31 6
32 3
32 5
32 13
32 17
32 20
34 17
34 19
34 21
34 22
34 27
34 50
34 62
34 64
34 72
34 74
35 6
35 11
35 26
35 30
35 51
35 83
36 2
36 3
36 5
36 7
36 9
36 10
36 12
36 14
36 16
37 1
37 2
37 3
37 6
37 14
37 18
37 24
37 25
37 31
37 32
37 35
37 41
37 44
37 50
37 91
37 99
37 103
37 106
37 107
38 31
38 37
38 41
38 48
38 58
38 60
38 62
38 70
38 73
38 76
38 88
39 5
39 8
40 63
40 69
40 113
40 115
40 117
40 121
40 127
40 136
40 137
40 146
40 150
41 3
41 11
42 6
42 18
42 22
42 23
42 24
42 25
42 189
42 190
42 192
42 195
42 198
42 209
42 214
42 219
42 221
45 36
45 38
45 44
45 45
45 48
45 52
45 54
45 55
45 60
45 65
45 69
45 74
45 75
45 77
45 78
45 80
45 83
45 90
45 94
45 95
45 103
45 106
45 114
45 118
45 137
46 2
46 10
46 15
46 28
46 31
46 37
46 41
46 43
46 49
46 57
46 58
46 59
46 60
46 65
46 73
46 79
46 86
46 87
46 91
46 102
46 110
46 113
46 121
47 21
47 32
47 36
47 38
47 46
47 48
47 49
47 55
47 62
47 66
47 70
47 72
49 33
49 35
51 93
52 2
52 6
52 8
52 13
52 16
52 24
52 35
52 69
52 84
53 2
53 3
53 4
55 67
57 8
57 9
57 22
57 39
57 45
57 47
57 48
59 3
59 5
59 7
59 13
59 17
59 21
59 25
59 28
59 34
59 48
59 53
59 56
59 75
59 80
59 84
59 86
59 99
59 101
59 105
59 115
59 135
59 136
59 154
59 162
59 164
59 171
59 174
60 1
60 7
60 13
60 21
60 23
60 27
60 28
61 1
61 2
62 3
62 4
62 6
62 16
63 6
63 8
63 13
63 16
63 19
63 21
63 28
63 34
63 36
63 41
63 48
63 51
63 66
63 72
63 73
63 82
63 91
63 94
63 96
63 111
63 112
63 115
63 127
63 145
63 156
63 162
63 168
63 173
63 175
63 191
63 201
64 2
64 11
65 3
65 4
65 7
65 12
65 28
66 5
66 6
66 7
66 24
66 35
66 39
66 40
66 45
66 58
66 68
66 71
66 84
66 87
67 22
67 25
67 27
67 34
67 37
67 38
68 1
68 3
68 10
68 14
68 17
68 27
68 33
68 38
68 43
68 53
68 59
68 60
68 66
68 70
68 79
68 83
68 84
68 94
68 100
68 102
69 9
69 12
69 18
69 30
69 33
69 46
69 51
69 55
69 61
70 61
70 62
71 3
71 6
71 11
71 149
71 151
71 156
71 184
71 186
71 231
71 237
71 251
71 253
71 281
71 286
71 287
73 1
73 3
73 7
73 13
73 17
73 22
73 24
74 3
74 13
74 15
74 17
74 27
74 37
74 45
74 48
74 53
74 54
74 64
74 66
74 72
74 74
74 82
74 88
74 90
74 91
74 99
74 100
74 103
74 106
74 117
77 24
78 20
78 21
78 37
78 40
78 43
78 47
78 48
78 67
78 74
78 87
78 93
78 95
78 96
78 102
78 105
78 107
78 111
78 116
78 124
78 130
78 136
78 137
78 142
78 149
78 156
78 161
78 164
78 173
78 175
79 1
79 14
79 20
79 29
80 1
81 3
81 4
82 9
82 12
82 13
82 90
82 96
82 100
82 137
82 139
82 147
82 148
83 10
83 22
83 23
83 31
83 32
84 43
84 44
84 59
84 67
84 71
84 76
84 77
84 80
84 83
84 93
84 98
84 100
84 101
84 105
85 5
85 12
85 64
85 71
85 72
85 74
85 81
86 4
86 5
86 8
86 16
86 23
86 28
86 36
86 41
86 47
86 48
86 55
86 62
87 19
87 20
87 23
87 28
88 9
88 17
88 21
89 5
89 7
89 30
89 34
89 36
89 46
89 54
89 57
89 62
89 64
89 66
89 146
89 161
89 163
89 168
89 175
89 176
89 195
89 198
89 206
90 17
90 23
91 4
91 16
91 18
92 3
92 19
92 24
92 29
92 31
93 6
93 18
93 21
93 27
93 41
93 44
93 45
93 46
93 51
93 54
93 71
93 83
93 132
93 138
93 141
93 147
93 149
93 155
93 156
93 157
93 171
93 172
93 196
93 212
93 215
93 221
94 21
94 35
94 37
94 39
94 43
94 59
94 67
94 78
94 84
94 94
94 114
94 115
94 125
94 128
94 129
98 51
98 54
99 1
99 4
99 5
103 39
103 41
103 42
103 139
103 141
103 145
103 147
103 149
103 152
103 157
103 167
103 172
103 176
104 2
104 3
104 5
104 10
104 12
104 19
104 32
104 35
104 43
104 69
104 71
104 79
104 81
104 82
104 90
104 105
104 118
104 119
105 8
105 13
105 14
105 16
106 95
107 4
107 9
107 50
107 62
107 64
107 66
107 69
107 70
107 71
107 73
107 74
107 85
107 97
107 99
107 100
107 107
107 120
107 121
107 122
107 123
107 129
107 138
108 2
108 8
108 23
108 33
108 38
108 43
108 111
108 122
108 141
108 146
108 151
108 158
108 172
108 179
108 180
108 183
109 4
109 6
109 19
110 14
110 15
110 30
110 33
110 35
110 40
110 42
110 44
110 48
110 51
110 98
110 103
110 104
110 226
110 234
110 240
110 241
110 250
110 256
110 270
111 33
111 35
112 2
112 13
112 18
112 19
112 25
112 27
112 41
112 51
112 65
112 67
112 68
113 4
114 6
114 16
115 2
115 19
115 21
115 44
115 65
115 68
115 72
115 73
115 84
115 85
115 86
115 93
115 130
115 133
115 137
115 169
115 175
115 186
115 188
115 190
115 199
115 200
115 208
115 223
115 232
115 233
115 240
115 243
115 250
115 260
117 5
117 6
117 24
118 51
118 54
118 58
118 77
118 83
118 84
118 96
118 97
118 98
118 117
118 125
119 4
119 11
119 15
119 19
119 21
119 25
119 31
120 4
120 6
120 13
121 39
121 40
121 43
121 50
121 63
122 2
