1 6
1 9
2 4
2 7
2 9
2 16
2 42
3 9
3 12
3 22
3 37
4 4
4 8
4 11
4 15
5 13
5 15
5 17
5 20
5 21
5 23
5 26
5 34
5 40
6 2
6 9
6 25
6 26
6 30
6 32
6 33
6 38
6 40
6 43
6 50
6 51
6 55
9 82
9 87
10 3
11 130
11 139
11 147
11 150
11 154
11 162
11 166
11 177
11 183
11 187
11 196
11 197
11 199
11 271
11 274
11 275
11 283
11 285
11 290
11 302
11 310
11 312
11 313
11 314
11 315
11 316
11 320
11 325
11 326
11 332
12 45
12 50
12 53
12 55
12 63
13 3
13 9
13 14
13 15
13 17
13 23
13 24
13 33
13 40
13 41
14 11
14 14
14 53
14 57
14 63
14 70
14 71
14 73
14 77
14 81
14 85
14 91
14 92
14 95
14 96
14 101
14 109
14 110
14 112
14 122
14 123
14 126
15 46
15 48
15 49
15 54
15 58
15 61
15 65
15 67
15 71
15 75
15 81
15 84
16 12
16 30
16 32
16 37
17 1
17 2
17 4
17 9
17 10
17 23
17 25
17 32
17 36
17 37
18 25
18 36
18 39
18 41
19 7
19 10
23 30
23 39
25 82
25 87
25 89
26 1
26 18
26 20
26 26
26 33
26 39
26 41
26 43
26 45
26 59
26 69
26 75
26 81
26 82
26 83
26 85
26 97
27 4
27 21
28 51
28 56
28 57
29 57
29 60
30 28
30 32
31 1
31 7
31 17
31 20
31 24
31 26
31 27
31 44
31 47
31 48
31 63
31 65
31 66
31 67
31 73
31 79
31 82
32 70
32 71
32 81
32 92
32 109
32 111
32 116
32 122
32 123
32 128
32 131
32 132
32 133
33 84
33 85
33 89
33 94
33 101
33 105
33 106
33 107
33 109
33 110
33 118
33 122
33 124
33 149
33 233
33 249
33 251
33 254
33 256
33 257
33 281
33 286
33 287
33 289
33 297
33 306
33 307
33 343
33 344
33 347
33 362
33 374
33 378
33 385
33 424
33 425
33 427
33 435
33 448
33 452
33 460
33 461
33 464
33 476
33 477
33 479
33 481
33 484
33 485
33 486
33 493
33 495
34 3
34 4
34 7
34 26
34 27
34 36
34 85
34 94
34 95
34 97
34 105
35 55
35 59
36 78
36 93
36 98
36 106
36 109
37 6
37 8
37 10
37 13
37 19
37 29
37 36
37 48
37 60
37 69
37 71
37 74
37 81
37 82
37 98
37 101
37 106
37 111
37 113
37 115
37 116
37 119
37 124
37 129
37 130
37 138
37 139
38 28
38 32
38 39
38 58
38 63
38 75
38 76
38 80
39 25
39 31
39 37
39 43
39 56
39 62
39 68
40 12
40 13
40 14
40 26
40 27
41 6
41 21
42 11
42 25
42 29
42 30
42 32
42 35
42 49
42 51
42 59
42 61
43 15
43 17
43 22
43 27
43 31
43 34
43 39
43 41
43 46
43 56
44 57
44 59
44 68
44 149
44 162
44 177
44 184
44 200
44 201
44 205
44 207
44 213
44 216
44 220
44 236
44 242
44 249
44 251
45 1
45 4
45 5
45 7
45 8
45 15
45 26
45 27
45 32
45 36
45 40
45 43
46 14
46 23
46 26
46 41
46 42
46 44
46 45
46 49
47 5
47 6
47 11
47 14
47 15
47 30
48 11
48 12
48 14
48 17
49 1
49 9
49 10
49 26
49 30
49 37
49 54
49 62
49 65
49 75
49 81
49 87
49 92
49 97
49 103
49 107
49 118
49 119
49 120
50 10
50 13
50 29
50 35
50 36
50 42
50 44
50 53
50 66
52 50
52 55
52 56
52 57
52 67
52 73
52 75
52 80
52 82
52 89
52 95
52 99
52 104
52 105
52 106
52 107
52 114
52 120
52 134
53 3
53 7
58 12
58 19
58 25
58 61
58 67
58 71
59 1
59 2
59 7
60 12
60 17
60 40
60 44
60 51
60 52
60 56
60 58
60 60
60 62
61 3
61 17
61 19
62 7
62 14
62 20
62 26
62 33
62 40
62 43
62 51
62 52
62 53
62 61
62 66
62 69
62 70
62 75
62 79
62 87
62 90
62 96
62 100
62 104
62 110
62 113
62 115
62 116
62 117
62 122
62 123
62 130
62 142
62 196
62 198
62 202
62 205
62 208
62 213
62 214
62 216
62 233
62 234
62 236
62 286
62 299
62 310
62 313
62 316
62 320
62 330
62 342
62 344
62 345
62 352
62 354
62 363
62 396
62 397
62 400
62 405
62 410
62 414
62 428
62 429
62 446
62 452
62 454
62 464
62 477
62 481
62 485
62 489
62 494
62 499
62 500
62 507
62 524
62 525
62 529
62 542
62 548
62 551
62 566
62 568
62 577
62 586
62 598
62 601
62 602
62 606
62 609
62 627
62 633
62 635
62 642
62 645
62 646
62 652
62 654
62 655
62 656
62 658
62 674
62 677
62 681
62 688
62 819
62 820
62 825
62 826
62 838
62 840
62 846
62 848
62 849
62 851
62 853
62 855
62 864
62 866
62 884
62 887
62 888
62 947
62 949
62 955
62 965
63 5
63 7
63 12
63 73
63 76
65 39
65 45
66 2
66 14
66 22
67 120
68 16
68 19
68 24
68 28
68 30
68 40
68 45
68 47
69 16
69 22
69 25
69 29
69 31
69 60
69 61
70 13
70 27
70 29
70 51
70 52
70 60
70 61
70 66
70 76
70 96
70 109
70 113
70 120
70 128
70 134
70 139
70 153
71 96
71 113
71 115
71 116
71 119
72 9
72 10
72 19
72 26
72 36
72 39
72 40
72 62
72 80
72 83
72 84
72 93
72 208
72 223
73 5
73 16
73 21
73 34
73 38
73 41
73 49
73 54
73 63
73 66
73 67
73 69
73 78
73 79
73 87
73 90
73 95
73 113
73 115
73 123
73 126
74 2
74 14
74 20
74 33
75 24
75 26
76 4
77 3
77 16
77 22
77 28
77 29
77 32
77 40
77 42
77 49
79 37
79 40
79 66
79 69
79 78
79 81
80 2
80 8
80 23
80 27
80 35
80 37
80 42
80 50
80 56
80 59
80 67
81 1
81 12
81 27
81 33
81 40
81 44
81 47
81 53
81 56
81 58
81 67
81 75
81 79
81 80
81 83
81 85
81 94
81 101
81 103
81 109
81 113
81 120
81 125
81 139
81 142
81 147
81 151
81 158
81 163
81 164
82 10
83 1
83 5
83 7
83 9
83 21
83 22
83 23
83 26
83 43
83 45
83 53
84 7
84 10
84 14
85 2
85 5
85 6
85 7
85 12
86 21
86 24
86 48
86 50
86 52
86 58
86 59
86 61
87 1
87 3
88 2
88 7
88 71
88 74
88 75
88 84
88 85
88 91
88 95
88 99
88 100
88 127
88 141
88 142
88 152
88 156
88 159
89 4
89 6
89 8
89 18
89 19
89 31
89 38
89 39
89 40
89 42
89 122
89 139
89 142
89 149
89 150
89 151
90 23
90 30
90 32
90 36
90 38
90 39
90 50
90 53
90 55
90 60
90 61
90 66
90 67
90 70
90 78
90 79
90 87
90 95
90 103
90 111
90 115
90 120
90 122
90 124
90 125
90 138
91 5
91 20
91 21
91 22
91 30
91 32
91 42
91 45
91 46
92 3
92 10
92 15
92 18
92 22
92 56
92 59
92 61
92 63
92 76
92 77
92 95
92 97
92 102
92 109
93 2
93 7
93 14
93 25
93 27
93 43
93 45
93 65
93 71
93 72
93 74
93 78
93 79
93 80
93 92
93 99
93 101
93 107
93 110
93 117
93 134
93 136
93 152
93 154
93 157
93 160
93 161
93 174
93 185
93 192
93 197
93 198
93 200
93 212
93 247
93 251
93 253
93 254
93 257
93 260
93 264
93 268
93 270
93 271
95 6
95 16
95 27
95 31
95 40
95 51
95 63
95 74
95 79
95 81
95 82
95 87
95 94
95 99
95 106
95 109
95 115
95 121
95 132
95 135
95 145
97 20
97 30
97 31
97 36
97 38
97 39
97 55
97 57
97 69
97 75
97 87
97 88
97 89
97 94
97 100
97 103
97 107
97 110
97 111
97 112
97 119
97 123
97 128
97 134
97 140
97 145
97 149
97 169
97 170
98 25
98 37
98 39
98 45
98 46
98 57
99 4
99 12
99 16
99 22
99 23
99 26
99 28
99 30
99 43
99 68
99 78
99 128
99 131
99 133
99 142
99 152
99 156
99 159
99 167
99 174
99 176
99 180
99 191
99 199
99 228
99 229
99 231
99 232
99 235
99 241
99 244
99 252
99 253
99 255
99 260
99 264
99 269
99 283
100 1
100 8
100 19
100 20
100 23
100 32
100 34
100 38
100 40
100 46
100 47
101 4
101 5
101 8
101 17
101 22
101 23
101 25
101 32
101 33
101 36
101 53
101 57
101 61
101 77
101 78
101 83
101 86
102 7
102 8
102 26
102 27
102 28
102 42
102 79
102 82
