1 7
1 8
1 14
1 22
1 24
1 29
1 38
1 46
1 51
1 54
1 55
2 23
2 26
3 80
3 84
3 87
3 95
3 104
3 105
3 109
3 110
3 114
3 130
3 134
3 162
3 175
3 180
3 184
3 193
3 196
3 198
3 235
3 241
3 243
3 261
3 262
3 264
3 267
3 271
3 279
3 282
3 287
3 294
3 296
3 309
3 321
3 371
3 374
3 421
3 424
3 428
4 52
4 55
4 64
4 65
4 67
4 70
4 73
4 82
4 85
4 88
4 98
4 101
4 144
4 146
4 150
4 159
4 160
4 162
4 163
4 164
4 169
4 171
4 175
4 182
4 184
5 15
5 18
5 21
5 23
5 25
5 27
5 28
5 29
5 44
5 46
5 55
5 59
5 61
5 62
5 66
6 11
6 20
6 23
6 26
6 28
6 29
6 46
6 47
6 50
6 62
9 7
9 10
9 21
9 24
11 10
11 13
11 20
11 41
11 42
11 45
11 55
11 57
11 61
11 70
11 71
11 72
11 76
11 83
13 14
13 15
13 16
13 18
13 19
13 98
13 100
13 101
13 102
13 103
13 109
13 113
13 118
13 125
13 129
13 132
13 138
13 146
13 157
13 159
13 164
15 1
15 3
15 6
15 11
15 12
15 15
15 17
17 8
17 10
17 11
17 15
17 23
17 25
17 30
17 35
17 43
17 49
18 105
18 111
18 112
18 121
18 122
18 129
18 134
18 137
18 149
18 150
18 162
18 169
18 179
18 188
18 189
18 204
18 219
18 229
18 237
18 240
18 244
18 247
18 256
19 4
19 5
19 6
19 10
19 21
19 27
19 28
19 30
19 40
19 41
19 45
19 48
19 56
19 64
19 66
19 71
20 1
20 7
20 10
20 17
20 20
20 35
20 42
20 52
21 2
21 6
21 17
21 22
21 151
21 154
22 1
22 17
22 18
22 19
22 23
22 30
23 2
23 13
23 21
23 27
23 31
23 35
23 40
23 41
23 52
23 60
23 61
23 67
23 69
23 72
25 19
26 2
26 8
26 12
26 14
26 15
26 16
26 22
26 35
26 41
26 47
27 6
28 21
29 33
29 34
29 37
29 48
29 50
30 4
30 12
30 15
30 25
30 61
30 62
30 65
30 76
30 77
30 82
30 84
30 86
30 89
30 96
30 126
31 7
31 9
32 20
32 26
32 28
32 41
32 44
32 48
32 50
32 57
32 62
32 65
32 67
32 68
32 69
32 122
32 124
32 125
32 132
32 133
32 135
32 136
32 139
32 147
32 148
32 150
32 151
32 157
32 159
32 204
32 206
32 207
32 208
34 79
34 85
34 88
34 98
34 177
35 2
35 11
36 1
36 8
36 9
36 16
37 2
37 4
37 7
38 1
38 3
38 14
38 15
38 21
38 28
38 36
38 37
38 45
38 47
38 48
38 49
38 54
38 62
38 64
38 67
38 75
38 77
38 79
38 80
38 83
39 23
39 28
39 29
39 35
40 9
40 11
40 16
40 18
40 23
40 25
40 37
40 39
40 40
41 24
41 34
41 36
41 37
41 39
41 44
41 54
41 56
41 73
41 74
41 82
41 85
41 86
42 3
42 11
42 15
42 16
44 6
44 8
44 14
44 18
45 65
45 74
45 106
46 4
48 8
48 10
48 11
48 18
48 19
48 22
48 26
48 29
48 30
48 33
48 48
49 98
49 102
51 43
51 44
51 47
51 51
52 38
52 41
53 48
53 52
53 56
53 65
53 70
53 75
53 80
53 83
55 5
56 2
56 3
58 14
58 16
58 17
58 25
58 26
58 35
58 40
58 42
58 43
58 57
58 63
58 75
58 77
59 2
59 3
59 8
59 11
59 16
60 42
60 55
60 60
60 61
60 63
60 64
60 65
60 67
60 90
60 92
60 93
60 120
60 124
60 129
60 137
60 139
60 145
60 147
60 148
60 155
60 156
60 158
60 159
60 167
60 169
60 174
60 176
60 178
61 2
61 7
61 9
61 15
61 21
61 22
61 24
61 36
61 38
61 40
63 10
63 11
64 7
64 10
65 19
66 1
66 5
66 7
68 36
68 55
68 111
68 126
70 61
70 64
70 74
71 2
71 19
71 21
71 43
72 3
72 6
72 8
72 20
72 24
74 9
74 20
74 32
74 33
74 39
76 9
76 10
76 77
77 1
77 8
77 9
77 21
77 22
77 152
77 153
77 157
77 158
77 160
78 110
78 111
78 120
78 222
78 238
78 239
78 245
78 259
78 263
78 269
78 270
78 287
83 21
83 26
83 42
83 46
83 50
85 75
85 76
89 29
90 13
90 19
90 28
90 30
90 31
90 36
90 38
90 40
90 51
90 53
90 61
91 6
91 9
91 12
91 14
91 15
91 20
91 24
91 29
91 32
91 39
91 119
93 16
93 19
93 24
93 25
93 27
93 28
93 29
93 44
94 8
94 12
94 14
94 15
94 21
95 11
95 20
96 2
96 12
96 13
96 18
96 19
96 21
96 22
96 24
96 25
96 32
96 36
96 39
96 55
96 62
96 68
96 71
96 79
96 87
96 94
96 103
96 110
96 111
96 112
96 121
96 122
96 124
97 110
97 111
97 116
97 129
97 130
97 144
97 147
97 148
97 157
97 158
97 159
97 163
98 10
98 11
98 16
98 22
98 23
98 27
98 40
98 47
98 50
98 51
98 52
98 56
98 59
98 62
98 63
98 64
98 75
98 82
98 96
98 103
98 104
98 118
98 130
98 147
98 152
98 154
98 166
99 3
99 4
100 12
100 16
100 17
100 44
100 48
100 52
100 56
100 58
102 48
102 58
102 59
102 151
102 160
102 163
102 170
102 172
102 174
102 176
102 178
102 181
102 186
102 187
102 191
102 193
102 200
102 205
102 206
102 210
102 216
102 224
102 226
102 230
102 231
102 237
102 240
102 249
102 264
103 5
103 12
103 23
103 32
103 36
103 40
103 41
103 44
103 48
103 61
103 65
103 68
103 74
103 76
103 86
103 88
103 89
103 92
103 95
103 104
103 106
103 109
103 119
103 121
103 125
103 174
103 181
103 191
103 192
103 198
103 205
103 209
103 223
103 246
103 247
103 250
103 251
103 252
103 264
103 266
103 283
103 293
103 310
103 318
103 322
103 324
103 327
103 329
103 334
103 335
103 337
103 338
103 339
103 342
103 408
104 73
104 76
104 79
104 85
104 88
104 89
104 95
104 110
104 115
104 116
104 121
104 139
104 143
104 146
104 147
104 148
105 1
105 2
106 2
108 4
108 18
108 21
108 58
108 63
108 70
108 72
108 73
108 75
108 76
108 90
108 92
108 93
108 96
108 185
108 192
108 194
108 195
108 196
108 200
108 206
108 211
108 214
108 346
108 352
108 368
108 374
108 390
109 1
109 9
109 17
109 18
109 21
109 26
109 28
109 29
109 34
109 49
109 62
109 73
109 78
109 86
109 91
109 104
109 114
109 122
109 123
109 125
109 130
109 136
109 137
109 142
109 143
109 146
109 153
109 163
109 165
109 166
109 178
109 200
109 238
109 240
109 243
109 248
109 249
109 250
109 252
109 260
109 265
109 268
110 1
110 2
110 4
110 7
110 8
110 10
110 23
110 26
110 34
110 35
110 40
110 44
110 46
110 51
110 52
110 63
110 200
110 201
110 207
110 208
110 212
110 213
110 215
110 240
111 5
111 8
111 20
111 25
111 28
111 30
111 36
111 37
111 41
111 75
111 81
111 89
111 98
111 111
111 114
112 7
112 13
112 17
112 20
112 28
112 31
112 34
112 36
112 37
112 41
112 48
112 62
112 72
112 76
112 83
112 84
112 88
112 91
112 97
112 99
112 100
112 102
112 103
113 21
113 22
113 26
113 29
113 32
113 35
114 4
114 10
114 11
114 20
114 28
114 39
114 46
114 52
114 55
114 62
114 66
115 1
115 11
116 1
116 69
116 70
116 74
116 76
116 85
116 89
116 92
116 100
116 103
116 107
116 116
116 118
117 1
117 4
117 5
117 6
117 11
117 24
117 27
117 28
118 3
118 9
118 11
119 3
119 6
119 11
119 16
119 20
120 14
120 15
120 32
120 35
120 41
120 59
120 67
120 68
120 71
