1 7
1 8
1 15
1 18
1 19
1 20
1 21
1 31
1 32
1 33
1 35
1 39
1 41
1 43
1 48
1 53
1 55
1 57
1 58
1 64
1 72
2 1
2 2
2 7
2 21
2 36
3 9
3 22
3 91
3 95
3 108
3 209
3 212
3 215
3 219
3 232
3 239
3 244
3 274
3 276
3 278
3 287
4 5
4 14
4 15
4 23
4 27
4 33
4 35
4 36
4 46
4 58
4 64
5 1
5 4
5 8
5 113
5 116
5 117
6 7
6 11
7 1
7 11
7 16
7 17
7 35
7 43
7 51
7 121
7 256
7 269
8 12
8 15
8 21
9 1
9 5
10 64
10 65
10 66
10 73
10 75
10 76
10 82
10 84
10 87
10 89
10 91
10 95
10 151
10 154
10 159
10 160
10 165
10 166
10 168
10 169
10 171
10 175
10 183
10 187
10 194
10 206
10 215
10 218
10 233
10 240
10 242
10 247
10 248
10 251
10 252
10 257
10 258
10 265
10 266
10 269
10 277
10 290
10 295
11 1
11 2
11 5
11 7
11 148
11 153
11 154
11 161
11 164
11 167
11 172
11 181
11 185
11 189
15 7
15 20
15 25
15 28
16 1
16 2
17 1
17 19
17 20
17 22
17 35
17 44
17 46
17 47
17 48
17 50
17 52
18 27
18 35
18 38
18 40
18 50
18 56
19 3
19 9
19 12
19 21
19 26
19 36
20 30
22 104
22 108
22 109
23 14
23 18
23 23
23 42
23 51
23 56
23 57
23 58
23 64
23 66
23 73
23 81
23 87
23 90
24 14
24 16
24 30
24 41
24 45
24 51
24 60
26 41
26 42
26 46
26 55
27 2
27 3
27 4
27 8
30 70
30 80
30 90
30 92
30 96
30 102
30 108
31 2
31 13
31 23
31 27
31 32
31 33
31 38
31 90
31 94
31 104
31 107
31 139
31 151
31 171
31 177
31 184
31 188
31 201
33 58
33 59
33 61
34 3
34 5
34 10
34 12
34 14
34 18
34 19
34 21
34 22
34 31
34 34
34 36
34 38
34 43
34 50
34 55
34 63
34 73
34 79
34 88
34 92
34 93
34 141
34 147
34 152
34 153
34 156
35 4
35 13
42 28
42 29
42 33
42 34
42 50
42 55
42 60
42 64
42 65
42 68
42 69
42 79
42 81
42 84
42 95
42 96
43 3
43 12
43 35
43 43
43 45
43 67
44 7
44 15
44 16
44 23
44 27
44 29
44 36
44 37
44 44
44 45
44 48
44 53
44 54
44 55
44 68
45 16
45 18
45 21
45 25
45 26
45 29
45 38
45 47
45 52
45 54
45 58
45 59
45 67
45 69
45 81
45 86
45 98
45 100
45 109
45 122
45 123
45 124
48 69
48 71
48 90
48 102
48 111
48 113
48 117
48 128
48 145
50 45
51 5
52 3
52 7
52 19
52 23
52 27
52 35
52 54
52 57
55 19
55 20
55 21
55 22
55 27
55 30
55 32
56 21
56 37
56 55
56 68
56 76
56 77
56 79
57 5
57 21
57 28
57 39
57 40
57 45
57 49
57 50
57 57
57 58
57 62
57 63
57 70
57 77
57 82
57 92
57 93
57 98
57 102
57 110
57 117
57 121
57 124
57 129
57 132
57 135
57 152
57 154
57 156
57 158
57 159
57 199
57 200
57 224
57 226
57 228
57 233
57 235
57 239
57 244
57 252
57 254
57 255
57 261
57 274
57 275
57 277
57 283
57 289
57 304
58 18
58 23
58 33
58 41
58 59
58 62
58 63
58 70
58 72
58 83
58 90
60 30
60 43
60 44
60 45
60 52
60 61
60 66
60 83
60 84
60 99
60 109
60 156
60 161
60 176
60 182
60 187
60 201
60 211
60 216
64 68
64 71
64 81
64 82
64 150
64 160
64 164
64 165
64 177
64 187
64 192
64 229
64 231
65 60
65 64
65 67
67 3
67 4
67 12
68 6
68 7
68 9
68 18
68 26
68 31
69 1
69 3
69 6
69 8
69 16
69 20
69 41
69 45
69 48
71 4
71 6
71 20
71 24
71 25
71 28
71 32
72 5
72 7
72 8
72 11
72 12
72 18
72 23
72 29
72 59
72 60
72 62
72 63
72 71
72 72
72 74
72 78
72 80
72 82
72 88
72 92
72 104
72 107
72 115
72 117
72 131
72 134
72 136
73 17
73 26
73 38
73 39
73 47
73 54
73 57
74 1
74 14
74 15
74 17
74 18
75 1
75 2
75 11
75 18
75 21
77 26
77 28
77 30
78 11
78 12
78 17
78 24
78 27
78 28
78 43
78 45
78 46
78 64
78 72
78 79
78 88
78 90
78 92
78 100
78 104
78 108
78 111
80 29
80 30
80 31
80 44
80 61
80 68
80 70
80 77
80 78
80 94
80 97
80 116
80 159
80 162
80 170
80 178
80 181
80 183
80 185
80 192
80 193
80 196
80 201
80 202
80 213
80 219
80 222
80 227
80 241
80 242
80 244
80 254
80 266
80 269
80 283
80 358
80 359
80 370
81 1
81 13
81 40
83 3
83 10
83 11
83 21
83 26
83 29
83 30
83 36
83 40
84 3
84 9
84 20
84 30
84 32
84 33
84 35
84 46
84 49
85 1
85 71
85 73
85 78
85 82
85 86
85 89
85 93
85 101
85 102
85 190
85 194
85 197
85 203
85 207
85 227
86 7
86 19
86 24
86 31
86 38
86 44
86 49
86 54
86 57
86 60
87 5
87 9
87 15
87 20
87 25
88 8
88 14
88 25
88 29
88 30
88 32
88 33
88 43
88 44
90 109
90 111
90 114
90 116
90 129
90 135
90 141
90 148
90 172
90 177
90 186
90 190
90 196
90 198
90 199
90 205
90 214
90 221
90 222
90 227
90 231
90 239
90 247
90 263
90 266
90 270
90 273
90 274
90 278
90 280
90 283
90 285
90 286
90 288
90 301
90 303
90 304
90 305
90 313
90 322
90 339
90 356
91 24
91 25
91 27
91 34
91 35
91 37
91 55
91 61
91 66
91 75
91 93
91 94
91 96
91 100
92 14
92 15
92 18
92 26
92 120
92 130
92 131
92 135
92 136
93 8
93 10
93 20
93 26
93 166
93 183
93 192
93 203
93 207
93 214
94 16
94 81
94 87
94 92
94 98
94 99
94 122
94 126
94 127
94 146
94 149
94 154
94 156
94 159
94 161
94 162
95 7
95 24
95 26
95 42
95 47
95 52
95 57
96 4
96 9
96 16
96 27
96 31
97 9
97 15
97 20
97 34
97 39
97 43
97 50
97 120
97 128
97 134
97 139
97 144
97 148
97 151
98 1
98 12
98 24
98 50
98 52
98 55
98 71
98 87
98 94
98 95
98 104
98 109
98 110
98 119
98 120
98 121
98 127
98 129
98 132
98 158
98 160
98 164
98 183
98 186
99 5
99 8
100 3
100 13
100 38
101 1
101 11
101 17
102 8
102 10
102 16
102 19
102 22
102 24
102 28
102 36
103 10
103 19
103 21
103 24
103 27
103 28
103 29
103 34
103 35
103 46
103 59
103 72
104 7
104 8
105 1
105 14
105 16
105 18
105 21
105 24
105 26
105 33
105 42
105 58
105 61
105 62
105 64
105 69
105 78
105 79
105 87
105 88
105 89
105 91
105 99
106 4
106 18
106 32
106 33
106 34
106 40
106 48
106 50
106 58
106 60
106 61
106 85
106 90
106 97
106 98
106 99
106 104
106 111
106 118
107 16
107 22
107 23
107 50
107 52
107 54
107 56
107 59
107 87
107 93
107 96
107 123
107 125
107 129
107 134
107 146
107 147
107 150
107 157
107 162
108 3
108 5
108 8
109 2
111 13
111 18
111 19
112 5
112 7
112 21
112 22
112 27
112 43
112 47
112 48
112 52
112 59
112 73
112 74
112 78
112 83
113 82
113 90
113 95
113 97
113 102
113 111
113 115
113 116
113 121
113 123
113 140
113 142
113 148
113 151
113 154
115 6
115 26
115 29
115 40
115 41
115 44
115 45
115 50
115 81
115 98
115 113
115 117
115 118
115 122
115 146
115 150
115 164
115 198
115 200
115 207
115 212
115 215
116 21
116 83
116 92
116 98
116 104
116 111
116 113
116 116
117 2
117 4
117 6
117 12
117 15
117 17
117 20
117 21
117 22
117 26
117 34
117 36
117 49
117 83
117 84
117 87
117 89
119 1
119 7
120 20
120 29
120 36
120 37
120 75
