1 19
1 39
1 47
1 48
1 171
1 173
1 175
3 41
3 42
3 64
3 68
3 77
3 80
3 93
3 95
3 96
3 97
3 105
3 117
4 1
4 2
4 6
4 7
4 9
4 11
4 13
4 16
4 147
5 101
5 110
5 112
5 121
5 156
5 180
5 181
5 182
5 289
5 291
5 296
5 298
5 299
5 301
5 303
5 313
5 327
5 328
5 330
5 341
5 366
5 385
5 387
5 389
5 390
5 425
5 431
5 437
5 440
5 459
6 5
6 8
6 12
6 17
6 27
6 28
6 32
6 34
6 48
6 51
6 59
6 66
7 81
7 89
7 93
7 100
7 107
7 116
7 117
7 118
7 120
7 125
10 101
11 97
11 100
11 102
11 103
12 10
12 15
12 74
12 78
12 85
12 89
12 94
12 95
12 98
12 99
12 102
12 105
12 106
12 120
12 138
12 142
12 145
12 153
12 163
12 169
12 173
12 175
12 176
12 191
13 1
13 2
13 30
13 32
13 33
14 4
14 7
14 8
14 11
14 16
14 19
14 20
14 21
14 35
14 38
14 42
14 48
14 49
14 51
14 53
14 61
14 64
14 65
14 74
14 75
14 81
14 83
15 4
15 10
16 9
16 31
16 43
16 66
18 55
18 58
18 60
18 62
18 69
18 87
18 89
18 96
18 108
18 113
18 115
18 119
18 176
18 177
18 181
19 1
20 5
20 12
20 13
20 41
20 43
20 45
20 46
20 60
20 61
20 68
20 72
20 73
20 76
20 85
20 91
20 93
20 96
20 98
20 108
20 117
20 121
20 127
20 129
20 133
20 170
20 175
22 7
22 9
22 21
23 2
23 3
23 8
25 3
25 6
25 18
25 33
25 37
26 49
26 55
26 59
26 63
26 74
26 80
26 82
26 83
26 88
26 97
26 101
26 107
26 110
26 111
26 114
27 1
27 2
27 3
27 19
27 36
27 43
27 49
27 55
27 57
27 59
27 61
27 62
27 65
27 83
27 88
27 94
27 105
27 109
27 125
27 132
27 279
27 293
27 296
28 1
28 2
28 9
28 11
28 19
28 22
28 24
28 36
28 41
28 43
30 1
30 5
30 10
30 13
30 24
30 25
30 47
30 56
30 62
30 70
30 78
30 81
30 83
30 86
30 112
30 119
30 122
31 2
31 7
31 8
31 18
31 107
31 112
31 118
31 124
31 125
31 126
31 128
31 135
31 136
31 147
31 212
31 225
31 240
31 241
31 253
31 256
31 257
31 270
31 272
31 282
32 54
32 57
32 59
32 64
32 67
32 70
32 76
32 78
32 79
32 84
32 85
32 88
32 89
32 91
32 105
32 117
32 118
32 127
32 128
32 135
32 141
33 15
33 17
33 21
33 25
33 28
33 36
33 37
33 63
33 64
33 66
33 79
33 80
33 86
33 90
33 92
33 93
33 96
33 97
33 99
38 8
38 28
38 34
38 36
41 8
41 13
41 14
41 15
41 19
41 23
41 29
41 30
41 54
41 55
42 7
42 9
42 11
42 16
42 19
42 26
42 30
42 34
42 36
42 40
42 50
45 36
45 46
45 52
45 56
45 58
45 71
45 78
45 83
45 97
46 12
46 24
46 30
46 36
48 3
51 49
51 50
51 67
51 71
51 74
51 103
51 106
51 109
51 110
51 114
51 117
51 121
51 129
51 131
51 135
51 138
51 172
51 178
51 181
51 182
51 184
51 189
51 193
51 198
51 199
51 200
51 212
51 217
51 228
51 232
51 236
51 245
51 250
51 252
51 254
51 255
51 256
51 257
51 260
51 263
51 274
51 300
51 302
51 306
51 315
51 334
51 347
51 372
51 373
51 376
51 392
51 398
51 399
51 400
51 401
51 410
51 412
51 413
51 415
51 430
51 448
51 449
51 454
51 456
51 458
51 466
52 88
52 89
52 94
52 97
52 99
52 102
52 202
52 216
52 232
52 239
53 29
53 31
53 32
54 12
54 20
54 21
54 45
54 50
55 4
55 10
55 31
55 33
55 34
55 38
56 2
56 18
56 19
56 20
56 29
57 9
57 16
57 18
57 19
57 25
57 32
57 33
58 1
58 4
58 9
59 3
59 8
59 10
59 12
59 15
59 19
59 22
59 130
59 133
59 134
59 135
59 137
59 139
59 154
59 162
59 172
59 173
60 1
60 6
60 17
60 18
60 25
60 34
60 35
60 37
60 38
61 7
61 10
61 13
61 21
61 24
61 29
61 41
61 44
61 45
61 49
61 50
61 52
61 55
61 57
61 64
61 65
61 68
61 72
63 4
63 11
63 19
63 44
63 45
63 47
63 48
63 55
64 1
64 10
64 16
64 22
64 29
64 46
64 49
64 68
64 69
64 84
64 85
65 8
65 11
65 12
65 20
65 28
65 30
65 34
65 35
65 37
65 38
65 39
65 50
65 55
65 61
65 62
65 69
65 71
65 77
65 94
65 115
65 116
65 118
65 127
65 136
65 150
65 153
66 2
66 11
66 15
66 20
66 23
66 36
66 38
66 45
67 5
67 20
68 14
68 16
68 18
68 29
68 35
68 41
68 43
68 47
68 50
68 52
68 53
68 65
68 70
68 76
68 78
68 79
68 80
68 83
69 4
71 5
71 7
71 9
71 11
71 12
71 14
71 16
71 18
71 20
71 21
71 22
71 27
71 29
71 39
71 40
71 42
71 43
71 46
71 47
71 54
71 55
71 59
71 64
71 70
71 77
71 81
72 1
72 7
72 8
72 9
72 11
72 16
72 19
72 20
72 26
72 34
72 40
72 43
73 4
73 17
73 22
73 42
73 46
74 9
74 16
74 145
76 24
76 32
76 35
76 37
76 38
76 44
76 45
76 53
76 54
76 66
76 76
76 80
76 83
76 89
77 7
77 11
78 2
78 30
78 32
78 41
78 49
78 62
78 64
79 4
79 6
79 8
79 20
79 25
79 27
79 29
79 38
79 46
79 50
79 56
79 58
79 61
79 67
79 72
79 77
79 86
79 94
79 97
79 109
79 112
80 14
80 29
80 38
80 44
81 34
81 36
81 37
81 49
81 52
81 57
81 70
81 74
81 75
81 83
81 86
81 88
81 91
83 2
83 18
83 21
83 29
83 32
83 48
83 49
83 60
83 71
83 72
83 77
83 89
83 90
83 95
83 104
83 113
83 116
83 126
83 136
83 140
83 148
83 152
83 153
83 162
83 171
83 176
83 184
83 188
83 193
83 199
83 203
83 209
83 213
83 220
83 223
83 227
83 236
83 248
83 253
83 262
83 271
83 276
83 278
83 282
83 283
83 284
83 288
83 292
83 302
84 23
84 30
84 37
84 48
84 49
85 2
85 21
85 27
85 28
85 29
85 31
85 36
85 45
85 47
86 15
87 1
87 2
87 4
87 27
87 38
87 53
87 63
87 87
87 95
88 3
88 9
88 10
88 13
88 19
88 24
88 26
88 28
88 38
89 76
89 80
89 89
90 7
90 13
90 15
90 18
90 19
92 2
92 9
92 17
93 29
93 30
93 47
93 50
93 52
93 70
93 72
93 76
93 77
93 82
93 88
93 89
93 91
93 94
93 101
93 102
93 111
93 113
93 119
94 13
94 15
95 11
95 19
95 24
95 32
95 34
95 40
95 47
95 49
95 54
95 56
96 7
97 4
97 6
98 2
98 3
98 14
98 17
98 30
98 38
98 41
98 42
98 55
98 57
98 58
98 71
100 60
100 64
100 74
100 87
100 96
100 100
100 102
100 106
100 111
100 112
100 115
100 116
100 121
100 123
101 32
101 35
101 39
101 45
101 46
101 54
101 55
101 70
101 73
101 81
101 85
101 86
101 112
101 114
101 126
101 130
101 134
101 141
101 152
101 160
101 164
101 166
101 167
101 175
101 177
101 178
101 180
101 181
102 4
102 10
102 22
102 24
102 28
102 29
102 31
102 36
102 40
102 41
102 42
102 44
102 56
106 55
106 56
106 65
106 71
106 79
106 86
106 91
106 95
106 104
106 105
106 112
106 118
106 126
106 131
107 15
107 18
108 4
108 7
108 18
108 57
108 63
108 65
108 68
108 77
108 80
108 82
108 87
108 93
108 96
108 100
108 102
108 103
108 105
108 116
108 132
108 146
108 199
108 206
108 208
108 209
108 214
108 215
108 218
108 220
108 221
108 230
108 233
108 256
108 257
108 259
108 263
108 264
109 17
109 19
109 22
109 23
109 27
109 28
109 36
109 44
109 49
109 58
109 60
109 63
109 65
109 67
109 70
109 90
109 98
109 101
109 104
109 113
109 120
109 130
109 134
109 135
109 167
109 190
109 200
109 206
109 232
