1 3
1 8
1 11
1 16
1 20
1 31
1 34
1 49
2 1
2 10
2 11
3 1
4 8
4 12
4 13
4 16
4 34
7 2
7 8
7 12
7 21
7 22
7 32
7 38
7 44
7 54
7 56
7 62
7 64
7 65
7 66
7 67
7 73
7 76
7 86
7 108
8 32
8 42
8 44
8 47
8 48
8 55
8 67
8 75
8 82
8 89
8 94
8 98
10 59
10 60
10 66
10 69
10 80
11 3
11 7
11 12
11 15
11 32
11 33
11 36
11 39
11 47
11 53
11 55
11 57
11 62
11 63
11 75
11 76
11 86
11 105
11 106
11 117
11 119
11 123
11 129
11 131
11 136
11 139
11 144
11 162
11 174
11 195
12 3
12 19
12 24
12 29
12 40
12 42
12 56
12 69
12 70
12 71
12 74
12 79
12 90
13 25
13 39
13 48
13 65
13 66
13 68
13 71
13 75
13 79
13 82
13 93
13 97
13 102
13 105
13 107
13 117
14 7
14 11
14 30
14 33
14 42
15 1
15 13
15 20
15 26
15 36
15 40
15 41
15 48
15 51
15 56
15 60
15 66
15 67
15 92
15 100
15 111
15 117
15 124
15 129
16 6
17 1
17 3
17 4
17 20
17 33
17 36
17 60
17 61
17 63
17 71
18 1
18 6
18 24
18 30
19 1
19 10
19 11
19 12
19 19
19 33
19 35
19 36
19 41
19 44
19 48
19 57
19 59
19 63
19 69
19 73
19 77
19 89
19 93
19 105
19 107
19 108
19 112
19 128
19 129
19 135
19 140
20 9
20 23
20 31
20 35
20 51
20 53
20 79
20 87
21 6
21 15
21 19
21 21
21 22
21 41
21 43
21 49
21 51
21 54
21 55
21 61
21 62
21 63
22 3
22 10
22 17
23 1
23 6
23 11
24 2
24 6
24 15
25 123
25 124
25 137
25 138
25 144
25 152
25 161
25 162
25 166
25 169
25 170
25 183
25 184
25 320
25 325
25 332
25 342
25 345
25 350
25 355
25 359
25 361
25 369
25 373
25 379
25 380
25 381
25 398
26 16
26 19
26 20
26 24
26 26
26 29
26 32
26 35
26 36
26 40
26 52
26 65
27 4
27 7
27 15
27 26
27 32
27 35
27 37
27 45
27 54
27 77
27 93
27 94
27 95
27 97
27 115
27 119
27 121
31 33
31 42
31 47
31 52
31 53
31 55
31 56
31 60
31 65
31 67
31 72
31 82
31 84
31 89
31 95
31 96
31 103
31 110
31 114
31 118
31 119
31 120
31 124
31 130
31 134
31 136
31 138
31 140
31 144
31 147
31 148
31 149
31 173
31 174
31 178
31 179
31 184
31 187
31 189
31 190
31 194
31 199
31 205
31 210
31 218
31 219
31 224
31 250
31 258
31 262
31 274
31 275
31 277
31 280
31 283
31 298
31 299
31 304
31 308
31 312
31 320
31 322
31 326
31 336
31 339
32 14
32 32
34 19
34 149
34 153
36 1
36 5
36 14
36 17
36 20
36 82
37 3
37 6
37 13
37 16
37 25
37 44
37 46
37 48
38 31
38 32
38 36
38 38
38 51
38 52
38 59
39 1
39 6
39 10
39 16
40 18
40 24
40 32
41 10
41 20
41 29
41 40
41 46
41 47
45 12
45 34
45 40
45 41
45 63
45 67
45 73
45 74
45 84
45 87
45 88
45 98
45 113
45 114
45 123
45 124
46 1
46 3
46 4
46 9
46 29
46 34
47 59
47 67
47 71
47 86
47 87
47 94
47 104
47 112
47 134
47 136
47 138
47 145
47 153
47 283
47 291
47 295
47 299
47 300
47 316
47 351
47 371
47 377
47 384
47 393
47 411
47 412
47 417
47 428
47 429
47 430
47 434
47 435
47 436
47 437
47 447
47 448
47 460
47 463
47 468
47 471
47 483
47 493
47 494
47 507
47 514
47 515
47 526
47 537
48 43
48 54
48 56
48 66
51 89
51 93
51 97
52 6
53 8
53 14
53 18
53 22
53 24
53 29
53 31
53 34
53 38
53 40
53 56
53 60
53 61
54 1
54 16
54 20
54 24
54 31
54 34
54 37
54 40
54 41
54 43
54 51
54 52
54 54
56 3
56 16
56 18
56 21
56 23
56 27
56 30
56 33
56 42
56 43
56 46
56 50
56 52
56 55
56 60
56 63
56 93
56 101
56 102
56 103
56 106
56 113
56 114
57 5
57 9
57 16
57 19
57 28
57 32
57 36
58 88
58 91
59 6
60 10
60 12
60 14
60 20
60 24
60 26
60 27
61 6
61 60
61 61
61 66
61 77
61 86
61 96
61 103
61 111
62 48
62 50
62 63
62 64
62 71
62 75
62 89
62 94
62 101
62 109
62 110
62 120
62 124
62 131
62 135
62 136
62 138
65 66
65 67
65 71
65 80
65 82
66 3
66 15
66 17
66 25
66 33
66 37
67 36
67 40
67 41
67 44
67 46
67 53
67 59
67 67
67 77
67 96
67 101
67 106
67 134
67 136
67 137
67 138
68 102
68 104
68 106
68 122
68 129
69 20
69 23
69 24
69 26
69 28
69 31
69 33
69 44
69 49
69 57
69 65
69 67
69 86
69 92
69 93
69 96
69 98
69 99
69 102
69 119
69 120
69 121
69 126
69 129
69 131
69 136
70 16
70 18
70 19
70 34
70 45
70 50
70 61
70 62
70 64
70 68
70 75
70 142
72 1
72 4
72 7
72 8
72 22
72 24
74 28
74 32
74 36
74 46
74 53
75 2
75 18
75 19
75 27
77 3
77 5
77 6
77 11
77 13
77 14
77 17
77 19
77 26
77 37
77 38
77 45
77 55
77 59
77 83
77 96
77 98
77 102
77 118
77 138
78 1
78 2
78 13
78 18
78 38
78 43
78 50
78 55
78 78
78 79
78 83
80 4
81 1
81 2
81 9
81 17
81 25
81 28
81 30
81 33
82 53
82 69
83 9
83 10
84 77
84 82
84 90
84 92
84 116
84 121
84 123
84 133
84 141
85 1
85 13
85 16
85 25
85 27
85 30
85 42
85 49
85 56
85 59
85 61
85 67
85 68
85 80
85 84
85 108
85 120
85 128
86 40
87 22
87 25
87 35
87 53
87 55
87 56
90 67
90 72
90 75
90 92
91 49
91 61
91 62
91 67
91 73
91 74
91 98
91 102
91 117
91 121
92 12
92 14
92 30
92 36
92 89
92 97
92 113
92 127
93 2
93 3
93 6
93 10
93 19
93 21
93 23
93 26
93 40
93 47
93 53
93 60
94 2
94 5
94 25
94 31
94 33
94 43
95 110
95 111
95 117
95 122
95 134
95 151
95 160
95 168
95 169
95 172
95 173
95 174
95 176
95 178
95 181
95 186
95 189
95 194
95 201
95 208
95 210
95 218
95 219
95 221
95 223
95 230
95 236
95 249
95 250
97 114
97 130
97 132
97 142
97 155
97 162
97 170
97 173
97 178
97 180
97 184
97 192
98 12
98 13
99 1
99 5
99 9
99 22
99 25
99 28
99 31
99 46
99 47
99 50
99 53
99 58
99 70
99 73
99 75
99 78
99 80
99 81
99 90
99 94
99 96
99 100
99 108
99 112
101 5
101 6
101 10
101 11
101 14
101 20
101 34
101 36
101 38
101 39
101 58
102 1
102 9
102 11
102 14
102 17
102 23
102 41
102 44
102 58
102 64
102 74
102 77
102 78
102 81
102 84
102 95
102 105
102 110
103 3
103 16
103 31
103 34
103 35
103 36
103 39
104 1
104 3
104 16
104 20
104 38
104 43
104 51
104 53
104 54
104 60
104 72
104 79
104 87
104 88
105 7
106 4
106 5
106 9
107 2
107 7
107 8
107 9
107 12
107 24
107 27
107 34
107 37
107 58
107 59
108 2
108 9
109 9
109 10
109 22
109 27
109 32
109 37
109 39
109 44
109 46
109 53
109 60
110 23
110 24
110 25
110 36
110 41
110 56
110 64
110 66
110 82
110 91
110 93
110 98
110 105
110 106
112 1
112 3
112 9
112 22
112 26
112 28
112 30
113 6
114 11
115 45
115 51
115 54
115 65
115 66
115 70
116 2
116 5
116 7
117 8
117 10
118 17
118 48
119 5
119 13
119 27
119 29
119 30
119 32
119 48
119 54
119 57
119 64
119 74
119 76
119 78
120 68
120 72
120 76
120 81
120 85
121 3
121 10
121 35
121 39
121 60
121 68
121 82
121 91
121 96
121 97
121 99
121 114
121 123
121 124
121 130
121 132
121 140
121 141
