1 4
1 11
1 21
1 23
4 3
4 8
5 19
5 23
5 30
5 35
6 8
7 1
7 2
7 22
7 23
7 27
7 34
7 36
7 53
7 59
7 63
9 91
9 110
9 114
9 115
9 125
9 126
9 128
9 129
9 134
9 139
9 148
9 168
9 170
9 171
9 192
9 193
9 206
9 215
10 5
10 26
10 42
10 47
10 52
10 63
10 74
10 77
10 79
10 86
10 100
10 105
10 109
10 114
10 117
10 120
10 128
10 130
10 136
10 144
10 145
10 278
10 283
10 287
10 290
10 297
10 304
10 305
10 317
10 319
10 322
10 323
10 335
10 338
10 344
10 349
10 359
10 378
10 380
10 382
10 402
10 404
10 425
10 426
10 429
10 440
10 441
10 443
10 446
10 451
10 485
10 487
10 489
11 1
11 4
11 10
11 11
11 17
11 27
11 35
11 39
11 44
11 48
11 68
11 106
11 125
11 127
11 131
11 143
11 144
11 146
12 36
12 43
12 44
12 55
12 64
12 70
12 76
12 83
14 18
14 19
14 25
14 30
14 35
14 36
14 37
14 41
14 47
14 59
14 63
14 69
14 70
14 73
14 76
14 85
14 93
14 95
14 135
14 137
14 149
14 154
14 155
14 158
14 165
14 168
14 171
14 177
14 187
14 188
14 318
14 320
14 321
14 340
15 89
15 99
16 4
16 14
17 8
17 11
17 18
17 24
17 38
17 44
17 47
18 6
21 5
21 11
21 13
21 14
21 15
21 29
21 30
21 31
21 43
21 53
21 56
21 64
21 65
21 77
22 7
22 21
22 22
23 79
23 82
23 84
23 88
23 89
23 91
23 96
23 98
23 99
23 103
23 106
24 1
24 4
24 10
24 12
24 20
24 24
24 25
24 26
24 35
24 37
24 43
24 45
24 52
24 55
24 73
24 79
24 92
24 97
24 99
26 20
26 26
26 30
26 33
26 125
27 94
27 96
27 99
27 104
27 105
27 123
27 137
27 138
27 141
27 145
27 147
27 162
27 172
27 174
27 176
27 210
27 211
27 219
27 220
27 223
27 246
27 247
27 250
27 252
27 261
27 275
27 278
29 62
29 63
29 67
29 73
29 74
29 91
29 93
29 94
30 2
30 14
30 21
30 31
30 58
33 45
33 47
34 2
34 4
34 8
34 34
34 40
34 45
34 47
34 48
34 49
34 55
34 63
34 76
34 79
34 80
34 84
36 14
36 18
36 29
36 38
36 39
36 47
36 58
36 67
36 70
36 71
36 73
36 75
36 83
36 92
36 94
36 96
36 103
36 104
36 105
36 110
36 115
36 127
36 128
36 176
36 178
36 180
36 183
36 187
36 189
36 190
36 192
36 195
36 196
36 203
36 205
36 226
36 234
36 235
36 238
36 246
36 247
36 248
37 2
39 4
39 7
39 14
39 16
40 14
40 18
40 41
40 48
40 55
40 58
40 93
40 103
40 112
40 114
40 116
40 124
40 125
40 131
40 153
40 154
40 160
40 175
40 179
41 2
42 2
42 5
43 77
43 89
43 98
43 99
43 107
43 134
43 140
43 147
43 149
43 153
43 156
43 163
43 166
43 167
43 170
43 174
43 183
43 186
43 187
43 189
43 193
43 197
43 201
43 212
43 214
43 217
43 222
43 224
43 225
43 229
43 231
43 236
43 242
43 250
44 3
44 10
44 11
44 13
44 22
44 24
44 29
44 43
44 49
44 62
44 65
44 67
44 77
44 78
44 81
44 82
44 92
44 93
44 102
44 104
44 108
44 120
44 126
44 133
44 139
44 142
44 156
44 168
44 173
44 192
44 197
45 5
45 7
45 13
45 14
45 26
45 31
45 39
45 45
45 53
45 55
45 62
45 68
45 83
45 85
45 86
45 94
45 104
45 107
45 110
45 112
45 128
45 134
45 138
46 60
46 69
46 74
46 75
46 88
46 89
46 96
46 103
46 105
46 113
46 115
46 116
46 118
47 49
47 71
47 219
48 3
48 10
48 13
48 17
48 27
48 28
48 33
48 36
48 37
48 39
48 41
48 42
48 57
48 63
48 71
48 75
48 78
48 84
48 89
48 95
48 102
48 107
48 118
48 121
48 129
48 130
48 131
48 132
48 134
48 145
48 147
48 150
48 164
49 44
49 45
49 52
49 73
49 75
49 80
49 83
49 86
51 74
52 41
52 47
52 50
52 56
52 59
52 65
52 75
52 77
52 79
52 81
52 89
52 92
52 107
52 123
52 141
52 147
52 154
52 160
52 174
52 182
52 183
52 201
52 203
55 39
55 80
55 82
55 175
55 198
55 203
55 206
55 208
55 213
55 219
55 223
55 226
55 228
55 235
55 240
56 32
56 37
56 38
56 46
56 49
56 52
56 141
56 153
56 156
57 99
57 102
57 147
57 149
57 154
57 159
57 165
57 172
57 174
57 176
57 181
57 185
57 188
57 239
58 6
58 7
58 8
58 15
58 20
58 25
58 38
58 40
58 42
59 4
59 6
59 11
61 59
61 60
61 62
61 68
61 69
61 72
61 75
61 78
61 208
61 217
63 21
63 30
63 31
64 4
64 8
64 14
64 19
64 25
64 26
64 30
64 39
64 49
64 61
64 64
64 67
64 73
64 74
64 80
64 81
64 86
64 102
64 106
64 107
64 109
64 118
64 122
64 123
64 128
64 133
64 135
64 144
64 145
64 149
64 153
64 154
64 157
64 164
64 172
64 182
64 183
64 186
64 188
64 191
64 242
64 244
64 249
64 251
64 253
64 260
64 275
64 279
64 281
64 285
65 2
65 16
65 18
65 21
65 30
65 33
65 35
65 46
65 47
65 50
65 62
65 66
65 71
65 73
65 84
65 85
65 87
65 90
65 93
65 102
65 107
65 108
65 109
65 115
69 3
69 9
69 11
69 13
69 20
69 33
69 34
69 35
69 38
69 41
69 46
69 55
69 60
69 64
69 66
69 68
69 70
69 73
69 81
69 85
70 1
70 7
70 9
71 1
71 5
71 11
71 15
72 13
72 14
72 18
75 23
75 25
76 8
76 12
76 23
76 25
76 29
76 30
77 1
77 6
77 8
77 9
77 18
77 27
78 5
78 12
78 13
78 17
79 7
79 10
79 14
79 15
79 16
79 27
79 44
79 51
79 55
79 62
82 37
82 49
82 50
82 68
82 73
82 76
82 86
82 87
82 96
82 98
82 101
82 107
82 114
82 116
82 130
82 137
82 147
83 1
83 3
83 4
83 14
83 26
83 28
83 31
83 36
83 47
83 51
83 69
83 91
83 97
83 103
83 106
84 1
84 9
84 21
84 27
84 28
84 32
84 41
84 46
84 137
84 143
84 149
84 152
84 161
84 165
84 166
84 179
84 180
84 182
84 183
84 184
84 188
84 193
84 195
84 200
84 205
84 206
84 217
84 228
84 280
84 281
84 299
84 303
84 313
85 1
85 3
85 26
85 35
85 37
85 42
85 56
85 58
85 80
85 82
85 91
85 97
85 101
85 105
85 106
85 115
85 120
85 124
85 128
85 136
86 1
86 12
86 26
86 28
86 30
87 4
87 7
87 9
87 13
87 33
87 37
88 23
88 24
88 32
88 35
88 39
88 40
88 42
88 43
88 48
88 53
88 55
88 57
88 58
88 60
88 66
88 69
88 72
88 73
89 61
90 65
90 67
90 74
90 76
90 77
90 89
90 97
90 105
90 106
90 108
90 110
90 112
90 120
90 124
90 128
90 137
90 143
90 144
90 147
90 156
90 158
90 167
90 169
90 170
90 173
90 179
90 182
90 189
90 192
90 198
90 199
90 207
90 212
90 216
90 219
90 228
90 233
91 4
91 11
91 14
91 15
91 25
91 29
91 63
91 68
92 1
92 2
92 4
92 13
92 15
92 18
92 27
92 32
92 39
92 48
92 49
92 58
92 60
92 78
92 79
92 80
92 83
92 85
92 87
92 105
92 107
92 112
92 115
92 125
92 127
92 130
92 134
92 148
92 156
92 159
92 170
92 177
92 178
92 185
92 201
92 207
92 208
92 260
