1 7
1 10
1 16
1 32
1 33
1 40
1 45
2 75
2 82
2 96
2 108
2 120
2 124
2 132
2 145
2 148
2 151
2 153
2 207
2 210
2 214
2 231
3 1
3 7
3 9
3 11
4 3
4 5
4 151
4 152
4 159
4 161
4 167
4 168
4 174
4 180
4 181
4 184
4 185
4 189
5 3
6 1
6 6
6 8
6 9
9 27
9 31
9 63
9 64
9 72
9 85
9 88
9 90
9 94
9 100
10 111
10 112
10 117
10 119
10 224
10 238
10 250
10 254
10 261
10 285
10 286
10 296
10 316
10 320
10 322
10 329
11 2
11 4
11 7
11 12
11 27
11 35
11 36
11 37
11 39
11 88
11 101
11 102
11 105
11 107
11 109
11 119
11 133
11 138
12 16
12 22
12 29
12 31
12 35
12 67
12 72
12 76
12 82
12 83
12 87
12 93
12 95
12 97
12 102
12 121
12 126
12 134
12 135
12 139
12 140
13 3
13 4
14 5
14 7
14 9
14 10
14 11
14 15
14 26
14 29
14 30
14 32
14 33
15 5
15 11
15 12
15 21
15 24
16 10
16 11
16 13
16 17
16 18
16 27
16 45
16 63
16 79
16 80
16 81
16 86
16 89
17 7
17 9
17 10
17 15
17 17
18 5
18 6
18 13
18 17
18 19
18 24
18 38
18 98
18 101
18 108
18 110
18 122
18 123
18 129
18 131
18 139
18 146
18 149
18 150
18 155
18 159
18 161
18 163
19 48
19 64
19 73
19 89
19 92
19 100
19 103
19 107
19 114
19 117
19 122
19 128
19 132
19 133
19 136
19 146
19 148
19 162
19 165
19 175
19 179
20 73
20 75
20 89
22 1
22 2
22 81
24 14
24 23
24 24
24 27
24 31
24 41
24 45
24 46
25 1
25 10
25 13
25 25
26 12
26 19
26 25
26 32
26 34
28 24
28 27
28 29
28 65
28 69
28 70
28 71
28 87
28 96
28 99
28 108
28 110
28 111
28 115
28 119
28 122
28 134
28 142
28 143
28 145
28 159
28 160
28 178
28 182
28 183
28 187
28 191
28 196
30 6
30 14
30 16
30 17
30 22
30 36
30 37
30 69
31 12
31 15
31 36
31 42
31 47
31 49
31 53
31 56
31 58
31 65
31 74
31 77
31 81
31 84
31 87
31 92
31 98
31 102
32 9
32 10
32 18
32 20
32 23
32 24
33 3
33 6
33 22
34 4
34 9
34 22
34 28
34 33
34 50
34 51
34 57
34 64
34 69
34 70
34 71
34 72
34 73
34 79
34 88
34 92
35 9
35 14
35 16
35 28
35 34
35 35
35 45
35 47
35 59
35 72
35 73
35 76
35 81
36 1
36 16
36 17
36 18
36 22
36 40
36 51
36 57
36 59
36 62
36 63
36 77
36 98
36 103
36 111
36 116
36 117
36 125
36 129
36 193
36 194
36 197
36 198
36 204
36 232
36 235
36 239
36 246
37 20
37 33
40 40
40 52
40 57
40 60
40 66
40 73
40 76
40 77
40 80
40 86
40 104
40 106
40 109
40 126
40 136
40 161
41 2
41 3
41 7
41 11
41 16
41 31
41 33
41 39
41 42
41 44
41 45
41 50
42 21
42 27
43 9
43 13
43 16
43 17
43 19
43 26
43 32
43 33
43 42
43 43
43 52
43 53
43 60
43 61
46 52
46 54
47 6
47 8
47 9
47 14
47 17
47 27
47 32
47 44
47 62
47 194
48 4
48 5
48 10
48 15
48 24
48 27
48 35
48 38
48 45
48 47
48 48
48 52
48 54
48 58
48 61
48 65
48 70
48 79
48 95
48 96
48 107
48 121
50 46
50 55
50 69
50 83
50 89
50 92
50 96
50 98
50 154
50 155
50 156
50 157
50 159
54 20
54 24
54 35
54 46
54 47
54 53
54 55
54 59
54 71
54 88
54 90
54 91
54 96
54 120
56 1
56 6
56 7
56 20
56 22
56 25
56 31
56 34
56 45
56 50
56 55
56 59
56 62
56 64
56 67
56 71
56 72
56 77
56 85
56 98
56 110
56 113
57 7
57 20
57 21
57 49
57 54
57 56
57 69
57 71
58 11
58 27
58 30
58 44
58 46
58 49
58 59
58 67
58 166
58 167
58 170
58 181
58 183
58 191
58 214
58 215
58 219
58 221
58 222
58 224
58 233
58 234
58 245
58 251
58 256
59 3
59 12
59 29
59 35
59 36
59 39
59 40
59 41
59 46
59 47
59 62
59 64
59 70
59 72
59 78
59 83
59 84
59 90
59 221
59 223
59 239
59 245
59 247
59 248
59 259
59 266
59 267
59 281
59 282
59 286
59 294
59 295
59 421
59 423
59 434
59 437
59 446
59 462
59 463
60 8
60 11
60 12
60 32
60 33
60 45
60 46
60 59
60 63
60 69
60 76
60 87
60 96
60 99
60 101
60 108
60 112
60 115
60 123
60 124
60 125
63 14
63 33
63 44
63 45
63 47
64 7
64 30
64 40
65 7
65 140
65 144
65 147
65 156
65 166
65 174
65 177
65 181
65 183
67 57
67 62
67 65
67 79
67 81
67 83
67 87
67 117
67 120
67 124
67 130
67 141
67 142
67 148
67 151
67 157
68 4
68 7
68 10
68 18
68 19
68 23
68 25
68 44
68 45
68 73
68 76
68 77
71 50
71 56
71 58
71 59
71 61
71 65
71 77
71 97
71 100
71 107
71 108
72 77
72 82
72 84
72 86
72 94
72 95
72 98
72 234
72 237
72 239
72 250
72 252
72 260
72 391
72 395
72 396
72 399
72 402
72 403
72 408
72 424
72 426
72 505
72 508
72 510
72 525
72 541
72 551
72 559
72 561
72 563
72 568
72 579
72 583
72 585
72 588
72 593
72 596
72 612
72 616
72 617
72 623
72 627
72 629
72 630
72 634
77 2
77 7
77 11
78 1
78 3
78 33
78 37
78 41
78 59
78 137
78 140
78 150
78 153
78 155
78 156
79 2
79 3
79 11
79 14
79 17
79 19
79 23
79 41
79 42
79 47
79 48
79 49
79 50
80 10
80 17
80 24
82 42
82 45
82 47
82 49
82 50
82 51
82 57
82 135
82 136
82 140
82 154
82 169
82 172
84 28
84 37
84 38
84 45
86 68
86 75
86 83
86 85
86 87
87 9
87 10
87 12
88 7
88 9
88 11
88 15
88 21
88 28
88 30
88 32
88 34
88 36
88 109
89 3
89 15
89 29
89 33
89 34
89 35
90 128
90 129
90 136
90 140
90 148
90 154
90 155
90 158
90 184
90 186
90 188
90 191
90 194
90 197
90 268
90 271
90 291
90 293
90 294
91 9
91 10
91 11
91 21
91 22
91 25
92 55
92 57
92 60
93 9
93 11
93 12
93 21
93 27
93 59
93 64
93 65
93 69
93 71
93 72
93 93
94 1
94 3
94 21
94 32
94 49
94 53
94 59
94 61
94 62
94 67
94 73
94 77
94 78
94 83
94 86
95 1
95 3
95 13
96 7
96 8
96 17
97 7
97 8
97 10
97 13
97 17
97 20
97 34
97 43
97 57
97 58
97 65
97 76
97 95
97 99
97 105
97 113
97 114
97 121
97 126
97 129
97 138
97 140
97 142
97 165
97 175
97 176
97 190
97 225
97 226
97 231
98 9
98 12
99 9
99 12
99 20
99 21
99 53
100 11
100 12
100 17
101 2
101 21
101 23
101 30
101 32
101 34
101 37
101 38
101 62
101 82
