1 1
1 5
1 6
1 23
1 24
1 29
1 35
1 43
1 53
1 61
1 67
1 78
1 84
1 88
1 135
2 9
2 11
3 11
3 17
3 19
3 20
3 35
3 44
4 31
5 1
5 13
5 14
5 16
5 30
5 31
6 1
6 14
6 18
7 14
7 15
7 18
7 23
7 39
7 44
7 46
7 53
7 57
7 58
7 59
7 63
8 12
8 16
9 2
9 9
9 22
12 51
12 52
12 53
12 81
12 84
12 91
12 93
12 110
12 117
12 119
12 129
12 131
12 142
12 146
12 152
12 161
12 164
12 172
12 174
12 184
12 194
12 204
13 11
13 35
13 36
14 5
14 17
15 1
15 9
15 10
15 25
15 31
16 1
17 7
17 13
17 21
17 36
18 4
18 8
18 9
18 13
18 18
18 20
18 22
18 27
18 32
20 16
20 19
20 27
20 28
20 47
20 51
20 54
20 58
20 69
20 85
20 101
20 106
21 6
21 7
21 9
21 75
21 79
21 90
21 92
21 100
21 110
21 112
21 113
21 115
21 117
21 127
21 131
21 135
21 143
21 144
21 148
21 156
21 162
21 165
21 166
21 178
21 179
21 180
21 183
21 192
21 200
21 210
24 47
24 48
24 54
24 56
24 58
24 61
24 71
24 76
24 78
24 82
24 95
24 97
24 105
24 109
24 112
24 122
24 124
24 125
24 134
24 135
24 170
24 172
25 34
25 39
25 41
25 101
25 103
25 111
25 121
25 130
25 134
26 28
26 30
26 31
26 51
26 54
27 41
27 43
28 1
28 4
28 9
28 10
28 14
28 16
28 18
28 29
28 31
28 32
28 34
28 35
28 53
28 64
28 77
28 83
28 84
28 89
28 90
28 93
28 94
28 136
29 41
30 131
30 135
30 143
30 144
30 154
30 157
30 158
30 167
30 174
30 186
31 14
31 23
31 36
31 40
31 50
31 54
33 15
33 17
33 25
33 28
33 31
34 4
34 9
34 16
34 18
34 19
34 21
34 28
34 33
34 36
34 39
34 40
34 42
34 45
34 46
37 20
37 24
37 25
37 26
37 27
37 35
38 1
38 6
38 8
39 23
39 25
39 35
39 39
39 42
39 60
39 68
39 69
39 78
39 79
39 86
39 88
39 90
39 97
39 99
39 108
40 3
40 4
40 6
40 7
40 11
40 30
40 34
40 39
40 40
40 42
40 50
40 60
40 61
40 63
40 74
40 83
41 90
41 94
43 75
44 1
44 3
44 7
45 100
45 105
45 106
45 108
45 126
45 127
45 128
45 131
45 132
46 10
46 14
46 16
46 17
47 4
47 6
47 10
47 12
47 16
48 109
48 125
48 127
48 128
48 137
48 152
48 158
48 163
48 167
48 175
48 181
48 182
48 184
48 186
48 188
48 192
48 194
48 198
48 207
48 212
48 214
48 217
48 236
48 239
48 243
48 260
48 262
48 263
48 269
48 271
48 403
48 408
48 428
49 13
49 23
49 30
49 32
49 42
49 50
52 41
52 42
53 63
53 70
53 71
54 75
54 102
54 109
54 112
54 117
54 118
55 12
55 16
55 40
57 61
57 63
57 64
57 89
57 97
57 116
57 123
57 143
57 145
57 149
57 151
57 158
57 161
57 167
57 184
57 185
57 187
57 194
57 199
58 59
58 61
58 75
60 1
60 5
60 17
60 24
60 41
60 51
60 64
61 33
62 21
62 23
62 28
62 38
62 43
62 52
62 54
62 55
62 58
62 59
62 60
62 61
62 65
62 83
62 94
62 98
64 2
64 3
64 15
64 22
64 23
64 25
64 27
65 44
65 60
67 68
67 75
67 85
67 102
67 132
67 134
67 136
67 137
67 143
67 147
68 6
68 9
68 16
68 21
68 22
68 23
68 33
68 43
69 3
69 7
69 11
69 18
69 21
69 27
69 34
69 47
70 3
70 5
70 11
70 12
70 14
70 16
70 17
70 18
70 20
71 7
71 9
71 30
72 1
73 1
73 2
74 122
74 130
74 131
74 137
74 138
74 140
74 149
74 163
74 165
74 166
74 176
75 12
75 13
75 25
75 28
75 40
75 48
76 1
76 3
76 17
76 20
76 21
76 35
78 2
78 7
78 9
78 26
79 74
80 7
80 9
80 13
80 14
80 17
80 18
80 21
80 23
80 30
80 39
80 46
82 52
82 55
82 58
82 200
82 204
82 215
82 232
82 249
82 316
82 326
83 5
83 8
83 10
83 14
83 23
83 26
83 29
83 40
83 48
83 49
83 51
83 53
83 185
83 192
83 196
83 200
83 210
83 214
85 9
85 12
85 49
85 52
85 58
85 67
85 90
85 91
86 1
86 5
86 11
86 24
86 28
86 53
86 58
86 61
87 10
87 13
87 27
87 35
87 43
87 46
87 65
87 69
87 72
87 77
87 88
87 90
87 91
87 93
88 1
88 9
88 10
88 13
88 16
88 22
88 25
88 29
88 40
88 42
88 43
88 54
88 56
88 66
88 75
89 4
89 9
89 12
91 10
91 15
91 21
91 24
91 25
91 26
91 31
91 119
91 122
91 123
91 128
91 138
91 142
91 144
91 151
91 154
91 166
91 168
92 5
92 8
92 9
92 11
92 25
92 31
92 87
92 92
92 96
92 116
92 119
93 4
93 6
93 10
93 15
93 17
93 18
93 22
93 26
93 27
93 33
93 34
93 36
93 39
93 49
93 51
93 56
93 57
93 62
93 64
93 73
93 74
93 77
93 79
94 1
94 6
94 13
94 14
94 16
94 133
94 134
94 136
94 138
94 143
94 151
95 14
95 16
95 20
95 33
95 37
95 48
95 81
95 85
95 93
96 3
96 17
96 21
96 26
96 27
96 33
96 34
96 39
96 43
96 48
96 51
96 80
96 109
96 121
96 122
96 133
96 135
96 137
96 143
96 159
96 160
96 167
96 175
96 180
96 191
96 193
96 219
96 220
96 222
96 224
96 228
96 229
96 230
96 234
97 5
97 7
98 26
98 40
99 47
99 48
99 65
99 75
99 79
99 80
99 101
99 103
99 106
99 112
99 117
99 126
99 132
99 135
99 148
99 151
100 21
100 25
100 32
101 5
101 8
101 36
101 42
101 46
101 54
101 57
101 69
101 72
101 75
101 76
101 87
101 91
101 92
101 96
101 98
101 112
101 118
101 120
101 126
101 129
101 134
101 146
101 156
101 159
101 160
102 1
102 23
102 27
102 29
102 38
102 39
102 40
102 113
102 115
102 116
102 124
102 127
102 133
102 139
103 3
103 6
103 7
103 21
103 22
103 43
104 6
104 12
104 17
104 28
104 31
104 44
104 52
104 64
104 69
104 75
104 82
104 99
104 113
104 114
104 118
104 122
104 189
104 190
104 226
104 234
105 24
105 31
105 51
106 3
106 7
106 11
106 17
106 36
106 40
106 47
106 49
106 53
106 54
106 55
106 57
106 62
106 76
106 88
106 90
106 102
