1 1
2 76
2 78
2 83
2 92
2 97
2 105
2 108
2 109
2 112
2 120
2 129
2 133
2 153
2 162
2 165
2 174
2 183
2 187
2 195
2 201
2 215
2 216
2 220
2 233
2 245
2 249
2 257
2 263
2 266
2 276
2 283
2 286
2 289
3 6
4 2
4 18
5 1
5 6
5 7
5 11
5 14
5 18
5 19
5 24
5 38
5 39
6 6
10 42
10 46
10 47
10 61
10 70
10 73
10 83
10 84
10 89
10 93
10 95
10 98
10 115
10 121
10 126
10 131
10 133
10 135
10 155
10 160
10 168
10 186
10 193
10 194
10 206
10 207
10 212
10 214
10 231
10 232
10 235
10 248
11 18
11 20
12 96
12 98
12 102
12 103
12 107
12 109
12 111
12 112
12 113
12 123
12 128
12 131
12 141
12 160
13 3
13 5
13 17
13 25
13 26
13 137
13 171
13 172
13 186
13 206
13 214
13 220
13 228
14 2
14 6
14 23
14 30
14 31
14 39
14 40
14 48
14 57
14 59
14 60
14 65
14 73
14 79
14 81
14 87
14 88
14 94
14 97
18 24
18 29
19 7
19 15
19 20
19 25
19 27
19 33
19 35
19 39
19 40
19 42
19 49
19 58
19 69
19 71
19 79
19 81
19 82
19 84
19 89
19 90
19 97
19 109
19 111
19 113
19 116
20 6
20 7
20 10
20 11
21 1
22 4
22 22
22 23
25 44
25 47
25 50
25 57
25 59
25 82
26 8
27 57
27 60
27 64
27 65
27 72
28 5
28 7
28 18
28 20
28 21
28 24
28 25
28 26
29 1
30 70
30 113
30 117
30 118
30 124
30 134
30 135
30 145
30 160
30 168
30 177
31 1
31 4
31 28
31 37
31 39
31 49
31 52
31 55
31 72
31 77
31 81
32 97
32 113
32 115
32 117
32 122
32 123
32 126
32 128
32 209
32 220
32 229
32 244
32 245
32 253
32 262
32 276
32 278
32 282
32 292
32 296
32 300
32 303
32 304
32 315
32 318
32 319
32 324
32 328
32 329
34 40
34 41
34 47
34 52
34 60
34 65
34 67
34 77
34 78
34 86
34 89
34 94
34 104
34 105
34 109
34 110
34 119
34 127
34 134
34 143
34 145
34 169
34 172
34 174
34 205
34 212
34 214
34 215
34 222
34 239
34 243
34 251
34 258
34 263
35 4
35 14
35 18
35 149
35 150
35 151
35 153
35 154
35 159
36 4
36 17
36 28
36 30
36 32
36 42
36 43
36 46
36 52
36 53
36 65
36 66
36 70
37 93
37 97
37 103
37 105
37 117
37 129
37 143
37 151
37 155
37 161
37 166
37 169
37 170
37 171
38 7
38 8
38 10
38 14
38 23
38 32
38 34
38 44
38 51
38 59
38 71
38 83
38 109
38 168
38 173
38 174
38 176
38 183
38 185
38 187
38 194
38 195
38 208
38 209
38 212
38 222
38 225
38 231
38 308
38 318
38 327
38 328
38 331
38 353
38 370
38 376
38 380
38 381
38 387
38 392
38 400
38 403
38 404
38 407
38 410
38 414
38 415
38 416
38 421
38 422
38 426
38 431
38 434
38 445
38 448
38 449
38 452
38 457
38 458
38 462
38 463
38 525
38 530
38 538
38 549
38 553
38 559
38 572
38 578
38 584
38 585
38 587
38 600
38 605
38 607
38 609
38 611
38 613
38 614
38 618
38 620
38 621
38 626
38 629
38 635
38 636
38 646
38 648
38 657
38 665
38 680
38 689
38 698
38 708
38 709
38 710
39 1
39 7
39 12
39 15
39 17
39 22
39 29
39 30
39 38
39 44
39 50
39 62
39 67
39 85
39 91
40 9
40 32
40 35
41 3
41 12
41 17
41 22
41 27
41 37
41 47
41 57
41 59
41 67
41 68
41 88
41 95
41 109
41 113
41 114
41 117
41 119
41 123
41 127
41 139
41 144
41 154
42 13
42 16
42 29
42 39
42 47
42 49
42 56
42 58
42 65
42 68
42 75
42 79
42 83
43 4
43 10
44 59
44 60
44 61
44 71
44 76
44 100
44 105
45 68
45 74
45 76
46 5
46 6
46 7
46 12
46 23
46 30
46 33
46 34
46 40
46 45
46 63
46 72
46 80
46 95
46 99
46 107
46 119
46 126
46 142
46 145
46 152
46 159
46 172
46 181
46 184
46 195
46 217
46 219
46 236
46 256
46 266
46 267
46 269
46 281
46 282
46 286
46 292
46 303
46 318
47 9
47 11
47 12
47 14
47 35
47 37
47 42
47 50
47 51
47 66
47 73
47 79
47 80
47 83
47 85
51 86
51 88
52 3
52 8
52 12
52 20
52 24
52 45
52 49
52 59
52 63
52 65
53 55
54 12
54 13
54 18
54 19
54 37
54 60
54 63
54 65
54 67
54 69
54 75
54 82
54 86
54 94
54 101
54 108
54 110
54 113
54 145
54 153
54 155
54 158
54 160
54 165
54 174
54 179
54 180
54 197
54 200
54 202
54 204
54 207
54 227
54 232
54 234
54 243
54 253
54 256
54 258
54 266
54 275
54 279
54 282
54 283
54 300
54 302
54 309
54 312
54 319
54 321
54 325
54 329
54 359
54 366
54 368
55 1
55 6
55 9
55 44
55 45
55 47
55 50
55 51
55 60
55 61
55 62
55 71
55 75
55 76
56 4
56 9
57 128
57 142
57 144
57 147
57 149
58 3
58 8
58 11
58 12
58 37
58 54
59 59
59 60
59 95
59 106
59 107
59 108
59 110
59 118
59 130
59 131
59 136
59 137
59 170
59 174
59 175
59 177
59 180
59 189
59 190
59 191
59 194
60 3
60 7
60 31
60 42
61 5
61 6
61 9
61 13
61 14
61 21
62 4
62 10
62 21
62 22
62 40
62 43
62 47
62 61
63 1
63 5
63 6
63 16
63 20
63 21
63 26
63 27
63 36
63 88
63 102
64 5
64 7
64 14
65 1
65 3
65 4
65 9
65 11
65 22
65 25
65 31
65 38
65 40
65 42
65 46
65 68
65 69
65 76
65 91
65 99
65 100
65 104
65 105
65 106
65 119
65 122
65 123
65 124
66 65
66 71
66 78
66 112
66 116
66 122
66 123
66 125
66 127
66 158
66 162
66 166
66 177
66 182
66 183
66 188
66 191
67 8
67 13
67 17
67 28
67 35
67 40
68 7
68 20
68 25
68 46
68 49
68 50
68 52
68 54
68 60
68 69
68 209
68 210
69 44
69 50
69 54
69 56
69 58
69 60
70 86
70 89
70 91
70 95
71 1
71 7
71 8
72 2
73 6
73 10
73 16
73 17
73 22
73 23
73 28
73 41
73 42
73 46
74 9
74 13
74 14
74 16
74 20
74 22
74 23
74 26
74 160
74 165
74 168
76 65
76 66
76 67
76 83
76 88
76 91
76 110
76 118
76 126
76 129
76 130
77 2
77 9
77 10
78 2
78 4
79 2
80 2
80 5
81 7
81 11
81 17
82 19
82 21
83 4
83 31
83 59
83 72
83 95
83 117
83 125
84 9
84 16
84 18
84 19
84 32
84 33
84 36
84 39
84 40
84 44
84 48
84 67
84 75
84 82
84 85
84 86
84 89
84 94
84 99
84 100
86 19
86 20
86 29
86 32
86 34
86 35
86 43
86 53
86 57
86 61
86 63
86 67
86 71
86 72
86 92
86 94
86 95
86 98
87 10
87 11
88 4
88 20
88 27
88 28
88 31
88 35
88 68
88 73
88 84
88 100
89 2
89 8
89 111
89 118
89 119
89 134
89 138
89 142
89 149
89 157
89 163
89 164
90 2
90 21
90 27
92 13
92 16
92 24
92 32
92 40
92 44
92 125
92 126
92 129
92 135
92 142
92 225
92 230
92 233
92 238
92 246
92 253
92 255
92 258
92 261
92 272
92 277
92 281
93 3
94 51
