1 3
1 14
1 15
1 16
1 21
2 7
2 13
2 14
2 16
2 18
2 23
2 29
2 37
2 39
2 42
2 48
2 51
2 60
2 61
2 69
2 70
2 74
2 90
2 138
3 5
3 7
3 18
3 20
3 22
3 23
3 31
3 49
3 53
3 54
3 64
3 74
3 80
3 81
3 95
3 97
3 98
3 104
3 106
4 9
4 14
4 24
4 27
4 29
5 1
5 3
5 6
5 7
5 18
5 28
5 31
5 32
6 86
6 96
6 97
6 104
6 114
6 117
6 119
6 123
6 139
6 141
6 143
6 152
6 155
6 156
6 164
6 180
6 182
6 189
6 191
6 195
7 97
7 99
7 106
7 107
7 112
8 1
10 2
10 3
11 31
11 33
12 1
12 8
12 27
12 33
12 37
12 38
12 43
12 50
12 53
12 63
12 67
13 13
13 18
13 93
13 119
13 129
13 141
13 143
13 144
13 165
13 175
13 184
13 186
14 15
14 16
14 23
14 28
14 29
14 42
14 43
14 147
14 152
14 158
14 162
14 174
14 194
14 198
14 199
14 202
14 204
14 209
14 216
14 219
14 226
14 231
14 256
14 257
14 268
14 269
14 271
14 275
14 277
14 278
14 289
14 293
14 308
14 313
15 2
15 15
15 17
15 26
15 34
15 38
15 42
15 43
15 48
19 43
19 54
19 55
19 69
19 73
19 94
19 97
19 115
19 118
20 3
20 13
20 17
20 20
20 22
20 36
20 37
20 43
20 50
20 62
20 67
20 69
21 1
21 110
21 113
21 114
21 117
21 124
21 128
21 130
21 132
21 136
21 139
21 142
21 144
21 152
21 154
21 162
21 164
21 170
21 181
21 188
21 189
21 195
21 197
21 201
21 218
21 220
21 232
21 237
21 238
21 240
21 241
21 245
22 44
23 3
23 11
23 18
23 20
23 28
23 32
23 37
23 43
23 45
23 64
23 66
23 81
23 87
23 89
25 8
25 34
25 37
25 39
25 53
25 56
26 7
26 11
26 12
26 27
26 31
26 37
26 40
27 6
27 7
27 16
27 21
27 24
27 26
28 59
28 61
29 8
29 15
29 17
29 27
29 29
29 41
29 43
29 176
29 179
29 190
29 191
29 205
29 210
29 221
30 1
30 3
30 8
30 11
30 13
30 15
31 18
31 22
31 24
31 27
31 32
31 34
31 36
31 43
31 53
32 2
33 3
33 4
33 5
33 19
33 21
33 38
33 39
33 40
33 44
33 49
34 30
34 32
34 36
34 37
34 42
34 52
34 55
35 2
35 3
35 6
35 7
35 10
35 15
35 19
35 20
35 24
36 1
36 6
36 12
36 18
36 19
36 22
36 25
36 27
36 28
36 30
36 35
36 47
36 48
36 61
36 63
37 1
37 8
37 12
37 13
37 23
37 27
37 34
37 38
38 4
38 8
38 11
38 12
38 14
38 23
38 24
38 27
39 7
39 11
39 13
39 19
39 23
40 2
40 12
40 16
40 20
40 27
40 29
40 33
40 38
40 39
41 26
41 39
41 51
41 52
41 56
45 14
45 23
45 28
45 29
45 32
47 33
47 36
47 47
47 55
47 57
48 7
48 11
48 12
48 15
48 26
48 35
48 39
48 40
50 47
50 57
50 59
50 60
50 70
50 74
50 76
50 77
50 78
50 83
50 143
50 146
50 147
50 155
50 168
50 171
50 176
50 179
50 182
50 210
50 220
50 223
50 225
50 232
50 235
50 237
50 239
50 241
50 281
50 303
50 307
50 310
50 321
50 329
52 53
52 54
52 56
52 59
52 62
52 67
53 2
53 8
53 13
53 18
53 29
53 30
53 37
54 89
54 93
54 102
54 104
54 106
54 110
54 111
54 112
54 114
54 132
54 134
54 145
54 152
54 153
54 161
54 168
54 171
54 172
54 185
54 186
54 189
54 190
54 191
55 3
55 6
55 47
55 49
55 58
55 73
55 82
56 24
56 25
56 26
58 1
58 13
58 14
58 15
58 23
58 35
58 37
58 46
58 58
58 60
58 68
58 73
58 80
58 84
58 86
58 94
58 98
58 99
59 38
59 44
60 14
60 16
60 22
62 9
62 28
62 30
62 37
62 39
62 45
62 49
62 52
62 76
62 77
62 86
62 94
62 103
62 106
62 115
62 119
62 126
62 127
62 131
62 135
62 138
62 140
62 144
65 64
65 66
66 9
66 12
66 15
66 33
66 34
66 35
66 68
66 69
66 73
66 82
66 86
66 94
66 97
66 98
66 103
66 104
66 116
66 117
66 118
66 122
66 123
66 133
66 135
66 138
66 140
66 144
66 149
66 169
66 173
66 176
66 183
66 186
66 187
66 188
66 198
66 203
66 248
66 256
66 265
66 267
66 271
66 280
66 301
66 306
66 308
66 309
66 310
66 314
66 319
66 326
66 327
66 329
66 330
66 331
66 340
67 19
67 26
67 28
67 35
67 56
67 58
67 62
68 125
68 130
68 135
68 136
68 145
68 153
68 156
68 177
68 179
68 182
68 194
68 200
68 203
68 206
68 217
68 233
68 234
68 253
68 259
68 260
68 272
68 273
68 278
68 281
68 289
68 294
68 296
68 299
68 306
68 308
68 311
68 316
68 342
68 343
68 354
68 484
68 485
68 486
68 487
68 492
68 499
69 3
69 7
70 9
70 16
71 4
71 19
71 25
71 29
71 31
71 36
71 37
71 41
71 43
71 52
71 57
72 4
72 7
72 9
72 11
73 1
73 5
74 4
74 6
74 135
74 141
74 143
74 150
74 159
74 166
74 168
74 258
74 261
74 263
74 275
74 280
74 282
74 285
79 17
79 20
79 35
79 37
79 49
79 68
79 75
79 76
79 81
79 82
79 86
79 87
79 96
79 106
79 108
80 4
80 5
80 7
80 10
80 18
80 19
80 21
80 22
80 27
80 34
80 36
80 37
80 42
81 1
81 3
81 10
81 20
84 6
84 10
84 13
84 14
84 18
84 21
84 23
84 25
84 26
84 27
84 142
84 146
84 152
84 154
84 164
84 192
85 3
85 11
85 33
85 35
85 47
85 48
85 56
85 66
85 67
85 76
86 5
86 11
86 12
86 14
86 16
86 21
86 28
86 33
86 42
86 43
86 48
86 49
86 53
87 22
88 5
89 5
89 8
89 14
89 15
89 26
89 30
89 41
89 43
89 45
89 48
89 51
89 52
89 53
89 56
89 58
89 70
90 5
90 19
90 21
90 32
90 39
90 83
90 84
91 1
91 5
91 9
91 10
91 15
91 16
91 17
91 22
91 24
91 25
91 30
91 31
91 32
91 36
91 38
91 41
91 46
91 55
91 56
91 74
91 79
91 81
91 94
91 100
91 104
92 21
92 30
92 31
92 41
92 57
92 71
92 120
92 125
92 132
92 147
92 148
92 154
92 170
92 179
92 184
92 189
92 193
92 196
92 204
92 212
93 3
93 14
95 83
95 86
95 94
95 102
95 103
95 106
95 114
95 117
95 127
95 128
95 134
95 135
95 143
95 152
95 155
95 188
95 191
95 201
95 207
95 209
95 217
95 221
95 225
95 226
95 228
96 10
96 14
96 18
96 21
96 25
96 27
96 33
96 40
96 50
96 53
96 59
96 65
96 69
96 75
96 89
96 91
96 92
96 96
96 97
96 99
96 100
97 43
97 45
97 47
98 27
99 1
99 7
99 21
99 22
99 24
100 81
100 92
100 97
100 100
100 108
100 110
100 113
100 127
100 137
100 139
100 159
101 71
101 74
102 5
102 8
102 12
102 16
102 32
102 37
102 53
102 69
102 70
102 76
102 89
102 92
102 93
102 114
102 128
102 133
102 136
103 2
103 7
103 10
103 11
104 33
104 35
104 41
104 46
104 49
104 54
104 61
104 65
104 82
104 100
104 121
104 126
104 128
105 41
105 42
105 56
105 59
105 65
105 93
105 94
105 102
105 111
105 151
105 159
105 161
105 168
105 179
105 182
105 190
105 197
105 199
105 201
105 227
105 229
106 9
106 11
106 15
106 24
106 35
106 37
106 38
106 45
106 48
106 49
107 20
107 24
107 25
107 31
107 32
107 42
107 47
