1 2
1 3
1 9
1 13
1 28
1 40
1 46
2 12
4 79
4 88
4 89
4 111
4 112
4 186
4 191
4 192
4 203
4 207
4 209
4 236
4 240
4 252
4 255
5 5
5 15
5 22
5 23
5 25
5 29
5 30
5 33
5 39
5 59
5 60
5 73
5 76
5 77
5 81
6 3
6 10
6 13
6 33
6 36
6 40
6 41
6 62
6 91
6 109
6 121
6 128
6 133
6 134
6 137
6 140
6 155
6 166
6 176
6 179
6 182
7 7
7 13
7 26
7 35
7 45
7 58
7 65
7 67
8 143
8 144
8 145
8 153
8 159
8 165
8 170
9 10
9 18
9 25
9 39
9 57
9 60
9 66
9 73
9 79
9 83
9 84
9 85
9 88
9 90
9 92
10 65
10 66
10 76
10 87
10 151
10 155
10 158
10 159
10 163
10 164
10 169
10 171
11 2
11 11
11 12
11 13
11 19
11 24
11 29
11 45
11 91
11 92
11 151
11 152
11 168
12 36
12 43
12 47
12 58
12 63
12 64
12 67
12 98
12 127
12 132
12 134
14 39
15 3
15 11
15 13
15 26
15 32
15 47
15 96
15 100
15 164
15 169
16 64
16 67
16 71
16 82
16 85
16 94
16 96
16 101
16 103
16 104
16 106
16 110
16 113
16 115
16 117
17 7
17 9
17 19
17 29
17 32
17 40
17 41
17 43
17 47
17 48
17 50
17 59
17 100
17 101
17 109
17 120
17 121
17 133
17 166
17 167
19 64
19 75
20 2
20 5
21 17
21 21
22 4
23 4
23 8
23 10
23 11
23 13
23 147
23 151
23 165
23 166
23 177
23 181
23 205
23 206
23 215
23 223
23 226
23 228
23 231
23 239
23 241
23 248
23 254
23 260
23 272
23 275
23 281
23 283
24 3
24 4
24 9
25 15
25 29
25 32
25 34
25 43
25 50
26 10
26 15
27 2
27 7
27 8
27 9
27 17
27 23
27 25
27 28
27 29
27 48
27 52
27 61
27 68
27 71
27 79
27 85
27 89
29 2
29 4
29 8
29 12
29 16
29 19
29 20
29 28
29 30
29 35
29 39
29 42
29 45
29 48
29 49
29 58
29 64
29 89
29 91
29 92
29 102
29 109
29 110
29 111
29 118
29 120
29 124
29 135
29 137
31 64
31 71
32 27
33 36
33 38
33 39
33 41
33 44
33 137
33 139
33 153
33 154
33 156
34 9
34 10
34 13
34 14
34 19
34 24
37 9
37 13
37 28
37 29
37 45
37 46
37 50
37 55
39 31
39 59
39 60
39 61
39 83
39 85
39 92
39 95
39 97
39 99
40 60
41 1
41 3
41 12
41 13
41 15
41 16
41 18
41 23
41 24
41 40
41 42
41 43
41 50
41 56
41 63
41 78
41 79
41 84
42 84
42 86
42 92
42 93
42 106
42 114
42 120
42 125
42 196
42 198
42 205
42 209
42 222
42 236
42 239
42 255
42 258
42 259
42 262
42 264
42 273
42 275
42 278
42 280
42 287
42 292
42 293
42 297
42 304
42 315
42 323
42 325
42 328
42 334
42 339
42 344
42 348
42 349
42 356
43 7
43 10
43 11
43 18
43 31
43 35
43 38
43 50
43 58
43 59
43 65
43 71
43 72
43 75
43 79
43 81
44 13
44 22
44 26
44 51
44 54
44 55
44 74
45 6
45 10
45 12
45 21
45 22
45 24
46 38
46 42
46 45
46 48
46 55
46 57
46 58
46 61
46 67
46 76
46 85
47 1
48 2
48 3
48 12
48 22
48 24
48 25
48 29
48 72
48 74
48 75
48 76
48 98
48 102
48 105
48 107
48 109
48 113
48 120
48 133
48 158
48 161
48 178
48 193
48 201
48 202
48 204
48 209
48 216
48 219
48 230
48 231
48 235
48 236
49 13
49 14
49 17
49 30
49 32
49 33
49 36
49 64
49 68
49 76
49 78
49 85
49 88
49 204
49 223
49 224
49 226
49 231
49 235
49 236
49 243
49 256
49 278
50 8
50 10
50 14
50 27
50 31
50 34
50 38
50 59
51 15
51 25
51 36
51 40
51 41
51 42
51 54
51 66
51 69
51 74
51 76
51 77
52 6
53 33
53 37
53 40
53 41
53 68
53 69
53 75
53 82
53 90
53 94
53 100
53 103
53 104
53 106
53 107
53 118
53 122
53 137
53 138
53 139
53 147
53 155
53 157
53 164
53 178
53 181
53 182
53 192
53 193
54 2
54 3
56 72
56 80
56 82
56 87
56 90
57 2
57 8
57 13
57 14
57 19
57 26
57 31
57 42
57 46
57 47
57 51
57 58
57 59
57 60
57 71
58 1
58 12
58 19
58 22
58 23
58 30
58 39
58 42
58 54
58 55
59 15
60 13
60 14
60 16
62 16
62 25
62 29
62 30
62 36
62 39
62 40
62 48
62 50
62 51
62 67
62 74
64 9
64 45
64 64
64 79
64 82
64 90
64 99
64 112
64 117
64 125
64 186
64 188
64 196
64 198
64 215
64 226
64 237
64 238
64 241
64 244
64 245
64 247
64 253
64 255
66 56
66 64
66 69
66 73
66 78
66 79
66 91
66 92
66 114
66 126
66 143
66 145
66 151
66 158
66 159
66 166
66 178
66 182
66 199
66 202
66 208
66 210
67 1
67 6
67 14
67 21
67 152
67 153
67 163
67 165
67 181
67 197
67 204
67 208
67 210
67 212
67 218
67 228
67 233
67 257
68 4
69 13
69 22
69 30
69 36
69 47
69 53
69 60
69 64
69 202
69 204
69 205
69 206
69 224
69 226
69 227
69 230
69 232
69 233
69 238
69 240
69 266
69 284
69 294
69 427
69 433
69 440
69 493
69 495
70 1
70 2
70 13
71 5
71 7
71 14
72 6
72 9
72 113
72 116
72 122
72 125
72 138
72 140
72 143
72 149
72 181
72 183
72 189
72 195
72 202
72 209
72 222
72 223
72 226
72 232
73 4
73 9
73 13
73 15
73 18
74 1
74 11
74 20
74 31
74 32
74 37
74 48
74 74
74 75
74 77
74 81
74 95
74 96
74 101
76 53
76 95
76 98
76 106
76 117
76 119
76 120
76 122
78 1
78 4
78 5
78 9
78 20
78 21
78 24
78 32
78 36
78 40
78 60
78 66
78 73
78 74
78 81
78 86
78 90
78 98
79 8
79 41
79 42
79 43
79 46
79 49
79 59
79 68
81 2
81 7
81 8
81 15
81 17
81 21
81 27
81 37
81 38
81 46
81 58
81 64
81 68
81 70
81 112
81 115
83 1
83 2
83 4
83 10
83 18
86 43
86 49
86 55
86 56
86 57
86 62
86 63
86 71
86 73
86 76
86 80
86 87
86 94
86 96
86 102
86 108
87 75
87 81
87 107
87 108
87 111
87 115
87 119
87 122
88 30
89 12
90 7
90 16
90 22
90 27
90 38
90 39
90 49
90 52
90 55
91 12
91 26
91 28
91 31
91 33
91 37
91 41
91 42
91 44
91 101
91 102
91 112
92 96
92 102
92 104
92 107
92 113
92 115
92 117
92 118
92 122
92 133
93 1
93 4
93 7
93 19
93 22
93 31
93 33
93 34
93 40
93 48
93 50
93 59
93 68
94 22
94 25
94 28
94 32
94 43
94 44
94 50
94 52
94 53
94 58
94 62
94 78
94 95
94 97
94 98
94 109
94 115
94 117
94 121
94 129
94 134
94 167
