1 1
2 91
2 100
2 101
2 103
2 104
3 1
3 11
3 15
3 19
3 29
3 37
3 39
3 41
3 44
3 48
3 54
3 56
3 57
3 68
3 76
3 78
3 84
3 110
3 188
3 197
3 201
3 213
3 215
3 218
3 219
3 225
3 232
3 235
3 250
3 263
4 6
4 7
4 8
4 13
5 2
5 3
5 4
5 6
5 12
5 23
5 35
5 36
5 38
5 39
5 49
5 50
5 57
5 61
5 63
5 82
5 83
5 84
5 95
5 104
5 112
5 116
5 129
5 141
5 145
5 146
5 150
5 189
5 191
5 195
5 199
5 204
5 208
5 212
5 234
5 235
5 238
5 240
5 244
5 246
5 247
5 249
5 251
6 26
6 27
6 29
6 30
6 40
6 50
7 12
7 13
7 19
7 20
7 22
7 27
7 33
7 42
7 44
7 49
8 2
8 103
8 104
8 144
8 145
8 148
8 152
8 156
8 169
8 175
8 177
8 181
8 184
8 270
8 292
8 302
8 313
8 321
8 329
8 330
8 348
8 357
8 363
8 370
8 378
8 387
8 404
8 407
8 409
8 410
8 413
8 416
8 418
8 420
8 424
9 31
9 34
9 40
9 42
9 43
12 30
13 7
14 6
14 21
14 29
14 42
14 48
14 62
14 64
14 65
14 130
15 6
15 7
15 16
15 150
15 152
16 4
16 5
16 6
16 14
16 21
16 26
16 31
16 37
16 47
16 49
16 50
16 53
16 54
16 59
16 63
16 71
16 75
16 85
16 90
16 92
16 105
16 106
16 110
16 117
16 119
16 126
16 128
16 135
16 138
16 139
16 140
16 141
16 147
17 3
17 5
17 6
17 27
17 28
17 37
17 38
17 43
17 47
17 48
17 52
17 87
17 89
17 102
17 108
17 109
17 110
17 113
17 121
17 122
17 130
17 136
17 137
17 142
17 147
17 154
17 159
17 160
17 162
17 164
17 166
17 169
17 171
17 177
17 181
17 183
17 185
17 186
17 188
17 189
17 192
17 193
17 200
17 202
17 204
17 205
17 207
17 212
17 224
17 229
18 15
18 25
18 28
18 34
18 49
19 15
19 25
19 125
19 129
19 142
19 152
19 155
19 166
19 168
19 170
19 173
19 176
19 183
20 4
20 13
20 20
20 32
20 51
20 53
20 64
20 70
20 72
20 85
20 91
20 93
20 97
20 98
20 108
20 109
20 115
22 56
22 62
23 2
23 4
23 6
23 7
23 8
23 10
24 2
24 4
24 27
25 14
25 25
25 57
25 61
25 65
25 70
25 74
25 76
25 78
25 81
25 83
25 87
25 100
25 105
26 44
26 46
26 50
26 58
26 59
26 65
26 68
26 69
26 80
26 82
26 84
26 89
26 90
27 94
27 97
27 105
27 113
27 192
27 200
27 201
27 206
27 225
28 2
29 2
29 8
29 20
29 26
29 27
29 28
30 126
30 133
30 145
30 154
30 157
30 158
30 161
30 164
31 9
31 11
31 13
31 25
31 28
31 29
31 39
31 42
31 47
31 49
32 1
32 3
32 5
32 9
32 20
32 22
32 24
32 29
32 41
32 48
32 51
32 52
32 64
32 68
32 70
32 74
32 84
32 87
32 101
32 104
32 108
32 110
34 9
34 11
34 12
34 23
34 33
34 43
34 87
34 94
34 146
34 161
34 164
34 172
34 175
34 180
34 182
34 191
35 1
35 2
35 4
35 8
37 17
37 19
37 21
37 30
37 36
37 38
37 42
37 47
37 53
37 65
37 66
37 67
37 71
37 72
37 191
37 194
37 197
38 5
38 11
38 13
38 30
38 38
38 44
38 46
38 53
39 10
39 19
39 23
39 27
39 35
40 2
40 3
40 4
41 6
41 8
41 12
41 13
41 17
41 28
41 38
41 41
41 42
41 51
41 57
41 60
41 61
41 77
41 83
41 90
41 91
43 76
43 87
43 88
43 93
43 95
43 100
43 111
43 116
43 117
43 119
43 122
43 123
43 130
43 133
43 136
43 147
43 151
43 153
43 156
43 157
43 163
43 170
43 182
43 184
43 191
43 193
44 4
44 6
45 20
45 22
45 40
45 63
45 64
45 71
45 74
45 83
45 84
45 98
45 103
45 109
45 118
45 123
45 125
45 127
45 134
45 135
45 141
47 9
47 10
47 14
47 15
47 22
47 26
47 28
47 29
47 31
47 45
47 46
47 52
47 54
47 68
47 85
47 90
47 94
47 109
47 115
47 125
47 133
47 134
47 135
47 140
47 162
47 165
47 205
47 207
47 208
47 213
47 217
47 221
48 69
48 73
48 78
48 79
48 81
48 84
49 9
49 19
49 21
50 64
51 5
51 10
52 2
53 1
53 9
53 11
53 15
53 42
53 54
53 57
53 69
53 82
53 89
55 54
55 55
55 56
55 60
55 66
55 70
55 73
55 76
58 26
58 29
58 30
59 15
59 21
59 61
59 67
59 71
59 80
59 81
59 90
59 100
59 107
59 115
59 131
59 133
59 141
59 148
59 154
59 165
59 176
59 192
59 194
59 195
60 3
60 5
61 5
61 12
61 14
61 24
61 30
61 36
61 45
61 52
61 59
61 60
62 1
62 2
62 34
62 36
62 65
62 68
62 71
62 76
62 78
62 90
62 91
62 105
62 114
62 115
62 144
63 2
63 3
63 5
63 10
63 12
63 16
67 75
67 78
67 79
67 81
67 89
67 91
67 95
67 97
67 110
67 111
67 114
67 122
67 126
67 132
67 140
67 143
67 147
67 149
67 151
67 163
67 164
67 167
67 211
67 214
67 223
67 227
67 228
67 230
67 233
67 236
67 238
67 241
67 245
67 247
67 260
67 269
67 272
67 279
67 280
67 286
67 287
67 290
67 295
69 82
69 93
69 105
69 107
69 108
69 110
69 115
69 118
69 119
71 99
71 107
71 157
71 163
71 164
71 171
71 174
71 176
71 187
71 190
71 197
71 200
71 202
71 203
71 209
71 347
71 349
71 377
71 381
71 387
72 1
72 17
73 3
73 14
73 15
73 22
73 24
73 32
73 35
73 48
73 82
76 28
76 29
76 30
76 32
76 49
76 52
76 55
76 57
76 68
76 80
76 83
76 88
76 96
76 99
76 101
76 106
76 111
76 117
76 119
76 128
76 132
76 206
76 207
76 208
76 214
76 215
76 217
76 224
76 225
76 230
76 236
76 238
76 239
76 255
76 257
77 4
77 13
77 18
77 20
77 23
77 25
77 30
77 38
77 43
77 44
77 59
77 64
77 66
77 73
77 77
77 78
77 81
77 84
77 85
77 98
77 99
78 1
78 3
78 14
78 33
78 37
78 41
79 30
80 1
80 5
80 13
80 15
80 29
80 30
80 44
80 48
80 53
80 63
80 69
80 70
80 72
80 87
80 88
82 24
83 10
83 11
83 14
83 15
83 21
84 1
84 2
84 4
84 8
84 15
84 19
84 23
84 39
84 42
84 45
84 47
84 54
84 73
84 75
84 160
84 166
84 167
84 177
84 179
85 62
85 69
85 72
85 75
85 76
85 78
85 86
85 106
85 113
85 122
85 123
85 139
85 150
85 151
85 154
85 163
86 2
86 4
86 6
86 9
86 17
86 40
86 63
86 67
86 68
86 92
86 94
86 95
86 101
86 102
86 109
86 114
86 119
86 135
86 137
87 30
87 32
87 39
87 44
87 54
87 56
87 58
87 60
87 67
87 72
87 79
87 83
87 89
87 91
87 100
87 101
87 102
87 105
87 114
87 136
87 172
88 18
88 29
88 31
88 39
88 44
88 47
88 49
88 59
88 65
88 74
90 41
90 52
90 71
90 72
90 80
90 86
90 95
90 105
90 106
90 107
90 161
90 162
90 164
90 175
90 182
90 183
90 185
91 2
91 4
91 10
91 11
91 13
91 25
91 27
91 30
91 34
91 35
91 40
91 41
92 1
92 11
92 19
92 20
92 22
92 27
92 35
92 41
92 43
92 49
92 51
92 54
92 59
92 71
92 76
92 86
94 42
94 47
94 48
95 3
95 7
95 13
97 15
97 16
97 23
97 32
97 49
97 56
97 57
97 58
97 62
97 64
97 66
97 69
97 89
98 2
98 7
98 9
98 12
98 24
98 25
98 28
98 39
