1 12
1 15
1 21
1 25
1 31
1 35
1 41
1 47
1 56
1 58
1 64
1 67
1 71
1 72
1 82
1 94
1 95
1 102
1 106
1 127
1 130
2 1
2 13
3 5
3 8
3 18
4 2
4 12
4 14
4 24
4 28
4 32
4 35
4 36
4 44
4 46
4 48
4 50
4 55
4 59
4 64
4 73
4 91
4 98
4 100
4 157
4 160
4 161
4 172
4 176
4 183
5 8
5 12
5 23
5 26
5 27
5 29
5 31
5 36
5 46
5 47
5 50
5 57
5 58
6 112
6 115
6 122
6 132
6 148
6 150
6 182
6 188
6 201
6 203
6 211
6 213
6 238
6 243
6 246
6 247
6 255
6 257
6 271
6 288
6 290
6 293
6 294
6 296
6 299
6 300
6 312
6 313
6 315
6 317
6 325
7 1
7 9
8 58
8 60
8 62
8 65
9 2
9 12
9 14
9 17
9 28
9 36
9 42
9 44
11 54
11 62
12 1
12 3
12 9
12 25
12 27
12 37
12 62
12 69
12 71
12 72
12 90
12 95
15 59
15 65
15 68
15 70
15 76
15 78
15 79
15 83
15 91
15 95
15 98
15 100
15 101
15 106
15 110
15 111
15 116
15 135
15 141
15 144
15 148
15 153
15 157
15 160
15 161
15 167
17 23
17 24
17 25
17 27
17 30
17 34
17 42
17 46
17 48
18 9
18 18
18 19
18 24
19 3
19 5
19 13
19 22
19 27
19 40
19 50
19 58
19 59
19 62
20 89
21 25
21 28
21 30
21 31
21 36
21 49
21 69
21 73
21 74
21 83
21 90
21 95
21 99
21 101
21 104
21 107
21 108
21 116
21 129
21 132
21 133
21 140
22 8
22 10
22 14
22 16
22 24
22 25
22 39
22 40
22 42
22 45
23 3
23 134
23 142
23 149
23 152
23 156
23 157
23 160
23 161
23 163
23 166
23 168
23 176
23 179
23 187
23 188
26 13
26 14
26 20
26 29
26 31
26 46
27 1
29 47
29 49
29 53
29 65
29 68
29 80
29 90
29 93
29 101
29 102
29 104
29 108
29 135
29 136
29 141
29 144
29 167
29 172
29 182
29 188
29 198
29 205
29 206
29 207
29 212
29 229
29 239
29 245
29 259
29 260
29 263
29 267
29 282
29 289
29 292
29 296
29 300
30 19
30 23
30 28
30 29
30 37
30 48
30 50
30 59
30 61
30 64
30 65
30 80
30 84
30 87
30 92
30 95
30 100
30 101
30 114
30 117
30 123
30 137
30 146
30 178
30 181
30 185
30 186
30 189
30 192
30 195
30 199
30 202
30 212
30 217
30 220
30 223
30 227
30 228
31 2
31 8
31 9
31 10
33 5
33 6
33 14
33 19
33 20
33 23
33 28
33 40
33 41
33 49
33 54
34 10
35 12
35 14
35 16
35 26
40 4
40 5
40 13
40 14
40 20
40 23
40 28
43 14
43 15
43 20
43 26
43 30
43 41
43 45
43 55
43 57
43 63
43 77
43 79
43 80
43 89
43 90
43 104
43 206
43 217
43 235
43 371
43 374
43 380
43 396
43 397
43 412
43 416
43 418
43 421
45 22
45 25
45 33
46 4
46 9
46 10
46 29
46 32
46 33
46 40
46 42
46 43
46 50
46 56
46 57
46 63
46 71
46 74
46 76
46 90
46 96
46 106
46 107
46 111
46 117
46 119
46 128
46 129
46 133
46 146
46 150
46 158
46 160
46 177
46 178
46 179
48 6
48 12
48 14
48 71
48 74
48 92
48 100
48 101
48 113
48 122
48 126
48 130
48 131
48 137
48 150
48 152
48 159
49 2
49 26
49 30
50 5
50 15
50 18
50 22
50 24
50 27
50 37
51 6
51 7
51 23
51 54
51 57
52 91
52 92
52 94
53 55
53 60
53 79
53 83
53 95
55 89
55 97
55 119
55 127
55 131
55 174
55 179
55 183
55 185
55 194
55 195
55 201
55 206
55 210
55 217
55 227
55 241
55 248
55 249
55 258
55 264
55 268
55 280
55 281
55 289
55 307
55 316
55 326
55 329
55 334
55 336
55 360
55 365
55 366
55 442
55 447
55 448
55 455
55 456
55 459
55 471
56 63
56 64
56 67
56 70
56 71
56 73
56 76
57 25
57 29
57 33
57 37
57 42
57 44
57 54
57 55
57 62
57 66
57 68
57 71
57 74
57 86
58 2
58 3
58 4
58 7
58 8
58 11
58 21
58 23
58 24
58 40
58 41
58 44
58 46
58 48
58 61
58 63
58 74
58 80
58 82
58 91
58 103
58 119
58 122
59 9
59 25
59 31
59 53
59 61
59 196
59 203
59 205
60 5
60 11
60 16
60 20
60 30
60 37
60 39
60 40
60 43
60 49
60 58
61 4
61 15
61 21
61 32
61 36
61 56
61 79
61 80
61 84
61 89
61 90
61 95
61 108
61 109
61 112
61 126
61 127
61 128
61 129
62 13
62 24
62 49
62 56
62 70
62 78
62 79
62 86
62 99
62 108
62 110
62 241
62 244
62 260
62 268
62 276
62 280
62 281
62 283
62 285
62 290
62 298
62 301
62 311
62 312
62 314
62 318
62 326
62 345
63 8
63 10
63 12
63 18
63 22
63 30
63 37
63 46
63 47
63 49
63 55
63 70
66 68
66 71
66 75
66 83
66 84
66 86
66 91
66 95
66 104
66 105
67 70
67 72
67 92
67 94
67 104
67 138
67 141
68 6
68 7
68 14
68 20
68 21
68 25
68 34
68 48
68 51
68 54
68 71
68 82
68 84
68 85
68 88
69 14
69 161
69 166
69 171
70 14
70 20
70 22
70 34
70 36
70 41
70 48
70 53
70 133
70 137
70 141
70 163
70 165
70 176
70 179
70 181
70 187
70 209
70 219
70 222
70 233
70 241
70 243
70 249
70 258
70 269
70 276
70 289
70 291
70 295
70 299
70 302
70 303
70 304
70 310
73 39
73 40
74 26
74 42
74 59
74 63
74 80
74 81
74 88
74 89
74 91
74 99
75 1
75 5
75 17
75 21
75 23
75 25
75 30
75 34
75 35
75 47
75 50
75 59
75 60
75 62
75 63
75 65
75 68
75 77
75 90
75 105
75 108
75 113
75 126
75 127
77 32
77 36
77 38
77 40
77 42
77 53
77 61
77 73
77 111
77 115
77 117
77 125
77 130
77 141
77 158
77 176
77 192
77 199
77 201
77 210
77 217
77 222
77 223
78 4
78 136
78 145
78 168
78 169
78 171
78 174
78 176
78 177
78 181
78 182
79 10
79 11
79 13
79 17
79 26
79 27
79 28
79 34
79 39
79 45
79 49
79 179
79 180
79 182
79 186
79 194
79 196
79 209
79 212
79 215
79 220
79 227
79 235
79 242
79 245
79 249
79 251
79 253
79 254
79 266
79 267
79 269
79 270
79 276
79 280
79 285
79 296
79 299
79 307
79 318
79 319
79 337
79 338
79 357
79 360
79 363
79 364
79 380
79 381
80 2
80 4
80 9
80 15
80 17
80 22
80 24
80 31
80 39
80 43
80 45
80 48
80 58
80 59
80 62
80 66
80 91
80 100
80 108
80 112
80 119
80 125
80 142
80 150
80 161
80 166
80 170
80 176
80 182
80 194
80 211
80 229
80 231
80 234
80 244
80 255
80 262
80 292
80 296
80 298
80 301
84 4
84 9
84 12
84 15
84 18
84 22
84 23
85 8
85 10
85 16
85 18
85 46
85 47
85 50
85 51
85 59
85 65
85 126
85 130
85 136
85 144
88 29
88 35
88 38
88 41
88 43
88 59
88 62
88 76
88 79
88 80
88 108
88 110
88 113
88 116
88 117
88 152
90 2
90 5
90 10
90 13
90 18
90 20
90 21
90 24
90 25
90 27
91 3
