1 8
1 10
1 13
1 15
1 16
1 30
1 37
1 45
2 4
2 9
2 11
2 13
2 14
2 20
3 43
3 44
3 48
3 49
3 52
3 57
3 191
3 219
3 220
3 224
3 232
3 234
3 237
3 248
3 250
4 6
4 27
4 30
4 35
4 38
5 5
5 6
5 7
5 11
5 19
5 24
6 7
6 14
6 31
6 38
6 46
8 33
8 34
8 51
8 53
8 55
9 1
9 2
9 15
9 31
9 57
9 74
9 88
9 92
9 100
9 104
9 106
9 108
9 109
10 13
10 16
10 30
10 47
10 48
10 50
10 52
10 53
10 59
10 64
10 65
10 69
10 86
10 99
10 102
10 114
10 117
10 125
10 131
10 133
11 11
11 14
11 17
11 18
11 19
11 22
11 25
11 27
11 28
11 31
11 32
11 33
11 35
11 36
11 44
11 46
11 63
11 67
11 76
11 80
11 82
11 86
11 87
12 23
12 25
12 27
12 33
12 39
12 41
12 48
12 50
12 59
12 68
12 77
12 89
12 93
12 95
12 101
12 107
12 116
12 119
12 120
12 142
12 143
12 145
12 169
12 170
12 173
12 176
12 189
12 191
12 195
12 198
12 202
12 204
12 212
12 214
13 9
13 12
13 17
13 19
13 21
13 25
13 29
14 7
15 12
15 17
15 23
15 25
15 28
15 29
17 35
17 36
17 38
17 46
17 49
17 56
17 70
17 74
17 75
18 1
18 8
18 12
18 13
18 17
18 55
18 56
18 58
18 60
18 68
18 74
18 89
18 90
18 92
18 100
18 101
18 104
18 107
18 117
19 5
20 39
20 43
20 50
20 70
20 74
20 79
21 6
21 7
21 9
21 11
22 70
22 73
22 83
23 67
23 77
23 78
23 92
23 93
24 3
24 6
24 7
25 18
25 27
25 34
25 41
25 48
25 51
25 56
25 62
25 63
25 88
25 89
25 99
25 100
25 106
25 109
25 121
25 124
25 129
27 14
27 18
27 21
27 25
27 26
27 40
27 41
27 46
27 49
27 51
27 55
27 59
27 65
27 68
27 71
27 72
27 74
29 66
29 69
29 74
29 75
29 96
29 116
29 123
29 124
29 126
29 130
29 135
30 41
30 44
30 57
30 58
30 61
30 63
30 64
30 93
30 94
30 111
30 115
30 116
30 117
30 119
30 120
30 123
30 126
30 140
30 142
31 1
31 7
31 9
31 13
31 16
31 20
31 89
31 107
31 110
31 116
31 124
31 128
31 143
31 152
31 163
33 15
33 16
33 20
34 11
34 20
35 19
35 22
35 25
35 27
35 34
35 37
35 41
36 64
36 71
36 73
37 13
37 19
37 21
37 22
37 156
38 4
38 8
39 12
39 30
39 31
39 34
39 44
39 53
39 70
41 16
41 26
43 16
43 17
43 19
43 20
43 23
43 34
43 39
43 40
43 46
43 50
43 51
43 62
43 64
43 70
43 75
43 78
43 94
43 95
43 96
43 102
43 106
43 110
43 114
43 116
43 117
43 123
43 124
44 5
44 12
44 14
44 21
44 36
44 40
45 24
45 28
45 30
45 31
45 34
45 48
45 49
45 62
45 76
45 86
46 1
46 4
46 16
46 25
46 26
46 27
46 32
46 35
46 36
46 38
46 39
46 43
46 49
48 38
48 39
48 41
48 42
48 52
48 56
49 7
49 12
49 13
49 17
49 107
49 116
49 120
49 122
49 124
49 127
49 132
49 133
49 269
49 271
49 297
49 300
49 303
49 304
49 305
50 12
50 14
50 15
50 19
50 22
50 25
50 27
50 44
50 45
50 51
50 54
50 55
51 110
51 111
51 112
51 133
51 138
51 148
51 149
51 150
51 151
51 162
51 164
51 173
52 3
53 4
53 12
53 14
53 24
53 35
54 2
54 3
54 4
54 5
54 16
54 21
55 2
55 6
56 3
56 9
56 15
57 4
57 5
57 7
57 8
57 10
57 11
57 24
57 38
57 44
57 46
57 55
58 1
58 6
58 7
58 10
58 11
58 18
58 22
59 75
60 2
60 7
60 8
60 20
60 39
60 42
60 47
60 58
60 72
60 78
61 1
61 5
61 7
61 11
61 18
61 24
61 34
61 35
61 38
61 41
62 9
62 10
62 22
62 29
62 34
62 35
62 58
62 64
62 71
62 75
62 87
62 92
62 100
62 112
62 129
62 136
62 140
62 145
62 147
62 154
62 156
62 162
62 164
62 170
62 177
62 182
62 192
62 193
62 196
62 266
62 275
62 283
62 287
62 298
62 299
62 304
62 305
62 313
62 319
62 327
62 329
62 331
62 333
62 336
62 338
62 341
64 43
64 46
64 47
64 50
64 51
64 68
64 69
64 72
64 73
64 76
64 77
64 79
64 95
64 98
64 99
64 104
64 107
64 110
64 114
64 116
65 78
65 83
65 85
65 106
65 109
66 6
68 55
68 60
68 61
68 63
68 70
68 76
68 84
68 85
68 116
68 120
68 133
68 155
68 160
68 169
68 171
68 174
68 230
68 236
68 239
68 241
68 242
68 246
71 21
71 34
71 36
71 39
71 41
72 2
72 4
72 6
72 8
72 12
72 18
72 23
73 22
73 35
73 40
73 42
73 43
75 1
75 5
75 8
76 5
76 15
76 18
77 18
77 68
77 73
77 83
77 86
77 93
77 99
77 102
77 109
77 111
77 121
77 129
77 142
77 145
77 149
77 156
78 10
78 13
78 14
78 29
79 1
79 3
79 16
79 20
79 22
79 32
79 33
79 44
79 45
79 46
79 49
79 66
79 71
79 74
79 83
79 85
79 88
79 94
79 95
79 99
79 111
79 114
80 6
80 11
80 12
80 13
80 21
80 22
80 26
81 7
81 11
82 177
82 178
82 180
82 182
83 12
83 13
83 18
83 32
83 45
83 49
83 50
83 53
83 54
83 69
83 72
83 92
83 103
83 105
83 119
83 122
83 126
83 127
83 128
85 39
85 49
85 57
85 58
86 6
86 9
86 28
86 31
86 34
86 42
86 44
86 49
86 51
86 57
86 74
86 75
86 76
86 79
86 82
86 118
87 1
87 59
87 61
88 17
88 19
89 2
90 11
90 17
90 25
90 28
90 30
90 35
90 38
91 6
91 12
91 13
92 5
93 21
93 24
94 18
94 26
94 39
94 49
94 60
94 62
94 67
94 71
97 2
97 5
97 15
97 17
99 11
99 15
99 19
99 20
99 22
100 5
100 6
100 8
101 5
101 6
101 7
101 15
101 16
101 22
103 64
103 70
103 74
103 81
103 90
103 92
103 95
103 98
103 100
103 101
103 106
103 110
103 114
103 121
103 122
104 1
104 8
104 11
104 13
104 22
104 25
104 26
104 32
104 34
104 35
104 36
104 42
104 52
104 64
104 67
104 74
104 83
104 87
104 94
104 97
110 16
110 17
110 19
110 21
110 35
110 36
110 37
110 42
110 46
110 50
110 54
110 57
111 1
112 13
112 22
112 28
112 30
114 4
114 8
114 13
114 18
114 19
114 24
114 32
114 37
115 28
115 29
115 38
115 39
115 41
116 14
116 17
116 28
116 32
117 28
118 108
118 109
118 110
118 118
118 124
118 125
118 127
118 130
118 140
121 59
121 61
121 62
122 4
122 6
122 8
123 7
124 2
124 10
124 14
124 17
124 18
124 28
124 37
124 53
124 67
124 71
124 79
125 9
125 14
125 17
125 26
125 32
125 33
125 37
125 40
125 41
125 44
125 47
125 49
125 52
125 60
125 64
125 67
125 91
125 99
125 114
125 117
125 119
125 123
125 133
125 139
125 140
125 141
125 146
125 153
