1 2
1 8
1 10
1 14
2 13
2 19
2 20
2 24
2 28
3 2
4 3
4 12
4 14
4 23
4 28
4 31
4 36
4 39
4 55
4 64
4 131
4 133
4 135
4 147
4 155
4 157
4 162
4 173
4 186
4 188
4 224
4 229
4 232
4 236
4 237
4 238
4 240
4 244
4 249
4 251
4 257
4 262
4 277
4 278
4 281
4 313
4 320
4 327
4 336
4 337
4 478
4 485
4 488
4 492
4 493
5 35
5 38
5 40
5 42
5 45
5 54
8 52
8 85
8 86
8 88
8 96
8 102
8 109
8 113
8 114
8 126
8 128
8 132
8 134
9 6
9 13
9 14
9 15
9 16
10 29
10 32
10 42
10 48
10 53
10 61
10 87
10 90
10 96
10 110
10 111
10 112
10 116
10 118
10 120
10 131
10 142
10 147
10 151
10 158
10 161
10 304
10 305
11 10
11 24
11 30
11 34
11 35
11 38
11 41
11 42
11 169
11 171
11 175
11 191
11 197
11 198
11 202
11 207
11 208
13 78
13 94
13 96
13 106
13 107
13 110
13 127
13 130
13 159
13 176
13 177
13 186
13 201
13 204
13 205
16 19
16 24
16 31
16 32
17 12
17 21
17 22
17 24
17 32
17 36
17 38
17 49
17 60
17 65
17 75
17 77
17 80
17 88
17 95
17 96
17 97
17 105
17 107
17 110
17 119
17 120
17 121
17 124
17 125
17 130
17 137
17 141
17 144
17 148
17 149
17 167
17 174
17 180
17 181
18 2
18 7
18 13
18 22
18 28
18 48
19 8
19 12
19 29
19 30
19 45
19 48
19 58
19 61
19 66
19 71
19 75
19 81
19 91
19 92
19 95
19 97
19 98
19 101
19 118
19 128
19 130
19 133
19 134
19 136
19 144
19 191
19 193
19 196
19 207
19 215
19 216
19 223
19 225
19 231
19 369
19 370
19 374
19 375
19 377
19 383
19 385
19 386
19 389
19 394
19 399
19 402
19 404
19 405
19 408
19 412
19 428
19 432
19 451
19 456
19 464
19 474
19 498
19 499
19 505
20 2
20 4
20 5
20 9
20 10
20 12
20 27
20 37
20 43
20 55
20 57
20 63
20 64
20 67
20 76
20 83
20 85
21 11
21 13
21 14
21 19
21 31
21 33
22 3
22 7
24 101
24 102
24 110
24 111
24 129
24 130
24 138
24 146
24 148
24 149
24 152
24 155
24 160
24 161
24 165
24 177
24 178
24 181
24 185
24 191
24 192
24 206
24 209
24 234
24 244
24 315
24 322
24 323
24 324
24 325
24 336
25 1
25 5
25 13
25 15
25 18
26 3
26 4
26 16
26 18
26 19
26 28
26 34
26 36
26 40
26 41
26 100
26 101
26 111
26 115
26 124
27 1
27 9
28 86
28 98
29 1
29 2
29 5
29 6
29 20
29 26
29 34
29 41
29 42
29 129
29 135
29 147
29 150
29 153
29 154
29 156
29 161
29 167
29 174
29 175
29 176
29 187
30 2
30 5
30 33
30 46
30 56
30 63
31 5
31 17
32 7
32 20
33 129
33 259
33 260
33 261
33 265
33 270
33 277
33 278
33 280
33 284
33 292
33 293
33 298
33 309
33 316
33 323
33 345
34 5
35 60
35 67
35 101
35 102
35 114
35 115
35 119
35 133
35 142
35 144
35 155
35 165
35 278
35 281
35 286
35 289
35 292
36 49
36 50
38 3
38 8
38 9
38 12
40 3
40 5
40 7
40 8
40 12
40 26
40 31
40 36
40 39
40 40
40 56
40 69
40 96
40 98
41 2
41 5
41 9
41 13
41 50
41 63
41 72
41 81
41 83
41 86
41 87
41 91
41 97
41 102
41 105
41 125
41 130
42 16
42 20
42 33
42 36
42 38
42 42
42 44
42 48
42 51
42 54
42 64
42 65
42 71
42 76
42 78
42 82
42 89
42 107
42 112
42 113
42 117
42 136
42 137
42 140
42 141
42 163
42 166
42 172
42 177
42 194
42 205
42 213
42 226
42 228
42 231
42 234
42 238
42 240
42 246
42 334
42 341
42 342
42 348
42 352
42 353
42 355
42 369
42 375
42 379
42 380
42 386
42 393
42 404
42 415
42 418
42 422
42 424
42 455
42 458
42 479
42 484
43 6
43 19
43 25
43 32
43 36
43 38
43 41
43 47
43 66
46 56
46 131
46 142
46 144
46 161
46 164
46 241
46 246
46 259
46 260
46 264
46 286
46 290
46 422
46 431
46 439
46 449
46 453
46 456
46 469
46 473
46 477
46 478
46 493
46 498
46 506
47 2
47 46
47 47
47 49
47 53
47 61
47 77
47 94
47 100
47 107
47 117
47 118
47 229
47 230
47 237
47 248
47 249
47 250
47 254
47 261
47 262
47 265
47 267
47 272
48 16
48 22
48 27
48 30
48 35
48 36
48 39
49 9
49 15
49 27
50 87
50 103
51 2
51 8
51 14
51 31
51 41
51 47
51 59
51 60
51 63
51 64
52 33
52 36
52 38
52 40
52 45
53 1
53 31
54 9
54 10
54 11
54 12
54 20
54 38
55 1
56 2
56 8
56 9
56 12
56 13
56 15
56 18
56 26
56 30
56 32
56 33
56 47
56 50
56 57
56 60
56 64
56 69
56 74
56 88
56 99
56 131
56 132
56 136
56 137
56 146
56 147
56 151
56 157
56 161
56 167
56 170
56 181
56 190
56 191
56 194
56 201
56 204
56 214
56 221
56 228
56 234
56 239
56 242
56 249
56 251
56 255
56 258
56 260
56 261
56 265
56 269
56 273
56 278
58 93
58 96
58 132
58 139
58 141
58 147
58 151
58 155
58 164
58 165
59 65
60 120
61 21
61 23
61 27
61 29
61 31
61 41
61 44
61 49
61 58
61 66
61 67
61 75
61 76
61 80
61 96
61 106
61 108
61 109
61 110
61 111
61 118
61 124
61 135
61 137
61 143
61 162
61 167
61 172
61 173
61 176
61 180
61 185
61 189
61 197
61 198
61 200
61 201
61 205
61 218
61 219
62 1
62 2
62 4
62 15
62 17
62 23
62 24
62 26
62 28
62 41
62 43
62 50
62 53
62 54
62 55
62 91
62 92
62 93
62 94
62 95
62 96
62 105
62 110
62 114
62 116
62 129
62 143
62 144
62 147
62 149
62 218
62 219
62 222
62 229
62 236
62 242
62 243
62 257
62 259
62 260
62 261
62 272
62 273
62 276
62 278
62 279
62 283
62 287
62 294
62 295
62 303
62 331
62 335
62 341
62 343
62 354
62 361
62 365
62 366
62 367
62 374
62 376
62 378
62 380
62 390
63 12
63 18
63 40
64 67
64 68
64 75
64 77
64 83
64 102
64 103
64 110
64 116
64 120
64 123
64 149
64 151
64 154
64 156
64 157
64 172
64 174
64 176
64 180
64 181
64 185
64 194
64 241
64 243
64 244
64 257
64 258
64 262
66 51
66 55
66 62
66 75
66 87
66 97
66 106
66 107
66 114
66 116
66 117
66 119
66 123
66 126
66 127
66 129
66 133
66 139
66 143
66 148
66 162
66 164
66 167
66 172
66 174
66 177
67 4
67 8
67 10
67 17
67 20
67 37
67 59
67 62
67 63
67 74
67 85
67 86
68 6
68 9
68 10
68 17
68 27
68 93
68 104
68 108
68 115
69 9
69 13
69 16
69 17
69 21
69 30
69 35
69 36
69 39
69 51
69 75
69 79
70 3
70 5
70 19
70 23
70 24
70 39
70 41
70 43
70 53
70 54
70 63
70 69
70 81
70 87
70 91
70 94
70 97
72 16
72 22
72 24
72 26
72 33
72 35
72 39
72 52
72 53
72 58
72 147
72 167
72 189
72 193
72 208
72 211
72 342
72 350
72 354
72 373
72 374
72 375
72 384
72 394
72 395
72 397
72 399
74 80
74 83
74 88
74 100
74 101
74 110
74 115
74 122
74 124
74 126
75 2
75 9
75 17
75 22
75 30
75 31
75 32
75 40
75 45
75 63
75 66
75 68
75 84
75 88
76 1
76 46
