1 8
1 9
1 10
1 12
1 16
1 21
1 22
1 27
1 29
1 43
1 45
1 47
1 64
1 68
1 74
1 81
1 90
1 95
1 121
1 122
1 124
1 125
1 126
1 217
1 225
1 229
1 234
1 240
1 247
1 257
1 268
1 271
1 272
1 282
1 294
2 16
2 17
2 30
2 34
2 58
2 64
2 69
2 71
2 102
2 105
3 21
3 23
3 24
3 25
3 26
3 40
3 41
3 42
3 53
3 54
3 55
5 6
5 9
7 18
8 1
8 5
8 6
8 7
8 9
8 10
8 19
8 27
8 30
8 33
8 35
8 36
8 46
8 58
8 62
8 65
8 68
8 72
8 77
8 78
8 81
8 85
8 89
8 91
8 97
8 98
8 106
8 107
8 111
8 113
8 122
8 125
8 129
8 142
8 143
8 147
8 148
8 161
8 167
8 172
9 2
9 3
9 27
9 32
9 48
9 50
9 51
9 56
9 57
9 61
9 72
9 82
9 87
9 97
9 98
9 102
9 105
9 106
9 108
12 16
12 23
12 31
12 32
12 35
13 31
13 34
13 150
13 164
14 8
14 19
14 26
14 29
15 5
16 1
18 1
18 7
18 12
18 14
18 19
18 20
18 28
18 29
19 9
19 12
19 22
19 23
20 33
20 61
20 71
20 78
20 79
20 81
20 92
20 96
20 103
20 106
20 111
20 113
20 120
22 20
22 23
22 25
22 31
22 37
22 38
22 43
22 44
22 55
22 60
22 61
22 64
22 66
22 68
22 69
23 13
23 17
23 47
23 48
23 62
23 63
23 65
23 67
23 69
26 63
26 193
26 206
26 209
26 210
26 212
26 216
26 227
26 232
26 239
27 5
27 8
27 11
27 14
27 17
27 26
27 27
27 33
27 34
27 39
29 27
29 31
29 34
29 40
29 61
29 63
29 65
29 66
29 70
29 95
31 2
31 7
31 10
31 19
31 30
32 61
32 64
32 70
32 78
32 81
32 83
32 86
32 95
32 96
32 104
32 106
32 115
32 123
32 126
32 131
32 133
33 14
33 15
33 19
33 24
33 25
33 29
33 31
33 32
34 62
35 123
35 128
35 131
35 136
35 141
35 142
35 143
35 148
35 149
35 153
35 162
35 163
35 171
35 174
35 178
35 180
36 6
36 7
36 16
36 17
36 19
36 20
37 9
37 14
37 19
37 22
37 23
38 104
38 107
39 39
39 50
39 60
39 62
40 1
40 7
40 8
40 17
40 19
40 21
40 24
40 35
40 37
40 41
40 44
40 56
40 72
40 73
40 80
40 84
40 99
40 101
40 104
40 115
40 116
40 121
40 251
40 253
40 270
40 291
40 295
40 300
40 311
40 317
40 319
40 332
40 336
40 341
40 345
40 347
42 4
43 7
43 12
43 18
43 25
43 34
44 1
44 8
44 14
44 15
46 20
46 21
46 30
46 31
46 36
47 5
47 6
47 10
47 27
48 44
48 45
48 54
48 73
48 79
48 80
48 87
48 91
49 3
50 12
50 20
50 23
50 27
53 28
53 29
53 44
53 51
54 1
54 3
54 15
54 19
54 31
55 2
56 13
56 23
56 24
59 17
59 25
59 39
59 40
59 56
61 1
61 6
61 11
61 12
61 22
61 27
63 8
63 13
63 15
63 17
63 19
63 20
63 34
63 46
63 62
64 2
64 7
64 11
64 12
65 1
65 18
65 23
65 37
65 39
65 98
65 132
65 133
65 134
65 143
65 152
65 157
65 159
65 160
65 163
65 165
65 171
65 179
65 187
66 74
66 82
66 93
66 108
66 109
66 112
66 115
66 136
66 139
69 5
69 15
69 18
69 32
69 52
69 67
69 69
69 78
69 81
69 90
69 97
69 107
69 114
69 117
69 134
69 140
69 142
69 145
70 19
70 31
70 32
70 34
70 37
70 59
70 74
70 86
70 88
70 89
70 92
70 93
70 96
70 97
70 99
70 106
70 133
70 142
70 144
70 156
70 159
74 61
74 68
74 80
74 98
74 112
74 115
74 132
74 135
74 154
74 169
74 172
74 180
75 129
75 173
75 174
75 180
75 181
75 192
75 194
75 203
75 207
75 233
75 237
75 238
75 240
75 241
75 257
75 278
75 279
75 281
75 283
75 286
75 289
75 291
75 292
75 298
75 299
75 304
75 306
76 18
76 19
76 25
76 29
76 31
76 33
78 24
78 26
78 27
78 54
78 55
78 56
78 64
78 67
78 70
78 72
78 86
78 100
78 101
78 166
78 169
78 174
78 176
78 180
78 182
78 187
78 189
78 197
78 203
78 221
78 225
78 227
78 229
78 232
79 4
79 5
79 17
79 18
79 19
80 6
80 13
80 19
80 27
80 32
81 1
81 6
83 57
83 61
83 67
83 69
83 74
83 91
83 93
83 94
83 97
83 98
83 106
83 119
83 122
83 126
83 129
83 280
84 6
84 7
84 15
84 16
84 19
84 22
84 29
84 33
84 35
84 38
84 42
84 47
84 57
84 58
84 66
84 72
84 80
84 84
84 86
84 91
84 93
84 98
84 122
84 129
84 130
84 157
84 162
85 5
85 13
85 22
85 33
85 46
85 47
85 53
85 58
85 66
85 149
85 160
85 161
86 2
86 8
87 4
90 102
90 104
90 106
90 110
90 111
90 119
90 121
90 122
90 126
90 128
90 133
90 134
90 140
90 141
90 146
90 148
90 150
90 151
90 155
90 160
90 161
90 169
90 173
90 178
90 187
90 192
90 195
90 200
90 202
90 204
90 205
90 228
90 238
90 242
90 244
90 252
90 268
90 273
90 278
90 279
90 282
91 13
91 21
91 39
91 48
91 52
91 57
91 60
91 63
91 65
91 66
91 70
91 75
91 76
91 88
91 95
91 96
91 141
91 152
91 156
91 160
91 166
91 167
91 171
91 175
91 180
92 16
92 23
92 25
94 2
94 3
94 9
94 12
94 19
94 21
94 42
94 45
94 47
94 48
94 56
94 58
94 59
94 63
94 68
94 109
94 115
94 116
94 122
95 1
95 2
95 4
96 4
96 5
96 15
96 19
96 34
97 2
97 12
97 14
97 17
97 19
97 20
97 33
97 34
97 41
97 44
97 54
97 65
97 67
97 69
97 70
97 71
97 95
97 100
98 14
98 23
98 27
99 19
99 20
99 22
99 27
99 28
100 81
100 83
100 84
100 89
100 96
100 98
100 111
100 118
100 122
100 124
100 138
100 139
100 142
100 167
100 178
100 180
100 185
100 187
100 189
100 190
100 192
101 89
101 90
101 94
101 98
101 119
101 121
101 126
101 128
101 131
102 6
102 14
102 16
102 22
102 24
102 27
102 28
102 36
102 44
102 49
102 50
102 51
102 54
102 63
102 65
102 71
102 75
102 78
102 82
102 87
102 90
102 92
102 93
102 95
102 107
102 108
102 112
102 117
102 132
102 134
102 135
102 159
102 180
102 183
102 188
102 190
102 192
102 198
102 206
102 216
102 220
102 221
102 227
102 248
102 250
102 257
102 258
102 263
102 266
102 269
102 280
102 284
102 293
102 295
102 303
102 304
102 314
102 320
102 334
104 79
104 86
104 87
104 91
104 93
104 102
104 104
106 87
106 100
106 104
106 112
106 115
106 116
106 126
106 136
106 138
106 165
106 170
106 195
106 196
106 220
106 234
106 266
106 273
106 280
106 283
106 284
106 286
106 288
106 290
106 299
106 301
106 302
106 306
106 308
106 316
106 317
106 320
106 321
106 324
106 334
106 336
106 361
107 1
107 2
107 4
107 5
107 8
107 14
107 15
107 20
107 29
107 50
107 51
107 66
107 70
107 74
107 75
107 77
107 79
107 84
107 87
107 91
107 100
107 117
107 119
107 130
107 138
107 144
107 150
107 152
107 153
107 155
107 182
107 189
107 191
107 193
107 199
107 218
107 226
107 231
107 233
107 238
107 244
107 249
107 250
107 256
107 260
107 263
108 23
108 25
108 29
108 37
108 44
108 45
108 46
108 58
109 1
109 8
109 49
109 52
109 59
109 60
109 62
110 3
110 4
111 2
112 5
112 18
112 29
112 31
112 36
112 40
112 42
112 48
112 53
112 83
112 84
113 13
113 18
113 25
113 29
113 32
113 37
113 41
113 43
113 54
113 55
113 57
113 62
113 65
113 99
113 100
113 114
113 117
113 172
