1 131
2 41
2 42
2 46
2 69
2 70
2 77
2 83
2 86
2 114
2 115
2 125
2 132
2 137
2 150
2 154
2 156
3 7
3 11
3 20
3 23
3 26
3 35
3 39
3 57
3 86
3 91
3 92
6 3
6 11
6 24
7 1
7 11
7 22
7 25
7 35
7 54
7 107
7 110
7 115
7 121
7 124
7 142
11 22
11 24
11 27
11 29
11 30
11 40
11 41
11 46
11 47
12 6
13 95
15 22
15 24
15 27
15 33
15 39
15 45
15 54
15 55
15 58
15 59
15 79
15 86
15 107
16 6
16 13
16 16
16 19
16 21
16 22
16 39
16 47
16 49
16 60
16 70
16 71
16 72
16 76
19 23
19 29
19 42
19 46
19 56
19 66
19 70
20 7
20 19
20 30
20 31
20 45
20 52
20 54
20 55
21 1
21 4
21 10
21 12
21 19
22 1
22 5
22 12
22 18
23 12
23 17
23 22
23 29
23 30
23 35
23 37
23 39
23 42
23 47
23 60
23 66
23 73
25 61
25 65
25 71
25 73
25 74
25 83
25 84
26 2
26 6
26 9
26 12
26 25
26 26
26 31
26 40
26 46
26 48
26 52
26 62
26 68
26 71
26 79
26 103
26 106
26 109
26 114
26 115
26 123
26 125
26 126
26 131
26 135
26 144
26 148
26 151
26 165
26 169
26 173
26 177
26 198
26 199
26 207
26 213
26 217
26 226
26 241
26 247
26 254
26 258
26 259
27 9
28 3
28 8
28 15
28 16
28 32
28 52
28 61
28 63
28 70
28 73
28 77
28 88
28 96
28 99
28 100
29 2
29 15
29 22
29 25
29 28
29 32
29 49
29 61
29 63
29 70
29 89
29 93
29 97
29 100
30 1
30 19
30 25
30 26
30 31
30 37
30 39
30 43
31 3
31 5
31 9
31 10
31 17
31 23
31 24
31 27
31 28
31 39
31 41
31 44
31 46
31 52
31 57
32 43
33 10
33 24
33 27
33 29
33 34
33 69
33 90
33 95
33 96
33 127
33 131
33 134
33 139
33 145
34 3
34 27
34 40
34 42
34 58
34 63
34 65
34 200
34 208
34 217
34 249
37 53
37 58
37 83
37 84
37 87
37 96
37 118
37 131
37 133
37 135
37 137
37 140
37 163
38 8
38 11
38 16
38 18
38 26
38 28
38 30
38 33
38 51
38 58
38 124
38 125
38 133
39 6
39 11
39 12
39 17
39 23
39 33
39 40
40 13
40 14
40 17
40 22
40 30
40 34
40 45
40 56
40 100
40 103
40 106
40 107
40 108
40 111
40 118
40 119
40 125
40 127
40 130
41 2
41 12
41 13
41 15
41 24
41 30
41 31
41 33
41 38
42 25
42 26
42 29
42 30
42 31
42 33
42 35
42 37
43 1
43 4
43 6
43 9
43 22
43 23
43 28
43 38
43 39
43 44
43 52
43 66
43 73
43 74
43 89
43 229
43 244
43 245
43 248
43 250
43 251
43 262
43 268
43 272
43 273
43 276
44 38
44 44
44 71
45 1
45 5
45 6
45 7
45 15
45 24
45 27
45 37
45 43
45 54
46 12
46 22
46 30
46 32
46 43
46 47
48 89
48 107
48 110
48 112
48 198
48 199
48 211
48 217
48 229
48 232
48 239
48 241
48 246
48 256
48 260
48 263
48 266
48 272
49 16
49 18
49 22
49 27
49 29
50 46
50 54
50 68
51 2
51 3
51 17
52 6
55 11
55 32
55 33
55 40
55 45
55 46
58 56
58 64
58 65
58 79
58 82
58 92
59 85
59 118
60 5
60 14
60 18
60 21
60 27
60 28
60 35
60 36
61 2
61 3
61 28
61 32
61 44
61 45
61 57
62 11
62 13
62 18
62 27
62 28
62 40
62 42
62 47
62 51
62 55
62 76
62 85
62 89
62 90
62 97
62 99
62 116
62 124
62 127
62 129
62 136
62 143
62 144
62 146
62 158
62 159
62 165
62 167
62 174
62 177
62 186
62 187
62 191
62 193
62 200
62 206
62 208
62 215
62 223
62 226
62 228
62 238
62 241
62 245
63 28
63 31
63 36
63 38
63 41
63 56
63 59
63 68
63 79
63 80
63 88
63 89
63 91
63 97
63 99
63 100
63 102
63 113
63 122
63 124
63 128
63 130
63 132
63 135
63 138
63 144
63 147
63 152
63 158
65 33
66 4
66 35
66 39
67 1
67 8
67 13
67 16
67 19
67 28
67 29
67 32
67 35
67 54
67 59
68 10
68 16
68 20
68 26
70 6
70 10
70 21
70 34
70 35
70 39
70 46
70 53
70 56
70 59
70 72
70 73
70 75
70 80
70 81
70 87
70 96
70 103
71 23
71 27
71 32
71 36
71 39
71 44
71 52
71 55
71 57
71 97
71 99
71 106
71 107
72 4
72 8
72 11
72 15
72 20
72 23
72 40
72 43
72 44
72 48
72 49
72 53
72 64
72 69
72 74
72 75
72 76
72 79
72 84
72 89
72 93
72 97
72 102
72 106
72 110
72 121
72 124
72 127
72 128
72 132
72 133
72 134
72 140
72 143
72 145
72 153
72 155
72 157
72 158
72 161
72 173
72 174
72 187
72 191
72 204
72 207
72 212
72 229
73 7
73 11
73 14
73 16
73 19
73 23
73 25
73 28
73 34
73 38
73 42
73 50
74 3
74 4
74 11
74 14
74 16
74 18
74 19
74 105
74 111
74 113
74 116
74 119
74 120
74 126
74 129
74 232
75 73
75 75
75 77
75 94
75 99
75 109
75 110
75 120
75 121
75 125
75 130
75 134
75 139
75 141
75 142
75 144
75 146
75 147
75 149
75 151
75 160
75 173
75 180
75 182
75 325
75 343
75 345
78 56
78 58
78 59
78 65
78 81
78 82
78 84
78 88
78 91
79 4
80 5
80 9
80 25
80 37
80 38
80 39
80 51
80 55
80 56
80 69
80 82
80 86
80 95
80 96
80 98
80 101
80 109
80 119
80 124
80 127
80 128
80 131
80 133
80 136
80 137
80 152
80 158
80 165
80 168
80 184
81 4
81 5
81 9
81 11
82 1
82 3
82 25
82 27
82 28
83 3
83 8
83 19
83 30
83 31
83 48
83 57
83 96
83 110
83 146
83 149
83 167
83 170
83 171
84 16
84 19
84 23
84 27
84 36
84 38
84 40
84 41
84 45
84 53
84 55
84 57
84 60
84 66
85 3
85 10
86 2
86 3
86 7
86 13
86 16
86 17
86 20
87 8
87 9
87 14
87 16
87 28
88 13
88 53
89 7
91 2
91 14
91 22
91 28
91 29
91 33
91 36
94 10
94 11
94 19
94 22
94 25
94 26
94 29
94 38
94 40
94 46
94 49
95 28
95 29
95 31
95 51
96 41
96 51
96 53
96 54
96 58
96 64
96 67
96 68
96 70
96 73
96 74
96 82
96 87
96 91
96 92
96 93
96 96
96 156
96 159
96 173
96 174
96 176
96 185
97 7
97 8
98 127
98 129
99 9
99 21
99 33
99 43
99 45
99 46
99 61
99 67
99 72
99 77
99 88
99 89
99 96
99 98
99 99
99 100
99 103
99 105
99 107
99 141
99 142
99 143
99 145
99 154
99 162
99 164
99 169
99 172
99 175
99 176
99 182
99 224
99 233
99 242
99 250
99 251
99 256
99 259
99 260
99 261
99 270
99 272
99 273
99 298
99 303
99 311
99 315
99 321
99 356
99 365
99 368
99 408
99 413
99 417
100 1
100 2
100 8
100 15
100 19
100 21
100 40
100 47
100 58
100 63
100 66
100 69
100 73
100 83
100 89
100 92
100 95
101 3
101 9
101 11
101 13
101 23
101 25
101 28
101 29
101 40
101 41
101 49
101 50
101 56
101 58
101 60
101 75
103 2
103 5
103 6
103 60
103 70
103 84
103 92
103 100
103 105
104 1
104 5
106 1
106 2
106 4
106 12
106 16
106 20
106 24
106 29
106 35
106 39
106 40
109 36
109 40
111 90
111 92
112 1
113 4
113 11
113 13
113 17
113 19
113 22
113 25
113 34
113 35
113 43
115 14
