1 6
1 16
2 8
2 19
2 26
2 34
2 39
2 42
2 60
2 65
2 69
2 71
2 73
2 79
2 83
2 88
2 100
2 101
4 6
4 16
4 17
4 20
4 22
5 5
5 6
5 11
5 14
6 2
7 7
7 8
7 9
7 19
7 30
7 31
7 45
7 56
7 57
7 58
7 61
7 64
7 71
7 73
7 76
7 79
7 81
7 94
7 97
7 106
7 107
7 118
8 1
8 12
8 143
8 146
8 148
8 151
8 152
8 156
8 173
8 175
8 177
8 178
8 185
8 195
8 197
8 208
8 211
8 215
8 264
8 267
8 272
8 273
8 275
8 278
8 285
9 3
9 29
9 31
9 33
9 38
9 44
9 48
9 53
9 54
9 61
9 64
11 7
11 11
11 22
11 25
11 28
11 43
11 44
12 2
12 10
12 11
12 16
12 18
12 20
12 24
12 27
12 31
12 33
12 41
12 43
12 52
13 2
13 5
13 6
13 12
13 14
13 24
13 28
13 42
13 44
13 49
13 57
13 64
14 4
14 9
14 19
14 22
14 24
14 26
14 28
14 30
14 42
14 47
14 52
15 17
15 29
15 30
16 5
17 90
18 13
18 17
18 34
18 36
21 11
21 17
21 18
23 2
23 3
23 8
23 11
23 13
23 15
24 10
24 23
24 24
24 32
24 36
24 167
24 180
25 1
25 5
25 9
25 14
25 15
25 17
25 18
25 23
25 26
26 93
26 94
26 101
26 104
26 110
26 111
26 120
26 121
26 122
26 124
26 136
27 4
28 2
33 14
33 17
33 24
33 26
33 33
33 43
33 44
33 53
33 57
33 62
33 72
33 74
33 80
33 81
33 84
33 85
33 96
33 106
33 108
33 109
33 112
33 116
34 1
34 7
34 13
34 19
34 20
34 37
34 40
34 53
34 55
34 66
34 76
34 85
34 92
34 96
34 228
34 235
35 58
35 60
35 64
35 120
35 124
35 125
35 128
35 132
35 140
35 147
35 149
35 155
35 157
35 160
35 168
35 175
35 176
35 197
35 198
35 199
35 208
35 209
35 340
35 342
35 346
35 361
35 366
35 382
35 383
35 389
35 394
35 407
35 528
35 532
35 540
35 546
35 547
35 556
35 564
35 582
35 628
35 629
35 641
35 644
35 663
35 768
35 769
35 771
35 782
35 785
35 797
35 804
35 808
35 811
35 815
35 825
35 847
35 848
35 850
35 852
35 860
35 864
35 865
35 894
35 898
35 900
35 904
35 911
35 913
36 9
36 18
36 31
36 35
36 39
36 43
36 44
36 48
36 49
36 51
36 54
36 64
36 74
36 77
36 79
36 89
36 98
36 99
36 105
36 106
36 109
36 113
36 121
36 129
36 130
36 131
36 137
36 146
36 152
36 156
36 166
36 169
36 171
36 174
39 110
39 111
39 113
39 118
39 120
39 131
39 132
39 136
39 144
39 145
39 148
39 149
39 150
39 155
39 168
39 169
39 176
39 178
40 58
41 1
41 5
41 11
41 14
42 2
42 9
42 16
42 21
43 2
43 6
43 7
43 9
43 12
44 18
44 32
44 33
44 34
44 37
44 40
44 42
44 57
44 65
44 70
44 78
44 85
44 86
44 92
45 105
45 112
45 114
45 115
45 117
45 123
45 124
46 1
46 5
46 12
46 16
46 17
46 18
46 35
46 39
46 42
46 43
48 57
48 71
48 73
48 114
48 125
48 129
48 145
48 147
48 161
48 163
48 170
50 55
50 65
50 75
50 81
50 85
50 106
50 114
50 118
50 128
50 134
50 145
51 27
51 34
51 37
51 39
54 48
54 57
54 98
54 102
54 105
54 110
54 117
54 123
54 128
54 130
54 132
54 137
54 145
54 153
54 158
54 159
54 164
54 166
54 171
54 176
54 189
54 193
54 195
54 209
54 222
54 223
54 225
54 227
54 229
54 235
54 249
54 250
54 252
54 254
54 263
54 278
54 282
54 283
54 288
54 290
54 316
54 331
54 333
54 338
54 343
54 344
54 345
54 351
54 361
54 362
54 379
54 381
54 386
54 388
54 391
54 398
54 406
54 418
54 423
54 426
54 442
54 473
54 476
54 477
54 482
54 499
55 2
55 12
55 14
55 21
55 24
55 25
55 33
55 40
55 41
55 48
55 52
55 53
55 56
55 59
55 64
55 77
56 43
56 47
56 59
56 61
56 82
56 85
56 98
56 106
56 108
56 112
56 113
56 126
56 134
56 135
56 137
56 147
56 151
56 159
56 161
56 165
56 174
56 175
56 179
56 181
56 184
56 192
56 203
56 204
56 211
56 212
56 218
56 227
56 231
56 237
57 6
57 20
57 35
57 51
57 53
57 54
57 63
57 65
57 69
57 70
57 75
57 77
57 81
57 83
57 84
57 94
57 100
57 104
58 3
58 8
58 12
58 29
58 39
58 48
59 1
60 3
60 10
60 12
60 16
60 18
60 21
60 35
60 37
60 38
61 61
61 63
61 73
61 75
61 78
63 62
63 63
63 66
63 100
63 107
63 108
64 29
64 34
64 39
64 43
64 52
64 55
64 57
64 157
64 161
64 163
64 183
64 191
64 192
64 195
64 201
64 202
64 204
64 205
64 209
64 216
64 227
64 235
65 1
65 2
65 29
65 34
65 36
65 69
65 77
65 78
65 83
65 85
65 88
65 100
65 110
65 133
65 136
65 139
65 145
65 147
65 148
65 150
65 159
65 166
65 168
65 299
65 300
65 302
65 319
65 323
65 335
65 341
65 343
65 351
66 68
66 69
66 81
66 88
66 92
67 27
67 30
67 66
67 71
67 89
67 96
67 104
67 105
67 122
67 124
67 125
67 135
68 3
69 3
69 4
69 16
69 17
69 33
69 39
69 40
69 43
70 6
70 7
70 15
70 25
70 31
70 43
70 44
70 56
70 71
70 72
70 93
70 95
70 97
70 101
70 105
70 106
70 114
70 116
70 119
70 134
70 143
70 153
71 5
71 6
71 9
71 13
71 21
71 29
71 35
71 58
71 69
71 71
72 1
73 11
73 14
74 78
74 94
74 106
74 109
74 113
74 124
74 129
74 136
74 153
74 162
74 173
75 20
75 21
75 24
75 30
76 2
76 5
76 8
76 12
76 18
76 34
76 35
76 43
76 48
76 49
76 54
76 68
76 70
76 73
76 74
76 86
76 92
76 93
76 100
76 104
76 109
76 114
76 120
76 121
76 124
76 126
76 131
76 132
76 135
76 138
76 140
76 143
76 145
76 148
76 157
76 161
76 163
76 180
76 182
76 183
77 2
77 6
77 16
77 24
77 27
77 28
77 31
77 38
77 46
77 47
77 49
79 70
79 74
79 80
79 87
79 88
79 92
79 96
79 104
79 115
79 128
79 143
79 144
79 148
79 157
79 286
79 287
79 292
79 296
79 305
79 307
79 312
79 314
79 322
79 328
80 8
80 12
80 14
80 21
80 24
80 40
80 44
80 49
80 73
80 76
80 79
80 81
80 83
80 86
80 96
80 102
80 104
80 105
80 132
80 137
80 139
80 146
80 149
80 151
80 152
80 157
80 169
80 174
80 175
80 179
80 181
80 182
80 184
80 185
80 195
81 5
81 9
81 15
82 14
82 19
82 22
82 23
82 98
82 99
82 101
82 108
82 237
82 238
82 239
82 250
82 268
82 272
82 276
83 37
83 38
83 43
83 46
83 51
83 53
83 54
83 64
83 70
83 83
84 28
84 35
85 13
85 14
85 17
85 22
85 31
85 34
85 46
85 47
85 64
85 74
85 85
85 94
85 104
85 106
85 118
85 132
85 138
85 139
85 152
85 154
85 158
85 164
85 183
86 8
87 1
87 4
88 106
88 116
88 119
88 132
88 174
89 5
89 6
89 10
89 14
89 18
89 23
89 29
90 23
90 25
90 29
93 71
93 73
93 75
93 81
93 132
