1 6
1 8
1 12
1 13
1 21
1 22
1 36
1 37
1 50
1 58
1 61
1 70
1 71
1 186
1 187
1 192
1 206
1 207
1 209
1 345
1 347
1 358
1 370
1 381
1 393
1 396
1 399
1 402
1 406
1 407
1 416
1 419
1 422
1 423
1 430
1 450
1 453
1 455
2 9
2 28
2 32
2 36
2 39
2 51
2 61
2 84
2 86
2 92
2 94
2 96
2 103
2 107
2 161
2 162
2 166
2 168
2 182
2 192
2 193
2 194
2 197
2 204
2 208
2 209
2 228
2 241
2 247
2 255
2 256
2 340
2 349
2 355
2 361
2 375
2 386
2 387
2 389
2 399
2 400
2 404
2 431
2 434
2 437
2 442
2 446
2 452
3 8
3 16
3 19
6 24
6 28
6 33
6 57
7 1
7 4
7 21
7 24
7 27
7 35
7 41
8 32
9 8
9 20
9 21
9 26
9 33
9 49
10 3
13 11
15 5
15 7
15 8
15 9
15 18
15 26
15 27
15 33
15 42
15 56
15 59
15 71
15 73
15 82
15 87
15 97
16 108
16 111
16 112
16 115
16 116
16 121
16 125
16 132
16 138
16 141
16 145
16 148
16 149
16 156
16 164
16 168
17 4
17 9
17 14
17 15
17 19
17 25
17 34
17 40
17 46
17 48
17 51
17 52
17 56
17 65
17 69
17 70
17 71
17 75
17 86
17 88
17 95
17 102
17 106
17 107
17 112
18 15
18 24
18 50
18 52
18 60
18 61
18 65
18 72
18 75
18 82
18 88
18 90
18 92
18 94
18 95
18 99
18 102
18 110
18 126
18 130
18 132
18 134
18 141
18 149
18 150
18 152
18 153
18 156
18 157
18 160
18 162
19 15
20 2
20 7
24 7
24 9
24 12
24 19
24 23
24 33
25 1
25 3
25 6
25 9
25 17
25 18
25 23
25 27
25 28
25 50
25 54
25 58
25 62
25 106
25 108
25 110
25 111
25 117
25 134
25 143
25 157
25 165
25 166
25 188
25 189
25 203
25 208
25 209
25 224
25 225
25 231
25 234
25 252
25 255
25 256
25 265
25 282
25 283
25 290
25 297
25 298
25 306
25 316
25 318
25 323
25 324
25 333
25 334
25 337
25 342
25 345
25 346
25 355
25 359
25 367
25 368
25 401
26 26
26 34
27 4
27 10
27 12
27 15
27 24
27 31
27 47
27 55
27 66
27 77
27 78
29 2
29 17
29 19
29 20
29 32
29 36
29 44
29 50
29 51
29 58
30 6
30 13
30 18
30 21
30 28
30 51
30 56
30 59
30 62
30 70
30 79
30 82
30 88
30 120
30 123
30 124
30 146
31 7
31 13
32 4
32 6
32 8
32 9
32 15
32 22
33 7
33 10
33 20
33 24
33 26
33 43
33 45
33 57
33 59
33 68
33 69
33 70
33 71
33 72
33 79
33 89
35 56
35 72
35 76
35 77
35 79
35 85
35 88
35 91
35 108
35 242
35 269
35 270
36 8
36 11
36 17
36 19
36 21
36 31
37 7
37 11
37 13
37 20
37 21
37 86
37 91
37 92
37 98
37 99
37 111
37 119
37 127
37 129
37 150
37 154
37 156
37 158
37 170
37 172
37 178
37 181
37 186
37 187
37 190
37 194
37 195
37 222
37 231
37 250
37 252
37 256
37 260
37 263
37 271
37 287
37 288
37 290
37 293
37 300
37 301
38 11
38 13
38 52
38 55
38 63
38 70
38 74
38 79
38 82
38 91
38 93
40 5
40 16
40 17
40 21
40 27
40 30
41 4
41 17
43 1
43 8
43 9
43 19
43 24
43 31
44 28
44 31
44 37
44 51
45 1
45 14
45 15
45 24
45 30
45 46
45 48
45 53
45 54
45 71
45 74
45 88
45 95
45 96
45 98
45 106
45 110
45 116
46 11
46 12
46 13
46 15
46 17
46 19
46 27
46 29
46 35
46 42
46 46
46 49
46 54
46 55
47 85
47 90
48 6
48 13
48 17
48 19
48 25
49 10
49 15
49 147
49 150
49 152
49 154
49 157
49 161
50 7
50 11
50 15
50 21
50 22
50 33
50 40
50 56
50 62
50 85
50 86
50 102
50 113
50 115
50 121
50 124
50 127
50 128
50 143
50 148
52 16
52 20
52 60
52 61
52 65
52 69
52 72
52 74
52 88
54 13
54 16
54 19
54 21
54 38
54 41
54 43
54 62
54 69
54 71
54 78
54 85
54 97
54 99
54 110
54 117
54 119
54 123
54 124
54 140
54 145
54 152
54 156
55 2
55 8
55 14
55 15
55 17
55 27
55 40
55 46
55 48
55 51
55 53
55 59
55 63
55 70
55 72
55 76
55 83
55 95
55 99
58 27
58 46
58 59
58 73
58 82
58 84
58 86
58 91
58 102
58 103
58 122
58 127
58 136
58 137
58 142
58 147
58 151
58 153
58 154
58 155
58 156
58 159
58 161
58 166
58 168
58 177
58 178
58 182
58 201
58 208
58 213
58 223
59 11
59 13
59 16
59 23
59 26
59 36
59 40
59 44
59 45
59 49
59 53
59 56
59 77
59 82
59 83
59 87
59 94
59 105
59 106
59 109
59 110
59 112
60 20
60 22
60 27
60 28
60 40
60 42
60 53
63 36
63 39
63 49
63 52
63 53
63 61
63 91
63 98
65 1
65 7
65 15
65 33
65 45
65 47
65 51
65 58
65 61
65 87
65 90
65 92
65 94
65 101
65 107
65 108
65 116
65 125
65 135
65 149
65 154
65 157
65 160
65 161
66 66
68 55
69 3
69 18
69 20
69 26
69 27
69 37
71 70
71 73
71 83
71 85
71 93
71 94
71 110
71 251
71 253
71 270
71 273
76 32
76 33
76 42
76 57
76 59
76 62
76 64
76 68
76 71
76 72
76 73
76 76
76 77
76 91
76 97
76 98
76 105
76 108
76 113
76 124
76 160
76 161
76 165
76 166
77 5
77 11
77 16
77 17
77 19
77 23
77 28
77 32
77 35
77 43
77 46
77 61
77 64
77 76
77 94
77 103
77 106
77 107
78 1
78 2
78 7
78 18
79 51
79 60
79 66
79 73
79 82
79 85
79 88
79 89
79 92
79 93
79 96
79 101
79 106
80 4
81 7
81 10
81 179
81 188
81 191
81 193
81 196
81 197
81 209
81 213
81 216
81 222
81 229
81 232
81 235
82 6
82 15
82 19
82 26
82 50
82 53
82 62
82 63
82 70
82 74
82 79
82 81
82 84
82 85
82 101
82 120
83 50
83 51
83 55
83 58
83 72
83 91
83 95
83 98
86 27
86 34
86 40
86 43
90 3
90 7
90 21
90 24
90 33
90 34
90 36
90 40
90 41
91 75
91 76
91 85
91 91
91 96
91 102
91 112
92 11
92 17
92 27
92 37
92 44
92 46
92 50
92 58
92 60
92 62
92 64
92 71
92 72
92 74
92 77
92 82
92 213
92 214
92 244
92 246
92 269
92 272
92 274
92 280
92 290
92 297
92 304
92 309
92 310
92 316
92 320
92 322
92 329
92 333
92 339
92 340
92 342
92 346
92 367
92 386
92 388
92 389
92 392
94 19
94 31
94 37
94 42
94 45
94 48
94 50
94 56
94 58
94 67
94 69
94 70
94 74
94 78
94 79
94 81
94 82
94 97
94 122
94 126
94 129
94 130
94 139
94 141
94 144
94 145
94 146
94 156
94 161
95 11
95 21
95 23
95 131
96 6
96 7
96 14
96 26
96 58
96 59
96 61
96 66
96 68
96 72
96 76
96 83
96 92
99 55
99 57
99 60
99 66
99 67
99 81
99 90
101 33
101 34
101 35
101 41
102 6
102 8
102 16
102 17
102 19
102 22
102 28
102 29
102 37
102 40
107 25
107 32
107 33
107 34
107 35
107 39
107 46
107 57
107 58
107 72
107 74
107 76
107 80
107 87
107 96
107 99
107 116
107 126
107 133
107 141
107 142
107 153
107 163
107 180
107 183
107 186
107 206
107 209
107 210
107 213
107 214
107 226
107 229
107 238
107 239
107 244
107 248
107 261
107 268
107 276
107 279
107 281
107 282
107 292
107 297
107 301
107 312
107 329
107 330
107 342
107 345
107 348
107 350
107 360
108 1
