1 12
1 13
1 23
1 25
1 31
1 89
1 90
1 94
1 109
1 271
1 273
1 276
1 277
1 287
1 290
1 298
2 6
2 42
2 49
2 51
2 62
2 80
2 83
2 84
2 94
2 105
3 5
3 7
4 1
4 2
5 2
5 4
5 8
5 9
5 22
5 23
5 24
5 28
5 35
5 38
5 41
5 57
5 58
5 69
5 75
5 79
5 94
5 96
5 104
5 106
5 130
5 138
5 140
5 143
5 153
5 160
5 166
5 171
6 3
6 4
7 1
7 10
7 29
7 35
7 44
7 48
8 7
8 11
8 18
8 72
8 78
9 8
9 14
10 16
10 26
10 28
12 9
12 17
12 19
12 20
12 28
12 34
12 51
12 52
12 53
12 66
12 70
12 77
12 88
12 89
12 93
12 100
12 103
12 105
12 107
12 108
12 112
12 114
13 5
13 6
13 15
13 34
13 42
13 51
13 63
14 3
14 10
14 17
16 20
16 21
16 36
16 38
16 52
16 54
16 61
16 74
16 75
16 82
16 88
16 89
16 105
16 106
16 117
17 2
17 7
17 14
17 20
17 34
17 55
17 66
17 68
17 72
17 75
17 76
17 81
17 96
17 101
17 104
17 105
17 109
17 110
17 117
18 8
18 12
18 14
18 25
18 30
18 34
18 48
18 58
18 60
18 65
19 7
19 10
19 12
19 25
19 31
19 44
19 59
19 60
19 67
19 74
19 76
19 80
19 84
19 86
19 90
19 95
19 111
19 112
19 121
20 13
20 15
20 37
20 50
20 51
20 55
20 62
20 64
20 68
20 72
20 77
20 79
20 95
20 108
20 110
20 126
20 132
20 147
20 152
20 154
20 160
20 191
20 193
20 197
20 208
20 210
20 213
20 217
20 228
20 234
20 236
20 240
20 242
20 247
20 249
20 250
20 262
21 2
21 8
21 19
21 23
21 153
21 154
21 158
21 165
21 169
21 174
21 203
21 210
21 215
21 222
22 4
22 8
22 14
22 30
22 32
22 34
22 39
22 42
22 52
22 59
22 62
22 66
22 69
25 41
25 46
25 48
25 54
26 3
27 3
27 5
27 6
27 20
27 21
27 32
27 39
27 40
27 45
27 47
27 65
27 72
27 74
28 65
28 70
28 71
28 75
28 78
28 93
28 99
29 2
29 4
29 5
29 12
29 14
29 19
29 21
29 24
29 29
29 33
29 35
29 36
29 47
29 49
29 50
29 53
29 57
30 1
30 17
30 23
31 51
33 15
33 28
33 34
33 35
33 38
34 29
34 32
34 38
34 39
34 43
34 56
34 57
34 74
34 88
34 89
34 95
34 101
34 111
34 114
35 7
35 14
35 16
35 21
35 46
36 121
36 122
36 135
36 140
37 9
37 12
37 17
37 22
37 23
37 31
37 37
37 45
37 57
37 58
37 62
37 66
37 69
37 74
37 83
37 88
37 89
37 91
37 92
37 103
37 116
37 117
37 118
37 151
37 154
37 164
37 177
37 183
37 187
37 192
37 195
37 197
37 200
38 1
39 4
39 5
39 16
39 18
42 2
42 4
42 31
42 36
42 44
42 48
42 55
42 56
42 64
42 70
42 71
42 74
42 78
42 88
42 101
42 113
42 115
42 123
42 128
43 2
43 14
43 16
43 23
43 29
43 32
43 36
43 43
43 46
43 51
43 69
44 112
44 114
44 115
44 117
44 123
44 166
44 173
44 175
45 8
45 11
45 12
45 21
45 22
45 23
45 24
45 27
45 29
45 39
45 41
45 46
45 51
45 55
45 58
45 63
46 3
47 3
47 7
47 12
47 13
47 23
47 35
47 41
47 45
47 48
47 51
47 62
47 63
47 65
47 79
47 85
48 4
48 7
48 22
48 25
48 27
51 29
51 31
51 56
51 58
51 59
51 65
51 71
51 76
51 77
51 81
51 85
51 99
51 111
51 115
51 117
51 119
51 126
51 136
51 147
51 151
51 155
52 4
52 10
52 13
52 22
52 23
52 29
52 33
52 36
52 53
52 56
52 57
52 66
52 67
52 70
52 77
52 79
52 82
52 84
53 5
53 7
53 8
53 29
53 30
53 33
53 35
53 53
53 61
53 63
53 70
53 71
53 76
54 5
54 7
54 11
55 3
55 4
55 21
55 24
55 32
55 37
55 42
55 47
55 51
55 61
55 64
55 71
55 90
56 6
56 14
56 18
56 37
56 42
56 43
56 47
57 1
57 2
57 5
57 19
57 24
57 26
58 7
58 12
58 13
58 25
58 34
58 36
58 62
58 66
58 84
58 89
58 91
58 96
58 99
58 100
58 103
58 106
59 7
59 11
59 13
59 15
59 18
59 20
59 25
59 26
60 12
60 57
61 72
61 74
61 88
61 92
62 1
62 4
62 10
62 30
62 40
62 44
62 47
62 48
62 51
62 56
62 57
62 63
62 65
62 69
62 73
62 85
62 86
62 89
62 99
62 137
62 146
62 150
62 151
62 157
62 160
62 164
62 170
62 175
62 178
62 181
62 199
62 204
62 215
62 221
62 241
62 247
62 295
62 302
62 310
62 312
62 330
62 334
62 335
62 338
62 341
62 342
62 343
62 349
62 354
62 369
62 383
62 386
62 392
62 411
62 463
62 465
62 466
62 467
62 470
62 473
62 479
63 2
63 4
63 5
64 3
65 1
65 2
65 8
65 9
65 22
65 27
65 30
65 33
65 42
65 48
66 32
66 38
66 39
66 40
66 51
66 64
66 68
66 77
66 81
66 87
66 88
66 120
66 131
66 143
66 147
66 152
66 155
66 162
67 12
67 15
67 18
67 19
67 25
67 33
67 39
67 40
67 42
67 61
67 71
67 72
67 77
67 89
67 92
67 93
67 98
67 108
67 112
67 119
67 123
67 127
67 128
68 2
68 17
68 20
68 25
68 28
68 43
68 45
68 46
68 58
68 61
68 63
68 65
68 67
68 70
68 73
68 76
68 86
68 87
68 94
68 105
70 48
70 49
70 61
70 64
70 74
70 109
70 110
70 115
70 117
70 120
70 131
70 140
70 147
70 155
70 161
70 173
70 181
70 182
71 3
71 4
71 7
71 9
71 22
72 3
72 15
72 16
72 25
72 166
72 233
72 237
73 11
73 16
73 18
73 19
73 26
73 33
73 38
73 44
73 48
73 56
73 57
73 65
73 70
73 71
73 89
73 90
73 95
73 106
73 235
73 244
73 246
73 248
73 249
73 251
73 259
73 262
73 267
73 272
73 273
73 277
73 289
73 292
73 298
73 313
73 328
74 13
74 17
74 57
74 71
74 75
78 44
78 45
78 46
78 64
78 70
79 6
79 7
80 2
80 7
80 13
80 16
80 21
80 24
80 25
80 27
80 39
80 41
80 42
80 47
80 54
80 68
80 82
80 90
80 96
80 100
80 107
80 109
80 112
80 115
80 128
80 138
80 143
80 145
80 146
80 150
80 152
80 170
80 176
80 178
80 192
80 202
80 206
80 207
80 216
80 221
80 224
80 353
80 374
80 408
80 426
80 438
80 451
80 462
80 466
80 476
80 479
80 491
80 493
80 509
80 513
80 518
80 521
80 535
80 616
80 676
80 679
80 686
80 687
80 690
80 693
80 694
80 699
80 702
80 706
80 712
80 717
80 719
80 720
80 728
80 733
80 755
80 766
80 778
80 788
80 794
80 799
80 800
80 805
80 811
80 812
80 814
80 818
80 820
80 821
80 902
80 911
80 916
80 922
80 928
80 932
80 936
80 944
80 951
80 953
80 954
80 956
80 958
80 960
80 962
80 986
80 990
80 1001
80 1003
80 1004
80 1005
80 1006
80 1012
80 1021
80 1025
80 1026
80 1036
80 1037
80 1051
80 1052
80 1063
80 1075
80 1076
80 1085
80 1087
80 1088
80 1091
80 1093
80 1096
80 1102
80 1104
80 1110
80 1113
80 1115
83 4
83 16
83 17
83 20
83 21
83 30
83 31
83 32
83 38
83 43
83 44
83 48
83 51
83 54
83 56
83 59
83 63
83 66
83 68
83 72
83 82
83 83
84 8
85 6
85 9
85 10
85 15
85 51
85 52
85 53
85 54
85 60
86 6
86 9
86 18
86 19
87 3
87 5
87 49
87 51
87 59
87 62
87 64
87 66
87 71
87 73
87 74
88 2
89 2
89 3
89 6
89 33
89 34
89 35
90 5
90 14
90 15
90 16
90 17
90 26
90 36
90 37
90 41
90 59
90 63
91 25
92 43
92 47
93 2
93 10
93 14
95 43
95 44
95 69
95 70
95 71
95 72
95 80
95 81
95 90
95 99
95 105
95 121
95 132
95 138
95 140
95 151
96 5
96 25
96 28
96 33
96 35
97 3
97 15
97 16
97 17
98 3
99 30
99 31
99 35
99 37
99 39
99 45
99 49
99 54
99 57
99 61
99 66
99 69
99 80
99 83
99 102
100 49
