1 1
1 9
1 10
2 4
2 6
3 2
3 7
3 12
3 18
3 19
3 21
3 23
3 30
3 32
3 45
3 47
3 58
3 65
3 67
3 70
3 80
3 84
3 90
3 91
3 97
3 103
3 104
3 111
3 114
3 120
3 142
3 147
3 152
3 153
3 163
3 169
3 172
3 173
3 179
3 180
5 9
5 14
5 24
6 119
6 141
6 142
6 145
6 146
6 230
6 236
6 242
6 264
7 1
7 3
9 10
9 23
10 5
10 6
10 18
11 15
11 20
11 25
11 26
11 37
11 38
11 42
11 49
11 59
11 61
11 65
11 79
11 82
11 133
11 149
11 157
11 158
11 163
11 165
11 208
11 210
11 216
11 218
11 222
11 232
11 245
11 254
11 258
11 264
11 265
11 266
11 269
11 271
11 277
11 278
12 27
12 31
12 32
12 35
12 46
12 47
12 52
12 53
12 55
13 4
13 5
13 10
13 11
13 22
13 26
13 29
14 33
14 47
14 48
14 52
14 57
14 60
14 61
15 1
15 5
15 7
15 14
15 15
15 23
15 24
15 27
15 34
15 36
15 46
15 53
16 10
16 53
16 60
16 66
16 69
16 78
16 79
16 87
16 94
16 96
16 101
17 10
17 18
17 23
17 28
17 30
18 2
18 15
18 20
18 26
18 28
18 32
18 42
18 44
18 50
18 55
18 58
18 62
18 67
18 71
18 77
18 98
18 106
18 119
18 120
18 125
18 137
18 140
18 143
18 148
18 167
18 169
18 174
18 177
18 203
18 207
18 213
18 229
18 236
18 237
18 241
18 246
18 250
18 254
18 270
18 280
18 282
18 284
18 290
18 292
20 3
20 8
20 10
20 17
20 20
20 30
20 31
20 32
20 34
21 2
21 9
21 16
21 20
22 4
22 21
22 25
22 31
22 32
22 37
23 7
23 9
23 10
23 20
23 25
23 30
23 33
23 35
23 45
23 51
23 68
23 70
23 77
24 22
24 24
24 32
24 35
24 40
24 42
25 8
25 18
25 23
25 26
26 4
26 9
26 17
26 24
26 33
26 35
26 36
26 45
26 68
26 87
26 91
26 142
26 153
26 156
26 161
26 163
26 165
26 168
26 171
26 181
26 182
26 184
26 193
26 199
26 207
26 209
26 214
26 226
27 2
28 7
28 27
28 34
28 38
28 46
28 49
28 51
28 55
28 68
28 83
28 85
28 88
28 94
28 110
33 5
33 7
34 4
34 7
34 10
36 34
36 39
36 41
36 48
36 169
36 187
36 198
36 200
37 17
37 20
37 52
38 37
38 40
38 44
38 49
41 53
41 70
41 78
41 87
41 91
41 101
41 109
41 111
41 116
41 128
41 132
41 135
41 137
41 138
41 142
41 157
41 166
41 168
42 1
42 19
42 24
42 25
42 30
42 35
42 37
42 40
42 44
42 57
43 13
43 16
43 21
43 25
44 4
44 7
44 11
44 12
44 14
44 17
44 22
44 23
44 33
44 34
44 35
44 40
44 45
44 48
44 53
44 56
44 57
44 107
44 111
44 115
44 139
44 167
44 175
44 177
44 182
44 188
44 195
44 203
44 211
44 217
44 221
44 228
44 229
44 234
44 245
44 256
44 258
44 261
44 265
44 310
44 312
44 313
44 318
44 322
44 324
44 341
44 350
44 352
44 382
44 385
44 386
44 396
44 401
44 416
44 419
44 420
44 428
44 432
44 565
44 573
44 583
44 588
44 590
44 604
44 606
44 607
45 1
45 5
45 6
45 9
46 5
46 20
46 21
46 27
46 29
46 35
46 47
46 54
46 67
46 74
47 1
47 13
47 14
47 20
47 26
47 194
47 195
47 199
48 4
48 5
48 8
48 11
48 15
48 18
48 19
48 21
48 25
48 26
48 27
48 30
48 33
48 38
48 41
48 56
48 64
48 74
48 76
48 93
48 99
48 100
48 105
48 106
48 120
48 125
48 126
48 128
48 130
48 134
48 141
48 154
48 157
48 161
48 162
48 164
48 166
50 17
50 19
50 39
50 48
50 54
51 1
51 10
52 95
52 100
52 106
52 109
52 113
54 29
54 43
54 46
54 47
54 56
54 61
54 63
55 2
55 7
55 14
55 20
55 22
55 26
56 6
56 12
56 15
56 17
56 44
56 50
56 57
56 58
56 64
56 74
56 78
56 81
56 99
56 126
56 130
56 132
56 139
56 143
56 152
58 42
58 43
58 45
58 51
58 56
59 10
59 14
59 16
59 18
59 19
59 20
59 27
59 33
59 34
59 38
59 45
59 48
59 190
59 201
59 203
59 204
59 216
59 217
59 218
59 224
59 246
59 249
61 42
61 46
62 7
62 13
62 25
62 32
62 45
62 47
62 49
62 55
62 58
63 3
63 8
63 11
63 13
63 22
63 36
63 129
63 134
63 138
63 142
63 148
63 150
63 158
64 26
64 30
64 44
64 51
65 14
65 15
65 23
65 53
65 54
65 80
65 89
65 92
65 94
65 97
65 108
65 118
65 126
66 2
66 15
66 18
66 19
66 25
66 30
66 31
66 33
66 36
66 38
66 46
68 9
68 12
68 22
68 23
69 2
69 17
69 21
69 23
69 29
69 35
69 36
69 38
69 44
69 50
69 59
69 60
69 63
69 80
69 88
69 91
69 129
69 132
69 142
69 143
69 144
69 148
69 149
69 151
69 161
69 162
69 167
69 175
69 181
69 183
69 188
69 191
69 204
69 205
69 208
69 217
69 229
69 270
69 274
69 277
69 282
69 287
69 296
69 298
69 300
69 316
69 321
70 1
70 3
70 5
70 11
71 5
71 9
71 19
71 24
71 33
71 36
71 68
71 70
71 72
71 78
71 83
71 88
71 93
71 98
71 100
71 103
71 104
71 106
71 109
71 114
71 124
71 126
71 130
71 135
71 147
71 159
71 169
71 188
71 193
71 196
71 199
71 207
71 208
71 265
71 269
71 283
71 286
71 288
71 291
71 301
71 310
71 311
72 8
74 18
74 19
74 30
74 38
74 40
74 44
74 50
74 51
74 53
74 56
74 64
77 80
77 81
78 1
78 12
78 16
78 19
78 20
79 6
79 7
79 14
79 17
79 18
79 35
80 19
80 25
80 30
80 31
80 34
80 36
80 37
80 39
80 82
80 83
80 84
80 88
80 99
80 105
81 1
81 133
81 142
81 145
81 146
81 151
81 159
81 169
81 170
81 229
82 7
82 13
82 17
82 24
82 26
82 33
82 38
82 39
83 19
83 21
83 22
83 23
83 29
83 38
83 57
83 59
83 75
83 219
83 232
83 246
83 248
83 251
83 254
86 29
87 1
87 5
87 11
87 19
89 9
89 15
89 30
89 32
89 33
89 38
89 54
89 58
89 60
90 72
91 1
91 16
91 26
91 28
91 35
91 39
91 48
93 16
93 17
93 32
93 37
93 42
93 43
93 46
94 7
94 8
94 25
94 27
94 38
94 47
94 50
94 53
94 56
94 61
94 70
94 84
94 98
94 118
94 125
94 127
94 135
94 143
94 144
94 148
94 155
95 17
95 26
96 1
96 135
96 138
96 141
96 142
96 148
97 9
98 3
98 21
98 25
98 30
98 31
98 41
98 50
98 53
98 89
98 93
98 95
98 107
98 112
98 120
98 121
98 125
98 140
98 143
98 145
98 185
98 194
98 200
98 212
98 213
98 219
98 236
98 238
98 247
98 257
98 274
98 283
99 6
99 21
100 6
100 23
100 28
100 30
100 47
100 53
100 59
100 70
100 71
100 86
100 88
100 95
100 105
100 108
100 110
100 122
100 130
100 222
100 225
100 243
100 245
100 251
100 262
100 268
100 282
101 4
101 14
101 20
101 27
101 30
102 52
104 18
