1 3
1 6
1 7
1 26
1 28
1 32
1 33
1 40
1 44
1 49
1 51
1 53
1 63
1 74
1 79
1 86
1 94
1 96
1 98
1 102
1 103
2 37
2 39
2 41
2 48
2 53
2 59
2 60
2 71
2 74
2 75
2 79
2 80
2 88
3 1
3 10
3 18
3 20
3 25
4 1
5 13
5 14
5 29
5 32
5 39
5 44
5 48
5 51
6 1
7 4
7 6
7 24
7 27
7 29
7 30
7 32
7 43
7 45
7 48
8 5
8 21
8 23
8 31
8 70
8 81
8 82
8 85
8 86
8 89
8 92
8 103
8 106
8 111
8 113
8 118
8 120
8 131
8 134
9 16
9 21
9 28
10 1
10 3
10 28
10 63
10 65
11 1
11 7
11 12
11 28
11 31
11 33
11 41
11 61
11 71
11 75
11 77
11 81
11 85
11 90
11 91
11 106
12 2
12 3
12 5
12 7
12 15
12 16
12 79
12 90
12 96
12 100
12 102
12 105
12 106
12 111
12 114
12 125
12 130
12 132
12 142
12 143
12 155
12 161
12 163
12 167
12 171
12 174
12 212
12 218
12 220
12 224
13 6
13 7
13 8
13 15
13 17
13 38
13 39
13 40
13 46
13 48
13 59
13 63
13 65
13 67
13 72
14 3
15 3
15 6
15 21
15 26
15 29
15 58
15 68
15 74
15 84
15 101
15 106
16 14
16 18
16 21
17 3
17 4
17 9
17 22
17 23
17 28
17 31
17 32
17 66
17 71
17 78
18 6
18 12
18 24
18 26
18 31
19 4
19 5
19 16
19 17
19 25
19 34
19 37
19 40
19 64
19 77
19 89
19 94
19 96
19 109
19 110
19 125
19 128
19 130
19 135
19 153
19 156
19 175
19 178
19 208
19 210
19 211
19 212
19 214
19 215
19 241
20 18
20 27
20 31
20 34
20 35
20 37
20 40
20 42
20 49
20 51
20 54
20 55
20 56
20 62
21 1
21 3
22 10
23 9
23 14
23 18
23 19
23 26
23 29
23 31
24 14
24 18
24 35
24 41
24 42
24 44
24 62
24 81
24 107
24 108
24 109
24 117
24 123
24 124
26 58
26 63
26 76
26 82
26 86
26 87
26 91
26 225
26 228
26 233
26 237
26 239
26 264
26 277
26 289
26 293
26 295
26 305
26 307
26 313
26 315
26 327
26 336
27 1
27 8
27 14
27 24
27 25
27 27
27 28
27 35
27 38
27 41
27 43
27 49
27 55
27 58
29 75
29 85
29 91
29 104
29 110
29 114
29 118
29 122
29 133
30 20
30 24
30 25
30 27
30 29
30 157
30 161
30 164
30 168
31 12
31 13
31 17
31 24
31 25
31 36
31 44
31 50
31 61
31 64
31 67
31 70
31 80
31 87
32 4
32 8
32 11
32 17
32 18
32 20
33 1
33 3
33 6
33 9
33 10
33 14
33 16
33 17
33 18
33 36
33 48
33 55
33 56
33 58
33 73
33 79
33 93
33 107
33 121
33 125
33 131
33 147
36 11
36 12
36 25
36 48
36 50
36 54
36 57
36 60
36 63
36 74
36 76
36 80
36 83
36 95
36 98
36 102
36 103
37 9
37 19
37 28
37 36
37 49
37 52
37 55
38 3
38 4
38 10
38 12
38 18
38 20
38 23
38 25
38 30
38 36
38 42
38 44
38 46
38 48
38 51
38 54
38 64
39 12
39 13
39 14
39 16
39 17
39 25
39 27
39 29
39 57
39 73
39 74
39 75
39 88
39 89
39 93
39 97
39 102
39 103
39 131
39 230
39 236
39 241
39 244
39 253
39 254
39 262
39 265
39 267
39 271
39 275
39 276
39 277
39 287
39 317
39 329
39 332
39 333
39 410
39 411
39 418
39 419
40 1
40 13
40 24
40 29
40 37
40 43
40 46
40 55
40 62
40 65
42 2
42 5
42 6
42 20
42 21
42 25
42 28
42 58
43 76
43 77
43 81
43 87
43 92
43 94
43 98
43 100
43 107
44 106
44 118
44 121
44 127
44 132
44 147
44 175
44 177
44 195
44 196
44 198
44 199
44 203
44 204
44 205
45 97
45 102
45 107
45 109
45 110
49 8
51 3
51 15
51 19
51 25
51 27
51 35
51 46
51 48
51 72
51 75
51 90
51 92
51 96
51 112
51 123
51 131
51 132
51 138
51 141
51 142
51 153
51 157
51 160
51 168
51 181
51 190
52 21
52 22
53 32
53 40
53 45
53 54
53 61
53 64
53 66
54 2
54 5
54 8
54 9
54 22
54 48
54 51
54 53
54 62
54 80
54 82
54 95
54 101
54 102
54 103
54 109
54 114
54 118
54 121
54 131
55 6
55 13
55 14
55 16
55 18
55 20
55 23
55 24
55 28
55 39
55 42
55 44
55 45
55 53
55 55
56 5
56 6
56 7
56 12
56 22
56 28
56 37
56 38
56 53
56 62
56 77
56 145
56 157
56 167
56 171
56 179
56 180
56 183
56 314
56 322
56 332
56 335
56 340
56 342
56 352
56 355
56 361
56 365
56 381
56 385
56 386
56 388
56 392
56 393
56 396
56 400
56 401
56 402
56 407
56 408
56 416
56 421
56 517
56 520
56 522
57 1
57 7
57 16
57 17
57 21
58 7
58 18
58 19
58 30
58 36
58 40
58 48
58 54
58 55
58 62
58 63
59 3
59 10
60 6
60 14
60 18
60 20
60 21
63 14
63 20
67 18
67 19
67 21
67 24
67 36
67 37
67 41
67 47
67 53
67 56
67 69
67 70
67 86
67 101
67 106
67 107
67 108
67 113
67 119
67 120
67 128
67 129
67 133
67 134
67 135
67 142
67 143
67 144
67 146
67 147
68 2
68 5
68 11
68 14
68 27
71 18
72 8
72 19
73 10
73 18
73 25
73 37
73 42
73 43
73 45
73 58
73 59
73 61
73 64
73 82
73 85
73 87
73 90
74 12
74 18
74 23
74 26
74 32
74 33
74 38
74 45
74 51
74 53
74 62
74 78
74 79
76 114
76 115
77 7
77 8
77 11
77 15
77 20
77 27
77 33
77 37
77 38
77 50
77 57
77 58
77 62
77 66
77 67
77 74
77 87
77 90
77 97
79 2
79 4
79 12
79 24
79 27
80 4
80 6
80 8
80 36
80 46
80 54
80 57
80 60
80 61
80 63
80 65
80 66
80 71
83 45
83 59
83 63
83 65
83 66
83 71
83 72
83 77
83 85
83 114
83 122
83 124
83 126
83 127
83 129
83 133
83 136
83 137
83 145
83 146
83 149
83 153
83 156
83 165
83 168
83 182
83 183
83 184
83 187
83 189
83 191
83 192
83 198
83 204
83 215
83 216
84 29
85 75
85 79
85 83
85 86
85 90
85 103
85 104
85 105
85 110
85 129
85 131
85 133
85 135
85 140
85 160
85 209
85 210
85 216
85 220
85 228
85 231
85 236
85 237
85 242
85 244
85 247
85 257
85 267
85 273
85 274
85 278
85 282
85 285
85 297
85 314
85 318
85 319
85 325
86 3
86 7
87 11
87 14
88 97
88 112
88 113
88 116
88 120
88 123
88 129
88 130
88 132
88 134
89 13
89 14
89 21
89 84
89 86
89 91
89 101
89 102
89 117
89 132
89 138
89 145
89 149
89 279
89 282
89 284
89 290
89 292
89 298
89 309
89 310
89 311
89 314
89 329
89 332
89 341
89 359
89 366
89 395
89 399
89 403
89 406
89 408
89 409
89 412
89 431
89 435
89 436
89 447
89 450
89 452
92 41
92 43
92 45
92 49
92 50
92 62
93 2
94 63
94 66
95 8
96 78
96 79
96 80
96 84
96 96
96 103
96 114
96 115
96 117
96 119
97 7
97 20
97 45
97 49
97 52
97 53
97 63
97 66
97 68
97 78
97 102
97 104
97 106
97 111
97 113
99 4
99 13
99 17
99 33
100 6
100 15
100 17
100 19
100 20
100 27
100 34
100 47
100 48
101 5
101 11
101 13
101 17
101 26
101 30
101 31
101 37
101 50
101 51
101 54
101 57
101 67
101 68
102 8
102 12
102 22
102 29
102 40
102 62
102 68
102 73
102 76
102 95
102 97
102 98
102 99
102 101
102 105
102 109
105 72
105 74
105 83
105 96
105 105
105 106
105 108
105 115
105 119
105 120
105 126
105 131
105 133
105 134
105 136
105 140
105 143
105 148
105 149
105 161
105 162
105 165
105 172
105 175
106 3
106 5
106 9
106 27
106 28
107 16
107 19
108 38
108 39
108 40
109 13
109 20
109 23
109 27
110 42
110 45
110 61
110 65
110 68
110 69
110 71
110 74
110 79
110 92
110 95
