1 9
2 4
2 8
2 18
2 20
2 27
2 31
2 32
2 36
2 40
2 54
2 56
2 65
2 71
3 53
3 59
3 62
3 67
3 71
3 74
3 79
3 91
3 94
3 108
3 120
3 124
3 126
3 129
4 5
4 17
4 20
4 29
4 30
4 34
4 36
4 37
4 47
4 56
4 60
5 2
5 4
5 5
5 7
5 15
5 16
5 22
5 23
5 29
5 30
5 31
5 39
5 49
5 54
5 58
6 71
6 75
6 84
6 94
6 101
6 144
6 145
6 154
6 165
6 169
6 193
6 202
6 203
6 210
6 220
6 225
6 227
6 229
6 236
7 13
7 16
7 20
7 21
7 30
7 45
7 46
7 56
7 60
7 67
7 68
7 82
7 84
8 27
8 31
8 32
8 33
8 34
11 59
11 62
11 69
11 71
11 75
11 84
11 87
11 93
12 2
12 8
12 15
12 19
12 40
12 41
12 44
12 49
12 50
12 57
12 60
12 61
12 64
12 69
12 79
12 88
12 92
12 96
13 74
13 85
13 89
13 93
13 101
13 102
13 107
13 108
13 111
13 114
13 116
13 252
13 253
13 259
13 261
13 263
13 266
13 268
13 269
13 271
13 281
13 282
13 402
13 407
13 422
13 423
13 427
13 431
13 432
13 435
13 438
13 440
13 441
13 443
13 448
13 453
13 454
13 459
13 464
13 467
13 476
13 477
14 3
14 11
14 13
14 15
14 22
14 24
14 26
14 33
14 35
14 41
14 44
14 52
14 108
15 1
15 4
15 6
15 13
15 14
15 16
15 18
15 22
15 23
15 25
15 30
16 90
16 91
16 96
16 97
16 102
16 153
16 170
16 171
17 9
17 10
17 12
17 13
17 17
17 18
17 24
17 29
17 40
17 41
17 42
17 45
17 55
17 58
17 59
17 83
17 93
17 99
17 104
17 105
17 106
17 126
17 129
17 140
17 148
17 157
17 166
17 168
17 170
17 171
17 176
17 180
17 186
17 246
17 254
18 31
18 37
18 42
18 47
18 48
18 56
18 62
18 67
18 86
18 88
19 1
19 7
19 9
19 10
19 24
20 6
20 7
20 11
20 18
20 68
20 78
20 82
20 86
20 87
20 105
20 106
20 107
20 108
20 113
20 114
20 116
20 139
20 150
20 217
21 3
24 8
24 18
24 21
26 32
26 182
26 183
26 185
27 70
30 8
30 14
30 22
30 35
30 43
30 47
30 50
30 51
30 57
30 162
30 163
32 19
32 27
32 41
33 81
33 97
33 98
34 5
35 2
35 13
35 21
35 22
35 24
35 35
36 4
36 9
36 11
37 7
38 78
38 79
38 82
38 86
38 92
38 98
38 113
38 135
39 4
39 14
39 17
39 19
39 21
39 26
39 29
39 32
40 25
40 31
40 37
40 40
40 46
40 59
40 67
40 71
40 81
40 82
40 85
40 86
40 93
40 94
40 108
40 115
40 125
40 133
42 3
42 7
42 11
42 14
42 21
43 29
43 34
43 37
43 38
43 41
43 46
43 50
43 64
43 67
43 69
43 76
43 86
43 94
43 97
43 115
43 121
43 122
43 124
44 8
44 9
44 16
44 17
44 18
44 21
44 22
44 33
44 37
44 38
44 41
44 51
44 56
44 65
44 68
44 69
44 76
44 88
44 89
44 91
44 156
44 168
44 177
44 182
44 185
44 286
44 294
44 295
44 298
44 301
45 1
45 5
45 10
45 11
45 22
45 23
45 35
45 36
45 43
46 2
46 9
46 23
46 26
46 160
46 178
46 181
46 182
46 197
46 203
46 208
46 213
46 221
46 222
46 228
46 230
46 239
46 240
46 242
46 251
46 253
46 255
47 16
47 23
47 27
47 30
47 41
47 48
47 53
47 57
47 60
47 65
47 68
47 70
47 71
47 81
47 85
47 107
47 164
47 165
47 169
48 7
48 10
49 6
49 13
49 14
50 3
50 4
50 9
50 25
50 39
50 47
50 51
50 53
50 57
50 58
50 59
50 61
51 18
51 31
51 38
52 17
52 24
52 25
52 57
52 58
52 64
52 65
52 87
52 91
52 99
52 103
52 113
53 4
53 23
53 24
53 26
53 31
53 108
53 110
53 113
53 118
53 125
53 139
53 147
53 152
53 155
54 7
54 12
54 32
54 33
54 38
55 2
55 7
55 13
55 20
55 23
55 34
56 6
56 10
56 16
56 17
57 3
57 4
57 12
58 13
58 20
58 58
58 62
58 63
58 69
58 70
58 72
58 76
58 79
58 85
58 111
58 115
58 120
58 122
59 8
59 11
59 16
59 26
59 36
59 45
59 48
59 59
59 63
59 68
59 72
59 77
59 79
59 83
59 90
59 92
59 105
59 114
59 116
59 131
59 137
59 140
59 151
60 126
60 138
60 142
60 143
60 151
60 153
60 157
61 76
61 81
61 91
61 92
61 112
61 115
61 116
61 117
64 1
65 1
65 2
65 4
65 8
65 9
65 13
65 23
65 26
65 73
65 74
65 75
65 76
65 79
65 82
65 85
65 103
65 104
65 105
65 119
66 1
66 7
66 11
66 18
66 19
66 20
66 27
66 37
66 39
66 40
66 42
66 53
66 56
66 64
66 65
66 69
66 75
66 80
66 85
66 97
66 115
66 126
66 129
66 154
66 157
66 162
66 176
66 195
66 200
66 204
66 206
66 214
66 217
66 231
66 236
66 246
66 248
67 3
67 13
67 18
67 27
67 39
67 42
67 44
67 46
67 47
67 74
67 75
67 76
68 13
68 20
68 21
68 25
69 15
69 20
69 22
69 27
69 33
71 27
71 35
73 30
73 31
73 38
73 39
73 41
73 56
73 57
73 75
73 76
73 79
73 91
73 94
73 96
74 3
74 6
78 20
78 28
78 37
78 44
78 46
78 49
78 55
78 61
78 66
78 69
78 84
78 88
78 89
80 126
80 131
80 137
80 140
80 148
80 155
80 156
80 174
80 176
80 183
80 185
80 194
80 204
80 205
80 212
80 218
80 222
80 226
80 228
80 242
82 6
82 20
82 40
82 52
82 54
82 62
82 63
82 70
82 79
82 81
82 85
82 89
82 98
82 104
82 106
82 116
82 123
82 125
82 126
82 128
82 130
82 133
83 9
83 95
83 97
83 103
83 111
83 113
83 120
83 121
83 130
83 131
83 141
84 11
84 13
84 21
84 25
84 33
84 41
84 47
84 56
84 57
84 74
84 84
84 85
84 89
84 94
84 102
84 109
84 115
86 3
86 4
86 6
87 1
87 2
87 13
87 20
87 26
87 31
87 32
87 45
87 47
87 57
87 60
87 61
87 65
88 77
88 79
88 91
88 93
88 99
88 101
88 107
88 111
88 112
88 115
88 123
88 126
88 134
88 135
88 140
88 146
88 151
88 152
88 159
88 171
88 174
88 177
88 178
88 181
88 191
88 200
88 204
88 223
88 229
88 240
88 241
88 256
88 265
88 274
88 277
88 287
88 290
88 296
88 299
88 305
88 310
88 317
88 318
88 325
88 326
88 327
88 339
89 2
89 12
89 15
89 28
89 29
89 31
89 54
90 6
90 15
90 29
90 31
90 51
94 27
94 30
94 43
94 46
94 58
94 59
94 64
94 69
94 71
94 76
94 108
94 110
94 118
94 122
94 125
94 131
95 44
95 46
95 51
95 52
95 53
95 57
95 68
95 69
95 72
95 75
95 84
95 85
95 89
95 98
95 102
95 103
95 105
97 19
97 25
97 36
98 7
98 9
98 10
98 18
98 22
98 24
98 31
98 36
99 4
99 8
99 12
99 18
99 26
99 28
99 30
99 31
100 95
100 98
100 108
100 115
100 116
100 126
102 9
102 11
102 13
103 3
103 7
103 9
103 17
104 23
104 28
104 32
104 49
104 53
106 69
106 76
106 77
106 81
106 84
106 87
106 88
106 89
106 149
106 151
106 153
106 155
106 158
106 165
106 170
106 172
106 175
106 204
