1 1
1 5
1 6
1 24
1 29
1 32
1 35
3 31
3 32
3 35
3 41
3 47
3 49
4 1
4 6
4 7
4 25
4 37
4 43
4 94
5 12
5 26
5 32
5 35
5 38
5 43
5 45
5 46
5 47
5 64
5 69
5 84
5 100
5 104
5 110
5 112
5 116
5 125
5 132
6 2
6 8
6 14
6 15
6 17
6 24
6 39
6 41
6 42
6 44
6 57
6 58
6 69
6 75
6 80
6 86
6 90
6 100
6 101
6 111
6 125
6 126
6 203
6 213
6 216
6 220
6 222
6 224
6 229
6 231
7 8
7 9
7 12
7 16
7 25
7 38
7 41
7 142
7 144
7 151
7 152
7 160
7 163
7 183
7 195
7 206
7 208
7 210
7 211
7 222
8 5
8 18
8 22
8 28
9 110
9 116
9 121
9 124
9 125
9 128
9 144
9 148
9 155
9 156
9 158
9 160
9 173
9 175
9 176
10 132
10 134
10 137
10 142
10 145
10 156
10 158
10 159
10 163
10 167
10 170
10 175
10 180
10 188
13 22
13 25
13 26
13 28
13 30
13 46
13 69
13 79
13 82
13 83
13 85
13 91
13 92
14 107
14 108
14 110
14 112
14 116
14 123
14 134
14 142
14 143
14 145
14 147
14 160
14 165
14 179
14 181
14 186
14 188
14 213
14 237
14 244
14 250
15 98
15 101
15 115
15 128
15 133
15 137
15 144
15 146
15 148
15 152
15 154
15 156
15 159
15 160
15 166
15 177
15 178
15 186
16 12
16 14
16 15
16 17
16 22
16 25
16 30
16 51
16 55
16 65
16 69
17 9
17 10
17 15
17 21
17 24
18 9
18 11
18 14
18 16
18 19
18 101
24 6
24 11
24 13
24 16
24 22
24 32
24 39
25 13
25 15
25 27
25 30
25 37
25 39
25 40
25 44
25 45
25 49
25 51
25 52
25 54
25 69
25 73
25 74
25 80
25 81
25 82
25 98
26 40
26 44
26 57
26 62
26 72
26 85
26 90
28 58
28 59
28 66
28 68
28 74
28 83
28 89
28 95
28 101
28 102
28 116
28 128
28 135
28 140
28 146
28 234
28 237
28 238
28 239
28 245
28 250
28 297
28 299
28 308
28 310
28 321
28 346
28 347
28 352
28 356
28 360
29 11
29 21
29 151
29 152
29 154
29 155
29 164
30 1
30 14
30 23
30 28
30 33
30 46
30 68
30 70
30 71
34 63
35 1
35 5
35 7
35 8
35 13
35 17
35 19
35 22
35 25
35 26
35 41
35 55
35 69
35 88
36 19
36 27
36 34
36 36
36 37
36 49
36 60
36 72
36 83
36 97
36 110
36 111
36 113
36 114
36 122
36 125
36 126
36 136
36 140
36 142
36 143
36 152
37 5
37 7
37 11
37 12
37 13
37 68
38 4
38 135
38 136
38 139
38 143
38 147
38 166
38 168
38 174
38 176
38 178
38 179
38 181
38 183
38 211
38 214
38 215
38 244
38 246
39 9
39 11
39 14
40 7
40 8
40 15
40 78
40 79
40 86
40 111
40 116
40 119
40 122
40 127
40 129
40 135
40 157
40 158
40 172
40 177
40 182
40 183
40 186
40 187
40 198
40 202
40 206
40 224
40 227
40 231
40 234
40 248
40 266
40 271
40 278
40 286
40 300
40 318
40 322
40 323
40 324
40 331
40 332
40 335
40 336
40 340
40 351
40 361
40 362
41 34
41 38
41 40
41 228
41 229
41 341
41 342
41 343
41 350
41 354
41 355
41 365
41 371
41 376
41 443
41 453
41 456
41 458
41 467
41 474
41 479
41 481
41 485
41 494
42 38
42 44
44 21
44 28
44 31
44 33
44 35
44 38
44 45
44 49
44 58
44 65
45 108
45 120
45 122
45 130
45 131
45 134
45 137
45 142
45 145
45 148
45 151
45 152
46 27
46 28
46 137
46 155
46 162
46 168
46 170
46 175
46 182
46 189
46 190
46 200
46 203
46 205
46 206
46 209
46 222
46 225
46 227
47 17
47 25
47 28
47 30
47 33
47 38
47 82
47 86
47 93
47 98
47 99
47 103
48 3
48 27
48 36
49 13
49 16
49 28
49 44
49 45
49 51
51 92
51 93
51 103
55 19
55 22
55 23
55 26
55 32
55 37
55 44
55 56
55 65
55 67
55 77
56 13
56 14
57 9
57 35
57 36
57 38
57 43
57 82
57 90
57 101
57 117
57 118
57 121
57 189
58 4
58 10
58 21
58 25
58 28
58 30
58 39
58 41
58 43
58 49
59 1
59 5
59 8
59 10
59 12
60 4
60 12
61 52
61 56
62 6
62 16
62 30
64 71
64 73
64 83
64 89
66 7
69 13
69 19
69 29
69 35
70 1
70 14
70 19
70 20
70 23
70 24
70 40
70 42
70 54
70 55
70 58
70 60
70 61
71 3
71 6
71 12
71 17
71 20
71 23
71 25
71 32
71 33
71 36
71 54
71 56
71 57
71 58
71 60
71 66
71 82
71 88
71 91
71 93
71 112
71 123
71 140
71 150
71 151
71 154
71 155
72 73
73 4
73 43
73 44
73 48
73 50
73 51
73 56
73 187
73 200
74 5
74 7
74 9
74 10
76 2
77 13
77 19
77 21
77 30
77 31
77 33
77 52
77 64
77 67
77 68
77 92
77 95
77 97
78 42
78 45
78 47
81 21
82 110
82 114
82 116
82 118
82 119
83 13
84 34
84 36
84 37
84 126
84 130
84 134
85 3
85 16
86 8
88 22
88 26
88 31
88 35
89 15
89 26
89 27
89 30
89 31
89 38
89 45
89 47
89 48
89 50
89 51
89 54
89 55
89 65
89 69
89 74
89 76
89 80
89 86
89 91
89 102
89 115
89 117
89 133
89 134
89 142
89 163
89 169
89 170
89 174
89 177
90 1
90 6
91 3
91 13
91 15
91 16
93 66
93 74
93 88
93 91
93 102
93 104
93 120
94 8
94 10
94 11
94 47
94 51
94 54
94 57
94 58
94 59
94 65
94 69
94 74
94 109
94 110
94 114
94 129
94 134
94 140
94 144
95 14
95 16
96 8
96 20
96 25
96 34
96 35
96 39
96 46
96 49
96 73
96 74
96 86
96 91
96 103
96 104
96 242
96 246
96 253
96 254
97 1
97 5
97 11
97 12
97 14
97 28
97 30
97 33
97 36
97 38
97 44
97 47
97 48
97 49
97 54
97 55
97 56
97 58
97 59
97 61
97 63
97 65
97 66
97 68
97 72
97 80
97 83
97 89
97 107
97 117
97 129
97 143
97 153
98 26
98 37
98 49
98 54
98 56
98 60
98 61
98 68
98 80
98 84
98 85
98 93
98 96
98 97
98 98
98 107
98 109
98 127
98 128
98 129
98 131
98 148
98 149
