1 12
4 1
4 2
4 8
5 8
5 15
5 18
5 26
5 27
5 29
6 3
6 5
6 9
6 13
6 19
6 28
6 43
6 47
6 51
6 58
6 64
6 69
6 71
6 77
6 78
6 85
6 91
6 97
6 99
9 5
9 134
9 136
9 144
9 145
9 148
10 1
10 5
10 7
10 12
11 6
11 17
11 20
12 7
12 9
12 18
12 19
12 21
12 59
12 69
12 71
12 73
12 75
12 78
12 79
12 82
12 150
12 161
12 166
12 168
13 53
13 54
13 56
13 63
13 70
13 104
13 106
13 107
13 119
13 138
13 143
13 149
13 155
13 156
13 159
13 172
13 173
13 177
13 186
13 189
13 195
13 203
13 206
13 208
13 219
13 226
13 240
13 244
13 260
13 264
14 5
14 10
15 1
15 5
15 6
15 10
15 12
18 11
18 25
18 30
18 31
18 34
18 40
18 49
18 52
18 53
19 12
19 26
19 27
19 45
19 46
19 48
19 50
19 52
19 59
19 68
19 73
19 75
20 3
20 16
20 24
20 27
20 159
20 162
20 169
20 172
20 178
20 181
20 184
20 190
20 199
20 204
20 207
20 215
20 217
20 225
20 237
21 1
21 2
21 5
21 14
21 15
21 20
21 24
21 27
21 33
21 39
23 130
23 142
23 149
23 157
23 161
23 164
23 191
25 5
25 14
25 17
25 18
26 21
26 24
26 26
26 32
26 33
26 34
26 36
27 2
27 12
27 17
27 23
27 26
27 30
28 6
28 15
28 19
28 35
28 57
28 66
28 68
28 73
28 74
28 81
28 83
28 104
28 105
28 107
28 108
28 118
28 126
28 162
28 185
28 196
28 201
28 209
28 214
28 216
28 224
29 11
29 21
29 23
29 25
29 121
29 122
29 150
29 156
29 157
30 20
30 24
30 33
30 36
30 38
31 11
31 12
32 2
32 12
32 14
32 20
32 22
32 34
32 44
32 46
32 55
32 61
32 71
32 74
32 78
32 81
33 9
33 19
33 25
33 26
33 35
33 66
33 71
33 76
33 84
33 91
33 105
33 108
33 112
33 113
33 116
33 118
33 123
33 131
33 142
33 147
33 151
33 154
33 162
33 163
33 164
33 170
33 174
33 175
33 179
33 184
34 1
34 3
34 4
34 21
34 22
34 24
34 42
34 47
34 59
34 60
34 64
34 65
34 74
34 77
34 78
34 79
34 84
34 87
34 90
34 109
34 113
34 125
34 127
34 133
34 138
34 142
34 143
36 49
36 51
37 1
37 130
37 146
37 153
37 161
37 166
37 168
37 175
38 2
38 8
38 31
38 36
38 37
42 45
42 46
43 1
43 2
44 6
44 7
44 27
44 30
44 33
44 36
44 44
45 3
46 3
46 6
46 9
46 11
46 18
46 21
46 33
46 35
46 40
46 46
46 62
46 63
46 65
46 73
46 95
46 103
46 105
46 108
46 228
46 237
46 239
46 244
46 245
46 253
46 261
46 269
46 277
46 279
46 285
46 294
46 301
46 302
46 435
46 440
47 8
47 9
47 19
47 27
47 32
47 34
47 38
47 40
47 46
47 47
47 48
47 58
47 61
47 65
47 72
47 83
47 85
47 91
47 95
47 111
47 119
49 32
49 36
49 39
49 41
49 45
49 48
49 51
49 56
49 57
50 10
50 14
50 20
50 22
50 28
50 40
50 46
50 49
50 60
50 64
50 70
50 77
50 79
50 94
50 107
50 115
50 122
50 145
50 147
50 155
50 166
50 172
50 184
50 185
50 187
50 228
50 232
52 28
52 29
52 36
52 37
52 44
52 45
52 48
52 56
52 62
52 67
52 72
52 73
53 2
53 16
53 26
53 31
53 41
53 44
53 45
53 48
53 50
53 55
53 68
53 81
53 102
53 104
53 107
53 110
53 111
55 57
55 94
55 100
55 101
55 105
55 124
55 175
56 1
56 6
56 7
56 10
56 12
56 14
56 25
56 28
56 39
56 50
56 52
56 56
56 57
56 59
56 61
56 64
56 65
56 66
56 103
57 2
57 5
57 24
57 55
58 6
58 13
58 19
59 92
59 94
59 98
59 105
60 1
60 11
60 15
60 16
60 35
62 80
62 83
62 85
62 87
62 90
62 93
62 95
62 99
63 1
63 10
63 11
63 21
63 146
63 148
63 152
63 156
63 195
63 196
63 224
63 225
63 229
63 233
63 237
63 241
63 244
63 245
63 252
63 259
63 260
63 262
63 269
63 270
63 276
63 281
63 282
64 12
64 18
64 24
64 25
64 48
64 60
64 64
64 65
64 77
64 82
64 83
64 94
64 95
64 98
64 108
64 114
66 52
66 60
66 63
66 66
66 69
66 71
66 73
66 77
66 78
66 80
66 89
66 91
67 1
67 2
67 5
67 9
67 14
67 15
67 17
67 21
67 24
67 44
67 45
67 55
67 57
70 41
70 44
70 55
70 61
70 66
71 9
71 17
71 23
71 25
71 30
71 37
72 4
72 8
72 10
72 18
72 28
72 31
72 32
72 40
72 49
72 51
72 60
72 73
72 75
72 76
72 78
72 89
73 5
73 10
75 1
75 8
75 10
76 2
76 6
76 8
76 10
76 11
76 13
76 18
76 20
77 7
77 12
77 13
77 20
77 36
77 53
77 60
77 61
77 67
77 68
77 75
78 1
78 5
78 6
78 21
78 34
78 42
78 43
78 46
78 49
78 53
78 55
78 62
78 67
78 79
78 92
78 107
78 115
78 166
78 174
78 175
78 184
78 187
78 190
78 195
78 200
78 201
78 203
78 219
78 226
78 228
78 244
78 251
78 253
78 284
78 287
78 299
78 305
78 322
78 324
78 325
78 339
79 116
79 119
79 121
79 122
79 135
79 136
79 143
80 7
80 14
80 25
80 27
80 41
82 72
83 9
83 12
85 2
85 5
85 8
85 9
85 23
85 28
85 31
85 32
85 40
85 41
85 49
85 50
85 53
85 57
85 61
85 65
85 67
85 69
86 2
86 8
86 18
86 20
86 25
86 40
86 58
86 61
86 69
88 6
88 7
89 33
89 35
89 44
89 45
89 50
89 53
89 57
89 68
90 2
90 18
90 24
90 27
90 34
90 38
90 47
90 59
90 60
90 67
90 68
91 11
91 12
91 17
91 21
91 22
91 38
91 53
91 54
91 59
91 105
91 116
91 125
91 130
91 131
91 151
91 212
91 213
91 215
91 217
91 262
91 264
91 270
91 286
91 289
91 310
91 315
91 340
91 342
91 351
91 365
91 367
92 15
92 16
92 33
92 40
92 54
92 65
92 67
92 71
92 74
92 77
92 82
92 85
92 120
92 121
94 54
94 69
94 73
97 9
97 10
97 12
97 29
97 31
97 34
97 36
97 41
97 48
97 54
97 63
97 76
97 78
97 84
97 95
97 100
97 104
97 114
97 120
97 125
97 134
99 1
100 7
100 12
100 16
100 20
100 29
100 32
100 34
100 36
100 38
101 21
101 32
103 30
104 3
104 6
104 22
104 26
104 36
104 45
104 72
104 76
104 79
104 83
104 87
104 88
104 89
104 95
104 121
104 123
104 128
104 133
104 138
104 145
104 155
104 157
104 159
104 160
104 175
104 181
104 182
104 186
104 187
105 5
105 24
105 35
106 5
106 6
106 9
107 67
107 84
107 117
107 126
107 128
107 132
107 134
107 143
107 144
107 145
107 149
107 151
107 155
107 162
107 170
107 180
107 181
107 183
107 191
107 209
107 210
107 211
107 218
107 221
107 223
107 227
107 234
107 245
107 273
107 274
107 300
107 313
107 316
107 317
107 332
107 335
108 8
108 9
111 56
111 59
111 69
111 74
111 77
111 83
111 98
111 103
111 110
111 124
111 125
111 140
111 146
111 149
112 5
112 26
112 41
112 57
112 62
112 65
112 69
112 70
112 78
112 80
112 93
112 98
113 13
113 14
113 23
113 35
113 37
113 41
113 64
113 75
113 85
113 88
113 97
113 104
113 110
113 113
113 119
113 120
113 158
