3 13
3 19
5 36
5 38
5 40
5 48
5 49
6 3
6 6
7 5
7 12
7 16
7 21
7 24
7 154
7 163
7 169
7 170
7 176
13 36
13 40
13 49
13 51
13 62
13 64
13 65
13 73
14 6
14 11
14 18
14 25
14 32
14 34
14 65
16 6
16 14
16 17
16 27
16 29
16 32
16 39
16 43
16 45
16 47
16 48
17 5
17 15
17 17
17 27
17 29
17 30
17 42
17 44
17 117
18 26
18 31
18 33
18 41
18 47
18 59
18 60
18 94
18 110
18 136
18 170
18 175
18 180
18 181
18 185
18 187
18 188
18 190
18 191
18 199
18 200
20 40
20 47
20 52
20 62
20 66
20 76
20 84
20 91
20 92
20 108
20 110
20 112
20 120
20 131
21 4
21 7
23 33
23 62
23 90
23 97
23 98
23 99
23 106
23 115
23 126
23 142
24 1
24 36
26 3
26 9
26 12
26 13
26 19
26 24
26 26
26 28
26 31
26 34
26 36
26 40
26 43
26 58
26 60
26 62
26 65
26 73
26 75
26 82
26 86
26 87
26 89
26 90
26 97
26 109
26 151
26 161
26 162
26 171
26 194
26 196
26 202
26 203
26 209
26 220
26 221
26 238
26 239
28 10
28 14
28 15
29 12
29 17
29 21
29 24
29 35
29 45
29 47
29 58
29 64
29 79
29 84
29 86
29 87
29 102
29 109
29 114
29 120
29 121
29 123
29 126
29 132
29 137
29 144
29 155
30 24
30 29
30 30
30 35
31 1
31 2
31 6
31 9
31 27
31 36
32 40
32 44
32 59
32 61
32 66
32 68
32 90
32 91
32 102
32 103
32 105
32 109
32 110
32 112
32 113
32 114
32 115
32 117
32 118
32 252
32 257
32 262
32 272
32 275
32 277
32 279
32 285
32 291
32 297
32 350
32 353
32 354
32 361
32 363
32 365
32 366
32 370
32 374
32 375
32 390
32 410
32 419
32 432
32 436
32 441
32 443
32 452
32 464
32 478
32 480
32 481
32 484
32 487
32 494
32 515
33 2
33 6
33 10
33 13
33 16
33 19
33 34
33 35
33 41
33 46
33 49
33 63
33 87
34 4
34 6
35 3
35 29
35 35
35 42
35 45
36 135
36 140
36 145
36 154
36 155
36 161
36 179
36 194
36 197
37 13
37 29
37 35
37 53
37 54
37 55
37 65
38 20
38 21
39 6
39 19
39 25
39 31
41 71
41 76
41 79
41 83
41 86
41 106
41 119
42 104
42 113
42 124
42 130
43 4
43 7
43 10
43 16
43 21
43 23
43 28
43 33
43 35
43 37
43 38
44 10
44 13
44 20
44 21
44 22
44 31
44 82
44 87
44 93
44 101
44 103
44 112
45 2
45 10
45 15
45 19
45 31
45 40
45 42
45 44
45 49
45 51
45 55
47 52
47 59
47 61
47 62
47 70
47 134
47 142
47 148
47 149
49 5
49 6
50 2
50 4
50 8
50 12
50 32
50 40
50 44
50 49
50 51
50 68
50 92
50 108
50 112
50 118
50 123
50 133
50 134
50 136
50 139
50 141
50 148
50 150
50 151
50 156
50 158
50 173
50 178
50 181
50 184
50 200
50 204
50 212
51 3
51 19
51 29
51 33
51 63
51 64
52 3
53 6
53 7
53 19
54 8
54 10
54 11
54 15
54 18
54 20
54 33
54 56
54 72
54 80
54 85
54 146
54 163
54 170
54 171
54 174
55 2
55 5
55 6
55 11
55 18
55 29
55 34
55 41
55 44
57 6
57 21
57 23
57 33
57 38
57 44
57 46
57 49
57 53
57 58
57 59
57 65
57 69
57 77
57 83
57 109
57 120
57 146
57 152
57 153
57 158
57 160
57 163
57 169
57 187
57 208
57 209
57 210
58 9
59 5
59 8
59 14
59 21
59 31
59 43
59 50
59 52
59 60
59 75
59 91
60 17
60 27
60 37
60 40
60 47
60 54
60 56
60 57
60 59
61 52
61 53
62 13
62 22
62 23
62 26
62 28
62 30
62 35
62 40
63 3
63 4
63 5
63 14
63 19
63 29
63 32
63 33
63 37
63 46
64 11
64 13
64 31
66 58
66 62
66 172
66 182
66 184
66 186
67 1
67 4
67 7
68 37
68 40
68 44
68 45
68 47
68 133
68 138
68 160
68 172
68 173
68 175
68 185
68 187
68 190
68 197
72 7
72 18
72 20
72 25
72 32
72 35
72 39
72 41
72 43
72 46
72 55
72 61
72 62
72 63
72 65
72 70
73 24
73 28
74 3
74 5
74 9
74 10
74 12
74 16
77 12
78 49
78 52
78 62
78 63
78 89
79 3
79 9
79 19
79 22
79 28
79 32
79 35
79 40
79 41
79 77
79 98
79 100
79 102
79 150
79 166
79 167
79 169
80 1
80 5
80 12
80 15
80 23
80 25
80 33
80 42
80 54
80 60
80 61
80 64
80 65
80 67
80 70
80 73
80 74
81 3
81 16
81 21
81 34
81 36
81 37
81 54
81 57
81 73
81 75
81 81
81 89
81 96
81 97
81 98
81 102
81 103
81 111
81 116
81 125
83 38
83 45
83 51
83 53
83 54
83 56
83 61
83 64
84 10
84 27
84 32
87 31
87 32
87 38
87 42
87 51
87 106
88 15
88 21
88 23
88 32
88 35
88 38
88 39
88 47
88 48
88 55
88 59
88 61
88 69
92 17
92 20
92 24
92 25
92 35
92 40
92 55
92 66
92 70
92 75
92 101
92 102
92 104
92 121
92 133
92 146
92 153
92 156
92 158
92 164
93 3
93 4
93 10
93 14
93 17
93 22
93 29
93 31
93 32
93 35
93 38
93 40
93 41
93 72
93 84
93 87
94 1
94 2
94 3
94 11
94 13
94 14
94 15
94 28
95 8
95 17
95 18
95 21
95 27
95 31
95 38
95 39
95 83
95 91
95 92
95 94
95 103
95 106
95 109
95 119
95 123
95 125
95 128
95 143
95 149
95 161
95 167
95 189
95 191
95 197
95 198
95 201
95 206
96 5
96 8
97 38
97 41
97 45
97 64
97 67
97 86
97 92
97 95
97 97
97 103
97 112
97 115
97 118
97 147
97 152
97 157
97 158
97 171
97 182
97 183
97 184
97 240
97 243
97 249
98 7
98 8
98 18
98 28
98 38
98 53
98 55
98 56
98 61
98 66
98 73
98 80
98 83
98 84
98 87
98 90
98 93
98 106
98 117
98 137
98 138
99 2
100 18
100 37
100 47
100 55
100 58
100 67
102 7
102 11
102 16
102 17
102 18
103 8
103 12
103 15
103 21
103 23
103 82
103 86
103 91
103 93
103 94
103 100
103 114
103 122
103 262
103 268
103 270
103 320
103 322
103 334
103 335
103 352
103 354
103 356
103 360
103 362
104 12
104 17
104 19
104 28
105 24
106 4
106 7
106 20
107 10
107 13
108 6
108 8
108 10
108 13
108 16
109 1
109 2
109 7
109 16
109 25
109 48
109 53
109 67
109 72
109 73
109 75
109 80
109 96
109 106
109 108
109 121
109 130
109 131
109 157
109 162
109 163
109 167
109 174
109 186
109 194
109 199
109 239
109 243
109 276
109 278
110 24
110 30
110 36
110 169
110 174
110 175
110 178
110 181
111 3
111 5
112 50
112 99
