1 1
1 5
1 31
1 32
1 46
1 48
1 148
2 1
3 15
3 18
3 19
3 21
3 26
4 53
4 54
4 64
4 67
4 71
4 80
4 92
4 95
4 101
4 103
4 110
4 115
4 124
4 144
4 150
4 152
4 153
4 154
4 155
4 164
4 165
4 166
4 168
4 170
5 3
5 10
5 15
5 19
5 25
5 113
7 31
7 35
7 37
8 3
8 6
8 8
8 12
9 3
9 9
9 11
9 30
9 39
9 65
9 66
9 69
9 72
9 201
9 202
9 207
9 209
9 212
10 5
10 8
10 9
10 21
10 23
10 29
10 30
10 37
10 38
10 59
10 66
10 81
10 84
10 86
10 91
10 92
10 94
10 113
10 118
10 125
10 143
10 144
10 147
10 155
10 164
13 93
13 110
13 112
13 117
13 120
13 123
14 1
16 2
16 11
16 13
16 15
16 18
16 21
16 27
16 31
16 45
16 46
16 47
16 48
16 58
16 65
16 68
16 78
16 83
16 88
16 90
16 94
16 100
16 111
16 116
16 121
16 126
16 137
16 203
16 224
16 226
16 227
16 230
16 233
16 248
16 249
16 255
16 257
16 258
17 58
17 69
17 70
17 83
17 89
17 199
17 203
17 216
17 225
17 227
17 349
17 350
19 2
19 12
19 16
19 29
19 43
19 56
19 62
19 64
19 72
19 74
19 76
19 89
19 92
19 99
19 103
19 108
19 111
19 114
19 119
19 124
19 125
19 134
19 141
19 148
19 164
19 167
19 174
19 175
19 184
20 5
22 76
22 80
22 81
22 86
22 87
22 105
22 118
22 123
22 128
22 134
22 137
22 143
22 150
22 157
22 161
22 169
22 171
22 175
23 15
23 23
23 26
23 35
23 37
23 43
23 48
23 52
23 54
23 55
23 56
23 63
23 64
23 68
23 69
23 76
23 83
23 90
23 100
23 104
23 106
23 108
23 114
23 119
23 132
23 139
23 216
23 305
23 316
23 319
24 4
24 9
24 13
24 14
24 21
24 24
24 25
25 1
25 9
25 10
25 16
25 19
25 26
25 28
25 33
25 43
25 50
26 2
27 6
27 9
27 10
27 18
27 23
27 25
27 30
27 31
27 37
28 50
28 56
28 65
29 6
29 12
29 15
30 37
30 39
30 40
30 42
30 57
30 59
30 67
30 71
30 74
30 77
30 80
30 85
30 87
30 90
30 91
30 93
30 99
30 105
30 129
30 132
30 135
30 136
30 138
30 139
30 145
30 202
30 203
30 231
30 238
30 243
30 264
30 268
30 269
30 270
30 303
30 312
30 315
31 23
31 24
31 25
31 182
31 184
31 193
31 216
31 221
31 224
31 230
31 236
31 239
31 240
31 283
34 16
34 25
34 26
34 27
34 34
34 50
34 51
34 76
35 9
35 17
36 1
36 5
36 8
36 19
36 22
36 23
37 3
37 8
37 17
37 22
37 24
37 26
37 28
38 1
38 3
38 28
38 29
38 30
38 42
38 43
38 45
38 46
38 49
38 50
38 54
38 65
38 72
38 74
38 85
38 87
38 91
38 95
38 99
38 115
38 120
38 133
38 134
38 135
38 157
38 158
38 174
38 186
38 194
38 195
38 205
38 208
38 213
38 214
38 216
38 219
38 227
38 233
39 9
39 10
39 24
39 34
39 43
39 50
39 67
39 81
39 83
39 125
40 67
40 75
40 80
41 1
41 8
41 14
41 16
41 22
42 4
42 17
42 21
42 24
42 30
42 34
43 1
43 4
44 1
45 5
45 17
45 28
45 48
45 52
45 55
45 58
46 124
46 130
46 137
46 143
46 184
46 187
46 190
46 197
46 205
46 206
46 208
46 210
46 212
46 219
46 220
46 226
46 240
46 245
46 246
46 250
46 261
47 1
47 11
47 26
47 27
47 29
47 30
47 34
47 35
47 41
47 50
47 65
47 66
47 71
47 75
47 82
47 84
47 88
47 89
47 112
48 7
48 10
48 11
48 12
48 67
48 70
48 72
48 79
48 80
48 81
48 83
48 86
48 88
48 89
51 44
51 46
51 83
51 86
51 87
51 95
51 103
51 109
51 115
52 1
52 8
52 11
52 14
53 28
53 41
54 1
54 3
54 5
54 31
54 32
54 38
54 41
54 42
54 43
55 119
55 120
55 123
55 137
55 141
55 149
56 4
56 6
56 9
56 54
56 55
56 60
56 66
56 76
56 89
56 95
56 96
56 107
56 123
56 176
56 178
56 179
56 187
57 5
57 7
57 9
57 27
57 38
57 42
57 43
57 44
57 46
57 48
57 53
57 56
57 60
57 68
57 75
57 90
57 91
58 6
58 10
58 13
58 23
58 28
58 31
58 33
58 45
58 46
58 49
58 54
58 60
58 75
58 78
58 83
58 89
58 91
58 102
58 109
59 2
59 13
59 15
59 16
59 18
59 20
60 3
60 6
60 8
60 14
60 19
60 31
60 40
60 43
60 73
62 25
62 29
62 38
62 39
62 44
62 46
65 2
65 3
66 8
66 13
66 14
66 19
67 5
67 99
67 107
67 118
68 1
68 2
68 3
68 7
68 8
68 18
68 22
68 24
68 30
68 31
68 43
68 44
68 52
68 58
68 62
68 64
68 68
68 74
72 2
72 11
73 120
73 125
73 126
73 130
73 135
73 163
73 164
73 175
73 176
73 183
73 189
73 197
73 198
73 207
73 213
74 5
74 10
74 12
74 14
74 16
74 17
74 19
74 20
74 33
74 48
74 49
74 55
74 62
74 71
74 72
74 78
75 28
75 37
75 38
75 81
75 82
75 84
75 89
75 95
75 96
76 4
77 3
78 3
78 5
78 7
78 11
78 22
79 2
79 3
79 21
79 23
79 30
79 32
79 33
79 40
79 41
79 49
79 50
79 59
79 61
79 73
79 75
79 85
79 86
79 96
79 97
79 104
79 112
80 10
80 11
80 15
80 18
80 22
80 28
80 37
80 40
80 41
80 52
80 186
80 190
80 198
80 206
80 210
80 211
80 212
80 213
80 215
80 218
80 225
80 233
80 295
80 296
80 298
80 301
80 309
80 312
80 316
81 6
81 25
81 29
81 31
81 44
81 48
81 60
81 63
82 3
82 5
82 16
83 3
83 13
83 26
83 29
83 30
83 35
83 44
83 52
83 56
83 77
83 78
83 87
83 110
84 3
84 4
84 6
84 12
87 6
87 16
87 18
87 31
87 34
87 35
87 46
87 49
87 50
87 52
87 53
87 56
87 67
87 69
87 76
87 80
87 82
87 89
88 33
88 35
88 63
88 66
88 70
88 85
89 56
89 61
89 63
89 69
90 13
90 21
90 36
90 45
90 49
90 75
90 77
91 14
91 19
91 22
91 23
91 35
91 37
91 40
91 48
91 53
93 2
93 17
93 30
93 41
94 30
95 11
95 26
95 31
95 52
95 66
95 68
95 71
95 143
95 147
95 152
95 157
95 159
95 170
95 171
95 175
95 179
95 187
95 189
95 190
95 204
95 205
95 215
95 220
95 223
95 228
95 229
95 237
95 242
95 248
95 253
95 260
95 268
95 274
95 280
96 1
96 2
96 36
96 39
96 48
96 49
96 53
96 55
100 1
100 5
100 7
100 10
100 16
100 18
100 20
100 43
100 47
101 7
101 11
101 14
101 16
101 17
102 4
102 8
102 9
102 10
102 14
102 15
102 16
102 42
102 45
102 46
103 3
103 8
103 9
103 12
103 13
103 27
103 30
103 31
103 70
103 74
103 80
103 83
103 86
103 94
103 228
103 229
103 230
103 239
103 245
105 106
105 108
105 119
105 120
105 122
106 4
106 10
106 14
106 15
106 17
106 20
106 27
107 1
107 6
107 11
107 15
107 18
107 37
107 38
107 69
107 70
107 74
107 83
107 165
107 169
107 176
107 311
