1 1
1 2
1 14
1 29
1 34
1 35
2 3
2 5
2 12
2 14
2 17
2 34
2 41
2 42
2 45
2 49
2 73
2 74
2 80
2 85
2 95
2 103
3 6
3 12
3 29
3 32
3 33
3 42
3 54
3 69
3 84
4 2
4 6
4 12
4 14
4 17
4 31
4 39
4 40
4 43
5 129
10 5
10 12
10 14
10 19
12 68
13 8
13 10
13 19
13 26
13 28
14 5
14 8
14 15
14 16
15 3
15 5
15 12
16 1
16 3
16 4
16 9
16 10
16 12
16 34
16 35
16 43
16 50
17 5
17 11
17 15
17 19
17 26
17 28
17 37
17 42
17 50
17 52
17 55
18 1
18 9
18 10
19 70
19 74
19 77
19 78
19 83
19 87
19 104
22 26
22 37
22 53
23 37
24 2
24 3
25 42
25 43
28 9
28 49
28 50
28 52
28 55
28 61
28 62
28 63
28 66
28 68
29 3
29 5
30 28
30 31
30 32
31 12
31 16
31 18
31 19
31 32
31 33
32 5
32 14
32 15
32 20
32 23
32 47
32 54
32 57
32 59
32 78
32 88
32 194
32 195
32 201
32 205
32 208
32 209
32 212
32 213
33 27
33 149
33 161
34 15
34 24
34 26
34 30
34 43
34 51
34 55
34 68
34 69
34 74
34 77
34 80
34 82
34 91
34 94
34 95
34 100
34 111
34 112
34 122
34 128
34 129
34 132
34 133
34 142
34 160
35 14
35 20
35 38
35 56
35 57
35 58
35 70
35 72
36 46
36 49
37 5
37 8
37 20
37 26
37 27
37 37
37 79
37 81
37 86
37 95
37 116
37 122
37 130
37 132
37 145
37 148
37 160
37 176
37 179
37 212
37 214
37 215
37 221
37 223
37 224
37 234
37 247
37 249
37 268
37 275
37 280
37 387
37 388
37 410
37 428
37 437
37 448
37 578
37 584
38 1
38 14
38 17
38 18
39 81
39 83
39 92
39 99
39 100
39 106
39 107
39 110
39 115
39 117
39 122
39 131
39 133
39 140
39 145
39 152
39 158
39 164
39 167
39 169
39 177
39 190
39 306
39 309
39 329
39 334
39 339
39 341
39 346
39 351
39 354
39 360
39 361
39 370
39 373
39 382
39 387
39 389
39 397
39 398
39 403
39 405
39 408
39 412
39 413
39 420
39 442
39 452
39 456
40 5
40 20
40 25
41 1
41 8
41 10
41 11
41 16
41 19
41 25
41 35
41 36
41 39
41 45
41 67
42 42
42 43
42 47
42 51
42 66
42 79
42 84
42 86
42 87
42 112
42 113
42 115
42 133
42 150
42 151
43 9
43 12
43 17
43 18
45 49
45 58
45 59
45 60
45 66
45 68
45 69
45 76
45 79
45 82
45 100
45 115
45 125
45 129
45 266
45 271
45 272
45 273
48 10
48 18
48 23
48 24
48 33
48 39
48 44
48 54
48 56
48 84
48 89
48 92
48 96
48 98
48 116
48 122
49 32
49 38
49 40
49 44
49 53
49 54
50 10
50 12
50 18
50 19
50 24
50 34
50 40
50 42
50 43
50 44
50 48
50 50
50 60
50 62
50 70
50 76
50 78
50 83
50 90
50 95
50 112
50 115
50 159
50 160
50 170
50 175
50 191
50 192
50 197
50 199
50 200
50 212
50 214
50 234
50 238
50 242
50 247
50 250
50 259
52 2
52 3
52 6
52 16
52 20
52 22
52 24
52 59
52 62
52 69
52 73
52 77
52 93
52 95
52 111
52 126
52 131
52 144
52 156
52 162
52 165
52 171
52 174
53 64
53 67
54 9
54 13
54 17
54 48
54 49
54 51
54 56
54 57
54 65
54 66
56 17
56 31
56 32
56 45
56 46
56 47
56 51
56 55
56 56
56 73
56 96
56 105
56 114
56 116
56 122
56 124
56 126
56 136
56 162
56 166
56 168
57 17
57 21
57 126
58 17
58 32
58 33
58 36
58 45
58 47
58 59
58 62
58 68
58 69
58 70
58 80
58 93
58 99
58 111
58 119
61 2
61 3
61 10
61 12
62 52
62 62
62 87
62 93
62 96
62 98
63 10
63 18
63 19
63 21
63 29
63 33
63 37
64 60
64 63
64 65
64 67
64 71
64 79
64 85
64 89
64 99
66 44
66 47
66 48
66 54
66 56
66 58
66 73
66 76
66 79
66 88
66 90
66 98
66 106
66 114
66 116
66 119
66 122
66 123
66 127
66 139
66 140
66 147
68 3
68 5
68 6
68 7
68 11
68 14
69 115
69 122
69 131
69 162
69 170
69 172
69 176
69 180
69 200
69 210
69 213
69 223
69 237
69 240
69 267
72 4
72 58
72 66
72 67
72 73
72 92
72 93
72 101
72 108
72 109
72 111
72 112
72 116
72 128
72 139
72 144
72 168
72 174
72 184
72 189
72 197
72 203
72 221
72 233
72 234
72 267
72 270
72 276
72 289
73 3
73 6
73 7
73 9
73 11
73 12
74 77
74 79
74 84
75 4
75 29
75 33
76 5
76 12
76 15
76 25
76 41
76 45
76 46
76 56
76 65
77 2
77 3
77 23
77 24
77 25
77 34
77 46
77 51
77 52
77 53
78 2
78 8
78 12
78 14
78 16
78 17
78 22
79 1
80 5
80 7
80 8
80 50
81 1
81 13
81 19
81 101
81 120
81 121
81 198
81 199
81 208
81 225
81 231
82 43
82 47
82 48
82 68
82 69
82 75
82 104
82 108
82 109
82 114
83 3
83 5
83 14
83 23
83 28
83 30
83 38
83 49
83 52
83 71
84 3
84 23
84 29
84 33
84 39
86 25
87 13
87 24
87 33
87 39
87 46
87 48
87 49
87 59
87 62
87 64
87 65
87 69
87 70
88 2
88 115
88 131
88 132
88 145
88 154
88 156
88 161
88 174
89 2
89 8
89 12
89 16
89 25
89 32
89 38
89 46
89 61
89 66
89 67
89 70
89 80
89 82
90 10
90 12
90 13
90 14
90 16
90 23
90 31
90 35
90 37
90 38
93 25
101 14
101 24
101 30
101 32
101 41
101 52
101 58
101 62
101 63
101 65
101 68
101 80
101 82
101 90
101 91
101 100
101 113
101 116
101 121
101 128
101 130
101 140
101 142
101 146
101 155
101 157
101 160
101 163
101 165
101 183
101 195
101 199
101 202
101 203
101 216
101 224
101 225
101 226
101 229
101 239
101 249
101 257
105 33
106 7
106 8
106 9
107 7
107 9
107 10
107 15
107 34
107 36
107 39
107 41
108 7
108 20
108 31
108 34
108 44
108 171
108 172
108 177
108 184
108 186
108 191
108 203
108 206
108 208
108 219
108 225
109 57
109 67
109 69
109 97
110 32
110 33
110 46
110 53
110 54
110 60
110 63
110 79
110 87
110 95
110 102
110 103
110 108
110 120
110 124
110 132
110 134
