1 6
1 7
1 11
1 17
1 19
1 20
1 24
1 25
1 28
1 48
1 49
1 50
1 59
1 64
2 1
2 7
2 18
2 31
2 32
2 34
2 40
2 47
2 50
5 52
5 55
5 61
5 62
5 64
5 66
5 73
5 79
5 83
5 89
5 92
5 98
5 105
5 108
5 111
5 112
5 114
5 118
5 121
5 123
5 125
5 126
7 5
7 10
7 17
7 50
7 52
7 53
7 59
7 64
7 65
7 70
7 81
7 83
7 86
10 26
10 27
10 47
10 48
10 55
10 93
10 95
10 96
10 99
11 27
11 30
11 34
11 35
11 45
11 46
11 47
12 3
12 5
12 11
12 13
12 17
12 21
12 23
12 29
12 30
12 39
12 40
12 46
12 47
12 50
12 56
12 62
12 64
12 67
12 68
12 93
12 103
12 106
12 126
12 132
12 133
12 136
12 145
12 156
12 163
13 64
13 70
13 85
13 86
13 88
13 93
15 44
15 45
15 46
15 49
15 50
15 57
15 70
15 73
15 77
15 79
15 88
15 96
15 100
15 102
15 119
15 121
16 64
16 66
16 79
16 81
16 84
16 87
16 90
16 108
16 117
16 128
16 129
16 135
16 154
17 2
17 4
17 15
17 19
18 3
18 4
18 26
18 33
19 16
19 18
19 21
20 7
20 19
20 26
20 37
20 42
20 46
20 55
20 59
20 64
20 73
20 74
20 76
20 98
21 8
21 16
22 6
22 7
22 8
22 9
22 16
22 22
22 39
22 52
22 56
22 61
22 64
23 1
24 95
24 96
25 5
25 8
25 30
25 31
25 34
25 44
25 48
25 52
26 9
27 3
27 16
27 26
27 36
27 37
27 49
27 60
27 80
27 84
27 92
27 173
27 179
27 180
27 184
27 218
28 1
28 8
29 31
29 36
29 42
29 44
29 50
29 51
29 64
31 103
31 104
31 114
32 1
32 5
32 15
32 16
32 21
32 25
32 36
32 47
32 51
32 55
32 73
32 74
32 76
32 84
32 91
33 5
33 8
33 9
33 16
33 17
33 25
33 40
33 42
33 52
33 53
33 70
34 14
34 20
34 27
34 29
35 1
35 38
35 43
35 46
35 55
36 2
36 26
36 39
36 53
36 61
36 65
36 67
36 68
36 70
36 98
36 102
36 104
37 5
37 9
37 11
37 14
37 144
37 145
38 6
38 11
38 16
39 6
39 7
39 17
39 29
39 40
39 42
39 44
39 57
39 60
40 6
40 8
40 23
40 24
41 5
41 17
41 111
41 118
41 124
41 161
41 165
41 169
41 171
41 176
41 177
41 180
41 181
41 190
41 201
41 208
41 226
41 238
41 239
41 240
41 252
43 22
44 3
44 6
44 9
44 23
44 24
44 32
44 52
44 56
44 59
44 74
45 5
45 7
45 11
46 3
46 5
46 7
46 17
46 21
46 45
46 55
46 58
46 60
46 71
46 72
46 74
46 79
46 80
46 87
46 95
46 112
46 129
46 131
46 135
47 33
49 55
49 58
49 74
49 78
51 10
52 2
52 5
52 9
53 4
54 6
54 10
55 5
56 17
56 18
56 25
56 29
56 30
56 38
56 44
56 45
56 51
57 31
57 32
57 34
57 49
57 61
57 62
57 63
57 66
57 71
57 76
57 81
57 85
57 170
57 174
57 185
57 187
57 191
58 28
58 48
58 53
58 60
58 63
58 77
58 78
58 85
58 93
58 99
58 101
58 103
58 109
58 110
58 111
58 115
58 126
58 132
58 136
58 144
58 152
58 153
58 155
58 163
58 168
58 171
59 69
59 70
59 72
59 77
59 89
59 92
59 96
59 103
59 109
59 131
59 134
59 135
60 1
61 9
61 14
61 20
61 25
61 26
61 28
61 29
61 34
62 48
62 62
62 65
62 70
63 43
63 63
63 65
63 72
63 73
63 77
63 78
63 91
63 98
63 100
63 103
63 107
63 214
63 220
63 224
63 226
63 233
63 235
63 239
64 1
64 16
64 18
64 26
64 28
64 34
64 43
64 51
64 52
64 53
64 55
64 66
64 68
65 3
65 16
65 17
65 18
65 31
65 42
65 51
65 67
65 80
65 84
65 85
65 96
65 101
65 102
65 108
65 109
65 121
65 124
65 130
66 8
66 18
66 20
66 22
66 23
66 27
66 33
66 35
66 39
66 44
66 46
66 49
66 50
66 65
66 146
66 147
67 13
67 17
67 18
67 61
67 63
67 68
67 75
67 80
67 82
67 86
67 88
67 94
67 99
67 104
67 105
68 1
68 3
68 5
68 25
68 26
68 36
68 46
68 47
68 52
68 58
68 59
69 39
69 43
69 44
69 46
69 50
69 53
69 57
69 68
69 70
69 83
72 13
72 21
72 23
72 34
72 36
72 41
72 43
72 49
72 57
72 70
72 77
72 80
72 85
72 86
72 98
72 104
72 106
72 110
72 126
73 5
73 8
73 9
73 21
73 27
73 32
73 36
73 39
73 43
73 45
73 54
73 58
73 59
73 65
74 1
74 22
74 30
74 33
74 36
74 38
74 46
74 48
74 51
74 56
74 181
74 182
74 184
74 188
74 195
74 198
74 200
74 212
74 217
76 36
76 37
77 1
77 13
77 21
77 66
77 69
77 72
77 75
77 84
77 196
77 198
77 201
77 219
77 220
77 240
77 242
77 246
77 247
77 252
77 253
77 263
77 266
77 267
77 273
77 274
78 4
78 8
78 9
78 15
80 9
80 15
80 16
80 20
80 25
80 155
80 160
80 161
80 165
80 166
80 178
80 181
80 183
80 184
80 190
80 191
80 201
80 205
80 215
80 220
80 222
81 15
81 16
81 33
81 49
81 52
82 6
82 18
82 22
82 32
82 47
82 48
82 50
82 52
84 90
84 92
84 101
84 103
84 104
84 108
84 110
84 126
84 137
84 140
84 143
84 152
84 164
84 178
84 181
84 195
85 117
85 118
85 124
85 126
85 129
85 135
85 145
85 152
85 154
85 155
85 165
85 170
85 182
85 208
86 7
86 8
86 13
86 27
86 31
86 37
86 49
86 54
86 56
86 68
86 71
86 75
87 9
87 17
87 21
87 26
87 29
87 34
87 46
87 47
87 57
87 61
87 67
87 79
87 85
87 97
87 102
87 103
87 105
87 106
87 107
87 111
87 119
87 141
87 142
87 144
87 145
89 3
89 15
89 19
91 32
92 22
92 24
92 31
92 39
92 51
92 66
92 69
92 74
92 78
92 86
92 87
92 93
93 5
93 9
93 12
93 22
96 12
96 15
96 16
96 19
96 22
96 26
96 27
96 32
96 34
96 40
96 43
96 45
100 24
100 31
100 39
100 58
100 67
100 76
100 81
102 5
102 12
102 13
102 15
102 17
102 18
102 19
103 13
103 19
103 31
103 42
104 5
104 9
104 31
104 44
106 16
106 35
106 40
106 57
106 59
106 75
106 80
106 81
106 83
106 107
106 112
106 119
106 129
106 135
106 139
106 140
106 154
106 158
106 162
106 180
106 186
106 194
106 195
106 208
106 236
106 237
106 243
106 245
106 246
106 252
106 256
106 257
106 261
106 263
106 265
107 4
109 11
109 18
109 21
110 1
110 14
110 15
110 18
110 28
110 33
110 34
110 44
111 16
111 23
111 31
111 35
111 40
111 53
111 59
111 60
111 64
111 76
111 79
111 85
111 90
111 92
111 105
111 107
111 125
111 130
111 138
111 142
111 143
111 146
111 147
111 150
111 162
111 169
112 37
112 40
113 29
113 33
113 35
113 36
113 39
113 65
113 94
113 100
113 102
113 108
114 16
115 3
115 4
115 6
115 15
115 23
115 24
115 27
115 29
116 1
116 13
116 31
116 35
116 36
116 38
116 39
116 47
116 56
116 76
116 82
116 121
