1 3
1 4
1 5
1 12
1 22
1 44
1 47
1 49
2 7
2 10
2 11
2 14
2 24
2 26
2 50
2 60
2 66
2 67
5 17
5 18
5 23
5 26
5 35
5 38
5 39
5 50
5 57
5 58
5 65
5 74
5 76
5 83
5 87
5 89
5 92
5 98
5 99
5 102
5 104
5 110
5 111
5 113
5 119
5 130
5 132
7 11
7 13
7 19
7 32
7 34
7 35
7 92
7 95
7 103
7 104
7 107
7 117
7 118
7 128
7 138
7 141
8 2
8 3
8 16
8 21
8 29
8 31
8 34
8 42
9 9
9 11
9 13
9 14
9 15
9 27
9 30
9 37
9 43
9 46
10 120
10 121
10 180
11 48
11 50
11 51
11 137
11 138
12 24
12 25
12 30
12 50
12 66
12 70
12 77
12 80
12 91
12 93
12 94
12 96
12 97
12 98
12 99
12 103
12 105
12 116
12 118
12 119
12 136
12 146
12 147
12 150
12 158
12 159
12 160
12 164
12 166
12 167
12 168
14 33
15 2
15 5
15 26
15 27
16 2
16 6
16 10
16 15
16 16
16 23
16 30
16 34
16 36
16 46
16 48
16 54
16 56
16 60
16 79
16 97
16 101
16 107
16 118
17 18
17 24
17 29
17 58
17 62
17 66
17 70
17 73
17 74
17 78
17 101
17 104
17 112
17 116
17 126
17 129
17 132
17 137
17 141
17 148
17 159
17 161
17 162
17 173
17 174
17 195
17 196
17 197
17 211
17 215
17 229
17 285
17 286
18 1
18 7
18 8
18 12
18 18
18 19
18 22
18 25
20 62
20 65
20 76
20 87
20 91
20 95
20 116
20 124
21 13
21 28
21 40
21 41
21 46
21 50
21 54
21 55
21 60
21 75
21 84
21 87
21 104
21 107
21 112
21 122
21 124
21 126
21 129
21 131
21 150
21 151
21 154
21 157
22 26
22 27
22 38
22 41
22 42
22 53
22 56
22 64
23 1
23 9
23 14
23 22
23 23
23 30
23 31
23 38
24 8
24 11
24 17
24 24
24 35
24 42
24 48
24 53
24 57
26 18
26 24
26 28
26 29
26 63
26 64
26 70
26 74
26 86
26 89
26 100
26 114
26 120
26 126
26 129
27 1
29 3
29 24
29 25
29 28
29 38
29 46
30 9
30 10
30 19
30 30
30 40
30 50
30 51
30 55
30 58
30 59
30 63
30 166
30 177
30 181
30 195
30 196
30 203
30 211
30 219
31 2
31 34
31 45
31 60
31 69
31 70
31 82
31 87
31 98
32 13
32 16
32 18
32 20
32 33
32 40
32 45
34 2
34 7
34 8
34 15
34 18
34 22
34 23
34 158
34 159
34 162
34 170
34 177
34 179
34 182
34 184
34 189
34 190
34 192
34 197
35 3
35 6
35 17
35 24
35 28
35 31
35 40
35 50
35 66
36 37
36 39
36 47
36 48
36 56
37 118
37 120
37 123
37 128
37 131
37 132
37 133
38 9
38 11
38 19
38 31
38 32
38 63
38 76
38 78
38 84
38 132
39 11
39 19
40 12
40 17
40 30
40 42
40 53
40 58
41 9
41 11
42 8
43 84
43 85
43 87
43 92
43 94
43 99
43 101
43 106
43 113
44 6
44 12
45 15
45 16
45 24
45 25
45 31
45 32
45 37
45 38
45 44
45 45
45 47
45 50
45 59
45 90
45 99
45 101
45 103
45 107
45 112
45 113
45 122
45 123
45 242
45 243
45 257
45 258
45 263
45 271
45 278
45 295
45 299
45 305
45 309
45 310
45 311
45 314
45 318
45 319
45 322
45 324
45 325
45 329
45 340
45 343
45 349
45 359
45 363
45 366
45 367
45 370
45 394
45 400
45 415
45 419
45 433
45 434
45 439
45 443
45 444
45 445
45 447
45 449
45 454
45 456
45 458
45 468
45 472
45 486
45 501
45 503
45 504
45 509
45 510
45 514
46 2
46 13
46 15
46 39
46 41
46 42
46 110
46 111
46 112
47 26
47 29
47 36
47 37
49 57
49 59
49 64
49 70
50 2
50 15
50 19
50 21
50 36
50 45
50 47
50 48
50 54
50 65
51 1
51 8
51 13
51 15
51 20
52 61
52 62
52 63
52 66
52 68
52 74
52 82
52 83
52 87
52 91
52 95
52 111
52 116
52 117
52 119
53 8
54 3
55 3
55 15
55 21
55 22
55 40
55 45
55 55
55 60
55 62
55 71
55 81
55 82
55 88
55 89
55 207
55 211
55 212
55 217
55 234
57 8
57 13
57 18
57 30
57 40
57 41
57 46
57 60
57 74
57 92
58 1
58 8
58 9
58 11
58 12
58 14
58 16
58 19
58 27
58 29
58 32
58 33
58 39
58 45
58 49
58 53
58 54
58 68
58 96
58 101
58 102
58 108
58 111
58 116
58 120
63 2
63 17
63 19
63 24
63 26
63 31
63 35
63 46
63 48
63 54
63 58
63 74
63 78
63 88
63 91
64 86
64 90
64 92
64 100
64 108
64 117
64 118
64 119
64 138
64 144
64 145
64 148
64 150
65 1
65 4
65 20
67 3
67 12
67 15
67 16
67 28
67 30
67 31
69 2
69 4
69 5
69 9
70 4
70 11
70 16
70 17
70 22
70 29
70 31
70 37
70 39
70 45
70 48
70 57
71 1
71 7
71 9
71 14
71 26
71 27
72 3
72 16
72 17
72 22
73 1
73 2
73 9
73 11
73 12
73 17
73 23
73 26
73 29
73 48
73 54
73 55
73 75
73 87
73 100
73 103
73 111
73 122
73 123
73 130
73 132
73 133
74 4
74 6
74 7
74 11
74 12
74 18
74 21
74 33
74 42
74 43
74 46
74 49
74 56
74 58
74 60
74 72
74 80
74 82
74 215
74 217
74 220
74 234
74 238
74 257
75 1
75 4
75 5
75 13
75 23
75 36
75 37
75 51
75 60
75 63
75 72
75 74
75 76
75 80
75 81
75 82
75 89
75 90
75 93
75 97
75 99
76 4
76 5
77 7
77 15
77 16
78 19
79 14
79 15
79 16
79 24
79 26
82 8
82 20
82 58
82 77
82 78
82 88
82 91
82 101
82 110
82 111
82 130
82 148
82 150
82 159
82 162
82 169
82 174
82 179
82 197
82 201
82 202
83 36
83 61
83 66
83 72
83 74
83 75
83 78
83 82
83 98
84 4
85 2
85 67
85 77
85 79
85 86
85 88
85 93
85 95
85 99
85 108
86 6
86 12
86 23
86 24
86 27
86 30
86 31
86 38
86 48
86 52
86 56
86 60
86 61
86 73
86 82
86 91
86 93
86 94
86 121
86 122
86 128
86 133
86 140
87 14
87 37
87 53
87 61
87 65
87 69
87 72
87 73
87 85
87 89
87 93
87 102
87 103
87 138
87 139
87 242
87 252
87 259
88 10
88 14
88 22
88 28
88 30
88 32
88 34
88 37
88 41
88 45
88 47
88 49
89 6
89 7
89 8
89 9
89 21
89 165
89 169
89 185
90 8
90 9
90 14
90 15
90 20
90 21
90 36
92 6
92 8
93 5
94 101
94 102
94 103
94 107
94 115
94 121
94 122
96 126
96 138
96 141
96 142
96 152
96 153
96 164
96 166
96 168
96 171
96 179
96 184
96 189
97 9
97 20
97 25
97 36
97 37
97 44
97 56
97 58
99 81
99 86
100 2
100 3
100 5
102 21
102 45
102 47
102 52
102 57
102 65
102 81
103 18
103 20
104 1
104 5
104 12
104 15
104 18
104 28
104 32
104 38
104 42
104 56
104 57
104 61
104 64
104 66
104 76
104 77
104 99
104 102
104 119
104 127
105 1
107 76
107 82
107 90
107 95
107 100
108 113
108 119
108 120
108 121
108 129
108 139
108 142
108 187
