1 9
1 16
1 28
1 29
1 31
1 39
1 43
1 50
1 56
1 64
1 69
1 83
1 84
1 88
1 91
1 128
1 135
1 136
1 157
1 160
1 164
1 176
1 178
1 180
1 185
1 186
1 202
1 205
1 221
1 228
1 229
1 245
1 246
1 251
1 255
2 16
2 17
2 18
2 19
2 20
2 25
2 36
2 79
2 83
2 89
2 92
2 98
2 208
2 210
2 215
2 247
2 271
2 277
2 308
2 310
2 313
2 320
2 331
4 1
4 8
4 12
4 17
4 32
4 34
4 42
4 48
4 50
5 1
5 8
5 12
5 14
6 1
6 4
6 12
6 17
6 22
6 53
6 56
6 66
6 75
6 84
6 100
7 5
7 8
7 14
9 11
9 14
9 17
9 28
9 42
9 43
10 11
10 20
10 23
10 35
10 52
10 53
10 54
10 57
10 58
10 69
10 71
10 72
10 77
10 85
10 89
10 91
10 222
10 224
10 225
10 226
11 53
11 152
11 173
11 192
11 195
11 198
11 203
11 213
11 215
11 222
11 224
11 238
11 239
11 245
11 248
11 253
11 262
11 264
11 281
11 285
11 305
12 14
12 25
12 31
12 33
12 47
12 55
12 56
12 62
12 63
12 70
12 71
12 72
12 82
12 89
12 92
12 93
12 94
12 96
12 106
12 109
12 122
12 133
12 136
12 145
12 149
12 151
12 157
12 162
12 163
12 164
12 178
12 181
12 186
12 194
12 201
12 205
12 206
12 218
12 228
12 231
12 298
13 4
13 6
13 9
13 12
13 14
14 5
14 8
14 9
14 15
14 16
14 17
14 20
14 29
14 31
14 37
14 49
14 54
14 57
14 66
14 73
14 78
14 96
14 97
14 105
14 109
14 111
14 114
14 118
14 123
14 124
14 129
14 143
14 145
14 150
14 155
14 159
14 171
14 172
14 174
14 182
14 183
14 191
16 9
16 13
16 14
16 17
16 24
16 32
16 33
16 34
16 36
16 50
16 54
16 61
16 69
16 75
16 78
16 112
16 141
16 142
16 146
16 149
16 155
16 158
16 160
16 168
16 169
16 174
16 180
16 181
16 184
16 192
16 195
16 210
16 219
16 220
16 227
16 228
18 9
18 12
19 4
19 14
20 16
20 26
20 28
20 36
20 39
20 42
20 47
21 8
21 11
21 23
21 26
21 38
21 45
22 4
22 7
22 9
22 10
22 11
23 59
23 62
23 67
24 10
24 18
24 20
24 31
24 36
24 54
24 65
24 79
24 90
24 91
24 95
24 101
24 103
24 104
24 105
24 109
24 112
26 23
26 29
26 35
26 49
26 61
26 62
26 79
26 86
26 104
26 105
26 117
26 120
26 128
26 129
26 136
26 143
26 147
26 153
26 156
26 161
26 164
26 191
26 194
26 197
26 198
27 3
27 4
27 10
27 11
27 15
27 20
27 25
27 26
27 142
27 143
27 153
27 156
27 172
27 181
27 182
27 193
27 196
27 198
27 200
27 211
27 213
27 220
27 225
27 226
27 229
27 230
27 238
27 245
27 270
27 277
27 281
27 283
27 284
27 310
28 2
28 10
28 22
28 24
28 27
28 34
28 38
28 47
29 1
29 5
29 8
29 23
29 26
29 30
29 40
29 44
29 60
29 62
29 66
29 68
29 70
29 73
29 77
30 3
30 8
30 9
30 13
30 15
30 17
30 18
30 19
30 25
30 35
30 43
30 44
30 45
30 53
30 55
30 58
31 17
31 23
31 27
31 39
31 45
31 46
32 6
32 7
32 14
32 32
32 37
32 41
32 44
32 50
32 58
32 64
32 82
32 85
32 86
32 100
32 113
32 120
32 122
34 18
34 35
34 36
34 38
34 41
34 51
34 52
35 2
35 24
35 28
35 35
35 57
35 63
35 64
35 72
36 12
36 16
36 19
36 25
36 31
36 34
36 36
36 39
36 40
36 44
36 46
36 55
36 59
36 62
36 75
38 1
38 21
38 22
38 25
38 51
38 62
38 68
38 71
39 2
39 4
39 6
39 14
39 19
39 25
40 19
43 1
43 4
43 68
43 71
43 77
43 91
43 103
43 104
43 110
43 133
43 161
43 162
43 163
43 167
43 192
43 194
43 196
43 200
43 202
43 204
43 205
43 214
43 219
43 220
43 231
43 243
44 6
44 11
44 35
44 37
44 42
44 44
44 47
44 51
44 58
44 71
44 73
44 76
44 80
44 99
44 108
44 109
45 1
45 22
45 30
45 46
45 48
45 49
45 52
45 63
45 72
46 11
46 32
46 37
46 42
46 46
46 47
46 51
46 53
46 62
46 64
46 65
46 71
46 72
46 76
46 77
46 82
46 88
46 90
46 99
46 116
46 119
46 122
46 132
47 1
47 4
47 7
47 9
47 16
47 28
47 37
47 40
47 111
47 121
47 131
47 140
47 143
47 168
47 171
49 12
49 24
49 25
49 29
49 30
49 50
49 52
49 58
49 65
49 72
50 1
50 17
50 23
50 28
50 29
50 43
50 51
50 57
50 70
50 79
50 82
50 91
50 93
50 98
50 104
50 105
50 108
50 112
50 119
51 5
51 6
51 7
51 9
51 10
51 13
51 14
51 18
51 22
51 23
51 34
51 35
51 36
51 63
51 70
51 72
51 88
51 106
51 108
51 109
52 1
52 9
52 11
52 13
52 19
52 20
52 21
52 26
52 29
57 2
57 14
60 5
60 14
60 17
60 19
61 1
61 5
61 6
61 28
61 30
61 33
61 35
61 40
61 43
61 46
62 32
62 38
62 39
62 41
62 47
62 56
63 5
63 10
63 13
63 21
63 24
63 28
64 5
64 9
64 10
64 12
64 22
64 24
65 115
65 123
65 127
65 132
65 135
65 137
65 138
65 144
65 145
65 153
65 161
65 163
65 176
65 177
65 316
66 13
66 17
66 19
67 7
67 12
68 12
70 3
70 11
70 18
70 19
70 24
70 29
70 31
70 37
70 44
70 50
70 52
70 53
70 56
70 59
71 2
71 6
71 7
71 32
72 6
72 10
72 12
72 13
73 2
73 6
73 7
74 5
75 5
75 11
75 14
75 16
75 32
75 35
75 47
75 51
75 56
75 58
75 59
75 111
75 113
75 121
75 126
75 133
75 135
75 140
75 144
75 150
76 9
76 11
76 13
76 39
76 42
76 49
76 59
78 34
78 35
78 40
78 66
78 67
78 70
78 71
78 93
78 96
78 100
78 102
78 106
78 126
78 134
78 136
78 138
79 5
79 11
79 14
79 18
79 19
79 22
79 23
80 1
80 19
80 20
80 27
80 31
80 32
80 33
80 35
80 41
80 51
80 54
80 65
80 195
80 198
80 199
81 21
82 5
82 8
82 31
82 37
82 56
82 114
83 37
85 35
85 37
85 51
85 54
85 56
85 74
85 88
85 97
85 111
85 119
85 122
85 128
85 134
85 139
85 148
85 151
85 158
85 161
85 162
85 167
85 189
85 192
85 194
85 196
85 197
85 202
85 205
85 206
85 207
86 1
86 11
86 14
86 18
86 26
86 32
86 47
86 53
86 55
86 60
86 65
86 70
86 76
86 85
86 88
86 90
86 91
86 99
86 111
86 112
88 17
88 26
88 33
88 36
88 37
88 40
88 43
88 53
88 61
88 62
88 66
88 69
88 71
88 79
88 82
88 92
88 103
88 115
88 122
88 124
88 132
88 134
88 135
88 140
90 23
90 26
90 51
90 54
90 55
90 56
90 58
90 63
90 66
91 12
91 14
91 22
91 25
91 29
91 43
91 46
91 49
91 59
91 69
91 70
91 87
91 108
91 121
91 132
91 162
91 166
91 169
91 176
91 177
91 184
91 194
92 78
92 84
92 89
93 8
94 3
94 11
94 14
94 21
94 38
94 40
94 44
94 48
94 51
94 55
94 60
94 62
94 66
94 68
94 72
94 73
94 75
94 84
95 2
95 4
95 9
95 12
95 13
95 15
95 21
95 28
95 35
95 38
95 39
95 45
95 46
95 48
95 63
95 64
95 71
95 88
95 90
95 94
95 99
95 103
95 105
95 119
95 121
95 122
95 123
95 126
95 150
95 151
95 159
95 164
95 166
95 167
95 171
95 173
95 178
95 182
96 12
96 16
96 18
96 22
96 27
96 35
96 39
96 50
96 55
96 57
96 67
96 239
96 243
96 247
96 249
96 255
96 256
96 262
96 263
97 25
97 28
97 32
97 39
97 40
97 55
97 65
97 70
97 76
98 2
99 14
99 19
99 21
99 22
99 25
99 28
99 30
99 32
99 34
99 36
99 39
99 40
99 43
99 49
99 58
99 59
99 62
99 63
99 65
99 70
99 79
99 80
99 84
99 99
99 113
101 10
101 28
101 37
101 38
101 41
101 42
102 5
102 16
102 20
102 34
102 41
102 46
102 88
102 121
102 131
102 133
102 138
102 140
103 8
104 3
104 15
104 19
104 32
104 33
104 37
104 43
104 49
