1 2
1 15
1 19
1 20
1 21
1 39
1 41
1 46
1 47
1 83
1 86
1 88
1 108
1 113
1 114
1 128
1 135
1 138
1 154
1 163
5 24
5 25
5 48
5 188
5 193
5 197
5 201
5 210
6 8
6 15
6 17
6 24
6 29
6 33
6 37
6 38
6 46
6 87
7 5
7 8
7 16
7 17
7 18
7 24
8 1
8 2
8 3
8 9
8 17
8 21
9 9
9 12
9 14
9 22
9 24
9 26
9 28
9 32
9 36
9 37
9 39
9 46
9 48
9 53
9 58
9 68
9 70
9 75
9 79
9 86
9 116
9 120
9 123
9 132
9 138
9 140
9 161
9 162
9 166
9 167
9 171
9 173
9 175
9 176
10 7
10 8
10 122
10 132
10 133
10 135
10 136
10 138
10 142
10 145
10 152
10 158
10 162
10 165
10 170
10 180
10 184
10 187
10 195
10 205
10 210
10 219
10 221
10 224
10 231
10 239
12 12
12 23
12 26
12 27
13 1
13 7
13 18
13 22
13 28
13 40
14 5
14 10
14 18
14 21
14 29
14 35
14 38
14 43
14 47
14 50
14 52
14 56
14 60
14 61
14 65
14 68
14 69
14 70
14 71
14 81
14 84
14 86
14 97
14 102
14 105
14 120
14 121
14 124
14 127
15 12
15 17
15 28
15 30
15 42
15 49
15 55
15 56
15 68
15 76
15 77
15 81
15 82
15 88
15 95
15 106
15 111
15 112
15 117
15 148
16 1
16 5
16 35
16 36
16 53
16 129
16 131
16 136
17 18
17 24
17 27
17 28
17 29
17 41
17 45
17 52
17 60
17 63
17 65
17 67
17 68
17 78
17 80
17 84
17 87
17 91
18 8
18 13
18 14
18 19
18 25
18 30
18 37
18 41
18 55
19 5
19 6
19 12
19 70
19 76
19 86
19 89
19 97
19 98
19 101
19 104
19 106
19 108
20 2
20 6
21 6
21 12
21 17
23 7
23 13
23 20
23 28
23 32
23 33
23 37
23 53
23 57
23 61
23 64
23 69
23 75
23 80
23 83
23 90
23 92
23 94
23 95
23 97
23 102
23 111
23 113
23 120
23 125
23 140
23 148
23 151
23 152
24 2
24 3
24 13
24 39
24 44
24 58
25 25
25 43
25 45
25 55
25 56
25 61
25 70
25 79
25 91
25 92
25 96
25 102
25 103
25 106
25 118
25 121
25 125
25 128
25 141
25 144
25 152
25 158
26 8
26 10
26 13
26 17
26 25
26 28
27 8
27 9
27 10
27 19
27 24
27 28
27 47
27 66
27 88
27 89
27 90
27 92
27 105
27 107
27 115
30 29
30 30
30 33
30 36
30 41
30 43
30 47
30 52
30 63
30 65
30 82
30 84
30 85
30 86
31 4
34 18
35 1
36 1
36 3
37 9
37 12
37 13
37 19
37 21
37 22
37 30
37 32
37 33
37 34
37 36
37 45
37 74
37 87
37 99
37 118
37 125
37 128
37 132
37 133
37 136
37 145
37 146
37 149
37 159
37 168
38 13
38 15
38 18
38 19
38 114
38 120
38 122
38 124
38 126
38 127
38 132
38 135
38 145
38 151
38 154
38 159
38 162
38 166
38 167
38 172
38 305
38 306
38 308
38 309
39 81
39 107
39 117
39 121
39 123
39 125
39 138
39 152
39 163
39 175
40 2
40 8
40 15
40 16
40 23
40 24
40 28
40 29
40 36
40 63
40 72
40 75
40 90
40 99
40 100
40 102
40 111
40 112
40 115
40 120
40 137
40 138
40 140
40 143
42 2
42 7
42 13
42 17
42 31
43 7
43 8
44 1
44 21
44 47
45 1
45 8
45 14
45 15
45 17
45 21
45 22
45 38
45 49
45 50
45 60
45 67
45 90
45 91
45 92
45 96
46 44
46 45
46 47
47 2
47 10
47 18
47 20
47 28
48 9
48 12
50 36
50 46
50 63
50 65
50 66
50 81
50 84
50 88
50 100
50 101
50 103
50 108
50 120
50 125
50 126
50 130
50 142
50 143
50 146
50 151
50 163
50 169
50 173
50 184
50 193
50 198
50 202
51 2
51 96
51 101
51 102
51 112
51 113
51 114
51 128
51 136
51 140
51 141
51 145
51 149
52 11
52 12
52 17
52 22
52 23
53 140
53 141
53 145
53 149
53 151
53 155
53 160
53 167
53 169
53 172
53 173
53 190
53 198
53 203
53 209
53 213
54 3
54 13
54 22
54 24
54 25
54 26
54 32
54 34
54 36
54 39
55 2
55 5
55 6
55 14
55 18
55 19
55 44
55 48
55 50
57 8
57 15
57 92
57 101
57 102
57 117
57 118
57 125
57 130
57 142
57 144
57 147
57 155
57 156
57 162
57 175
57 177
57 182
57 195
57 207
57 217
58 8
58 14
58 15
58 22
58 26
58 30
58 41
59 10
59 21
59 38
59 41
59 50
59 51
59 68
59 72
60 2
60 9
60 10
60 26
60 30
60 32
60 38
60 42
61 6
62 2
62 12
62 19
62 25
62 41
62 171
63 7
65 4
65 10
65 16
65 17
66 87
66 88
66 90
66 95
66 98
66 100
66 102
67 5
67 10
67 13
67 16
67 24
67 45
67 48
67 57
67 75
67 81
67 85
67 87
68 88
68 122
68 129
68 143
68 153
68 154
68 163
68 166
68 167
68 174
69 12
69 16
70 2
70 29
70 32
70 34
70 42
70 47
70 51
70 52
70 57
70 63
70 74
70 82
70 89
70 90
70 93
70 99
70 102
70 103
70 104
70 109
70 116
70 119
70 124
70 125
70 128
72 16
72 17
72 18
72 22
72 24
72 34
72 50
72 53
72 55
72 57
72 58
72 64
72 66
72 70
73 3
73 8
74 5
74 6
75 1
75 12
75 26
75 27
75 28
75 31
75 35
75 37
75 42
75 46
75 55
75 59
75 66
75 98
75 100
75 117
75 120
75 130
75 136
75 137
75 140
75 144
75 145
75 152
75 160
75 162
75 176
75 178
77 29
77 33
77 36
77 45
77 47
77 51
77 54
77 57
77 58
77 60
77 61
77 65
77 74
77 76
77 94
77 104
77 109
77 121
77 129
77 135
77 138
77 140
77 143
77 147
79 36
79 47
79 54
79 55
79 56
79 65
79 74
79 75
79 85
79 88
79 98
79 99
79 106
79 113
79 122
79 160
79 162
79 169
79 171
80 76
80 80
80 81
80 89
80 98
80 100
81 1
81 6
81 12
81 13
81 17
81 25
81 26
81 27
81 30
81 32
81 36
81 38
81 40
81 51
81 59
81 61
81 74
81 90
81 91
81 92
81 95
81 99
81 103
81 107
81 110
81 113
81 114
81 118
81 123
81 124
81 137
81 146
81 149
81 156
81 162
81 163
81 166
81 186
81 190
81 192
81 199
81 201
82 1
82 16
82 31
82 35
82 36
82 38
82 48
82 53
82 63
82 71
82 78
83 6
83 10
83 13
83 15
83 16
83 20
83 23
83 24
84 11
84 37
84 38
84 42
84 63
84 64
84 66
84 79
84 82
84 91
84 93
85 11
86 42
86 45
86 50
86 51
86 62
86 66
86 77
86 78
86 83
86 84
86 86
86 93
86 97
86 98
86 106
86 112
86 114
86 115
88 29
88 33
88 36
88 43
89 11
89 14
91 68
91 74
91 79
91 89
91 92
91 96
91 100
91 111
91 118
93 33
94 2
94 19
94 23
94 28
94 34
94 40
94 45
94 46
94 71
94 76
94 79
95 1
95 24
95 28
95 30
95 43
95 47
95 53
97 81
97 83
98 10
98 15
98 17
98 35
98 37
98 39
98 41
98 51
98 59
98 61
98 62
98 63
98 65
99 20
99 27
99 28
99 30
99 34
99 42
99 56
99 69
99 75
99 81
99 82
99 85
99 87
99 95
99 98
99 100
99 102
99 119
99 121
102 34
102 45
102 53
102 54
102 61
102 67
102 74
102 76
102 79
102 107
103 2
103 4
103 6
103 7
104 4
104 5
104 6
104 17
105 37
105 46
106 17
106 19
107 79
108 1
108 13
108 28
108 44
108 50
108 69
109 38
109 53
109 57
109 70
109 72
109 81
109 82
110 1
110 3
110 10
110 12
110 36
110 47
110 49
111 10
111 12
111 16
111 18
112 8
112 15
112 29
112 48
112 74
112 78
112 79
113 60
113 68
113 69
113 83
113 91
113 97
113 116
113 130
