1 2
1 3
1 14
1 17
1 18
1 28
1 31
2 74
3 2
3 3
3 5
3 6
3 11
3 17
3 21
3 32
3 35
3 46
3 47
3 52
3 62
3 69
3 76
3 85
3 87
3 90
3 104
3 132
4 1
4 11
4 15
4 18
4 25
4 27
4 32
4 35
4 40
4 41
4 45
4 47
4 52
4 65
4 69
4 95
4 103
4 106
5 18
5 37
5 40
5 42
5 54
5 55
5 59
5 60
5 73
5 75
5 77
5 89
5 95
5 96
5 100
5 112
5 130
5 133
5 134
5 206
5 231
5 232
5 235
5 239
5 246
5 271
5 281
5 283
5 286
5 289
5 296
5 297
9 23
9 28
9 30
9 37
9 43
9 45
9 49
9 50
9 51
9 54
9 58
9 72
9 74
9 90
9 96
9 99
9 103
9 104
9 110
9 116
10 42
10 43
10 47
10 50
10 56
10 59
10 65
10 73
10 76
10 77
10 86
10 87
10 89
10 92
10 97
10 103
10 105
10 108
10 113
10 115
10 116
10 118
10 121
10 125
10 127
10 130
10 139
10 150
10 151
10 167
10 168
10 175
10 178
10 179
10 185
10 188
10 192
10 204
10 206
10 212
10 219
10 222
10 230
10 241
10 242
12 15
12 17
13 16
13 17
13 25
13 31
13 46
13 49
13 61
13 63
13 64
13 65
13 84
13 94
14 5
14 6
14 7
14 25
15 5
15 7
15 10
15 13
16 1
16 13
16 27
16 58
16 59
16 70
16 74
16 75
16 79
16 82
16 212
17 17
17 21
17 23
17 25
17 35
17 39
17 46
17 52
17 53
17 59
18 11
18 18
18 26
18 152
18 161
18 162
19 1
20 1
20 2
20 4
20 13
20 30
20 41
20 48
20 54
20 58
20 68
20 79
21 9
21 10
21 21
21 27
21 39
21 40
21 44
21 48
21 51
21 55
21 56
22 2
22 9
22 13
22 14
22 19
22 38
23 3
24 20
24 27
24 157
24 159
25 62
26 2
26 7
26 20
26 23
26 24
27 5
27 7
27 8
27 9
27 34
28 2
28 7
28 9
28 12
28 23
28 30
28 37
28 42
28 61
28 62
28 78
28 86
28 87
28 99
28 104
28 111
28 122
28 133
28 135
28 141
28 164
28 165
29 9
29 61
29 67
30 20
31 28
31 30
31 31
31 35
31 38
31 41
31 46
31 48
31 50
31 53
31 55
32 98
32 100
32 158
32 160
32 166
32 167
32 173
33 7
33 11
33 18
33 24
33 26
33 27
33 30
33 39
33 48
33 52
33 54
33 61
33 65
33 87
33 89
33 105
33 114
33 117
33 123
33 127
33 139
33 142
34 80
34 84
34 112
34 113
34 143
34 150
35 1
35 7
35 16
35 17
35 20
35 21
35 25
35 39
35 41
35 45
35 50
35 59
35 62
35 74
35 77
35 116
35 117
36 10
36 11
36 15
36 25
36 33
37 10
37 11
37 25
37 27
37 38
37 46
37 50
37 52
37 56
38 1
38 3
39 3
39 5
39 11
39 14
39 18
39 21
39 22
39 25
39 26
39 29
39 37
39 44
39 47
39 50
39 53
39 54
39 62
39 64
40 5
40 6
41 6
41 8
41 13
41 17
41 18
41 28
41 29
41 41
41 42
41 48
41 49
41 55
41 58
41 60
41 61
41 64
41 68
41 70
41 71
41 92
41 109
41 148
42 1
42 9
42 16
42 17
42 24
43 8
43 18
43 28
43 47
43 52
43 53
43 55
43 60
43 63
43 137
43 143
43 162
43 176
43 183
43 190
43 193
43 195
43 207
43 214
43 233
43 238
43 253
43 262
43 264
43 278
43 281
43 282
43 284
43 305
43 306
43 309
43 316
43 317
43 323
43 324
44 11
44 14
44 22
44 24
44 28
44 29
44 30
44 33
44 35
44 43
44 44
44 51
46 4
46 5
46 8
46 26
46 32
46 34
46 44
46 47
46 53
46 54
46 65
46 70
47 29
47 47
47 53
47 66
47 71
47 72
47 76
47 90
47 97
47 112
49 5
49 9
49 10
49 13
49 14
49 30
49 31
49 34
51 3
51 8
51 10
51 13
51 15
51 18
51 26
51 53
51 59
51 61
51 72
51 73
51 91
51 92
51 106
51 107
52 7
52 48
52 49
53 7
53 9
53 15
53 22
53 26
53 32
53 44
53 48
53 52
53 54
53 57
53 62
53 68
53 76
53 77
53 82
53 94
53 104
53 112
53 134
53 137
54 2
55 4
55 12
55 14
55 43
55 50
55 51
55 67
55 74
55 76
55 85
56 1
56 6
56 12
56 134
56 153
56 155
56 164
56 167
56 171
56 172
56 174
56 177
57 40
57 45
57 47
57 50
57 54
57 75
57 90
57 105
57 110
57 117
57 125
59 70
59 81
59 91
59 101
59 105
60 12
60 20
60 23
60 28
60 33
60 42
60 44
60 50
60 60
60 68
60 76
60 79
60 80
60 84
61 38
61 42
61 56
62 15
62 23
62 25
62 32
62 34
62 35
62 52
62 57
63 1
63 4
63 5
63 6
63 67
63 72
63 75
63 83
63 215
63 216
63 217
63 220
63 231
63 233
63 235
63 238
63 247
63 249
63 257
63 263
63 268
63 275
63 280
63 289
64 3
64 5
65 2
65 4
66 21
66 23
66 31
67 2
67 14
67 20
67 26
67 29
68 5
68 8
68 23
68 25
68 27
68 28
70 34
70 41
71 1
71 5
71 6
71 7
71 10
72 2
72 7
72 9
72 11
72 27
72 76
73 6
73 26
73 33
73 35
73 50
73 65
73 68
73 73
73 75
73 78
74 3
74 4
74 7
74 14
74 25
74 29
74 35
74 39
74 44
74 49
74 56
74 62
74 64
74 65
74 69
74 74
74 80
74 83
74 84
74 92
74 93
74 98
74 105
74 107
74 118
74 120
74 126
74 132
74 134
74 136
74 140
74 153
74 156
74 161
76 33
76 38
76 40
76 42
76 50
76 56
76 76
76 82
77 3
77 4
77 8
77 14
77 18
77 20
77 23
77 25
77 36
78 5
78 8
78 10
78 19
78 23
78 33
78 38
78 43
78 48
78 51
78 57
78 58
78 60
78 69
78 78
78 80
78 81
78 88
78 91
79 1
79 5
79 6
79 11
79 14
79 16
80 16
81 7
81 27
81 44
81 45
81 48
81 59
82 39
82 141
82 156
82 160
83 81
85 5
85 17
85 21
86 6
86 10
86 13
86 23
86 27
86 30
86 37
86 39
86 40
86 42
86 45
87 2
87 28
87 38
87 39
87 41
87 46
87 63
87 70
87 71
87 73
87 84
87 85
87 92
88 6
88 7
88 10
88 14
88 20
88 23
88 24
88 27
88 32
88 36
88 38
88 47
88 55
89 28
89 37
89 60
89 61
89 66
89 70
89 77
89 78
89 81
89 85
89 94
89 98
89 113
89 118
89 120
89 127
90 4
90 5
90 6
90 15
90 31
90 33
91 6
91 9
91 26
91 34
91 132
91 138
91 148
91 155
91 159
91 160
91 162
91 163
91 169
91 174
91 175
91 180
91 185
91 196
91 198
91 205
92 13
92 18
92 25
92 28
92 33
92 62
92 71
92 83
92 93
93 5
93 13
95 39
95 41
95 43
95 44
95 49
95 51
96 87
96 89
96 98
96 100
96 103
96 107
96 124
96 125
96 129
96 130
96 135
96 138
97 1
97 42
97 43
97 70
97 191
97 195
97 204
97 220
97 222
97 223
97 268
97 270
97 276
97 277
98 1
98 5
98 7
98 11
98 19
98 20
98 21
98 24
98 28
98 53
98 56
99 20
99 92
99 94
99 99
99 106
99 109
99 110
99 112
99 118
99 120
100 4
100 7
100 14
100 15
101 2
101 6
101 7
101 26
101 36
101 38
101 40
102 3
102 4
102 22
102 32
102 38
103 1
103 12
103 110
103 111
103 121
103 123
103 125
103 128
103 131
103 134
103 143
103 159
103 160
103 163
