1 4
4 2
4 6
4 14
4 15
4 18
4 25
4 30
4 35
4 42
4 101
4 109
4 122
4 135
4 136
4 137
4 152
4 153
4 155
4 157
5 3
5 4
5 12
5 13
5 18
5 20
5 33
5 39
6 63
6 65
6 70
6 84
6 92
6 97
6 98
6 114
6 117
6 126
6 132
6 142
7 13
7 14
7 20
8 2
8 3
9 1
9 4
9 5
9 7
9 8
9 14
10 2
10 6
10 7
10 14
10 37
10 46
10 50
10 51
10 56
10 57
10 60
10 64
10 73
10 74
10 77
10 81
10 82
10 92
11 1
11 3
11 5
12 4
12 16
12 20
12 22
12 23
12 28
12 38
12 39
12 40
13 7
13 8
13 15
13 16
13 17
13 19
13 26
13 28
13 29
13 37
13 40
13 42
13 48
13 55
13 57
13 61
13 66
13 81
14 3
14 7
14 10
14 27
14 28
14 30
14 32
14 33
14 35
14 51
14 58
14 59
14 60
14 65
14 71
14 73
18 16
18 20
18 25
18 32
18 37
18 60
18 65
18 67
20 30
20 36
20 37
20 41
20 47
20 56
20 58
21 69
21 73
21 81
21 82
21 87
21 88
21 89
21 92
21 94
23 46
24 2
24 10
24 16
24 21
24 28
24 32
24 39
24 50
24 53
24 55
24 61
24 66
24 77
24 85
24 86
24 195
24 198
24 206
24 209
24 211
24 214
24 219
24 221
24 227
24 232
24 233
24 235
24 237
24 239
24 243
24 253
24 262
24 279
24 284
25 3
25 8
25 12
25 14
25 26
25 27
25 28
25 32
25 49
25 55
25 84
25 89
25 93
25 101
25 108
25 109
25 118
25 120
25 126
25 129
25 135
27 9
27 20
27 23
27 25
27 27
27 29
27 49
28 3
28 7
28 8
28 12
28 14
28 18
28 22
28 27
28 36
28 38
28 45
28 49
28 53
28 57
28 60
28 65
28 68
28 69
29 4
29 14
29 16
29 30
29 33
29 35
29 37
29 42
29 95
29 100
29 105
29 108
29 112
29 113
29 120
29 127
29 133
29 145
29 157
29 177
29 181
29 186
29 191
29 192
29 202
29 203
29 205
29 207
29 222
29 228
29 230
29 278
29 280
29 281
29 284
29 286
29 292
29 293
29 296
29 298
29 299
29 300
29 302
30 13
30 24
30 35
30 36
30 38
30 39
31 1
31 2
31 4
31 11
31 16
31 39
31 46
31 49
31 50
31 53
31 57
31 58
31 59
32 2
32 9
32 15
32 147
32 151
32 152
32 154
32 157
32 160
32 167
33 2
33 5
33 13
33 17
33 19
33 86
33 94
33 110
33 117
33 123
33 128
33 136
33 144
34 7
34 13
34 23
34 26
34 29
34 32
34 36
35 12
35 18
35 20
35 21
35 28
35 36
35 37
35 39
35 44
35 45
35 46
36 11
36 28
36 29
36 43
36 44
36 48
36 59
36 66
36 67
36 68
36 71
36 72
36 78
36 86
36 90
36 92
36 95
37 30
37 33
37 44
37 54
38 84
39 6
39 7
39 9
41 14
41 16
41 21
41 35
41 43
41 46
41 60
41 64
41 68
41 76
41 94
41 96
41 97
41 100
41 116
41 121
42 26
42 27
42 32
42 37
42 52
42 56
42 59
42 61
42 64
42 79
42 87
42 91
42 93
42 96
42 97
42 99
42 103
42 104
42 113
42 115
43 4
43 5
43 20
43 21
43 24
43 25
43 37
43 39
43 45
43 58
43 62
43 70
43 90
45 57
45 59
45 63
46 25
46 28
47 85
47 95
47 97
47 177
47 179
47 182
47 190
47 193
47 196
47 213
47 225
47 234
47 250
47 252
47 256
47 263
48 4
48 7
48 13
48 16
48 18
48 22
48 24
48 41
48 51
48 57
48 58
48 67
48 73
48 82
48 83
48 90
48 92
48 101
48 102
48 108
48 118
48 237
48 238
48 254
48 265
48 284
48 293
48 295
48 296
48 321
48 322
48 324
48 337
48 341
49 15
49 20
49 26
49 30
49 34
49 45
49 55
49 62
49 64
49 71
49 73
49 79
49 88
49 89
49 92
49 109
49 111
49 115
49 147
49 163
49 169
49 174
49 175
49 187
49 191
49 199
49 201
49 206
49 213
49 217
49 223
49 225
49 232
49 236
49 244
49 250
49 255
49 256
49 260
49 264
49 277
49 284
49 285
49 289
49 292
49 293
49 299
49 309
49 316
49 329
49 331
49 337
49 352
49 361
49 364
49 372
49 399
50 1
50 7
50 9
50 14
50 20
51 22
51 23
51 29
51 30
51 42
51 44
51 45
51 46
51 47
51 54
51 55
51 59
51 61
51 81
51 84
51 85
51 89
51 90
51 91
51 101
51 103
51 111
51 112
51 120
52 1
52 4
52 5
52 8
52 10
52 12
53 3
53 6
53 17
53 21
53 22
53 26
53 27
53 78
53 83
53 85
53 95
53 97
53 98
53 107
53 110
53 114
53 120
53 121
54 4
54 6
54 9
54 16
54 32
54 37
54 39
54 48
54 60
54 71
54 77
55 3
55 10
55 17
55 20
55 21
55 22
55 28
55 37
55 55
55 59
55 64
55 73
55 84
55 88
55 93
55 95
55 104
57 36
57 38
57 46
57 61
57 70
57 72
57 74
57 76
57 85
57 94
57 109
57 110
57 111
57 115
57 120
57 127
57 258
57 261
58 53
58 66
58 67
58 71
58 72
58 73
59 1
59 10
59 20
59 24
59 26
59 31
59 42
59 48
59 49
59 57
59 58
59 65
59 76
59 80
59 82
59 96
59 97
59 108
59 124
59 125
59 134
59 136
59 137
59 144
60 3
60 10
60 13
60 16
60 20
60 24
60 29
60 39
61 1
61 11
61 12
61 17
61 18
61 27
61 28
61 30
61 53
61 64
61 67
61 73
61 81
61 85
61 100
62 2
63 1
63 47
64 4
64 11
64 13
64 18
64 23
64 34
64 36
64 42
64 48
64 51
64 56
64 58
64 60
64 95
64 113
64 120
64 124
64 128
64 134
64 136
64 140
64 149
64 159
64 179
64 182
64 185
64 189
64 191
64 249
64 250
64 251
64 252
64 254
64 255
64 258
64 259
64 268
64 272
64 276
64 290
64 291
64 296
64 305
65 124
65 145
66 1
66 2
66 5
66 6
66 11
66 17
66 30
66 32
66 130
66 138
66 140
66 146
66 148
66 151
66 152
66 164
66 167
66 178
66 182
66 191
66 205
66 210
66 211
67 3
67 19
67 26
67 35
67 51
68 5
68 23
68 30
68 34
68 41
70 6
71 7
71 13
71 20
71 26
71 27
71 28
71 33
71 38
71 73
71 76
71 77
71 91
71 93
71 98
71 101
71 109
71 114
71 117
71 119
71 120
71 123
71 223
72 1
72 5
72 11
72 12
72 16
72 28
72 43
72 55
72 57
73 8
73 9
73 16
73 22
74 10
74 28
74 30
74 33
74 36
74 38
74 42
74 45
74 47
74 49
75 20
75 40
75 50
75 62
75 63
75 65
77 2
78 106
78 117
79 2
79 3
79 7
79 13
80 3
80 11
80 21
80 26
80 27
80 33
80 40
80 43
80 53
80 58
80 61
80 62
80 67
80 69
82 66
82 71
82 73
82 76
82 82
82 86
82 96
82 106
83 1
83 76
83 77
84 8
84 11
84 15
84 22
84 28
84 29
84 32
84 36
84 54
84 56
84 59
85 12
85 18
85 33
85 36
85 37
85 38
85 40
85 46
85 48
85 76
85 80
85 81
85 87
85 92
85 95
85 100
85 103
85 104
85 111
85 118
85 136
85 142
85 156
85 157
85 159
85 162
85 170
85 173
85 178
85 183
85 186
85 256
85 269
85 289
85 290
85 297
85 301
85 307
85 310
85 337
85 338
85 340
85 358
85 359
85 362
85 366
85 367
85 379
85 383
85 389
85 396
85 404
85 406
85 407
85 411
85 425
86 4
86 7
87 23
87 32
87 34
88 1
88 3
88 4
88 13
88 14
89 10
89 11
89 12
89 13
89 18
89 27
89 28
89 41
89 58
89 64
89 68
89 95
89 104
89 107
89 122
89 125
89 129
91 3
91 4
91 5
91 11
91 12
91 23
91 24
92 90
92 103
92 106
92 111
92 112
92 121
92 136
92 147
92 148
92 150
92 152
92 159
92 163
92 167
92 168
92 170
92 179
92 188
92 198
92 202
92 203
92 209
92 227
92 233
92 235
92 239
92 242
92 252
92 263
93 1
93 7
93 9
93 10
93 18
93 22
93 24
93 28
94 2
94 5
96 51
97 8
97 14
97 20
97 26
97 27
97 35
97 54
97 56
102 44
102 46
102 51
102 53
102 56
102 74
102 76
102 77
102 82
102 101
102 164
102 171
102 177
102 182
102 194
102 197
102 213
102 226
102 227
102 231
102 234
102 235
102 242
102 250
102 254
102 257
102 260
102 262
102 263
102 267
102 268
102 277
102 286
102 288
102 299
102 303
