2 3
2 6
2 20
2 21
2 25
2 26
2 29
2 30
2 34
2 37
2 79
2 97
3 15
3 20
3 21
3 23
3 32
3 33
3 51
3 54
3 61
3 62
3 83
3 86
3 103
3 118
3 123
3 135
4 14
4 17
4 23
4 26
4 28
5 20
5 31
6 7
6 13
6 18
6 21
6 22
6 23
6 27
6 32
6 34
6 38
6 41
6 193
6 196
7 6
7 8
7 10
7 11
7 17
7 24
7 32
7 33
7 38
7 45
7 48
7 50
7 54
7 55
8 3
8 9
8 14
8 16
8 19
8 21
8 22
8 26
8 27
8 42
8 43
8 49
8 59
8 69
8 79
8 80
8 111
8 115
8 119
8 121
11 1
11 10
11 13
11 14
11 19
11 28
11 36
12 9
12 12
12 13
12 18
12 24
12 37
13 5
13 18
14 18
14 22
14 24
14 30
14 37
14 43
14 47
14 181
15 3
15 9
15 20
15 24
15 32
15 34
15 42
15 45
15 52
15 56
15 62
16 17
16 35
16 52
16 60
16 62
16 66
16 72
16 78
16 87
16 93
16 99
16 103
16 104
16 109
16 114
16 126
16 128
16 131
16 134
16 141
16 145
16 149
16 169
16 173
17 1
17 18
17 26
17 27
17 36
17 38
17 47
17 48
17 49
17 50
17 51
17 66
18 113
18 117
18 125
18 127
18 130
19 4
19 33
19 34
19 35
19 45
19 59
19 72
19 77
19 85
19 90
19 91
19 95
19 107
19 114
19 115
19 118
19 121
19 127
19 131
19 135
19 139
19 152
19 237
19 239
19 250
19 271
19 279
19 290
19 301
19 306
19 312
19 313
19 316
19 323
19 326
19 331
19 426
19 431
19 436
19 438
19 443
19 447
19 453
19 461
19 462
19 468
19 478
19 488
19 495
19 500
19 502
19 508
19 598
19 605
19 606
19 608
19 613
19 614
19 616
19 627
19 631
19 633
19 636
19 641
19 656
19 660
19 665
19 666
20 6
20 8
21 29
23 7
23 17
24 33
24 38
24 40
24 43
24 45
24 56
24 61
24 65
24 75
24 79
24 83
24 100
24 101
24 102
24 104
24 149
24 151
24 154
24 164
24 165
24 174
24 175
24 181
24 182
24 184
24 187
24 215
25 1
25 7
25 8
25 11
25 13
25 14
25 20
25 24
25 25
25 28
25 30
25 34
25 42
25 45
25 53
26 3
26 21
26 29
26 34
26 37
26 56
26 57
26 58
26 59
26 69
26 70
27 13
27 14
27 19
27 21
27 23
27 32
27 33
27 35
27 38
27 39
27 43
27 78
27 81
27 85
27 86
27 92
27 106
27 118
27 120
28 9
28 10
28 12
28 21
28 24
28 25
28 105
28 106
28 113
29 18
29 26
29 41
29 42
29 50
29 52
29 56
29 61
29 65
29 67
30 10
30 15
30 21
30 26
30 39
30 49
30 53
30 59
30 72
30 131
30 132
30 134
30 136
30 138
31 1
31 7
31 11
31 12
31 15
31 23
31 32
31 45
31 48
32 10
32 16
32 18
32 19
32 27
32 43
32 46
32 47
32 52
32 57
32 58
32 64
32 74
32 92
33 3
33 5
33 9
33 12
34 37
34 38
34 41
34 179
34 195
34 199
34 203
34 207
34 212
34 215
34 219
34 292
34 294
34 296
34 302
34 303
34 308
35 4
36 1
36 8
36 23
36 25
36 26
37 9
37 15
37 17
37 39
37 49
37 51
37 53
37 60
37 67
37 72
37 77
37 80
37 83
37 85
37 86
37 88
37 90
37 95
39 3
39 5
39 22
39 23
39 39
39 58
39 66
39 68
39 71
39 73
39 78
39 79
39 90
39 91
39 92
39 93
39 99
39 138
39 139
40 4
40 6
40 8
40 12
40 13
40 15
40 18
40 23
40 25
40 31
40 52
40 54
40 56
40 60
40 61
40 69
40 72
40 84
40 85
40 93
40 95
40 99
40 107
40 116
40 119
40 126
40 128
40 132
40 137
40 145
40 149
40 288
40 291
40 293
40 299
40 304
40 305
40 314
40 322
40 330
40 339
40 340
40 342
40 358
41 29
41 30
41 32
42 8
42 14
42 18
42 20
42 23
43 34
44 1
44 4
44 9
44 14
44 15
44 18
44 30
44 42
44 59
44 60
44 64
44 75
44 85
44 87
44 90
44 95
44 99
44 100
44 104
44 119
44 121
44 125
45 16
45 30
46 3
46 9
46 14
46 128
46 156
46 160
46 176
46 179
47 2
47 3
47 4
47 12
47 33
47 39
48 4
48 7
48 8
48 15
48 31
48 42
48 46
49 1
49 3
50 7
50 11
50 15
50 21
50 24
50 30
51 2
51 5
51 12
51 16
51 17
51 20
51 21
51 44
51 50
51 52
51 60
52 1
52 7
52 11
52 19
52 24
52 30
52 31
54 19
54 24
54 29
54 30
54 36
54 37
54 39
54 52
54 59
54 68
54 73
54 83
54 86
55 22
59 6
59 19
60 2
60 16
60 19
60 21
60 23
60 24
60 26
60 40
60 44
60 177
60 178
60 183
60 187
60 188
60 320
60 326
60 352
60 353
60 361
60 366
60 438
60 514
61 1
61 8
61 14
61 15
61 25
61 32
61 41
61 42
65 13
65 53
65 63
65 68
65 85
67 4
67 7
67 9
67 15
67 165
68 8
68 16
68 26
68 34
68 40
68 41
68 46
68 49
68 56
68 63
68 65
68 73
68 79
68 82
68 85
68 89
68 90
68 93
68 96
68 132
68 156
68 157
68 169
68 171
68 174
68 176
69 110
69 112
69 125
69 130
69 134
69 139
69 149
69 154
69 155
69 162
69 175
69 182
69 186
69 188
69 214
69 218
69 219
69 225
73 20
73 22
73 25
73 31
73 42
73 44
73 52
73 59
73 65
73 69
74 5
74 8
74 9
74 14
75 17
75 19
75 21
75 23
75 24
75 30
75 31
75 36
78 30
78 33
78 35
78 45
78 54
78 57
78 59
78 62
78 64
78 67
78 69
79 1
79 3
79 6
80 14
80 28
80 47
80 51
80 53
80 61
80 64
80 96
81 6
81 17
81 23
81 30
81 35
81 41
81 44
82 9
82 18
82 22
82 23
82 25
82 27
82 37
82 42
82 43
82 44
82 50
82 53
82 54
82 56
82 59
82 66
82 75
82 76
82 86
82 111
82 112
82 117
82 121
82 124
82 126
82 131
82 133
82 148
82 155
82 157
82 161
82 166
82 168
82 172
82 173
82 175
82 179
82 180
82 183
82 184
82 186
83 1
83 4
83 10
83 20
83 41
83 42
83 55
83 56
83 57
83 61
84 23
84 24
84 30
84 31
84 34
85 3
85 5
85 69
85 80
85 90
85 91
85 97
85 109
85 113
85 120
85 125
85 132
85 135
86 16
86 25
86 28
86 29
86 33
86 55
87 19
87 25
87 45
87 60
87 67
87 68
88 8
88 22
88 24
88 45
88 56
88 62
88 63
88 66
88 71
88 78
88 81
88 86
88 87
89 7
89 9
89 29
90 74
91 2
91 5
91 7
91 52
91 59
91 64
93 48
93 54
93 68
95 50
95 56
95 61
95 80
95 85
95 86
95 88
95 90
95 93
95 106
95 183
95 187
95 200
95 207
96 7
97 8
97 12
97 17
97 23
97 39
98 1
98 3
98 6
98 17
98 19
98 30
98 33
99 104
99 114
99 116
99 117
99 129
99 131
99 132
101 2
101 9
101 25
101 31
101 35
101 45
101 46
101 54
102 3
102 7
102 13
102 14
102 24
102 25
102 33
102 34
103 1
103 7
103 10
103 18
103 21
103 24
103 28
103 30
103 34
103 38
103 39
103 42
103 50
103 52
103 55
103 60
103 63
103 67
104 5
104 8
104 9
104 18
104 20
104 41
107 21
107 23
107 29
107 30
107 32
107 39
109 12
109 15
109 16
109 38
109 41
109 43
109 55
109 57
109 70
109 77
109 85
110 1
110 2
110 27
110 31
110 46
110 58
110 60
110 62
110 63
110 66
110 68
110 69
110 71
110 87
110 93
111 101
111 102
111 111
111 127
111 137
111 152
