1 1
1 8
1 12
1 14
1 144
1 146
1 163
1 165
1 166
1 170
1 187
2 10
2 22
3 1
3 15
3 24
4 22
4 36
4 37
4 45
4 48
5 31
5 35
5 50
5 60
5 65
5 69
5 70
5 71
5 83
7 2
7 4
7 6
7 7
9 70
9 83
10 3
10 5
10 18
10 22
10 30
11 10
11 11
11 13
11 16
11 20
11 21
11 37
11 38
11 41
11 54
11 55
11 60
11 67
11 70
11 74
11 75
11 78
11 79
11 81
11 82
11 87
11 96
11 97
11 98
11 99
11 103
11 193
11 195
11 200
11 205
11 206
11 212
11 238
11 239
11 241
11 243
11 250
11 251
11 263
12 7
12 10
12 25
12 32
13 3
13 12
13 13
13 28
13 33
13 35
13 37
13 43
13 48
13 51
13 55
16 11
16 12
16 13
16 18
16 19
16 25
16 29
18 3
18 9
19 10
19 23
19 32
19 34
19 40
19 42
19 56
20 14
20 17
20 25
20 33
20 39
20 54
20 55
20 59
20 72
21 10
21 16
21 18
21 19
21 28
21 39
21 42
21 47
21 48
21 51
21 53
21 110
21 122
21 126
21 134
21 137
21 138
21 145
21 146
21 154
21 156
21 161
21 162
21 170
21 183
21 187
23 29
24 6
24 8
24 12
24 13
24 17
24 21
24 31
24 34
24 42
24 43
24 45
24 46
24 65
24 68
24 69
24 74
24 75
24 80
24 93
24 95
24 101
24 102
25 3
30 24
31 10
31 12
31 25
31 35
32 22
32 29
32 47
32 55
32 57
32 66
32 77
32 94
32 101
32 110
32 116
32 118
32 121
35 13
35 14
35 21
35 48
35 65
35 72
35 94
35 96
35 98
35 113
35 116
35 118
35 119
35 123
35 147
35 151
35 161
35 164
35 179
35 187
35 199
35 209
35 215
35 221
35 223
35 224
35 228
35 230
35 231
35 235
35 236
35 238
35 256
35 289
35 290
35 294
35 295
35 300
35 306
35 309
35 311
35 313
35 320
35 326
35 328
36 4
37 110
37 112
37 114
37 120
37 124
37 128
37 134
37 140
38 2
38 3
38 13
38 25
38 31
38 35
38 36
38 52
38 53
38 58
38 67
38 73
38 77
38 84
38 90
38 93
38 95
38 101
38 102
38 105
38 107
38 109
38 111
38 116
38 117
38 121
38 137
38 138
39 53
39 57
39 192
39 196
39 197
39 200
39 205
39 211
39 213
39 226
39 227
39 237
39 242
39 243
39 252
39 283
39 285
40 16
41 1
41 2
41 4
42 1
42 18
42 36
42 44
42 45
42 51
42 59
42 60
42 63
42 66
42 68
42 72
42 76
42 84
42 88
42 94
42 103
42 104
42 112
42 114
43 7
43 11
43 16
43 27
43 28
43 37
43 38
43 43
43 45
43 48
43 57
43 61
43 69
43 76
43 87
43 89
43 92
43 97
43 100
43 101
43 104
43 119
43 121
43 128
44 8
44 31
44 41
44 45
44 57
44 59
44 64
44 65
44 66
44 67
44 78
44 79
45 2
45 7
45 12
45 18
45 24
45 26
45 42
45 44
45 66
45 67
45 75
45 94
45 95
45 96
45 101
45 105
45 115
45 126
45 128
45 149
45 155
45 157
45 161
45 162
45 169
45 176
45 177
45 180
45 183
45 187
45 190
45 193
45 197
46 11
46 17
46 18
46 24
46 25
46 31
46 35
46 37
46 46
46 48
46 80
46 81
46 82
46 86
46 104
46 120
46 124
46 128
46 130
46 131
47 10
47 13
47 18
47 29
47 32
47 46
47 47
48 5
48 12
48 13
48 19
48 29
48 30
48 33
48 34
48 40
48 41
48 43
48 53
48 87
48 97
48 98
48 101
48 102
48 103
48 107
48 113
48 121
48 167
48 168
48 170
48 173
48 174
48 179
48 187
48 189
48 210
48 213
48 215
48 216
48 226
48 244
48 246
48 248
48 254
48 260
48 266
48 273
48 279
50 19
50 20
51 1
51 16
51 32
51 35
51 36
51 37
51 40
51 44
51 45
51 50
51 56
51 57
51 58
51 63
51 66
51 68
51 76
51 79
51 80
51 82
51 84
51 86
52 10
52 18
52 25
52 32
52 36
52 39
54 6
54 10
54 12
55 97
55 99
55 107
56 24
56 26
56 28
56 32
56 34
56 36
56 48
56 62
57 14
57 17
57 21
58 5
58 8
58 16
58 17
58 19
58 23
58 25
58 26
58 36
58 41
58 46
58 49
58 62
59 8
59 78
61 5
61 16
61 20
61 49
61 54
61 55
61 56
62 2
62 6
62 8
65 10
65 24
65 27
65 31
65 38
67 25
67 37
67 41
67 43
67 44
67 45
67 47
67 49
68 4
68 7
68 12
68 21
68 28
68 33
68 34
68 37
68 50
68 54
68 61
68 64
68 67
68 76
68 80
68 87
68 119
68 120
68 123
68 166
68 171
69 7
69 13
69 17
69 25
69 30
70 9
70 16
70 25
70 32
70 33
70 42
70 47
70 50
70 57
70 61
70 71
70 74
70 75
70 79
70 87
70 125
70 129
70 137
70 143
70 144
70 145
71 4
71 6
71 10
71 15
71 16
71 24
71 27
71 30
71 33
71 35
71 37
71 45
71 49
71 56
71 62
71 72
71 74
71 75
71 78
71 99
71 101
72 11
72 33
72 36
72 37
72 38
72 42
72 45
72 58
72 69
72 77
72 79
72 84
72 101
72 117
72 120
72 124
72 126
72 135
72 136
72 137
72 147
72 151
72 152
72 154
72 160
72 161
72 162
72 165
72 174
74 125
74 134
74 137
74 142
74 146
74 148
74 150
75 9
75 20
75 51
75 52
75 57
75 62
75 64
75 69
75 70
76 9
76 13
78 73
78 74
78 98
78 104
81 4
81 12
81 15
81 16
81 23
81 28
81 35
81 36
81 38
81 39
81 42
82 24
82 28
82 31
82 38
82 48
82 50
84 3
84 7
84 9
84 12
86 19
86 23
86 32
86 35
86 42
86 43
86 45
86 54
86 55
86 56
87 2
87 15
88 7
88 12
88 27
88 37
88 39
88 47
88 49
88 58
88 60
88 63
88 64
88 71
88 88
88 96
90 35
91 71
91 80
91 81
91 82
91 88
91 89
91 91
91 98
91 100
91 124
93 7
93 10
94 8
94 12
95 2
95 3
95 10
95 11
95 16
95 30
95 32
95 37
95 47
95 48
95 50
95 54
95 57
95 59
95 60
95 62
95 64
96 37
96 52
96 57
96 64
96 80
96 84
96 91
96 92
96 94
96 95
96 108
96 119
96 128
96 131
96 137
96 139
96 153
96 164
96 168
96 169
97 5
97 7
97 95
97 139
97 140
100 1
100 5
100 6
100 7
100 18
101 6
104 11
104 25
104 33
104 36
104 47
104 48
104 49
105 36
105 41
105 54
105 73
105 79
105 82
105 97
105 99
105 114
105 116
105 119
105 127
105 129
105 148
105 153
105 161
105 169
105 174
105 230
105 255
105 263
105 269
105 279
105 298
105 307
105 308
105 309
105 312
105 350
105 359
105 365
105 370
105 375
106 7
106 10
106 17
106 38
107 4
107 5
107 33
107 34
107 37
107 43
107 50
108 8
108 9
108 21
108 30
108 37
108 42
108 45
108 47
108 49
108 50
108 56
108 58
108 86
108 99
108 100
108 112
108 113
108 210
108 221
108 224
108 229
108 234
108 235
108 238
108 251
108 252
108 255
108 257
108 258
108 266
108 272
108 273
108 280
108 409
108 412
108 419
108 425
108 432
108 437
108 438
108 439
108 440
108 442
108 443
109 10
109 24
109 25
109 28
109 31
109 47
109 51
109 54
109 56
109 59
109 61
109 63
109 67
109 74
110 24
110 27
110 28
110 43
110 45
110 46
110 48
110 51
110 57
110 61
110 64
110 68
112 4
113 3
113 5
113 6
113 18
114 8
114 12
114 13
114 15
114 62
114 65
114 69
114 83
114 85
114 92
114 95
114 96
114 102
114 105
114 111
115 8
115 10
115 19
115 25
115 26
115 38
115 42
116 1
116 14
116 17
116 31
116 42
116 45
116 53
116 54
118 77
118 82
118 86
118 90
119 68
119 73
119 74
119 78
119 93
120 2
120 3
120 6
120 13
120 20
120 27
120 33
121 14
121 34
121 52
121 54
121 59
121 68
121 74
121 87
121 89
121 90
121 92
121 94
121 100
121 103
123 47
123 62
123 68
123 72
123 74
123 80
123 83
123 92
123 106
123 117
123 118
123 120
123 122
123 126
123 138
123 147
123 151
123 152
123 165
124 10
124 13
124 25
125 10
125 11
125 13
125 16
125 18
125 21
125 22
125 29
125 34
125 35
125 37
125 47
126 1
126 8
126 11
126 14
126 19
126 21
126 29
126 34
126 44
