1 2
1 3
1 10
1 18
1 19
1 25
2 10
2 22
2 27
2 29
2 35
2 36
2 37
2 38
2 43
2 52
2 58
2 64
2 77
2 80
2 86
3 20
3 31
3 32
3 40
3 41
3 68
3 78
3 81
4 2
4 7
4 9
4 27
4 29
4 31
4 38
6 80
6 85
6 86
6 93
6 94
6 106
7 80
7 81
7 84
7 94
7 117
7 119
7 123
7 133
7 163
7 168
7 182
7 190
7 195
7 199
7 201
7 242
7 261
7 262
7 267
7 270
7 283
7 361
7 362
7 373
7 375
7 383
7 392
7 407
7 413
7 419
7 421
7 425
7 435
7 440
7 446
7 459
7 468
7 469
7 471
7 472
7 473
7 478
7 479
7 481
7 484
7 504
7 522
7 528
7 534
7 545
8 88
8 101
8 120
8 126
8 134
8 135
11 11
11 12
11 25
11 27
11 86
11 92
11 93
11 97
11 101
11 108
11 128
11 133
11 134
11 140
11 144
11 151
11 152
11 165
11 166
11 171
11 178
11 183
11 184
11 190
11 200
11 215
11 219
11 222
11 223
11 232
11 233
11 243
11 255
11 262
11 264
11 268
11 269
11 273
11 279
11 291
11 293
11 295
11 300
11 301
11 303
11 310
11 321
11 326
12 2
12 3
12 11
12 12
13 2
13 3
14 6
14 15
14 27
14 33
14 34
14 37
14 38
14 41
14 58
14 62
17 34
17 36
17 42
17 43
17 60
17 66
17 80
17 92
18 11
18 14
18 15
18 18
18 26
18 30
18 32
18 38
18 39
18 43
18 48
18 50
19 5
19 9
19 16
19 17
19 21
19 25
19 28
19 32
19 36
19 38
19 42
20 56
20 57
20 59
21 12
21 18
21 21
21 43
21 45
22 8
22 12
22 13
22 19
22 21
22 24
22 27
22 30
22 34
22 38
22 52
22 55
22 57
22 61
22 70
22 72
22 77
22 84
22 95
22 97
22 100
22 109
22 110
22 115
22 116
22 121
22 122
24 6
24 13
24 21
24 29
24 35
24 39
24 44
24 45
24 63
24 68
24 73
24 76
24 81
24 87
24 90
24 94
24 103
24 104
24 106
24 113
24 117
24 130
24 139
25 10
25 14
25 15
25 34
25 76
25 83
25 108
25 112
25 113
26 1
26 2
26 4
26 5
26 15
26 16
26 24
26 27
26 35
26 38
26 42
26 50
26 51
26 60
26 64
26 70
26 77
26 91
27 8
30 58
30 71
30 74
30 92
30 93
30 97
30 110
30 120
31 2
31 4
31 6
31 7
31 8
31 9
31 12
31 27
31 28
31 36
31 41
31 44
31 45
31 47
31 51
31 53
31 67
32 4
32 25
32 30
32 46
33 71
33 76
33 87
34 15
34 22
34 25
34 27
34 30
35 1
35 5
35 11
35 12
35 19
35 22
35 27
35 31
35 35
35 48
35 55
35 59
35 61
35 68
36 8
37 47
37 65
37 75
37 98
37 100
37 106
37 120
37 124
37 129
37 130
37 139
37 152
37 157
37 158
37 160
37 164
37 165
37 172
37 174
37 175
37 305
37 310
37 332
37 334
37 335
37 339
37 343
37 345
41 3
41 4
41 6
41 16
41 31
41 33
41 41
41 43
41 47
41 56
42 1
42 3
42 10
42 19
42 129
42 134
42 148
43 7
43 12
43 44
43 48
43 101
43 102
43 122
43 155
43 157
43 158
43 161
43 162
43 187
43 188
43 191
43 209
43 214
43 218
43 234
43 245
43 250
43 260
43 274
44 3
44 6
44 11
44 14
44 15
44 31
44 40
45 78
45 83
46 14
46 20
46 28
46 31
46 41
46 49
46 55
46 61
46 63
46 69
46 75
46 78
46 79
46 80
46 98
46 99
46 100
46 116
46 118
46 119
46 122
46 123
46 139
46 140
46 179
46 189
46 193
46 195
46 208
46 223
46 227
46 230
46 235
46 249
46 254
47 8
47 9
47 13
47 16
47 19
47 20
47 24
47 30
47 31
47 35
47 43
47 56
47 67
47 70
48 10
48 11
48 24
48 34
52 35
53 25
53 27
53 28
53 47
53 49
53 55
53 56
53 58
53 61
53 62
53 69
53 72
53 77
53 80
53 85
53 86
53 100
53 101
53 102
53 112
53 114
53 118
53 123
53 130
53 133
53 134
53 136
53 142
53 143
53 147
53 164
53 165
53 169
53 175
53 218
53 222
53 231
53 233
53 234
53 236
53 241
53 254
54 8
54 9
54 11
54 13
54 17
54 18
54 29
54 31
54 32
54 55
54 67
54 69
54 76
54 83
54 94
55 1
55 12
59 21
59 28
59 34
59 36
59 40
59 41
60 2
61 37
61 39
61 40
61 43
61 45
61 56
61 58
61 60
61 63
61 69
61 70
61 75
61 77
61 84
61 92
61 94
61 99
61 100
61 101
61 103
61 104
61 110
61 125
61 127
61 133
61 145
62 17
62 18
63 76
63 80
63 88
63 90
63 96
63 104
63 105
63 110
63 113
64 3
64 8
64 9
64 11
64 14
64 34
64 37
64 39
64 47
64 62
65 7
65 13
65 14
65 15
65 19
66 17
66 26
66 29
66 42
66 53
66 55
66 64
66 72
66 75
66 78
66 79
66 85
66 87
66 119
66 122
66 129
66 145
66 148
66 159
67 13
67 31
67 39
67 43
67 44
67 53
67 57
67 58
67 64
67 67
67 70
67 71
67 72
67 73
67 75
67 78
68 4
68 20
68 21
69 2
69 13
69 14
69 30
69 46
69 48
69 60
69 65
69 67
69 70
69 75
69 87
69 88
69 97
69 104
69 126
69 128
69 135
69 136
69 147
69 148
69 153
70 2
70 18
70 30
70 32
70 38
70 45
70 46
70 67
70 86
71 20
71 27
71 28
71 40
71 41
71 60
71 64
71 93
71 96
71 97
72 6
72 15
72 35
72 48
72 56
72 61
72 65
72 75
72 77
72 86
73 8
73 47
73 49
73 51
73 52
73 54
73 58
75 9
77 6
77 16
78 77
78 87
79 1
79 14
79 21
79 39
79 43
79 44
79 46
79 50
79 58
79 69
79 76
79 84
80 7
80 11
80 12
80 21
80 23
80 27
80 28
80 34
80 36
80 38
80 168
81 2
81 4
81 7
81 9
81 17
81 21
81 41
81 44
81 48
81 49
81 52
81 62
82 12
82 30
82 31
82 51
82 52
83 15
84 28
84 43
85 4
85 40
87 1
87 6
87 12
87 18
87 19
88 47
88 48
90 2
90 10
91 5
91 11
92 5
92 6
92 7
92 9
92 10
92 13
92 14
92 15
92 20
92 31
92 40
92 47
92 52
92 64
92 83
92 87
92 94
92 98
92 107
92 110
92 115
92 122
92 123
92 124
92 129
92 131
92 140
92 147
92 150
92 151
92 153
92 159
92 182
92 188
92 197
92 198
92 201
93 2
93 3
93 5
93 19
93 33
93 44
93 51
93 66
93 67
93 70
94 109
94 119
94 121
94 123
94 126
94 130
94 134
94 135
94 137
95 31
95 33
95 34
95 37
95 38
95 51
95 58
95 66
95 70
95 72
98 22
98 43
99 58
99 66
99 76
99 77
99 142
100 22
100 27
100 39
100 40
100 50
100 55
100 58
100 65
100 66
100 67
100 151
100 152
100 158
103 51
103 52
103 58
