1 5
1 20
1 23
1 24
1 26
1 27
1 29
1 31
1 35
1 38
1 43
1 49
1 55
1 128
1 129
1 140
1 142
1 145
1 148
1 153
1 154
1 160
3 14
3 16
3 17
3 22
4 2
4 3
4 15
4 16
4 17
4 20
4 30
5 29
5 34
5 39
5 73
5 74
5 81
5 83
5 85
5 93
5 95
5 108
5 112
5 118
5 124
5 129
5 150
5 163
5 170
5 181
6 1
6 3
6 6
6 19
6 24
7 61
7 75
7 95
7 103
7 105
7 106
7 111
7 113
7 136
7 139
7 142
7 144
7 146
7 162
7 164
8 76
8 83
8 97
8 99
8 102
8 103
8 109
8 111
8 117
8 123
8 130
8 167
8 185
8 188
9 50
9 52
9 56
9 61
9 64
10 5
10 6
10 7
10 16
11 13
11 18
11 20
11 26
11 27
12 4
12 10
12 26
12 32
12 37
12 40
12 49
12 56
12 62
13 11
13 14
13 26
13 27
13 32
13 39
13 47
13 52
13 56
13 59
13 60
13 74
13 77
13 92
13 95
13 97
13 98
13 108
13 117
14 5
14 7
14 12
14 116
14 120
14 124
14 125
14 134
14 271
14 277
14 278
14 292
14 303
14 316
14 334
14 339
14 342
14 346
14 354
14 375
14 378
14 380
14 381
14 382
14 397
14 406
14 408
14 409
14 416
14 437
14 567
14 572
14 585
14 586
14 589
14 590
14 594
14 599
14 604
14 608
14 612
14 613
14 614
14 618
14 621
16 18
16 19
17 1
17 3
17 5
17 15
17 27
17 29
17 34
17 39
17 42
19 32
20 3
20 6
20 7
20 12
20 15
20 21
20 27
20 37
20 47
20 75
20 79
20 82
20 93
20 101
20 107
20 110
20 119
20 120
20 124
20 129
21 5
23 4
23 5
24 100
24 105
24 108
24 115
24 118
24 130
24 134
24 141
25 4
25 7
25 11
25 15
25 25
25 28
25 82
25 87
25 90
25 93
25 101
25 102
25 111
25 117
25 122
26 1
26 4
27 26
27 33
27 34
27 36
27 39
27 46
27 52
27 54
27 68
27 72
27 76
27 81
27 82
27 93
27 96
27 98
27 101
27 113
27 118
27 120
27 128
27 132
27 136
27 141
27 143
27 145
27 150
27 155
27 156
28 40
28 48
28 61
28 77
28 79
28 85
28 98
28 112
28 116
28 125
28 133
28 142
28 143
28 147
28 149
28 154
28 157
28 158
28 167
28 170
28 180
29 35
29 49
29 52
29 56
29 59
29 60
29 194
30 7
30 18
30 23
30 24
30 35
30 41
30 45
30 50
30 51
30 53
30 55
30 57
30 59
30 65
30 69
30 72
30 73
30 82
31 2
31 11
31 19
31 25
34 8
34 11
34 13
34 39
34 46
34 55
34 62
34 65
34 74
34 78
34 153
34 158
34 164
34 177
34 185
34 186
34 191
34 192
34 195
34 196
34 199
34 204
34 205
34 206
34 216
34 218
34 220
34 246
34 249
34 250
34 381
34 385
35 33
35 41
35 46
35 51
35 55
35 57
35 63
35 67
35 77
35 81
35 82
35 84
35 85
35 98
35 99
35 102
35 115
35 122
35 128
35 130
36 6
36 9
36 10
36 17
36 28
37 17
37 22
37 24
37 29
38 13
38 19
38 36
38 61
38 63
38 64
38 68
38 70
38 76
38 84
38 87
38 90
38 93
38 95
38 99
39 2
39 6
39 10
39 12
39 16
39 25
39 27
39 31
40 14
40 32
40 38
40 48
40 49
40 50
40 65
40 67
40 74
40 81
41 56
41 57
41 59
41 63
41 69
41 75
41 97
41 98
41 105
42 1
42 4
42 7
42 13
42 18
42 33
42 38
42 39
42 42
42 45
42 49
42 63
42 65
42 66
42 70
42 75
42 76
42 85
42 86
42 93
42 99
42 113
42 114
43 4
43 14
44 7
44 9
44 17
49 32
49 33
49 37
49 39
49 41
49 43
49 48
49 50
49 52
49 60
49 66
49 67
49 78
49 83
49 89
49 91
49 108
49 109
49 112
49 114
49 115
49 120
49 122
49 138
49 140
49 149
49 161
51 11
52 5
52 13
52 19
52 23
53 1
53 10
55 4
59 18
59 29
60 2
60 15
60 16
60 21
60 23
60 38
60 40
60 53
60 62
60 65
60 66
60 72
60 78
60 80
60 81
60 85
60 93
61 1
61 5
61 8
61 15
62 11
62 12
62 18
62 23
62 29
62 44
62 47
62 48
62 55
62 56
62 64
62 69
62 74
62 77
62 80
62 87
62 88
62 94
62 96
62 98
62 130
62 132
62 133
62 148
62 150
62 158
62 159
62 166
62 174
62 179
62 182
62 190
62 193
62 204
62 208
62 212
62 222
62 281
62 285
62 288
62 290
62 301
62 302
62 304
62 310
62 316
62 319
62 322
62 327
63 20
63 36
63 39
63 47
63 107
63 108
63 110
63 113
63 114
63 116
64 73
64 90
64 151
64 153
64 154
64 156
64 302
65 4
65 6
65 13
65 15
67 21
67 23
68 5
68 7
68 16
68 18
68 30
68 31
68 37
68 45
69 9
69 12
72 25
72 30
72 40
72 42
72 43
72 58
72 63
72 66
73 2
73 7
73 9
73 21
73 27
73 28
73 36
74 44
74 47
74 51
74 63
77 11
77 12
77 17
77 18
77 19
77 23
77 24
77 26
77 29
77 32
77 37
77 38
77 51
77 53
77 57
77 61
77 70
77 71
77 73
77 74
77 82
77 94
77 96
77 97
77 101
77 105
77 116
77 122
77 126
77 150
77 171
77 172
77 173
78 1
78 2
78 15
78 16
78 21
78 22
78 26
78 46
78 47
78 67
78 68
78 73
78 74
78 77
78 79
78 82
78 84
78 126
78 127
78 137
78 139
78 140
78 146
78 156
78 160
78 169
78 187
78 190
78 193
78 205
78 211
78 225
78 231
78 236
78 237
78 244
78 252
78 261
78 264
78 270
78 271
78 276
78 279
79 12
79 14
79 22
79 24
79 25
79 29
79 30
79 32
79 49
79 50
80 1
80 13
80 20
80 25
80 40
80 44
82 26
82 29
82 38
82 41
82 42
82 53
82 56
84 2
84 6
84 10
84 13
84 21
85 9
85 13
85 14
85 29
85 31
85 36
85 37
86 6
86 7
87 41
87 43
87 47
87 48
88 2
88 58
89 12
89 13
89 18
89 19
89 31
89 50
89 51
89 55
90 5
90 29
90 31
90 35
90 42
90 44
91 9
91 18
91 26
91 34
91 37
91 39
91 41
91 48
91 55
91 56
91 191
91 195
91 196
91 223
91 237
91 245
91 247
91 254
91 259
91 271
91 275
91 387
91 388
91 392
91 397
92 1
92 10
92 21
92 24
92 29
92 32
92 78
93 59
93 79
93 82
93 85
95 1
95 3
95 6
95 7
95 10
95 11
96 3
96 10
96 14
96 17
96 18
96 20
96 25
96 37
96 42
96 46
96 47
96 53
96 54
96 56
96 108
96 110
97 6
97 7
97 30
97 37
97 62
97 75
97 79
97 82
97 88
97 94
97 95
97 96
97 232
97 236
97 240
97 253
97 310
97 314
97 315
97 321
97 322
97 347
97 348
97 350
97 359
97 365
97 371
97 373
97 374
97 385
97 394
97 396
97 397
97 402
97 405
97 406
97 425
97 426
97 429
97 435
97 437
97 438
97 448
97 449
97 463
97 467
97 472
98 9
98 13
98 14
98 17
98 18
98 26
98 32
98 33
98 43
98 51
98 61
98 69
98 103
98 108
98 113
98 115
98 119
98 120
98 125
98 126
98 133
98 141
98 156
98 165
98 182
98 195
98 199
98 200
98 218
98 225
98 228
98 231
98 236
98 239
98 247
98 248
98 252
98 259
98 262
98 281
98 296
98 301
98 304
98 307
98 308
98 323
98 325
98 329
98 334
98 339
98 349
98 361
98 371
98 376
98 378
99 5
99 11
99 14
99 15
99 20
99 22
100 71
