1 7
1 8
1 10
1 21
1 27
1 33
1 162
1 165
1 168
1 174
1 194
1 201
1 206
1 211
1 217
1 218
1 220
1 221
1 226
1 229
1 233
1 245
1 249
1 259
3 33
3 34
3 44
3 54
3 60
3 71
3 80
3 186
3 198
3 200
3 211
3 213
3 220
5 36
5 46
5 47
5 53
5 54
5 60
5 62
5 73
5 76
5 77
5 83
5 90
5 94
5 95
5 97
5 108
5 111
5 114
5 122
5 131
5 135
5 136
5 140
5 144
5 146
5 162
5 164
5 168
5 171
5 172
5 183
5 184
5 189
5 205
5 220
5 227
5 229
5 231
5 237
5 242
5 246
5 248
5 255
5 256
5 269
5 270
5 274
5 276
5 310
5 341
5 342
7 15
7 18
7 19
7 21
7 24
7 30
8 8
8 11
8 12
8 17
8 22
8 30
8 53
8 60
8 75
8 88
8 95
8 102
8 104
8 106
9 6
9 16
9 21
9 22
9 24
9 26
9 34
9 38
9 43
9 45
9 49
9 51
9 53
9 56
9 72
9 86
9 88
9 90
9 109
9 117
9 122
9 123
9 141
9 145
9 146
9 150
9 151
9 158
9 188
9 191
9 194
9 198
10 23
10 26
10 31
10 39
10 42
10 45
10 48
10 50
10 51
10 53
10 56
10 59
10 61
10 62
10 70
10 74
10 76
10 81
10 86
10 99
10 100
10 102
10 107
10 111
10 121
10 128
10 130
10 161
10 162
10 169
10 173
10 175
10 186
10 187
10 191
10 192
10 224
10 231
10 237
10 240
10 241
10 251
10 252
10 257
10 265
10 266
10 268
10 269
10 273
10 278
10 280
11 2
11 14
12 15
12 16
12 69
12 72
12 73
12 77
12 78
12 83
12 84
13 3
13 12
13 13
14 13
14 142
14 143
14 173
14 182
14 183
14 186
14 187
14 189
14 192
14 193
14 194
14 212
14 213
14 216
14 221
14 243
14 245
14 250
14 335
14 343
14 350
14 367
15 6
15 7
15 76
15 78
15 81
15 92
15 98
16 9
16 17
16 20
16 32
17 8
17 11
17 30
17 32
18 1
18 7
18 8
18 18
18 19
18 33
18 35
20 24
20 29
20 38
20 42
21 4
21 16
21 24
21 25
21 32
21 33
21 35
21 37
21 42
21 43
21 48
21 51
21 53
21 56
21 58
21 65
21 68
21 69
21 86
21 89
21 91
21 95
21 98
21 99
21 106
21 107
21 108
21 121
21 127
21 128
21 131
21 132
21 138
21 141
21 149
21 152
21 153
21 163
22 11
22 13
24 97
24 101
24 107
24 115
24 125
24 129
24 132
25 7
26 49
26 50
26 53
26 58
26 67
26 85
26 165
27 5
27 7
27 22
27 25
27 42
30 11
30 13
32 6
32 128
32 131
32 135
33 4
33 13
33 17
34 16
34 28
34 30
34 32
35 2
35 6
35 11
35 14
35 17
35 18
35 25
35 29
36 29
36 40
36 46
36 55
36 56
36 57
36 59
36 61
36 67
36 68
36 84
36 89
36 95
36 108
36 113
36 116
37 92
37 94
37 95
37 103
37 105
37 116
37 129
37 134
37 136
37 137
37 149
37 154
38 3
38 4
38 23
38 40
38 45
38 53
39 1
39 7
40 4
40 9
40 10
40 29
40 33
40 38
40 40
40 44
40 46
40 49
41 19
41 25
41 32
41 35
42 5
42 9
42 10
42 13
42 20
42 22
42 26
42 30
42 36
42 38
42 46
42 47
42 50
42 51
42 54
42 55
42 64
42 77
42 82
42 89
42 101
42 103
42 105
44 83
44 111
44 112
44 113
44 118
44 126
44 140
44 144
44 147
44 157
44 160
44 164
44 167
44 175
44 178
44 181
44 295
44 308
44 319
44 331
44 342
44 343
44 344
44 347
44 350
46 31
46 35
46 36
46 43
46 46
46 54
46 66
46 67
46 75
46 92
47 1
47 18
47 22
47 23
47 28
48 2
48 4
48 14
48 47
48 51
49 5
49 20
49 27
49 41
49 45
49 61
49 62
49 65
49 81
49 95
49 96
49 98
49 105
49 110
49 111
49 114
49 115
49 124
49 126
49 127
49 132
49 159
49 172
49 177
50 8
50 44
50 47
50 61
50 63
50 69
51 19
51 20
51 21
51 22
51 33
51 39
51 40
51 44
51 50
51 62
51 66
51 70
51 71
51 73
51 75
51 79
53 1
53 5
53 7
53 9
53 22
53 25
53 26
53 34
53 37
54 11
54 50
54 55
54 56
54 63
54 64
54 67
54 81
54 83
54 95
54 99
54 102
54 106
54 112
54 113
54 121
54 130
54 145
54 146
54 147
54 148
55 11
55 14
55 18
55 21
55 22
55 25
55 34
55 51
55 53
55 56
55 61
55 81
55 88
55 101
55 110
55 128
55 130
55 137
55 139
55 142
55 145
58 75
58 77
58 80
58 81
58 87
58 88
58 91
59 5
59 10
59 12
59 15
59 22
59 23
59 30
59 34
59 44
59 50
60 1
60 3
60 5
60 9
60 10
60 23
60 30
60 34
61 1
61 34
62 6
62 11
62 16
62 21
62 22
62 28
62 29
62 100
62 102
62 104
62 114
62 117
62 132
62 141
62 156
62 158
62 169
62 173
62 181
63 9
63 10
63 14
63 28
63 29
63 32
63 34
63 36
63 41
64 2
65 49
65 51
65 52
65 55
65 69
66 22
66 28
66 36
66 39
66 40
66 44
66 46
66 50
66 53
66 57
66 65
66 79
66 80
66 99
66 102
66 104
66 105
66 109
66 113
66 120
66 128
66 133
66 138
66 143
66 146
66 149
66 150
71 7
71 23
71 29
71 44
71 46
71 49
71 50
71 51
72 3
72 9
72 10
72 12
72 15
72 27
72 29
72 41
72 49
72 114
72 116
72 125
72 137
72 152
72 153
72 159
72 170
72 179
72 189
72 195
74 15
74 35
74 39
74 40
76 1
76 17
77 34
77 36
77 38
77 40
77 41
77 48
77 51
77 55
78 34
78 59
78 60
78 79
78 81
78 90
78 93
78 98
78 100
78 104
78 107
78 121
78 122
78 125
78 127
78 135
78 143
79 5
79 8
79 11
79 16
79 26
79 30
79 38
79 39
79 42
79 46
79 47
80 1
81 6
81 10
81 14
81 19
81 35
81 41
81 43
81 47
81 58
81 61
81 66
82 4
82 5
82 7
82 18
82 29
82 31
83 30
83 31
83 36
83 37
83 39
83 48
85 107
85 115
86 3
86 4
86 6
86 19
86 21
86 150
86 156
86 160
86 163
87 1
87 4
87 7
87 10
87 12
87 15
87 32
87 35
87 38
87 40
87 44
87 45
87 49
88 2
89 3
90 7
90 9
90 17
90 20
95 12
95 13
95 16
95 19
97 3
97 14
97 16
97 40
97 42
97 49
97 55
97 66
97 67
97 74
97 143
98 2
98 14
98 16
99 126
99 135
99 154
99 156
100 29
100 30
100 31
100 35
100 39
100 45
100 53
100 54
100 58
100 62
100 64
100 69
100 72
100 73
100 83
100 90
100 93
100 104
100 109
100 123
104 20
104 23
104 51
104 64
104 65
105 1
105 4
105 5
107 1
107 7
107 50
107 54
109 7
109 8
109 10
109 16
109 20
109 22
109 27
109 30
109 43
109 53
109 56
109 67
109 68
109 71
110 2
110 24
110 34
110 36
110 44
110 58
110 60
110 61
110 72
110 82
110 84
110 85
110 90
110 99
110 101
110 102
110 107
110 109
110 112
110 116
110 127
110 139
110 142
110 143
110 167
110 169
110 171
110 175
110 183
110 186
110 194
110 205
110 211
110 223
110 235
110 236
110 245
110 254
110 365
110 370
110 374
110 380
110 382
110 385
110 387
110 388
110 405
110 418
110 422
110 426
111 6
111 13
111 17
111 22
111 23
111 36
111 59
111 63
111 66
111 70
111 75
111 80
111 84
111 87
111 127
111 134
111 148
111 149
111 153
111 162
111 163
111 169
111 170
111 173
111 179
111 181
111 182
111 188
