1 4
1 19
1 20
1 26
1 30
1 54
1 70
1 73
1 78
1 99
1 103
1 104
1 109
2 2
2 3
2 15
2 17
2 25
2 26
2 32
2 50
4 26
4 28
4 29
4 33
4 52
4 56
4 57
4 59
4 62
4 67
4 70
4 71
4 72
4 74
4 78
4 84
4 85
4 98
4 116
4 122
4 137
4 141
4 143
4 232
4 235
4 244
4 247
4 249
5 1
5 7
5 8
5 12
5 15
7 9
7 23
7 30
7 32
7 33
7 37
7 38
7 39
7 41
7 43
7 53
7 60
7 71
10 47
11 67
11 69
11 73
11 78
11 80
11 93
11 94
11 106
11 118
12 3
12 4
12 8
12 23
12 26
13 90
13 91
13 93
13 98
14 1
14 6
14 7
14 82
14 88
14 89
14 94
14 112
14 114
14 187
14 199
14 201
14 206
14 212
14 214
14 218
14 219
15 2
15 3
15 5
15 10
15 12
15 13
15 18
15 26
15 30
15 32
16 6
16 8
16 9
16 11
16 12
16 16
16 40
16 46
16 47
16 48
16 54
16 183
16 192
16 193
16 195
16 200
16 208
16 212
16 214
16 222
16 223
16 227
16 233
16 269
16 272
16 276
16 278
16 279
16 282
17 7
17 8
17 36
17 39
17 42
17 48
17 55
17 59
17 63
18 1
18 2
18 8
18 10
18 13
18 20
18 33
18 40
18 86
19 2
19 31
19 37
19 43
19 47
19 49
19 55
19 56
19 57
19 70
19 72
19 76
19 77
19 85
19 86
19 94
19 98
19 105
20 1
20 26
20 31
20 34
20 35
20 48
20 59
20 70
21 1
21 16
21 17
21 22
21 23
21 24
21 28
21 35
21 37
21 40
21 42
21 47
21 56
21 60
21 63
21 72
21 86
21 92
21 107
22 2
22 4
22 77
23 4
23 6
23 14
23 16
24 3
24 8
25 7
25 16
25 19
25 24
25 28
25 31
25 36
25 51
25 52
25 53
25 61
25 67
25 69
25 71
25 72
25 75
25 84
25 93
25 102
25 105
25 118
25 121
25 131
25 136
25 140
25 189
25 200
26 9
26 22
26 23
27 1
27 10
27 13
27 18
27 19
27 21
27 26
27 31
27 70
27 79
27 85
27 104
27 108
27 115
27 126
27 127
27 133
27 137
27 139
27 142
27 144
27 145
27 158
27 169
27 185
28 3
28 17
28 20
28 29
28 48
28 49
28 53
28 63
28 66
28 67
28 70
28 71
28 80
28 86
31 45
31 52
31 53
31 56
31 57
31 58
31 62
31 66
31 85
31 89
32 5
32 8
34 21
34 27
34 32
35 11
35 12
35 13
35 17
35 20
35 24
35 32
35 33
36 4
36 5
36 7
36 10
36 22
36 35
36 147
36 167
36 170
36 175
36 183
36 192
37 6
37 8
37 9
38 4
38 8
38 13
38 15
38 21
38 24
38 30
38 35
38 36
38 42
38 48
39 12
39 13
39 22
39 25
39 31
39 36
39 39
39 42
39 53
39 56
39 63
39 67
39 77
39 79
39 97
39 104
39 110
39 112
39 121
39 123
40 4
40 14
40 17
43 2
43 4
43 5
43 14
43 21
43 24
43 31
43 33
43 38
43 40
43 41
43 47
43 54
45 15
46 1
46 3
46 5
46 7
46 8
50 26
50 27
50 40
50 53
50 56
50 57
50 60
50 64
50 66
50 75
50 80
50 83
50 84
50 88
50 89
50 91
50 111
50 117
50 122
50 135
50 137
50 143
50 152
50 157
50 165
50 166
50 171
50 181
53 13
53 16
53 18
58 34
58 52
58 53
58 122
58 126
58 127
58 128
58 133
58 137
59 7
59 12
59 32
59 37
59 43
59 45
59 65
59 67
59 68
59 109
59 120
59 125
59 142
59 144
59 145
59 146
59 149
59 152
59 154
59 160
59 161
59 166
59 168
59 169
61 79
61 81
61 82
61 85
61 107
62 3
62 4
62 10
66 105
66 106
66 107
66 117
66 124
66 126
66 139
66 141
66 143
66 144
66 145
66 148
66 151
66 161
66 163
67 69
67 76
67 78
67 81
67 84
67 86
67 88
67 99
67 103
67 104
67 105
67 115
67 116
67 121
67 125
67 133
67 160
67 165
67 174
67 176
69 13
70 1
70 17
70 27
70 29
70 32
70 33
70 35
70 120
70 124
70 138
70 139
70 153
70 154
70 165
70 177
70 181
70 183
70 189
70 190
70 191
70 192
70 193
70 212
70 222
70 226
70 229
70 241
70 260
70 263
70 271
70 273
70 279
70 281
70 286
70 289
70 300
70 306
70 310
70 315
70 324
70 326
71 4
71 14
71 24
71 26
71 43
71 44
72 45
73 5
73 8
73 13
73 27
73 35
73 40
73 42
74 7
74 22
74 24
74 27
75 2
75 7
75 22
75 25
75 27
76 1
77 108
77 113
78 1
78 6
78 10
78 16
78 20
78 25
78 33
78 34
78 40
78 54
79 104
81 37
81 46
81 53
81 64
81 67
81 75
81 76
82 2
82 3
84 73
84 78
84 82
84 86
84 87
84 95
84 102
84 165
84 170
84 173
84 176
84 178
84 181
84 190
84 195
84 197
84 199
84 201
84 202
84 208
84 210
84 213
84 215
86 19
86 30
87 44
91 72
91 73
91 74
91 80
91 94
93 7
93 9
93 64
93 81
93 86
93 87
93 89
93 92
93 94
93 96
93 99
93 104
93 109
93 112
93 116
93 127
93 128
93 132
93 145
93 146
93 147
93 152
93 157
93 266
93 274
93 297
93 298
93 300
93 312
94 41
94 42
94 45
94 53
94 60
94 64
94 69
94 74
98 11
98 12
99 9
100 7
100 8
100 15
100 17
100 23
100 29
100 31
100 38
100 39
100 49
100 51
100 57
100 58
100 59
100 65
100 73
100 77
100 81
101 26
101 29
101 32
102 36
102 50
102 54
102 61
102 73
102 76
102 77
102 80
102 81
103 3
103 5
103 8
103 12
103 13
104 16
104 21
105 3
105 6
105 8
105 26
105 52
105 53
105 57
105 59
105 60
105 62
105 70
106 65
106 71
106 72
106 78
106 80
106 82
106 84
106 112
106 125
106 134
106 137
106 143
106 150
107 5
107 24
107 25
108 3
108 10
108 26
109 12
109 18
109 20
110 11
110 16
110 17
110 42
110 46
110 47
110 58
110 62
110 63
110 69
110 71
110 75
110 76
110 82
110 85
110 88
110 91
111 6
111 12
111 13
111 19
111 20
111 25
111 27
111 30
111 31
111 44
111 45
111 48
111 54
111 59
111 60
111 64
111 78
111 101
111 103
111 108
111 110
111 134
111 136
111 139
111 140
111 283
111 284
111 307
111 309
111 313
111 323
111 332
111 333
111 340
111 342
111 343
111 356
111 358
111 363
111 376
111 377
111 382
111 385
111 390
111 393
115 2
115 5
115 13
115 20
115 33
115 38
115 46
115 47
115 48
115 60
115 68
115 72
115 74
115 75
115 78
115 86
115 87
115 90
119 31
119 34
119 35
119 46
119 70
119 75
119 76
119 79
119 88
119 94
119 107
119 121
119 125
119 128
119 148
119 149
119 164
119 167
119 172
119 173
119 176
119 236
119 239
120 2
121 125
122 30
122 48
122 49
122 55
122 71
122 125
122 128
123 33
123 37
123 38
129 12
129 18
129 19
129 21
