1 14
1 18
1 19
1 25
1 32
1 40
1 45
1 54
1 63
1 68
1 71
1 81
1 87
3 4
3 5
3 20
3 25
3 48
3 54
3 56
3 58
3 72
3 73
3 82
4 3
4 28
4 34
4 36
4 55
4 58
4 64
4 67
4 68
4 70
4 74
4 123
4 127
4 134
4 135
4 142
4 161
4 193
4 201
4 208
4 212
4 220
4 221
5 12
5 15
5 20
5 23
5 33
7 27
7 32
8 2
8 3
8 9
8 12
8 16
8 18
8 24
8 27
8 33
8 34
8 38
8 40
8 52
8 53
8 77
9 4
9 5
9 6
10 28
10 38
10 40
10 48
10 50
10 56
10 57
10 58
10 59
10 189
10 194
10 211
10 213
10 215
10 224
10 230
10 240
10 241
10 244
10 248
10 257
11 4
11 12
11 18
12 38
13 8
13 16
13 21
13 26
13 28
13 51
15 40
15 41
15 43
15 65
15 78
15 81
15 83
15 85
15 94
16 13
16 19
16 20
16 131
16 135
16 136
16 269
16 272
16 274
16 279
16 283
16 285
16 286
16 287
16 295
16 303
16 306
16 331
16 344
16 347
17 1
17 3
17 8
17 10
17 13
17 19
17 34
17 35
17 78
17 79
17 88
17 94
17 97
17 99
17 115
18 12
18 16
18 23
18 29
18 37
18 39
18 46
18 48
18 58
18 114
18 115
18 116
18 126
18 132
19 8
19 15
19 21
20 10
20 11
20 16
20 17
20 21
21 11
21 19
24 47
24 54
24 57
24 58
24 63
24 70
24 87
24 90
24 91
24 94
24 95
24 96
24 230
24 235
24 236
24 237
24 249
24 250
24 257
24 258
24 270
24 274
24 279
24 288
24 298
24 299
24 311
24 321
24 322
24 333
24 339
24 340
24 343
24 345
24 351
24 365
24 376
24 379
24 381
24 385
24 387
24 394
24 397
25 31
25 33
25 38
25 46
25 53
25 143
25 145
25 147
25 154
25 162
25 169
25 173
25 175
25 176
25 177
25 181
25 184
25 187
25 209
27 12
27 14
27 16
27 17
27 20
28 85
28 86
28 94
28 99
28 126
28 129
28 130
28 133
28 139
28 140
28 144
28 145
28 147
28 153
28 159
28 163
28 164
28 168
28 175
28 179
28 184
28 186
28 187
28 193
28 197
28 203
28 208
28 210
28 215
28 219
28 220
28 224
28 229
28 236
28 237
28 242
28 243
28 249
28 256
28 258
28 261
28 275
30 20
30 23
30 25
30 28
30 33
31 6
31 8
31 10
31 14
31 15
31 16
31 20
32 8
32 10
32 11
32 23
32 37
32 38
32 61
32 110
32 111
32 113
32 114
32 118
32 119
32 122
32 124
35 14
35 16
35 24
35 27
35 36
35 48
35 64
35 68
35 70
35 73
35 76
35 77
35 78
35 82
35 85
35 90
35 102
35 104
35 108
35 112
35 118
35 119
36 8
36 15
36 21
36 28
36 41
36 44
36 46
37 15
37 16
37 18
37 20
37 21
37 26
37 31
37 48
37 56
37 61
38 35
38 43
38 54
38 66
38 74
38 75
38 84
38 89
38 91
38 92
38 94
38 104
38 112
39 2
39 11
39 13
39 18
39 22
39 25
39 32
39 35
39 43
39 47
39 52
39 54
39 57
39 59
39 104
39 133
39 134
39 138
39 147
39 149
39 150
39 152
39 166
39 169
39 170
39 175
39 177
39 187
39 191
39 193
39 200
39 202
39 203
39 206
39 211
39 215
39 219
39 220
39 231
40 3
40 5
40 8
43 13
43 27
43 32
45 15
45 16
45 21
45 24
45 30
45 31
45 37
45 41
45 42
45 61
45 62
45 65
45 71
45 75
45 78
45 83
45 86
45 91
45 102
45 109
45 112
45 115
45 116
45 117
45 118
45 120
45 126
45 129
45 130
45 133
45 135
45 136
46 16
46 18
46 21
46 24
46 67
46 74
46 80
46 89
46 97
46 103
46 110
46 112
46 118
46 119
46 121
47 6
47 9
47 11
48 3
48 11
48 22
48 29
48 37
49 1
49 8
49 11
49 30
49 33
49 34
49 55
49 56
49 60
49 64
49 69
49 70
49 92
49 102
49 115
49 124
49 135
49 144
49 155
49 158
49 160
49 165
49 168
49 172
49 174
49 176
49 177
49 182
49 183
49 188
49 195
49 202
49 206
49 211
49 219
49 228
49 245
49 259
49 262
49 266
49 268
49 269
49 273
49 299
49 302
49 303
49 321
49 323
49 324
49 346
49 352
49 353
49 355
49 366
49 369
49 371
49 373
49 382
49 383
49 400
49 403
49 406
49 410
49 416
49 438
49 440
49 441
49 449
51 55
52 7
52 11
52 13
52 43
52 46
52 56
52 59
52 60
52 66
52 76
52 77
52 87
52 99
52 101
52 102
52 108
52 240
52 253
52 267
52 269
52 272
52 276
52 280
53 2
53 11
53 12
53 17
53 19
53 27
53 30
54 6
54 8
54 19
54 25
54 29
54 36
54 37
54 46
54 51
54 57
55 17
55 24
55 27
55 28
55 29
55 30
55 37
55 38
55 39
55 45
56 4
56 21
56 29
56 33
56 34
56 35
56 38
56 54
56 59
56 62
56 64
56 73
56 82
56 84
56 90
56 106
56 110
56 125
56 129
56 139
56 141
56 142
56 150
56 153
56 164
56 169
56 175
56 251
56 259
56 261
56 263
56 273
56 274
56 289
57 1
57 11
57 30
57 36
57 41
57 45
57 48
57 50
57 53
57 65
57 66
57 71
57 73
57 75
57 81
57 82
57 83
57 91
57 96
57 99
57 106
57 107
57 116
57 120
57 122
57 132
57 144
57 149
57 152
58 1
58 13
58 16
58 25
58 36
58 171
58 174
58 197
58 205
58 206
58 209
59 14
59 18
59 23
59 26
60 6
60 8
60 10
60 14
60 18
60 20
60 26
60 34
60 36
60 62
60 65
60 67
60 70
60 72
60 80
60 124
60 134
60 135
60 137
61 6
61 14
61 15
61 23
61 24
61 32
61 45
62 6
62 8
63 79
63 81
63 84
63 88
63 91
63 107
63 126
63 136
63 138
63 164
63 166
63 171
63 173
63 176
63 180
63 185
63 186
64 10
64 12
65 3
65 7
65 11
65 18
65 26
65 35
65 41
65 44
65 173
65 177
65 186
65 189
65 192
65 200
65 208
65 218
65 220
65 221
65 229
65 240
65 241
65 248
65 251
65 252
65 257
65 258
65 323
65 328
65 337
65 345
65 348
65 354
65 361
65 363
65 371
65 393
65 398
65 399
66 8
66 11
66 17
66 64
66 70
66 76
66 87
68 2
68 3
68 8
70 4
70 12
70 15
71 17
71 27
71 29
71 33
71 41
71 49
71 51
71 53
71 54
71 59
71 68
71 69
71 72
71 80
71 81
71 83
71 92
71 93
71 97
71 100
71 101
71 104
71 109
71 115
71 129
71 140
71 144
71 156
71 161
71 164
72 4
72 5
72 14
72 21
72 28
72 35
72 38
72 48
72 49
72 53
73 21
73 32
73 33
73 37
73 41
73 44
73 48
73 49
73 51
73 56
73 81
74 2
74 4
74 5
74 9
74 11
74 21
74 30
74 33
74 37
74 46
74 47
74 58
74 59
74 74
74 75
75 47
75 59
75 76
75 145
75 149
76 8
76 24
76 31
76 33
76 43
76 45
76 49
76 58
76 61
77 15
77 16
77 32
77 42
77 46
77 52
77 55
77 60
77 64
77 69
77 73
77 79
77 80
77 83
77 87
77 91
77 94
77 99
77 108
77 109
77 111
77 112
77 113
77 245
77 256
77 259
77 261
77 265
77 279
77 284
77 287
77 292
77 298
77 320
78 11
78 19
78 24
80 53
80 55
80 57
80 59
80 70
80 73
80 74
80 76
80 79
80 80
80 85
85 49
85 51
85 56
85 60
85 65
85 67
85 75
85 80
85 94
85 96
85 100
85 107
85 115
85 117
85 121
85 123
85 128
85 129
85 136
85 144
85 159
85 169
85 171
85 172
88 12
88 18
88 19
88 24
88 26
88 67
88 73
88 76
88 80
88 81
88 85
88 91
88 94
88 101
88 105
89 1
89 14
89 21
89 22
89 29
89 33
89 36
89 41
89 45
89 81
89 87
89 102
89 106
89 110
89 122
89 125
89 127
90 4
90 11
90 16
90 23
90 24
90 29
90 32
94 38
94 45
94 46
94 50
94 57
94 60
94 65
94 68
94 70
94 88
94 89
94 93
94 102
94 165
