1 4
1 7
1 12
1 17
1 25
1 32
1 40
1 44
1 107
1 109
1 121
1 132
1 137
1 138
1 143
1 147
1 276
1 277
1 283
1 284
1 290
1 301
1 302
1 303
1 433
1 440
1 441
1 444
1 496
1 499
1 506
1 514
1 515
2 5
2 70
2 71
2 73
3 64
3 71
4 2
4 7
4 11
4 15
5 8
5 27
5 30
6 6
6 10
6 17
6 18
6 20
6 22
6 27
6 33
6 51
6 57
6 61
6 64
6 72
7 27
7 33
7 35
7 42
7 50
7 54
7 73
7 75
7 81
7 91
7 110
7 123
7 136
7 137
7 139
7 153
7 212
7 216
7 226
7 227
7 228
7 233
7 234
7 236
7 248
7 250
7 258
7 278
8 17
8 124
8 127
8 133
8 134
8 136
8 142
8 144
8 148
8 150
8 157
8 163
8 164
8 170
8 174
8 176
8 177
8 182
8 184
8 186
9 5
9 7
9 8
9 25
9 34
9 48
9 50
9 51
9 68
9 74
9 75
9 79
9 81
9 83
9 85
9 90
9 102
9 109
9 113
9 123
9 124
9 134
9 136
9 141
9 149
10 13
10 15
10 16
10 28
10 30
10 31
10 47
10 49
10 55
10 57
10 63
10 64
10 72
10 79
10 80
10 82
10 83
10 84
10 101
10 102
10 112
10 120
10 121
10 125
10 128
10 136
10 149
10 154
10 166
10 169
10 177
10 184
10 187
10 193
10 195
10 196
10 201
10 205
11 1
11 8
11 14
11 22
11 23
11 27
11 30
11 33
11 38
11 52
11 60
11 62
11 64
11 70
11 81
11 83
11 84
11 93
11 99
11 101
11 102
11 108
11 110
13 9
13 23
13 27
13 28
13 44
15 62
15 73
15 74
15 76
15 82
15 90
15 103
15 110
15 127
15 129
15 131
15 137
15 141
15 154
18 15
18 16
18 18
18 22
18 23
18 38
18 49
18 51
18 52
18 57
18 61
18 69
18 74
18 78
18 82
18 85
18 90
18 221
18 226
18 230
18 231
19 2
19 7
19 16
20 3
20 6
20 14
20 22
20 33
20 34
20 50
20 60
20 61
20 62
20 65
20 66
20 73
20 101
24 24
25 8
25 18
25 19
25 20
25 28
25 30
25 32
25 35
25 40
25 45
25 49
25 52
26 5
26 8
26 14
26 42
26 45
26 52
26 62
26 76
26 78
26 86
26 90
26 93
26 94
26 101
26 115
26 118
26 119
26 124
26 131
26 133
26 137
26 141
26 143
27 10
27 19
27 20
27 22
27 23
27 26
27 31
29 20
29 23
29 40
29 44
29 60
29 65
29 68
29 83
29 86
29 91
30 39
30 48
30 50
30 58
30 59
30 73
30 75
30 86
30 89
30 98
30 116
30 126
30 131
30 147
30 148
30 154
30 159
31 7
31 14
31 17
31 25
31 35
31 41
31 42
31 46
31 49
31 50
32 11
32 17
32 43
32 45
32 47
32 53
32 54
32 73
32 139
33 5
33 8
33 14
33 16
34 2
34 5
34 6
34 14
34 18
34 19
34 108
34 129
35 5
35 9
36 2
36 11
36 17
36 31
36 40
36 54
36 56
36 58
36 67
36 68
36 74
36 81
37 4
37 8
37 14
37 15
37 30
37 31
37 32
37 48
37 51
37 61
37 63
37 75
37 79
37 83
37 84
37 85
37 87
37 90
37 93
37 118
37 138
37 161
37 162
37 164
37 170
37 171
37 199
37 203
37 206
37 207
37 210
37 211
37 225
37 230
39 36
39 47
39 60
39 63
39 71
39 76
40 6
40 99
40 104
40 105
40 107
41 85
41 88
41 89
41 91
41 126
42 2
42 9
42 17
45 7
45 12
45 14
46 6
46 10
46 24
48 9
48 16
50 10
50 50
50 52
50 57
50 59
50 60
50 64
50 75
50 76
50 86
50 87
50 95
50 104
50 108
50 113
50 119
50 120
50 125
50 127
50 130
50 133
50 134
50 136
50 145
50 150
50 153
50 154
50 159
50 168
50 172
50 174
50 193
50 198
50 199
51 4
51 5
51 17
51 20
51 22
51 29
51 35
51 37
51 45
51 74
51 78
51 85
51 87
51 90
52 1
52 2
52 7
52 10
52 20
52 22
52 29
52 33
52 34
52 35
52 36
52 38
52 40
52 55
52 60
52 63
52 66
53 10
53 16
53 20
53 23
53 24
53 31
53 38
53 42
53 43
53 45
53 48
53 57
53 59
53 63
53 69
53 71
53 86
53 91
53 94
53 99
53 102
53 104
53 107
54 8
54 19
54 21
54 22
54 32
54 33
54 35
54 40
54 41
54 47
54 50
54 62
54 63
54 69
54 71
54 109
54 111
54 115
54 117
54 131
54 132
54 146
54 157
54 162
54 167
54 178
54 184
54 185
56 2
56 10
56 17
56 26
56 32
56 47
56 49
56 53
56 55
56 57
56 61
56 63
56 71
56 83
56 84
56 85
56 94
56 96
56 102
56 103
56 107
56 152
56 154
56 172
56 173
56 174
56 175
56 178
56 182
56 185
56 187
56 190
57 5
57 6
57 10
57 18
57 33
57 36
57 39
57 43
57 47
57 49
57 54
57 62
57 65
57 73
57 76
57 79
57 90
57 92
58 3
58 5
58 6
59 1
59 3
59 5
59 11
59 20
59 21
59 33
59 41
59 139
59 146
59 151
61 22
61 35
61 48
62 118
62 132
62 135
62 138
62 139
62 180
62 183
62 185
62 186
62 190
62 191
62 195
62 207
63 10
63 83
63 84
63 86
63 90
63 94
63 102
63 113
63 116
63 119
63 129
63 131
63 147
63 167
63 168
63 170
63 180
63 185
63 191
63 200
63 201
63 203
63 210
63 211
63 214
63 224
63 232
63 238
64 1
64 7
64 9
64 21
64 28
64 34
64 35
64 38
64 45
64 48
64 58
64 59
64 60
65 5
65 9
66 6
66 7
66 17
66 18
66 27
66 32
66 34
66 38
66 42
66 48
68 7
68 14
68 22
68 28
68 55
68 59
68 63
68 65
68 70
68 73
68 74
70 12
70 16
70 21
70 23
70 25
70 26
70 29
70 47
70 51
70 52
70 71
70 75
70 82
70 86
73 45
73 56
73 58
73 61
73 74
73 87
73 89
73 91
75 24
75 27
75 33
76 1
76 12
76 13
76 18
76 27
76 34
76 49
76 50
76 58
76 59
76 68
76 70
76 72
76 79
76 83
76 85
76 87
76 90
77 11
77 13
77 26
77 32
77 49
77 50
77 54
77 63
77 66
78 8
78 14
78 18
78 20
78 21
78 130
78 142
78 143
78 154
78 164
78 166
78 167
78 178
78 181
78 187
79 1
79 12
80 2
81 3
81 4
81 5
81 47
81 50
81 59
81 87
81 89
81 98
81 101
81 102
82 10
82 14
84 4
84 9
84 10
84 17
84 23
84 26
85 74
85 76
85 83
85 87
85 92
85 94
85 100
85 102
85 103
85 105
85 106
85 114
85 116
85 119
85 120
85 122
85 123
85 125
85 127
85 128
85 129
85 137
85 144
85 146
86 3
86 4
86 8
86 21
86 24
86 34
86 35
86 41
86 42
86 47
86 57
86 59
86 63
86 69
88 14
88 26
88 30
88 33
88 39
88 61
88 65
88 71
88 73
88 80
88 81
88 89
88 108
88 109
88 114
88 126
88 133
88 134
88 141
88 145
88 147
88 175
88 182
88 199
88 203
88 204
88 205
88 207
88 212
88 214
88 343
91 5
91 8
91 14
91 26
91 30
91 38
91 42
91 59
91 80
92 108
92 110
92 141
92 148
92 155
92 157
94 2
94 4
94 6
94 19
94 24
94 36
94 46
94 58
94 75
94 78
94 80
94 81
94 85
94 87
94 121
94 129
94 134
94 136
94 138
94 141
94 142
95 19
95 27
95 30
95 45
96 4
96 10
96 15
96 27
96 29
96 38
96 41
96 53
96 56
96 59
96 60
96 70
96 81
96 82
96 108
96 118
96 194
96 198
97 77
97 81
97 86
97 87
98 13
98 16
98 19
98 31
98 40
98 51
99 5
99 7
99 12
99 17
99 32
99 35
99 42
99 44
99 47
99 54
99 55
99 57
99 62
99 64
99 76
99 78
99 97
100 6
100 140
100 142
100 170
100 171
100 188
100 194
100 195
100 196
100 198
100 200
101 4
101 7
101 9
