1 1
1 11
1 22
1 27
1 59
1 65
1 68
1 75
1 81
1 83
1 86
1 89
1 95
1 96
1 110
1 111
1 115
1 125
1 144
1 146
2 6
2 7
2 15
2 21
2 27
2 29
2 35
2 36
2 44
2 50
2 53
2 57
2 63
2 84
3 35
3 36
4 34
4 36
4 48
4 49
4 55
4 72
4 74
4 76
4 77
4 81
4 87
4 88
5 14
5 21
5 22
6 3
6 8
6 18
6 19
6 27
6 34
6 39
6 40
7 11
7 14
7 35
7 165
7 166
7 183
7 187
7 209
7 216
7 218
7 224
7 233
7 239
7 240
7 250
7 256
7 259
7 261
7 262
7 278
7 279
7 289
7 293
7 296
9 42
9 48
9 50
10 3
14 3
14 10
14 14
14 16
14 17
14 22
14 25
14 27
14 32
17 59
17 62
17 78
17 86
18 17
18 26
18 33
18 43
18 44
18 56
19 64
19 72
19 78
19 80
19 82
19 85
19 87
20 10
20 14
20 25
24 22
24 27
24 36
24 40
24 41
24 48
24 55
24 56
24 57
24 64
24 80
24 82
24 97
24 104
24 107
24 110
24 121
24 125
24 136
24 139
24 141
24 148
24 164
24 168
24 183
24 194
24 197
24 198
24 203
24 217
25 7
25 12
25 20
25 22
25 27
25 30
25 34
25 69
25 143
25 148
25 165
25 166
25 335
25 336
26 2
26 3
26 4
26 5
26 15
26 17
26 26
26 28
26 32
26 37
26 47
26 48
26 56
26 59
26 67
26 71
26 73
26 77
26 80
26 84
26 85
26 88
27 1
27 2
27 4
27 9
27 12
28 4
28 5
28 6
28 10
28 11
29 4
29 5
29 6
29 22
29 28
29 29
29 33
29 36
29 42
29 60
29 65
30 16
30 76
31 2
31 6
31 11
31 15
31 19
31 20
32 61
32 63
32 67
32 74
32 97
33 3
33 10
33 14
33 17
33 18
33 24
33 33
33 35
33 40
33 41
33 49
34 85
34 88
34 92
34 94
34 95
34 97
34 98
34 103
34 106
35 6
35 7
35 28
35 31
35 33
35 40
35 41
35 43
35 44
35 45
35 64
35 68
35 78
35 97
36 1
36 19
36 21
36 27
36 30
36 52
36 85
37 98
37 110
37 113
37 119
37 123
37 124
37 133
37 142
37 146
37 161
37 200
37 206
37 209
37 213
37 224
37 227
37 233
38 4
38 6
38 7
38 21
38 24
38 82
38 95
39 3
39 20
39 22
39 27
39 42
39 56
39 65
40 29
40 32
40 35
40 38
40 41
40 42
41 1
41 21
41 29
41 32
42 13
42 17
43 1
43 7
43 20
43 29
43 30
43 36
44 6
44 7
44 9
44 13
45 9
45 12
45 14
45 15
45 23
45 32
45 36
45 46
45 53
45 56
45 57
45 75
46 9
46 10
46 11
46 13
46 19
46 23
47 59
47 61
47 77
47 89
47 91
47 96
47 97
47 99
47 104
47 106
47 128
47 133
47 148
47 159
47 160
47 165
48 14
48 15
48 16
48 31
48 38
48 40
48 41
48 56
48 58
48 67
49 7
49 8
49 17
49 18
49 24
49 25
49 26
49 29
49 37
49 44
49 48
49 60
49 63
49 79
49 80
49 87
49 95
49 104
49 110
49 114
49 119
49 125
49 152
49 153
49 157
50 3
50 4
50 12
50 16
50 21
50 32
50 35
50 38
50 39
50 47
50 57
50 59
50 62
50 77
50 83
51 3
51 25
51 28
51 30
51 36
52 1
52 3
52 4
52 7
52 19
52 25
52 30
54 1
54 2
54 5
54 19
54 32
54 37
54 39
55 1
55 2
55 11
55 14
55 19
55 30
55 31
56 17
56 19
56 29
56 42
56 48
56 51
56 52
56 66
56 67
56 69
56 72
56 78
56 128
56 135
56 154
56 170
56 172
56 174
56 190
56 201
56 204
57 11
57 27
57 31
57 48
57 55
57 58
57 61
57 67
57 68
58 1
58 2
58 8
59 6
59 7
59 10
59 18
59 26
59 27
59 29
59 33
59 73
59 74
59 150
59 168
59 169
59 173
59 194
60 4
60 6
60 8
60 17
60 21
60 28
60 40
60 42
60 54
60 62
60 63
60 66
60 72
60 92
60 93
60 95
60 96
60 110
60 111
60 115
60 118
60 119
60 123
60 131
60 137
60 141
60 142
60 147
60 171
60 172
60 178
60 183
60 184
60 186
60 190
60 194
60 197
60 202
60 205
60 226
60 233
60 234
60 237
60 240
60 246
60 247
60 248
60 254
61 8
61 9
61 10
62 1
62 6
62 9
62 22
62 31
62 33
62 35
62 37
62 43
63 36
63 46
63 66
63 74
63 88
63 99
63 109
63 113
63 188
63 189
63 190
64 8
64 9
64 13
64 33
64 42
64 64
64 72
64 77
64 82
64 84
64 85
64 95
64 100
64 105
64 110
64 111
64 117
64 118
64 122
64 128
64 130
64 132
64 137
64 144
64 147
64 159
64 165
64 169
64 171
64 177
64 180
64 183
64 188
64 202
64 208
64 213
64 214
64 220
64 222
64 223
64 229
64 242
64 244
64 248
64 256
64 259
64 269
64 307
64 309
65 1
65 2
65 4
65 6
65 8
65 13
65 14
65 21
65 25
65 26
65 30
66 13
66 23
66 24
66 45
66 50
66 58
66 60
67 4
67 7
69 96
69 100
69 103
69 108
69 109
69 116
69 118
69 128
69 131
69 134
69 137
69 147
69 152
69 153
73 28
74 3
74 15
74 22
74 35
74 49
74 165
74 168
75 3
75 5
75 7
75 9
75 16
75 20
76 7
76 13
76 31
76 34
76 41
76 47
76 51
76 60
76 66
76 78
76 81
76 83
76 89
76 95
77 2
77 6
77 11
77 20
77 22
77 23
77 26
77 39
77 42
77 46
77 48
77 50
77 58
77 67
77 74
77 75
79 2
79 4
79 11
79 24
79 25
79 28
79 35
80 1
80 9
80 15
80 22
80 24
80 26
80 29
80 30
80 32
80 37
80 42
80 58
80 67
80 73
80 167
80 168
80 175
80 176
81 2
81 4
81 6
82 1
82 3
82 7
82 8
82 18
82 28
82 33
83 11
83 13
83 48
83 66
83 73
83 85
83 87
83 93
83 100
83 110
83 112
84 1
84 5
86 1
86 4
86 5
86 10
86 12
86 19
86 29
86 32
86 67
86 73
86 82
86 85
87 12
87 14
87 16
87 21
87 22
87 31
87 33
87 35
87 38
87 42
87 45
87 80
88 5
88 12
88 20
88 23
88 24
88 27
88 32
88 43
88 44
88 46
88 51
88 52
89 4
89 6
89 144
89 145
89 146
89 157
89 164
89 165
89 168
89 175
89 180
89 182
89 200
89 212
89 216
89 220
89 221
89 236
89 240
89 248
89 255
89 259
89 270
89 285
89 291
89 294
89 295
89 297
89 305
89 311
89 312
89 313
89 316
89 318
89 319
89 334
89 335
89 340
89 349
89 353
89 357
89 367
89 368
89 370
89 380
89 385
90 9
92 44
92 64
92 75
93 80
93 84
93 85
93 90
93 91
93 94
93 96
93 104
93 111
93 117
93 125
93 126
94 3
94 10
94 19
94 40
94 49
94 51
94 54
95 45
95 48
95 54
95 61
95 62
95 65
95 66
95 74
95 75
95 81
95 85
95 86
95 91
95 94
95 96
95 110
95 111
95 115
95 129
95 136
95 158
95 160
95 162
95 163
95 169
95 171
95 173
98 54
98 64
98 67
98 77
98 81
98 86
98 89
98 90
98 96
98 101
98 102
98 105
98 106
98 109
98 112
98 118
98 122
98 124
98 127
98 136
98 139
100 5
100 16
101 3
101 11
101 12
101 23
101 32
101 45
102 16
102 23
102 152
102 157
102 161
102 171
102 174
103 2
103 4
105 90
105 99
108 28
108 34
108 35
108 43
108 44
108 46
108 47
108 57
108 59
108 72
108 77
108 91
108 98
108 100
108 112
108 125
108 137
108 143
108 152
108 156
108 166
108 168
108 219
108 221
108 223
108 271
