1 1
1 7
1 9
1 10
1 14
1 22
1 25
1 29
1 30
2 37
2 45
2 48
2 67
2 74
2 77
2 85
2 86
2 94
2 103
2 113
2 116
2 118
2 127
2 133
2 134
2 145
2 159
2 165
2 176
2 183
2 186
4 1
4 5
5 93
5 95
5 97
6 5
6 6
6 7
6 11
6 15
6 18
6 19
6 24
6 32
6 33
6 37
6 38
6 41
6 47
6 51
6 55
6 67
6 69
6 71
6 72
6 75
6 76
6 84
6 88
6 89
6 91
6 95
6 98
6 111
6 120
6 121
6 123
6 124
6 127
8 67
8 70
8 75
8 77
8 79
8 81
8 82
8 85
8 86
8 94
8 97
9 9
9 12
9 13
10 1
10 9
10 10
11 7
11 9
11 14
11 18
11 24
11 36
11 42
11 44
11 47
11 49
11 50
11 65
11 66
11 77
11 79
11 82
16 45
16 50
16 51
16 64
16 65
16 66
16 68
16 73
16 80
17 32
17 34
17 44
17 45
17 46
17 48
17 57
17 58
17 78
17 79
17 87
17 99
17 107
17 114
17 117
18 3
18 8
18 15
18 16
18 33
19 10
19 11
19 29
19 37
19 45
19 50
19 52
19 64
19 65
19 69
19 73
19 74
19 85
19 87
19 89
19 94
19 95
19 99
19 112
19 113
19 122
19 125
19 130
19 131
19 136
19 137
19 140
19 142
19 150
19 163
19 172
20 5
20 12
20 15
20 17
20 24
20 30
20 36
20 38
20 40
20 49
20 66
20 69
20 70
20 71
21 2
21 5
21 9
22 28
22 34
22 37
22 43
22 82
22 85
22 86
22 89
22 98
22 108
22 110
22 113
24 33
24 39
24 45
24 49
24 52
24 59
24 69
24 78
24 79
24 93
24 95
24 97
24 98
24 102
24 108
24 119
24 131
24 132
24 134
25 2
25 3
25 5
25 20
25 23
25 28
25 31
25 34
25 36
25 37
25 39
25 41
25 62
25 74
25 79
25 80
25 87
25 90
25 92
26 7
26 11
26 14
26 28
26 33
26 45
26 63
27 4
27 6
27 29
27 67
27 70
27 78
27 98
28 39
28 45
28 47
28 61
28 67
28 68
28 69
28 75
28 83
28 92
28 117
29 22
29 23
29 29
29 49
29 53
29 61
29 62
29 66
29 70
29 73
30 27
30 33
30 46
30 49
30 50
30 60
30 73
30 79
30 80
30 85
30 87
30 89
30 90
30 99
31 11
31 20
31 35
31 42
31 43
31 57
33 13
33 14
33 20
33 25
33 26
33 41
33 45
33 185
33 193
33 198
33 204
33 205
33 215
33 217
33 223
33 229
33 231
33 244
33 245
33 250
33 252
33 384
33 386
33 387
33 390
33 392
33 396
33 397
33 399
33 402
33 414
33 421
33 427
33 428
33 430
33 434
33 440
33 452
34 108
34 148
34 149
34 151
34 153
34 160
37 9
37 11
37 13
37 67
37 72
37 78
37 87
40 22
40 23
40 25
40 36
40 37
40 43
40 45
40 51
40 52
42 3
42 7
42 8
42 20
43 16
43 17
43 19
43 20
43 27
43 30
43 36
43 41
43 43
43 46
43 51
43 59
43 67
43 70
43 71
43 75
43 78
43 81
43 83
43 94
43 96
43 97
43 99
44 3
44 4
44 8
44 14
44 16
44 22
44 38
44 41
44 43
44 44
44 49
44 52
44 62
44 63
46 25
47 1
47 14
47 19
47 35
47 42
47 46
47 47
47 62
47 72
47 83
47 85
47 87
47 90
47 91
47 92
47 94
47 99
47 103
47 104
48 26
48 32
48 33
48 36
48 47
48 48
50 8
50 12
50 18
50 25
50 26
50 36
50 53
50 68
50 74
50 79
50 81
50 87
50 88
50 91
50 238
50 244
50 249
50 252
50 260
50 267
50 268
50 272
50 293
50 294
50 296
50 297
50 299
50 306
50 308
51 10
51 15
51 22
51 29
51 32
51 40
51 45
51 56
51 57
51 69
51 73
51 101
51 103
52 73
52 74
52 80
52 83
52 88
52 91
52 135
52 151
52 162
52 168
52 173
52 179
52 182
52 187
52 188
52 212
52 214
52 221
52 223
52 234
55 5
56 7
56 18
56 20
56 22
56 26
56 29
56 32
56 33
56 35
56 167
56 169
56 170
56 178
56 246
56 326
56 330
56 331
56 345
57 9
57 12
57 13
57 21
57 22
57 29
57 33
58 8
58 13
58 25
58 32
58 48
58 62
58 65
58 68
58 69
58 74
58 78
59 42
59 48
59 52
59 55
59 56
59 60
60 4
61 1
61 8
61 10
61 12
61 19
61 23
61 122
61 133
61 141
61 150
61 151
61 154
61 155
61 157
61 160
61 169
61 172
61 173
61 189
61 196
61 203
61 204
61 209
61 210
61 225
61 229
61 230
61 246
61 248
61 254
61 255
62 72
62 76
62 78
62 79
62 82
62 91
63 1
63 9
63 13
63 15
64 1
64 3
64 4
64 5
64 15
64 30
64 60
64 63
64 65
64 74
64 78
64 81
65 2
65 4
65 7
65 25
65 26
65 30
65 43
65 47
65 53
65 62
65 68
65 81
65 85
65 86
65 91
65 95
66 3
66 4
66 8
66 9
66 13
66 24
66 56
66 80
67 2
67 11
67 15
67 18
67 31
67 33
67 37
67 38
67 40
67 65
67 71
67 77
68 3
68 7
68 8
69 23
69 32
70 40
70 47
70 65
70 68
70 71
71 5
71 9
71 12
71 18
72 1
72 2
72 3
72 7
72 9
72 15
72 16
72 18
72 24
72 26
72 28
72 36
72 43
72 57
72 64
72 70
72 81
72 85
72 90
72 92
72 118
72 120
72 125
73 81
75 36
75 41
75 42
75 52
75 103
75 104
75 105
75 134
75 141
75 154
75 155
75 161
75 165
75 174
75 176
75 183
75 201
75 207
75 212
75 216
75 224
75 225
75 230
75 232
75 244
75 248
75 255
75 258
75 259
75 262
75 265
75 268
75 272
75 273
75 276
75 301
75 302
76 1
76 4
76 10
76 16
76 22
76 23
76 34
76 40
76 47
76 48
76 54
76 55
77 19
77 36
77 41
77 43
77 44
77 48
77 49
77 53
77 59
77 64
78 12
78 13
78 17
78 21
81 16
81 24
82 10
82 11
82 18
82 20
82 22
82 32
82 36
82 42
82 44
82 46
82 50
85 55
85 61
86 5
86 7
86 55
86 57
86 58
86 62
86 63
87 3
87 6
87 9
87 11
87 19
87 26
88 3
88 5
90 24
90 34
90 51
90 56
92 9
92 15
92 21
92 30
92 33
92 38
92 50
92 109
92 114
92 117
92 119
92 124
92 126
92 132
93 56
93 62
93 70
93 110
93 111
93 115
93 122
93 125
93 133
93 138
93 143
93 147
93 148
93 155
93 164
96 5
96 7
96 104
96 110
96 117
96 118
96 137
96 139
96 146
96 154
96 156
96 158
96 169
96 172
96 177
96 185
96 196
96 202
96 203
96 211
96 213
96 234
96 235
96 239
96 245
96 246
96 262
96 269
96 271
96 283
96 290
96 291
96 303
96 308
96 309
97 39
97 46
97 48
97 51
97 58
97 60
97 72
97 74
97 77
97 78
97 82
97 83
97 91
97 93
97 94
97 114
97 120
97 126
97 130
97 133
97 136
97 156
97 157
98 4
98 10
98 12
98 19
98 20
98 28
98 34
98 111
98 113
98 114
98 116
98 132
98 139
98 148
98 154
98 163
99 30
99 35
100 1
100 22
100 32
100 36
100 38
100 45
100 51
100 55
100 57
100 60
100 62
100 69
100 73
102 45
102 56
102 62
102 64
102 72
102 75
102 77
102 79
102 81
103 3
103 5
103 13
103 17
104 19
104 27
104 28
104 34
104 36
104 49
104 51
104 53
104 61
104 62
104 95
104 97
104 107
104 111
104 114
104 119
104 120
104 121
104 122
104 123
104 178
