1 2
1 18
3 9
3 12
3 28
3 29
3 47
3 54
3 60
3 61
4 9
4 13
5 41
5 44
5 97
5 98
5 103
5 104
5 244
5 248
5 253
5 260
5 261
5 271
5 273
6 16
6 19
6 28
6 37
6 53
8 31
8 32
8 33
8 42
8 43
8 45
9 64
9 66
9 67
9 74
11 1
11 3
11 7
11 10
11 24
11 31
11 35
12 42
12 44
12 46
13 9
13 24
13 28
13 34
13 35
13 37
13 39
13 41
13 66
13 68
13 76
13 78
13 86
13 123
13 124
13 126
13 210
13 211
14 4
14 8
14 10
14 14
14 18
14 23
14 24
14 27
14 32
14 34
14 36
14 38
14 46
14 47
14 52
14 72
14 78
14 86
14 89
14 98
14 100
15 6
15 7
16 43
16 50
16 56
16 66
16 69
16 93
17 11
17 26
17 27
17 31
17 35
17 41
17 48
17 49
17 56
17 59
17 60
17 63
17 70
17 78
17 96
17 102
17 110
17 117
17 118
17 120
17 135
17 137
17 147
17 183
17 187
18 1
18 3
18 24
19 1
19 6
19 10
19 15
19 17
19 20
20 6
20 10
20 72
20 77
20 81
20 88
20 89
20 96
20 101
21 13
21 17
21 21
21 24
21 44
21 45
21 48
21 54
21 55
21 68
21 71
21 77
21 81
21 91
21 102
21 110
21 117
22 24
22 26
22 27
22 30
22 31
22 36
22 40
22 47
22 49
22 51
22 65
22 71
22 73
22 82
22 84
22 90
22 95
23 2
24 9
24 12
24 34
25 4
25 5
25 10
25 12
25 13
25 32
25 36
25 40
25 41
25 42
25 48
25 125
25 127
25 137
25 139
25 150
25 151
26 3
26 17
27 42
27 48
27 49
27 57
27 58
28 3
28 12
28 14
28 22
28 25
28 30
28 35
29 1
29 5
29 8
29 9
29 10
29 16
29 18
29 31
29 34
29 35
29 80
29 87
29 94
32 20
32 21
32 23
32 24
32 27
32 33
32 35
32 36
32 41
32 43
33 2
33 13
33 24
33 44
33 47
33 53
33 59
33 68
33 82
33 84
33 85
33 91
33 98
33 99
33 104
33 105
33 107
33 112
33 114
33 117
33 118
33 127
33 135
33 136
33 138
33 139
33 140
33 149
33 151
33 160
33 163
33 168
33 174
33 179
33 180
33 189
33 192
34 9
37 63
37 67
37 70
37 143
37 145
37 151
37 154
37 161
37 164
37 171
37 179
37 181
38 1
39 2
39 5
39 13
39 14
39 20
39 25
40 8
40 13
40 17
41 2
41 7
41 14
41 24
41 28
41 48
41 61
41 62
41 64
41 65
41 70
42 1
42 16
42 18
42 19
42 22
42 38
43 1
43 8
43 17
43 19
43 33
43 34
43 42
43 47
43 49
43 53
43 64
43 68
43 84
43 94
43 95
43 102
43 111
43 113
43 118
43 125
43 243
43 244
43 246
43 250
43 256
43 257
43 266
43 270
43 276
43 279
43 281
43 286
44 42
44 43
44 45
44 48
44 53
44 56
44 64
44 66
44 67
44 76
44 87
44 89
44 95
45 3
45 9
45 12
45 16
45 17
45 22
46 1
47 2
47 4
47 5
47 16
47 19
47 32
48 44
48 52
48 53
48 59
48 62
48 63
48 79
49 2
50 21
51 23
51 25
51 29
51 33
51 38
51 41
51 45
51 47
51 48
51 49
51 71
51 87
51 89
51 91
51 94
51 95
51 98
51 107
51 114
51 115
51 121
51 124
51 128
51 138
51 142
51 255
51 256
51 260
51 268
51 271
51 274
51 281
53 57
53 60
53 75
53 79
53 96
53 100
53 101
54 37
54 39
56 4
57 23
57 30
57 34
58 4
59 13
59 14
59 17
59 19
59 20
59 31
59 32
59 35
59 42
59 177
59 179
59 182
59 183
59 185
59 187
59 188
59 190
59 192
59 194
59 195
59 199
59 201
59 233
59 238
59 240
59 253
59 256
59 266
59 269
59 276
59 279
59 282
59 284
59 288
59 289
59 297
59 306
59 310
59 321
59 333
59 336
59 337
59 348
59 355
59 356
59 363
59 368
59 372
59 403
59 405
59 408
59 420
59 424
59 427
59 428
59 431
59 432
59 436
59 455
60 65
62 19
62 20
62 25
62 29
62 34
63 8
63 10
63 11
63 50
63 53
63 60
63 61
63 65
63 70
63 73
64 5
64 10
64 18
64 19
64 25
64 29
65 15
65 16
65 17
65 19
65 22
65 60
65 61
65 125
66 42
66 43
66 48
66 54
66 62
67 9
67 23
70 38
70 43
70 47
70 50
71 3
71 5
71 9
71 30
71 34
71 38
71 48
71 59
71 65
71 66
71 71
71 72
71 74
71 77
71 79
71 84
71 89
71 104
71 105
71 110
71 114
71 118
71 145
73 1
73 3
73 14
73 15
73 23
73 26
74 22
76 87
77 4
77 6
77 8
77 12
77 15
77 21
77 32
77 39
77 62
77 64
77 67
77 68
77 69
77 76
77 80
77 90
77 94
77 100
77 109
77 133
78 58
78 63
80 11
80 27
81 4
81 5
81 6
81 9
81 19
81 20
81 22
81 62
82 1
82 3
82 7
82 8
82 17
82 19
82 46
82 48
82 53
82 54
82 60
82 65
82 66
82 71
83 22
83 34
83 39
83 44
83 50
83 79
83 87
83 88
84 4
84 7
84 16
84 17
84 22
84 28
84 34
84 53
84 56
84 57
84 60
84 61
84 90
84 98
84 108
84 109
84 110
84 119
84 122
84 132
84 154
84 156
85 1
85 28
85 32
85 39
85 41
85 49
85 50
86 1
86 64
86 155
86 157
86 169
86 173
86 174
86 177
86 179
86 180
87 3
87 9
87 11
87 15
87 18
87 25
87 28
87 29
88 104
88 108
88 116
89 1
89 4
89 28
89 31
89 50
89 51
89 62
89 63
89 78
89 94
89 96
89 98
89 104
89 110
89 114
89 121
89 127
89 177
90 9
91 3
91 4
91 8
91 10
91 28
91 35
91 41
91 47
92 4
95 9
95 13
95 15
95 32
95 33
95 50
95 54
95 65
95 68
95 72
95 81
95 86
95 96
95 97
95 103
95 107
95 110
95 130
95 135
95 138
95 139
95 140
95 143
95 146
96 1
96 4
96 7
96 143
96 145
96 148
96 149
96 166
96 170
96 179
96 180
96 182
96 185
96 186
96 191
96 192
96 202
99 39
99 41
99 49
99 57
99 63
99 65
99 70
99 72
99 82
99 88
100 75
100 88
100 95
100 97
100 101
100 109
100 111
100 118
101 5
101 6
101 11
101 15
101 17
101 20
101 23
101 25
101 35
101 36
101 39
101 42
102 29
102 31
102 32
102 36
102 42
102 48
102 51
102 52
102 60
102 61
102 72
102 76
102 85
102 89
102 90
102 93
102 95
102 96
102 156
102 160
102 164
102 168
102 189
102 196
102 212
102 213
102 216
102 222
102 223
102 227
102 248
103 105
103 115
103 141
104 32
104 33
104 35
104 45
107 56
107 58
107 68
107 71
108 1
108 8
108 17
109 7
109 13
109 16
109 20
109 23
112 9
112 29
113 2
113 14
113 35
113 36
113 38
113 40
113 53
113 70
114 3
114 8
114 10
114 12
114 16
114 18
114 19
114 20
114 59
114 60
114 64
114 69
114 79
114 80
114 83
114 90
114 97
114 99
114 106
114 107
114 112
114 119
114 126
114 141
114 143
114 147
114 154
114 155
114 165
114 167
114 171
114 181
114 212
115 4
115 11
115 12
115 19
115 30
115 152
115 157
115 159
115 170
115 242
115 245
115 246
115 248
115 249
115 250
115 255
115 267
115 271
115 315
