1 121
1 122
2 10
2 27
2 30
2 64
2 72
2 73
2 76
3 1
3 7
3 8
4 4
8 1
8 11
10 2
10 5
10 6
10 9
10 17
10 26
10 33
11 1
11 13
11 16
11 23
11 26
11 33
11 35
11 40
11 43
11 54
11 61
11 75
11 84
11 85
11 87
11 92
11 97
11 98
11 105
11 111
12 8
13 49
13 63
13 64
13 67
13 70
13 73
13 74
13 81
13 85
14 11
14 143
15 4
15 7
15 9
15 11
16 1
16 4
16 7
16 12
16 19
16 20
16 30
16 31
16 48
19 10
19 18
19 25
19 38
19 41
19 44
19 47
19 53
19 57
19 59
19 152
19 154
19 161
19 162
19 166
19 174
19 181
19 184
20 2
20 5
20 12
20 15
20 16
21 3
21 5
21 6
22 3
23 2
23 6
23 9
23 20
23 22
24 11
24 13
24 27
24 30
24 41
24 49
24 72
24 77
24 92
24 93
24 95
24 97
25 3
25 6
25 23
26 144
26 146
26 149
26 159
26 162
26 168
26 172
26 178
26 181
26 191
26 193
26 201
26 205
26 209
26 210
26 217
26 223
26 242
26 244
27 3
28 50
28 59
28 60
28 64
28 71
28 72
28 73
28 75
28 86
28 91
28 102
28 106
28 118
28 119
28 121
28 133
28 142
28 144
28 146
28 150
28 155
28 169
28 178
28 200
29 5
29 6
29 15
29 17
29 20
29 27
29 36
29 45
29 51
29 52
29 53
29 77
29 87
29 88
29 92
30 1
30 13
30 14
30 15
30 16
30 21
30 22
30 33
30 35
30 37
30 39
31 2
31 4
31 7
31 10
31 16
31 17
31 22
31 36
32 2
34 87
36 4
36 6
36 7
36 19
36 37
36 45
37 4
38 9
39 59
39 62
39 67
39 69
39 78
39 81
39 85
39 170
39 171
39 174
39 179
40 6
40 15
40 16
40 21
40 22
40 26
40 33
40 35
40 39
41 1
41 4
41 5
41 6
42 13
42 14
42 18
42 19
42 29
42 42
42 54
42 58
42 59
42 62
43 1
43 3
43 6
44 2
44 4
44 5
44 6
44 15
44 16
44 27
44 32
44 45
44 46
44 64
44 66
44 69
45 8
45 13
45 14
45 18
45 19
45 23
45 27
45 40
46 7
46 19
46 20
46 21
46 25
46 38
46 42
46 45
46 50
46 57
46 68
46 70
47 14
47 19
47 22
47 27
47 30
47 38
47 40
47 43
47 51
47 61
47 77
47 79
47 85
47 94
47 108
47 113
47 119
47 120
47 122
47 125
50 18
50 19
50 32
50 40
50 43
50 44
50 46
50 65
50 67
50 71
50 74
50 76
50 93
50 106
50 128
50 138
50 139
50 140
50 144
51 5
51 10
51 12
52 1
52 11
52 19
52 25
52 27
52 28
52 41
52 48
52 52
52 54
52 60
52 73
52 76
52 79
52 81
52 82
52 83
52 84
52 85
52 97
52 106
52 112
52 116
52 121
53 1
54 7
54 9
54 13
54 17
54 26
54 30
54 42
54 49
54 50
54 55
54 58
55 5
55 18
55 37
55 40
56 4
56 15
56 19
57 2
57 12
57 18
58 6
58 8
58 9
58 26
58 27
59 47
59 66
59 82
59 90
59 98
59 99
60 1
60 11
60 14
60 27
60 28
60 35
60 36
60 47
60 49
60 51
60 58
60 68
60 76
60 78
60 84
60 85
60 100
60 110
60 115
60 120
60 122
60 126
60 135
60 143
60 144
60 150
60 151
61 3
61 6
61 7
61 12
61 13
61 19
64 4
64 5
64 12
64 13
65 1
65 4
65 5
65 6
65 9
65 12
65 14
65 34
66 1
66 10
66 29
66 34
66 40
66 42
66 64
66 66
66 67
66 72
66 85
66 88
67 10
67 14
67 20
67 21
68 6
69 2
69 12
69 15
69 16
69 24
69 36
69 43
70 2
70 7
70 31
70 35
70 40
70 43
70 56
70 58
70 69
70 71
70 83
70 89
70 95
70 98
70 100
70 103
70 104
70 114
70 178
70 190
70 191
70 194
70 198
70 212
71 43
71 48
71 51
71 52
71 54
71 58
71 67
71 78
71 86
71 87
71 119
71 120
71 250
71 258
71 260
71 262
71 263
71 271
71 275
71 279
71 280
71 285
72 6
72 11
72 14
72 62
72 70
72 72
72 75
72 93
72 98
72 104
72 105
72 111
72 131
72 132
72 142
72 150
72 159
72 160
72 168
72 169
72 172
72 174
72 175
72 178
72 179
72 197
72 222
72 241
72 247
72 250
72 259
72 260
72 267
72 275
72 286
72 287
72 304
72 309
72 318
72 323
72 328
72 332
72 333
72 335
72 336
72 342
72 345
72 346
72 354
73 15
73 18
73 19
73 33
73 35
73 54
73 67
73 70
73 81
73 82
73 84
73 94
73 95
73 102
73 107
73 114
73 120
73 130
73 132
74 20
74 22
74 31
74 34
74 38
74 39
74 47
74 56
74 62
75 92
75 108
75 110
75 115
75 119
75 146
77 2
77 13
77 149
77 155
77 169
77 187
77 190
77 195
78 24
78 34
78 37
78 38
78 77
78 80
78 84
78 86
78 91
78 102
78 107
78 111
78 112
78 115
78 120
78 122
78 135
78 143
78 146
78 151
78 153
78 157
78 163
79 20
79 26
79 38
79 41
79 47
80 28
80 38
80 39
80 42
80 48
80 50
80 54
80 55
80 61
80 73
80 74
80 78
80 91
80 145
81 1
81 2
81 6
81 8
81 11
81 19
82 32
82 35
82 37
82 39
82 47
82 48
82 49
83 8
83 23
83 25
84 14
84 16
84 17
84 20
84 28
84 33
84 36
84 39
84 40
85 5
85 65
85 69
85 72
86 19
86 36
86 44
86 45
86 46
86 51
86 54
86 75
86 88
86 90
86 94
86 104
86 107
86 116
87 9
87 10
87 143
87 145
87 150
87 152
87 156
87 160
87 167
87 178
87 180
87 187
87 199
87 203
87 210
87 211
88 1
88 10
88 12
88 21
88 22
88 26
88 31
88 34
88 41
88 42
88 43
89 6
89 10
89 14
89 19
89 25
89 30
89 50
89 55
89 57
89 59
91 1
91 3
91 8
91 10
91 15
91 27
91 29
91 34
91 35
92 2
95 4
95 8
95 10
95 20
95 32
95 50
95 51
96 2
96 16
96 19
96 20
96 25
96 32
96 33
96 37
96 39
96 43
96 44
96 51
96 53
96 75
97 6
97 13
97 37
97 45
97 46
97 134
97 136
97 139
97 149
97 150
97 151
97 153
97 162
97 168
97 169
97 170
97 177
97 181
98 1
99 3
99 10
99 17
99 20
99 22
99 26
99 34
99 39
99 42
99 46
99 53
99 54
99 60
99 74
99 77
99 90
99 185
99 187
99 191
99 198
99 201
99 204
99 207
99 227
99 230
99 234
99 241
99 246
99 258
99 266
99 271
99 278
99 279
99 301
99 315
100 3
102 47
103 1
104 8
104 9
104 12
104 14
104 23
104 26
104 32
104 48
104 51
104 148
104 149
105 4
106 1
106 8
106 9
106 15
106 22
106 23
107 18
107 21
107 29
110 33
110 40
111 4
111 5
111 9
111 13
112 7
112 10
112 15
112 21
113 26
113 38
113 44
113 45
113 49
113 50
113 56
113 78
113 79
113 82
113 84
113 93
113 95
113 97
113 106
113 107
113 111
113 113
113 133
113 135
113 139
113 142
113 154
113 157
113 168
113 170
113 173
113 185
113 204
113 215
113 218
113 222
113 231
113 233
114 1
114 3
114 8
114 12
114 24
114 84
114 86
114 87
114 89
114 93
114 100
114 111
114 112
114 117
114 118
114 123
114 124
114 143
114 149
114 152
114 155
114 157
114 158
114 161
114 167
114 170
114 171
114 176
114 180
114 181
114 188
114 193
114 195
114 198
114 200
114 202
114 207
114 211
114 218
115 3
115 4
115 24
115 27
115 29
117 42
117 51
117 53
117 59
117 69
117 71
117 74
117 88
117 218
117 219
117 245
117 254
117 265
117 266
119 5
119 9
119 13
119 18
119 20
119 21
120 2
120 5
121 23
121 25
121 30
121 34
121 61
121 63
121 70
121 88
121 94
121 105
121 106
121 118
121 121
