1 38
1 47
1 54
1 56
1 57
1 58
1 61
1 68
1 72
1 73
1 74
1 101
1 103
2 2
2 7
2 9
2 11
2 15
3 10
3 11
3 13
3 14
3 38
3 46
3 50
3 51
3 53
3 54
3 64
3 71
3 75
3 78
3 79
3 85
3 86
3 87
4 6
4 10
4 14
4 19
5 3
5 8
5 18
5 31
5 36
5 38
5 41
5 48
5 51
5 59
6 3
6 10
6 15
6 18
6 25
6 26
7 43
7 50
7 64
7 68
7 78
7 81
7 82
7 96
7 103
7 105
7 108
7 110
7 120
7 122
7 144
7 149
7 162
7 165
7 177
7 179
7 181
7 211
7 267
7 272
7 277
9 50
9 52
9 55
9 65
9 69
9 78
10 10
10 96
10 101
10 104
10 107
11 1
11 6
11 86
11 95
11 116
11 117
11 121
11 135
11 140
11 142
11 143
11 145
11 150
12 50
12 59
12 67
12 77
12 80
12 82
14 1
14 6
15 109
15 120
15 132
15 136
15 141
15 146
15 157
15 160
15 165
15 167
15 169
15 174
15 183
15 189
15 191
15 196
15 199
15 201
15 202
15 291
15 293
15 298
16 9
19 13
19 15
19 18
19 25
19 44
19 58
19 70
19 76
19 78
19 80
20 4
20 6
20 8
22 2
22 7
22 11
22 13
22 20
22 26
23 3
23 8
23 15
23 37
23 40
24 2
24 3
24 10
24 13
25 45
25 49
25 61
25 67
25 68
25 73
25 75
25 84
25 89
25 91
25 100
25 105
26 11
26 15
26 96
26 115
26 267
26 277
26 281
26 284
26 285
26 404
26 422
26 444
26 447
26 449
26 518
26 536
26 537
26 540
26 543
26 544
26 547
26 551
26 553
26 558
26 691
26 692
26 696
26 697
26 703
26 707
26 715
26 719
26 726
26 727
27 2
27 9
27 17
27 24
27 26
27 36
28 6
29 67
29 68
29 79
29 96
29 97
29 99
29 116
29 119
29 121
29 126
29 130
29 147
29 149
29 156
29 161
29 165
30 3
30 5
30 6
30 12
30 33
30 50
31 7
31 10
31 16
31 18
31 23
31 24
31 26
31 28
31 29
34 32
34 34
34 47
34 53
34 61
34 68
34 81
34 86
34 88
34 93
34 97
35 2
35 6
35 8
36 11
36 15
36 16
36 19
36 22
36 24
36 28
36 30
36 94
36 97
36 98
36 100
36 108
36 113
36 123
36 126
37 10
37 12
37 26
37 33
37 48
37 49
37 51
37 64
38 1
38 3
38 5
38 24
38 25
38 36
38 45
38 48
38 51
38 52
38 54
38 59
38 62
38 64
38 69
38 71
38 72
38 73
38 79
38 82
38 85
38 92
39 3
39 6
39 11
39 24
39 29
39 32
39 33
39 34
40 4
40 7
40 10
40 17
40 38
41 5
42 22
42 23
42 27
42 33
42 36
42 39
42 53
42 54
42 61
42 72
42 76
42 97
42 115
43 8
43 10
43 12
43 146
44 6
44 13
45 1
45 12
45 21
45 24
45 28
45 29
45 32
45 37
45 41
45 43
45 50
45 61
45 65
45 66
45 69
45 97
45 104
45 113
45 116
45 118
45 124
45 127
45 130
45 136
45 137
45 141
45 142
45 157
45 160
45 166
45 169
45 170
45 173
45 176
45 183
45 191
45 196
45 292
45 298
45 304
45 310
45 317
45 325
45 326
45 327
45 328
45 335
46 14
46 15
46 19
46 21
46 23
46 25
46 30
46 31
46 39
46 43
46 45
46 47
46 48
46 54
46 55
46 64
46 65
46 68
46 80
47 4
47 49
49 40
49 45
49 57
49 61
49 67
50 7
50 8
50 12
50 20
50 34
50 55
50 64
50 68
50 70
50 72
50 77
50 81
50 90
50 92
50 93
50 95
50 97
50 100
50 112
50 123
50 124
50 225
50 229
51 6
51 9
51 10
52 15
52 17
53 2
53 11
54 3
54 17
54 20
54 39
54 53
54 65
54 73
54 76
54 82
54 83
54 86
54 90
54 91
54 98
54 101
54 105
54 109
54 112
54 113
54 119
54 121
54 122
54 123
55 32
55 37
55 61
55 62
55 65
55 69
55 71
55 76
55 81
55 86
56 2
58 5
58 10
58 64
58 73
59 24
59 27
59 42
59 58
59 60
59 68
59 70
59 71
59 79
59 80
59 82
59 86
59 89
59 93
59 97
59 99
59 100
59 103
59 114
59 122
59 124
59 125
60 3
61 4
61 8
61 14
62 2
62 4
62 15
62 20
62 21
62 23
62 35
62 39
62 41
62 45
62 56
63 13
63 14
63 15
63 17
63 21
63 25
63 34
63 37
63 47
63 49
64 1
64 18
64 40
64 45
64 50
64 51
64 161
64 170
64 173
64 181
64 182
64 192
64 195
64 199
64 207
64 225
64 236
64 241
64 374
64 377
64 379
64 388
65 4
65 8
65 11
65 14
65 20
65 24
65 25
65 30
65 34
65 47
65 50
65 51
65 59
65 64
65 68
65 70
65 80
65 82
65 88
65 96
65 105
65 109
65 110
65 111
65 127
65 130
65 145
65 146
66 4
66 6
66 18
66 26
66 47
66 67
67 61
67 65
67 76
67 77
67 89
67 92
67 99
67 109
67 118
67 122
67 149
67 155
67 162
67 163
67 171
68 3
68 8
68 10
68 14
68 16
68 23
68 29
68 30
68 42
68 45
68 49
68 126
68 129
68 141
68 143
71 29
71 33
71 34
71 38
71 106
71 110
71 113
71 117
71 127
71 166
71 168
71 176
71 185
71 192
71 193
71 201
71 206
71 215
71 219
71 224
71 227
71 236
71 242
71 243
71 280
71 281
71 291
71 302
71 303
71 304
71 305
71 310
71 314
71 319
71 338
72 1
72 4
72 5
72 9
72 16
72 28
72 30
72 34
72 36
72 38
72 40
73 12
74 2
74 8
75 8
75 15
75 16
75 31
75 32
75 37
75 72
75 78
75 82
75 88
75 94
75 114
75 119
75 125
75 127
75 131
75 147
75 153
75 159
75 164
75 183
75 184
75 185
75 189
75 195
76 5
76 21
76 150
76 152
76 160
76 168
76 170
76 173
76 181
76 182
76 206
76 208
78 35
78 38
78 42
78 44
78 45
78 61
78 63
78 64
78 68
78 75
79 33
79 36
79 37
79 52
79 61
79 63
79 85
79 87
79 101
79 102
79 105
79 108
79 109
79 113
79 117
79 118
79 119
79 120
79 122
79 126
79 129
79 131
79 135
79 137
79 139
79 148
79 154
79 157
79 162
79 169
79 172
79 177
79 180
79 191
79 195
79 213
79 217
79 219
79 221
79 227
79 231
80 3
80 5
80 8
81 2
81 5
81 11
81 17
81 19
81 20
81 149
81 157
82 3
82 5
82 17
82 41
82 140
82 148
83 5
83 7
83 9
84 2
84 4
84 16
84 20
84 27
84 47
84 49
84 50
84 52
84 59
84 68
85 4
85 6
85 11
85 21
85 22
85 39
85 40
85 50
85 53
86 4
86 15
86 23
86 29
86 32
86 37
87 9
87 13
87 21
87 108
87 114
87 118
87 121
87 126
87 129
88 3
88 5
88 11
88 12
88 15
88 21
88 35
88 36
88 43
88 46
88 48
88 49
89 8
89 10
89 12
89 22
89 23
89 25
89 46
89 49
89 52
89 62
89 63
89 64
89 67
89 73
89 77
89 96
89 97
89 101
89 103
89 116
89 125
89 129
89 134
89 135
89 143
89 145
89 149
89 162
89 163
89 166
89 168
89 170
89 181
89 183
89 186
89 190
89 195
89 197
89 198
89 199
89 204
89 206
89 219
89 222
89 226
89 243
89 252
89 254
89 257
89 259
89 266
90 2
91 58
91 60
91 66
91 68
91 71
91 84
91 105
91 106
91 118
91 124
91 126
94 51
94 54
94 55
94 65
94 70
94 73
94 76
94 84
94 87
94 107
94 190
94 197
94 205
94 206
94 211
94 345
94 349
94 351
94 353
94 356
94 373
94 375
94 377
94 379
94 382
94 386
94 387
94 389
94 390
