1 6
1 7
1 22
1 30
1 32
1 37
1 52
2 7
2 9
2 11
3 16
3 35
4 85
5 1
5 3
5 8
5 22
5 29
5 33
5 53
5 58
5 61
5 66
5 67
5 79
5 84
5 115
5 120
5 131
5 134
5 142
5 147
5 160
5 162
5 166
5 168
5 186
5 189
5 190
5 207
5 239
5 249
5 250
5 251
5 253
5 269
5 270
5 271
5 272
5 274
5 281
5 285
6 2
6 6
6 12
6 17
6 23
6 29
6 31
6 36
6 38
6 45
6 46
6 52
7 4
7 16
7 17
7 23
7 25
7 28
7 31
7 37
7 43
7 44
7 55
7 60
7 61
7 69
7 70
7 84
7 86
7 104
7 111
7 127
7 129
8 4
8 19
8 20
8 24
8 25
8 29
8 31
8 36
8 38
8 40
8 56
8 61
8 62
8 69
8 70
8 72
8 73
8 79
8 86
8 106
8 108
8 120
8 125
8 128
8 132
8 133
8 144
8 156
9 6
9 11
9 28
9 48
9 56
15 74
16 8
16 12
16 24
16 31
16 40
16 53
16 54
17 5
18 6
18 14
18 19
18 24
18 37
18 41
18 43
18 47
18 51
19 88
19 95
19 100
19 101
19 116
19 126
19 127
19 132
19 136
19 148
19 150
19 156
19 176
20 1
20 23
20 26
20 29
20 31
20 46
20 60
20 69
20 73
20 84
20 85
20 95
20 97
21 3
21 4
21 17
21 36
21 39
21 43
21 45
21 49
21 60
22 3
22 7
22 9
22 21
22 25
22 29
23 2
23 13
23 14
23 15
23 18
23 22
23 26
23 32
23 35
23 81
23 87
23 102
23 103
23 116
23 121
23 131
23 132
23 135
23 146
23 149
23 155
24 2
25 3
25 11
25 80
25 83
26 1
26 8
26 13
26 22
26 34
26 37
26 40
26 42
26 48
26 50
26 58
26 77
26 81
26 85
26 94
26 100
26 107
26 113
26 120
26 125
26 126
26 128
26 133
26 160
26 251
27 2
28 2
28 3
28 5
28 8
28 145
28 147
28 151
28 157
28 160
28 163
29 2
29 4
29 6
29 120
29 128
29 133
29 150
29 152
29 153
29 156
29 179
29 183
29 187
29 189
30 3
30 5
30 6
30 10
30 16
30 18
30 28
31 3
31 5
31 6
32 2
32 29
32 30
32 32
32 36
32 43
32 47
32 53
32 73
32 76
32 99
32 105
32 106
32 113
32 116
32 121
32 122
32 132
32 134
32 141
32 142
32 144
33 15
33 20
33 21
33 25
33 30
33 32
33 43
33 52
33 59
33 65
33 70
34 5
34 20
34 31
34 45
34 46
34 80
35 5
35 13
36 1
36 7
36 9
36 26
36 34
36 43
36 48
36 57
36 64
36 66
36 68
36 71
36 79
36 87
36 98
36 100
36 104
36 106
36 116
36 120
36 121
36 122
36 128
36 133
36 135
36 138
36 142
36 143
36 147
36 152
36 157
36 160
37 4
37 5
37 11
37 14
37 20
37 24
37 28
37 31
37 41
37 44
37 52
37 56
39 6
39 8
39 28
39 34
39 36
39 39
39 40
39 44
39 52
39 53
39 56
39 61
39 65
39 66
39 70
39 72
39 80
39 88
39 93
39 104
39 122
39 123
39 133
39 139
39 140
39 145
39 148
39 155
39 156
40 4
40 7
40 14
40 22
40 32
41 25
41 30
43 14
43 19
43 23
43 34
43 35
43 38
43 50
43 53
43 54
43 60
43 70
43 88
43 89
43 93
43 105
44 13
44 16
44 19
44 20
44 21
44 27
44 28
44 39
45 7
46 1
46 5
46 6
46 8
46 10
46 18
46 19
46 28
46 29
46 33
46 34
46 37
46 46
46 48
46 77
46 84
46 85
46 97
46 103
47 4
47 6
47 28
47 31
47 32
47 54
47 60
47 64
47 68
47 69
47 85
48 20
48 34
48 35
48 38
48 167
48 171
48 180
48 184
51 63
51 69
51 78
51 80
51 82
51 89
51 94
51 98
51 102
51 103
51 105
51 112
51 113
51 116
51 122
51 123
51 124
51 144
51 145
51 146
51 150
51 152
51 158
54 25
54 27
54 38
54 39
54 46
54 48
54 52
54 58
54 61
54 67
54 80
54 81
54 84
54 85
54 89
54 91
54 99
54 109
54 111
54 113
54 116
54 122
54 133
54 134
54 135
54 142
54 144
54 151
54 152
54 164
54 170
54 171
54 175
54 176
54 214
54 216
54 220
54 221
54 228
54 231
54 236
54 237
54 247
54 278
54 282
54 283
54 294
54 321
54 325
54 327
54 328
54 330
54 334
54 338
54 340
54 344
54 350
54 368
55 3
55 8
55 9
55 144
55 177
57 74
57 87
58 13
58 14
58 27
58 36
58 41
58 42
58 52
58 116
58 118
58 121
58 123
58 126
58 131
58 135
58 143
58 145
58 147
58 151
58 153
58 154
58 156
58 169
58 170
58 180
58 186
58 195
58 196
58 198
58 203
58 216
58 220
59 3
59 9
60 3
60 16
61 7
61 14
62 50
62 59
62 62
62 72
62 73
63 86
64 2
64 21
64 22
64 31
64 48
64 53
64 66
64 69
64 74
64 77
64 90
64 117
64 120
64 123
64 124
64 132
64 141
64 144
64 154
64 155
64 167
64 169
64 175
64 185
64 186
64 189
64 194
64 209
64 220
64 224
64 227
64 228
64 238
64 239
65 2
66 3
66 4
67 18
67 19
67 23
67 30
67 34
68 3
68 7
68 9
68 13
68 19
68 20
68 25
68 32
68 46
68 64
68 71
68 76
68 97
69 9
69 11
69 16
69 19
69 24
69 27
69 32
69 39
69 50
69 59
70 5
70 19
70 22
71 9
72 3
72 9
72 10
72 18
72 25
72 28
72 40
74 61
74 64
75 5
75 27
75 31
75 120
75 121
75 125
75 131
75 140
75 144
75 146
76 10
76 13
76 26
76 27
76 29
76 160
76 161
76 177
76 179
76 183
76 188
76 193
76 196
76 209
76 210
76 214
76 218
76 263
76 264
76 269
76 271
77 18
77 22
77 37
77 49
77 52
77 53
77 55
77 57
77 60
77 70
77 76
77 78
77 81
77 87
77 92
77 133
77 138
77 141
77 149
77 151
77 154
77 156
77 177
77 186
77 197
77 202
77 203
77 206
77 207
77 212
77 223
77 224
78 29
78 32
78 33
78 34
78 40
78 41
78 43
79 10
79 16
79 28
79 175
79 181
79 182
79 187
79 188
79 192
79 198
79 201
79 202
79 211
79 213
79 216
79 217
79 220
79 224
80 63
80 67
80 72
80 73
81 2
81 4
81 21
81 40
81 49
81 58
82 1
82 5
82 19
82 27
82 34
82 38
82 49
82 57
82 66
82 67
83 3
83 4
83 11
83 20
84 8
84 16
84 19
84 23
84 26
84 28
84 30
85 7
85 21
85 23
85 25
85 43
85 44
85 60
85 79
85 81
85 108
85 110
85 115
85 119
85 124
85 125
85 127
85 130
86 47
86 66
86 73
86 75
86 89
86 95
86 97
86 100
87 2
87 6
87 22
87 24
87 32
87 37
87 39
87 53
87 56
87 60
87 64
87 67
87 69
87 86
87 88
87 108
89 1
89 3
89 14
89 16
89 21
89 22
89 38
89 40
89 42
89 48
89 50
89 53
90 19
90 30
90 44
90 46
90 49
90 52
90 67
90 69
90 70
90 72
90 73
90 82
90 84
90 88
90 89
90 92
90 98
90 117
90 122
91 7
91 18
91 20
91 23
91 27
91 33
91 66
91 68
91 72
91 73
91 75
91 83
91 84
91 85
91 94
91 112
91 113
91 118
91 119
91 122
91 130
91 131
91 136
91 149
91 151
91 160
91 163
91 174
92 11
92 13
93 2
93 12
93 141
93 143
93 144
93 161
93 182
93 187
93 188
93 195
93 197
93 204
93 207
93 215
93 223
93 227
93 234
93 235
93 236
93 241
93 245
93 266
93 268
93 274
93 285
93 294
94 10
95 41
95 51
95 64
95 66
95 70
95 73
95 76
95 77
95 81
95 86
95 89
95 92
95 93
95 101
96 2
96 5
96 17
96 20
97 35
97 36
99 4
99 6
99 7
99 8
99 11
99 22
99 26
99 27
99 30
99 35
99 40
99 45
99 46
99 51
99 59
99 61
99 65
99 68
99 71
99 98
99 101
99 124
99 135
99 147
99 151
99 155
99 161
99 188
99 190
99 193
99 214
99 226
99 234
99 236
100 25
