1 15
1 17
1 18
1 25
1 26
1 37
1 38
1 41
1 44
1 49
1 52
1 53
1 182
1 204
1 215
1 229
1 230
1 232
1 234
2 5
3 1
3 19
3 20
3 29
3 42
3 50
3 63
3 70
3 73
3 75
3 80
3 82
3 90
3 98
3 100
3 104
3 128
3 136
3 139
3 147
3 150
3 151
3 153
3 159
3 182
3 183
3 187
3 189
3 214
3 216
3 235
3 364
3 366
3 377
3 385
3 386
3 390
3 393
3 402
3 403
3 415
3 422
3 424
3 425
4 4
4 7
4 17
4 19
5 3
5 11
5 19
5 21
5 23
5 30
5 38
5 44
5 59
5 67
5 70
5 76
5 90
5 92
5 98
5 99
5 101
5 113
5 115
5 120
5 122
5 124
5 129
5 130
5 141
5 142
5 145
5 150
5 156
5 160
5 165
5 177
5 179
5 187
5 190
5 192
5 196
5 198
5 199
5 209
5 210
5 216
5 226
5 227
5 228
5 237
6 18
6 36
6 37
6 55
6 58
6 61
6 65
6 67
6 200
6 203
6 204
6 227
6 235
6 240
6 242
6 248
6 249
6 256
6 269
6 274
6 277
6 279
6 284
6 287
6 293
6 300
6 316
6 333
6 339
6 341
6 343
6 349
6 351
7 1
7 5
7 8
7 9
7 26
7 27
7 28
7 35
7 36
7 38
7 40
7 46
7 48
7 53
7 58
7 59
7 65
7 70
8 11
9 24
9 36
9 37
9 39
9 40
9 41
9 46
9 47
9 50
9 52
10 8
10 13
10 21
10 26
10 33
10 35
10 37
10 45
10 46
10 47
10 67
10 68
10 69
10 73
10 78
10 81
10 83
10 88
12 61
12 62
12 63
12 65
12 68
12 77
12 82
13 2
13 9
13 12
13 13
13 17
13 40
13 42
13 48
13 50
13 53
13 56
13 58
13 69
13 73
13 84
14 3
14 12
14 19
14 36
14 42
14 44
14 52
14 70
14 79
14 85
14 86
14 92
14 96
14 103
14 107
14 109
14 118
14 122
14 123
14 130
14 138
14 141
14 142
14 145
14 148
14 151
14 153
14 158
15 2
15 18
15 21
15 24
15 30
15 31
16 4
16 6
17 6
17 18
17 22
17 26
17 28
17 29
17 33
17 35
17 38
18 7
18 22
18 24
18 33
18 42
18 47
18 52
18 53
18 59
18 61
18 66
18 87
18 88
18 95
18 96
18 97
18 98
18 108
18 109
18 114
18 123
18 132
18 134
19 11
19 13
19 17
19 18
19 21
20 8
20 11
20 73
20 85
20 86
20 115
21 4
21 8
21 10
21 23
22 8
22 11
22 20
22 23
22 27
22 30
22 31
22 35
22 41
22 48
23 12
23 21
23 22
23 27
23 33
23 43
23 44
23 55
23 58
23 60
23 67
23 72
23 73
24 4
24 5
24 8
24 10
24 16
24 23
24 34
24 37
24 40
24 41
24 43
24 49
24 59
24 61
24 64
24 69
24 72
24 78
24 80
24 82
24 87
24 89
25 58
25 60
25 69
25 78
25 85
25 92
25 108
25 112
25 113
25 124
25 126
25 127
25 129
25 133
25 141
25 144
26 7
26 10
26 15
26 17
26 19
27 4
27 5
27 13
27 15
27 21
27 22
27 35
27 39
27 45
27 53
28 5
28 17
28 21
28 22
29 2
29 8
29 9
29 10
29 11
29 14
29 16
29 30
29 31
29 41
29 45
29 52
29 60
29 61
29 190
29 208
34 18
34 28
34 31
34 35
34 41
34 42
35 5
35 7
35 22
35 42
35 61
35 63
35 68
35 76
35 83
35 88
35 91
35 92
35 98
35 101
35 115
36 3
36 12
36 13
36 16
36 30
36 38
36 54
36 55
37 4
37 16
37 23
37 30
37 46
38 117
39 1
39 13
39 41
39 69
39 70
39 90
39 95
39 98
39 102
40 5
41 3
42 2
42 12
42 17
42 29
42 33
42 62
42 64
42 78
42 79
42 83
42 84
42 96
42 97
42 100
42 102
43 4
43 12
43 18
43 28
43 71
43 85
43 94
43 96
43 97
43 99
43 108
43 113
43 134
43 138
43 163
43 164
43 168
43 170
43 178
43 180
43 186
43 204
43 208
43 210
45 85
45 86
45 92
46 25
46 29
46 32
46 45
46 46
46 50
46 55
46 59
46 62
46 65
47 1
47 2
47 5
47 7
47 15
47 23
47 25
47 41
47 43
47 48
47 56
47 60
48 2
48 4
48 6
48 8
48 30
48 37
48 44
48 47
48 52
48 55
48 63
49 10
49 12
49 17
49 18
50 1
50 9
50 17
50 81
50 87
50 92
50 96
50 97
50 106
50 108
50 122
50 123
50 133
50 136
50 148
50 159
50 170
50 171
50 196
50 197
50 226
50 227
50 230
50 231
50 233
50 246
50 252
50 268
51 21
51 25
51 29
51 41
53 76
53 95
53 96
53 101
53 103
53 104
53 111
53 112
53 116
53 117
53 125
53 134
53 146
53 147
53 148
53 149
53 153
53 155
53 156
53 163
53 165
53 173
53 178
53 179
53 189
53 203
53 209
53 213
53 214
53 220
53 223
53 228
53 232
53 234
53 235
53 238
53 239
53 247
53 254
53 257
53 263
53 264
53 267
53 275
53 277
53 278
53 287
53 290
53 293
53 295
53 299
53 300
53 306
53 315
54 3
54 4
54 5
54 16
54 27
54 29
54 36
54 40
54 52
54 53
54 57
54 61
54 68
54 71
54 76
54 79
54 81
54 84
54 86
54 110
54 113
54 115
54 118
54 119
54 122
55 2
55 5
55 7
55 16
55 19
55 20
56 14
56 21
56 25
56 31
56 48
56 103
56 121
56 123
56 129
56 130
58 13
58 17
58 18
58 27
58 31
58 33
58 36
58 42
58 51
58 54
58 58
59 10
59 21
59 24
59 25
59 30
59 34
60 6
60 15
60 25
60 48
60 49
60 65
60 69
60 100
60 102
60 106
60 113
60 117
60 123
60 124
60 125
60 130
60 137
60 139
60 144
60 146
60 151
60 152
60 161
60 163
60 199
60 210
60 212
60 219
60 222
60 225
60 229
60 238
60 324
61 5
61 11
61 16
61 30
61 32
61 33
61 39
61 40
61 51
61 59
61 60
61 64
61 67
61 84
61 89
61 103
62 51
64 22
64 24
64 30
64 37
64 38
64 40
64 63
64 65
64 74
64 81
64 93
64 98
65 1
65 3
65 9
66 4
66 5
66 25
66 29
66 46
66 65
66 68
66 71
66 76
66 111
66 119
67 81
67 82
69 2
69 10
69 13
69 21
69 33
69 37
70 19
71 6
71 29
71 33
71 36
71 38
71 41
71 44
73 31
73 34
73 53
73 58
73 68
73 69
73 78
73 80
73 82
73 83
73 92
73 105
73 106
73 109
73 115
73 117
73 127
73 135
73 146
73 153
73 154
73 161
73 169
73 173
73 174
73 178
73 185
73 189
73 194
73 196
73 199
73 203
73 205
73 218
74 2
74 4
74 6
74 12
74 21
74 42
74 53
74 63
74 68
74 70
74 73
74 82
74 83
74 88
74 96
74 99
74 102
74 107
75 16
75 19
75 21
75 25
75 27
75 35
75 36
75 42
75 47
75 50
75 60
75 61
75 62
75 74
75 75
75 79
75 108
75 111
75 114
75 115
76 4
76 5
76 8
76 13
78 1
78 2
78 12
78 21
78 22
78 32
78 35
78 38
78 41
78 68
78 78
78 80
78 85
78 94
78 95
78 98
78 107
78 109
78 114
78 116
78 117
78 125
80 18
80 21
80 24
80 47
81 20
81 41
81 45
81 48
82 2
82 5
82 9
85 3
85 4
85 7
85 15
85 23
85 38
85 40
85 46
85 49
85 53
85 62
85 67
85 68
85 69
87 66
87 69
87 74
87 78
87 84
87 88
87 91
88 2
88 3
91 37
91 48
91 53
91 65
91 68
91 70
91 72
91 78
91 86
91 92
91 106
91 119
91 125
91 127
91 128
91 130
91 132
91 153
91 161
91 171
91 172
91 176
91 180
91 184
91 188
91 203
91 213
91 219
91 222
91 223
91 227
91 230
91 237
91 238
91 250
91 251
91 261
91 266
91 280
91 298
91 299
91 319
91 332
91 333
91 343
91 442
91 444
91 451
91 453
91 459
91 484
91 491
91 492
91 495
91 498
92 3
92 12
92 36
92 61
92 65
92 129
92 131
92 133
92 143
92 154
92 156
92 160
92 161
92 163
92 170
92 183
92 187
92 199
92 207
92 209
92 215
92 226
92 235
92 243
92 249
92 254
92 257
92 258
92 259
92 264
92 265
92 266
92 272
92 274
92 285
92 288
92 290
92 309
92 316
93 12
93 15
93 19
93 25
93 33
93 41
93 42
93 43
93 47
93 49
93 54
93 71
93 72
93 73
93 78
93 80
93 82
93 90
93 98
93 100
93 106
93 107
93 130
93 143
93 147
93 157
93 162
93 163
94 20
94 25
95 4
96 3
96 7
96 12
97 1
97 4
97 15
97 31
97 34
97 36
97 38
97 47
97 50
97 53
97 56
97 61
97 66
97 70
97 73
97 78
97 83
97 97
97 98
97 104
97 142
97 149
97 150
97 158
97 161
97 167
97 174
97 206
97 213
97 214
97 215
97 222
97 230
97 239
97 241
97 242
97 244
97 250
97 253
97 257
97 262
97 267
97 270
97 281
97 282
97 285
97 286
97 287
97 289
97 292
97 297
97 305
97 313
97 315
97 334
97 337
97 339
97 343
97 351
97 366
97 372
97 387
97 395
97 423
97 427
97 433
97 440
97 441
97 449
97 450
97 457
97 463
97 471
97 476
97 489
97 504
97 507
97 512
97 516
97 521
97 523
98 1
98 3
98 7
98 8
98 13
98 15
98 20
98 21
98 30
98 33
98 34
99 1
99 3
99 4
99 8
99 13
99 16
99 17
99 25
99 28
99 39
99 42
99 43
99 48
99 49
99 58
99 76
99 98
99 105
99 108
99 112
99 113
99 115
99 117
100 6
100 10
100 17
100 25
100 32
100 35
100 42
100 53
100 54
100 59
