1 14
1 16
1 18
1 20
1 46
1 47
1 49
1 55
1 61
1 64
1 71
1 79
1 85
1 86
1 88
1 91
1 103
1 106
1 109
1 118
1 127
1 137
1 139
1 140
1 147
1 152
1 154
3 2
4 14
4 16
4 17
4 19
4 28
4 30
4 50
5 54
5 56
5 58
5 66
5 69
5 72
5 74
5 90
5 94
5 100
5 108
5 109
5 110
5 114
5 115
5 122
5 124
5 128
6 5
6 12
6 18
6 100
6 107
6 110
6 122
7 105
7 110
7 112
7 115
7 118
7 122
7 128
7 130
8 4
8 5
8 10
8 11
8 20
8 28
8 29
8 32
8 51
12 3
12 21
12 26
12 34
12 38
12 47
12 48
12 65
12 70
12 80
12 85
12 91
12 93
12 94
12 98
14 2
16 31
16 35
16 42
16 43
16 62
17 1
17 6
17 14
17 15
17 26
17 31
17 32
17 44
17 58
17 60
17 61
18 4
18 13
19 1
20 3
21 1
21 7
21 13
21 87
21 89
21 92
22 6
23 22
23 24
23 29
23 36
23 38
23 46
23 59
24 3
24 8
25 2
25 4
25 7
25 8
25 15
25 20
25 22
26 6
26 10
26 13
26 16
26 19
26 24
26 28
27 3
27 13
27 15
27 44
27 59
27 63
27 67
27 70
27 75
27 86
27 87
27 93
27 95
27 102
28 5
28 10
28 13
28 20
30 57
30 61
30 71
30 77
31 3
31 20
31 33
31 39
31 59
31 67
31 83
31 87
31 90
31 92
31 93
31 99
31 101
31 102
31 136
31 137
31 148
31 149
31 151
31 152
31 154
31 161
31 165
31 166
31 172
31 174
31 175
32 6
32 7
32 10
32 17
32 28
32 38
32 39
32 46
32 47
32 51
33 6
33 16
33 18
33 46
33 50
33 53
33 59
34 2
34 6
34 7
34 11
34 12
34 17
34 25
34 33
34 37
34 38
34 40
37 43
37 62
37 76
38 2
38 4
38 71
38 73
38 76
38 83
38 98
38 99
38 105
38 107
38 111
38 115
38 124
38 127
38 132
38 192
38 203
38 205
38 206
38 215
38 230
39 2
39 8
39 9
39 11
39 12
39 14
39 16
39 19
39 23
39 24
39 28
39 34
39 36
39 39
39 43
39 48
39 55
39 65
39 125
39 128
39 130
39 136
39 137
39 150
39 153
40 3
40 7
40 16
41 39
41 45
41 52
41 55
41 58
42 2
42 10
42 21
42 49
42 60
42 64
42 69
42 74
42 92
42 94
42 99
42 117
42 122
42 146
42 148
42 149
42 157
42 172
42 179
42 183
42 198
42 200
42 201
42 203
42 207
42 209
42 210
42 212
42 216
42 218
42 222
42 229
42 236
42 240
42 312
42 342
42 344
42 355
42 356
42 370
43 8
43 13
43 15
43 21
43 30
43 34
43 40
43 41
43 46
43 62
43 64
43 77
43 92
43 94
43 96
43 102
43 103
43 109
43 112
43 246
43 249
43 264
43 269
43 271
43 279
43 280
43 285
44 123
44 125
44 128
44 130
44 132
44 138
46 11
46 20
47 9
48 9
48 14
49 12
49 13
49 16
49 25
51 8
51 21
51 23
51 25
51 28
51 32
51 35
52 3
52 7
52 8
52 14
52 154
52 163
52 174
52 175
52 176
52 177
52 180
52 187
52 188
52 191
52 193
53 4
53 8
53 19
53 26
53 62
53 68
53 72
53 73
53 80
53 84
53 86
54 6
54 8
55 13
55 17
55 19
55 39
55 45
55 46
55 56
55 57
55 62
55 74
55 75
55 84
55 85
55 99
55 110
55 114
55 116
55 122
55 123
55 124
55 135
55 137
55 239
55 242
55 247
55 255
55 257
55 275
55 277
55 278
55 280
55 285
55 287
55 288
55 291
55 293
55 295
55 302
55 304
58 33
58 46
59 4
59 6
59 7
59 11
59 25
62 52
62 56
62 62
62 83
62 84
63 72
63 78
63 79
63 84
63 85
63 92
63 96
63 103
63 107
63 114
64 9
64 10
64 20
64 24
64 32
64 38
64 42
64 48
64 60
64 73
64 88
64 93
64 95
64 99
64 107
64 108
64 113
64 117
64 118
64 121
64 127
64 129
64 133
64 136
64 138
64 139
64 141
64 145
64 147
64 151
64 152
64 153
64 163
64 165
64 186
65 8
66 4
66 5
66 9
66 10
66 13
66 15
66 16
66 89
68 62
68 63
68 67
68 70
68 79
68 94
68 97
68 99
68 112
68 113
68 119
68 123
68 132
68 140
68 150
68 166
68 177
68 179
68 190
68 193
68 195
68 199
68 202
68 203
68 208
68 215
68 221
68 225
68 226
68 235
68 255
68 256
68 260
68 261
68 264
68 267
68 275
68 276
68 281
68 286
68 289
68 290
68 292
68 300
68 301
68 303
68 318
68 320
68 322
69 3
69 5
69 11
70 2
70 5
71 30
71 33
72 17
72 23
72 24
72 28
72 30
72 41
72 42
72 55
72 62
72 72
72 76
72 78
72 90
72 92
72 95
72 114
72 116
72 119
72 122
72 142
72 145
72 149
73 9
73 31
73 32
73 38
73 40
74 1
74 7
74 11
74 16
74 20
74 24
74 26
74 29
74 32
74 34
74 43
74 46
75 1
75 13
75 17
75 18
75 21
78 71
78 75
78 78
78 82
78 83
78 107
78 110
78 124
78 127
78 143
78 144
79 2
79 7
79 14
79 15
79 17
79 23
79 24
79 27
79 29
79 33
79 39
79 122
82 23
85 75
85 132
85 138
85 144
85 147
85 148
85 152
85 168
85 169
85 170
85 184
85 186
85 193
85 195
85 199
86 1
86 2
86 4
86 13
88 3
88 10
88 14
88 15
88 35
88 41
88 50
88 57
88 70
88 79
89 12
90 4
90 11
91 7
91 8
91 10
91 15
93 36
93 37
93 43
93 50
93 52
93 55
93 60
93 63
93 66
93 69
93 70
93 74
93 210
93 217
93 218
93 230
93 233
93 250
93 252
93 264
93 278
94 2
94 8
94 16
94 18
94 29
94 32
95 1
95 2
95 7
95 13
95 22
95 26
96 1
96 4
96 33
96 41
96 55
96 64
96 70
96 146
96 147
96 151
96 157
96 159
96 169
96 171
96 172
97 1
97 3
97 5
97 8
97 16
97 19
97 24
97 26
97 30
97 37
97 54
97 57
97 58
97 65
97 67
97 74
97 84
97 93
97 106
97 110
97 118
97 123
97 126
97 127
97 129
97 141
97 143
97 146
97 149
97 151
97 152
97 159
97 170
98 1
98 3
98 5
98 9
98 12
98 15
98 25
98 43
98 61
98 193
98 195
98 196
98 200
98 213
98 221
98 222
98 235
98 237
98 259
98 262
98 269
98 272
98 276
98 280
98 285
98 296
98 309
98 316
98 318
98 321
98 333
98 334
98 342
98 349
98 353
98 360
98 368
98 371
98 381
98 386
98 399
98 403
98 407
98 409
98 413
98 415
98 423
98 424
98 425
98 558
98 573
98 576
98 577
99 9
99 31
99 37
99 43
99 46
99 47
99 48
99 60
99 63
99 72
99 78
99 81
99 89
99 102
99 103
99 108
99 113
99 126
99 137
99 138
99 141
99 256
99 257
100 1
100 32
100 42
101 4
101 5
101 7
101 23
101 46
101 62
102 1
102 4
102 9
102 11
102 18
102 23
102 25
102 30
102 33
102 40
102 41
103 3
103 11
103 34
103 48
103 57
103 59
103 60
103 63
103 66
103 70
103 71
105 5
105 10
105 16
105 23
105 24
105 41
105 42
105 46
107 3
107 6
107 10
107 15
107 26
107 38
107 43
107 44
108 44
108 71
108 73
108 84
108 85
108 96
108 98
108 99
109 107
109 116
109 125
109 129
109 136
109 187
109 197
109 205
109 209
109 218
109 220
109 222
109 228
109 229
109 232
109 233
109 234
109 363
109 392
109 395
109 397
109 420
109 432
109 447
109 448
109 452
109 454
109 460
109 469
109 472
109 474
109 485
109 486
109 492
109 495
109 496
109 500
109 501
109 511
109 516
110 4
110 12
110 13
110 24
110 26
110 27
110 37
110 38
111 2
111 11
111 28
111 32
111 40
111 49
111 58
112 10
112 34
112 37
112 45
112 50
112 63
112 74
112 81
112 92
113 15
