1 134
1 135
1 138
1 139
3 30
3 31
4 45
4 52
4 60
4 61
4 67
5 1
5 9
5 19
5 22
5 26
5 28
5 37
5 60
5 79
5 82
5 83
5 87
5 88
5 90
5 92
6 1
6 10
6 13
6 18
6 19
6 20
6 23
6 26
7 4
7 6
7 10
7 25
7 31
7 34
7 43
7 44
7 45
7 46
7 49
7 52
7 55
7 57
7 60
7 63
7 64
7 67
7 73
7 75
7 105
7 106
7 113
7 115
7 123
7 128
7 137
7 138
7 145
7 157
7 161
7 163
7 178
7 182
7 185
8 3
8 7
8 11
8 21
8 24
8 26
8 32
8 36
8 43
8 44
8 47
8 65
8 68
8 72
8 76
8 77
9 21
9 24
13 15
13 17
13 19
13 32
13 33
13 35
13 42
15 7
15 10
15 22
15 25
15 26
15 34
15 137
15 140
15 142
15 159
15 168
15 192
15 194
15 195
15 196
15 201
15 330
15 336
15 339
15 342
16 17
16 20
16 46
16 49
16 77
16 209
16 215
16 217
16 223
16 234
16 242
16 263
16 273
16 301
16 304
16 321
16 327
16 329
16 335
16 338
16 343
16 350
16 356
16 367
16 370
16 374
16 391
16 394
16 396
16 399
16 401
16 406
17 1
17 12
17 22
19 13
19 19
19 24
19 29
19 34
19 40
19 46
19 49
20 78
20 82
20 85
21 1
21 4
21 6
21 7
21 9
21 12
21 24
21 30
21 31
21 44
21 46
21 51
21 53
21 55
21 58
21 71
21 73
21 78
21 80
21 86
21 95
21 103
21 105
21 109
21 112
21 134
21 263
21 268
21 272
21 276
21 282
21 285
23 15
23 23
23 26
23 32
23 33
23 53
23 68
23 72
23 74
24 1
24 6
24 8
24 13
24 17
24 20
24 22
24 28
24 29
24 31
24 37
24 42
24 52
25 3
25 4
25 6
25 16
26 1
26 23
26 28
26 31
27 9
27 10
27 16
27 18
27 28
29 63
29 72
29 77
29 78
29 81
29 84
29 94
29 96
29 102
29 120
29 126
29 135
29 140
29 143
29 144
29 147
29 148
29 155
29 190
29 192
29 195
29 197
29 198
29 201
29 202
29 284
31 5
31 9
31 11
31 12
31 30
31 33
31 34
31 41
31 52
31 54
31 56
31 67
31 68
31 73
31 76
31 79
31 87
32 1
32 6
32 13
32 15
32 24
33 1
33 56
33 57
33 59
33 78
33 79
33 86
33 87
33 88
34 79
34 83
34 88
34 89
34 92
34 97
34 99
34 101
34 128
34 131
35 4
35 16
35 19
35 25
35 27
35 28
35 32
37 85
38 10
38 11
38 33
38 34
38 37
38 40
38 41
38 53
38 54
38 58
38 63
38 64
38 67
38 69
38 74
38 75
38 80
38 91
39 110
39 113
39 114
39 126
39 127
39 144
39 146
39 147
39 151
39 161
39 163
39 172
39 174
39 180
39 181
39 194
39 210
39 216
39 219
39 229
39 242
39 243
39 255
39 263
39 266
39 272
39 278
39 282
39 285
39 287
39 288
39 302
39 311
39 317
39 319
39 320
39 324
39 325
39 328
39 329
39 331
39 339
39 398
39 400
39 402
39 403
40 15
40 27
40 29
40 31
40 34
40 35
40 52
40 60
40 62
40 64
41 5
41 6
41 7
41 11
41 30
41 35
41 40
41 51
41 57
41 63
41 68
41 80
41 81
41 83
41 86
41 87
41 90
41 91
41 93
42 5
42 14
42 16
43 108
43 124
43 139
43 147
43 171
43 172
43 175
43 184
43 185
43 186
43 189
43 200
43 207
43 211
43 224
43 229
43 243
47 29
47 30
47 31
47 41
47 44
47 47
47 51
47 52
48 4
48 5
48 19
48 26
48 30
48 40
48 42
49 2
49 3
49 7
49 16
49 17
49 25
49 26
49 47
49 54
49 57
49 64
50 34
50 36
50 42
50 99
51 3
51 9
51 11
51 12
51 14
51 21
51 28
51 36
51 46
51 47
51 50
51 55
51 60
51 74
52 6
52 14
52 15
52 16
52 23
52 37
52 40
52 49
52 51
52 56
52 57
52 63
52 78
52 87
52 90
53 1
53 9
53 16
53 19
53 152
53 155
53 159
53 168
53 175
53 178
53 182
53 186
53 189
53 210
53 211
53 214
53 216
54 3
54 104
54 108
55 2
55 33
55 35
55 47
55 49
55 55
55 78
55 83
55 86
55 89
55 95
55 107
55 111
55 114
55 125
55 132
55 133
55 135
55 142
55 144
55 145
55 147
55 193
56 7
56 12
56 16
56 17
56 25
56 26
56 27
56 40
56 46
56 47
56 51
56 61
56 69
56 71
56 72
56 73
56 79
56 108
56 113
56 114
56 128
56 129
56 132
56 140
56 146
56 153
56 156
56 173
56 174
58 27
58 47
58 53
58 59
59 1
59 3
59 4
59 11
59 24
59 32
59 46
59 48
59 71
59 84
59 90
59 96
59 97
59 120
59 121
59 125
59 135
59 136
59 143
59 163
60 21
60 27
60 29
60 38
60 42
60 48
60 57
60 63
60 67
60 73
60 82
60 85
61 5
61 12
61 13
61 19
61 46
61 55
61 57
61 186
61 194
61 195
61 196
61 201
61 205
61 208
61 209
61 214
61 215
61 216
61 218
61 224
61 225
61 226
61 229
61 230
61 235
61 243
61 248
61 271
61 274
61 275
63 12
63 19
63 150
63 153
63 160
63 161
63 171
64 2
64 8
64 11
64 15
64 21
64 22
64 30
64 31
64 32
64 33
64 36
64 38
64 40
64 56
64 61
64 67
65 4
65 5
65 9
65 12
66 5
67 20
67 23
67 24
67 27
67 34
67 41
67 44
67 47
67 86
69 14
69 24
69 26
69 29
69 35
69 39
70 10
70 20
70 25
70 26
70 33
71 2
71 3
71 10
71 22
71 29
71 38
72 1
72 114
72 121
72 122
72 132
72 134
72 149
72 161
72 169
72 171
72 174
72 209
72 214
72 225
72 232
72 245
72 249
72 264
72 268
72 273
72 276
72 283
72 290
72 292
72 306
72 317
72 322
72 327
72 330
72 336
72 337
72 341
72 441
72 443
72 446
72 448
73 3
73 7
74 55
74 57
75 3
75 10
75 19
75 30
75 35
75 38
75 39
75 49
75 51
75 60
75 61
75 65
75 77
75 78
75 90
75 104
75 109
75 111
75 112
75 120
75 125
75 127
75 133
75 138
75 139
75 177
75 180
75 186
75 198
75 205
75 212
75 215
75 218
75 225
75 233
75 234
75 236
77 1
77 7
77 122
77 139
77 141
77 143
77 150
77 151
79 9
79 17
79 20
80 31
80 32
80 42
80 45
80 51
80 111
80 116
80 117
80 119
80 121
81 8
81 12
81 152
81 154
82 9
82 12
82 16
82 31
82 43
82 44
82 51
82 52
82 53
82 54
82 63
82 76
82 80
82 82
82 88
82 90
82 93
82 94
82 101
82 103
82 106
83 5
83 20
83 27
83 29
83 33
83 42
83 46
83 53
83 55
83 62
83 64
83 68
83 95
83 104
84 33
84 37
84 43
84 44
84 45
84 50
84 55
84 61
84 67
84 68
84 71
84 78
84 80
84 82
84 88
84 90
84 97
84 99
84 100
84 119
84 121
84 128
84 129
84 139
84 149
84 152
84 158
84 160
84 241
84 248
84 250
84 251
84 253
84 254
84 267
84 268
85 6
85 7
85 9
85 13
85 15
85 22
85 25
85 32
85 53
85 101
85 110
85 112
85 117
85 125
85 136
85 138
85 141
85 148
85 155
85 156
85 159
85 163
85 167
85 174
85 181
87 29
87 33
87 35
87 42
88 5
88 7
88 9
88 11
88 12
88 32
88 34
88 36
88 37
88 38
88 50
88 54
88 60
88 62
88 63
88 65
88 69
88 72
88 73
88 74
89 1
89 5
89 28
89 37
89 41
89 50
89 53
89 59
89 61
89 70
89 72
89 75
89 76
89 78
89 79
89 80
89 83
89 86
89 89
89 95
89 97
89 101
89 102
89 113
89 132
89 133
89 134
89 137
89 140
89 145
89 146
89 183
