1 1
1 2
3 59
4 14
4 34
4 41
4 49
4 50
4 54
4 57
4 59
4 60
4 64
4 75
4 89
4 94
4 101
4 231
4 232
4 239
4 240
4 242
4 247
4 250
4 251
4 252
4 261
4 263
4 265
4 270
4 271
4 273
4 276
4 285
4 289
4 290
5 83
6 40
6 45
6 48
6 57
6 63
6 66
6 68
6 75
6 93
6 100
6 112
6 118
6 121
7 9
7 11
7 22
7 23
7 29
7 30
7 68
7 70
7 73
7 81
7 82
9 46
9 49
9 52
9 58
9 60
9 71
9 73
9 76
9 86
9 91
9 94
9 96
9 105
11 54
11 59
11 61
11 68
11 71
11 88
11 89
11 97
11 99
11 111
11 116
11 117
11 118
11 121
11 126
12 13
12 18
13 3
14 5
14 20
14 21
14 22
14 29
14 32
14 36
14 39
14 43
14 49
14 58
14 69
14 70
14 71
14 91
14 94
14 96
14 101
14 105
14 114
15 104
15 105
15 110
16 1
16 3
16 7
16 12
16 13
16 22
16 23
16 26
16 31
17 5
17 19
18 5
18 7
18 10
18 12
18 19
20 18
20 32
20 33
20 34
20 37
20 39
20 42
20 43
20 49
20 50
20 52
20 96
20 98
20 101
20 102
20 104
20 108
20 114
20 116
20 117
20 121
20 127
20 131
20 132
20 137
20 148
20 150
20 151
20 153
20 156
20 158
20 167
20 170
20 182
20 191
20 192
20 211
20 213
20 215
20 221
20 229
20 230
20 236
20 238
20 243
20 253
20 256
20 261
20 269
20 274
20 296
20 305
20 308
21 13
21 15
21 23
21 26
21 27
21 33
21 65
21 72
22 14
22 21
22 33
22 35
22 45
22 50
22 52
22 53
22 184
22 187
22 201
22 208
22 217
22 239
22 241
22 245
22 253
22 256
22 258
22 261
22 266
23 6
23 17
23 19
24 96
24 99
24 100
24 102
24 105
24 106
24 111
24 114
24 117
24 132
24 134
24 151
24 153
24 165
24 245
24 246
24 258
24 282
24 296
24 297
24 298
24 313
24 314
24 315
24 319
24 321
24 324
25 2
25 5
25 15
25 19
25 38
25 42
25 48
25 50
26 10
26 14
27 8
27 9
27 12
28 3
28 5
28 168
28 169
28 170
28 192
28 197
28 203
28 206
28 212
30 32
30 33
30 46
30 53
30 55
30 56
30 60
30 61
30 64
32 11
32 12
34 85
34 92
34 95
34 103
34 104
34 111
34 115
34 124
34 129
34 145
34 152
34 162
34 177
34 178
34 184
34 187
34 189
34 206
34 220
34 247
34 248
34 258
34 260
34 269
34 270
34 277
36 30
36 36
40 40
40 41
40 43
40 51
40 52
40 55
40 62
40 63
40 71
40 72
40 79
40 86
40 96
40 105
40 115
40 121
40 124
40 135
40 136
41 2
41 10
41 15
41 16
41 23
41 32
41 41
41 65
41 78
41 79
41 104
42 12
42 18
44 43
44 46
44 53
44 54
44 59
44 65
44 69
44 76
44 85
44 97
47 67
47 73
47 74
47 78
47 79
47 89
47 104
47 123
47 127
47 131
47 138
48 5
48 18
48 25
48 29
48 32
48 40
48 44
49 36
49 47
49 48
49 56
49 61
49 65
49 76
49 78
49 96
49 97
49 110
49 130
50 24
50 32
51 125
51 126
51 127
51 130
51 144
51 146
51 147
51 149
51 150
51 155
51 166
51 170
51 177
52 73
53 1
53 4
53 8
53 17
53 18
53 21
53 22
53 25
53 26
53 29
53 42
53 83
53 84
53 95
53 96
53 101
53 114
53 209
53 213
53 217
53 222
53 230
53 232
53 246
53 254
53 255
55 99
55 107
55 123
58 37
58 40
58 41
58 45
58 52
58 54
59 145
59 146
59 147
59 148
59 208
60 5
60 6
60 7
60 16
60 38
60 39
60 48
60 190
60 202
60 211
60 215
60 219
60 226
60 233
60 235
60 238
60 243
60 252
60 255
60 256
60 274
60 275
60 405
60 413
60 430
60 433
61 64
62 22
62 33
62 44
62 54
62 59
62 66
62 72
62 80
62 86
62 91
62 92
62 99
63 5
65 17
65 19
66 1
66 8
66 11
66 13
66 19
66 29
66 30
66 31
66 32
66 33
66 37
66 41
66 43
66 45
66 70
66 81
66 82
66 85
66 87
67 19
67 47
67 53
67 61
67 63
67 84
67 86
67 94
67 96
67 99
67 101
67 106
67 107
67 113
67 116
67 117
67 129
67 130
67 155
67 156
67 157
67 165
67 167
67 169
67 191
67 202
67 205
67 208
67 210
67 212
67 214
67 219
67 223
67 226
67 234
67 238
67 239
67 241
67 248
67 252
67 254
67 255
67 259
67 272
67 279
68 2
68 17
68 18
68 157
68 160
68 171
68 246
68 250
68 251
68 252
68 260
68 276
68 282
68 297
68 306
68 309
68 317
68 319
68 321
68 322
68 324
68 328
68 330
68 334
68 343
68 375
68 394
68 562
70 35
70 37
70 46
70 47
70 51
70 52
70 57
70 58
70 62
70 69
70 70
70 76
70 79
70 80
70 82
71 7
71 9
71 24
71 37
71 38
71 40
71 41
71 43
71 52
71 58
71 59
71 61
71 67
71 71
71 87
71 89
71 95
71 101
71 121
71 208
71 209
71 210
71 211
71 214
71 221
71 229
71 237
71 241
72 1
72 20
72 26
72 33
72 42
72 43
72 44
72 47
72 57
72 58
72 64
72 75
72 92
73 3
73 6
73 7
73 9
73 19
73 20
73 22
73 25
73 26
73 31
73 40
73 41
73 42
73 44
73 50
73 53
73 54
73 64
73 83
73 91
73 97
73 123
73 151
73 152
74 27
74 34
74 47
74 48
75 9
75 13
75 25
75 33
75 36
75 46
75 54
75 84
75 93
75 96
75 98
75 100
75 105
75 109
75 111
75 113
75 115
75 119
75 126
75 129
75 187
75 197
75 199
75 218
75 221
75 227
75 228
75 232
75 233
75 235
75 237
75 243
75 259
75 261
75 263
75 264
75 267
75 281
75 286
75 298
75 299
75 306
75 315
75 319
75 331
75 343
75 353
76 1
76 6
76 16
76 18
76 21
76 23
76 24
76 28
76 29
76 32
76 39
76 45
76 47
76 54
76 55
76 62
76 69
76 87
78 2
78 5
79 119
79 121
79 123
79 127
79 131
79 136
79 144
79 149
79 156
79 165
79 175
79 183
80 7
80 10
80 12
80 13
80 21
80 24
80 33
82 58
82 62
82 63
82 77
82 78
82 82
82 83
82 85
82 91
82 100
82 102
82 103
82 110
83 11
83 25
84 2
85 4
85 12
85 14
85 22
85 23
85 40
85 41
85 58
85 59
85 136
85 148
85 151
85 155
85 163
85 175
85 176
85 193
85 203
85 205
85 207
85 208
85 211
85 216
85 219
85 220
85 223
85 239
86 1
86 8
86 10
86 11
86 15
86 18
87 2
87 7
87 9
87 14
87 16
87 20
87 21
87 29
88 2
88 6
88 11
88 12
88 15
88 19
90 1
90 6
90 7
90 18
90 21
90 26
90 27
90 28
91 2
91 6
91 14
91 16
91 17
91 63
91 66
91 68
91 70
91 72
91 76
91 77
91 83
91 87
91 142
91 146
91 147
91 161
91 186
91 196
91 197
91 212
91 213
91 220
91 221
91 224
91 231
92 3
92 19
92 21
92 28
92 37
92 43
92 54
92 71
92 74
94 5
95 3
