1 1
3 71
3 80
3 85
3 92
3 93
3 97
4 3
5 6
5 11
5 17
5 18
5 30
5 41
5 46
5 49
5 54
5 56
5 67
5 69
5 73
5 77
6 8
6 9
6 11
6 19
7 3
7 60
7 62
7 68
7 72
7 74
7 75
7 76
7 79
7 84
7 122
7 138
7 144
7 145
7 160
7 162
7 168
7 176
7 189
7 190
7 191
7 192
7 218
7 224
7 225
7 278
7 291
8 6
9 15
9 22
9 28
9 32
9 34
9 36
9 38
9 43
9 46
9 48
9 180
10 1
10 8
10 10
10 11
10 15
10 18
10 69
10 80
10 86
10 87
10 92
10 97
10 196
10 210
10 213
10 217
10 226
10 235
10 236
10 243
10 266
10 267
10 273
10 290
10 305
10 323
10 333
11 10
11 16
11 42
11 47
11 49
11 58
11 60
11 61
11 63
13 3
13 4
13 6
13 12
13 14
13 147
13 152
13 154
13 162
14 6
14 11
15 86
15 94
17 19
17 30
17 33
17 35
17 52
17 55
17 70
17 73
17 74
17 76
17 86
17 87
20 6
20 10
20 11
20 24
20 31
20 36
20 46
20 47
20 181
20 184
20 192
20 205
20 208
20 221
20 225
20 358
20 369
20 373
20 391
21 52
21 61
21 70
21 71
21 79
21 83
21 93
21 96
21 99
21 100
21 102
21 105
21 134
21 136
21 141
21 161
21 162
21 168
21 184
21 189
21 194
21 195
21 200
21 203
21 205
21 207
21 209
21 210
22 69
22 79
22 80
22 84
22 93
22 95
22 97
22 98
22 102
22 107
22 110
22 138
22 143
22 144
22 150
22 154
22 179
22 188
22 193
22 194
22 197
22 203
22 205
22 207
23 5
23 16
23 19
23 23
23 37
23 38
23 47
23 48
23 52
23 53
23 55
23 58
23 68
23 71
23 78
23 79
23 81
23 82
24 132
24 135
24 141
24 143
24 150
24 151
26 7
26 15
26 29
26 34
26 35
26 42
26 46
26 47
26 51
26 54
26 64
26 70
26 74
26 77
26 81
26 86
26 96
26 98
26 101
26 110
26 123
26 134
26 142
26 143
26 147
26 150
26 152
26 155
26 156
27 3
27 19
27 22
27 35
27 38
27 41
27 56
27 60
27 66
27 73
27 74
28 2
28 6
28 13
28 24
28 26
28 30
28 33
28 40
28 46
28 50
28 51
28 59
28 76
28 163
28 168
28 169
28 170
28 186
28 190
28 204
28 216
28 218
28 229
29 8
29 10
29 12
29 15
29 42
29 44
29 49
29 54
29 60
29 61
29 70
29 72
29 75
30 12
30 13
30 22
30 33
30 39
30 40
30 46
30 178
30 187
30 189
30 190
30 195
30 201
30 215
30 229
33 38
33 41
33 42
33 47
33 60
33 64
33 65
33 70
33 71
34 3
34 6
34 10
34 15
34 19
34 23
34 25
34 33
34 36
34 47
34 49
34 53
34 62
34 66
34 74
34 82
34 102
34 115
34 122
34 124
34 134
34 136
34 138
34 139
34 141
34 160
34 166
34 167
34 168
35 1
35 19
35 22
36 3
36 7
36 12
36 18
37 3
37 31
38 16
38 22
39 1
39 5
39 8
39 14
39 16
39 18
40 6
40 14
40 15
40 28
40 36
40 48
40 57
40 58
40 60
40 68
40 72
40 88
41 97
41 102
41 103
41 104
43 5
43 10
44 3
44 24
44 33
44 58
44 63
44 88
44 93
44 97
44 99
44 110
44 111
44 117
44 122
44 126
44 129
44 130
44 136
44 192
44 195
44 209
44 211
45 7
45 11
45 17
45 19
45 25
45 29
45 50
46 54
46 70
46 76
46 81
46 82
46 94
46 104
46 141
46 143
46 145
46 151
46 152
46 157
46 161
47 11
48 3
48 8
48 13
48 16
48 17
48 18
48 21
48 30
49 12
49 23
49 25
49 30
49 32
50 2
50 7
50 8
50 24
50 28
50 33
50 35
50 37
50 49
50 54
50 57
50 59
50 64
50 69
50 70
50 77
51 3
53 1
53 5
53 9
56 17
56 20
56 23
56 29
57 5
57 13
57 24
57 26
57 32
57 33
57 44
57 45
57 46
57 50
57 52
57 55
57 57
57 58
57 60
57 74
57 80
57 86
57 90
57 99
57 100
57 102
57 116
57 123
57 125
57 136
57 138
57 148
58 10
58 11
58 22
58 29
58 37
59 41
59 47
59 54
59 55
59 56
59 59
59 60
59 63
59 64
59 68
59 69
59 72
59 74
59 75
59 90
59 91
59 99
59 101
59 104
59 109
59 112
59 113
59 116
59 120
59 122
59 123
59 126
59 127
59 260
60 17
60 34
60 38
60 63
60 66
60 78
60 86
60 101
60 103
60 104
60 105
60 109
60 156
60 158
60 162
60 164
60 172
60 182
60 183
60 190
60 199
60 201
60 206
60 215
61 33
61 54
65 22
65 31
65 35
65 39
65 76
66 21
66 32
66 43
66 54
66 55
66 58
67 5
67 15
67 22
67 25
67 28
67 34
67 35
67 38
67 86
67 87
68 1
68 4
68 5
69 2
69 4
69 6
69 7
71 58
72 3
72 6
72 16
73 2
73 8
73 9
73 12
73 13
73 18
73 19
73 24
73 25
73 37
73 40
73 41
73 47
73 55
73 66
73 71
73 78
73 82
73 84
73 85
73 97
73 99
73 103
73 116
73 125
73 139
73 148
73 151
73 157
73 163
73 164
73 171
73 175
73 304
73 307
73 308
73 313
73 321
74 22
74 30
74 49
74 51
74 62
74 63
74 83
74 88
74 94
74 98
74 107
74 112
74 114
74 115
74 120
74 131
74 134
74 136
74 142
74 143
74 155
74 161
74 167
77 50
77 60
77 65
77 66
77 69
77 76
77 84
77 85
77 97
77 104
77 107
77 117
77 119
77 128
77 133
77 134
77 135
77 139
77 151
77 152
77 183
77 194
77 198
77 199
77 201
77 202
77 246
77 247
77 248
77 251
77 254
77 258
77 259
77 262
77 263
77 266
77 267
77 270
77 271
77 282
77 289
77 303
77 304
77 320
77 382
77 384
77 387
77 395
78 3
78 4
78 6
78 8
78 32
78 44
78 123
79 6
79 14
79 23
79 29
79 32
79 39
79 45
79 47
79 65
79 69
79 86
79 88
79 97
79 104
79 106
79 111
79 113
79 115
79 177
79 185
79 187
79 196
81 52
81 56
81 57
81 77
81 88
81 98
81 99
81 100
81 101
81 132
82 9
82 34
82 49
82 56
82 59
82 73
82 74
82 75
82 77
82 78
82 83
82 104
82 110
82 118
82 125
83 4
83 21
83 25
83 30
83 31
83 32
83 34
83 40
83 41
83 43
83 45
83 46
83 48
83 51
83 56
83 80
83 85
84 9
84 10
84 15
84 21
84 22
84 23
84 26
84 34
84 37
84 42
84 43
84 50
84 53
84 54
84 55
84 69
84 71
84 76
86 19
86 23
86 24
86 29
86 222
87 3
87 4
87 19
87 21
87 22
87 24
87 25
87 35
87 36
87 64
88 22
88 28
88 30
88 43
88 48
88 53
88 58
88 78
88 80
88 94
89 6
89 8
89 12
89 18
90 2
90 13
90 18
90 21
90 24
90 31
90 43
90 44
90 51
90 54
90 66
90 70
90 76
90 78
91 5
91 9
91 16
91 24
91 27
91 37
91 40
91 45
92 7
92 20
92 24
92 27
93 1
93 6
93 13
93 18
93 27
93 36
93 41
93 46
93 53
93 64
93 66
93 67
93 70
93 74
93 75
93 77
93 81
93 88
93 89
93 93
93 100
93 101
93 102
93 106
93 130
93 131
93 132
93 140
93 141
93 148
93 149
94 7
94 9
94 12
94 14
94 21
94 25
94 28
94 29
94 34
94 36
94 37
95 1
95 6
95 25
95 27
96 4
96 6
96 28
96 29
96 34
96 49
97 4
97 10
97 11
