1 1
1 6
1 7
1 12
1 13
1 15
1 23
1 25
1 26
1 28
1 53
1 62
1 69
1 70
1 74
1 77
1 85
1 86
1 87
1 96
1 99
1 100
1 114
1 115
2 5
2 8
2 15
2 19
2 23
2 24
2 30
2 33
2 38
2 40
2 42
2 46
2 49
2 53
2 78
2 89
2 106
2 110
3 8
3 73
3 79
4 13
5 118
5 120
5 129
5 133
5 135
6 1
6 3
6 6
6 149
8 72
8 73
8 76
8 80
8 81
8 111
8 115
8 130
8 150
8 159
8 171
8 175
8 176
8 181
8 182
8 190
8 191
8 205
8 211
8 212
8 218
8 224
9 33
9 39
9 45
10 4
10 11
10 22
11 9
11 11
11 31
11 40
11 52
11 53
11 64
11 68
11 82
12 7
12 8
12 11
12 13
12 21
12 23
12 31
12 32
12 36
12 41
12 42
12 48
12 53
12 56
12 60
12 61
12 63
13 3
13 7
13 15
13 17
13 21
13 27
13 29
13 30
13 36
13 46
13 47
13 48
13 53
13 58
13 61
14 2
14 10
14 11
14 17
14 23
14 36
14 48
15 4
15 13
15 133
15 136
16 7
16 8
16 12
16 25
16 34
16 36
16 37
16 50
16 55
16 56
16 59
16 62
16 71
16 92
16 93
16 95
16 117
16 120
16 121
16 122
16 126
16 143
16 146
16 148
16 154
16 155
16 156
16 179
16 180
16 193
16 195
16 203
16 205
16 210
16 211
16 213
16 227
16 229
16 232
16 241
16 243
16 245
16 247
16 251
17 32
17 37
17 44
18 3
18 27
18 29
18 35
18 36
18 37
18 43
18 48
18 54
18 69
18 74
18 75
18 89
18 98
18 107
18 112
18 125
18 131
18 134
18 136
19 4
19 7
19 9
19 17
19 36
19 49
19 50
19 56
19 70
19 75
19 93
19 105
19 107
19 108
19 112
19 116
19 118
19 119
19 121
19 128
19 137
19 147
19 148
19 155
19 165
19 176
19 180
19 181
19 182
19 184
19 188
19 197
19 328
19 331
21 3
21 5
21 11
21 18
21 19
21 21
21 22
22 3
22 9
22 15
22 19
22 26
22 28
22 31
22 33
22 39
22 41
22 54
23 6
23 13
23 15
23 21
24 6
25 3
25 7
25 10
25 18
25 20
25 21
25 22
25 23
25 24
25 37
25 38
25 45
25 48
25 49
25 50
25 54
25 56
25 58
25 65
26 22
26 26
27 2
27 4
27 10
27 13
27 23
27 24
28 23
28 27
28 28
28 30
28 31
28 33
28 45
29 2
29 5
29 6
29 8
29 9
29 19
30 10
30 14
30 15
30 20
30 24
30 25
30 28
30 30
30 38
30 50
30 55
30 59
30 62
30 63
30 65
31 8
31 11
31 12
31 141
31 158
31 164
31 180
31 184
32 2
32 12
32 16
32 24
32 27
32 34
32 37
32 72
32 77
32 78
33 2
33 6
33 141
33 144
35 18
36 7
36 8
36 12
36 15
36 18
36 19
36 33
36 37
36 39
36 50
36 53
36 92
37 20
38 67
38 70
38 71
39 6
39 9
39 23
39 39
39 40
39 45
39 48
42 28
42 35
43 9
43 24
46 4
46 19
46 23
46 28
46 35
46 36
46 48
46 50
46 55
46 65
46 71
46 74
46 80
46 84
46 93
46 109
46 114
46 116
46 120
46 122
46 123
46 125
46 131
46 134
46 137
46 147
46 149
46 151
46 161
46 162
46 172
46 177
46 184
46 185
46 191
48 2
48 5
48 18
48 23
48 24
48 26
48 32
49 2
49 4
51 3
51 9
51 24
51 25
51 28
53 22
53 26
53 27
53 36
53 42
53 48
53 50
54 73
55 1
55 9
55 21
55 23
55 40
55 49
55 57
55 113
55 115
55 169
55 171
55 182
55 183
55 186
55 187
56 64
56 72
56 91
56 97
56 111
56 118
56 120
56 121
56 132
56 133
56 218
56 223
56 226
56 227
56 229
56 234
56 235
58 1
58 13
58 18
58 25
58 28
59 8
59 12
61 7
61 8
61 9
61 19
61 20
61 25
61 31
61 33
61 35
61 38
61 44
61 52
61 60
61 61
61 63
61 67
61 77
61 78
61 82
62 17
62 23
62 26
63 116
63 129
63 133
63 171
63 172
63 181
63 188
63 190
63 193
63 194
63 196
63 201
63 203
63 205
63 208
63 209
63 210
63 215
63 218
63 227
64 8
65 2
65 5
65 12
65 14
65 20
65 42
66 7
66 14
66 19
66 23
67 2
67 13
67 16
67 22
67 25
67 36
67 38
67 44
67 64
67 69
67 77
67 82
67 85
67 87
68 4
69 4
69 7
69 17
69 20
69 22
69 29
69 36
69 46
69 47
69 49
69 60
69 61
69 76
69 78
69 79
72 4
72 5
72 44
72 58
72 59
72 61
72 65
72 69
72 74
72 95
72 96
72 109
72 111
72 122
72 123
72 141
72 144
72 146
72 148
72 160
72 164
72 173
72 179
72 186
72 193
72 201
72 204
74 32
74 41
74 45
74 47
74 48
75 32
75 35
75 37
75 45
75 49
75 53
77 62
77 65
78 4
78 10
78 19
78 25
78 30
78 40
78 46
78 126
78 135
78 138
78 139
78 146
78 148
79 62
79 69
79 76
79 79
79 84
79 90
79 91
79 99
79 101
79 114
79 115
79 117
81 57
81 59
81 62
81 63
81 66
81 67
81 69
81 77
81 80
81 82
81 83
81 84
81 108
81 109
81 111
81 116
82 6
82 14
82 15
82 18
82 22
82 28
82 34
82 35
82 40
82 42
82 51
82 52
82 57
82 68
82 82
82 92
82 93
82 149
82 268
82 282
82 286
82 293
82 296
82 297
82 299
82 302
82 303
83 8
83 21
83 22
83 25
83 29
83 30
83 38
83 39
83 40
83 45
83 48
83 49
83 58
83 62
83 65
83 70
83 80
83 88
84 38
85 10
85 11
85 16
85 17
85 20
85 28
85 33
85 35
85 37
87 78
87 84
87 85
87 98
87 112
87 120
87 122
87 137
87 142
87 145
87 147
89 11
89 20
89 27
89 30
89 39
89 43
90 46
91 5
91 8
92 49
93 12
94 3
94 5
94 6
94 20
94 27
94 39
94 58
94 61
94 66
94 67
94 80
94 81
94 92
94 95
94 102
94 110
94 118
94 122
94 126
94 135
94 149
94 152
94 174
94 189
95 1
95 41
95 47
95 50
95 51
95 66
95 72
95 76
95 79
95 80
95 81
95 85
95 87
96 1
96 4
96 6
96 18
96 20
96 29
97 1
97 8
97 15
97 25
97 27
97 31
97 46
97 52
97 55
97 59
97 69
97 70
97 72
97 88
97 89
97 90
97 94
97 102
97 106
97 111
99 30
99 76
99 83
100 2
100 10
100 13
101 3
101 5
101 6
101 22
101 24
101 28
101 32
102 3
102 41
103 9
103 16
103 23
103 25
103 29
105 2
105 14
105 16
107 45
107 46
107 51
107 54
107 70
107 75
107 76
107 77
107 90
107 92
107 93
107 94
107 231
107 234
107 244
107 258
107 272
107 279
107 281
107 288
107 289
108 6
108 14
108 16
109 99
109 108
109 111
109 113
109 116
109 123
109 128
109 134
109 136
109 142
109 148
109 149
109 157
109 158
109 161
109 164
109 170
109 177
109 183
109 185
109 191
109 194
109 195
110 11
110 13
110 17
110 35
110 36
110 38
110 57
110 63
110 65
110 84
110 88
110 100
110 104
110 110
110 117
110 128
110 144
110 147
110 153
110 158
111 4
111 7
111 68
111 84
111 89
111 93
111 97
111 98
111 102
111 108
111 112
111 114
112 1
112 4
112 21
112 23
112 26
112 29
113 1
113 4
113 8
114 12
114 14
114 15
114 20
114 21
114 25
114 27
114 28
114 33
114 37
115 53
115 58
115 59
116 1
116 23
116 51
116 63
116 84
