1 1
1 3
5 20
5 22
5 29
5 39
5 40
5 51
5 53
5 55
5 58
5 60
5 62
5 67
5 69
5 74
5 78
5 88
5 90
5 94
5 98
6 9
6 19
6 20
6 21
6 23
6 28
9 74
9 81
9 87
9 99
9 102
9 131
9 136
9 140
9 151
9 153
10 8
10 9
10 23
10 24
10 29
10 32
10 35
10 39
10 45
10 54
10 73
10 75
10 80
10 90
10 93
10 188
10 190
10 195
10 196
10 201
10 210
10 218
10 220
10 221
10 240
10 245
11 5
11 19
11 20
12 54
12 66
12 75
12 77
12 84
13 6
13 11
13 19
13 24
13 32
13 33
13 38
13 40
14 5
14 7
14 9
14 15
14 17
15 31
15 38
15 40
15 44
15 45
17 11
17 16
17 18
17 33
17 47
19 31
19 32
19 33
19 41
19 57
19 62
19 63
19 71
19 79
19 80
20 7
20 9
20 85
20 92
20 96
20 99
22 1
22 7
22 10
22 13
22 37
22 52
22 67
22 70
22 73
23 11
23 12
23 13
23 29
23 35
23 36
23 38
23 49
23 51
23 56
23 63
23 71
23 72
23 74
24 9
24 11
24 17
25 3
25 31
25 39
25 41
25 43
25 50
26 4
26 8
26 9
26 10
26 13
26 14
26 19
26 32
26 38
26 39
26 42
26 49
26 59
26 64
27 1
27 3
27 5
27 9
28 28
28 29
28 34
28 35
28 41
28 44
28 50
29 3
30 14
31 12
31 19
31 20
31 21
31 25
31 39
31 47
31 48
31 51
31 58
31 62
31 67
31 68
31 69
31 70
32 1
32 3
32 4
32 13
32 16
32 27
32 28
32 31
33 5
33 6
33 11
33 14
33 16
33 18
33 19
33 27
33 30
33 33
33 49
33 54
33 68
33 71
33 75
34 7
34 11
34 14
34 15
34 16
34 24
34 26
34 32
34 43
34 60
34 63
34 68
34 70
34 84
34 87
34 88
34 101
34 125
34 141
34 144
34 152
34 157
34 176
34 181
34 183
34 187
34 188
34 189
34 190
34 194
34 197
34 198
34 213
34 214
34 220
34 224
34 226
35 14
35 15
35 27
35 31
35 34
35 45
35 48
35 56
35 57
35 68
35 96
35 99
35 110
35 111
35 120
35 127
35 133
35 156
35 157
35 159
35 167
35 169
35 178
35 186
38 9
38 10
38 11
38 14
39 49
39 50
40 9
40 21
40 22
40 25
40 27
40 39
40 42
40 47
40 54
40 55
41 74
41 81
41 83
41 102
41 106
41 116
41 120
42 12
42 32
42 60
42 161
42 168
42 170
43 5
44 4
44 6
44 18
44 24
44 64
44 72
44 83
44 86
44 93
44 94
44 106
44 107
44 108
45 21
45 23
45 25
45 29
45 31
45 42
45 53
45 69
45 77
45 79
45 81
45 104
45 109
45 110
45 126
45 129
45 132
45 133
45 140
45 143
45 149
45 152
45 163
45 173
45 176
45 177
45 178
45 179
45 180
45 184
45 188
45 192
45 194
45 205
45 219
45 233
45 238
45 247
45 251
45 266
45 281
45 289
45 295
45 297
45 300
46 7
46 10
46 12
46 18
46 44
46 122
46 124
46 129
46 134
46 142
46 150
46 156
46 157
46 165
46 170
46 173
46 179
47 22
47 33
47 41
47 57
47 58
48 1
48 9
48 17
48 19
48 34
48 41
49 74
49 76
49 78
49 91
49 113
49 120
49 121
49 126
49 130
49 147
49 149
49 152
49 164
49 165
49 167
49 172
49 175
50 5
50 13
51 10
51 14
51 23
51 28
51 29
51 34
51 35
51 37
51 43
51 44
55 5
55 7
55 16
55 25
55 27
56 22
56 25
56 29
56 33
56 36
56 40
56 45
56 48
56 54
56 59
56 70
56 79
56 96
56 101
56 102
56 105
56 140
56 146
56 150
56 156
56 161
56 171
56 173
56 174
57 5
57 20
58 78
58 85
58 90
59 40
59 42
59 43
59 47
59 53
59 61
59 64
59 82
59 87
59 88
59 89
59 104
59 106
59 109
59 117
59 123
59 128
59 138
59 142
59 145
59 150
59 155
59 158
59 170
59 171
59 172
59 173
59 178
59 186
59 188
59 197
59 202
59 218
59 219
59 221
59 226
59 227
59 229
59 230
59 235
59 236
60 25
60 30
60 33
60 46
60 47
60 49
60 52
62 3
62 5
62 10
62 16
62 27
62 32
62 35
63 7
63 13
63 14
63 17
63 18
63 21
63 34
63 45
63 58
63 74
63 75
63 81
63 89
63 90
63 94
63 101
63 111
64 2
64 8
64 11
64 13
64 16
64 18
64 19
64 149
65 1
65 19
65 38
65 40
65 44
65 46
65 64
65 69
65 86
65 98
65 103
65 106
65 107
66 112
68 82
68 84
68 187
68 188
68 190
68 198
68 199
68 204
68 206
68 208
68 209
68 219
68 220
68 228
68 233
68 235
68 242
68 243
69 122
69 138
69 142
69 144
70 1
70 7
70 11
70 26
71 60
71 63
71 83
71 94
71 97
71 99
71 100
71 102
71 119
72 1
72 8
72 25
72 30
72 44
72 45
72 46
74 2
74 10
74 11
74 15
74 17
74 41
74 51
74 57
74 61
75 127
75 194
75 198
75 205
75 213
77 4
77 6
77 7
77 8
77 17
77 19
77 35
77 39
77 42
77 44
77 49
77 54
77 56
77 60
77 64
77 68
77 73
77 78
77 90
77 91
77 99
77 109
77 124
78 74
78 83
78 86
78 97
78 110
78 115
78 117
78 122
78 126
78 130
78 139
78 141
78 148
78 169
78 175
78 176
78 178
78 180
78 185
78 190
79 7
79 10
79 17
79 21
79 25
80 9
80 10
80 16
80 17
80 18
80 21
80 23
80 25
80 27
80 36
80 44
80 46
80 50
80 65
80 82
80 86
80 94
80 97
80 99
80 108
80 110
80 114
80 118
80 121
80 123
80 135
80 138
80 149
80 175
80 176
80 194
80 198
80 206
80 224
80 225
80 236
80 239
80 243
80 248
80 255
80 256
80 257
80 268
80 318
80 324
80 328
80 335
80 351
80 353
80 359
80 362
80 374
80 375
80 379
80 394
80 397
80 405
80 406
80 410
80 412
80 414
80 420
80 422
80 426
80 432
80 442
80 443
81 1
81 2
81 12
81 18
81 24
81 32
81 40
81 43
81 46
81 48
81 55
81 56
81 63
81 72
81 79
81 86
81 93
81 107
81 121
81 127
81 129
81 140
81 148
81 151
81 160
81 169
81 170
81 189
81 197
82 55
82 56
82 57
82 73
82 77
82 82
82 87
82 91
82 94
82 102
82 105
82 110
82 119
82 122
82 127
82 130
82 132
82 146
82 149
82 152
82 154
82 158
82 160
82 162
82 164
83 3
83 5
83 6
83 8
83 14
83 54
83 60
83 63
83 64
83 66
83 70
83 79
83 91
83 94
83 97
83 103
83 114
83 121
83 122
83 124
83 136
83 145
83 152
83 155
83 157
83 170
83 174
83 179
83 180
83 181
84 5
84 6
84 13
85 47
85 48
85 151
85 162
85 167
85 173
85 176
85 177
85 179
85 181
85 185
85 186
85 193
86 3
86 14
86 17
86 24
86 27
86 30
86 34
86 40
86 41
86 87
87 1
87 8
87 13
87 14
87 33
87 48
87 53
87 56
89 11
89 35
90 50
90 80
90 87
90 88
90 98
90 105
90 108
90 120
90 123
90 126
91 3
91 5
91 13
91 19
91 23
91 26
91 29
94 40
94 43
95 12
95 14
95 16
95 21
95 22
95 30
95 33
96 12
96 16
96 19
97 70
97 75
97 79
97 85
97 88
97 94
98 6
98 32
98 33
98 34
98 38
98 40
98 47
98 54
98 63
98 77
98 86
98 114
98 119
98 121
98 127
98 133
98 143
99 11
100 53
100 64
100 67
100 78
100 83
100 88
100 90
100 93
100 102
100 109
100 118
100 120
100 130
100 131
100 141
100 145
100 146
100 147
100 148
104 23
104 35
104 48
104 51
104 52
104 53
104 56
104 58
104 59
104 67
104 87
104 90
104 99
105 2
105 7
105 8
105 12
105 19
105 27
105 38
105 45
106 33
106 47
106 48
106 56
106 57
