1 3
1 11
1 13
1 15
1 20
1 22
1 25
1 44
1 48
2 29
2 37
2 38
2 56
2 63
2 73
2 85
2 89
2 99
2 106
2 108
2 163
2 169
2 182
2 186
2 191
2 207
2 211
2 213
2 214
2 221
4 92
4 93
4 134
4 160
4 161
4 169
5 14
5 15
5 28
5 34
5 39
5 43
5 54
6 19
6 25
6 27
6 40
6 41
6 42
7 109
7 118
7 141
7 152
7 159
7 170
7 175
7 183
7 187
7 189
7 200
8 125
8 130
8 131
9 134
9 137
9 149
9 150
9 153
9 155
10 1
10 4
11 26
11 27
11 33
11 34
12 35
12 45
12 49
12 52
12 53
13 4
13 5
13 10
14 1
14 2
14 3
14 21
14 34
14 41
14 44
14 52
14 58
14 70
14 76
14 80
14 86
14 92
14 93
14 94
14 99
14 102
14 103
14 104
14 110
14 114
14 116
15 64
15 65
15 68
15 69
15 71
15 72
15 75
15 77
15 80
16 3
16 6
16 8
16 12
16 28
16 39
16 41
16 48
16 50
16 51
16 57
16 60
16 67
16 76
16 91
16 92
16 97
16 130
16 137
16 174
16 179
16 180
16 181
16 186
16 192
16 196
16 212
16 216
16 219
17 3
17 14
17 18
17 34
17 38
17 41
17 42
18 1
18 11
18 13
18 18
19 1
19 7
19 26
19 29
20 1
20 2
20 12
20 13
20 15
20 19
20 20
20 22
20 28
20 40
20 41
20 46
20 53
20 55
20 64
20 70
20 71
20 74
20 79
21 8
21 11
21 74
21 92
21 96
22 80
22 90
22 102
22 103
23 6
23 10
23 12
23 36
23 54
23 61
23 66
23 80
23 89
23 98
24 21
25 1
25 2
25 3
25 6
25 13
25 14
25 20
25 70
25 78
25 95
25 107
25 108
25 113
25 116
25 126
25 128
25 132
25 149
25 152
25 159
25 166
25 173
25 184
25 186
25 196
25 198
25 210
25 214
25 215
25 218
25 228
26 8
26 21
26 22
27 5
27 7
27 12
27 31
27 33
28 8
28 14
28 73
28 88
28 89
28 111
28 114
28 115
28 116
28 118
28 127
28 128
28 138
28 144
28 151
28 153
28 154
28 155
28 165
28 166
28 167
28 172
29 3
29 5
29 8
29 13
29 15
29 16
29 17
29 41
29 43
29 50
29 57
29 59
29 63
29 67
29 71
29 73
29 75
29 84
29 85
29 88
29 95
29 96
29 99
29 102
29 191
29 193
29 203
29 205
29 221
29 229
29 230
29 242
29 248
29 250
29 260
29 280
29 282
29 283
29 286
29 289
29 293
29 305
29 306
29 308
29 313
29 319
29 320
29 321
29 381
29 382
29 387
30 1
30 4
30 13
30 14
30 18
30 24
30 25
30 30
30 34
30 37
30 45
30 53
30 54
30 162
30 167
30 174
30 177
30 178
30 183
30 190
30 195
30 196
30 202
30 206
30 207
30 212
31 1
32 8
32 9
32 21
35 32
35 45
36 30
36 33
36 43
36 45
36 55
36 60
36 66
36 68
36 69
36 72
36 93
36 97
36 101
36 106
38 47
38 53
38 62
38 64
38 66
38 67
38 78
38 79
38 85
38 87
38 92
38 102
38 106
38 237
38 242
38 253
38 259
38 261
38 266
39 6
39 11
39 38
39 41
39 52
39 61
39 65
39 67
39 73
39 74
39 75
39 78
39 79
39 80
39 82
39 83
39 96
39 101
39 103
39 112
39 119
39 121
39 131
40 103
40 111
40 113
40 120
40 133
40 134
40 136
40 139
43 79
43 89
43 91
45 2
45 7
45 25
45 33
45 35
47 2
47 5
47 10
47 17
47 22
47 25
47 27
47 41
47 42
47 43
47 47
47 49
47 61
47 74
47 88
47 90
47 109
47 112
47 114
47 115
48 4
49 11
49 28
49 31
49 40
49 50
49 58
49 61
49 64
49 65
49 71
49 192
50 83
50 87
50 93
50 94
50 95
50 98
50 100
50 114
50 121
50 124
50 131
50 143
50 145
50 148
50 150
50 153
50 158
50 161
50 164
50 230
50 232
50 239
50 248
50 250
50 362
50 363
50 402
50 404
50 423
50 425
50 443
50 444
50 448
50 451
50 455
50 459
50 468
50 475
50 489
50 490
50 491
50 493
50 499
50 513
50 514
50 516
50 517
50 519
50 521
51 7
51 143
51 156
51 287
52 6
52 70
52 83
52 84
52 88
52 100
52 112
52 123
52 137
52 142
52 144
52 150
52 152
52 161
52 168
52 176
52 177
52 178
52 179
52 181
52 183
52 196
54 59
54 68
54 71
54 75
55 23
56 60
56 67
56 70
56 71
56 82
56 96
56 110
56 120
56 130
56 138
58 7
58 11
58 23
58 34
58 40
58 51
58 79
58 82
58 83
58 87
58 160
58 163
58 166
58 175
58 185
58 187
58 196
58 203
58 264
58 265
58 291
58 292
58 300
58 304
58 440
58 449
58 450
58 451
58 453
58 456
58 457
58 463
58 468
58 469
58 475
58 477
58 479
58 483
58 487
58 496
58 499
59 10
59 15
59 19
59 22
59 33
60 1
60 10
60 12
60 20
60 34
60 35
60 42
60 58
60 83
60 85
60 99
60 117
60 119
60 121
60 122
60 123
60 124
60 131
60 136
60 142
61 6
61 46
61 47
61 54
64 7
64 14
64 19
64 21
64 43
64 49
64 56
64 58
64 73
64 74
64 77
64 78
64 79
64 81
64 83
64 94
64 97
64 107
64 120
64 143
64 144
64 149
64 150
64 151
64 152
64 160
64 164
64 166
64 167
64 175
64 176
64 192
64 193
64 204
64 205
64 210
64 211
64 218
64 226
65 61
65 62
65 63
65 68
65 74
65 78
65 82
66 11
66 13
66 15
66 18
66 21
66 152
67 4
67 5
67 12
67 18
67 23
67 25
67 28
69 3
69 4
69 14
69 16
69 17
69 35
69 46
69 50
69 53
69 56
69 65
69 71
69 79
69 102
69 104
69 107
69 111
69 116
69 118
69 127
69 130
69 131
69 146
69 150
69 151
69 156
69 158
69 165
69 168
70 9
70 15
70 16
70 17
70 25
70 31
70 32
70 42
70 43
70 113
70 126
70 127
70 132
70 136
70 137
70 144
70 154
70 158
70 161
70 176
70 177
70 191
70 193
70 195
70 199
70 203
70 207
70 208
70 234
71 2
71 12
72 5
72 13
72 19
72 21
72 23
72 25
72 27
72 38
72 40
72 54
72 67
72 69
72 70
72 71
73 36
73 53
73 61
73 76
74 12
74 19
74 21
74 36
74 38
74 40
74 88
74 90
74 94
74 95
76 11
76 13
76 18
76 21
76 27
76 44
76 47
76 63
76 74
77 4
77 6
77 13
77 17
77 18
77 27
77 28
77 30
77 34
77 40
77 43
77 49
77 59
80 79
80 106
80 110
81 80
81 82
81 87
81 101
81 112
81 120
81 122
81 125
81 129
81 146
81 156
82 18
82 38
82 49
82 55
82 57
82 64
82 69
83 11
83 25
83 26
83 34
83 36
84 1
84 2
84 5
84 6
84 9
84 17
84 18
84 23
84 24
84 26
84 27
84 28
85 14
85 29
