1 4
1 9
1 16
1 23
1 29
1 44
1 48
2 6
2 10
2 14
3 1
3 5
3 7
3 25
4 2
4 6
4 18
4 20
4 24
5 3
6 2
6 4
6 9
6 12
6 19
6 20
7 4
8 1
8 7
8 9
8 12
8 13
8 25
8 32
8 40
8 85
9 5
9 9
9 16
9 19
9 21
10 1
10 13
10 59
10 61
10 69
10 79
10 86
10 92
10 96
10 98
10 101
10 111
10 124
10 127
12 16
13 3
13 125
13 129
13 132
13 141
13 142
13 149
14 4
14 7
14 17
16 78
16 85
16 87
16 89
16 95
16 99
16 101
16 104
16 105
16 116
16 126
16 130
16 131
16 133
16 134
16 138
16 145
16 148
16 155
16 156
16 158
16 159
16 163
16 173
16 181
16 188
16 189
16 194
16 199
18 12
18 15
18 17
18 18
20 47
20 50
23 73
23 74
23 77
23 80
23 89
23 94
23 99
23 106
23 109
23 112
23 113
24 5
24 13
24 17
24 35
24 38
24 48
24 56
24 68
24 70
24 85
24 92
24 102
24 104
24 107
24 111
24 112
24 113
24 122
24 131
24 152
24 155
24 163
24 164
24 166
24 167
24 177
25 16
25 17
25 27
25 46
25 50
25 53
26 26
26 35
26 39
26 42
26 53
26 64
26 71
26 85
26 92
26 93
26 97
27 7
27 12
27 23
27 28
27 29
27 32
27 36
27 40
27 43
27 47
27 49
27 50
27 51
27 56
27 60
27 68
27 72
27 78
27 86
27 219
27 223
27 226
27 241
27 257
27 265
27 279
29 52
30 2
30 6
30 15
30 27
30 31
31 40
31 45
31 46
31 64
31 66
31 67
31 73
33 14
36 17
36 24
36 50
36 94
36 232
36 236
36 250
36 251
36 282
36 287
36 297
36 298
36 304
37 21
37 22
38 122
38 126
38 128
38 131
38 140
38 146
38 148
38 153
38 158
38 160
38 163
38 172
38 177
38 179
38 187
38 188
38 193
38 194
38 202
38 205
38 208
38 211
38 213
39 117
39 174
39 178
39 188
39 199
39 217
39 225
39 226
39 229
39 232
39 255
39 261
39 268
39 270
39 274
39 278
39 279
40 8
41 32
41 67
41 68
41 71
41 83
42 11
42 26
42 127
42 128
42 137
42 138
42 206
42 214
42 222
42 223
42 224
42 225
42 227
42 231
42 233
42 244
42 246
42 249
42 252
42 263
43 20
43 23
43 24
43 25
43 27
45 74
46 2
46 6
46 17
46 47
47 48
47 50
47 51
47 74
47 84
47 87
47 90
47 92
47 94
47 103
47 113
47 119
47 123
47 129
48 13
48 17
48 19
48 20
48 29
48 30
48 41
48 74
48 83
48 84
48 95
48 113
48 118
48 121
48 127
48 131
48 132
48 141
51 15
51 17
51 33
51 41
51 97
51 106
51 111
51 113
51 117
51 121
51 122
51 123
51 127
51 131
51 132
52 33
52 109
52 117
52 120
52 121
52 124
52 129
52 131
52 134
52 135
52 146
52 153
52 155
52 159
52 160
52 171
52 172
52 180
53 5
53 16
53 17
53 27
53 45
53 50
53 63
53 74
53 115
53 122
53 135
53 149
53 160
53 162
53 292
53 307
53 311
53 316
53 317
53 378
53 399
53 402
53 404
53 407
53 409
54 9
54 15
54 19
54 23
54 30
55 2
55 5
55 16
55 18
55 23
55 24
55 25
56 96
56 105
56 106
56 113
56 121
56 135
56 138
56 146
57 5
57 11
57 13
57 16
57 22
57 24
57 29
57 59
57 74
57 86
58 9
58 12
59 74
59 80
59 98
59 115
59 117
60 74
60 83
60 87
60 93
60 97
60 103
60 109
60 114
60 124
61 1
61 4
61 76
61 77
61 78
61 83
61 85
61 86
61 94
61 98
61 99
61 105
61 108
61 115
61 118
61 119
61 127
61 142
62 4
62 12
62 14
62 16
62 18
65 14
65 21
65 24
66 11
66 13
66 14
67 2
67 3
67 17
67 30
67 40
67 41
67 46
67 55
67 58
67 59
67 60
67 63
67 72
68 2
68 14
68 35
68 38
69 14
69 16
69 39
69 52
69 54
69 64
69 65
69 70
69 74
69 80
69 81
69 89
69 91
69 93
69 94
69 96
69 153
69 159
69 168
69 169
69 175
69 177
71 24
71 27
71 31
71 38
71 43
71 58
71 63
71 72
71 78
71 82
71 85
71 88
71 90
71 101
71 105
71 115
71 137
71 146
71 147
71 153
72 8
72 12
72 15
72 146
72 150
72 156
72 158
72 169
73 124
73 126
73 129
73 132
73 135
73 142
73 143
73 150
73 234
73 245
73 247
73 249
73 256
73 258
73 260
73 267
73 272
73 276
73 289
73 296
73 299
73 311
74 33
74 34
74 49
74 54
74 63
74 70
74 71
74 72
74 81
74 83
74 90
74 92
74 94
74 95
74 106
74 113
74 116
74 122
74 123
74 126
75 100
75 102
75 105
75 109
75 112
75 118
76 2
76 4
76 8
77 2
77 3
77 6
77 41
78 1
78 5
78 6
79 10
79 12
79 14
79 15
79 19
79 20
79 50
79 58
79 60
79 72
80 6
80 9
80 26
80 27
80 30
80 34
80 35
80 47
80 51
80 56
80 59
80 61
80 62
80 69
81 6
81 10
81 15
81 16
81 20
81 21
81 141
81 142
81 148
81 153
81 159
81 160
81 165
81 182
81 184
81 185
81 192
81 195
81 196
81 327
81 343
81 345
81 346
81 348
81 351
81 352
81 353
81 376
81 383
81 384
81 389
81 398
81 413
81 416
81 417
81 422
81 425
81 428
81 445
81 449
81 450
81 457
81 466
81 470
81 478
81 480
81 483
81 486
81 539
85 13
85 14
85 21
85 31
85 34
85 80
85 83
85 131
85 248
86 1
86 3
87 1
88 5
88 16
88 26
88 27
88 30
88 34
88 36
88 40
88 44
88 49
88 59
88 63
88 64
88 68
89 6
89 19
89 25
89 26
89 44
89 48
90 2
90 5
90 6
90 13
90 14
90 20
90 26
90 28
90 43
90 71
90 87
90 88
90 90
90 114
90 122
90 128
90 150
93 40
93 41
94 15
94 28
94 32
94 45
94 47
94 48
94 50
94 53
95 5
95 14
95 15
95 17
95 18
95 40
95 169
95 171
95 174
95 178
95 181
95 193
95 202
95 206
95 242
95 243
95 251
95 259
96 1
96 12
96 21
98 8
98 15
98 17
98 20
98 135
98 136
98 142
98 156
98 163
98 167
98 169
98 175
98 181
98 185
98 193
98 196
99 26
99 27
99 28
99 31
100 10
100 11
100 25
102 60
102 89
102 91
102 96
102 105
102 106
102 108
