1 10
1 12
1 23
1 25
1 30
1 34
1 39
1 41
1 46
1 49
1 50
1 61
1 66
1 82
2 16
2 21
2 23
2 26
2 50
2 61
2 62
2 68
2 70
2 98
2 113
2 140
2 142
2 143
2 146
2 157
2 160
3 2
3 11
3 12
3 19
3 37
4 66
4 68
4 72
4 74
4 80
4 147
4 150
4 157
4 160
4 164
4 165
5 25
5 32
5 33
5 39
5 65
5 69
5 75
5 81
5 82
5 95
5 97
5 138
5 152
5 182
7 9
7 11
7 13
7 16
7 26
7 33
8 111
8 112
8 115
9 2
9 14
9 16
9 17
9 22
9 30
9 42
9 47
9 49
9 53
9 54
10 1
10 3
10 16
10 18
10 19
11 1
11 4
11 5
11 17
11 19
11 20
11 21
11 22
11 40
11 44
11 56
11 58
11 59
11 60
11 61
11 62
11 66
11 71
13 22
13 25
14 58
14 62
14 72
14 74
14 76
14 79
14 91
14 92
15 6
17 54
17 55
18 7
18 15
18 20
18 21
18 38
18 39
18 41
19 15
19 16
20 8
20 12
20 13
20 15
20 22
20 32
20 34
20 36
20 37
20 103
20 116
20 125
20 127
20 205
20 209
20 210
20 241
20 244
20 246
20 247
20 250
20 252
21 2
21 3
21 6
21 7
21 12
21 27
21 54
21 59
21 62
21 65
21 71
21 72
21 73
21 75
21 79
21 133
21 152
21 162
21 163
21 164
21 169
21 175
22 9
22 11
22 19
22 24
22 40
22 41
22 47
23 1
23 2
23 3
23 8
23 9
23 15
23 20
23 26
23 40
23 45
23 47
23 53
23 62
24 5
24 14
24 17
24 20
25 3
25 16
25 26
26 1
26 3
26 10
26 23
26 24
26 29
26 30
26 47
26 59
26 60
26 66
26 72
26 77
26 81
26 90
26 93
26 96
27 6
27 19
28 4
28 6
28 7
28 10
28 15
28 17
28 18
28 29
28 42
28 45
28 46
28 50
28 51
29 47
29 50
29 51
29 54
29 62
31 7
31 18
31 20
31 25
31 29
32 3
32 43
32 44
32 63
32 64
32 72
32 89
32 90
32 94
32 101
32 103
32 104
32 113
32 114
32 115
32 117
32 119
32 120
34 58
34 66
34 83
34 84
34 85
34 88
34 95
34 99
34 100
34 101
34 129
36 2
36 12
37 1
37 6
37 12
37 22
37 29
37 50
37 51
38 7
39 3
39 11
39 13
39 18
39 27
39 35
39 37
39 38
39 41
39 45
40 11
40 13
40 17
40 26
40 27
40 33
40 43
40 56
40 57
40 58
40 70
40 76
40 80
40 84
40 88
41 6
42 110
42 115
42 118
42 119
42 135
42 148
42 153
42 154
42 176
42 192
42 194
45 45
45 46
45 52
45 56
45 58
45 83
45 84
45 90
45 100
45 102
46 70
46 73
46 76
46 87
46 101
46 111
46 120
46 129
46 130
46 131
46 136
46 138
46 139
46 153
46 158
46 162
46 166
46 167
46 173
46 183
46 184
46 189
46 207
46 222
46 226
47 7
47 11
47 12
47 19
47 24
47 27
47 40
47 60
47 65
47 66
47 67
47 76
47 81
47 89
47 98
47 100
47 114
47 119
47 123
47 124
47 128
48 1
48 2
50 45
50 48
50 51
50 58
50 62
50 63
50 64
50 66
50 72
50 88
51 9
51 11
51 27
51 47
52 8
53 1
53 4
53 5
53 7
53 14
53 30
53 40
53 55
53 56
53 59
53 62
53 65
54 5
54 7
54 18
55 2
55 3
55 10
55 14
55 16
55 19
55 156
55 161
55 163
55 167
55 172
55 178
55 181
55 185
55 186
55 187
55 190
55 194
55 204
55 220
55 230
55 233
55 236
55 241
55 243
55 261
57 17
58 2
58 12
58 28
58 39
58 40
58 43
58 44
58 52
58 57
58 58
58 64
58 85
58 91
58 92
58 93
58 101
58 102
58 114
58 123
58 128
58 130
58 142
59 2
59 3
60 8
60 10
60 14
60 144
60 145
60 147
60 152
60 154
60 166
60 175
60 177
60 179
60 189
63 1
63 6
63 10
63 13
64 3
65 19
65 20
65 23
65 29
65 32
66 5
66 9
66 11
66 15
68 10
68 18
68 30
68 32
68 34
68 37
68 51
68 184
68 185
68 186
68 193
68 195
68 196
68 198
68 202
68 203
68 212
68 213
68 217
68 360
71 83
71 84
71 87
71 92
71 96
71 99
71 104
72 9
72 16
72 30
72 31
72 41
72 44
72 66
72 70
72 81
72 85
72 86
72 87
72 90
73 12
73 19
73 25
73 28
73 29
73 36
73 37
73 45
73 49
73 53
73 55
73 56
73 65
73 66
73 67
73 69
73 70
73 73
74 11
74 17
74 18
74 22
74 26
74 35
74 36
74 42
74 58
74 59
74 71
74 76
74 82
74 91
74 94
75 8
75 22
75 27
75 74
76 16
76 25
76 27
76 29
76 32
76 33
76 38
76 40
76 48
76 50
76 57
76 66
76 75
77 6
77 9
77 17
77 20
77 23
77 24
77 35
77 42
77 59
77 67
77 69
77 73
77 78
77 84
77 86
77 87
77 97
77 108
78 1
78 3
78 7
78 8
78 16
78 17
80 27
80 28
80 31
80 32
80 36
80 40
80 47
80 51
80 58
80 67
80 74
80 75
80 84
80 89
80 91
80 99
80 114
80 119
80 253
80 263
80 268
80 269
80 272
80 276
80 279
80 319
81 4
81 8
81 14
81 25
81 32
81 36
81 37
81 40
81 42
81 44
81 50
81 53
81 72
81 81
81 90
81 94
81 95
81 96
81 99
81 124
81 125
81 129
81 135
81 142
82 95
83 101
83 107
83 119
83 133
83 149
83 155
83 159
83 163
83 171
83 174
83 176
83 178
83 180
83 185
83 198
83 201
83 212
83 214
83 219
83 227
86 46
86 47
86 52
87 2
87 5
87 8
88 2
88 11
88 13
88 24
88 31
88 32
88 34
88 36
88 37
88 41
88 44
88 47
88 63
88 64
88 85
88 90
88 100
88 117
88 122
89 13
89 14
90 7
90 18
90 19
90 20
90 22
90 50
90 51
90 64
90 76
90 89
90 90
90 108
90 121
90 124
90 126
90 131
90 134
90 141
90 144
90 149
90 158
90 160
90 162
90 163
90 164
90 171
90 175
90 183
90 190
90 191
90 201
90 215
90 234
90 241
90 370
90 378
90 382
90 386
90 387
90 390
91 113
91 115
91 123
91 129
91 162
91 163
91 164
91 173
91 193
91 199
91 203
91 208
91 211
91 213
91 224
91 307
91 311
91 316
91 317
91 338
91 343
91 346
91 360
91 368
93 1
93 5
93 13
93 14
93 148
93 158
93 160
94 4
94 7
94 27
94 35
94 38
94 42
94 45
94 46
94 53
94 54
94 59
94 64
94 69
94 73
94 79
94 80
94 83
94 86
94 90
94 92
94 93
94 96
94 104
94 112
97 2
97 4
97 5
98 7
98 10
98 13
98 18
98 26
98 29
98 30
98 39
98 42
98 53
99 23
99 24
100 33
101 34
101 37
101 39
101 54
101 55
101 59
101 62
101 65
101 70
101 75
101 79
101 87
101 100
101 111
101 124
101 132
101 137
101 143
102 28
102 30
102 42
102 45
103 87
103 94
103 95
104 70
104 73
106 99
106 118
106 130
106 150
106 158
106 162
106 178
106 179
106 184
106 191
106 200
106 202
107 25
107 34
107 35
107 41
107 56
107 63
107 67
107 70
108 5
108 6
108 7
108 11
108 14
108 15
108 17
108 24
109 9
109 14
