1 1
1 2
1 6
1 8
1 20
1 26
1 28
1 34
1 37
1 38
1 41
1 50
1 62
1 63
1 79
1 86
1 107
1 117
1 118
1 121
1 125
1 129
1 138
1 149
1 154
1 160
1 167
1 168
1 171
2 7
2 10
2 28
2 32
2 33
2 50
2 54
2 58
2 62
2 64
2 67
2 76
2 79
2 84
2 86
2 108
2 110
2 114
2 127
2 128
2 134
2 136
2 141
2 142
2 151
2 153
2 156
3 10
3 11
3 15
3 20
3 22
3 66
3 73
3 80
3 84
3 86
3 88
3 89
3 90
3 98
3 101
4 3
4 5
4 10
4 11
4 16
4 27
6 111
6 114
7 7
7 10
7 14
7 19
7 26
8 1
8 11
8 14
8 16
9 8
9 9
9 13
9 22
9 28
9 30
9 37
9 50
9 53
9 64
9 68
10 3
11 4
12 19
13 105
13 106
13 107
13 116
13 130
13 137
13 140
13 142
13 143
13 145
13 167
13 168
13 174
13 177
13 178
13 180
13 182
13 189
13 192
13 194
13 195
13 198
13 200
13 211
13 212
13 219
13 221
14 64
14 67
14 71
14 74
14 77
14 85
14 86
14 93
14 94
14 104
14 107
14 120
14 128
14 132
14 134
14 142
17 4
17 15
17 22
17 23
17 38
17 40
17 52
17 53
17 54
17 56
17 59
17 68
17 69
17 72
17 80
17 86
17 88
17 89
17 99
17 104
17 105
17 113
17 118
17 119
17 130
17 131
17 132
17 134
18 2
18 10
18 12
20 44
20 45
20 75
20 76
20 79
20 98
20 102
20 105
20 138
20 142
20 143
20 164
20 173
20 183
20 185
20 190
20 191
20 194
20 195
20 198
20 199
20 204
20 207
20 217
20 228
20 235
20 238
20 251
20 252
20 253
20 258
20 264
20 267
20 274
20 276
20 307
20 311
20 317
23 37
23 38
23 39
23 40
24 3
24 4
24 6
24 9
24 30
25 1
25 2
25 9
25 23
25 29
28 70
28 86
29 39
29 47
29 63
29 65
29 78
29 85
29 87
30 12
31 1
32 4
32 6
32 12
32 20
32 21
32 27
32 31
32 32
32 36
32 39
32 42
32 43
32 51
32 53
32 79
32 107
32 109
32 110
32 118
32 131
32 135
32 145
32 155
32 159
32 172
32 173
32 179
32 185
32 197
32 202
32 204
32 209
32 217
32 224
32 225
32 235
32 237
32 240
32 245
32 251
32 252
32 258
32 263
32 268
32 285
32 289
33 5
33 45
33 48
33 49
33 55
33 67
33 68
33 70
33 78
33 81
33 84
33 85
33 86
33 91
33 93
33 94
33 95
33 101
33 110
33 116
33 126
33 127
33 129
33 131
33 144
35 60
35 61
35 66
35 67
35 75
35 78
35 80
35 84
35 97
35 108
35 123
35 125
35 126
35 134
35 138
35 147
35 148
35 149
35 153
35 159
35 161
35 162
35 168
35 172
35 175
35 188
36 2
36 14
36 23
36 25
36 42
36 43
36 46
36 60
36 61
36 64
36 74
36 75
38 3
38 108
38 226
38 229
38 245
39 10
40 11
40 17
41 3
41 5
41 7
41 20
41 23
41 26
41 29
41 30
41 41
41 45
41 47
41 50
41 59
41 68
41 70
41 71
41 73
41 80
41 84
41 86
41 88
41 148
41 150
41 153
41 155
41 157
41 165
41 166
41 169
41 181
41 185
41 203
41 206
42 2
42 9
42 14
43 1
43 5
43 10
43 15
43 22
43 25
43 35
43 37
44 2
44 24
46 35
46 51
46 57
46 60
46 64
46 69
46 70
46 79
46 80
46 86
46 89
46 95
46 96
46 113
48 80
48 82
48 86
48 89
48 91
48 93
48 94
48 102
48 103
48 112
48 128
48 129
48 131
48 142
48 143
48 144
48 145
48 148
48 151
48 153
48 154
48 159
48 161
48 182
48 192
48 193
48 200
48 215
48 219
48 264
48 272
48 275
48 284
48 286
48 294
48 297
48 304
48 319
48 330
48 333
48 334
48 337
48 342
48 349
48 351
48 358
48 360
48 362
48 369
48 378
48 384
48 385
48 386
48 387
48 391
48 409
48 411
48 414
48 425
48 428
48 437
48 439
48 440
48 574
49 6
49 9
50 1
50 14
50 21
50 22
50 25
52 3
52 4
52 13
52 29
53 5
53 10
53 22
53 23
53 27
53 29
53 35
54 2
54 14
54 146
54 149
56 27
56 35
56 39
56 42
57 1
57 11
57 31
57 34
57 35
57 38
57 39
57 40
57 41
57 45
57 50
57 52
57 67
57 70
57 93
57 94
57 96
57 98
57 105
57 110
58 3
58 5
58 9
58 32
58 33
58 36
58 49
58 50
58 52
58 54
58 63
59 8
59 11
59 29
59 30
59 33
59 40
59 49
59 181
59 185
59 242
59 249
59 255
59 260
59 274
61 8
61 17
61 20
61 27
61 31
62 29
62 30
63 6
63 9
63 15
63 16
64 107
64 120
64 122
64 124
65 15
65 17
65 19
65 25
65 27
65 31
65 32
65 45
65 49
65 55
65 58
65 60
65 74
65 86
65 98
65 104
65 105
65 109
65 110
65 120
65 123
65 133
65 137
65 141
65 165
65 175
66 2
66 8
66 21
66 22
67 7
67 12
67 13
67 19
67 23
67 33
67 35
67 36
67 44
67 45
67 49
67 51
67 53
67 63
67 74
67 79
67 83
67 87
67 95
67 99
69 10
69 21
69 24
69 27
69 38
69 42
69 43
69 44
69 173
69 186
70 3
70 34
70 35
70 42
70 47
70 54
70 67
70 68
70 70
70 74
71 2
71 3
71 4
71 5
71 6
71 9
71 15
71 20
71 21
71 59
72 1
72 2
72 9
72 16
72 21
72 23
72 24
72 36
72 48
72 61
72 67
72 70
72 71
72 92
72 101
72 102
72 104
72 107
72 119
72 140
72 143
72 144
72 150
72 151
72 154
72 157
72 159
72 161
72 166
72 170
72 180
72 192
72 198
73 1
73 3
73 4
73 11
73 13
73 19
73 23
73 32
73 43
73 47
74 118
74 139
74 140
74 149
74 151
74 156
74 160
74 169
74 170
74 186
75 9
75 10
75 11
75 13
75 16
75 17
75 21
75 23
75 30
75 31
75 35
75 36
75 37
75 43
75 54
75 58
75 60
75 65
77 15
77 18
77 21
77 29
77 31
77 36
77 50
77 61
77 67
77 77
77 85
77 93
77 99
77 103
77 164
77 167
78 83
78 87
78 115
78 120
78 124
78 139
79 10
79 13
79 25
79 30
79 32
79 56
79 57
79 61
79 64
79 71
79 80
79 83
79 92
79 94
82 10
82 14
82 16
82 19
82 34
82 37
82 41
82 55
82 72
84 25
84 29
84 33
84 168
84 173
84 287
84 309
85 17
85 19
85 26
85 30
85 52
85 62
85 69
85 71
85 90
85 91
85 95
85 101
85 109
86 2
86 18
86 21
86 32
86 33
86 44
86 46
86 54
86 57
86 170
86 173
86 179
86 180
86 190
86 191
86 197
86 261
86 262
86 264
86 267
86 274
86 275
86 276
86 283
87 11
87 14
87 16
87 17
87 18
87 19
87 30
87 33
87 44
87 68
87 73
88 16
88 29
88 40
88 50
88 51
88 55
88 75
88 76
88 78
88 79
88 89
88 90
88 108
88 117
88 118
88 120
88 122
88 123
88 125
88 126
88 128
88 138
88 152
88 164
88 170
88 206
88 213
88 218
89 1
89 3
89 14
90 9
91 4
91 6
91 9
91 11
91 17
92 16
92 20
92 21
92 41
92 45
92 49
92 55
92 60
92 76
92 77
92 79
92 82
92 93
92 111
92 112
92 118
92 130
94 93
94 100
94 142
95 27
95 35
95 36
95 39
95 46
95 48
95 54
95 60
96 52
96 77
96 107
96 129
96 137
97 2
97 11
97 14
97 19
97 20
98 20
98 21
98 24
98 27
98 100
99 3
99 16
99 18
99 28
99 29
99 39
99 48
100 7
100 19
100 31
100 32
100 33
100 35
100 37
100 50
100 55
100 62
100 65
100 66
100 70
100 71
100 77
101 10
101 15
101 21
101 42
101 45
101 47
101 53
101 61
101 62
101 64
101 65
101 66
101 71
101 76
101 88
101 93
101 94
101 96
101 100
101 107
101 111
101 113
101 114
101 115
101 117
101 124
101 126
101 131
101 132
101 140
101 142
101 148
101 149
