1 1
1 9
1 34
1 36
2 26
2 28
2 46
2 47
2 51
2 66
2 77
2 79
2 83
2 85
2 87
2 90
2 97
4 82
4 92
4 104
6 15
6 19
6 159
6 166
6 177
6 195
6 196
6 197
6 200
6 204
7 5
7 6
8 107
8 109
8 122
8 125
8 126
8 139
8 141
8 143
9 12
9 15
9 21
9 23
9 26
9 40
9 55
9 57
10 5
10 12
10 16
10 22
10 31
10 32
10 34
11 79
12 27
12 35
12 36
12 40
12 41
12 43
12 44
12 50
12 53
12 64
12 65
12 66
12 80
12 98
13 1
14 25
14 27
14 35
14 36
14 38
14 40
14 41
14 44
14 54
14 58
14 62
14 71
14 74
14 96
14 101
14 111
14 116
14 119
14 124
14 128
14 136
14 138
14 139
14 142
14 143
14 146
14 170
14 180
14 189
14 190
14 196
14 202
14 214
14 216
14 219
14 220
14 223
14 226
14 228
14 231
14 237
14 241
14 247
14 255
14 259
14 260
14 261
14 262
14 271
14 272
14 286
14 287
16 4
16 13
16 26
16 27
16 35
16 37
16 38
16 41
16 44
16 59
16 71
18 69
18 79
18 82
18 93
18 96
18 98
18 100
18 105
18 115
18 116
18 121
18 122
18 131
18 143
18 156
18 157
18 158
18 178
18 182
18 184
18 192
18 193
18 196
18 198
18 199
18 201
18 207
18 210
18 211
18 220
18 223
18 230
18 238
18 256
18 263
18 271
18 284
18 291
18 298
18 300
18 362
18 363
18 365
18 386
18 390
19 63
19 66
20 4
20 41
20 43
20 50
21 2
21 10
21 14
21 23
21 25
21 30
21 49
21 51
21 56
21 59
21 61
21 62
21 81
21 99
21 100
21 104
21 105
21 107
21 108
21 110
21 119
21 120
21 126
21 127
21 137
21 138
21 141
21 154
21 157
24 45
24 55
24 61
24 64
26 3
26 4
28 9
28 10
28 15
28 17
28 19
28 21
28 23
28 24
28 31
29 1
29 8
29 10
30 7
30 9
30 51
30 75
30 86
32 8
32 13
32 17
32 19
32 20
32 26
32 31
32 35
32 55
32 57
32 69
32 76
32 82
32 84
32 137
32 140
32 142
33 4
33 7
33 10
33 34
33 54
33 55
33 76
33 84
33 85
33 87
33 94
33 99
33 121
33 125
33 129
33 137
33 144
33 145
34 103
34 105
34 111
34 114
34 116
35 14
35 15
35 18
35 25
35 44
35 47
35 55
35 67
35 68
35 80
35 86
35 93
35 96
35 110
35 122
35 262
35 264
36 43
36 46
36 47
36 57
37 1
37 4
37 15
38 2
38 65
39 4
39 12
40 2
40 5
40 6
40 13
40 17
40 18
42 53
42 54
42 57
42 63
42 65
42 68
42 86
42 88
42 89
42 104
42 105
43 2
43 5
43 6
43 12
43 24
43 25
43 26
43 29
43 58
44 5
44 11
44 13
45 2
46 6
46 8
46 9
46 14
46 23
46 37
46 50
46 57
46 58
46 71
46 74
46 82
46 83
46 86
46 89
46 138
46 139
46 144
46 163
46 175
47 7
47 22
47 25
47 34
47 36
47 39
47 42
47 44
47 49
47 52
47 53
47 57
48 3
48 4
48 10
48 15
48 22
48 27
48 150
48 155
48 158
48 164
48 166
48 180
48 181
48 189
48 197
48 227
48 232
48 237
48 242
48 250
48 276
48 280
48 290
48 291
48 294
48 295
48 351
49 2
49 12
49 25
49 27
50 2
50 5
50 6
50 9
50 28
50 30
50 103
50 104
50 113
50 115
55 37
55 42
55 44
55 57
55 63
55 68
55 75
55 81
55 83
56 59
56 63
56 64
56 66
56 69
56 73
56 75
56 89
56 90
56 100
56 110
56 149
57 9
57 21
57 25
57 31
57 35
57 37
57 41
57 51
57 61
57 64
57 67
57 69
57 78
57 83
57 93
57 94
57 111
57 126
57 132
57 134
57 136
57 140
57 142
57 152
57 156
57 157
59 50
59 51
59 53
59 57
59 58
59 60
59 65
59 73
59 85
59 87
59 106
59 110
59 116
59 117
61 29
61 38
61 44
61 52
61 61
61 69
61 70
61 71
61 81
61 84
61 93
61 94
61 97
61 101
61 106
62 3
62 18
63 22
63 24
63 26
63 29
63 43
63 44
63 45
63 50
63 52
63 53
63 57
63 62
63 64
63 171
63 174
63 175
63 191
63 196
63 201
63 206
63 210
63 215
63 219
63 220
63 234
63 237
63 238
63 259
63 285
63 286
63 308
63 316
63 317
63 319
63 322
63 323
63 325
63 330
63 333
63 340
64 15
64 22
64 23
64 41
64 47
64 79
64 82
64 87
64 110
64 121
64 123
64 125
64 126
64 127
64 138
64 172
64 173
64 179
65 6
65 8
65 23
65 27
66 2
66 7
66 12
66 22
66 23
66 24
67 4
67 7
67 8
67 18
67 21
67 23
67 24
67 51
67 121
67 127
67 138
67 139
67 140
67 142
67 147
67 148
67 151
67 158
67 162
67 169
68 2
68 44
68 45
68 49
68 50
68 55
69 10
69 27
69 32
69 37
69 52
69 54
69 55
69 59
69 65
69 66
69 73
69 75
69 87
69 115
69 116
69 121
69 122
69 129
69 135
69 140
69 142
69 154
69 155
70 1
70 15
70 19
70 22
70 28
70 36
70 39
70 60
70 61
70 66
70 75
70 83
70 231
70 235
70 237
70 238
70 246
70 251
70 252
70 255
70 257
70 259
70 261
70 264
70 271
70 276
70 277
70 278
70 282
70 307
70 316
70 317
70 324
70 326
70 330
70 333
70 335
70 341
71 2
71 10
72 6
72 14
72 18
72 23
72 24
72 55
72 57
72 63
72 67
72 70
72 87
72 97
72 100
72 101
73 4
73 13
73 20
73 28
73 31
73 32
73 36
73 43
74 4
74 11
74 25
74 27
75 4
75 9
75 10
75 12
75 19
75 21
75 25
76 4
77 79
77 80
77 94
77 100
77 103
77 106
77 109
77 118
77 126
77 138
77 141
77 147
77 154
78 9
78 14
78 17
78 26
78 33
78 34
78 37
80 29
80 37
80 41
80 45
80 47
80 48
80 56
80 57
80 59
80 62
80 63
80 70
80 71
80 78
80 79
80 92
81 4
84 35
84 49
84 53
84 60
84 64
84 70
84 72
84 79
84 94
84 95
84 106
84 112
84 124
84 128
84 131
84 139
84 182
84 324
84 347
84 349
84 355
84 360
84 365
84 367
84 372
84 380
84 396
84 397
84 400
84 410
84 419
84 430
84 433
84 435
84 441
85 1
85 2
85 5
85 13
85 15
85 145
85 147
85 160
85 163
85 165
85 167
85 172
85 174
87 4
87 20
87 25
87 30
87 34
87 36
87 37
87 73
87 75
87 87
87 88
87 99
87 104
87 105
87 107
87 111
87 115
87 117
87 125
87 128
87 133
87 134
87 147
87 149
87 151
87 166
87 196
87 198
87 199
87 208
87 214
87 219
87 220
87 225
87 226
87 232
87 234
87 236
89 2
90 1
90 4
90 15
90 31
90 35
90 36
90 166
90 170
90 176
90 179
90 181
90 185
90 187
91 11
91 12
91 15
91 22
91 54
91 56
91 62
91 65
91 84
91 85
91 92
91 95
91 97
91 107
91 114
92 4
93 6
93 7
93 13
94 3
94 6
94 13
94 16
94 18
94 25
94 28
94 30
94 35
94 36
94 56
94 64
94 65
94 75
94 82
94 87
94 91
95 5
95 7
95 19
95 34
95 42
95 43
95 44
95 47
95 63
95 84
95 88
95 89
95 105
95 112
95 121
95 124
95 126
96 40
96 41
96 43
96 46
96 50
96 62
96 67
97 6
97 9
97 15
97 16
97 25
97 27
97 30
97 31
97 46
98 43
98 48
98 49
98 55
98 63
98 67
98 72
98 83
98 93
98 132
98 143
98 150
98 153
98 154
98 157
98 164
98 175
98 176
98 179
98 182
99 1
99 52
