1 5
1 8
1 9
1 12
1 13
1 23
1 26
1 30
1 33
1 34
1 37
1 38
1 41
1 43
1 55
1 57
1 60
1 154
1 157
1 159
1 167
1 174
1 275
1 276
1 278
1 283
1 291
1 292
1 307
1 308
1 322
1 324
1 332
1 350
1 354
1 359
1 379
1 381
1 382
1 386
1 391
1 395
1 397
1 407
1 412
1 418
1 432
1 434
1 437
1 451
1 453
1 464
1 472
1 481
1 482
1 488
1 490
1 495
1 505
1 517
1 523
2 2
2 14
2 15
2 21
2 24
2 30
2 33
2 34
2 40
2 42
2 43
2 49
3 73
3 76
3 77
5 37
7 15
7 19
7 20
7 26
7 27
7 32
7 39
7 43
7 45
7 46
7 47
7 57
7 59
7 61
7 66
7 70
7 76
7 86
7 88
7 93
8 1
8 2
8 22
8 25
8 32
9 5
9 22
9 29
10 11
10 21
10 26
11 6
11 11
11 13
11 21
11 22
11 78
11 85
11 86
11 91
11 93
11 94
11 107
11 253
11 259
11 265
15 23
15 26
15 28
15 48
15 50
15 51
15 52
15 54
15 55
16 7
19 1
19 10
19 12
19 16
19 19
19 30
19 35
19 41
19 44
19 46
19 56
19 57
20 12
20 16
20 23
20 25
20 30
20 89
20 91
20 100
20 109
20 112
21 6
21 17
21 18
21 25
21 39
21 45
21 46
22 3
22 9
23 133
23 145
23 148
23 149
23 154
23 157
23 163
23 164
23 165
23 169
23 177
23 183
23 191
25 28
25 30
25 31
25 35
25 40
25 46
25 58
25 59
25 62
25 65
25 69
25 71
25 84
25 85
25 87
25 89
25 96
25 112
25 115
25 118
25 134
25 139
26 10
26 19
26 32
26 41
26 44
26 55
26 61
26 71
26 82
26 86
27 28
27 41
27 43
27 45
27 46
27 52
27 53
27 56
27 60
27 66
27 71
27 126
27 128
27 132
27 138
28 30
28 37
28 39
28 53
28 61
28 64
28 65
28 80
28 84
28 85
28 88
28 118
28 119
28 126
28 128
28 129
28 131
28 136
28 144
28 151
28 155
28 162
29 45
29 52
29 53
31 2
31 3
32 4
32 8
32 9
32 18
32 22
32 25
32 31
32 32
32 36
32 37
32 55
32 66
32 81
35 1
35 3
35 12
35 19
35 22
36 6
37 14
37 16
37 26
37 43
37 46
37 53
37 62
37 69
37 71
37 79
37 103
37 116
37 136
37 142
37 143
37 148
37 158
37 159
37 165
37 168
37 169
37 180
37 225
37 227
37 233
38 8
38 11
38 19
38 24
38 79
38 102
38 111
38 112
38 114
38 119
38 126
38 134
38 136
38 137
38 138
38 145
38 152
38 154
38 156
39 2
39 3
43 22
43 32
44 15
44 17
44 20
44 27
44 38
44 40
44 48
44 50
44 52
44 54
44 68
44 75
44 76
44 81
44 207
44 208
44 210
44 222
44 230
46 53
46 54
46 57
46 58
46 61
46 62
47 6
47 15
47 16
47 20
47 26
47 33
47 41
47 58
47 59
47 60
47 61
47 63
47 65
47 80
47 91
47 104
47 108
47 110
47 113
48 92
48 97
48 100
48 113
48 117
48 120
48 123
48 219
48 222
48 241
48 243
48 245
48 384
48 391
48 395
50 5
50 12
50 13
50 23
50 25
50 32
50 44
51 2
51 4
51 14
51 17
51 18
51 21
51 25
51 27
51 29
51 51
51 53
51 66
51 68
51 71
51 78
51 86
51 99
51 102
51 104
51 113
51 114
52 3
53 6
53 10
53 13
53 15
55 1
55 10
55 16
55 21
55 23
55 29
55 30
55 35
55 67
56 1
56 7
56 14
56 20
56 23
56 27
57 5
57 16
57 29
57 34
57 47
57 49
58 5
58 21
58 26
59 13
59 33
59 38
59 42
59 45
59 48
59 54
59 67
59 81
59 83
59 85
59 95
59 97
59 101
59 230
59 232
59 234
59 236
59 239
59 241
59 321
59 329
59 332
59 333
59 335
59 339
59 345
59 349
59 350
59 357
60 1
60 9
60 21
60 22
60 30
61 27
61 30
62 7
62 9
63 18
63 22
64 2
64 3
64 9
64 11
64 14
65 11
65 17
65 19
65 20
65 23
65 29
65 30
65 38
65 42
65 45
65 50
65 51
65 54
65 64
65 71
65 76
65 77
65 96
65 102
65 105
65 114
65 120
65 131
65 132
65 143
65 145
65 147
65 149
65 154
65 155
65 162
65 171
65 188
65 194
65 196
65 200
65 202
66 34
66 36
66 45
66 182
66 184
66 197
67 2
67 6
67 12
67 16
67 17
67 21
67 30
68 5
68 15
68 25
68 26
68 30
68 32
68 161
68 163
69 4
70 4
70 10
70 11
70 13
73 10
73 15
73 17
73 19
73 23
73 37
73 49
73 54
73 65
73 73
73 77
73 87
73 90
74 1
74 9
74 14
74 27
74 35
74 36
74 43
74 47
74 48
74 67
74 68
74 73
75 1
75 3
75 37
75 47
75 49
75 53
75 58
75 60
77 9
78 1
78 5
78 82
78 89
78 95
78 99
78 103
78 112
78 116
78 121
78 125
79 1
79 2
81 48
81 57
81 66
81 72
81 79
81 80
81 88
82 1
82 2
82 18
82 21
82 38
82 41
82 50
83 24
83 27
83 31
83 32
83 34
83 47
84 2
85 21
85 24
85 29
85 36
86 13
86 21
86 27
86 48
86 57
86 60
86 74
86 82
86 83
86 86
86 87
86 91
86 94
86 97
86 99
86 100
86 103
86 116
86 118
86 120
86 130
86 138
86 141
86 154
86 157
86 163
87 1
87 5
88 21
89 3
89 90
89 92
89 94
89 96
89 97
89 101
89 102
89 110
89 115
89 118
89 126
89 138
90 1
90 9
91 20
91 26
91 27
92 10
92 11
92 39
92 42
92 177
93 45
93 47
93 51
93 52
93 67
93 72
93 81
93 84
93 85
93 89
93 104
93 106
93 109
94 77
94 86
94 90
94 92
96 1
96 2
96 10
96 13
96 19
96 78
96 82
96 84
96 96
96 104
96 110
96 111
96 122
96 136
96 138
96 149
96 154
96 167
96 168
96 171
96 176
96 182
96 190
96 193
96 195
96 199
96 201
96 212
96 217
96 221
96 222
96 234
96 236
97 3
97 4
97 6
97 13
97 15
97 23
98 4
99 1
99 5
99 7
99 9
99 17
99 18
99 28
99 29
99 33
99 37
99 55
99 67
99 72
100 27
100 31
101 3
101 5
101 7
101 22
101 23
101 25
101 39
101 61
101 62
101 63
101 193
101 200
101 210
101 311
101 319
101 324
101 329
101 334
101 337
101 338
101 351
101 363
101 368
101 369
101 371
101 373
101 378
101 385
101 392
101 399
101 409
101 414
101 416
102 36
102 43
102 45
102 62
102 76
102 89
102 93
102 98
102 101
102 102
102 106
102 121
102 123
102 125
102 128
102 130
102 136
102 137
102 149
103 7
103 8
103 9
103 14
103 15
103 18
103 26
103 33
103 43
103 67
104 8
104 13
104 18
104 22
104 41
104 43
104 45
104 47
104 49
104 60
104 62
104 72
104 77
104 85
104 86
104 104
104 107
104 115
106 8
106 33
106 36
106 41
106 42
106 45
107 10
107 11
107 13
107 18
107 20
107 21
108 2
108 6
109 48
109 55
109 60
109 62
109 162
109 164
109 165
109 169
109 177
109 194
109 198
109 200
109 204
109 214
109 227
109 235
109 238
110 14
110 20
110 25
110 30
114 4
