3 15
3 26
3 28
4 27
4 31
4 40
4 57
5 10
5 13
6 8
6 11
6 16
7 9
7 10
7 11
7 29
7 48
7 49
7 50
7 59
7 61
7 68
7 78
7 81
7 96
7 102
7 113
7 131
7 134
7 136
7 140
7 141
7 143
7 144
7 148
8 97
8 107
9 2
9 15
9 17
9 19
9 27
9 28
11 1
11 3
11 6
11 8
11 15
11 25
11 30
11 39
11 47
12 1
12 5
12 6
12 7
12 12
12 14
12 23
12 27
12 32
12 37
12 52
12 66
12 69
12 77
12 91
12 92
12 99
12 100
12 150
12 163
12 166
15 64
15 65
15 67
15 68
15 75
16 12
16 17
16 21
16 23
16 26
16 27
16 30
16 32
16 36
16 45
16 47
16 50
16 79
17 9
18 8
18 14
18 20
18 21
18 22
20 18
21 6
21 8
21 11
21 22
21 27
21 30
21 33
21 36
21 37
21 41
21 48
21 71
21 73
21 78
21 83
21 93
21 95
21 96
21 97
21 100
21 102
21 104
21 112
21 114
21 115
21 118
21 126
21 127
21 129
21 143
21 147
21 161
21 173
21 174
21 175
21 185
22 2
22 13
22 26
22 35
22 37
22 42
22 53
22 62
22 63
22 74
22 77
22 81
22 83
22 97
22 108
23 2
23 3
23 4
23 8
23 13
23 15
23 17
23 25
23 32
23 34
24 7
24 10
24 22
24 24
24 26
24 28
24 37
24 41
24 44
24 51
24 57
24 60
24 70
24 72
24 83
24 85
24 94
24 101
24 102
26 111
26 112
26 117
26 131
26 143
26 164
26 170
26 176
26 179
27 10
27 18
28 1
28 4
28 27
28 28
28 32
28 34
28 36
28 41
28 184
28 189
28 196
29 51
29 53
29 59
29 68
29 69
29 73
29 77
29 78
29 86
29 92
29 93
30 17
30 28
30 29
30 55
31 2
31 6
32 2
32 28
32 45
32 48
33 1
33 4
33 7
33 14
33 19
33 23
35 33
35 49
35 51
36 1
36 12
36 13
37 25
37 28
37 31
37 33
37 38
37 48
37 51
37 54
37 59
37 61
37 63
37 65
37 72
37 73
37 80
37 86
37 96
37 109
37 111
37 113
37 117
37 129
37 130
37 135
37 140
37 141
37 142
37 149
37 164
37 167
37 168
37 174
38 110
39 4
39 13
39 19
39 28
39 84
39 86
39 87
39 101
39 102
39 103
39 105
39 112
39 117
39 126
39 127
39 139
39 161
39 162
39 163
39 164
39 176
39 177
39 182
39 184
39 186
39 195
39 217
39 225
39 240
39 245
39 248
39 259
39 260
39 268
39 270
39 278
39 312
39 319
39 324
39 328
39 341
39 348
39 378
39 384
39 391
39 402
39 417
39 421
39 434
41 47
41 59
41 64
41 70
41 72
41 73
41 74
41 78
41 84
41 85
42 6
42 8
42 11
42 12
42 16
42 36
42 37
42 49
42 51
42 58
42 60
43 1
43 11
44 3
44 8
44 27
45 6
45 10
46 58
46 70
46 72
47 5
47 6
48 105
48 116
48 119
48 120
48 127
48 131
48 138
48 148
48 153
48 155
48 166
48 168
48 189
48 194
48 199
48 209
48 218
48 224
48 228
49 15
49 17
49 23
49 32
49 37
49 38
49 56
49 64
49 65
49 70
49 83
49 86
49 87
49 88
52 27
52 30
53 8
53 14
53 17
53 20
53 29
53 37
53 44
53 48
53 55
54 4
54 5
54 8
54 31
54 41
54 52
54 62
54 64
54 65
54 66
54 72
54 84
54 95
54 96
54 100
54 104
55 1
55 2
55 5
55 6
56 1
56 2
56 11
56 21
56 41
56 43
56 48
57 3
57 11
58 4
60 16
60 26
60 32
60 36
60 37
60 38
60 41
60 42
61 7
64 4
64 5
64 7
64 9
64 14
64 15
64 17
64 22
64 24
65 25
66 1
66 4
66 10
66 29
66 35
66 40
66 41
66 46
66 49
66 54
66 58
66 60
66 62
66 63
66 67
66 80
66 82
66 97
66 108
66 122
66 128
68 83
68 91
68 94
68 107
68 110
68 117
68 123
69 1
69 9
69 10
70 3
70 17
70 25
70 43
70 67
70 68
70 77
70 85
70 92
70 99
70 104
70 105
70 108
70 114
70 118
70 130
70 133
70 135
72 2
72 7
72 10
72 11
72 18
72 20
72 25
72 29
72 32
72 51
72 53
72 55
72 66
72 67
72 69
72 70
72 71
72 74
72 75
72 91
72 92
72 97
72 102
72 106
72 115
72 116
72 130
72 140
72 146
72 152
72 153
72 162
72 164
72 168
72 169
72 173
72 174
72 190
72 193
72 197
72 209
72 214
72 216
72 220
72 228
72 232
72 236
72 240
72 244
72 252
72 254
72 268
72 275
72 279
72 280
72 285
72 289
72 293
72 305
72 309
74 14
74 22
74 33
74 35
74 38
74 46
74 52
74 69
74 74
74 76
74 84
78 28
78 32
78 33
78 36
78 49
78 58
78 71
78 93
79 7
79 8
79 20
79 26
79 47
79 56
79 63
79 66
79 81
79 85
79 88
79 94
80 107
80 110
80 131
80 133
80 135
80 140
80 146
80 152
80 155
80 159
80 160
81 10
81 15
81 18
81 19
81 28
81 32
81 34
81 38
81 62
81 200
81 206
81 208
81 210
81 227
81 236
82 10
82 16
82 66
82 67
82 71
82 76
82 81
82 88
82 89
82 91
82 92
82 94
82 100
82 110
82 111
82 121
82 126
82 129
82 130
83 24
83 34
84 2
84 5
84 29
84 31
84 34
84 42
85 2
85 4
85 7
85 10
85 18
85 19
85 22
85 29
85 30
85 33
85 35
85 172
85 173
85 176
85 177
85 178
87 117
87 123
87 138
87 148
89 7
90 4
90 16
90 17
90 18
90 21
90 22
90 28
90 36
90 60
90 61
90 63
91 3
91 24
91 25
91 31
91 34
91 37
91 38
91 40
91 42
91 43
91 44
91 48
91 64
91 72
91 77
91 82
91 93
91 100
91 105
91 109
91 110
91 112
91 115
91 121
91 127
91 131
91 144
91 164
91 167
91 169
91 171
91 177
91 178
91 184
91 185
92 1
92 4
92 14
92 15
92 16
92 25
92 26
92 29
93 1
93 2
93 12
93 15
93 16
93 17
93 33
93 34
93 38
93 39
93 40
93 43
93 45
93 59
93 71
93 74
93 76
93 91
93 97
93 98
93 100
93 103
93 110
93 112
93 113
93 127
93 137
93 139
93 141
93 143
93 145
93 149
94 1
94 5
94 7
94 14
95 68
96 3
96 5
96 9
96 15
96 20
96 24
97 90
97 92
97 94
97 95
97 106
97 109
97 117
97 130
97 150
97 157
97 166
97 167
97 170
97 172
97 181
97 183
97 184
97 191
97 202
98 1
98 9
99 3
99 13
99 16
99 21
101 47
101 50
101 119
101 121
101 130
101 134
101 138
101 139
101 146
101 147
101 151
102 1
102 8
102 13
102 21
102 26
102 34
102 36
103 38
103 55
103 57
104 14
104 15
104 23
104 29
104 36
105 5
106 54
106 57
106 58
106 62
106 69
106 76
106 82
106 88
106 142
106 154
106 157
106 171
106 179
106 180
106 185
106 192
106 193
106 215
106 219
107 3
107 8
107 123
107 127
107 200
107 201
107 206
107 212
107 222
107 272
107 273
107 277
107 279
107 282
107 283
107 290
107 293
107 302
107 308
107 315
107 321
107 325
107 328
107 334
107 348
107 366
107 370
111 13
111 16
111 25
111 33
111 35
111 45
111 54
111 106
111 111
112 14
112 15
112 31
112 34
112 39
113 42
113 44
113 49
113 52
113 62
113 63
113 66
113 68
113 78
113 87
113 98
113 151
113 154
113 157
113 158
113 196
113 204
113 210
113 211
113 246
113 256
113 258
113 259
113 261
113 265
113 266
113 267
113 278
113 280
113 287
113 290
113 299
113 300
113 312
113 314
113 317
113 318
113 329
113 335
113 336
113 341
113 345
113 348
113 349
113 351
113 354
113 357
113 365
113 366
114 3
114 7
114 21
114 22
114 53
