1 1
1 13
1 15
1 17
1 20
1 22
2 26
2 31
2 34
2 49
3 2
6 13
6 24
6 28
6 44
6 53
6 60
6 62
6 67
6 72
6 76
6 78
6 85
6 94
6 101
6 103
6 183
6 187
6 188
6 192
7 4
8 32
8 43
8 60
8 63
9 7
9 9
9 10
9 15
9 16
9 27
9 36
9 50
10 5
10 10
10 23
10 29
10 32
10 45
10 47
10 48
10 49
10 53
10 54
10 57
10 58
10 60
10 63
10 68
10 71
10 72
10 75
10 87
10 94
10 100
11 61
11 93
12 7
12 8
12 12
12 31
12 45
12 57
12 63
12 74
12 77
12 78
12 81
13 24
14 3
14 4
14 24
14 39
14 40
14 42
14 45
14 52
14 53
14 121
14 129
15 4
15 7
15 15
15 18
15 26
15 30
15 37
15 44
16 14
16 16
16 22
16 27
16 32
16 44
16 45
17 1
17 13
17 17
17 20
17 25
17 28
17 29
17 33
17 40
17 47
17 49
17 52
17 57
17 58
17 65
17 73
17 91
17 100
17 177
18 50
19 2
19 16
19 20
19 23
20 10
21 1
21 6
21 11
21 21
21 40
21 52
21 54
21 70
22 2
22 14
22 34
22 38
22 39
23 68
23 79
23 92
23 97
23 117
23 131
23 132
23 133
23 134
23 137
23 140
23 142
23 158
23 159
23 161
23 165
23 184
23 186
23 188
23 189
23 193
23 201
24 1
24 4
24 6
24 9
24 13
24 19
24 26
24 34
24 37
24 43
24 44
24 48
24 51
24 53
24 57
24 81
24 84
24 100
24 102
24 114
24 115
24 133
27 56
27 57
27 61
27 62
28 5
28 6
28 7
28 10
28 19
28 21
28 23
28 27
28 28
28 32
28 33
28 40
28 41
28 49
28 51
28 53
28 56
28 69
29 1
29 7
29 10
29 79
29 80
29 105
29 107
29 123
29 126
29 127
29 139
29 140
29 145
29 148
29 155
29 159
29 173
29 175
29 178
29 180
29 183
29 190
29 192
29 199
29 203
30 1
30 8
30 9
31 2
31 4
32 2
32 20
32 21
32 26
32 32
32 36
32 38
32 49
32 52
33 40
33 44
33 51
33 52
33 56
33 59
33 64
33 68
33 82
33 84
33 87
33 91
33 92
33 93
33 97
34 93
34 94
34 96
34 102
34 104
34 134
34 136
34 148
34 157
34 163
34 168
34 172
34 174
34 176
34 179
34 191
34 192
34 199
34 203
35 3
35 10
35 16
39 11
39 13
39 143
39 147
39 148
39 197
39 198
39 199
39 201
39 205
39 207
39 208
39 213
39 214
41 84
41 90
41 96
41 97
41 101
41 104
41 107
45 11
45 17
45 21
45 32
45 38
45 55
45 56
45 67
50 2
50 10
50 14
50 16
50 29
50 45
50 59
50 61
50 69
50 72
51 9
51 17
51 20
51 23
51 24
51 27
51 30
51 44
51 51
51 60
51 65
51 67
51 95
51 99
51 103
51 107
51 110
51 111
51 114
51 129
51 132
51 136
51 137
51 159
51 160
51 170
51 301
51 313
52 99
52 100
52 102
52 103
52 104
52 107
52 113
52 131
52 135
52 142
52 143
52 150
52 151
52 152
52 161
57 8
57 14
57 26
57 30
57 40
57 41
57 54
57 69
57 74
57 75
57 77
57 78
57 113
57 115
57 116
57 134
57 140
57 143
57 147
57 148
57 153
57 157
57 163
57 164
57 167
58 6
58 8
58 20
58 24
58 25
58 29
58 33
58 37
58 46
58 53
58 58
58 59
58 71
58 77
59 42
59 45
59 48
59 57
59 61
59 64
59 65
59 66
59 68
61 3
62 137
62 138
62 140
62 148
62 153
62 166
62 168
62 170
62 171
62 179
62 180
62 192
62 197
62 200
62 201
62 230
62 240
62 246
62 266
62 270
62 272
62 280
62 282
62 286
62 290
62 294
62 302
63 5
63 16
63 17
64 21
64 28
64 33
65 4
68 85
68 221
68 227
69 131
72 38
72 51
72 52
72 57
72 59
72 61
72 65
72 68
72 76
72 77
72 78
72 86
72 87
73 2
74 3
74 6
74 14
75 2
75 13
75 23
76 7
76 9
76 12
76 13
76 17
78 14
78 15
78 21
78 25
78 33
79 21
79 23
79 30
79 31
79 32
79 34
79 58
79 65
79 67
79 69
79 71
79 87
79 94
79 96
79 100
79 115
79 117
79 122
79 127
79 128
79 142
79 154
80 5
80 15
80 18
80 25
80 30
80 40
81 9
81 11
81 99
81 101
81 103
81 105
81 106
81 111
81 112
81 121
81 129
81 141
81 144
81 147
81 150
82 4
82 10
83 35
83 36
83 43
83 46
83 126
83 127
83 129
83 133
83 137
83 140
83 151
83 152
83 160
83 164
83 168
84 5
84 7
84 11
84 20
85 2
85 3
85 9
85 10
86 2
86 9
86 16
86 26
86 31
86 35
86 37
86 40
86 67
87 85
87 94
87 95
87 103
87 110
88 22
89 6
89 17
89 26
89 30
89 53
89 54
89 67
89 73
90 4
90 7
90 12
90 19
90 22
90 34
90 40
90 41
90 42
90 47
90 52
90 61
90 68
90 73
90 74
90 76
90 86
90 92
90 93
90 99
90 103
90 107
90 110
90 111
90 118
90 125
90 135
90 137
90 143
90 154
90 157
90 159
90 166
91 10
91 19
91 27
91 29
91 51
91 56
91 60
91 191
91 196
91 204
91 211
91 213
91 233
91 234
91 238
91 247
91 267
91 268
91 270
92 2
92 5
93 7
93 8
93 14
93 24
93 26
93 27
93 28
93 32
93 35
93 42
93 57
93 59
93 64
93 69
93 73
93 75
93 87
93 89
93 92
93 98
93 101
93 103
93 110
93 112
93 113
93 120
93 124
93 131
93 154
93 157
93 158
93 162
93 163
93 165
93 169
93 175
93 181
93 185
93 207
94 8
94 11
94 16
94 18
94 20
94 26
94 32
94 41
94 50
94 53
94 61
94 71
94 72
94 93
94 94
94 110
94 116
94 125
94 129
94 130
94 141
94 153
94 154
94 161
94 165
95 7
95 11
95 12
95 16
96 4
96 9
96 12
96 27
96 36
96 39
96 43
96 47
96 59
96 66
96 76
96 78
96 85
96 89
96 97
97 7
97 10
97 17
97 38
97 53
97 56
97 61
97 63
97 74
97 88
97 90
97 95
98 7
98 8
98 10
98 12
98 13
98 16
98 23
98 41
98 56
98 60
98 76
98 88
98 91
98 94
103 28
104 4
104 8
104 12
104 17
104 24
104 28
104 33
104 34
104 44
104 49
105 2
107 64
107 76
107 77
107 85
107 86
107 88
108 5
108 12
108 25
108 29
108 32
108 35
108 36
108 45
108 56
108 58
108 60
109 9
109 11
109 18
109 23
110 8
110 9
110 15
111 1
111 2
111 3
111 5
112 1
112 6
112 7
112 12
112 13
112 51
112 125
112 128
112 140
112 147
112 149
112 170
112 173
112 178
112 180
112 182
112 183
112 189
112 191
112 194
112 195
112 197
112 209
112 238
113 6
113 10
113 11
113 13
113 21
113 23
113 24
113 33
113 35
113 47
113 51
113 52
113 62
113 86
113 89
113 92
113 100
113 108
113 112
113 117
113 121
113 123
113 126
113 131
116 28
116 29
116 31
116 34
116 61
116 67
116 69
116 70
116 72
117 9
117 12
117 16
118 2
118 4
118 6
118 8
118 15
118 18
118 27
118 32
119 18
119 59
119 146
119 147
119 149
119 151
119 153
119 165
119 166
119 173
119 174
119 175
119 177
119 185
119 187
119 189
119 207
119 208
119 215
119 226
119 247
119 248
119 268
119 269
119 279
119 287
119 293
119 298
119 305
119 306
119 319
119 320
119 323
119 329
119 330
119 336
120 7
121 3
121 5
122 1
122 7
122 11
122 12
122 14
122 22
122 27
122 33
122 64
122 65
122 67
122 78
122 79
122 80
122 88
122 91
122 103
122 104
122 107
122 113
122 114
122 122
122 281
