1 11
1 20
2 1
2 7
2 10
2 139
2 141
2 147
2 149
2 150
2 152
2 153
3 1
3 3
3 9
3 22
3 46
3 49
3 50
3 52
3 54
3 59
3 62
3 67
3 68
3 70
4 3
4 9
4 16
4 17
4 20
4 75
4 81
4 83
4 149
4 156
4 160
4 174
4 180
4 184
4 185
4 194
4 199
4 200
4 204
4 205
4 213
4 221
4 223
4 226
4 233
4 234
4 243
4 245
4 248
4 251
4 252
4 256
4 261
4 267
4 270
4 271
4 277
4 284
4 285
4 291
4 294
4 296
4 303
4 304
4 307
4 314
4 322
4 330
4 340
4 341
4 361
4 365
4 366
4 371
4 373
4 374
4 377
5 29
7 16
7 29
7 104
7 106
7 107
7 108
7 109
7 119
7 122
8 1
8 6
8 10
8 46
8 49
8 54
8 55
8 58
8 73
8 74
8 77
8 78
8 85
8 86
8 88
8 92
8 94
8 99
8 109
8 115
8 116
8 118
8 120
9 6
9 20
9 23
9 25
9 28
10 4
10 7
10 8
10 11
10 20
10 23
10 29
10 36
10 49
11 8
11 13
11 14
11 22
11 23
12 59
12 70
13 82
13 104
13 138
15 77
15 86
15 89
15 91
15 96
15 101
15 106
15 117
15 122
15 143
15 144
15 145
15 153
15 155
15 168
15 170
15 173
15 174
15 177
15 185
15 191
16 7
16 10
16 12
16 30
16 34
16 36
16 37
17 32
17 39
17 42
17 56
17 67
17 77
17 86
17 91
17 98
17 99
18 44
19 10
19 18
19 29
23 15
24 2
25 6
25 10
26 10
26 18
26 20
26 22
26 23
26 35
26 39
26 47
26 57
26 58
26 77
26 87
26 88
26 89
28 8
28 9
28 13
28 21
28 22
28 39
28 43
28 44
28 49
28 52
28 65
28 73
28 75
28 76
28 78
28 91
28 97
28 103
28 109
28 112
28 113
28 117
28 133
28 134
28 137
28 161
28 163
28 169
28 175
28 179
28 186
28 187
28 210
30 6
30 33
30 35
30 39
30 105
30 118
31 5
31 20
31 36
31 39
31 57
31 95
31 98
31 99
31 108
31 112
31 115
31 123
31 127
31 131
31 147
31 155
32 3
32 6
35 45
36 6
36 9
36 10
37 108
37 109
37 112
37 119
37 129
37 130
38 2
38 3
38 8
38 12
38 20
38 22
38 27
38 30
39 17
39 24
39 35
40 16
40 25
40 38
40 40
40 41
40 45
40 55
40 57
40 63
40 65
40 72
40 76
40 91
40 98
40 104
40 119
42 4
43 1
43 3
43 5
43 11
43 16
43 25
43 29
43 49
43 66
43 71
43 83
43 86
43 87
43 89
43 96
43 101
43 103
43 107
43 111
43 115
44 2
44 6
44 7
44 8
44 18
44 30
44 32
45 23
45 28
45 29
45 33
45 36
45 39
45 53
45 86
45 93
45 95
45 96
45 116
45 117
45 121
45 139
45 146
45 147
46 48
46 50
46 54
46 56
47 1
47 6
47 9
47 11
47 48
47 65
47 77
47 87
47 90
47 96
47 107
47 113
47 114
47 116
47 158
47 176
47 180
47 186
47 208
47 212
47 218
47 221
47 226
47 234
47 239
47 247
47 378
47 385
47 390
47 391
47 414
47 417
47 426
47 443
47 451
47 453
47 465
47 466
47 470
47 480
48 1
48 5
48 13
48 15
48 19
48 32
48 33
48 34
48 45
48 46
48 49
48 64
48 68
48 71
48 75
48 77
49 9
49 14
49 20
49 23
49 28
49 30
49 42
49 43
49 44
49 48
49 49
49 57
49 58
49 61
50 3
50 9
50 11
50 28
50 33
50 35
50 39
51 44
51 55
51 58
51 67
52 3
52 15
52 19
52 20
52 44
52 46
52 58
52 59
53 19
53 24
53 26
53 29
53 39
53 49
53 51
53 52
53 54
53 55
53 66
53 77
53 78
53 80
53 81
55 88
55 91
55 101
55 102
55 112
55 118
55 171
55 172
56 34
56 37
56 53
56 55
56 59
56 63
56 64
56 69
56 70
56 76
56 83
56 85
57 1
57 2
57 13
57 16
57 25
57 29
57 50
57 61
57 62
57 64
57 66
57 68
58 2
59 95
59 104
60 3
60 8
60 9
60 10
60 11
60 19
60 24
60 26
60 34
60 36
60 45
60 53
60 55
60 56
60 58
60 60
60 66
60 70
60 71
60 72
60 75
60 92
60 98
60 100
60 102
60 105
60 119
60 121
60 132
60 133
61 125
61 128
61 133
61 141
63 28
63 30
63 35
63 58
63 71
63 76
63 82
63 83
63 90
63 98
63 100
63 103
64 11
64 14
64 15
64 20
64 23
64 27
64 28
64 31
64 41
64 45
64 56
64 57
64 59
64 143
64 144
64 153
64 160
64 168
64 169
64 172
64 179
64 186
64 201
64 204
64 209
64 228
64 257
64 265
64 271
64 273
64 276
64 281
64 284
64 287
64 298
64 319
64 336
64 373
65 1
65 12
65 23
65 26
65 31
65 39
65 43
65 175
65 180
65 192
65 194
65 195
65 200
65 206
65 207
65 213
65 221
65 223
65 224
65 225
65 234
65 251
65 255
65 265
65 271
65 274
65 292
65 297
65 299
65 305
65 307
65 309
65 323
65 325
65 348
65 349
65 359
65 360
65 370
65 373
65 378
65 380
65 381
65 403
65 405
69 27
69 28
69 34
69 51
69 52
69 53
69 67
69 68
69 72
69 75
69 80
70 13
70 19
70 21
70 24
71 1
71 12
71 13
71 15
71 16
71 23
71 24
71 28
71 37
71 41
71 54
71 56
71 65
71 73
71 76
71 83
72 16
72 17
72 19
72 24
72 28
72 32
72 33
72 35
72 39
72 40
72 42
72 45
72 47
72 56
72 58
74 42
74 48
74 58
74 62
74 70
74 72
74 74
74 78
74 79
74 84
74 100
74 113
75 30
75 33
75 35
75 51
75 53
75 55
75 57
75 58
76 1
76 12
76 13
76 18
76 20
76 30
76 38
76 54
76 58
76 59
76 62
76 66
76 67
76 73
76 74
76 77
76 87
76 89
76 106
77 3
77 6
77 23
77 39
77 45
77 50
77 57
77 62
77 67
77 73
78 107
78 112
79 6
79 8
79 22
79 30
79 32
79 35
79 37
79 39
79 44
79 45
79 56
79 57
79 79
80 1
80 4
80 14
80 16
80 21
80 24
80 28
80 37
80 43
80 47
80 49
80 50
80 58
80 193
80 200
80 201
81 7
81 29
81 41
81 55
81 58
81 59
81 60
81 66
81 68
81 73
81 88
81 97
81 102
81 110
81 111
81 115
81 117
83 5
83 6
83 8
83 26
83 30
83 35
83 37
83 40
83 48
83 52
83 59
83 62
83 71
83 74
83 87
83 96
83 98
83 100
84 7
84 8
84 15
84 23
85 3
85 7
85 8
85 20
85 29
86 4
86 16
86 19
86 22
86 28
86 29
86 30
87 44
87 46
87 50
88 2
88 6
88 7
88 14
88 19
88 27
88 43
88 44
89 58
90 10
93 4
93 153
93 158
93 160
93 164
93 168
93 170
93 186
93 200
93 205
94 90
94 100
94 110
94 113
94 117
94 118
94 119
95 85
95 88
95 89
95 90
95 99
95 103
95 106
95 114
95 115
95 116
95 118
95 249
95 263
95 266
95 267
95 279
95 282
95 291
95 320
95 323
95 340
95 363
95 382
95 393
95 402
95 403
95 412
95 414
95 415
95 416
95 424
95 430
95 438
95 462
95 552
