1 2
1 4
1 8
1 12
1 24
1 34
1 39
1 60
1 63
1 70
1 86
1 87
3 1
3 10
3 19
3 26
3 34
3 71
3 74
3 84
3 94
3 118
3 123
3 127
3 133
3 134
3 162
3 166
3 169
3 175
3 176
3 184
3 200
3 201
3 202
3 204
3 206
3 218
3 221
3 224
3 225
3 233
3 234
3 236
3 237
3 239
3 240
3 243
3 250
3 253
3 263
3 270
3 275
3 278
3 280
3 291
3 298
4 16
4 21
4 25
4 29
4 41
4 42
4 43
4 45
4 53
4 58
4 66
4 77
4 81
4 83
4 84
4 87
4 103
4 109
4 110
4 113
4 116
4 118
4 125
4 126
4 130
4 135
4 140
4 143
4 144
4 151
4 167
4 168
4 169
4 171
4 174
4 184
4 186
4 198
5 3
5 8
5 13
5 29
5 34
5 40
5 47
5 48
5 60
5 61
5 64
5 73
5 89
5 97
5 108
5 110
5 132
5 133
5 145
5 147
5 159
5 162
5 164
5 194
5 195
5 200
5 212
5 217
5 230
5 241
5 242
5 243
5 247
5 248
5 257
5 266
5 272
5 283
5 289
5 290
5 301
5 310
5 314
5 325
5 326
5 328
5 332
5 333
5 338
5 339
5 356
5 357
5 361
5 363
5 368
6 3
6 4
6 6
6 11
6 18
6 20
6 32
6 36
6 41
6 50
6 51
6 61
6 64
6 70
6 71
6 73
6 78
6 91
6 92
6 95
6 98
6 101
6 103
6 116
6 120
7 2
7 10
7 15
7 17
7 19
7 24
7 41
7 48
7 127
7 132
7 135
7 144
7 151
9 6
9 152
9 161
9 167
9 174
9 178
9 180
9 186
9 189
9 190
9 191
9 194
9 197
9 200
9 206
10 4
10 5
10 20
10 21
10 45
10 47
10 52
10 53
11 14
11 25
11 41
11 50
11 53
11 59
11 62
11 72
11 152
11 161
11 163
11 164
11 168
11 170
11 171
11 173
12 5
12 9
12 19
12 22
12 25
12 31
12 38
12 39
12 45
12 50
12 59
12 65
12 69
12 70
12 78
12 83
12 93
12 96
12 106
12 112
12 114
12 121
12 131
13 4
13 11
13 16
13 17
13 20
13 24
13 31
13 33
13 34
13 163
13 170
13 179
13 180
13 184
13 188
13 189
13 194
13 288
13 417
13 439
13 441
13 443
13 445
13 453
13 454
13 456
13 458
13 470
13 482
13 486
13 487
13 491
13 493
13 494
13 503
13 507
13 515
13 518
13 520
13 523
13 528
13 529
13 539
13 541
13 553
13 557
13 562
14 9
14 13
14 17
14 18
14 19
14 21
14 26
15 4
15 14
15 17
15 18
15 21
16 10
16 23
16 34
16 42
16 43
17 6
17 106
17 108
17 111
18 1
18 6
18 14
18 17
18 21
18 25
18 31
18 43
18 45
18 48
18 53
18 60
18 66
18 68
18 92
18 98
19 2
19 7
19 22
19 28
19 29
19 32
20 106
20 108
20 109
21 6
21 10
21 14
21 23
21 24
21 41
21 45
21 51
24 77
24 86
24 87
24 89
24 90
24 95
24 137
24 147
24 152
24 154
24 155
24 158
24 161
24 166
24 169
24 187
24 190
24 191
24 194
24 195
24 197
24 202
24 203
24 204
24 208
24 209
24 212
24 216
24 219
24 222
24 226
24 238
24 242
24 244
24 246
24 255
24 267
24 274
24 275
24 281
25 9
26 8
26 16
26 17
26 23
26 27
26 31
26 35
26 39
26 41
26 49
26 57
26 62
26 65
26 67
26 70
26 72
26 73
26 80
26 98
26 101
26 104
26 112
26 114
26 121
26 140
26 150
26 151
27 2
27 5
27 15
27 18
27 25
27 28
27 35
27 38
27 48
27 54
27 55
28 2
28 5
28 12
28 14
28 18
28 19
28 23
28 27
28 32
28 34
28 35
29 11
29 16
29 17
29 19
29 25
29 38
29 44
29 55
29 56
29 66
29 67
29 72
29 73
29 76
29 80
29 86
29 91
29 93
29 107
29 108
29 111
29 112
29 123
29 126
29 137
29 144
29 145
29 148
29 149
29 150
29 155
29 158
29 161
30 7
30 11
30 16
30 18
30 29
30 50
30 51
30 54
30 58
30 66
30 79
30 80
30 150
30 153
30 156
30 159
30 160
30 170
30 172
30 174
30 177
31 5
31 15
31 16
31 22
31 23
31 25
31 30
31 36
31 40
31 120
31 122
31 123
31 124
31 134
31 139
31 141
31 150
31 163
31 164
33 44
33 50
33 52
33 59
33 75
33 79
34 1
34 4
34 5
34 8
34 10
34 17
34 22
34 29
34 32
34 33
34 46
34 47
34 53
35 1
35 3
35 5
35 23
35 24
35 57
35 74
35 78
35 80
35 87
35 90
35 92
35 96
35 97
35 102
35 117
35 119
35 124
35 128
35 137
35 138
35 148
35 150
35 155
35 162
35 164
35 168
35 173
35 189
35 192
35 202
35 207
35 240
35 247
35 273
35 275
35 286
35 302
35 304
35 306
35 308
35 312
35 320
35 323
35 331
35 332
35 337
38 12
38 16
38 19
38 26
38 27
39 1
39 3
39 17
39 21
39 26
39 29
39 36
39 39
39 54
40 1
40 5
40 28
40 32
40 35
40 36
40 38
40 41
40 51
40 57
40 60
40 73
40 74
41 80
41 218
41 219
42 1
42 38
42 53
42 54
42 61
42 69
42 78
42 79
42 80
42 81
42 83
42 85
42 88
42 110
42 203
42 209
42 212
42 231
42 232
42 234
42 240
42 252
42 253
42 261
42 274
42 276
42 284
42 287
42 289
42 312
42 317
43 26
43 27
43 45
43 47
43 51
43 78
44 5
44 8
44 9
44 10
44 12
45 1
45 9
45 10
45 12
45 23
45 62
45 71
45 73
45 85
45 102
45 105
46 3
46 14
46 16
46 24
46 26
46 30
46 38
46 42
46 51
46 59
46 61
46 62
46 82
46 90
46 121
47 1
47 14
47 18
47 30
47 33
47 42
47 48
47 52
47 80
47 97
47 99
48 9
48 29
48 32
48 35
48 46
48 56
48 58
48 59
48 65
49 2
49 5
49 7
49 10
49 21
49 24
50 1
50 12
50 14
50 17
50 28
50 43
50 59
50 60
50 64
50 83
50 87
50 95
50 98
50 100
50 103
50 172
51 1
54 2
54 8
54 9
54 17
54 26
54 28
54 49
54 50
54 53
54 54
54 58
54 69
54 79
54 81
54 91
54 93
54 101
54 107
54 113
54 116
54 119
54 123
54 153
54 181
54 187
54 193
54 200
54 201
54 205
54 210
57 3
57 7
57 13
57 15
57 21
57 25
57 26
57 27
58 5
58 11
58 12
58 15
59 4
59 6
59 8
59 141
60 10
60 18
60 22
60 40
60 45
60 46
60 50
60 52
60 56
61 1
61 2
61 57
61 65
61 76
61 82
61 91
61 92
61 93
63 37
63 39
63 61
63 66
63 76
63 80
63 81
63 106
63 110
63 114
63 116
63 119
64 13
64 14
64 20
64 28
64 34
64 36
64 42
64 64
64 65
64 75
64 77
64 79
64 90
64 96
64 105
64 106
64 263
64 265
64 270
64 271
64 281
65 110
65 136
65 146
66 7
66 11
66 19
66 20
66 26
66 27
66 32
66 34
66 84
66 93
66 97
66 99
66 106
66 108
66 111
66 114
67 3
69 1
69 4
69 7
69 11
69 17
69 23
69 24
69 35
69 43
69 45
70 3
70 11
70 14
70 20
72 14
72 17
72 25
72 27
72 29
72 31
72 37
74 20
74 25
74 28
75 4
75 57
75 60
75 62
75 73
75 80
75 84
75 88
75 89
75 97
75 110
75 116
75 133
75 138
75 142
75 149
76 4
76 12
76 16
76 21
76 22
76 23
76 26
76 28
76 75
76 77
76 94
76 98
76 99
76 110
77 30
77 47
77 49
77 55
77 61
77 62
77 68
77 72
78 111
78 115
79 4
79 9
79 19
79 20
79 25
79 31
79 33
79 37
79 41
81 88
81 96
81 104
81 109
81 110
82 6
82 7
82 8
82 15
82 29
82 30
82 31
82 39
82 42
82 44
82 54
82 55
82 62
82 67
82 76
82 83
82 102
82 103
82 110
82 111
82 112
82 113
82 115
82 116
83 10
83 17
83 18
83 20
83 24
83 26
83 29
83 40
83 46
83 47
83 48
83 50
83 54
83 61
83 74
83 80
83 82
83 100
83 103
83 104
83 111
83 116
83 123
83 125
83 138
83 139
84 17
84 24
85 21
85 31
85 32
85 43
85 48
85 65
85 70
85 71
85 77
85 80
86 61
87 5
87 8
87 14
87 20
87 23
87 31
87 33
87 47
87 54
87 60
87 67
87 74
88 8
88 16
88 18
88 21
88 24
88 33
88 35
88 38
88 42
89 7
89 10
89 22
89 23
90 3
90 4
90 28
90 33
90 34
90 37
90 41
90 43
90 47
90 57
90 80
90 82
90 89
90 91
90 99
90 126
90 133
90 139
90 144
90 153
91 1
91 3
91 9
91 13
91 14
91 19
91 22
91 25
91 26
91 36
91 39
91 43
91 49
91 64
91 74
91 75
91 90
91 93
91 98
91 104
91 108
91 109
91 112
91 117
91 119
91 185
92 7
92 30
92 31
92 37
93 3
95 1
95 7
95 39
95 49
95 50
95 52
95 62
95 67
95 70
95 85
