1 12
1 23
1 24
1 27
1 29
1 30
1 35
2 5
2 12
2 25
2 37
3 4
3 8
3 9
3 10
3 17
3 27
3 28
3 30
3 37
3 39
3 51
3 57
3 72
3 76
3 83
3 94
3 112
3 124
7 32
7 33
7 36
8 4
8 10
8 15
8 22
8 30
11 7
11 15
11 20
13 49
13 55
13 61
13 63
13 65
14 3
14 7
14 8
14 11
14 22
14 28
14 32
14 35
14 47
14 51
14 54
15 27
15 30
15 35
15 42
15 130
17 22
17 69
18 3
18 26
18 30
18 34
18 41
18 45
18 46
18 48
18 49
18 51
18 53
18 54
18 56
18 63
19 114
19 115
19 126
19 131
19 136
19 149
19 157
19 158
19 160
19 172
19 178
19 179
19 188
19 190
19 195
19 206
19 207
19 217
19 222
19 225
19 226
19 237
21 6
21 27
21 48
21 51
21 55
21 56
21 61
21 86
21 90
21 109
21 116
21 118
22 6
22 8
22 10
22 40
22 41
22 44
22 64
22 75
23 4
23 28
23 29
23 39
23 51
23 53
23 55
23 62
23 67
23 70
23 75
23 77
23 84
23 92
23 95
23 99
23 106
23 132
23 139
23 145
23 146
23 147
23 150
23 153
23 161
23 265
24 3
24 22
24 43
24 46
24 66
24 69
24 85
24 87
24 88
24 90
24 106
24 195
24 196
24 198
24 199
24 200
24 203
24 208
24 212
24 217
24 247
24 249
24 251
24 264
24 265
24 271
24 275
24 291
24 299
24 321
24 326
24 328
25 8
25 9
25 16
25 23
25 24
25 30
25 61
25 68
25 74
25 92
25 106
25 112
25 131
25 144
25 147
25 178
25 181
25 183
25 190
25 193
25 206
25 216
26 4
26 5
26 9
26 10
26 14
26 15
26 21
26 44
26 45
26 54
26 60
26 89
26 90
26 104
27 2
27 23
27 26
27 30
27 35
27 49
27 51
27 61
27 69
27 71
27 81
27 89
27 100
27 109
27 116
27 118
27 121
27 127
27 179
27 182
27 183
27 189
27 190
27 195
27 197
27 221
27 337
27 338
27 347
27 351
27 352
27 354
27 368
27 370
27 376
27 379
27 385
27 387
27 389
27 390
27 397
27 407
27 416
27 422
27 429
27 475
28 109
28 115
28 122
28 125
29 1
29 2
29 5
29 16
30 2
30 11
30 12
30 38
30 39
30 40
30 45
30 46
31 62
31 63
32 108
32 113
32 114
32 120
32 126
32 136
32 151
32 154
32 155
32 161
32 162
32 164
32 167
32 170
32 174
32 179
32 180
32 184
33 12
33 14
33 15
33 18
33 19
33 22
33 26
33 28
33 36
33 54
33 56
33 70
33 71
33 73
33 75
33 81
33 91
33 95
33 103
33 108
33 114
33 118
33 120
33 122
33 135
33 139
33 140
33 142
34 10
34 11
36 3
36 5
36 10
36 17
36 23
37 4
37 5
37 7
37 18
37 21
38 1
38 13
38 17
38 19
38 23
38 24
39 19
39 21
39 29
39 38
39 47
39 53
39 93
39 101
39 112
39 133
39 135
39 142
39 146
39 152
39 154
39 160
39 166
39 171
39 179
39 187
39 189
40 2
40 3
40 5
40 6
40 9
40 14
40 16
40 30
40 55
40 60
40 62
40 68
41 49
41 54
41 56
41 61
41 62
41 81
41 89
41 95
41 98
41 101
41 107
41 110
41 123
41 125
41 136
43 8
43 9
43 14
43 23
43 33
43 35
44 21
44 24
44 25
44 38
44 82
44 84
44 98
44 102
44 107
44 109
44 110
44 113
44 114
44 121
44 125
44 130
44 134
44 136
44 144
45 9
46 2
46 20
46 29
46 41
46 44
46 46
46 56
46 58
46 70
46 73
46 80
46 82
46 121
46 124
46 129
46 131
47 3
47 10
47 12
48 8
48 10
48 13
48 15
48 18
49 5
49 11
49 27
49 29
49 32
49 34
49 39
49 45
49 47
49 48
49 50
49 55
49 58
49 73
49 85
50 23
50 28
50 36
50 39
50 44
51 102
51 108
51 123
53 39
53 40
53 43
53 45
53 47
53 55
56 16
56 18
56 21
56 25
56 26
57 119
57 132
57 137
57 149
57 153
57 156
57 157
57 161
57 166
57 168
57 170
57 171
57 173
57 178
57 202
57 203
57 214
57 215
57 218
57 223
57 226
57 229
58 2
58 23
58 27
58 92
58 111
58 115
58 121
58 124
58 126
58 128
59 5
59 6
59 14
59 34
62 56
62 59
62 62
62 65
62 66
62 68
62 71
62 73
62 74
62 90
62 112
62 116
62 118
63 6
63 8
63 17
63 20
63 25
63 29
63 30
63 32
64 98
64 102
64 106
64 108
64 110
64 113
64 122
64 124
64 134
64 135
64 138
64 142
64 145
64 146
64 147
64 156
64 159
64 171
64 180
64 181
64 188
64 191
64 197
64 200
64 202
65 4
65 7
65 11
65 12
65 21
65 24
65 30
65 35
65 42
66 1
66 11
66 12
66 21
66 23
66 28
66 31
69 15
69 20
69 23
69 24
70 14
70 23
70 30
72 1
72 10
72 11
72 17
72 32
72 36
72 40
72 49
73 120
73 146
73 154
73 155
73 162
73 169
73 175
73 180
73 315
73 316
73 319
73 324
73 325
73 328
73 338
73 395
73 397
73 409
73 412
73 424
73 425
73 447
73 454
73 472
73 476
74 8
74 103
74 104
74 113
74 121
74 123
74 127
74 132
74 140
74 155
74 163
74 171
74 172
74 174
74 177
74 197
74 204
74 208
74 214
74 216
75 11
75 23
75 33
75 39
75 44
76 5
76 17
76 24
76 32
76 40
76 44
76 45
76 50
76 53
77 1
77 4
77 117
78 1
78 2
78 10
78 28
78 45
78 50
78 63
78 65
78 68
78 196
78 203
78 207
78 214
78 219
78 224
78 225
78 243
78 244
78 258
78 270
78 276
79 38
79 45
79 49
79 52
79 66
79 67
79 69
79 72
79 74
79 76
79 78
79 85
79 89
80 1
80 3
80 15
80 26
81 1
81 8
81 15
81 23
83 36
83 47
83 49
83 55
83 66
83 69
83 70
83 72
83 91
83 92
83 99
83 104
83 106
83 111
83 127
83 134
83 136
83 142
83 148
83 151
83 158
83 168
83 175
83 182
84 12
86 26
86 28
87 5
87 8
87 22
87 28
87 30
87 38
87 39
87 58
87 71
87 73
87 89
87 98
87 100
87 103
88 117
88 118
88 120
88 122
88 132
88 136
88 144
88 145
88 146
88 147
88 154
88 157
88 308
88 309
88 316
88 320
88 332
88 353
88 358
88 359
88 362
88 364
88 366
88 501
88 538
88 545
88 551
88 552
88 561
88 567
88 573
88 577
88 580
88 583
88 588
88 590
88 594
88 596
88 617
88 624
88 632
88 669
88 689
88 707
88 715
88 732
88 737
88 739
88 741
88 742
88 745
88 746
88 751
88 755
88 756
89 14
89 19
89 21
89 157
89 160
89 163
89 166
89 173
89 211
89 220
89 326
89 328
89 349
89 350
89 351
90 7
90 8
90 10
90 15
90 17
90 20
