1 29
1 33
2 2
2 20
2 54
2 61
2 71
2 78
2 83
2 93
2 94
2 100
2 106
3 59
3 61
3 67
3 73
3 74
3 78
4 29
4 31
4 32
4 36
4 37
4 51
4 55
5 2
5 3
5 6
5 8
5 9
5 13
5 14
5 20
5 21
5 22
7 29
7 40
7 42
8 1
9 9
9 15
9 16
9 29
9 32
9 35
9 50
9 57
9 67
9 68
9 74
9 77
9 95
9 108
10 3
10 9
10 11
10 18
10 22
10 27
10 30
10 32
10 36
10 45
10 50
10 52
10 55
10 60
11 1
11 2
11 3
11 12
11 13
11 15
11 22
11 23
11 183
12 11
12 13
12 20
12 24
12 27
12 29
12 30
12 34
12 35
12 38
13 3
13 11
13 13
14 10
14 17
14 18
14 25
14 30
14 41
14 42
14 44
14 50
14 56
14 66
14 69
14 72
15 2
15 8
15 9
15 14
15 15
15 18
15 21
15 30
16 7
16 13
17 2
17 7
18 73
18 79
18 83
18 85
18 101
21 28
21 48
21 59
21 60
21 69
21 71
21 72
21 76
21 81
21 100
21 110
21 120
21 127
21 128
21 134
21 140
21 145
21 148
21 152
22 23
22 24
26 5
26 21
26 26
26 27
26 29
26 34
26 36
26 38
26 59
26 79
26 82
26 85
26 89
26 104
26 112
26 118
26 124
26 128
26 130
26 131
26 151
26 159
26 163
26 166
26 178
26 182
26 185
26 197
26 202
26 215
26 231
26 235
26 237
27 27
27 33
27 35
27 54
27 63
27 66
27 79
27 86
27 89
27 91
27 95
27 100
27 102
27 103
27 118
27 126
27 128
27 136
27 137
27 148
27 150
27 157
27 178
27 199
27 200
27 203
27 205
27 214
27 220
27 221
29 38
29 41
29 59
29 64
29 67
29 72
29 78
29 85
29 87
29 89
29 90
29 93
29 95
29 100
29 109
29 115
29 123
29 133
29 134
29 136
29 145
29 168
29 172
29 174
29 176
29 204
29 210
29 211
29 218
29 229
29 233
29 242
29 244
29 263
29 268
29 269
29 272
29 274
29 283
29 289
29 291
29 295
29 308
29 310
29 316
29 320
29 325
29 327
29 328
30 93
30 94
30 99
30 101
30 102
31 1
31 14
31 17
31 36
31 42
31 52
31 53
32 2
32 6
32 9
32 20
32 21
32 23
32 25
32 36
32 55
32 61
32 69
32 78
32 81
32 85
32 86
32 96
32 109
32 110
32 145
32 146
32 159
32 166
32 167
32 170
32 171
32 172
32 173
32 180
32 186
32 187
32 193
32 196
32 207
32 215
32 218
32 221
32 267
32 274
32 276
32 285
32 288
32 302
32 313
32 322
32 330
32 336
32 338
33 2
33 4
33 10
33 15
34 1
34 5
34 11
35 5
35 7
35 15
35 22
35 28
35 30
35 161
37 16
37 18
37 27
37 28
38 1
38 5
38 7
38 19
38 22
38 38
38 41
38 42
38 54
38 56
38 61
38 68
38 106
38 123
38 134
38 138
38 140
38 144
38 149
38 150
38 152
38 156
38 158
38 162
38 163
38 166
38 172
38 173
38 176
38 181
38 184
38 209
38 219
38 220
38 223
38 224
38 227
38 230
39 8
39 16
39 46
39 50
39 57
39 65
39 68
39 69
39 73
39 74
39 75
39 78
39 84
39 87
39 91
39 94
39 97
39 111
39 113
39 121
39 123
39 127
39 128
39 131
39 139
39 150
39 151
39 157
39 158
39 161
39 169
39 175
39 177
39 182
39 185
39 197
39 199
39 202
39 203
39 211
39 212
39 217
39 261
39 263
39 272
39 275
39 276
39 286
39 293
39 315
39 316
39 349
39 369
39 379
39 383
40 18
40 21
41 6
41 8
41 16
41 20
41 22
41 23
41 26
41 35
41 37
41 45
41 49
41 55
41 56
41 63
41 65
41 68
41 76
41 78
41 84
41 86
41 89
41 120
41 123
41 125
41 127
41 135
41 140
41 143
41 148
41 154
44 5
45 85
45 93
45 103
45 107
45 110
45 113
45 118
45 127
45 130
45 132
45 135
45 137
46 4
46 12
46 18
46 25
46 29
46 36
46 44
46 47
46 48
46 60
46 72
46 81
46 84
46 87
46 90
46 96
46 98
46 105
46 110
46 120
47 8
47 12
47 33
47 40
47 41
47 46
47 49
48 21
48 28
48 32
48 33
48 40
48 42
48 48
48 58
48 144
48 152
48 156
48 159
48 162
48 170
48 174
48 175
48 176
48 180
48 186
48 189
48 195
48 217
48 220
48 223
48 239
48 240
48 245
48 246
48 249
48 252
49 37
49 45
49 51
50 5
50 12
50 19
50 22
50 38
50 44
50 53
50 69
50 70
50 72
50 79
50 91
50 92
50 94
50 101
50 107
50 125
50 255
50 260
50 261
50 271
50 277
50 278
50 288
51 106
51 110
51 111
51 112
52 5
52 11
52 30
52 49
52 52
52 54
52 79
52 83
54 13
54 17
54 25
54 26
54 29
54 31
54 45
54 52
54 61
54 74
54 75
54 96
55 14
55 20
55 21
55 22
55 26
56 1
56 6
56 11
56 18
56 28
56 35
56 72
56 73
56 79
56 80
56 86
56 91
56 99
56 101
56 105
56 131
56 138
56 140
56 145
56 150
56 151
56 154
56 161
56 167
56 184
56 188
56 192
56 193
56 195
56 196
56 205
56 224
56 228
56 229
56 232
56 240
56 241
56 244
56 249
56 251
57 8
57 25
58 5
58 9
58 13
58 15
58 17
58 21
58 42
58 43
58 44
58 49
58 58
58 59
58 91
58 99
58 105
58 124
58 127
58 137
58 144
58 145
58 151
58 159
58 160
58 168
58 174
58 181
60 1
60 9
60 11
61 15
62 4
62 7
62 10
62 15
62 41
62 52
62 56
62 58
62 72
62 76
62 81
62 84
63 2
63 10
63 22
63 30
63 34
63 41
63 50
63 89
63 119
63 121
63 124
63 135
63 136
63 137
63 260
64 6
64 8
64 24
64 82
64 84
64 87
64 97
64 100
64 102
64 117
64 125
64 137
64 139
64 143
64 149
64 150
64 151
64 157
64 160
64 163
64 172
64 184
64 185
64 187
64 188
64 189
64 198
64 206
64 211
64 214
64 217
64 226
64 230
64 232
64 238
64 250
64 254
64 257
64 258
64 276
64 281
64 291
64 293
64 294
64 300
64 323
64 335
65 1
65 7
65 13
65 20
65 22
65 23
65 45
65 48
65 54
65 61
65 69
65 76
65 79
65 88
65 93
65 94
65 107
65 110
65 115
65 122
65 130
65 151
65 154
65 156
65 160
65 162
65 174
65 178
65 185
65 189
65 194
65 214
65 215
65 216
65 224
65 225
65 235
65 238
65 246
65 247
65 253
65 256
65 296
65 305
65 307
65 316
65 321
66 11
66 15
66 17
66 19
66 21
66 22
66 28
66 32
67 12
67 18
67 27
67 32
67 41
67 59
67 61
67 65
67 70
67 72
69 8
69 16
69 20
69 22
69 38
69 40
69 47
69 51
69 53
69 59
69 63
69 65
69 67
69 75
69 76
69 84
69 89
69 98
69 102
69 110
69 125
69 171
69 232
69 241
69 249
69 250
69 273
69 274
69 276
69 280
69 294
69 296
69 298
70 40
70 43
70 49
70 51
70 53
70 58
70 75
70 77
70 80
70 81
70 84
70 89
70 95
70 96
70 100
70 102
70 107
70 154
70 157
70 175
70 236
70 248
70 259
70 266
70 271
70 274
71 1
71 4
71 19
71 31
71 37
71 44
71 53
71 54
71 55
71 76
72 5
72 7
72 10
72 12
72 14
72 22
72 24
74 4
74 11
74 13
74 16
74 18
74 24
74 27
74 29
74 30
74 31
74 40
74 45
74 47
74 52
74 55
74 64
74 68
74 69
74 72
75 6
75 15
75 16
75 17
75 25
75 27
75 30
75 31
75 34
75 41
75 43
75 47
75 58
75 69
75 72
75 76
75 94
75 96
76 32
76 37
76 39
76 46
76 64
76 67
76 69
76 71
76 93
76 115
76 123
76 124
76 137
76 149
76 152
76 154
76 155
76 156
76 161
76 167
76 174
76 178
76 180
77 4
77 12
77 37
77 47
77 48
77 55
77 60
77 73
78 9
78 10
78 17
78 19
79 11
79 16
79 20
79 31
79 38
79 42
79 50
79 51
79 56
79 58
79 62
79 78
79 79
79 91
79 99
79 106
79 111
79 114
79 116
79 127
79 132
80 6
80 13
81 1
81 4
81 117
81 118
81 119
81 124
81 125
82 4
82 8
82 9
82 11
82 13
83 8
83 141
83 142
83 150
83 163
83 169
83 172
83 178
83 187
83 192
84 27
84 33
84 38
85 1
85 8
85 13
85 18
85 23
85 25
85 63
87 1
87 5
87 6
89 59
89 65
89 69
89 74
89 75
89 88
89 89
89 93
89 94
89 95
89 101
89 105
89 108
90 1
90 6
90 7
90 11
90 13
93 2
93 5
93 11
