1 2
1 4
1 8
1 15
1 19
1 25
1 33
1 38
1 40
1 42
1 50
1 57
1 59
1 61
1 64
1 70
1 78
2 4
3 8
3 12
3 13
3 17
3 18
3 26
3 49
3 50
3 51
3 62
3 69
3 74
3 83
4 11
5 3
5 7
5 8
5 26
5 27
5 29
5 31
8 21
8 31
8 45
8 64
8 66
9 78
9 84
9 88
10 114
10 117
10 121
10 127
10 131
10 132
10 134
10 142
11 1
11 17
11 26
11 34
11 35
11 37
11 38
11 39
11 53
11 57
11 64
11 65
11 66
12 51
12 62
12 75
12 80
12 86
12 141
13 33
13 38
13 43
13 161
13 178
13 198
13 199
13 206
13 225
13 227
13 229
13 231
13 232
13 236
13 249
13 251
13 255
13 264
13 265
13 268
13 272
14 15
14 21
14 26
14 30
14 37
14 41
14 42
14 58
14 77
14 88
14 116
14 127
14 128
14 135
14 137
17 43
17 44
17 49
17 53
17 54
17 68
17 74
17 80
17 89
17 99
17 100
17 112
19 90
20 6
20 10
20 12
20 19
20 28
21 2
21 16
21 26
21 35
21 36
21 53
21 61
21 65
21 67
21 71
21 72
21 84
21 87
21 108
21 110
21 111
21 126
21 127
21 169
21 171
21 183
21 185
21 187
21 195
21 204
21 211
21 216
21 217
21 222
21 223
21 225
21 232
21 234
21 242
21 248
21 249
21 254
21 258
21 269
21 270
21 274
21 290
21 292
21 293
21 299
21 300
21 303
21 304
22 15
22 20
22 40
22 54
22 61
22 63
22 75
22 77
22 80
22 82
22 96
22 105
23 5
23 7
24 14
25 34
25 38
25 51
25 54
25 55
25 59
25 61
25 62
25 71
25 76
25 77
25 82
25 83
25 91
25 96
25 97
25 117
26 1
26 4
26 13
26 23
26 34
26 43
26 44
26 53
26 54
26 57
26 60
26 62
26 64
26 67
26 76
26 77
28 78
28 86
28 89
28 99
28 105
28 109
28 113
29 4
30 8
30 10
30 13
30 19
30 20
30 22
30 29
30 33
30 39
30 41
30 43
30 44
30 51
30 56
30 62
30 64
30 68
30 69
30 81
30 82
30 86
30 87
30 93
30 94
30 107
32 4
32 8
32 12
32 15
33 7
34 3
34 12
34 17
34 22
34 24
34 25
34 26
35 9
35 13
35 19
35 37
35 39
35 49
35 53
35 54
35 64
35 86
35 90
35 94
35 101
35 106
35 116
35 119
36 7
36 10
36 16
36 25
36 26
36 28
36 39
36 40
36 49
36 51
36 61
36 68
36 102
36 107
36 109
36 112
36 114
36 121
36 122
36 123
36 125
36 137
36 140
36 142
36 151
36 152
36 153
36 155
36 159
36 170
36 177
36 193
36 208
36 211
36 212
36 270
36 275
36 276
36 280
36 286
37 67
37 68
37 70
37 77
37 79
37 87
37 88
37 94
37 96
37 98
37 103
37 107
37 111
37 112
37 137
37 140
37 146
37 154
38 5
38 6
38 14
38 18
38 30
38 32
38 44
39 9
39 17
39 31
39 33
39 39
39 41
39 47
39 49
39 52
39 59
39 60
40 1
40 64
40 65
40 70
40 193
40 205
41 7
41 9
41 10
41 15
41 19
41 27
41 30
41 36
41 39
41 40
42 53
42 69
42 71
42 73
42 76
42 77
42 85
42 99
43 2
43 18
43 23
43 26
43 33
43 35
43 38
43 43
45 5
45 8
45 10
45 149
45 162
45 165
45 168
45 176
45 183
45 185
45 187
45 212
45 214
45 215
45 216
45 223
45 226
45 228
45 242
45 245
45 247
45 250
45 314
47 6
47 16
47 18
47 22
47 26
47 33
47 39
47 40
47 42
47 43
47 46
47 50
47 51
47 54
47 57
47 58
48 1
48 2
48 3
48 8
48 15
48 29
48 31
48 39
48 40
48 48
48 55
48 59
48 63
48 64
48 74
48 78
49 83
50 64
50 69
51 3
51 8
51 12
51 15
51 26
51 27
51 68
52 23
52 25
52 30
52 40
52 48
52 52
52 55
52 60
52 81
52 82
52 86
52 87
53 4
54 99
54 101
54 232
54 241
54 243
54 247
54 248
57 5
57 9
58 4
58 6
58 7
58 12
59 7
59 8
59 19
59 27
59 47
59 54
59 58
59 63
59 72
59 73
59 75
59 79
59 83
59 87
59 93
59 101
61 29
63 55
63 59
63 62
64 1
64 12
64 16
64 56
64 59
64 65
65 9
65 22
65 49
65 53
65 67
65 71
66 90
66 99
66 101
66 110
66 115
66 122
66 125
66 136
66 138
68 17
68 27
68 32
68 33
68 37
68 39
68 42
68 47
68 48
68 51
68 57
68 66
68 70
68 73
68 79
68 84
68 86
68 94
68 95
68 96
69 1
69 15
69 18
69 24
69 27
69 30
69 35
70 1
70 13
70 28
70 30
70 36
70 52
70 54
70 55
70 96
70 98
70 106
70 113
70 127
70 135
70 165
70 181
70 203
70 204
70 218
70 219
70 222
70 224
70 227
71 2
71 6
71 7
71 13
71 14
71 17
71 25
72 9
72 19
72 43
72 45
72 49
72 51
72 55
72 57
72 65
72 121
72 129
72 142
72 155
72 172
73 11
73 13
73 14
73 15
73 17
73 27
73 29
73 31
74 26
74 33
75 40
75 57
75 65
76 1
76 5
76 7
76 11
76 15
77 6
77 11
77 23
77 35
77 46
77 57
77 59
77 64
77 77
77 79
77 86
77 89
77 108
77 116
77 123
77 126
77 136
77 139
77 145
77 146
77 149
77 156
77 159
77 167
77 170
77 185
77 188
77 191
77 196
78 57
78 58
78 61
78 65
78 66
78 67
78 72
78 83
78 97
78 98
78 105
79 4
79 8
79 12
79 14
79 18
79 22
79 24
79 26
79 35
79 37
79 41
79 44
79 48
79 49
79 70
79 76
79 91
79 100
79 107
79 110
79 115
79 116
79 124
79 137
80 1
80 3
80 25
80 32
80 33
80 36
81 62
82 6
82 13
82 16
83 50
83 53
83 56
83 57
83 60
83 64
83 65
83 68
83 73
83 80
83 97
83 99
84 4
84 6
84 10
85 2
85 4
85 6
85 42
85 44
85 50
85 52
85 57
88 4
88 15
88 16
88 22
88 26
88 29
88 32
88 34
88 35
88 38
88 41
88 45
88 46
88 48
88 55
88 66
88 73
88 79
88 80
88 86
88 87
88 90
88 95
88 97
89 5
89 6
89 17
89 20
89 34
89 36
89 42
89 51
89 57
89 58
89 73
89 74
89 80
89 157
89 183
89 185
89 192
89 198
89 200
89 203
89 207
89 211
89 224
89 226
89 234
89 236
89 246
89 255
89 257
89 261
89 265
89 406
90 12
90 20
90 21
90 25
90 29
90 32
90 38
90 39
90 41
90 42
90 55
90 58
90 63
90 65
91 1
91 14
91 18
91 36
91 37
91 39
91 42
91 49
91 53
91 69
91 85
91 94
91 98
91 100
91 119
91 124
91 141
91 157
91 288
91 303
91 311
91 316
91 317
93 41
93 49
93 56
93 67
93 68
96 19
96 28
96 33
96 36
96 39
96 42
96 47
96 49
96 60
96 61
96 67
96 70
96 71
96 72
98 74
98 75
98 102
98 105
98 107
98 120
98 127
98 132
99 8
99 19
99 26
99 116
99 119
100 17
100 18
100 34
100 35
100 41
100 42
100 45
100 62
100 64
100 70
100 71
101 14
101 24
101 28
101 45
101 48
101 52
101 57
101 60
101 64
101 65
101 72
101 75
101 81
101 91
101 97
101 109
101 114
101 122
101 132
101 140
101 142
101 144
101 155
101 168
102 3
102 8
102 15
102 17
102 19
102 22
102 58
102 60
102 61
102 64
102 66
102 71
102 87
102 89
102 94
102 99
102 122
102 128
102 129
102 130
103 63
103 76
103 90
103 92
103 97
103 98
103 102
103 108
103 112
103 116
103 121
103 123
103 133
