1 1
1 6
1 7
1 34
1 36
1 37
1 44
1 45
1 52
1 61
1 69
1 73
1 77
1 81
1 82
1 84
1 92
1 101
1 112
1 115
1 116
1 119
2 4
2 12
2 17
2 27
2 41
2 45
2 47
2 53
2 60
2 66
2 75
3 19
3 44
3 50
3 56
3 59
3 61
3 64
3 65
3 66
3 74
3 81
3 84
3 87
3 105
3 106
3 112
3 123
3 128
3 143
3 148
3 153
3 154
3 158
4 18
4 22
4 27
4 29
5 1
5 10
5 21
6 7
6 15
6 16
6 19
6 25
6 33
6 38
6 40
6 51
6 53
6 56
6 64
6 73
6 82
6 84
6 86
6 93
6 104
7 5
7 8
7 11
7 31
7 64
7 70
7 88
7 101
7 108
7 116
8 1
8 3
8 6
8 13
8 14
8 17
8 20
9 10
9 11
10 41
10 43
10 45
10 46
10 47
10 60
10 79
10 80
10 82
10 93
10 96
11 8
11 9
11 13
11 24
13 11
13 37
13 42
13 44
13 56
13 67
13 71
13 73
13 74
13 76
14 3
14 71
14 72
14 111
14 121
14 144
14 149
14 187
14 197
14 200
14 206
14 217
14 226
14 231
14 240
14 242
14 248
14 250
14 251
14 256
14 258
14 259
14 276
14 277
14 278
14 280
14 283
14 299
14 303
14 316
14 318
14 322
14 339
14 341
14 372
14 385
14 388
14 390
14 394
14 398
14 400
14 407
14 411
14 422
14 435
15 47
15 70
15 71
16 10
17 2
17 7
17 13
17 21
18 6
18 11
18 13
18 22
18 31
18 33
18 36
18 37
18 40
18 53
18 58
18 62
20 103
20 109
20 111
20 113
20 117
20 126
21 3
21 13
21 20
21 29
21 30
21 31
21 33
21 38
21 42
21 44
21 50
21 118
21 130
21 131
21 135
22 24
22 26
23 1
23 29
23 40
23 44
26 10
27 10
27 22
27 31
27 35
27 36
27 52
27 132
27 142
27 150
27 157
27 165
27 175
27 307
29 27
29 31
29 34
29 44
30 1
30 2
30 19
30 22
32 10
32 14
33 1
33 4
33 19
34 5
34 10
34 11
34 22
34 23
34 27
34 34
35 1
35 14
35 15
35 19
35 20
35 26
35 30
35 34
35 40
35 48
35 54
35 55
35 56
35 73
35 76
35 77
35 118
35 120
35 128
35 137
35 149
35 155
35 178
35 179
35 200
35 202
35 203
35 211
35 212
36 3
36 4
36 12
36 32
36 39
36 51
36 59
36 60
36 62
36 64
36 68
36 71
36 79
36 90
36 92
36 94
36 98
36 99
36 109
36 241
36 246
36 247
36 261
36 267
36 269
36 284
36 285
36 290
36 295
36 303
36 316
36 333
36 335
36 336
36 380
36 382
36 383
36 389
36 396
36 399
36 404
36 408
36 411
36 556
36 557
36 566
36 569
37 14
37 24
37 32
37 33
37 39
37 43
37 49
38 7
38 11
38 141
38 151
39 3
39 10
39 14
39 17
40 74
40 80
40 81
42 2
42 21
42 22
42 30
42 43
42 49
42 53
43 13
43 14
43 15
43 18
43 20
44 17
45 6
45 7
45 8
45 14
45 15
45 22
45 27
45 32
46 15
46 23
46 24
46 34
46 36
47 2
47 5
47 12
47 19
47 21
48 2
48 10
48 15
48 16
48 24
48 27
50 5
50 25
50 32
50 33
50 42
50 53
50 56
50 65
50 75
50 83
50 84
50 91
50 92
50 99
50 109
50 111
51 60
51 66
51 77
51 82
51 93
51 102
51 109
51 117
51 119
51 123
51 131
51 132
52 1
52 16
52 23
52 24
52 34
52 38
52 44
52 46
52 47
52 49
52 50
52 62
52 71
52 74
52 76
52 80
52 81
52 95
52 97
52 102
52 106
53 1
53 5
53 16
53 18
53 27
53 28
53 35
53 48
53 50
53 61
53 64
53 65
53 72
53 78
53 81
53 83
53 104
53 112
53 114
53 122
54 90
54 96
54 97
54 100
54 106
54 109
54 113
54 115
54 120
54 134
54 136
54 138
54 142
54 159
54 172
54 173
54 176
55 6
55 16
55 26
55 28
55 32
55 33
55 38
55 45
55 49
55 105
55 106
55 112
55 124
55 132
55 136
55 139
55 147
55 150
55 153
55 160
55 161
56 44
56 48
56 53
56 54
56 57
56 59
56 69
56 78
56 80
56 90
56 93
56 98
56 105
56 107
56 108
56 123
56 124
56 181
56 185
56 187
56 208
56 211
56 214
56 223
56 224
56 231
56 242
56 254
56 256
56 257
56 260
56 265
56 268
56 273
56 277
56 278
56 283
57 13
57 14
57 19
57 22
57 23
57 25
57 29
57 84
57 92
57 172
57 179
57 180
57 182
57 183
57 191
57 200
57 201
58 1
58 24
58 25
58 29
59 11
59 19
59 24
59 28
59 29
59 31
59 33
59 35
59 54
59 55
59 56
59 66
59 69
59 83
59 84
59 86
59 91
59 95
59 105
59 106
59 107
59 108
59 114
59 117
59 118
59 127
59 134
59 146
59 154
59 155
59 157
59 161
59 171
59 172
59 175
59 180
59 184
59 188
59 193
60 2
60 8
62 93
62 101
62 103
62 105
62 113
62 185
62 186
62 278
62 285
62 289
62 296
62 298
62 302
62 306
62 307
62 315
62 320
62 329
62 342
62 346
62 355
62 356
62 467
62 473
65 1
65 3
65 6
65 7
65 27
65 42
65 51
66 5
66 9
66 16
66 45
66 64
66 66
66 75
66 78
66 94
66 98
66 110
66 111
67 16
68 22
68 24
68 25
68 29
69 51
69 57
69 63
69 82
69 92
69 96
69 98
69 103
69 113
69 115
69 140
69 142
70 5
70 7
70 8
70 20
70 22
70 32
70 33
70 49
70 50
70 52
70 65
70 70
70 73
70 79
70 85
70 86
71 6
71 11
71 15
71 17
71 28
71 31
71 33
71 54
71 59
71 60
71 68
71 70
71 71
71 76
71 83
71 84
71 86
71 88
71 92
71 95
71 104
71 109
71 120
71 127
72 3
72 21
72 39
72 47
72 54
73 97
73 99
73 100
73 101
73 111
73 120
73 126
73 128
75 10
75 11
75 25
75 33
75 34
75 38
75 46
75 52
75 55
75 57
75 59
75 60
75 61
75 72
75 77
75 83
75 88
76 5
76 6
76 13
76 20
76 27
76 34
76 37
77 3
77 25
77 31
78 5
78 7
79 2
79 7
79 8
79 10
82 60
82 62
82 69
82 81
83 7
83 24
83 26
83 27
83 29
84 26
84 32
84 41
84 44
84 47
85 6
85 8
85 11
85 15
85 17
85 21
85 29
85 32
85 35
85 37
85 54
85 66
85 70
85 73
85 78
85 93
85 95
85 100
85 103
85 118
85 124
85 125
85 127
85 146
85 149
86 7
86 10
86 18
86 19
86 23
86 25
86 27
86 43
86 60
88 15
88 17
88 27
88 28
88 37
88 49
88 50
88 51
88 56
88 57
88 60
88 61
88 63
88 74
88 80
88 95
88 131
89 2
89 12
89 24
89 25
89 29
90 11
90 14
90 15
90 17
91 19
91 22
91 33
91 41
91 45
91 50
92 23
93 9
93 12
93 17
93 51
93 55
93 57
93 58
93 67
93 70
93 73
93 90
93 91
94 6
95 3
95 12
95 14
95 16
95 18
96 3
96 8
96 12
96 13
97 16
98 1
101 54
101 58
101 63
101 66
101 80
101 104
101 105
102 133
102 134
102 149
102 153
102 155
102 164
102 168
102 176
102 177
102 178
102 181
102 182
102 187
102 192
102 203
102 206
102 208
102 214
102 216
102 218
102 230
102 232
102 234
102 246
102 247
102 251
102 263
102 283
102 286
102 290
102 321
102 343
102 349
102 352
102 355
102 358
102 361
102 409
103 68
103 71
103 72
103 76
103 78
103 81
103 85
103 90
103 99
103 101
104 34
