1 6
1 12
1 23
1 32
1 39
1 46
1 51
1 55
1 56
1 63
1 64
1 199
1 200
1 203
2 2
2 5
2 8
2 17
2 20
2 22
2 25
2 81
2 82
2 85
2 89
2 98
2 106
2 107
2 121
2 126
2 129
2 131
2 138
2 170
2 175
2 180
3 106
3 109
3 111
3 112
4 6
4 7
4 8
4 9
4 12
4 16
4 19
4 22
4 39
4 44
4 48
4 53
4 56
4 70
4 73
4 109
4 118
4 119
4 133
4 138
4 150
4 151
4 156
4 162
4 164
4 169
4 179
4 181
4 192
4 199
4 202
4 209
4 222
5 9
5 10
5 76
5 84
5 85
5 94
5 95
5 96
5 113
5 120
5 132
5 135
5 136
5 142
6 2
6 8
6 14
6 15
6 18
8 23
8 26
8 32
8 34
8 36
8 39
8 40
8 42
8 45
8 51
8 53
8 67
8 70
8 76
8 79
8 83
8 89
8 102
8 105
8 107
8 108
9 1
9 4
9 5
9 6
9 7
9 8
10 22
10 24
10 25
10 30
10 41
10 52
10 53
10 56
10 59
11 12
11 13
11 27
11 30
11 33
11 35
11 41
11 48
11 60
11 73
11 75
11 85
11 97
11 101
11 102
11 113
11 115
11 124
11 126
11 127
12 4
13 68
13 71
13 75
13 81
13 86
13 96
13 106
13 107
13 117
13 128
13 131
13 132
13 142
13 150
13 151
13 162
13 166
13 169
13 178
13 180
13 181
13 183
13 184
13 188
13 189
13 194
13 198
13 253
13 255
13 257
13 261
13 262
13 266
13 269
13 274
13 277
13 281
14 68
14 70
14 75
14 82
14 85
14 92
14 97
14 206
15 8
15 10
15 30
15 41
15 42
15 49
15 51
15 66
15 70
15 71
15 86
15 265
16 13
16 31
17 10
17 21
17 25
17 27
17 28
17 45
17 48
18 10
18 82
18 95
18 101
18 106
18 110
18 113
18 132
18 139
18 165
18 167
18 174
18 175
18 186
18 201
18 205
18 209
18 211
18 214
18 217
18 228
18 232
18 235
18 238
18 241
18 257
18 259
18 262
18 263
18 266
18 267
21 43
21 48
21 72
21 83
21 86
21 89
21 91
22 13
22 20
22 26
23 1
23 22
24 11
24 13
24 18
25 55
25 59
25 79
25 80
25 87
25 88
25 93
25 97
25 109
25 117
25 121
25 123
25 125
25 134
25 139
25 145
25 156
25 160
26 3
26 6
26 10
26 13
26 23
26 26
26 29
26 34
26 35
26 41
26 44
26 48
26 53
26 54
26 60
26 72
26 78
26 80
27 51
27 56
28 34
28 38
28 40
28 49
28 53
29 10
29 13
29 14
29 22
29 23
29 29
29 38
29 49
29 53
29 54
29 85
29 94
29 100
29 121
29 124
29 136
29 139
29 203
29 206
29 208
29 209
29 211
29 221
29 225
29 226
30 1
30 3
30 17
30 18
30 46
30 51
30 55
30 65
30 71
31 1
31 13
31 21
31 26
33 9
33 21
33 23
33 32
33 49
33 63
34 4
34 10
34 28
34 31
34 33
34 38
34 49
34 56
34 57
34 60
34 66
34 70
34 73
34 76
34 77
34 81
34 85
35 1
35 4
35 5
36 14
36 18
36 24
36 25
36 26
36 34
36 41
36 45
36 47
36 51
36 55
36 58
38 105
38 108
38 110
38 120
38 122
38 125
38 137
38 144
38 147
38 149
38 155
38 160
38 171
39 7
39 9
39 15
39 16
39 23
39 26
39 31
40 17
40 21
40 22
44 64
44 67
44 74
44 79
44 82
44 83
44 91
44 92
44 105
44 108
44 121
44 124
44 125
44 126
44 141
44 146
44 147
44 150
44 151
44 158
44 175
44 176
44 177
44 181
44 186
44 187
44 195
44 198
44 199
44 200
44 203
44 208
44 210
44 213
44 222
44 225
44 235
44 249
44 256
44 257
44 273
44 275
44 277
44 299
45 6
45 19
45 27
45 39
45 41
45 42
45 55
45 69
45 72
46 18
46 25
46 39
46 42
47 19
47 20
47 21
47 24
47 30
47 35
47 41
47 45
47 47
47 48
47 49
48 32
48 33
48 56
48 57
48 70
48 71
48 72
48 74
48 83
48 84
48 90
48 93
49 1
49 2
49 3
49 8
49 9
49 12
49 13
49 16
49 21
49 24
49 26
50 22
50 26
50 28
50 34
50 35
50 38
50 51
50 52
50 53
50 62
50 64
50 69
50 78
50 84
50 90
50 102
50 122
50 130
50 134
50 143
50 146
50 156
50 162
50 165
50 175
50 183
50 185
50 186
50 190
50 200
50 206
50 211
50 224
50 233
50 248
50 251
50 254
50 258
50 261
50 272
50 274
50 276
50 277
50 285
50 287
50 296
50 297
51 2
51 3
51 10
51 16
51 24
51 29
51 33
52 11
52 12
52 20
52 21
52 27
52 30
52 31
52 88
52 90
52 104
52 122
52 123
52 133
52 135
52 145
52 146
53 2
53 10
53 17
53 27
53 34
53 47
53 52
53 55
54 13
54 14
54 25
54 30
54 31
54 39
54 42
54 43
54 50
54 60
54 62
54 66
54 70
54 72
54 84
54 86
54 88
54 89
54 100
54 101
54 104
54 106
55 5
56 10
58 23
58 25
58 27
58 36
58 39
58 40
58 51
58 69
58 71
60 9
60 14
60 17
60 19
60 24
60 25
60 38
60 56
60 58
60 79
60 81
60 83
60 87
60 91
61 3
61 13
61 22
61 24
61 25
61 36
61 45
65 12
66 1
66 8
66 9
66 12
66 17
66 20
66 25
66 28
66 29
66 33
66 34
68 25
68 28
68 34
68 37
68 41
68 42
68 45
68 46
68 50
68 56
68 61
68 66
68 67
68 75
68 80
68 87
68 94
68 96
68 97
68 102
68 108
68 111
68 240
68 245
68 250
68 254
68 263
70 7
70 8
70 10
70 13
70 22
70 30
70 33
70 37
70 45
70 48
70 57
70 71
70 75
70 76
70 79
70 84
70 91
70 93
70 100
70 107
70 108
70 113
70 116
70 134
70 137
70 139
70 146
70 151
70 160
70 172
70 175
70 187
70 189
70 193
71 6
71 7
71 16
72 2
72 4
72 7
72 21
72 23
72 25
72 28
72 31
72 34
73 6
73 10
73 13
73 22
73 24
73 26
73 27
73 28
73 34
73 35
73 51
73 52
73 56
73 59
73 65
73 66
73 77
74 11
74 14
74 15
74 21
75 2
75 6
75 8
75 12
75 15
75 17
75 20
75 25
75 34
75 40
75 41
75 48
75 57
75 66
75 73
75 74
75 80
75 84
75 85
75 89
75 96
75 98
75 109
75 114
75 119
75 120
75 122
75 132
76 7
76 28
76 35
76 36
76 45
76 48
76 51
76 52
76 53
76 67
76 71
76 73
76 74
76 89
76 94
76 102
76 104
76 106
77 21
79 35
79 36
79 37
79 75
79 78
79 83
79 91
81 7
81 15
81 18
81 19
81 21
81 28
81 29
81 42
81 43
81 50
81 51
81 54
81 62
81 63
81 65
81 66
81 71
81 78
81 79
81 97
81 98
81 103
81 111
82 3
82 18
82 20
82 25
82 26
82 33
82 48
82 55
82 64
83 6
83 19
84 16
84 22
84 28
84 29
85 14
85 15
85 17
85 19
85 21
85 31
85 39
85 45
86 6
86 15
86 30
86 40
86 52
86 57
86 59
86 65
86 70
86 76
86 81
86 82
86 83
86 87
86 88
86 90
86 105
86 106
86 109
86 112
86 117
87 10
87 13
87 21
87 32
87 33
87 50
87 53
87 54
87 57
87 60
87 189
87 190
88 1
88 6
90 40
90 47
90 54
90 56
90 57
90 67
90 68
90 69
90 84
90 88
90 96
90 98
90 107
90 116
90 120
90 127
90 128
90 129
90 145
90 153
90 155
91 4
91 10
91 18
91 24
91 27
91 43
91 52
92 87
92 89
92 91
92 92
92 96
93 1
93 8
93 23
93 24
93 28
93 29
95 4
95 9
95 11
95 14
95 16
95 18
95 21
95 32
95 43
95 46
95 52
95 55
95 92
95 94
95 95
95 100
95 103
95 110
95 116
95 119
95 122
96 11
96 14
96 20
96 23
96 24
96 32
96 34
96 39
98 9
98 11
98 19
98 27
98 30
98 31
98 32
98 36
98 37
98 43
98 44
98 46
98 52
98 56
98 57
98 59
98 60
98 68
98 78
98 86
98 87
99 65
99 83
99 86
99 87
99 88
99 90
101 79
102 10
102 14
102 35
102 58
102 63
102 64
102 81
102 83
102 86
103 122
103 129
103 134
103 138
103 141
104 1
104 2
105 1
105 6
105 9
105 14
105 27
105 46
105 52
105 61
105 62
105 69
105 71
105 74
105 75
105 78
105 80
105 82
105 85
105 97
106 9
106 17
106 20
106 46
106 47
106 49
106 54
106 56
