1 1
1 2
1 3
1 4
1 23
1 30
1 37
1 40
1 42
1 54
1 57
1 66
1 69
1 70
1 72
1 82
1 91
1 103
1 113
1 117
1 126
1 169
1 173
1 174
1 179
1 184
2 1
2 23
2 30
3 22
3 24
3 47
3 52
3 56
4 13
4 21
4 23
4 43
5 51
5 54
6 3
6 10
6 17
6 20
6 21
6 22
6 23
6 24
6 29
6 33
6 41
6 42
6 44
6 76
6 77
6 79
6 82
6 90
6 92
6 97
6 102
6 103
6 112
6 123
6 125
6 127
7 5
7 20
7 22
7 26
8 129
8 130
8 131
8 136
8 186
8 194
8 196
8 202
9 4
9 9
9 10
9 17
9 44
9 48
9 55
9 57
9 59
10 1
10 3
10 8
11 37
11 42
11 49
11 57
11 60
11 77
12 6
12 7
12 10
12 11
12 15
12 16
12 21
12 24
12 37
12 38
12 44
12 45
12 46
12 48
12 53
12 64
12 79
12 80
12 81
12 83
12 84
13 10
13 12
13 21
13 23
13 32
13 33
13 44
13 45
13 57
13 61
13 70
13 73
13 76
13 86
14 10
14 13
14 16
14 17
14 24
14 29
15 9
15 10
15 12
15 20
15 22
15 23
15 29
17 32
17 41
17 53
17 61
17 75
17 77
17 78
17 85
17 87
17 88
17 93
17 94
17 116
17 126
17 129
17 132
17 135
17 140
17 143
18 2
18 9
18 10
18 14
18 21
18 48
18 52
18 57
19 11
19 12
19 16
19 32
19 37
19 40
19 42
19 44
19 52
19 60
19 62
21 1
21 5
22 4
22 8
22 26
22 28
22 30
22 36
22 37
22 39
22 62
22 63
22 64
22 70
22 98
22 99
23 2
23 4
23 7
23 10
23 21
23 92
24 2
24 3
24 7
24 9
24 21
26 4
26 8
26 12
26 16
26 23
26 27
26 30
26 33
26 98
26 108
26 111
26 124
26 126
26 129
26 134
26 136
26 137
26 146
26 147
26 159
26 173
26 180
26 206
26 207
26 210
26 215
26 216
26 219
26 225
26 228
26 236
26 238
26 242
26 251
26 264
26 266
26 269
26 285
26 286
26 292
26 300
26 301
26 303
26 305
26 309
26 310
26 313
26 316
26 318
26 324
26 327
26 340
26 349
26 350
26 355
26 358
26 365
26 376
26 377
26 379
26 380
26 381
26 394
26 406
26 408
26 415
26 417
26 421
26 423
26 427
26 435
26 438
26 439
26 441
26 447
26 448
26 455
26 458
29 3
29 6
29 8
29 11
29 13
29 16
29 38
30 1
30 4
30 9
30 22
30 42
30 56
30 59
30 73
30 98
30 100
30 104
30 106
30 110
30 114
30 169
30 173
31 5
31 6
31 11
31 12
31 21
31 22
31 39
31 40
31 41
31 97
31 98
32 10
32 13
32 17
32 21
32 23
32 49
32 51
32 52
32 56
32 63
32 70
32 104
32 246
32 248
32 257
32 258
32 261
32 263
32 270
32 290
33 3
34 2
34 19
34 21
34 25
35 11
35 12
35 21
35 29
35 31
35 33
36 10
36 14
38 49
38 51
38 54
38 57
38 66
38 67
38 68
38 72
38 81
38 82
38 93
38 95
38 100
39 3
40 108
40 114
40 124
40 126
40 129
40 143
40 146
40 159
40 163
40 177
41 9
41 18
41 19
41 20
41 22
41 23
41 26
41 35
41 40
41 63
41 73
41 74
41 82
41 90
41 98
41 106
41 109
41 119
41 122
41 124
41 127
41 131
41 132
41 136
41 138
41 144
41 173
41 189
41 196
41 201
41 203
41 205
41 211
41 224
41 227
41 228
41 236
41 240
42 1
42 59
42 64
42 78
43 1
43 9
43 10
43 18
43 25
43 31
43 32
43 36
44 44
44 48
44 49
44 60
44 63
44 71
45 2
45 4
45 12
46 19
47 3
47 4
47 19
47 20
47 28
47 30
47 31
47 33
47 44
47 58
47 68
48 1
48 15
48 17
48 25
48 40
48 41
48 46
50 20
50 22
50 56
50 65
50 73
50 79
50 96
52 68
52 73
52 74
52 95
52 103
52 104
52 122
52 126
52 127
52 140
52 144
52 153
52 159
52 164
52 165
52 170
52 171
52 173
52 183
53 96
53 116
53 132
53 142
53 145
53 147
53 155
53 157
53 159
55 3
55 18
55 28
55 33
55 39
55 44
56 2
58 1
58 15
58 28
59 63
59 70
59 71
59 94
60 9
61 5
63 75
63 87
63 92
63 99
63 102
63 104
63 110
63 115
63 116
63 119
63 139
63 151
63 156
63 167
63 173
63 175
63 188
63 199
63 204
63 205
64 9
64 12
64 31
64 32
64 33
64 36
64 38
65 6
65 8
65 11
65 21
65 104
65 105
66 2
66 9
67 2
67 4
67 5
67 25
67 28
68 1
68 4
68 15
68 17
68 26
70 7
71 24
71 38
71 40
71 48
72 4
72 24
72 26
72 27
72 31
72 33
72 36
72 43
72 51
72 56
72 64
72 66
72 72
72 92
72 93
72 97
72 107
72 108
72 125
72 128
72 136
72 138
73 35
73 40
73 45
73 46
73 68
73 71
73 79
73 83
73 86
73 117
73 122
73 129
73 142
73 150
73 154
73 174
73 191
73 193
73 195
73 205
73 207
73 212
73 216
73 227
73 234
73 239
73 240
73 252
73 254
73 288
73 289
74 1
74 6
74 7
74 9
74 11
74 13
75 4
75 8
75 10
75 17
76 13
76 15
76 18
77 15
77 18
78 3
79 2
79 19
79 41
79 42
79 52
79 61
79 67
79 72
79 75
79 77
79 78
79 82
79 89
79 90
79 91
79 92
79 94
79 96
79 97
79 117
79 121
79 124
79 127
79 131
79 140
80 16
82 4
82 6
82 13
82 22
82 28
82 39
83 1
84 1
84 5
84 54
84 56
84 61
84 64
84 65
84 68
84 69
84 92
84 93
85 5
85 11
86 3
86 7
86 14
87 5
88 2
88 3
88 7
88 8
88 15
88 20
88 24
89 32
89 34
89 36
90 10
90 13
90 82
90 89
90 98
90 100
90 104
91 115
91 119
91 121
91 123
91 131
91 134
91 138
91 139
91 145
91 151
91 153
91 156
91 158
91 159
92 31
92 34
97 34
97 35
97 36
97 46
97 58
97 72
97 73
97 79
97 86
97 107
97 109
97 111
97 126
97 130
97 161
98 4
98 5
98 20
98 21
98 27
98 29
98 39
98 40
98 41
98 42
98 47
98 50
99 59
99 133
99 147
99 151
99 159
100 75
100 84
100 100
100 108
100 127
100 128
100 136
100 140
100 148
100 151
100 152
100 160
100 170
100 179
100 180
100 184
100 188
100 200
100 203
100 204
100 208
100 210
100 214
100 219
100 224
100 232
100 233
100 253
100 257
100 261
100 264
100 267
100 276
100 282
101 104
101 107
101 108
101 111
101 114
101 122
101 123
101 131
101 133
101 140
101 145
101 148
101 154
101 174
101 179
101 185
101 186
101 187
101 190
101 191
101 206
101 207
101 209
101 213
101 214
101 223
101 229
101 232
101 238
101 253
101 269
104 60
104 69
104 78
104 90
104 94
104 106
104 111
104 115
104 119
104 123
104 130
104 134
104 136
104 151
104 156
104 157
104 164
104 166
104 171
104 172
104 173
105 1
105 2
105 14
105 19
105 22
107 36
107 39
107 43
108 4
108 15
108 21
108 22
108 60
108 70
108 73
108 80
108 84
109 20
109 25
109 27
109 36
109 50
109 60
109 65
109 72
109 80
109 92
109 95
109 96
109 99
109 100
110 17
110 24
110 25
110 26
110 28
110 38
110 41
110 42
110 44
110 98
110 101
113 32
113 39
115 3
115 9
115 11
115 20
116 5
116 6
117 3
117 4
118 1
118 2
118 15
118 23
118 26
118 32
118 35
118 45
118 53
118 60
118 62
118 65
118 83
118 188
118 198
118 199
118 201
118 205
118 208
118 231
119 7
119 13
119 18
119 20
119 27
119 31
120 2
120 16
120 22
120 23
120 31
120 32
120 36
120 37
121 10
121 15
121 23
122 2
122 3
122 4
122 21
122 22
122 24
122 32
122 33
122 37
122 51
122 54
122 55
122 57
122 61
122 75
122 86
122 92
122 98
122 102
122 109
122 111
