1 1
1 5
1 6
1 7
1 11
1 13
1 16
1 87
1 88
1 94
1 96
1 97
1 104
1 105
1 112
1 116
1 117
1 123
1 125
1 142
1 143
1 149
1 150
1 152
1 154
1 155
1 159
1 160
1 166
1 167
1 168
2 3
2 4
2 11
2 18
2 19
2 35
2 40
2 41
2 57
2 58
2 60
2 65
3 38
3 40
3 46
3 51
3 52
3 55
3 56
3 62
3 66
3 70
3 71
3 76
3 88
3 90
3 93
3 103
3 104
3 108
3 141
3 146
3 147
3 149
3 150
3 152
3 155
3 156
3 158
3 159
3 163
3 169
3 172
3 176
3 182
3 183
3 185
3 191
3 196
3 204
3 211
3 212
4 52
4 58
4 77
4 78
4 93
4 99
6 93
6 95
6 101
6 115
6 121
6 142
6 145
6 157
9 7
9 11
9 15
9 27
9 30
9 31
10 12
10 13
10 15
10 19
10 21
10 22
10 30
10 31
10 43
10 44
10 47
10 48
10 52
10 59
10 65
10 68
10 70
10 72
12 3
12 12
12 13
12 15
12 18
14 3
14 6
14 24
14 36
14 41
14 45
14 51
15 7
15 10
15 14
15 21
15 22
15 23
16 1
16 5
16 13
16 18
16 27
16 30
16 31
16 34
16 45
16 50
16 54
16 75
18 35
18 60
18 72
18 74
21 33
21 39
21 50
21 61
22 7
22 16
22 20
22 32
22 34
22 38
22 39
22 40
22 42
22 43
22 49
22 52
22 55
22 59
22 60
22 70
22 72
22 75
22 79
22 82
22 84
22 89
22 94
22 155
22 162
25 97
25 107
25 111
25 114
26 12
26 24
26 38
26 44
26 45
26 55
26 63
26 86
26 88
26 96
26 217
26 219
27 1
27 9
27 10
27 15
27 26
27 29
27 31
27 32
27 42
27 48
27 49
27 52
27 54
27 55
27 62
27 65
27 70
27 80
27 88
27 99
27 101
27 102
27 106
27 125
27 144
27 145
27 149
28 2
28 3
28 5
28 6
28 11
28 23
28 32
28 42
28 49
28 60
28 67
28 70
28 75
28 76
28 78
28 82
28 89
28 90
28 91
28 97
28 100
29 3
29 17
29 21
29 26
29 46
31 49
31 65
31 66
31 70
31 85
32 10
33 1
33 5
33 14
33 17
33 35
33 39
34 3
34 4
34 15
34 18
34 19
34 26
34 183
34 185
34 188
34 198
34 201
37 32
37 35
37 41
37 117
37 123
37 128
37 137
37 139
37 145
37 201
37 204
37 211
37 220
37 225
37 226
37 227
37 240
38 3
38 6
38 7
38 11
38 13
38 14
38 19
38 20
38 30
38 34
38 37
38 49
38 51
38 61
38 70
38 81
38 82
38 87
38 90
38 94
38 97
38 113
38 124
38 127
38 128
38 129
38 210
38 211
39 2
40 1
40 2
40 4
40 12
40 142
41 9
41 65
41 87
41 94
41 106
41 107
41 109
41 123
41 124
42 1
42 11
42 15
42 16
42 18
42 19
42 27
42 35
42 37
42 38
42 39
43 5
43 8
43 9
44 4
44 9
44 10
44 13
44 23
44 30
44 35
44 50
44 62
44 64
44 76
44 80
44 83
44 84
44 91
44 99
44 228
44 235
44 239
44 245
44 254
44 272
44 276
44 280
44 282
44 291
44 316
44 323
44 329
45 22
45 29
45 30
45 32
45 83
45 84
45 93
45 96
45 100
45 109
47 7
47 8
47 10
47 85
47 87
52 9
52 11
52 21
52 27
52 33
52 37
52 44
52 45
52 46
52 48
52 50
52 95
52 98
52 100
52 105
52 116
52 117
52 135
52 139
52 144
52 151
52 152
52 160
52 167
52 170
52 175
52 177
52 189
52 194
52 198
52 203
52 303
52 306
52 316
52 317
54 8
54 9
54 13
54 15
54 22
54 34
55 85
55 89
55 103
55 155
55 168
55 174
55 178
55 180
55 184
55 186
55 187
55 190
55 194
55 202
56 1
56 9
56 12
56 18
56 28
56 30
56 35
56 36
56 39
56 41
56 42
56 84
56 89
56 92
56 93
56 95
56 99
56 100
56 106
56 131
56 141
56 144
56 148
56 165
56 168
56 173
56 176
56 180
56 182
56 186
56 208
56 209
56 220
56 221
56 232
56 243
57 6
57 9
57 17
57 20
57 37
57 39
57 51
57 55
57 63
58 6
58 8
58 10
58 23
58 24
58 25
58 51
59 2
59 4
59 8
59 11
59 19
59 26
59 28
59 36
59 43
59 57
59 62
59 72
59 77
59 78
59 83
59 85
59 92
59 98
59 99
59 102
59 103
59 108
59 110
59 111
59 118
59 120
59 125
59 141
59 146
59 148
59 158
59 162
59 164
59 170
59 171
60 12
60 15
60 16
60 25
60 36
60 160
60 163
61 2
61 6
61 8
61 9
61 12
61 13
61 15
61 17
61 20
63 3
63 4
64 1
64 9
64 11
64 13
64 24
64 159
64 163
64 166
64 169
64 182
64 185
65 2
65 6
65 22
65 23
65 26
65 29
66 1
66 8
66 11
66 21
66 28
66 30
66 60
66 62
66 69
66 71
67 3
67 8
67 11
67 15
67 25
67 29
68 3
68 4
68 6
68 10
68 11
68 31
68 34
69 11
69 12
69 13
69 14
69 18
69 24
69 37
70 5
70 6
70 10
70 12
70 14
70 17
71 55
71 56
71 57
71 58
71 67
71 69
71 70
71 77
71 89
71 91
71 92
72 11
72 12
72 18
72 44
72 45
77 71
78 1
78 8
78 13
78 15
78 27
78 31
79 3
79 8
83 74
83 79
83 124
83 137
83 138
83 139
83 203
84 16
85 3
85 5
85 25
85 42
85 46
85 51
85 52
86 5
86 7
86 15
87 33
87 36
87 41
87 62
87 72
87 81
87 84
87 95
87 103
87 110
87 111
87 117
87 141
87 143
87 152
87 155
87 162
87 179
87 192
88 2
88 5
88 6
88 17
89 1
89 4
90 2
91 11
91 17
91 21
91 23
91 25
91 26
91 34
91 37
91 42
91 45
91 175
91 180
92 3
92 17
92 22
92 27
92 39
92 42
92 44
93 1
93 2
93 6
93 9
93 16
94 6
94 15
95 36
95 42
95 51
95 62
95 63
96 12
96 17
96 19
96 32
96 35
96 52
96 61
96 65
96 66
96 68
97 131
97 136
97 146
97 157
98 5
98 10
98 16
98 21
98 23
98 30
98 34
98 35
98 45
98 46
98 53
98 58
98 59
98 62
98 73
98 75
99 5
99 6
99 9
99 13
99 16
100 2
100 9
100 10
100 14
100 18
100 19
100 24
101 7
101 11
101 22
101 28
101 30
101 35
101 39
101 40
101 42
101 46
101 60
101 76
101 79
101 85
101 89
101 98
101 100
101 128
101 135
101 138
101 143
101 144
101 150
101 155
101 165
101 168
101 171
102 3
102 6
102 28
102 30
102 34
102 38
102 44
103 23
103 122
103 124
103 134
106 2
107 3
107 8
107 9
107 20
107 21
107 24
107 27
107 41
107 43
107 45
107 54
107 60
107 73
107 76
107 78
107 80
107 81
107 83
107 87
107 95
107 102
107 139
108 7
108 12
108 13
108 14
108 16
108 17
108 19
108 20
108 26
108 28
108 39
108 43
108 48
109 1
109 2
109 6
109 19
110 5
110 9
110 11
110 14
110 17
110 25
110 28
110 40
110 43
110 51
110 52
110 58
110 71
110 84
110 85
110 100
110 107
110 119
110 122
110 134
110 142
110 151
110 152
110 157
110 160
110 161
110 165
110 167
110 172
110 179
110 180
110 186
110 188
110 191
110 209
110 216
110 220
110 222
110 234
110 243
110 245
110 254
110 260
110 269
110 270
110 274
110 282
110 289
110 304
110 306
110 311
110 316
110 322
110 333
110 342
110 354
110 360
110 368
111 3
111 6
111 8
111 15
111 16
111 18
111 29
111 53
112 18
112 19
112 35
112 36
