1 7
1 12
1 25
1 28
1 29
1 31
1 77
1 97
1 119
1 123
1 127
1 128
1 133
1 144
1 145
1 148
2 35
2 52
2 57
2 62
2 64
2 65
2 68
2 80
2 83
2 88
2 92
2 97
2 98
2 101
2 106
3 70
3 86
3 99
3 116
3 119
3 125
3 126
3 129
3 133
3 134
3 156
3 158
3 167
4 1
4 4
4 7
4 16
4 34
4 42
4 45
4 54
4 58
4 60
4 64
4 81
4 85
4 90
4 99
4 113
4 128
4 133
4 137
4 142
4 153
4 164
4 165
4 171
4 175
4 181
4 182
4 187
4 196
4 206
4 211
4 219
5 10
5 12
5 24
6 1
6 6
6 17
6 20
6 31
6 49
7 76
7 80
7 91
7 99
7 110
7 122
7 123
7 134
7 145
7 148
8 2
8 13
8 17
8 20
9 4
9 5
9 7
9 13
11 6
11 13
11 16
11 24
12 2
12 9
12 11
12 13
13 12
13 13
14 5
14 12
14 15
14 16
14 23
14 26
14 39
14 42
14 43
14 46
14 48
14 49
14 50
14 63
14 110
14 111
14 120
14 128
14 137
14 164
14 166
15 82
15 114
15 121
15 140
15 152
15 153
15 175
16 76
16 94
16 95
16 121
16 123
16 125
18 3
18 17
18 29
19 4
19 7
19 13
19 14
19 22
19 26
19 100
19 102
19 114
19 121
19 124
19 130
19 133
19 142
19 152
19 164
21 1
21 7
21 14
21 22
21 28
21 31
21 41
21 47
21 51
21 52
21 58
21 59
21 68
21 109
21 119
21 122
21 135
21 142
21 148
21 152
22 3
23 6
23 16
23 23
23 32
23 37
23 42
23 45
23 47
23 53
23 56
23 61
23 63
23 64
23 66
24 6
24 8
24 17
24 58
24 62
24 68
24 71
24 75
24 79
24 80
24 87
24 89
24 92
24 96
24 103
24 105
24 116
24 119
24 144
24 145
24 150
25 31
25 33
25 42
26 7
26 8
26 10
26 17
27 26
27 27
27 30
27 31
27 36
27 40
27 44
27 47
27 50
27 51
27 53
27 57
27 65
27 73
27 74
28 2
28 5
28 11
30 58
30 73
30 78
30 85
30 96
30 99
31 15
31 16
31 17
31 19
31 27
31 28
32 4
32 13
32 23
32 24
32 27
32 46
32 52
32 54
32 55
32 62
32 83
32 86
32 87
32 92
32 101
32 109
32 115
32 160
32 163
32 169
32 262
32 263
32 268
32 278
33 3
33 4
33 6
33 21
33 22
33 37
33 41
33 44
33 46
33 59
33 72
33 73
33 85
33 87
33 89
35 3
35 8
35 12
35 147
35 151
35 156
35 157
35 173
35 174
35 177
35 295
35 299
36 1
36 2
36 15
36 26
36 31
36 40
36 41
36 46
36 47
36 55
38 3
38 12
38 15
38 21
38 24
38 27
38 38
38 39
38 42
38 53
38 56
38 57
38 66
38 70
38 71
39 79
39 80
39 86
40 4
40 13
40 15
40 16
40 35
42 10
42 13
44 7
45 6
45 12
45 14
46 1
46 19
46 26
46 29
46 124
46 128
46 130
47 5
47 11
47 12
47 16
49 8
49 9
49 14
49 20
49 24
49 28
49 30
49 32
49 35
49 45
49 72
49 78
49 89
49 92
49 95
49 97
49 124
49 125
49 131
49 137
49 140
49 146
49 175
49 191
49 194
49 195
49 212
49 215
49 223
49 225
49 237
49 241
49 243
49 245
49 255
49 258
49 265
49 280
49 285
50 28
51 8
51 36
51 43
51 48
51 57
51 63
52 43
52 44
52 56
52 78
52 79
52 81
52 85
52 87
52 93
52 98
52 100
52 108
52 122
52 124
52 130
52 132
52 138
52 145
52 151
52 158
52 161
52 165
53 36
53 43
53 46
54 3
54 14
54 20
54 21
54 27
54 33
54 40
54 47
54 48
54 49
54 78
54 79
54 92
54 95
54 102
54 111
54 114
54 133
54 144
54 149
54 159
54 164
54 166
54 173
54 186
54 189
54 193
54 196
54 198
54 204
54 211
55 5
55 11
55 14
55 17
55 25
55 29
57 91
57 92
57 93
57 96
57 98
57 100
57 103
57 106
57 116
57 127
57 128
57 135
57 137
57 138
57 139
57 152
57 158
57 167
57 176
57 183
57 188
57 195
57 197
58 13
58 16
58 22
59 8
59 14
59 15
59 19
59 26
59 28
59 30
59 38
59 41
59 44
59 45
59 51
59 64
59 74
59 78
59 85
59 97
59 98
59 101
59 104
59 106
59 107
59 110
59 126
59 128
59 130
59 135
59 152
59 155
59 158
59 159
59 161
59 169
59 170
60 1
60 4
60 5
60 10
60 15
60 25
60 28
60 35
60 38
60 52
60 63
60 65
60 66
60 73
60 77
60 81
60 85
60 113
60 115
60 123
60 145
60 147
60 158
60 163
60 170
60 175
60 183
62 49
62 51
62 52
62 53
62 56
62 58
62 59
62 190
62 196
62 210
63 113
63 115
65 80
65 88
65 102
65 103
65 104
65 116
65 118
65 127
65 155
65 172
65 173
65 179
65 181
65 187
68 48
68 49
68 55
68 57
68 66
68 70
68 82
68 85
68 90
68 92
68 100
68 120
69 7
69 8
70 10
70 23
70 24
70 27
70 32
70 33
70 35
70 36
70 37
70 47
70 48
70 64
70 65
70 72
70 73
70 82
70 86
70 146
70 154
70 162
70 169
70 177
70 196
70 197
70 203
70 206
70 215
70 216
70 221
71 7
71 10
71 14
71 24
71 171
71 173
71 176
71 180
71 207
71 208
71 213
71 233
71 234
71 235
72 101
72 108
72 109
72 113
73 1
73 5
73 7
73 8
73 9
73 19
73 27
73 28
73 35
73 36
73 43
73 47
75 6
75 9
75 11
75 14
75 18
75 19
76 8
76 12
76 13
77 1
77 2
78 1
78 10
78 13
78 49
78 64
78 69
78 74
78 92
78 95
79 11
79 16
79 20
79 45
79 56
79 61
79 66
79 73
79 91
79 92
79 94
79 106
79 109
79 115
79 117
79 123
79 124
79 131
80 41
80 47
80 51
80 55
80 62
80 75
80 79
80 80
80 83
80 84
80 89
80 90
80 91
80 123
80 137
80 146
80 149
81 20
83 4
83 5
83 18
83 19
83 22
83 24
83 27
84 9
84 11
84 14
84 15
84 27
84 33
84 44
84 53
84 55
84 57
84 60
84 64
84 65
84 66
84 71
84 74
84 76
84 83
84 86
84 90
84 92
84 112
84 115
84 118
84 122
84 126
84 127
85 1
85 13
85 15
86 1
86 4
86 6
86 7
86 12
86 13
87 50
87 57
87 62
87 66
87 74
87 78
87 90
87 95
87 99
87 102
88 103
88 105
88 109
88 110
88 113
88 123
89 2
91 13
91 14
91 19
91 29
92 2
92 7
92 52
92 72
92 74
92 76
92 82
93 1
93 3
93 6
93 14
93 18
93 22
93 25
93 34
94 20
94 23
94 28
94 31
94 37
94 43
94 44
94 45
94 46
94 51
94 56
94 69
94 75
94 83
94 87
94 89
94 93
94 94
94 96
94 99
94 104
94 109
94 110
94 115
94 124
94 134
94 135
94 149
94 152
94 155
94 162
94 164
94 169
94 176
94 181
94 185
94 209
94 212
94 213
94 214
94 234
94 242
94 262
94 274
94 277
94 279
94 282
94 292
94 296
94 306
94 308
94 320
95 5
95 16
95 31
96 3
96 7
96 15
96 26
96 32
96 33
96 41
96 48
96 49
96 51
96 56
96 60
96 65
97 46
97 47
97 50
97 65
98 17
98 20
98 22
98 26
99 2
99 5
99 6
100 10
100 16
100 43
100 46
100 48
100 52
100 57
100 59
100 60
100 66
100 67
100 74
100 118
