1 5
1 12
1 21
1 24
1 34
1 41
1 42
1 48
1 49
1 57
1 60
1 65
1 71
1 78
1 81
1 84
1 87
1 92
1 98
1 102
1 136
1 138
1 143
1 150
1 156
1 158
1 165
1 168
1 170
1 181
1 182
1 184
2 62
2 67
2 97
2 98
2 100
2 102
2 103
3 58
3 64
3 67
3 71
3 86
3 88
3 90
3 91
3 92
3 100
3 103
3 105
3 107
3 242
3 258
3 259
3 261
3 267
3 277
3 284
5 54
5 58
5 60
5 61
5 67
5 69
5 82
5 83
5 90
5 111
5 112
5 201
5 210
5 213
5 215
5 218
5 219
5 224
5 226
5 228
6 1
6 6
6 7
6 8
6 11
6 23
6 26
6 33
6 46
6 77
6 221
6 226
6 227
6 229
6 230
6 235
6 236
6 238
7 1
7 3
7 6
7 9
7 17
7 20
7 23
7 25
7 37
7 41
7 44
9 84
9 92
9 93
9 104
9 111
9 113
9 123
10 1
10 3
10 4
10 12
10 13
10 21
11 5
11 10
11 22
13 28
13 29
13 38
13 40
13 48
13 49
13 58
13 61
13 67
13 71
13 76
13 87
13 103
13 104
13 107
13 108
13 110
13 114
13 120
13 123
14 23
15 10
15 23
15 34
15 36
15 39
15 42
15 44
15 46
15 49
15 61
16 8
16 10
16 16
16 43
16 71
16 75
18 59
18 61
19 10
19 116
19 123
19 134
19 145
19 156
19 157
19 158
19 163
19 169
19 177
19 186
19 200
21 3
21 4
21 8
22 4
23 1
23 2
23 6
23 15
23 19
23 27
23 28
23 29
23 30
23 34
23 44
23 46
23 49
23 93
23 103
26 8
26 12
26 19
26 27
26 29
26 30
26 37
26 51
26 54
26 56
26 58
26 65
26 70
26 72
26 83
26 84
27 8
27 12
27 13
28 3
28 4
28 6
28 8
28 13
28 14
28 22
28 23
29 12
29 14
29 17
29 21
29 33
29 37
29 38
29 41
29 46
29 47
29 50
29 52
29 58
29 68
29 79
29 81
30 2
30 14
30 17
31 16
31 17
31 18
31 22
31 23
31 26
31 33
31 34
31 39
32 6
32 9
32 12
32 25
32 27
32 34
32 35
32 36
32 40
32 42
32 48
32 52
32 61
32 65
32 70
33 1
33 2
33 6
33 20
33 26
33 32
33 33
33 56
33 59
33 68
33 70
33 73
33 76
33 80
33 87
33 96
33 102
33 114
33 116
33 131
33 136
33 137
33 145
33 154
33 155
33 158
33 159
34 6
34 20
34 31
34 36
34 48
34 50
34 70
34 76
34 78
34 85
35 4
35 10
35 13
35 47
35 50
35 53
36 11
36 17
36 18
36 19
36 22
36 24
36 33
36 43
36 44
36 47
36 53
36 55
36 56
36 58
36 61
36 66
36 81
36 82
37 11
37 12
37 17
37 23
37 26
42 35
42 42
42 44
42 54
42 61
42 81
42 84
42 94
42 98
42 102
42 105
42 149
42 154
42 165
42 167
42 169
42 171
42 179
42 187
42 188
42 189
42 192
42 194
42 202
42 209
42 217
42 218
42 220
42 234
42 237
42 245
42 250
42 258
42 264
42 273
43 23
43 26
44 73
44 74
44 77
44 80
44 87
45 3
45 5
45 6
45 9
45 14
45 15
45 17
45 28
46 3
46 15
46 21
46 42
46 47
47 74
47 80
47 81
47 87
47 89
47 93
49 1
49 9
49 19
49 25
49 30
49 127
49 130
49 152
49 154
49 204
49 210
49 211
49 217
49 224
49 225
49 229
50 3
50 8
50 89
50 92
50 96
50 110
50 112
50 117
50 118
50 121
50 136
51 1
51 4
52 19
52 20
53 7
53 9
53 16
53 17
53 27
53 33
53 35
53 37
53 40
54 4
54 15
54 24
54 30
54 50
54 186
54 188
54 190
54 191
54 193
54 194
54 201
54 206
54 218
54 219
54 221
54 226
55 8
55 9
55 14
55 17
55 19
55 20
55 38
55 53
55 55
55 56
55 60
55 62
55 66
55 67
56 11
56 13
56 18
56 26
57 9
57 14
57 16
57 18
57 21
57 25
57 27
57 30
57 37
57 39
57 50
57 56
57 59
57 62
57 64
57 67
57 68
57 74
57 75
57 82
57 83
57 87
57 103
57 108
57 114
57 115
57 116
57 117
57 125
57 131
57 137
57 138
57 139
57 150
57 155
57 165
57 176
58 5
59 130
59 132
59 133
59 142
62 11
62 20
62 22
63 92
63 93
63 98
63 104
63 105
63 109
64 3
64 6
64 23
64 27
64 30
64 31
64 34
64 35
65 19
65 32
65 47
65 49
66 15
66 17
66 21
66 24
66 34
66 38
66 40
66 42
66 46
66 61
66 62
66 64
66 68
66 70
66 71
66 77
66 78
66 80
66 92
66 93
66 97
66 99
66 101
66 103
66 114
66 127
66 156
66 157
66 169
66 175
66 182
66 192
66 195
66 197
66 198
67 3
67 4
67 8
67 9
67 13
67 16
67 19
67 25
67 27
67 33
67 35
67 37
67 38
67 49
67 51
67 58
67 67
67 68
67 71
67 77
67 82
67 83
67 86
67 89
68 24
68 68
68 70
68 77
68 88
68 102
68 103
68 107
68 116
68 117
68 133
68 139
68 152
68 155
68 164
68 165
68 170
68 303
68 306
68 326
70 118
70 120
70 123
70 133
70 147
70 153
70 160
70 163
70 175
70 179
73 19
73 26
73 29
73 32
73 36
73 44
73 45
73 47
73 51
73 62
73 63
73 68
73 73
73 76
73 79
73 91
73 224
73 229
73 231
73 237
74 3
74 11
74 19
74 61
74 63
74 70
74 76
74 87
74 90
75 5
75 7
78 5
79 16
79 20
79 22
79 30
79 34
79 43
79 50
79 63
79 68
79 69
79 204
79 206
79 210
79 211
79 221
79 224
79 231
79 237
79 239
79 241
79 244
79 246
79 258
79 261
79 271
79 279
79 281
80 17
80 30
80 32
80 38
80 43
80 45
80 50
80 51
80 58
80 59
81 4
81 9
81 27
81 39
81 41
81 56
81 68
81 75
81 77
81 212
81 215
81 218
81 220
81 221
81 225
82 47
83 1
83 2
84 3
84 13
85 6
85 14
87 30
87 34
87 35
87 38
87 39
87 41
87 47
87 53
87 57
87 59
87 64
90 70
90 74
90 77
90 80
90 83
90 84
90 86
90 89
90 96
90 108
90 111
90 122
90 123
90 124
90 128
90 133
90 135
90 143
90 155
90 164
90 179
90 180
90 185
91 1
91 3
91 4
92 1
92 8
92 11
92 14
92 17
92 19
92 20
92 24
93 16
93 25
93 41
93 52
93 54
93 55
93 60
94 3
94 19
94 35
94 47
94 56
94 67
94 70
94 73
94 74
94 75
94 76
94 90
94 101
96 54
96 63
96 68
97 16
97 18
97 19
97 21
97 29
97 31
97 38
97 45
97 47
97 49
97 58
97 74
97 86
97 89
98 7
98 14
98 20
98 21
98 28
98 47
99 13
99 15
99 16
99 25
99 29
99 31
99 41
99 49
99 50
100 3
100 25
100 32
100 47
100 48
100 56
100 67
100 71
100 73
101 1
101 14
101 17
101 19
101 29
101 130
101 137
101 142
101 147
101 148
101 149
101 153
102 4
102 5
102 9
103 7
103 17
103 20
103 25
103 26
103 157
103 163
103 192
103 193
103 219
103 220
104 119
104 129
104 136
104 138
104 140
104 148
104 149
104 156
104 159
104 172
104 178
105 1
105 4
105 8
105 13
105 133
105 135
105 145
105 156
105 158
105 164
105 170
105 172
105 173
105 189
105 197
105 200
105 201
105 208
105 218
105 222
105 224
105 225
105 230
106 13
106 17
106 30
106 34
106 45
106 54
106 59
106 64
107 1
107 4
107 7
107 12
107 14
107 19
108 1
108 3
108 4
109 2
109 6
109 20
109 29
109 32
109 53
109 59
109 64
109 82
109 88
109 91
109 94
109 97
109 99
109 100
109 102
110 1
110 4
110 12
110 30
110 31
110 45
110 46
110 52
110 55
110 57
110 63
110 72
110 76
110 78
110 79
110 83
110 84
110 85
110 87
110 90
110 108
110 110
110 117
110 119
