1 3
1 6
1 7
1 12
2 7
2 29
2 30
2 39
2 44
2 47
2 49
2 50
2 66
4 4
4 6
4 8
4 9
4 19
4 28
4 31
4 51
4 52
4 53
4 55
4 65
4 84
4 95
4 98
6 57
6 61
6 65
6 72
6 82
6 92
6 99
6 100
6 108
6 118
6 125
6 126
6 130
6 131
6 133
7 8
7 11
7 15
7 17
7 21
7 30
7 36
7 42
7 48
7 50
7 52
7 66
7 80
7 82
7 84
7 92
7 97
7 126
7 127
7 130
7 140
7 141
7 153
7 155
7 162
7 164
8 5
8 7
8 26
12 18
12 30
12 31
12 37
12 38
12 40
12 47
12 49
12 57
12 68
12 69
12 72
12 73
12 79
12 81
12 84
12 88
12 93
12 96
12 98
12 104
14 66
14 75
14 76
14 84
14 88
14 102
14 113
14 115
14 119
14 120
14 122
14 123
14 135
14 137
14 139
14 140
14 151
14 152
14 156
14 201
14 215
14 216
14 229
14 230
15 107
15 110
15 116
15 118
15 121
15 124
15 134
15 136
15 139
16 2
16 9
16 35
16 36
17 2
17 4
17 5
17 9
17 10
17 17
17 18
17 67
17 70
17 78
17 102
17 104
17 110
18 2
18 6
18 11
18 12
18 21
18 22
19 6
19 14
19 20
19 22
19 37
19 44
19 49
19 59
19 62
20 34
20 40
20 55
20 58
20 62
20 66
20 76
20 80
20 82
20 84
20 97
20 100
20 105
20 106
20 111
20 117
20 123
20 125
20 133
20 142
22 9
22 15
23 4
23 19
23 23
24 6
24 12
24 21
24 26
24 32
24 34
24 37
24 50
24 54
25 1
25 6
26 65
26 84
27 18
27 25
27 29
27 30
27 31
27 32
27 33
27 34
28 39
28 41
28 43
28 44
28 45
28 53
28 54
28 57
28 60
28 66
28 74
28 80
28 82
28 86
28 98
29 4
29 7
29 24
29 27
29 31
30 14
30 23
30 40
30 41
30 44
30 45
30 157
30 175
30 180
30 181
31 2
31 16
31 25
31 32
31 35
32 6
32 14
32 25
33 8
33 23
33 25
33 30
34 9
35 1
35 11
35 12
35 13
35 15
35 16
38 22
38 26
39 2
39 3
39 133
39 139
39 140
39 144
39 149
41 1
41 12
41 15
41 27
41 28
41 36
41 49
41 71
41 85
41 87
41 88
41 101
41 103
41 104
41 111
41 124
41 127
41 186
41 202
41 203
41 205
41 237
41 238
41 239
41 241
41 242
41 249
41 252
43 11
44 1
44 5
45 6
45 7
45 139
45 144
45 145
45 161
45 165
46 2
47 68
47 69
47 73
47 82
47 101
47 102
47 103
48 7
48 18
48 24
48 25
49 20
49 25
49 29
49 32
49 33
49 34
49 39
49 46
52 15
52 27
52 30
52 31
52 34
52 36
52 45
52 51
52 53
52 66
52 69
52 71
52 75
52 77
52 82
52 87
52 88
52 91
52 92
52 107
52 115
52 119
52 123
52 128
52 134
52 165
52 168
52 176
52 182
52 185
52 186
52 201
52 207
52 210
52 214
52 225
52 230
52 248
52 249
52 251
53 21
53 25
53 27
53 34
53 38
53 48
53 49
53 57
53 63
53 70
53 71
53 84
53 86
53 90
53 96
53 106
53 107
53 109
53 111
53 116
53 136
53 137
54 4
54 16
54 19
54 26
54 32
54 36
54 173
54 179
54 181
54 191
54 196
54 207
54 225
54 233
54 235
54 245
54 248
54 251
54 252
54 259
54 263
55 1
55 5
55 12
55 16
55 24
55 26
56 1
56 3
56 4
56 6
56 7
56 18
56 19
56 33
56 36
56 42
56 44
56 47
56 50
56 62
56 77
56 87
56 92
56 94
56 97
56 112
56 114
56 122
56 123
56 133
56 137
56 147
56 151
56 152
56 156
58 4
58 24
58 25
58 33
58 40
58 52
58 57
58 70
58 78
58 81
59 7
59 15
59 22
59 24
60 3
60 5
60 9
60 13
61 21
61 25
61 27
61 28
61 34
62 1
62 10
62 21
62 30
62 36
62 37
62 51
62 61
62 63
62 65
62 86
62 93
62 94
62 224
62 229
62 233
62 235
64 2
64 6
64 7
64 11
64 14
64 17
64 35
64 37
64 40
64 41
64 43
65 1
65 8
65 12
65 13
65 14
65 21
65 23
65 28
65 33
65 42
66 12
66 13
66 21
67 15
68 16
69 93
70 14
70 33
70 34
70 35
70 40
70 44
70 45
72 10
72 11
72 16
72 17
72 23
72 27
72 46
72 49
72 181
72 182
72 190
72 191
72 194
72 195
72 198
72 201
72 202
72 206
72 207
72 209
72 213
72 225
72 232
76 81
76 89
76 90
76 97
76 103
76 105
76 107
76 113
76 114
76 122
76 129
76 145
76 148
76 159
76 168
76 173
76 174
76 183
76 190
76 192
76 196
76 212
76 265
76 266
76 287
77 46
77 55
77 56
77 64
79 50
80 1
80 4
80 6
80 9
81 106
81 112
81 134
81 142
81 145
82 8
82 15
82 32
82 38
82 42
82 49
82 53
82 56
82 57
82 59
82 60
82 77
82 89
82 90
82 100
82 106
82 108
82 109
82 118
82 134
82 138
82 161
82 183
82 191
82 195
82 203
82 205
83 106
83 109
83 110
83 115
83 117
83 120
83 121
83 123
83 124
83 135
83 139
83 142
83 149
83 154
83 159
84 18
84 70
84 75
84 78
84 87
84 92
84 114
84 115
85 61
85 69
87 84
87 90
87 92
87 98
87 102
87 104
87 106
87 108
87 116
87 118
87 123
87 124
87 125
87 126
87 127
87 131
87 136
87 139
87 151
87 191
87 208
87 218
87 221
87 225
87 300
87 303
88 8
89 2
89 3
89 5
89 6
89 80
89 81
89 88
90 1
90 7
90 8
90 10
90 12
90 22
90 32
90 33
91 21
91 26
91 30
91 40
91 42
91 45
92 2
92 7
92 12
92 14
92 23
92 46
92 47
93 1
93 4
93 13
93 26
93 27
93 30
93 32
93 41
93 43
93 45
93 46
93 55
93 56
93 61
93 68
93 76
94 4
94 9
94 20
94 21
94 30
94 34
94 49
94 55
94 59
94 60
94 73
94 81
94 82
94 95
94 96
95 3
95 8
95 14
95 16
95 20
95 39
95 40
95 47
95 48
95 54
95 55
95 56
95 61
95 62
95 63
95 64
95 69
95 89
95 102
95 103
95 105
96 14
96 20
96 21
96 23
96 25
96 26
96 30
96 32
96 64
96 65
96 74
96 75
96 90
97 64
97 92
97 102
97 105
97 106
97 110
97 113
97 116
97 119
97 120
97 133
97 143
97 150
97 159
97 160
98 6
99 3
100 13
100 27
100 28
100 35
100 40
101 5
101 25
101 29
101 32
101 37
101 38
101 43
101 45
101 52
101 57
101 60
102 21
102 30
102 38
102 47
102 52
102 72
102 73
102 85
102 87
102 92
102 102
102 104
103 21
103 35
103 39
103 47
103 55
103 62
103 142
103 145
103 150
103 151
103 152
103 157
103 159
103 164
104 28
104 31
104 33
104 36
104 38
104 42
104 43
104 45
104 50
104 58
104 59
104 61
104 64
104 73
104 82
104 92
104 102
104 108
104 111
105 12
105 21
105 23
105 28
105 30
105 36
105 47
105 49
105 75
105 77
105 82
105 87
105 133
105 141
105 150
105 151
105 152
105 162
105 168
105 170
105 173
105 178
105 179
105 182
105 183
106 162
106 163
106 170
106 177
107 9
108 19
108 20
109 2
109 11
109 17
109 18
109 19
109 24
109 40
109 50
109 55
109 56
109 59
109 70
109 73
