2 12
2 15
3 8
4 2
4 3
4 5
4 12
4 25
4 27
4 41
4 46
4 52
4 57
4 59
4 66
4 69
4 72
4 83
4 91
5 2
6 1
6 11
6 13
6 14
6 25
6 31
7 16
7 17
8 8
8 9
8 14
8 32
8 33
8 42
8 45
8 52
8 53
8 58
8 60
8 66
8 67
8 75
8 78
8 80
8 82
8 84
8 113
8 129
9 5
9 17
9 27
9 44
9 49
9 60
10 8
10 10
10 12
10 14
10 22
10 23
10 26
10 29
10 30
12 34
12 38
12 43
12 44
12 54
12 58
12 69
12 70
12 86
12 88
12 92
12 95
12 96
12 104
12 109
12 114
12 117
13 4
13 13
13 20
13 28
13 35
13 36
13 51
13 53
13 54
13 57
13 62
13 69
13 145
13 155
13 156
14 8
14 12
14 34
17 36
17 38
17 45
17 48
17 54
17 56
17 57
17 60
17 62
17 64
17 73
17 83
17 84
17 88
18 6
18 18
18 22
18 23
18 31
18 52
18 59
18 63
18 72
18 81
18 84
18 92
18 95
18 101
18 109
18 117
18 122
18 125
18 132
18 151
18 156
18 163
18 167
18 168
18 172
18 174
18 179
18 181
18 190
18 195
18 197
18 240
18 248
18 250
18 251
19 7
19 20
19 23
19 25
19 55
19 67
19 71
19 73
19 79
19 83
19 84
19 85
20 3
20 17
20 19
20 31
20 36
20 37
20 50
20 51
20 52
20 53
20 61
20 66
20 72
21 32
21 40
21 42
21 45
21 61
21 64
21 67
21 68
21 83
21 87
21 97
21 99
21 105
21 108
21 109
21 118
21 121
21 122
21 126
21 131
21 140
21 143
21 147
21 151
21 162
22 26
22 29
22 46
22 52
22 53
22 54
22 62
22 64
22 68
22 73
22 79
22 84
22 97
22 125
22 132
22 137
22 139
22 149
22 154
22 159
22 162
22 169
22 170
22 180
22 187
22 189
23 2
23 5
23 6
23 10
23 15
23 17
23 30
23 31
23 39
23 40
23 45
23 52
24 7
24 8
24 10
24 19
24 20
24 22
24 29
24 31
24 38
24 52
24 55
24 59
24 69
24 82
24 87
24 89
24 93
24 94
24 96
24 111
24 139
24 141
24 156
24 160
24 167
25 3
25 6
26 1
26 3
26 12
26 14
26 15
26 17
26 20
26 21
26 25
26 26
26 35
26 37
26 38
26 39
26 42
26 45
26 48
26 49
26 59
27 23
27 28
27 30
27 31
27 36
27 39
27 57
27 59
27 91
27 97
27 101
27 108
27 117
27 119
27 122
27 126
27 139
28 30
28 35
28 43
28 130
28 136
28 147
28 168
28 181
28 185
29 2
29 12
29 20
29 25
29 35
29 39
29 53
29 56
29 68
29 69
29 72
29 73
29 79
29 96
29 103
29 105
29 110
29 113
29 117
29 125
29 195
29 199
29 204
29 206
29 208
29 211
29 214
29 228
29 242
29 251
29 261
29 262
29 264
29 266
29 338
29 340
29 342
29 349
29 352
29 356
29 366
29 373
29 377
29 382
29 385
29 388
29 392
29 406
29 413
29 419
29 426
29 439
30 2
30 14
30 27
30 33
30 45
31 2
31 6
31 9
31 16
31 44
31 51
31 53
31 54
31 57
31 63
31 67
31 75
31 94
31 96
31 100
31 106
31 113
31 142
31 143
31 150
31 158
31 159
32 68
32 72
32 73
32 74
32 79
32 87
32 90
32 98
32 101
32 102
32 105
32 119
32 120
32 125
32 192
32 200
32 204
32 206
32 212
32 214
32 217
33 22
33 26
33 34
33 45
33 46
33 49
33 51
33 57
33 62
33 67
33 75
33 77
33 79
33 93
34 9
34 11
34 24
34 31
34 34
34 39
34 40
34 41
34 52
34 58
34 62
34 66
34 67
34 71
34 75
34 77
34 143
34 145
34 159
34 165
34 169
34 171
34 176
34 183
34 184
34 198
34 202
34 205
34 208
34 210
34 224
34 227
34 230
34 238
34 239
34 240
34 241
34 254
34 256
34 262
34 267
34 275
34 279
34 289
34 291
34 293
34 295
34 302
34 304
34 310
34 317
34 318
35 6
35 11
35 13
35 14
35 20
35 21
35 32
35 40
35 44
35 60
35 62
35 64
35 74
36 4
37 3
37 4
37 12
37 13
37 27
37 28
37 32
37 42
37 45
37 46
37 51
40 52
40 59
40 65
40 67
40 85
40 120
40 125
40 130
41 4
41 22
41 24
41 26
41 30
41 31
41 32
41 36
41 40
42 5
45 38
45 45
45 48
46 57
46 65
46 68
46 69
46 76
46 78
46 79
46 91
46 100
46 117
46 123
46 124
46 125
46 133
46 137
47 7
47 9
47 14
47 23
47 26
47 95
47 96
47 98
47 103
47 106
47 107
47 109
49 2
49 18
49 21
49 31
49 34
49 35
50 2
50 4
50 8
50 22
50 28
50 36
50 42
51 9
51 17
51 23
51 24
51 29
52 4
52 9
52 12
52 16
52 18
52 21
52 24
52 25
52 30
52 31
52 33
52 38
52 39
52 45
52 53
52 56
52 62
52 75
52 84
52 105
52 113
52 124
52 138
52 143
52 145
52 147
52 150
52 151
52 153
52 175
52 176
53 18
53 22
53 29
54 2
55 8
55 11
56 7
56 144
56 147
56 149
56 151
56 157
56 162
56 172
56 177
56 178
56 182
56 238
56 246
56 249
57 3
57 6
60 22
60 23
60 29
60 31
60 33
62 5
62 10
62 25
63 25
64 10
64 20
64 22
64 46
64 54
64 55
64 56
65 119
65 121
65 122
65 124
65 125
65 128
65 129
65 132
65 146
66 5
66 6
66 142
67 2
67 3
68 44
69 7
69 8
69 24
69 41
69 43
69 45
69 47
69 52
69 54
69 59
69 60
69 83
69 88
69 95
69 105
69 115
69 117
69 119
69 120
69 134
69 139
69 140
69 143
70 4
70 6
70 10
70 12
70 19
70 20
70 21
70 22
70 27
70 33
70 34
70 37
71 18
71 23
71 28
71 48
71 60
74 24
74 32
74 51
75 89
75 100
75 109
77 6
78 3
78 27
78 30
78 34
78 43
78 54
79 1
79 11
79 13
79 67
79 77
79 79
79 83
79 96
80 9
80 22
80 47
80 51
80 61
80 71
81 2
81 9
81 16
81 17
83 6
84 2
84 11
84 17
84 22
84 26
84 33
84 41
84 45
84 49
84 53
84 54
84 59
84 61
84 64
84 70
84 73
84 77
84 79
84 81
84 82
84 86
84 95
84 96
84 98
84 100
84 106
84 115
84 116
85 23
85 28
85 31
85 37
86 11
86 19
87 74
87 75
87 82
87 88
87 93
87 96
87 97
87 161
87 163
87 164
87 169
87 174
87 178
87 187
87 194
87 201
87 218
87 225
87 226
87 230
87 232
87 234
87 249
87 265
87 266
87 276
87 278
87 281
87 282
87 284
87 298
87 299
87 300
87 301
87 309
87 322
87 324
90 2
91 9
91 24
91 27
91 32
91 35
91 39
91 50
91 54
92 13
92 18
92 26
92 33
92 35
92 36
95 17
95 86
95 91
95 94
95 107
95 127
95 128
96 5
96 9
96 14
96 145
96 155
98 81
98 91
98 102
98 108
98 113
98 115
98 116
99 6
99 8
99 10
99 14
101 6
101 21
101 34
101 37
101 41
101 47
102 79
102 81
102 93
102 94
102 96
102 100
102 102
102 111
102 117
102 125
102 128
102 130
102 131
102 136
103 10
103 16
103 20
103 38
103 41
103 43
103 46
103 47
103 50
104 2
104 3
104 6
104 17
104 33
104 34
104 36
104 48
104 49
104 51
105 1
105 2
105 7
105 23
105 27
105 30
105 41
105 43
105 44
105 46
105 54
105 59
105 64
105 86
105 92
106 1
106 2
106 4
106 9
106 25
106 33
106 35
106 37
106 39
106 47
106 51
107 2
107 5
107 7
107 8
107 9
107 10
107 11
107 12
107 13
107 14
107 25
107 106
107 111
107 118
107 119
107 125
107 132
108 9
109 1
109 8
109 26
109 29
109 37
109 43
109 46
109 52
109 56
110 5
110 8
110 17
110 18
110 38
110 49
110 52
110 61
111 6
111 8
111 30
112 3
112 5
112 33
112 36
112 49
112 51
112 53
112 58
112 59
113 3
113 11
113 15
113 17
113 37
113 49
113 50
113 55
113 58
113 62
113 63
113 68
113 73
113 76
113 77
113 95
113 99
113 100
113 106
113 111
113 128
114 4
