1 2
1 8
1 17
1 25
1 30
1 39
1 40
1 44
1 54
1 55
1 68
1 70
3 73
3 203
3 208
3 211
3 341
3 344
3 350
3 353
3 355
3 356
3 360
3 363
3 370
3 374
3 381
3 389
4 17
4 23
4 31
4 34
4 37
4 50
4 58
4 60
4 64
4 72
4 84
4 88
4 90
4 92
7 11
7 25
7 35
7 42
7 44
8 10
8 18
8 33
8 34
8 72
8 73
8 82
8 83
9 1
9 5
9 11
9 22
9 26
10 3
10 4
12 5
12 9
12 11
12 31
12 43
12 47
13 1
13 7
15 37
15 38
15 41
15 45
15 61
16 5
16 11
16 12
16 14
16 30
16 32
16 38
16 41
16 47
16 49
16 50
16 179
16 182
16 185
16 188
16 189
17 1
17 13
17 16
17 17
17 18
17 21
17 27
17 28
18 141
18 155
18 157
18 165
18 166
18 172
18 173
18 184
18 189
18 191
18 194
18 196
18 197
18 200
18 216
18 221
18 225
18 226
18 229
18 234
19 79
19 82
19 90
19 91
19 92
19 94
19 124
19 126
19 129
19 132
19 195
20 15
20 16
20 21
20 23
20 28
20 41
20 51
20 53
20 57
20 60
20 62
20 69
20 71
20 77
20 82
21 4
21 5
21 10
21 12
25 9
28 61
28 62
28 72
28 73
28 85
28 87
28 90
28 92
28 97
28 101
28 104
28 105
30 54
30 56
31 5
31 12
32 15
32 18
32 22
32 24
32 34
32 43
32 45
32 52
33 11
33 13
33 32
33 46
33 49
33 56
33 59
33 61
33 66
33 81
33 84
34 13
34 19
34 28
34 41
34 42
34 44
34 46
34 49
34 50
34 56
34 60
34 63
34 64
34 80
34 89
34 90
34 102
34 106
34 109
34 115
34 118
35 5
35 12
35 46
36 1
36 3
36 4
36 5
36 26
36 37
37 2
37 6
37 15
37 24
37 43
37 50
37 59
38 13
38 16
38 26
38 47
38 48
38 55
38 57
38 58
38 63
39 1
39 6
39 7
39 13
39 20
39 22
39 35
39 43
39 46
39 48
39 53
40 9
40 18
40 20
40 21
40 22
40 28
40 36
40 40
40 54
41 14
41 18
41 22
41 24
41 27
41 31
43 62
43 66
43 67
43 71
43 72
43 78
43 82
43 92
44 31
45 5
45 6
45 16
45 19
45 23
45 26
45 31
45 32
45 37
45 42
47 42
47 46
47 57
48 5
48 16
48 31
48 34
48 51
48 64
48 66
48 76
48 79
48 80
48 82
48 84
48 86
48 90
48 99
48 108
48 109
48 111
48 124
48 131
48 133
48 140
48 142
48 149
48 151
48 158
49 92
49 103
49 108
49 119
49 122
49 132
49 145
49 151
50 2
50 11
50 23
50 27
50 33
50 42
50 46
50 48
50 49
50 60
50 64
50 69
50 84
50 108
50 121
50 132
51 4
51 7
51 24
51 25
51 27
51 32
51 43
51 44
51 56
51 64
51 66
51 68
51 69
51 73
51 89
51 110
51 115
51 128
51 142
51 152
51 159
51 162
51 163
51 165
51 167
51 175
51 180
51 184
51 186
51 189
51 193
51 195
51 201
51 206
51 208
51 218
51 223
51 229
51 256
51 257
51 271
52 2
52 11
52 13
52 15
52 41
52 44
52 45
52 49
52 53
53 61
53 68
53 71
53 78
53 91
53 94
53 95
55 70
55 71
55 78
55 81
55 96
55 101
55 103
55 106
55 108
55 112
55 120
55 124
55 127
55 134
55 138
55 148
55 155
55 156
55 159
55 160
55 167
55 182
55 185
55 190
55 204
55 213
55 214
55 216
55 224
55 228
55 235
55 240
55 241
55 299
55 312
55 315
55 324
55 333
55 355
55 362
55 365
55 382
55 388
55 393
55 396
55 402
56 2
56 6
56 9
56 51
56 53
56 56
56 61
56 194
56 195
56 196
56 199
56 201
56 211
56 212
56 214
56 217
56 223
57 7
57 20
57 22
57 23
57 28
57 38
57 52
57 60
57 78
57 84
57 85
57 88
58 16
58 17
58 26
58 30
58 32
58 39
58 42
58 53
58 65
58 74
58 77
58 78
58 86
58 87
61 7
61 17
61 26
61 45
61 47
61 57
62 1
62 4
62 10
62 15
63 6
63 10
63 14
63 20
63 22
63 24
63 28
63 30
63 32
63 33
63 34
63 40
63 48
63 49
63 66
63 80
63 93
63 99
63 103
63 113
63 117
63 127
63 138
63 140
63 141
63 151
63 154
63 164
63 165
63 173
63 186
63 192
63 196
63 207
63 210
63 222
63 351
63 352
64 1
64 56
64 70
64 107
64 110
64 112
64 126
64 132
64 134
65 11
65 14
65 16
65 18
65 23
65 48
65 50
65 74
65 94
65 96
65 99
65 106
65 116
65 118
65 123
66 3
66 5
66 10
66 11
67 5
67 17
67 19
67 23
67 35
67 40
67 46
67 47
67 49
67 53
67 54
67 56
67 69
67 76
67 77
67 78
67 88
67 91
67 93
68 1
68 13
68 17
68 18
68 39
68 41
68 58
68 65
68 67
68 118
68 120
68 128
68 131
68 132
68 136
68 166
69 3
69 14
69 18
69 19
69 25
69 27
69 33
69 35
69 45
69 46
69 70
69 79
69 92
69 93
69 180
69 184
69 185
70 7
70 19
70 21
70 27
70 28
70 29
70 32
70 34
70 35
70 52
70 55
70 59
70 61
70 63
70 66
70 76
70 77
70 79
70 90
70 96
70 101
70 115
70 121
71 9
71 11
71 22
71 31
71 39
72 5
72 10
72 13
72 15
72 16
72 146
72 167
72 170
72 172
72 173
72 180
72 183
72 186
72 189
72 199
72 210
72 214
72 223
72 226
72 230
72 278
72 280
72 282
72 286
72 301
72 305
72 322
72 324
72 331
72 340
72 341
72 344
72 348
72 351
72 364
72 370
72 372
72 374
73 13
74 44
74 57
74 60
74 72
74 79
74 84
74 86
74 96
74 97
75 6
75 9
76 8
76 9
77 90
78 1
78 5
78 7
78 14
79 65
79 72
79 88
79 91
79 93
79 94
79 101
79 110
79 213
79 215
79 222
79 224
79 235
79 241
79 249
79 256
79 259
79 267
79 271
79 274
79 277
79 278
79 345
79 348
79 351
79 353
79 354
79 358
80 10
80 14
80 16
80 26
80 29
80 35
80 36
80 37
80 41
80 45
80 59
80 71
80 76
80 186
80 228
80 237
80 248
80 261
81 12
81 13
81 19
81 24
81 25
81 37
81 39
81 46
81 48
81 50
81 54
81 55
81 62
82 1
82 2
82 108
82 109
82 112
82 119
82 121
82 128
82 132
82 141
82 147
82 150
82 151
82 155
82 164
82 169
82 171
82 173
82 175
83 1
84 5
84 9
84 11
86 28
86 32
86 33
86 36
86 43
87 4
87 5
88 11
88 14
88 18
88 20
88 21
88 23
88 26
89 2
89 6
89 15
89 29
89 30
89 32
89 34
89 52
89 53
89 65
89 69
89 71
89 78
89 92
89 96
89 98
89 118
89 119
89 121
89 127
89 132
89 133
89 152
91 58
91 61
91 75
91 78
91 79
91 95
94 12
94 14
94 17
94 20
94 24
94 25
95 108
95 109
95 113
95 121
95 124
95 125
95 131
96 12
97 58
97 60
97 75
97 76
97 89
97 96
97 97
97 111
97 127
99 8
100 3
100 9
100 10
100 16
100 30
100 34
100 39
100 49
100 50
100 52
100 67
100 76
100 87
100 91
100 96
100 99
100 100
100 106
100 110
100 119
100 124
100 140
