1 2
1 6
1 14
1 34
1 37
1 38
1 41
1 52
1 68
1 69
1 77
1 79
1 82
1 84
2 8
2 13
2 15
2 17
2 19
2 22
2 27
2 33
2 35
2 36
2 46
2 67
3 3
3 8
4 3
4 19
4 35
5 2
5 19
5 21
5 23
5 32
5 35
5 39
5 44
5 46
5 50
5 51
5 57
5 64
6 8
6 16
6 18
6 21
6 38
6 55
6 58
6 61
6 62
6 64
6 67
6 71
6 88
6 91
6 106
6 109
6 129
6 138
6 142
6 274
6 275
6 277
6 280
6 283
6 287
6 291
7 71
7 73
7 88
7 91
7 99
7 100
7 107
8 12
9 3
9 15
9 20
9 21
9 23
9 25
9 32
9 37
9 38
9 44
9 47
9 125
9 126
10 5
10 7
11 69
11 70
12 2
12 13
12 17
12 25
12 35
12 46
13 20
13 27
13 30
14 9
14 17
14 22
14 26
14 28
14 31
14 38
15 1
15 2
15 4
15 63
15 65
16 13
16 19
16 27
16 35
16 36
16 38
16 41
16 45
16 49
16 55
16 57
16 62
16 71
16 76
17 5
17 12
17 26
17 28
17 35
17 42
17 44
17 57
17 120
17 125
17 132
17 135
17 137
17 158
17 163
17 165
17 170
17 179
17 184
17 186
17 198
17 203
17 206
17 233
17 238
18 7
18 13
18 38
18 41
18 42
18 45
18 54
18 61
18 63
18 68
18 71
18 73
18 80
18 81
18 83
19 48
19 58
19 59
19 78
19 79
19 90
19 93
19 105
21 1
21 3
21 5
21 6
21 9
21 10
21 15
21 16
21 23
21 24
21 163
22 11
22 13
22 16
22 25
22 29
22 41
22 52
22 65
22 67
22 70
22 75
22 82
22 84
22 235
22 239
22 241
22 242
24 20
24 24
24 32
24 35
24 46
24 51
24 60
24 67
24 75
24 87
24 89
24 91
24 95
24 108
24 128
24 132
24 134
25 2
25 3
25 13
26 36
26 39
26 43
26 46
27 1
27 12
27 13
27 17
27 18
27 19
27 42
27 44
27 45
27 74
27 75
27 80
28 45
28 46
28 47
28 57
28 187
28 190
28 192
28 203
28 205
28 208
28 211
28 213
28 218
28 220
28 232
28 238
28 240
28 241
28 244
28 252
28 254
28 257
28 270
28 273
28 278
28 279
28 281
28 283
28 285
28 286
28 290
28 306
28 312
28 316
28 323
28 325
28 326
28 333
28 336
28 337
29 1
29 6
32 54
32 56
32 59
32 62
32 67
32 68
32 69
32 81
32 89
32 93
32 96
32 99
32 101
32 102
32 109
32 114
32 115
32 123
32 138
32 147
32 149
32 153
33 1
33 8
33 15
33 44
34 7
35 4
35 11
35 13
35 17
35 21
35 27
35 28
35 104
35 108
35 121
35 132
35 137
35 140
35 141
35 148
35 149
35 154
35 170
35 174
35 179
36 7
36 8
36 14
36 34
37 1
39 87
39 89
39 111
39 112
39 128
39 132
39 146
39 148
39 152
44 25
44 26
44 52
44 59
44 61
44 66
44 69
44 75
44 81
44 89
44 90
44 95
44 101
44 102
44 111
44 112
44 113
48 23
48 27
48 28
48 30
48 47
48 58
48 61
48 67
48 70
48 75
48 87
48 90
48 102
48 103
48 107
48 110
48 118
48 119
48 148
49 4
49 34
49 42
49 44
49 47
49 48
49 51
49 52
49 54
49 56
49 57
51 5
52 15
52 21
52 24
54 8
54 11
54 17
54 20
54 23
54 37
54 38
54 43
54 51
54 57
54 63
54 64
54 66
54 68
54 74
54 76
54 78
54 82
54 87
54 88
55 3
55 4
55 6
56 2
56 7
56 11
56 21
56 42
56 52
56 60
56 73
56 93
56 98
56 104
56 106
56 111
56 122
56 124
56 130
57 69
57 73
57 79
57 84
57 88
57 89
57 91
57 102
57 104
57 109
57 119
58 10
58 13
58 14
58 17
58 21
59 10
59 12
59 21
59 23
59 29
59 67
60 6
60 7
60 13
62 61
62 64
62 67
62 78
62 80
62 81
62 82
62 87
62 130
62 134
62 139
62 141
62 161
62 162
62 169
62 172
62 178
62 194
62 200
62 201
63 1
63 3
63 10
63 15
63 16
63 32
63 42
65 10
65 18
65 27
65 38
65 40
65 42
66 18
66 21
66 33
66 38
66 47
66 48
66 52
66 55
66 56
66 58
66 62
66 63
66 64
67 6
67 16
67 17
67 23
67 39
67 40
67 43
69 30
69 40
69 43
69 47
69 49
69 53
70 12
71 4
71 5
73 77
73 90
73 101
73 102
73 106
73 111
73 113
73 117
73 127
73 129
73 132
73 133
73 137
73 140
73 142
73 143
73 157
73 161
73 166
73 167
73 178
73 180
73 185
73 187
73 194
73 207
73 212
73 220
73 221
73 226
73 227
73 233
73 240
73 242
73 246
73 259
73 268
73 286
73 293
73 295
73 297
73 298
73 301
73 304
74 1
74 6
75 10
75 21
75 25
75 36
75 43
75 48
75 64
75 66
75 74
75 76
75 77
75 78
75 79
75 82
75 84
75 98
75 101
75 112
76 36
76 43
76 46
76 48
76 54
76 56
76 63
76 67
76 68
76 79
76 91
76 101
76 103
76 109
76 114
76 121
76 123
76 129
76 132
76 136
76 147
76 157
76 162
76 247
76 248
76 249
77 41
77 62
77 71
77 94
77 97
77 101
77 134
77 169
77 172
77 184
77 186
77 187
77 191
78 15
78 30
79 3
79 14
79 29
79 30
79 33
79 71
79 80
79 89
79 90
79 95
79 98
79 100
79 102
80 8
80 15
80 21
80 24
80 29
80 31
80 32
80 38
80 47
80 60
80 61
80 67
80 68
80 69
80 72
80 78
80 85
81 43
81 48
81 58
81 69
81 70
81 102
81 107
81 117
81 119
81 215
81 216
81 234
81 245
81 251
81 262
81 264
81 267
81 270
81 273
81 278
81 280
82 50
82 62
82 63
82 66
82 70
84 84
84 86
84 88
84 91
84 99
85 11
85 20
85 26
85 28
85 30
85 36
85 39
85 44
85 57
86 32
87 37
87 40
87 41
87 53
88 105
88 114
88 115
88 118
88 146
88 147
88 155
88 165
88 166
88 168
88 182
88 183
88 185
88 186
88 199
88 203
88 212
88 215
88 216
88 242
88 245
89 10
89 11
90 2
90 6
90 10
90 16
90 19
90 20
90 28
90 33
90 34
90 41
90 44
90 52
90 55
90 58
90 63
90 65
90 71
90 78
90 80
90 88
90 92
90 96
90 97
90 98
90 110
90 111
90 123
90 125
90 126
90 129
90 130
90 135
90 137
90 139
90 144
90 146
90 150
90 163
90 171
90 172
90 176
90 186
90 190
91 7
91 15
91 17
91 18
91 23
91 24
91 39
92 7
92 9
92 12
92 17
92 20
92 21
92 23
92 26
92 33
92 40
93 1
94 10
94 11
94 19
94 20
94 21
95 13
95 15
95 24
96 31
96 33
96 39
96 42
96 43
96 52
96 59
96 69
96 74
98 47
98 95
99 7
99 10
99 11
99 15
100 1
100 9
101 2
101 8
101 10
101 20
103 38
103 42
103 44
103 65
103 66
103 72
103 89
103 90
103 99
103 101
103 102
103 118
103 120
103 141
103 147
104 7
104 28
104 29
104 34
104 40
104 139
104 150
104 153
104 159
104 162
104 165
104 175
104 179
104 190
104 194
104 198
104 207
104 216
104 217
105 1
106 81
106 84
106 90
107 3
107 5
107 10
107 14
107 20
107 23
107 27
110 7
110 10
110 18
110 19
110 26
110 32
110 35
110 46
111 60
111 63
112 11
112 14
112 18
112 26
112 29
112 30
113 17
