1 3
1 6
1 21
1 25
1 26
4 2
4 19
4 24
4 25
4 28
4 36
4 42
4 78
4 85
5 2
5 4
8 15
8 20
8 27
8 29
9 5
9 8
9 13
9 17
9 28
9 29
9 36
9 71
9 74
9 95
9 106
10 1
10 4
10 12
10 17
10 19
10 34
10 37
10 38
10 40
10 41
10 45
10 64
11 12
11 48
11 49
11 56
11 58
11 70
11 75
11 130
11 155
14 28
14 29
14 32
14 33
14 37
14 43
14 45
14 47
14 52
14 53
14 55
14 57
14 62
15 1
15 7
15 12
16 1
16 4
16 7
16 13
16 18
16 20
16 21
16 24
17 7
17 9
17 17
17 28
17 54
17 66
17 71
17 73
17 106
17 115
17 117
17 122
17 129
17 139
17 148
17 151
17 163
17 170
17 183
17 189
17 193
17 206
17 207
17 272
17 273
17 274
17 275
17 286
17 294
17 297
17 306
17 308
17 317
17 320
17 323
17 334
17 340
17 349
17 353
17 362
17 364
17 365
17 369
17 372
18 7
18 18
18 19
19 8
20 1
20 6
20 8
20 9
20 26
20 27
20 28
20 32
20 36
20 38
20 44
22 48
22 53
22 56
22 70
22 71
22 84
23 10
23 21
23 22
23 33
24 17
24 22
24 26
24 31
24 37
24 38
24 39
24 45
24 50
24 54
24 56
24 76
24 82
24 89
24 91
24 92
24 102
24 108
24 109
24 110
24 119
24 122
24 123
24 128
24 129
24 132
24 142
24 143
24 257
24 260
24 262
24 265
24 267
24 268
24 270
24 277
24 278
24 280
24 284
24 285
24 288
24 293
24 294
24 304
25 3
25 15
25 17
25 28
25 30
25 37
26 14
26 16
26 22
26 30
26 36
26 42
26 43
26 48
26 56
26 58
26 61
26 71
26 72
26 75
26 77
26 78
26 83
26 86
26 94
26 99
26 100
26 130
26 131
26 132
26 141
26 159
26 161
26 162
26 167
26 168
26 172
26 182
26 183
26 190
26 192
26 195
26 198
26 286
26 290
26 292
26 293
26 296
26 298
26 302
26 303
26 308
26 318
26 332
26 340
27 1
28 101
28 107
28 118
28 119
28 121
28 122
28 123
28 124
28 131
28 133
28 139
28 155
28 157
28 158
28 161
28 164
28 168
28 170
28 191
29 108
29 114
29 117
29 247
29 252
29 256
29 260
29 274
29 275
29 280
29 285
29 289
29 293
29 299
29 301
29 313
29 321
29 322
29 326
29 330
29 333
29 336
29 345
30 74
32 19
33 13
33 17
33 37
33 47
33 49
33 67
35 40
35 41
35 44
35 48
35 59
35 68
35 73
35 212
35 265
35 270
36 7
36 18
36 35
36 56
36 57
36 59
36 135
36 137
36 138
37 4
37 8
38 26
38 27
38 32
38 45
38 46
38 53
38 60
38 78
38 86
39 12
39 13
39 143
39 145
39 150
39 181
39 184
39 187
40 3
40 16
40 20
40 28
40 31
40 34
40 37
40 39
40 40
40 44
40 49
40 50
40 54
40 58
40 60
40 69
40 95
40 99
40 100
40 104
40 112
40 118
40 122
40 123
40 127
40 133
40 141
40 144
40 146
40 155
40 157
40 158
41 1
41 3
41 5
41 13
41 152
41 153
41 161
41 164
41 172
42 4
42 33
42 34
42 45
42 46
42 49
42 51
42 53
42 54
43 6
43 8
43 21
43 27
43 33
43 35
43 40
43 42
43 44
44 47
44 49
44 107
44 111
44 123
44 140
44 147
44 156
44 159
44 165
44 168
44 177
44 179
44 183
44 185
44 188
44 190
44 195
44 196
44 209
44 211
44 226
45 1
45 5
45 18
45 19
45 29
45 38
45 46
45 49
45 55
45 62
45 69
45 223
45 224
45 227
45 233
45 240
45 258
45 270
45 274
45 275
45 276
45 281
45 282
45 289
45 301
45 305
45 308
45 309
45 325
45 349
45 358
46 1
46 2
46 3
46 4
46 7
46 11
46 17
47 19
47 32
47 34
47 36
47 40
47 41
47 44
47 55
47 58
47 59
47 63
47 74
47 83
47 86
47 91
47 92
47 93
47 102
47 104
47 123
47 127
47 132
47 133
47 139
47 142
47 154
47 164
47 296
47 299
48 89
48 91
48 92
48 95
48 116
49 5
49 6
49 8
50 61
50 65
50 69
50 76
50 77
50 86
52 55
52 67
52 69
52 76
52 89
52 103
52 107
52 110
52 121
52 124
52 131
52 135
52 137
52 138
52 152
52 154
52 155
52 156
52 157
52 159
52 167
52 172
52 182
52 193
52 215
52 221
52 228
52 229
52 232
52 241
52 243
52 263
54 34
54 36
55 14
55 15
55 17
55 19
55 24
55 32
55 68
55 72
55 77
57 2
58 2
58 13
58 18
58 19
58 22
58 24
58 26
58 27
58 35
58 36
58 38
58 39
59 22
59 61
59 65
59 72
59 78
59 79
59 83
59 84
59 91
60 35
61 101
61 109
61 113
61 116
61 118
61 120
61 132
61 136
61 142
61 145
61 148
61 161
61 165
61 171
61 176
61 180
61 194
61 203
61 206
61 209
61 210
61 211
61 215
61 216
61 217
61 221
61 269
61 271
61 277
61 278
61 287
61 291
61 292
61 303
62 8
62 19
62 23
62 27
62 30
62 40
62 42
62 47
62 56
62 59
62 60
62 62
62 65
62 68
62 76
62 77
62 85
62 88
64 59
64 70
64 81
64 85
64 88
64 98
64 101
64 107
64 108
64 112
64 115
64 121
64 251
64 252
65 3
65 105
66 95
67 12
67 13
67 19
68 5
69 9
69 11
69 13
69 14
69 26
69 31
69 34
69 45
69 57
69 65
69 67
69 75
69 76
69 77
69 80
69 87
69 93
69 98
69 103
69 108
69 111
69 123
69 133
69 136
69 143
69 146
69 151
69 156
69 160
69 166
69 172
69 176
69 179
69 186
69 189
69 191
69 213
69 223
69 229
69 231
69 234
69 247
69 249
69 250
70 1
70 6
70 7
70 13
70 14
70 26
70 27
70 30
70 31
70 34
70 39
70 46
70 48
70 57
70 59
70 71
70 72
70 73
70 86
71 4
71 6
71 11
71 13
71 24
71 25
71 29
71 44
71 65
73 24
73 29
73 34
73 38
74 6
74 14
74 18
74 30
74 32
74 35
74 44
74 48
74 49
74 52
74 53
74 56
74 62
74 63
74 65
74 75
74 83
74 92
74 93
74 94
74 95
74 97
74 98
74 101
74 105
74 106
75 8
75 9
75 11
75 21
75 25
75 26
75 42
75 60
75 65
75 66
75 67
75 73
75 77
75 83
75 86
75 98
75 151
79 16
79 17
79 18
79 22
79 25
79 26
80 1
80 2
80 13
80 15
80 17
80 30
80 33
80 43
80 48
80 74
80 75
80 79
80 83
80 84
80 85
80 91
80 95
80 96
80 97
80 103
80 105
80 110
80 117
81 11
81 12
82 102
83 6
83 7
83 43
83 47
84 5
84 13
84 16
84 21
84 26
84 27
84 28
84 35
84 102
84 110
84 112
84 113
84 118
84 128
84 131
84 134
84 137
84 144
84 157
84 160
84 173
84 181
84 189
84 209
84 214
84 329
84 331
85 7
85 23
85 34
85 36
85 45
85 48
85 50
85 54
85 83
85 89
85 90
85 112
85 113
85 124
85 126
85 128
85 129
85 143
85 173
85 174
85 181
85 182
85 185
85 186
85 204
85 205
85 211
87 37
87 53
87 54
87 56
87 61
87 63
87 70
87 77
87 91
87 94
87 118
87 121
87 157
87 171
87 182
87 187
87 212
87 229
87 233
87 235
87 278
88 7
88 18
88 34
