1 4
1 5
1 9
1 10
1 12
1 16
1 20
1 21
1 28
1 35
1 43
1 47
1 51
1 54
1 59
1 62
1 198
1 214
1 229
1 232
1 239
1 257
1 261
1 275
1 277
1 282
1 293
1 295
1 301
1 302
1 303
1 305
1 340
1 342
1 343
2 3
2 17
2 26
2 31
2 38
2 39
2 42
2 47
2 60
3 73
3 78
3 80
3 88
3 91
3 113
3 117
3 119
3 120
3 125
3 133
3 134
3 136
3 139
3 145
3 151
3 153
3 154
3 160
3 165
3 168
3 171
3 173
3 186
3 191
3 192
3 217
3 224
3 230
3 235
3 245
3 254
3 258
3 259
3 262
3 263
3 270
3 289
4 1
4 13
4 14
5 1
5 13
5 21
5 22
5 23
5 30
5 38
5 46
5 61
5 63
5 66
5 69
5 73
5 88
5 96
5 107
5 111
5 114
5 123
5 130
5 134
5 135
5 137
5 139
5 140
5 152
5 154
5 284
5 286
6 3
6 5
6 9
6 12
6 13
6 16
6 148
6 149
6 151
6 157
6 163
8 25
8 29
8 33
8 38
8 50
8 56
8 57
8 66
8 71
8 74
8 78
9 9
9 12
9 21
9 26
9 27
9 37
9 39
11 1
11 21
11 23
11 28
11 32
11 41
11 58
11 69
11 70
11 73
11 75
11 77
11 81
11 83
11 85
11 96
12 4
12 8
12 10
12 11
13 4
13 12
13 20
16 65
16 66
16 68
16 70
17 1
17 2
17 3
17 5
17 6
17 10
19 3
19 11
19 14
19 25
19 49
19 101
19 102
19 109
19 122
19 125
19 128
19 132
19 139
19 140
20 59
20 60
20 62
20 76
20 80
20 85
20 99
20 108
20 121
20 133
20 138
20 140
20 145
20 148
20 152
21 42
21 59
21 63
21 69
21 79
22 1
23 8
24 98
24 100
24 105
25 8
25 10
25 17
25 26
25 27
25 53
25 55
25 58
25 78
25 84
25 88
27 1
27 2
27 16
27 17
27 21
27 23
27 27
27 33
27 35
27 53
27 54
27 56
27 58
29 55
29 70
29 83
29 85
29 91
29 92
29 98
29 99
29 108
29 129
29 131
29 132
29 137
29 147
30 2
30 3
30 6
30 13
30 23
30 25
30 30
30 32
30 33
30 42
30 46
30 49
33 85
34 2
35 5
35 16
35 22
35 23
36 1
36 4
36 11
36 34
36 36
36 37
36 46
36 56
36 58
37 6
37 13
37 23
37 32
37 42
37 44
37 50
37 51
37 52
37 59
37 62
37 66
37 67
37 75
37 77
37 90
37 91
37 103
37 114
37 117
37 127
37 129
37 130
37 132
37 192
37 194
37 196
37 199
37 205
37 207
37 212
37 217
37 221
37 223
37 233
37 244
37 252
37 256
37 262
37 263
37 270
37 288
37 290
37 291
38 2
38 7
38 9
38 10
39 5
39 138
39 157
39 158
39 160
39 167
39 170
39 176
39 177
39 183
39 211
40 13
40 16
40 25
40 26
40 39
40 41
40 56
40 77
40 79
40 84
40 94
40 99
40 103
40 105
40 109
40 112
40 113
40 115
41 4
41 5
41 7
41 21
41 33
41 37
41 57
41 89
41 91
41 98
41 104
41 106
41 108
41 109
41 110
41 120
41 125
42 9
42 12
42 15
42 16
42 29
42 35
42 41
42 46
42 49
42 55
42 61
42 63
42 67
42 74
42 85
42 86
42 101
43 9
43 16
44 19
45 56
45 65
45 87
45 90
45 95
45 96
45 98
46 66
46 68
46 69
46 70
46 73
46 92
46 93
46 98
46 103
46 117
46 118
47 4
47 15
47 18
47 19
47 30
47 35
47 38
47 41
47 43
47 51
47 54
47 60
47 62
47 64
47 66
47 89
47 91
47 92
48 2
48 6
48 9
48 10
48 12
48 29
48 50
48 54
48 55
48 65
48 67
48 70
48 71
48 72
48 78
49 2
49 15
49 18
49 24
49 26
49 33
49 35
49 36
49 43
49 60
49 80
49 90
49 146
49 147
50 20
50 24
50 26
50 27
50 47
50 57
50 60
50 88
50 98
50 100
50 101
50 102
50 106
50 110
50 115
50 118
51 1
51 5
51 7
51 8
51 18
51 20
51 27
51 38
51 57
51 58
51 71
51 82
51 89
52 12
52 15
52 18
52 19
52 25
52 148
52 150
52 162
52 187
52 198
52 206
53 10
53 17
53 18
54 2
54 7
55 4
56 2
56 6
56 12
56 23
56 31
56 32
56 40
56 49
56 52
56 54
56 76
56 88
56 100
56 105
56 106
56 111
56 114
56 116
56 129
56 136
56 137
56 140
56 189
56 199
56 211
56 216
56 219
56 224
56 226
56 241
56 256
56 262
56 270
56 272
57 1
57 7
57 9
57 10
57 16
57 67
57 78
57 82
57 83
58 3
58 6
58 22
58 36
58 43
58 53
58 57
59 16
59 17
59 22
59 31
59 33
60 6
60 12
60 16
60 18
60 24
60 33
60 36
60 40
60 137
61 6
61 21
61 24
61 30
61 33
61 38
61 44
61 47
61 58
61 60
61 69
61 71
62 2
62 6
62 11
62 15
62 16
62 18
62 20
62 27
62 35
62 38
62 48
62 51
62 64
62 66
62 67
62 69
62 74
62 79
62 82
62 98
62 102
62 107
62 126
62 130
62 143
62 144
62 170
62 174
62 181
62 182
62 186
62 188
62 196
62 198
62 199
62 204
62 222
62 223
62 224
62 232
62 234
62 238
62 246
62 251
62 254
62 262
62 268
62 270
62 279
63 6
63 20
63 24
63 45
63 52
63 59
63 93
63 94
63 108
63 118
63 120
63 123
63 135
63 149
63 150
63 156
63 159
63 164
63 167
63 171
63 181
63 189
63 190
63 191
63 200
64 49
64 53
65 9
65 11
65 14
65 17
65 21
65 23
65 24
65 28
65 33
65 38
65 74
65 81
65 84
65 94
65 101
65 102
65 110
65 111
65 112
66 1
66 4
66 7
66 8
66 9
67 2
67 3
67 15
67 145
67 150
67 163
67 164
67 169
67 171
71 9
71 12
71 23
71 26
71 28
71 30
71 31
72 44
72 50
72 54
73 85
73 86
74 4
74 10
74 11
74 17
74 22
74 31
74 33
74 35
74 38
74 45
74 52
74 53
74 55
79 5
79 6
79 12
79 16
79 29
79 34
79 35
79 36
79 40
79 41
79 47
79 69
79 70
79 71
79 97
81 8
81 13
81 16
81 17
81 19
81 21
81 23
81 25
81 31
81 34
81 53
81 81
81 86
81 87
81 89
81 92
81 94
81 96
81 102
81 106
81 112
81 113
81 118
81 131
81 138
81 141
81 142
81 144
81 149
81 166
81 181
81 187
81 202
81 210
81 212
81 215
81 217
81 218
81 220
81 223
83 30
83 32
83 37
83 40
84 2
84 4
84 5
84 12
84 13
84 14
84 18
84 23
84 25
85 31
87 6
87 7
87 11
87 19
87 26
87 28
87 31
87 33
87 39
87 52
87 56
87 186
88 5
88 10
88 16
88 19
88 22
88 27
88 29
88 39
88 42
88 47
89 16
89 18
89 24
89 25
89 27
89 32
89 38
89 39
89 43
89 54
89 66
89 68
90 1
90 10
90 18
90 21
90 26
90 35
90 37
90 38
90 50
90 54
90 57
90 58
90 59
90 66
90 73
90 77
90 86
90 90
90 91
90 97
90 147
90 149
90 150
90 151
90 157
91 81
91 88
91 89
92 43
92 44
92 46
92 54
92 55
92 60
93 74
93 75
93 81
93 84
93 93
93 112
93 116
93 119
93 143
93 153
93 159
94 6
94 12
94 13
94 15
94 18
94 19
94 38
94 43
95 1
95 9
95 10
95 15
95 24
95 28
95 35
95 52
95 57
95 59
95 66
95 67
95 81
95 91
96 1
96 8
96 13
96 23
96 33
96 34
96 52
96 54
96 59
96 62
96 66
96 75
96 95
96 108
96 111
98 53
98 75
98 89
98 90
98 94
98 104
98 106
98 112
98 113
98 114
98 125
98 222
98 228
98 229
98 233
98 238
98 242
99 26
99 27
99 30
99 31
99 39
