1 3
1 6
1 7
1 13
1 19
3 3
3 4
3 6
4 8
4 13
5 6
5 14
5 21
5 24
6 4
7 7
7 9
7 13
7 15
7 16
7 23
7 24
7 25
7 28
7 30
7 36
7 109
7 110
7 111
9 49
9 50
9 60
9 70
9 73
9 75
9 79
9 83
9 87
9 88
9 97
9 99
9 101
9 102
9 188
9 189
9 200
9 201
9 220
9 225
9 229
11 85
11 87
11 89
11 93
11 100
11 101
11 103
11 116
11 126
11 141
11 155
11 162
11 167
11 169
11 185
11 190
11 191
11 192
11 195
11 198
11 205
11 214
12 40
12 42
12 56
12 64
12 83
12 88
12 91
12 92
13 5
13 7
13 17
13 26
13 27
13 35
13 39
13 44
13 58
13 60
13 84
13 93
13 101
13 103
13 105
13 110
13 113
13 116
13 117
13 129
13 132
13 135
13 143
13 146
13 155
13 160
13 170
13 180
13 183
13 191
14 7
14 8
14 19
15 16
15 17
15 19
15 32
15 33
15 38
15 60
15 62
15 63
15 70
15 74
15 85
15 99
15 100
15 103
15 105
15 113
15 115
15 124
15 126
15 128
15 134
15 135
15 137
15 144
15 145
15 151
15 159
15 165
15 171
15 173
15 176
15 178
15 183
15 187
15 189
15 192
15 204
15 222
15 231
16 3
16 4
16 12
18 51
18 53
19 9
19 15
19 23
19 24
19 34
19 41
19 53
19 157
19 285
19 297
20 50
20 53
21 18
21 24
21 35
21 37
21 41
21 49
21 59
21 63
21 67
21 69
21 72
21 74
22 3
22 5
22 16
22 17
22 23
22 26
22 28
22 31
22 41
22 61
23 1
23 5
23 12
23 18
23 19
23 44
23 45
23 49
23 61
24 6
24 23
24 24
24 25
24 31
26 68
26 72
26 82
26 96
26 97
26 99
27 93
27 94
27 95
27 97
27 102
27 109
27 110
27 111
27 118
27 121
27 123
27 127
27 137
27 139
27 144
27 146
27 151
27 164
27 170
27 171
27 176
27 180
27 208
27 209
27 215
27 228
27 232
27 235
27 239
27 240
27 244
27 245
27 247
27 259
27 270
27 271
27 281
27 284
27 289
27 292
27 296
27 311
28 6
28 21
28 22
28 28
28 42
28 47
28 49
28 54
28 55
28 60
28 61
28 76
28 83
28 107
28 117
28 119
28 133
28 135
29 73
29 87
29 100
29 104
29 114
29 122
29 126
29 129
29 134
29 135
29 157
29 159
29 164
29 169
29 267
29 272
29 275
30 49
30 56
30 57
30 60
30 62
30 71
30 85
30 88
30 104
30 109
31 1
31 6
31 13
31 24
31 26
31 29
31 32
31 34
31 38
31 39
31 48
31 51
31 52
31 55
31 60
31 99
31 104
31 106
31 114
31 122
31 130
31 157
32 2
32 9
32 10
33 1
33 15
34 3
34 7
34 19
34 23
34 28
34 30
34 31
34 59
34 61
34 62
34 67
34 69
35 2
35 19
35 22
35 29
35 31
35 34
35 35
36 13
36 17
36 39
36 46
36 53
36 55
36 184
36 189
36 193
36 200
36 210
36 213
36 220
36 223
36 230
36 237
36 241
36 245
36 251
36 260
36 308
36 309
36 312
36 314
36 317
36 326
36 333
36 337
36 344
36 351
36 354
36 356
36 386
36 397
36 404
36 405
36 414
36 419
36 425
36 438
36 439
36 441
36 460
36 462
36 463
36 468
36 470
36 472
36 478
36 482
36 490
36 492
36 495
36 496
37 138
38 27
38 29
38 30
38 37
38 38
38 47
38 48
38 49
38 50
39 12
39 14
39 22
39 26
39 31
39 35
39 37
39 41
39 42
39 43
39 55
39 60
39 68
39 75
39 76
39 86
39 90
39 95
39 104
39 113
39 116
40 2
40 11
40 12
40 14
40 16
40 20
40 35
40 36
40 46
40 49
40 50
40 64
40 65
40 67
40 113
40 117
40 120
40 121
40 155
40 160
40 165
40 179
40 182
40 188
40 195
40 208
40 213
40 229
40 234
40 237
40 247
40 262
40 279
40 284
40 285
40 294
40 302
40 324
40 327
40 336
40 372
40 373
40 377
40 392
40 396
40 397
41 99
41 108
41 115
41 118
41 136
41 159
41 161
41 170
42 2
42 6
42 12
42 15
42 18
42 27
42 37
42 53
42 60
42 74
43 5
43 6
43 10
43 44
43 53
43 149
43 150
43 171
43 172
44 10
45 1
45 8
45 14
45 21
45 34
45 36
45 44
45 49
45 57
48 12
49 70
49 71
49 73
49 78
49 87
49 88
49 89
49 91
49 98
49 100
49 101
49 103
49 106
49 111
49 112
49 116
49 123
49 128
49 129
49 135
49 136
49 139
49 140
49 142
49 144
49 149
49 151
51 22
51 36
51 38
51 42
51 45
52 14
52 18
52 19
52 21
52 23
52 27
52 38
53 1
53 4
54 14
54 44
54 49
55 71
55 73
55 84
55 127
55 141
55 152
55 165
55 168
55 171
55 177
55 180
55 187
55 189
55 195
55 202
55 212
55 215
55 216
55 220
55 230
55 232
55 242
55 248
56 1
56 4
57 1
57 5
57 8
57 9
58 2
58 17
59 1
59 5
59 24
59 26
59 36
59 46
59 50
59 53
59 56
59 59
59 70
59 71
59 74
59 79
60 35
60 42
60 53
60 63
60 67
60 69
60 75
60 76
60 78
60 80
61 7
61 8
61 20
61 22
61 26
61 31
61 38
61 43
61 44
61 46
61 48
61 51
61 52
61 142
61 147
61 163
61 167
62 4
62 6
62 12
62 13
62 23
62 28
62 35
62 40
62 47
62 62
62 63
62 65
62 71
62 78
62 86
62 89
62 90
62 93
62 101
62 110
62 112
62 132
62 135
62 147
62 155
62 164
63 3
63 8
63 10
63 11
63 16
63 26
63 28
64 2
64 12
64 15
65 60
65 61
65 63
65 67
65 68
65 74
65 75
65 78
65 79
65 81
65 96
65 97
65 99
65 100
65 101
65 103
65 104
65 107
65 108
65 111
65 117
65 127
65 140
65 143
65 176
65 179
65 180
65 187
65 189
65 192
65 206
65 211
65 215
65 229
65 247
65 255
68 51
69 2
69 3
69 4
69 10
69 12
69 15
69 18
69 28
69 31
69 38
69 40
70 7
70 16
70 27
70 38
70 47
70 49
70 54
71 3
71 16
71 40
71 41
71 89
71 95
71 98
71 100
71 101
71 105
71 107
71 110
71 117
71 120
71 121
71 126
71 127
71 128
71 135
71 136
71 172
71 176
71 181
71 190
71 192
71 209
71 219
71 351
71 357
71 358
71 363
71 366
71 371
71 376
71 388
71 389
71 395
71 399
71 405
71 406
72 27
72 35
72 38
72 47
72 56
72 59
72 62
72 66
72 72
72 78
72 83
72 96
72 98
72 100
72 107
72 128
72 129
72 130
72 133
72 137
72 150
72 157
72 158
72 159
72 289
72 290
72 295
72 297
72 323
72 333
72 334
72 336
72 338
72 348
73 3
73 10
73 15
73 16
73 18
73 23
73 27
73 29
73 31
73 46
73 54
73 56
73 58
73 75
73 76
73 80
73 94
73 98
73 100
73 110
73 112
73 125
73 126
73 137
73 154
74 2
74 3
74 4
75 3
75 5
75 8
75 10
75 12
75 15
75 18
75 23
75 30
75 31
75 45
75 49
75 54
75 58
75 62
75 63
75 73
75 76
75 81
75 85
75 92
75 94
75 115
76 29
76 33
76 36
76 52
76 70
76 72
76 77
76 82
77 6
77 11
77 13
77 14
77 16
77 19
77 29
77 34
77 35
77 49
77 66
77 67
77 68
77 71
77 72
80 44
80 48
80 52
80 57
80 71
80 109
80 135
80 139
80 147
80 157
80 174
80 185
80 316
80 321
80 330
80 339
80 353
80 357
80 358
80 361
80 371
80 373
81 13
81 22
81 30
81 35
82 2
82 8
82 12
82 13
82 19
82 22
82 33
82 36
82 38
82 48
82 68
82 78
82 88
82 90
82 93
82 102
82 104
83 3
83 4
83 15
83 20
83 37
83 40
83 54
83 63
83 66
83 69
83 87
83 88
83 101
83 112
83 115
83 133
83 146
83 147
83 150
83 162
83 166
83 171
83 172
83 174
83 176
83 177
83 183
83 190
83 191
83 193
83 197
83 199
83 201
83 207
83 211
83 213
83 217
83 225
83 229
83 238
84 3
84 12
84 16
84 19
84 20
84 23
84 40
84 42
84 45
84 49
84 55
84 59
84 60
84 67
84 69
84 70
84 71
84 76
84 91
84 99
84 103
84 138
