2 8
2 10
2 16
2 19
2 21
2 127
2 129
2 132
3 14
3 18
3 29
3 32
4 132
4 135
4 141
4 150
7 14
7 15
7 26
7 30
7 31
7 32
7 36
7 43
7 52
7 59
7 66
7 72
7 73
7 80
7 82
7 86
7 87
7 90
8 7
8 10
8 11
8 12
8 25
8 28
8 37
8 48
8 58
8 65
8 67
8 69
8 75
11 61
11 71
11 80
11 83
11 98
11 105
11 107
11 109
11 118
11 127
11 128
11 132
11 165
11 167
11 177
11 180
11 183
11 185
11 188
11 190
11 192
11 211
11 219
11 221
11 222
11 224
11 225
11 233
11 236
11 245
11 250
11 261
12 3
12 9
12 10
12 30
12 41
12 52
12 58
12 64
12 65
12 78
12 83
12 94
12 99
12 101
12 102
12 106
12 126
12 127
12 137
12 139
12 143
12 146
12 156
12 157
12 158
12 166
12 170
12 176
12 197
12 199
12 212
12 215
12 218
13 5
13 10
14 3
14 11
14 15
14 19
14 25
14 28
14 29
14 31
14 32
14 35
14 46
14 59
14 76
15 4
15 7
16 1
16 12
16 13
17 58
17 108
17 116
17 118
17 139
17 151
17 152
17 156
17 157
17 161
17 162
17 169
17 174
17 181
17 189
18 18
18 20
18 24
18 31
18 37
18 39
18 42
18 45
18 52
18 60
18 61
18 66
18 72
18 78
18 87
18 94
18 99
18 103
18 107
18 108
19 4
19 6
19 7
19 17
19 19
19 28
19 40
20 3
20 7
20 12
20 15
20 21
20 22
20 30
20 40
20 43
20 49
20 50
20 52
20 53
20 56
20 59
21 5
23 73
23 79
23 82
23 118
23 131
23 146
23 151
23 156
23 160
23 161
23 165
23 166
23 168
24 1
24 2
24 8
25 4
25 12
25 21
25 36
25 39
25 43
25 52
25 53
25 55
25 58
25 59
25 60
25 61
25 65
25 69
25 75
25 81
25 83
25 85
25 86
25 95
25 98
25 105
25 112
25 124
26 7
26 13
26 23
26 31
26 43
26 47
26 50
26 54
26 55
26 59
26 61
26 69
26 70
26 96
26 101
26 102
26 104
26 105
26 109
26 111
26 114
26 118
26 122
26 128
26 129
27 1
27 8
27 12
28 23
28 28
28 31
28 37
29 15
32 8
32 14
32 18
32 20
33 2
33 30
33 43
33 67
33 74
33 78
33 80
35 56
35 57
35 68
35 72
35 73
36 18
37 5
37 17
37 19
37 45
38 1
38 9
38 13
38 17
38 29
38 30
38 32
38 34
38 41
38 48
38 49
38 52
38 57
38 65
38 68
38 69
38 72
38 75
38 78
38 96
38 103
38 115
39 118
39 125
39 144
39 161
39 165
39 166
39 180
39 181
39 186
39 188
40 1
40 2
40 3
40 4
40 9
40 18
40 19
40 33
40 39
40 40
40 50
40 60
40 63
40 71
40 81
40 83
40 89
40 98
40 100
40 102
40 103
40 104
40 130
40 138
40 157
40 161
40 163
40 182
40 183
40 192
40 201
40 203
40 209
40 213
40 217
40 223
40 229
40 361
40 364
41 4
41 5
41 12
41 16
43 10
43 13
43 22
43 33
43 100
43 106
43 113
43 115
44 9
45 7
45 8
45 10
45 11
46 13
47 7
47 12
47 13
47 21
47 41
48 7
48 91
48 101
48 106
48 109
48 111
48 113
48 115
49 68
49 75
49 78
49 79
49 84
49 119
50 7
50 13
50 14
50 29
50 30
50 32
50 44
50 50
50 54
50 56
50 61
50 63
50 65
50 66
50 88
50 94
50 100
50 103
50 109
50 110
50 114
50 119
51 2
51 7
51 23
51 25
51 29
51 36
52 18
52 22
52 23
52 26
52 28
52 32
52 54
52 62
52 76
52 83
52 91
52 103
53 2
53 4
53 14
53 16
53 26
53 27
53 36
53 39
53 40
53 41
53 46
53 47
53 59
53 64
53 71
53 74
53 80
54 41
54 42
54 53
54 54
54 56
54 78
54 83
54 84
54 93
54 98
54 102
54 103
54 108
54 110
54 113
54 119
54 122
55 2
55 19
55 32
55 33
55 36
55 40
55 44
55 45
55 54
57 56
57 61
57 71
57 83
57 99
57 103
57 118
57 120
57 122
57 123
57 130
57 137
57 138
57 144
57 146
57 148
57 149
57 159
57 165
58 75
58 77
58 80
58 96
58 97
58 100
58 101
58 106
60 41
60 47
60 59
60 64
60 73
60 78
60 79
60 84
60 86
60 87
60 88
61 10
61 14
61 17
61 27
61 30
61 41
61 42
61 45
61 50
61 55
61 64
61 70
61 81
62 63
62 67
62 72
62 79
62 83
62 87
66 1
66 19
66 20
66 22
66 24
66 26
66 29
66 40
66 41
66 43
66 56
66 57
66 78
66 82
66 164
66 178
66 186
66 190
66 191
66 192
66 195
66 196
66 205
67 33
67 40
67 47
67 51
67 53
67 61
67 64
67 65
67 68
67 69
69 1
69 5
69 6
69 8
69 10
69 12
69 13
69 16
69 19
69 22
69 27
69 28
69 29
69 37
69 43
69 52
69 53
69 55
69 56
69 67
69 73
69 119
69 125
70 1
70 16
70 31
70 35
70 37
70 46
70 52
70 53
70 57
70 58
70 61
70 64
70 66
71 16
71 31
72 13
72 14
72 41
72 42
72 50
72 51
72 60
72 62
72 69
72 84
72 87
72 91
73 14
73 16
73 20
73 29
73 30
73 31
73 32
73 36
73 45
73 48
73 52
73 57
73 65
73 70
73 73
73 76
73 77
73 92
73 94
73 97
73 103
73 104
73 108
73 113
73 122
73 126
74 15
74 24
74 26
74 27
74 30
74 33
74 36
74 37
74 39
74 43
74 50
74 55
74 57
74 60
74 102
74 103
74 116
74 122
74 125
74 128
74 130
77 9
77 11
77 22
77 25
77 26
77 29
77 39
77 42
77 45
77 50
77 53
77 55
77 56
77 60
77 65
77 73
77 81
77 95
77 97
77 107
77 109
77 111
77 124
77 126
77 127
77 134
77 141
78 15
78 17
78 18
78 29
78 31
78 32
78 115
78 119
78 120
79 60
79 61
80 1
80 3
80 5
80 9
80 11
80 12
80 14
80 19
80 24
80 26
80 28
80 31
80 36
80 41
80 61
80 97
80 105
80 242
80 256
80 257
80 263
80 264
81 80
81 89
81 93
81 94
81 95
81 100
81 102
81 114
81 121
81 130
81 132
81 156
81 159
82 1
83 78
83 79
83 84
83 93
83 114
83 117
83 118
83 121
83 123
83 130
83 142
84 27
84 31
84 49
85 4
85 11
85 18
85 22
85 29
86 4
86 6
86 10
86 26
87 44
87 55
87 63
87 65
87 74
87 77
87 83
87 92
87 102
88 18
88 19
88 21
88 29
88 45
88 46
88 49
88 52
88 56
88 66
88 80
88 88
88 93
88 94
88 100
88 104
88 107
88 110
88 111
88 117
89 11
89 12
89 16
89 19
89 21
89 36
89 37
90 2
90 10
90 21
90 23
90 25
90 27
90 28
90 34
90 38
90 51
90 52
91 1
91 4
91 10
91 20
91 26
92 8
92 9
92 15
92 22
92 25
93 100
93 104
93 111
93 116
94 3
94 4
94 5
94 11
94 13
94 36
94 37
94 42
94 52
94 53
94 56
94 60
94 66
94 67
94 71
94 79
94 84
94 88
94 99
97 102
97 108
97 136
97 157
97 163
98 1
98 6
98 21
98 24
98 29
98 31
98 45
98 58
99 19
103 6
103 12
103 13
103 15
103 20
104 12
104 14
105 6
105 8
105 16
105 17
105 23
105 24
105 49
105 58
105 59
105 64
105 65
105 69
105 82
105 83
105 85
105 94
105 97
105 102
105 110
105 111
105 126
105 147
105 156
105 157
105 165
105 172
105 174
105 179
105 183
105 184
105 190
105 193
105 196
105 203
105 211
105 212
105 216
105 219
105 220
105 234
105 247
105 250
105 255
105 257
105 266
105 274
105 329
105 340
105 345
105 348
106 5
106 7
106 26
106 34
106 41
106 45
106 63
106 65
106 67
106 70
106 71
106 89
106 98
106 101
106 102
106 106
106 119
106 121
106 124
106 127
106 135
106 148
106 156
106 157
106 165
106 166
107 79
107 80
107 88
107 93
107 100
107 102
107 109
107 112
107 114
107 118
107 125
107 128
107 132
107 143
107 146
107 148
107 157
107 159
107 163
107 167
107 168
107 176
107 179
107 314
107 315
107 319
107 373
