1 19
1 23
1 25
1 27
1 29
1 36
1 40
1 41
1 48
1 49
1 68
1 69
1 71
3 17
3 24
3 27
3 30
3 43
3 50
3 52
3 55
3 57
3 61
3 62
3 69
4 131
4 133
4 149
4 154
4 157
4 159
4 160
4 162
4 173
4 179
4 189
4 193
4 199
5 1
5 2
5 6
5 7
5 12
5 18
5 29
5 30
5 36
5 45
5 47
5 55
5 73
5 74
6 5
6 11
6 18
6 19
6 20
6 22
6 26
6 28
6 31
6 32
6 37
6 38
6 51
7 133
8 9
8 18
8 21
8 22
8 27
8 28
8 39
8 59
8 60
8 61
8 77
8 82
8 83
8 84
8 87
8 88
8 90
12 45
13 3
13 6
13 15
13 21
13 25
13 38
13 39
13 44
13 45
13 68
13 74
13 79
13 95
13 96
13 98
15 34
16 2
17 1
17 7
17 22
17 25
17 26
17 35
17 45
17 85
18 4
18 6
18 19
18 20
18 30
18 39
18 42
19 123
19 130
19 210
19 214
19 216
19 223
19 226
20 3
20 10
20 12
20 60
20 62
20 67
20 75
20 79
20 81
20 87
20 91
20 92
20 94
20 96
20 106
20 164
20 174
20 184
20 186
21 3
22 4
22 13
22 15
22 157
22 165
22 168
24 77
24 80
24 81
24 86
24 88
24 89
25 2
25 11
25 18
25 19
25 20
26 1
26 9
26 13
26 14
26 26
26 27
26 35
26 36
26 50
26 52
26 54
26 57
26 67
26 71
26 162
26 163
26 182
26 192
26 198
26 204
26 219
26 227
26 228
26 230
26 240
26 251
26 253
26 259
26 267
26 268
26 272
26 279
26 280
26 374
26 377
26 386
26 392
26 401
26 402
26 407
26 482
26 485
26 494
26 498
26 507
26 508
26 513
26 516
26 517
26 524
26 527
26 534
26 537
26 546
26 552
26 561
26 565
26 568
26 570
26 571
26 572
26 574
26 590
26 597
26 606
26 612
27 2
27 3
27 8
27 28
27 32
27 33
27 37
27 40
27 42
27 44
27 51
27 52
27 53
27 54
27 60
27 65
27 70
27 72
27 73
27 75
27 77
27 78
27 82
28 5
28 27
28 35
28 47
28 62
28 68
28 71
28 80
28 84
30 32
30 33
30 41
30 49
30 70
30 88
30 93
30 98
30 103
30 116
30 120
30 129
30 138
30 143
30 145
30 154
30 158
30 161
30 162
30 167
30 170
30 178
30 185
30 186
30 189
30 208
30 209
30 219
30 222
30 224
30 225
30 235
30 239
30 246
31 3
32 1
32 2
32 38
32 39
32 41
32 47
32 49
32 61
32 64
32 74
32 79
32 89
32 93
32 99
32 105
32 114
32 115
32 125
32 153
32 154
32 156
32 163
32 165
32 169
32 175
33 1
33 3
33 8
33 9
33 13
33 37
33 39
33 51
33 54
33 55
33 57
33 58
33 68
33 80
33 91
33 97
34 27
34 29
34 32
34 45
34 55
34 57
34 59
34 69
34 70
34 71
34 79
34 87
34 90
34 91
34 98
34 103
34 114
34 115
34 134
34 135
34 136
34 140
34 143
34 151
34 154
35 8
35 18
35 20
35 26
35 32
38 37
38 41
38 120
38 129
38 140
38 144
38 146
38 151
38 152
38 157
38 159
38 160
38 164
38 178
38 188
38 192
38 195
38 206
38 207
38 208
38 210
38 211
39 5
39 12
39 15
39 18
39 33
39 36
39 45
39 48
39 49
39 52
39 53
39 54
39 81
39 82
39 88
39 97
39 99
39 101
39 104
40 16
41 1
41 3
41 5
41 8
41 9
41 24
41 26
41 29
41 30
41 35
41 43
41 51
41 53
41 59
41 62
41 64
41 69
42 3
42 4
42 8
42 10
42 16
42 28
42 35
42 36
42 43
42 49
42 55
42 60
42 75
42 84
42 96
42 101
42 114
42 116
42 129
42 134
42 140
42 144
42 151
43 4
43 5
43 9
43 10
43 26
43 29
43 30
43 41
43 44
43 50
43 58
43 65
43 70
43 73
43 81
43 82
43 92
43 98
43 114
43 115
43 122
43 123
43 126
44 1
44 9
44 10
44 14
45 29
45 30
45 33
45 34
45 38
45 40
45 47
45 56
46 10
46 12
46 13
46 21
46 25
47 3
47 4
47 9
47 51
47 58
47 60
47 62
47 68
47 78
47 87
47 93
47 94
47 99
47 103
47 106
47 116
47 122
47 124
47 136
47 139
48 7
48 133
49 13
49 15
49 20
49 28
49 34
49 43
50 6
50 12
50 20
50 28
50 35
50 38
50 40
50 43
50 46
50 47
50 51
50 125
50 126
50 129
50 131
50 145
50 158
50 162
50 163
50 185
50 194
50 200
50 205
50 211
50 221
50 223
50 228
50 232
50 241
50 243
50 246
50 248
50 250
50 254
50 267
50 268
50 348
50 349
50 353
50 358
51 5
51 15
51 17
51 24
51 31
51 39
51 41
51 42
51 43
51 47
51 50
51 57
51 75
51 76
51 86
52 18
52 30
52 41
52 47
52 50
52 56
52 60
52 139
53 1
53 5
53 6
53 11
53 19
54 12
54 18
54 28
54 29
54 33
54 35
54 38
54 41
54 54
54 60
54 61
54 64
54 74
54 76
54 77
54 78
56 1
56 5
56 7
56 113
56 117
56 121
56 125
56 136
56 138
56 145
56 146
56 155
56 160
56 171
57 4
57 14
57 21
58 30
58 31
58 35
58 36
58 60
58 62
58 73
58 75
61 6
61 7
61 12
61 17
61 18
61 25
61 27
61 31
61 33
61 36
61 43
61 47
61 62
61 64
62 12
62 24
63 4
63 19
63 28
63 36
63 43
65 40
65 42
65 43
65 51
65 54
65 56
65 61
65 68
65 69
65 71
65 97
65 101
65 102
65 109
65 133
65 134
65 139
65 143
65 148
65 165
65 168
65 170
65 173
65 207
65 211
65 213
65 218
65 220
65 230
65 233
65 238
65 261
65 263
65 269
65 278
65 286
65 289
65 309
65 315
65 320
65 337
65 342
65 343
65 345
65 347
65 353
65 360
65 367
65 369
65 384
65 388
65 390
65 396
65 400
65 447
65 452
65 453
65 456
65 457
65 459
65 475
65 477
66 1
66 17
66 21
66 26
66 28
66 36
66 37
66 41
66 46
66 47
66 55
66 57
67 64
67 67
67 70
67 73
67 92
67 104
67 125
67 141
67 150
67 151
67 161
67 162
67 163
68 54
68 57
69 3
69 8
69 11
69 22
69 35
69 36
69 42
69 47
69 51
69 52
69 55
69 59
69 64
69 70
69 73
69 75
69 77
69 94
69 95
69 116
69 122
69 123
69 131
69 137
69 139
69 141
69 142
69 157
69 163
71 83
71 84
71 86
71 88
71 94
71 103
71 114
71 118
71 138
71 154
71 162
71 175
71 180
71 181
71 185
71 193
71 339
71 341
71 342
71 352
71 353
72 51
72 62
72 64
72 73
72 74
72 77
72 83
74 42
74 45
74 178
75 32
75 36
75 37
75 38
75 48
75 50
75 54
76 7
76 10
76 11
76 19
76 22
76 23
77 45
77 49
77 51
77 53
77 65
77 77
77 82
77 101
77 106
77 109
77 113
77 120
77 126
77 128
77 135
77 140
77 280
78 1
78 7
78 10
78 29
78 33
78 63
78 66
78 75
78 103
78 194
78 196
78 198
78 202
78 206
78 210
78 211
78 213
78 217
78 220
78 230
78 237
78 241
78 247
78 256
78 284
78 292
78 305
78 307
78 313
78 319
78 325
78 328
78 330
78 331
78 332
78 336
78 342
78 361
78 365
78 375
78 381
78 383
78 388
78 393
78 400
78 410
78 419
78 426
78 427
78 431
79 2
79 3
79 12
79 16
79 20
79 21
79 30
79 35
79 36
79 53
79 59
79 60
79 64
79 67
79 71
79 72
79 83
79 92
79 100
79 110
79 117
79 123
79 124
79 128
79 131
80 1
80 20
80 21
80 24
80 32
80 35
80 40
80 58
80 64
80 69
80 73
80 76
80 77
80 89
80 91
80 101
80 103
81 1
81 2
81 5
81 17
81 21
81 22
81 24
81 25
81 31
81 32
81 39
81 41
84 6
84 9
84 15
84 17
84 20
84 39
84 46
84 57
84 66
84 67
84 85
85 1
85 5
85 11
85 14
85 17
85 41
85 46
85 55
85 60
85 62
85 63
85 65
85 67
85 69
85 79
85 94
85 99
85 111
85 114
85 115
85 117
85 118
85 128
85 139
86 61
86 63
86 68
86 70
87 33
87 43
87 60
87 65
87 66
87 84
87 88
87 93
