1 7
1 9
1 11
1 14
1 15
1 22
1 23
1 31
1 32
1 44
1 49
1 148
1 151
1 152
1 156
1 157
1 167
1 168
2 12
2 13
2 16
2 17
2 22
2 32
2 35
2 43
2 51
2 67
2 76
2 81
2 83
2 85
2 96
2 101
2 102
2 109
2 118
2 122
2 129
2 131
2 134
2 144
2 146
2 148
2 165
2 173
4 5
4 6
4 12
4 13
4 21
4 22
4 25
4 44
4 51
4 53
4 67
5 121
5 133
5 136
5 140
5 159
5 162
5 164
5 165
5 168
5 169
8 23
8 29
8 34
8 38
8 45
8 50
8 56
8 60
8 61
9 1
9 5
9 18
9 20
9 24
9 26
9 27
9 53
9 57
9 60
9 67
10 16
10 17
10 35
10 36
10 40
10 41
10 43
10 49
10 55
10 57
10 59
10 63
10 66
11 67
11 74
11 76
11 79
11 80
11 215
11 219
11 221
11 224
12 1
12 13
12 17
12 24
12 36
12 38
12 47
12 48
12 50
12 53
12 54
12 64
12 72
12 74
13 3
13 21
13 30
13 31
13 35
13 36
13 39
13 43
13 59
13 60
13 63
14 4
14 6
14 9
14 18
15 24
15 25
15 36
15 51
15 58
15 60
15 61
15 65
15 78
15 85
15 96
15 100
15 106
15 108
15 115
15 122
15 139
15 230
15 232
15 239
17 3
17 9
17 16
17 19
17 32
17 52
17 53
17 54
17 66
17 69
17 77
17 78
17 88
18 2
18 8
18 14
18 23
18 24
18 30
18 33
18 34
18 36
20 53
20 55
20 56
20 64
20 68
20 71
20 73
20 79
20 86
20 87
20 89
20 90
20 93
20 124
20 129
20 131
20 133
20 140
20 146
20 151
20 158
20 160
20 161
20 171
21 5
21 7
21 13
22 10
24 24
24 27
24 40
24 44
24 45
24 52
24 205
24 208
25 13
25 19
25 21
25 25
25 29
25 32
25 42
26 4
27 8
27 38
27 40
27 47
27 50
27 59
27 73
27 76
27 85
27 90
27 100
27 116
27 117
30 5
30 9
30 13
30 20
30 28
30 33
30 34
30 37
30 39
30 40
31 2
31 14
31 26
31 27
31 30
31 50
31 54
34 23
34 28
34 30
34 42
36 117
36 118
36 129
36 131
36 134
37 4
37 7
37 17
37 19
38 1
38 2
38 10
39 12
39 23
39 33
39 34
39 35
39 52
39 69
39 80
39 83
39 105
39 106
39 110
39 116
39 117
39 121
40 107
40 112
40 133
40 137
40 139
40 140
40 160
40 172
40 177
40 180
41 2
41 10
41 21
41 23
41 29
41 30
41 56
41 60
41 68
41 69
41 70
41 82
41 84
41 93
41 96
41 98
41 101
41 104
41 110
41 114
41 122
41 130
41 139
41 149
41 150
41 164
41 186
41 187
42 2
42 9
42 13
42 23
42 26
42 28
42 43
42 48
42 55
42 57
42 60
42 63
42 64
42 66
42 68
42 77
42 79
45 27
45 34
45 38
45 44
45 51
46 2
47 13
47 21
47 30
47 38
47 98
47 105
47 111
47 112
47 117
47 120
47 121
47 125
47 138
47 139
48 3
48 6
48 26
48 29
48 37
48 38
48 42
48 45
48 49
48 53
48 56
48 60
48 70
48 87
48 91
48 92
48 98
49 5
49 11
49 12
49 16
50 9
50 11
50 17
50 19
51 3
51 8
51 10
51 11
51 18
51 22
51 23
53 127
53 132
53 144
53 147
53 197
53 202
53 209
53 211
53 221
53 224
53 235
54 3
54 5
54 6
55 73
55 74
55 78
55 87
55 89
55 102
55 108
55 109
55 115
56 115
56 116
56 117
56 119
56 127
56 131
56 138
56 140
56 145
56 147
56 149
56 219
57 13
57 27
57 35
58 5
58 7
58 16
58 30
59 89
59 98
59 102
60 1
60 2
60 17
60 20
60 22
61 7
61 46
61 51
63 8
63 12
63 19
63 21
63 25
63 26
63 39
63 54
63 57
63 63
63 69
63 73
63 76
63 77
63 82
63 117
63 123
63 131
63 145
63 150
63 158
63 164
63 166
63 172
63 189
63 193
63 195
64 3
64 8
64 10
64 13
64 21
64 36
65 9
65 14
65 15
65 20
65 21
65 29
65 37
65 38
65 42
65 44
65 47
65 58
65 96
65 106
65 107
65 112
65 115
65 120
65 122
65 127
65 130
65 131
65 132
65 135
65 137
65 145
65 146
65 155
65 159
65 165
65 167
65 171
65 175
65 180
65 190
67 47
67 48
67 56
67 58
68 12
68 25
69 1
69 9
69 13
72 17
72 18
72 20
72 22
72 30
72 40
72 44
72 52
72 53
72 59
72 79
72 89
72 104
72 107
72 109
72 114
72 115
72 124
72 125
72 128
72 130
72 137
72 140
72 141
72 144
72 148
72 150
72 154
72 157
72 160
73 58
73 63
73 71
73 81
73 84
73 90
73 150
73 184
73 196
73 203
73 205
73 216
73 224
73 234
73 236
73 242
73 244
73 245
73 252
73 256
73 260
73 270
73 272
73 285
73 288
73 301
73 307
74 4
74 9
74 14
74 17
74 18
74 22
74 27
74 33
74 35
74 39
74 45
74 47
74 50
74 56
75 4
75 6
75 10
75 22
75 44
75 69
75 74
75 75
75 82
75 87
75 95
75 104
75 107
75 116
75 118
76 32
76 38
76 61
76 70
76 79
76 85
76 86
76 90
77 2
77 4
77 5
77 6
77 8
78 2
79 4
79 15
79 16
79 18
79 22
80 72
80 73
81 2
81 5
81 6
82 48
82 54
82 58
83 2
83 7
83 8
83 13
83 20
83 22
83 35
83 44
84 3
84 10
84 13
84 14
84 19
84 27
84 30
84 41
84 48
84 61
84 62
84 73
85 3
85 4
85 7
85 8
85 19
85 30
85 38
85 39
85 42
85 51
85 52
85 53
85 54
85 61
85 73
85 86
85 87
85 96
85 99
85 101
85 106
85 113
85 114
85 117
85 118
85 131
85 141
86 67
86 77
86 120
86 130
86 133
86 143
86 148
86 155
86 158
86 214
86 215
86 219
86 221
86 251
86 267
86 269
87 1
87 3
88 72
88 84
88 86
88 94
89 3
89 18
89 19
89 21
91 4
91 13
92 2
92 138
92 142
92 146
92 150
92 159
92 161
92 163
92 164
92 172
92 180
92 184
92 190
92 191
92 194
92 196
92 202
92 203
93 11
93 14
93 20
93 35
93 36
93 148
93 152
93 157
93 163
93 168
93 170
93 182
93 185
93 189
93 201
93 205
93 206
93 211
93 214
93 226
93 228
93 241
93 248
95 94
96 88
96 94
96 98
96 109
96 110
96 111
96 117
96 120
96 203
96 210
96 212
96 219
96 229
98 2
98 4
98 5
98 15
98 20
100 20
101 2
101 4
102 23
102 27
102 32
102 34
102 41
102 44
102 67
102 68
102 72
103 1
103 7
103 8
103 26
103 28
103 43
103 47
103 49
103 50
103 61
103 67
103 70
103 72
103 74
103 98
103 101
103 102
104 61
104 62
104 74
104 76
104 81
104 82
104 83
104 87
104 97
104 100
104 106
104 111
104 115
104 118
104 142
104 159
104 162
104 167
104 170
104 183
104 187
104 188
104 190
104 195
104 196
105 4
105 6
105 18
105 21
105 23
105 26
105 30
105 35
105 37
106 2
106 6
108 90
109 50
109 53
109 60
109 63
109 66
109 74
109 78
109 85
109 88
109 109
