2 54
2 64
2 83
2 84
2 87
2 91
2 92
2 95
2 97
2 98
2 106
2 118
2 125
2 129
4 9
4 10
4 14
4 15
4 16
5 18
5 26
6 33
6 35
6 38
6 40
7 90
7 100
7 106
7 113
7 115
7 119
7 122
7 127
8 18
8 23
8 32
8 37
8 38
8 51
8 54
8 58
8 74
8 90
8 91
8 105
9 63
9 65
9 76
9 88
9 89
9 94
9 96
9 97
9 102
9 109
9 114
9 115
9 142
9 146
9 147
9 148
9 149
9 166
9 169
9 172
9 177
9 199
9 208
9 209
9 213
9 218
9 221
9 225
9 230
9 239
9 263
9 266
9 268
9 275
9 279
9 291
9 293
9 399
9 403
9 407
9 408
9 415
9 417
9 418
9 437
10 55
10 59
10 72
11 4
11 10
11 62
11 66
11 67
11 71
11 72
11 74
11 79
11 89
11 127
11 128
12 2
12 3
12 6
12 7
12 15
12 17
12 25
12 28
12 30
12 34
12 41
12 50
14 11
14 16
15 1
15 6
15 7
19 16
19 23
19 27
19 29
20 2
20 6
20 29
20 30
20 36
20 46
20 70
20 73
20 74
20 82
20 98
20 101
20 102
20 103
20 111
20 113
20 120
20 121
20 122
20 135
20 138
20 139
20 144
20 150
20 154
20 212
20 227
20 239
20 251
20 252
20 272
21 19
21 22
21 27
21 32
21 35
21 42
21 49
21 58
21 61
21 66
21 68
21 73
21 78
21 82
21 92
21 95
21 99
21 109
21 113
21 115
21 118
21 127
21 131
21 132
22 13
22 25
22 29
22 31
22 39
22 43
22 49
23 4
23 10
23 15
23 18
23 20
23 23
23 24
23 31
23 51
23 55
23 59
23 61
23 62
24 1
25 3
26 20
26 22
26 68
26 77
26 80
26 100
26 242
26 246
26 251
26 253
26 259
26 270
26 273
26 276
26 280
26 286
26 299
26 318
26 320
26 326
26 339
26 341
26 344
26 355
26 365
26 373
26 376
26 382
26 393
26 394
26 397
26 403
26 415
26 416
28 7
28 8
29 66
29 74
29 75
29 87
29 93
29 99
31 17
31 36
31 43
31 44
31 63
31 70
31 72
31 75
31 188
31 194
31 205
31 206
31 211
31 241
31 250
31 272
31 274
31 280
31 281
31 283
31 287
31 289
31 297
31 298
31 305
31 310
31 335
31 337
31 342
31 358
31 359
31 362
33 58
34 7
34 22
34 24
34 30
34 37
34 42
34 48
34 49
34 56
35 1
35 4
36 17
36 18
36 22
36 24
36 32
36 33
36 45
36 52
36 55
36 62
36 63
38 2
38 3
38 9
38 13
38 15
38 22
38 25
38 26
38 39
38 54
38 64
38 70
38 71
38 73
38 74
38 77
38 87
38 232
38 233
39 3
39 8
39 54
39 59
39 61
39 65
39 66
39 77
39 82
39 85
40 1
40 9
40 11
40 21
40 22
40 25
40 35
40 78
40 80
40 83
40 85
40 86
40 94
40 98
40 108
40 123
40 124
40 125
40 126
40 127
40 141
40 142
40 152
40 158
40 167
40 174
42 2
43 64
43 68
43 84
44 5
44 10
44 19
44 21
44 29
44 35
44 38
44 40
44 42
44 44
46 75
46 77
46 79
46 90
46 93
47 8
47 9
47 14
47 19
47 44
47 46
47 49
47 55
47 70
48 4
48 10
48 13
48 16
48 17
48 19
49 2
49 12
49 40
49 41
49 43
49 50
49 63
49 65
49 67
50 16
50 18
50 41
50 45
50 52
51 7
51 11
51 12
51 21
51 30
51 40
51 42
51 43
51 46
51 63
51 66
51 68
51 81
51 83
51 87
51 225
51 233
51 234
51 249
51 252
51 253
51 255
51 259
51 265
51 267
51 272
51 403
51 405
51 407
51 426
51 431
51 440
51 442
51 444
51 449
51 463
51 467
51 469
51 476
51 477
51 479
51 484
51 486
51 488
51 501
51 506
51 510
51 515
51 516
51 518
51 524
51 527
51 529
51 548
51 557
51 559
51 573
51 575
51 582
51 586
51 591
51 593
51 605
51 606
51 607
51 615
51 636
51 642
51 644
51 648
51 654
51 657
51 661
51 667
51 676
51 681
51 694
51 697
51 704
51 705
51 709
51 712
51 713
51 715
51 736
51 738
51 740
51 741
51 764
51 798
51 807
51 877
52 12
52 14
52 15
52 16
52 17
52 26
52 30
52 34
52 49
53 8
53 13
53 15
53 28
53 30
53 39
53 40
53 43
53 52
53 54
53 61
54 1
54 8
54 11
54 14
54 17
54 32
54 40
54 41
54 43
54 44
54 59
54 60
54 62
54 70
54 71
54 72
54 93
54 100
54 101
54 102
54 103
54 104
54 105
54 108
56 1
56 2
56 14
56 16
56 20
56 23
56 29
57 19
57 20
57 23
57 26
57 29
57 33
57 34
58 19
58 39
58 44
58 57
58 60
58 64
58 68
59 2
59 12
59 18
59 19
60 25
60 32
60 41
60 46
60 55
61 4
62 5
62 8
62 9
62 10
62 22
62 28
62 32
62 37
62 39
62 41
62 45
62 47
62 180
62 182
63 4
63 5
63 13
63 20
63 27
63 41
63 65
63 66
63 75
63 79
63 82
63 85
63 86
63 97
63 98
63 100
63 106
63 117
63 125
63 126
63 131
63 135
64 1
64 2
64 5
64 18
64 54
64 55
64 61
64 62
64 63
64 70
64 90
64 168
65 12
65 19
65 28
65 30
65 34
65 36
65 37
65 49
65 57
65 60
65 65
65 66
65 68
65 74
65 84
65 88
65 91
65 96
65 98
65 99
65 108
65 110
65 131
65 137
65 141
65 146
65 147
65 154
65 160
66 7
66 28
66 35
67 62
67 63
67 67
67 69
67 70
67 72
68 1
68 9
68 16
68 17
68 30
68 44
69 1
69 14
69 18
69 28
69 30
69 160
69 163
69 164
69 169
69 174
69 193
69 288
69 289
69 291
69 292
69 296
69 314
69 321
69 325
69 330
69 332
69 333
69 334
69 338
69 339
69 346
69 352
69 355
69 361
69 363
69 375
69 378
69 380
69 381
69 392
69 400
69 410
70 1
70 2
70 4
71 1
71 2
71 6
72 26
72 38
72 44
72 51
72 62
72 68
72 70
72 90
72 92
72 93
72 105
72 106
73 8
75 92
75 100
75 127
75 130
75 132
75 139
75 143
75 145
75 146
75 148
75 166
75 167
75 168
75 173
76 10
76 13
76 30
76 31
76 37
76 53
76 67
76 71
76 119
76 122
77 2
77 6
77 14
78 2
78 3
78 7
78 10
78 14
78 18
79 8
79 15
79 20
79 24
79 26
79 31
79 47
79 49
79 106
79 117
79 125
79 128
79 129
79 136
79 190
79 191
79 192
80 44
80 57
80 63
80 92
80 100
81 4
81 6
81 31
82 3
82 4
82 6
82 10
82 21
83 6
83 17
83 18
83 25
83 27
83 34
83 40
83 42
83 46
84 38
85 1
86 1
86 3
86 5
86 15
86 16
87 6
87 21
87 25
87 26
87 31
87 32
88 3
88 4
88 10
88 18
88 21
88 23
88 26
88 28
88 33
88 34
88 45
88 52
88 53
88 56
88 128
88 130
89 7
89 14
89 17
89 19
89 64
89 69
89 71
89 75
89 82
89 83
89 86
89 88
89 96
89 98
89 101
89 104
89 107
89 109
89 115
89 117
89 118
89 119
89 144
89 146
90 3
90 5
90 7
90 8
90 15
90 16
90 17
90 19
90 22
90 35
90 42
93 34
93 54
93 55
93 56
93 57
93 60
93 66
93 72
93 75
96 27
96 28
96 30
96 31
96 33
96 35
96 36
96 62
96 64
96 73
98 12
98 17
98 18
98 22
98 28
99 4
99 9
99 18
99 19
99 21
99 24
100 5
100 13
100 21
100 25
100 159
100 162
100 166
100 172
100 180
100 242
100 243
100 247
100 252
100 258
100 261
100 270
100 276
100 279
100 282
100 286
100 291
100 292
100 295
100 298
100 318
100 325
100 330
100 331
100 339
100 342
100 343
100 351
100 353
100 360
100 367
100 381
100 399
100 402
100 404
100 405
100 412
100 419
100 433
100 565
100 568
100 579
100 586
100 587
100 592
100 594
100 604
