1 8
1 13
1 41
1 61
1 63
1 65
1 82
1 85
1 90
1 91
1 97
1 98
1 106
1 108
1 112
1 115
1 128
1 156
1 165
1 176
2 4
2 7
2 10
2 11
5 40
5 50
5 54
5 59
5 67
5 81
5 85
5 87
5 90
5 96
5 102
5 112
5 120
5 128
5 131
5 139
5 144
5 149
5 170
5 171
5 175
5 180
5 189
5 191
5 204
5 208
5 210
5 218
5 221
5 222
5 223
5 227
5 228
5 237
5 244
5 245
5 247
5 253
5 273
5 275
5 277
5 283
5 287
5 294
5 296
5 298
5 315
5 319
5 320
5 322
5 328
5 331
5 335
5 338
5 339
7 25
7 26
7 27
7 33
7 39
7 41
8 2
8 20
8 22
8 23
8 26
8 27
8 29
8 33
8 38
8 41
8 43
8 48
8 53
8 57
8 58
8 59
8 62
8 66
8 67
8 69
8 78
9 3
9 6
9 17
9 23
9 24
9 52
9 54
9 55
9 65
9 66
9 69
9 208
9 209
9 217
9 226
9 238
9 239
10 27
10 37
10 38
10 48
10 53
10 62
12 37
12 44
12 45
12 93
12 97
12 101
12 104
12 105
12 107
12 110
12 120
12 124
12 128
13 2
13 5
13 16
13 22
13 24
13 26
13 31
13 36
13 41
13 48
14 14
14 23
14 26
14 28
14 29
14 36
14 37
14 41
14 42
14 45
14 181
14 185
14 192
14 193
14 208
14 209
14 211
14 217
14 231
14 232
14 344
14 346
14 354
15 3
15 12
16 8
19 3
19 4
20 12
20 20
20 24
21 9
21 12
21 14
21 20
21 23
21 26
21 30
21 34
21 36
21 41
21 43
21 53
22 3
22 8
22 9
22 23
25 20
25 27
25 30
25 40
25 41
25 45
25 46
25 52
25 53
25 65
27 8
28 2
28 16
29 3
29 19
29 22
29 26
29 37
29 40
29 46
29 47
29 74
29 77
29 151
29 153
29 163
29 164
29 174
30 2
30 4
30 13
30 14
30 19
30 27
30 34
30 36
30 44
30 45
30 47
30 49
30 55
30 57
30 58
30 61
30 63
30 77
30 153
30 169
30 171
30 176
30 180
31 1
31 11
31 23
32 1
32 5
32 10
32 11
32 17
32 19
32 28
33 2
36 15
37 1
37 4
37 6
37 8
37 21
37 22
37 35
37 48
37 57
37 61
37 69
37 87
37 91
37 101
37 109
37 113
38 2
38 4
38 11
39 1
39 24
39 26
39 29
39 32
39 36
39 41
39 47
39 50
39 118
40 14
40 16
40 30
40 33
40 34
40 36
40 39
40 49
40 63
40 64
40 65
40 68
40 75
40 77
40 86
40 92
43 42
43 43
43 47
43 52
43 54
44 9
44 14
44 28
44 40
44 43
44 44
44 49
44 53
44 54
44 58
44 61
44 62
45 1
45 5
45 9
45 62
46 4
46 15
46 19
46 22
46 29
46 41
46 45
46 46
46 48
46 49
46 50
46 100
46 102
49 27
50 126
50 137
50 139
50 147
50 148
50 149
50 152
50 153
50 162
52 72
52 83
52 86
52 87
52 94
52 97
52 98
52 104
52 110
52 112
52 117
52 118
52 122
52 126
52 129
52 134
52 139
52 141
52 147
53 34
53 36
53 37
53 144
53 146
53 147
53 152
53 156
53 158
53 161
54 4
54 13
54 19
54 24
54 26
54 30
54 31
54 50
54 54
54 56
54 186
54 193
54 196
54 207
54 212
54 214
54 216
54 222
54 226
54 228
54 240
54 254
54 256
54 269
54 298
54 302
54 310
54 320
54 326
54 331
54 335
54 340
54 353
54 358
54 363
54 368
54 373
54 396
54 410
54 413
54 414
54 416
54 423
54 433
54 437
54 443
54 445
54 446
54 454
54 457
54 460
54 467
54 475
54 481
54 499
54 506
55 25
55 53
55 60
55 67
55 68
55 92
55 97
55 105
55 107
55 119
55 125
55 144
55 160
55 174
55 175
55 180
55 183
55 186
55 187
55 197
55 234
56 18
56 42
56 49
56 51
56 63
56 76
56 80
56 92
56 94
56 99
56 104
56 105
56 111
56 126
56 127
56 143
56 146
56 153
56 157
56 168
56 169
56 180
56 181
56 189
56 205
56 210
56 213
56 227
56 229
56 230
56 231
56 237
56 243
56 246
56 247
56 251
56 256
56 257
56 262
56 267
56 269
56 281
56 289
56 290
56 300
56 304
56 313
56 319
56 332
56 334
57 35
57 125
57 135
57 137
57 143
57 145
57 147
58 4
59 1
59 5
60 18
60 21
60 26
60 29
61 61
61 62
61 64
61 67
61 76
61 78
61 109
61 116
61 124
61 128
61 131
61 136
61 144
61 156
61 163
61 176
61 178
63 3
63 166
63 167
63 172
63 177
63 180
63 186
63 189
63 190
63 196
63 198
63 199
64 9
64 11
64 12
64 14
64 31
64 84
64 85
64 86
64 91
64 99
64 100
64 111
64 112
64 118
64 119
65 6
65 8
65 38
65 42
65 48
67 14
68 6
68 8
69 1
69 2
69 5
70 3
70 4
70 12
70 13
70 16
70 17
70 21
70 23
70 29
70 34
70 41
70 48
70 53
70 56
70 61
70 66
70 123
70 133
70 134
71 1
71 4
71 8
71 10
71 20
71 90
72 8
72 9
72 19
72 26
73 12
73 13
73 18
73 23
73 35
73 41
73 53
73 55
73 60
73 69
73 70
73 73
78 4
78 8
78 83
78 92
78 93
78 103
78 110
78 115
78 119
78 123
79 143
79 146
81 155
81 170
81 304
81 307
81 319
81 322
81 324
81 329
81 333
81 339
81 349
81 364
81 371
81 375
81 376
81 385
81 391
82 11
82 12
82 22
82 25
82 27
82 32
82 33
82 43
82 52
83 2
83 12
83 24
83 25
83 30
83 33
83 35
83 36
83 37
83 40
83 41
83 55
84 20
84 26
84 49
84 51
84 54
84 60
84 63
84 81
84 83
84 84
84 88
84 92
84 110
84 116
84 118
84 119
84 121
84 126
84 132
84 136
84 148
84 153
84 161
84 183
85 13
85 20
85 25
85 28
85 31
85 34
85 40
85 49
85 57
85 78
85 85
85 112
85 116
85 120
85 125
85 130
85 133
85 147
87 56
87 63
87 68
87 90
87 97
87 101
87 104
87 119
87 121
88 24
88 40
88 62
88 67
88 73
88 80
88 81
88 83
88 94
88 95
88 114
90 4
90 6
90 7
90 17
90 22
90 33
90 45
90 51
90 53
90 69
90 71
90 77
90 78
90 85
90 89
90 98
90 114
90 119
90 120
90 121
90 134
90 141
90 148
90 277
91 14
91 18
91 22
92 9
92 13
92 142
93 18
93 26
94 4
94 8
94 13
94 15
94 25
94 31
94 42
94 45
94 47
94 53
94 55
94 68
94 75
94 77
94 83
94 87
94 93
94 97
94 102
94 112
94 124
94 131
94 137
94 144
94 150
94 152
94 155
94 157
94 164
94 174
94 188
94 193
95 35
95 41
95 47
95 57
95 58
95 64
95 65
95 70
95 72
95 75
95 84
95 87
96 35
96 42
96 43
96 90
97 5
97 8
97 10
97 14
97 21
97 22
97 26
97 45
97 49
97 50
97 107
97 115
97 117
97 122
97 129
97 131
97 137
98 1
98 6
98 11
98 24
98 25
98 28
98 34
98 40
98 44
98 45
98 55
98 60
98 62
99 40
99 47
99 50
99 56
99 61
99 65
99 69
99 71
99 73
100 40
100 44
100 46
100 47
100 52
100 58
100 67
100 69
100 98
100 105
100 112
100 116
100 119
100 139
103 1
103 2
103 3
103 12
103 13
103 23
103 24
103 27
103 49
