1 7
1 13
1 55
1 73
1 77
1 80
1 81
1 84
1 101
1 112
1 114
1 116
1 123
1 125
1 136
1 138
2 2
2 6
2 13
2 15
2 19
2 20
2 21
2 22
2 24
3 1
3 7
3 17
3 18
3 20
3 25
3 27
3 29
3 33
3 35
3 40
3 45
3 54
3 56
3 68
3 69
3 75
3 88
3 107
3 115
3 117
3 118
3 134
3 137
3 138
3 144
3 145
3 148
3 149
3 154
3 165
3 169
3 170
3 173
3 175
3 179
3 183
3 185
3 188
3 206
4 124
4 130
4 137
4 138
4 139
4 142
4 163
5 2
6 1
6 4
6 15
6 28
6 35
6 42
6 43
6 44
6 45
6 47
6 61
6 62
6 70
6 78
6 82
6 84
6 93
6 95
7 4
7 13
7 17
7 21
7 24
7 36
7 42
7 43
7 45
7 47
7 54
7 55
7 61
7 63
7 70
7 71
7 76
7 77
7 79
7 83
7 84
7 85
7 86
7 108
7 118
7 131
7 180
7 182
7 184
7 193
7 195
7 200
7 201
7 206
9 58
9 60
9 61
9 64
9 71
10 8
11 40
11 48
11 59
11 71
11 75
11 79
12 11
12 15
12 21
12 35
12 38
12 41
12 48
12 60
13 7
13 8
13 11
13 12
13 15
13 25
13 26
13 33
13 116
13 120
13 121
13 124
13 126
13 127
13 130
13 132
13 135
13 144
13 151
13 171
13 177
13 182
13 188
13 191
13 192
13 197
13 200
13 208
13 213
13 221
13 227
13 232
13 233
13 237
13 240
15 16
15 23
15 24
15 27
15 28
15 34
15 44
15 48
15 60
15 61
15 63
15 167
15 183
15 186
15 191
16 100
16 106
16 118
17 2
17 4
19 27
20 17
20 18
21 3
21 8
21 9
21 17
21 21
21 22
21 37
21 47
21 58
21 60
21 181
21 190
21 191
22 6
22 8
22 20
22 27
22 31
24 9
24 15
24 26
24 27
24 31
24 35
24 46
24 56
24 62
24 67
24 68
24 191
24 196
24 199
24 200
24 212
24 214
24 216
24 222
24 237
24 241
24 242
24 243
24 376
24 415
24 419
24 425
24 426
24 433
24 441
24 449
24 458
24 461
24 465
24 466
24 473
24 474
24 482
24 487
24 494
24 495
24 504
24 506
24 508
24 509
24 530
24 559
24 569
24 570
24 572
24 575
24 577
24 578
24 587
25 7
25 9
25 11
25 12
25 20
25 27
25 30
25 35
25 38
25 57
25 61
25 67
26 14
26 16
26 21
26 79
26 82
26 83
28 2
28 7
28 8
28 12
28 18
28 23
28 34
28 41
28 45
28 51
28 74
28 83
28 92
28 93
28 97
28 103
28 107
28 109
28 130
28 131
28 154
28 158
28 160
28 168
29 1
30 49
30 51
30 52
30 53
31 3
31 36
31 39
31 55
33 73
33 76
33 79
34 15
34 17
34 27
34 36
34 38
34 52
34 59
34 66
34 71
34 73
34 75
34 76
34 81
34 86
35 2
35 9
35 11
35 16
35 17
38 17
38 19
38 21
39 47
39 49
39 50
39 61
39 67
39 72
39 74
39 79
39 124
39 134
39 140
39 141
39 146
39 151
41 76
41 86
41 93
41 95
41 96
41 109
41 112
41 114
41 116
41 121
41 122
41 123
41 140
41 141
41 142
41 155
41 160
41 178
41 181
41 184
41 190
41 194
41 195
42 2
42 3
42 16
42 21
42 23
42 27
43 7
43 10
43 23
43 27
43 28
43 33
43 35
43 39
43 41
43 42
45 86
45 90
45 95
45 98
45 99
45 102
45 103
45 104
45 106
45 117
45 119
45 120
45 123
45 126
45 129
45 133
45 145
45 148
45 149
45 157
45 158
45 161
45 164
45 171
45 175
45 182
45 188
45 319
45 328
45 329
45 333
45 334
45 341
45 343
45 345
46 5
46 7
46 24
46 28
46 35
46 36
46 37
46 52
46 55
46 70
46 77
46 79
46 89
46 100
46 105
46 112
46 113
46 116
46 117
46 145
46 147
46 150
46 235
46 238
46 242
46 246
46 253
46 260
46 266
46 269
46 275
46 279
46 280
46 288
46 314
46 318
46 323
46 339
46 344
46 368
47 33
47 41
47 48
47 51
49 11
49 17
50 10
50 11
50 13
50 17
50 33
50 37
50 164
50 165
50 175
50 180
50 182
50 186
50 193
50 209
50 215
50 216
50 222
50 237
50 243
50 248
50 250
51 3
51 6
51 8
51 10
51 23
51 27
51 28
51 46
51 60
51 68
51 71
53 5
53 8
53 17
53 25
53 28
53 30
53 32
53 33
53 36
53 46
53 62
53 67
53 77
53 86
53 101
53 103
53 104
53 113
53 114
53 127
53 129
53 137
53 139
53 144
53 162
53 171
53 177
53 181
53 183
53 330
54 10
55 5
55 7
55 8
55 14
55 18
55 21
55 27
55 35
55 39
55 40
55 43
55 77
55 90
55 103
55 129
55 130
55 141
55 142
55 148
55 152
55 158
55 160
55 165
55 167
55 183
55 190
55 236
55 246
55 252
55 266
55 270
55 271
55 275
55 276
55 280
55 297
55 301
55 315
55 331
55 335
56 3
56 27
56 42
56 50
56 51
56 53
56 60
56 65
56 67
56 70
56 75
57 3
57 5
57 12
57 34
57 36
57 39
57 44
58 3
58 13
58 20
58 27
58 32
58 42
58 46
58 56
58 63
58 80
58 89
58 107
58 117
58 119
58 120
58 131
58 137
58 147
58 149
58 154
58 155
58 165
58 172
58 181
58 185
58 188
58 212
58 213
58 221
58 241
58 242
58 243
58 249
58 253
58 254
58 256
58 274
58 275
58 277
58 280
60 6
60 18
60 33
60 36
60 51
60 57
60 59
60 62
60 64
60 65
60 66
60 70
60 74
60 79
61 2
61 10
61 11
61 32
61 36
61 57
61 72
61 73
61 89
61 103
61 109
61 115
61 116
61 117
62 3
62 11
62 13
62 14
62 26
62 32
62 36
62 37
62 49
62 50
62 67
62 83
62 87
62 89
62 94
62 98
62 99
62 103
62 108
62 111
62 119
62 120
62 126
62 128
62 130
62 134
62 151
62 163
62 184
62 192
62 197
62 205
62 207
62 211
63 17
63 18
63 23
63 38
63 40
63 42
63 44
63 50
64 13
64 24
65 12
65 15
65 17
65 22
67 10
67 16
67 18
68 1
68 4
68 8
68 20
68 24
69 1
69 7
69 11
69 12
69 15
69 23
69 26
69 30
69 32
69 33
69 34
71 7
71 21
71 26
71 33
71 39
71 40
71 42
71 66
71 67
71 73
71 74
71 79
71 92
71 94
71 98
71 99
71 101
71 102
71 105
71 106
71 108
71 115
71 123
72 1
72 9
72 12
72 16
72 21
72 29
72 32
72 41
72 51
72 52
72 61
72 71
72 73
72 77
72 96
72 101
72 106
72 116
73 18
74 4
74 14
74 44
74 45
74 59
74 62
74 64
74 140
74 144
74 149
74 150
75 12
75 15
75 18
76 2
76 8
76 9
76 11
76 14
76 17
76 18
76 21
76 23
76 24
76 35
76 42
76 52
76 53
76 62
76 65
76 66
76 72
76 74
77 7
77 11
77 19
77 22
77 27
77 28
77 33
77 72
79 4
79 12
79 22
79 27
80 4
80 5
80 10
80 35
80 39
80 42
80 48
80 54
80 57
80 61
80 65
80 73
80 88
81 11
81 15
81 16
81 19
81 21
81 26
81 31
81 34
81 39
81 47
81 49
81 53
81 55
82 9
82 78
82 81
82 83
82 96
82 97
82 98
82 99
82 101
82 117
82 118
82 119
84 65
84 69
84 116
84 122
84 123
84 131
84 141
84 147
84 149
84 156
84 160
84 167
84 169
86 3
86 14
86 24
86 27
87 3
87 6
87 11
87 25
87 27
87 35
87 45
87 52
87 58
87 62
87 64
87 70
87 86
87 89
87 93
87 96
87 97
87 104
87 118
87 128
87 134
87 137
87 145
88 77
89 13
89 14
89 28
89 29
89 34
90 121
90 129
90 137
90 153
90 167
90 286
90 299
91 3
91 14
91 15
91 21
91 31
91 38
93 5
93 17
93 23
93 27
93 81
93 87
93 97
93 112
93 120
93 121
93 125
93 128
93 129
93 135
93 138
93 159
93 161
93 172
93 173
94 1
94 5
94 11
95 1
95 72
95 76
96 11
96 16
96 18
96 32
96 38
96 41
96 52
96 53
96 59
96 68
96 75
96 80
96 82
96 84
96 101
96 102
96 105
96 112
96 129
96 134
96 147
96 148
97 23
97 27
97 44
97 51
97 177
