1 9
2 2
2 7
2 24
2 25
2 29
2 36
3 1
3 6
4 1
5 87
5 91
5 94
5 96
5 97
5 98
5 101
5 103
5 104
5 110
6 33
6 39
6 41
8 10
8 14
8 20
8 35
10 11
10 12
11 4
11 10
11 12
12 3
16 61
16 85
16 86
16 87
16 89
16 270
16 271
16 279
16 283
16 294
16 297
16 302
16 307
16 330
16 331
16 332
16 354
17 6
17 9
17 10
17 16
17 23
17 25
17 34
17 36
17 39
17 47
17 53
17 58
17 62
17 71
17 87
17 90
17 98
17 100
17 106
18 2
18 6
18 12
18 16
18 18
18 40
19 8
19 15
19 24
19 26
19 31
19 41
19 49
19 52
19 53
19 61
19 66
19 82
19 85
19 93
19 94
19 95
19 102
19 108
19 113
19 114
19 116
19 117
19 119
19 122
19 123
19 124
19 127
19 136
19 144
19 145
19 146
19 155
19 165
19 171
19 172
19 173
19 288
19 290
19 300
19 301
19 304
19 309
19 320
20 1
20 12
20 32
20 34
20 35
20 37
20 50
20 184
20 191
20 192
20 194
20 210
20 214
20 220
20 223
20 225
20 231
20 234
20 245
21 4
21 7
21 16
22 3
22 5
22 10
22 17
23 2
24 11
24 19
24 20
24 21
24 22
24 26
24 33
24 37
24 45
24 49
24 50
24 57
24 59
24 60
24 63
24 66
24 203
24 209
24 217
24 232
24 235
24 236
24 244
24 263
24 266
24 267
25 1
25 2
25 15
25 16
25 24
25 26
25 28
25 35
25 44
25 45
25 47
25 62
25 66
25 67
25 76
25 82
25 88
25 89
25 94
25 95
25 96
25 99
26 2
26 7
26 10
26 13
27 9
28 3
28 5
28 8
28 24
28 39
28 45
31 45
31 57
31 66
31 85
31 97
31 98
31 112
31 114
31 115
31 118
31 126
31 132
31 135
31 143
31 144
31 146
31 149
31 166
31 171
31 173
31 175
31 179
31 180
31 181
31 199
31 205
31 218
31 220
31 227
32 2
32 6
33 20
33 24
33 35
33 41
33 51
33 53
34 2
34 9
34 10
34 12
34 19
34 20
35 84
35 85
35 86
35 89
35 92
35 99
35 103
35 113
35 130
35 137
35 140
35 141
35 154
35 162
35 168
36 39
36 41
36 42
37 94
37 96
37 97
37 98
38 4
38 6
39 1
39 5
39 6
39 8
39 12
39 13
39 22
39 23
39 28
39 36
39 41
39 43
40 5
40 8
40 11
41 25
41 29
41 32
41 90
41 94
41 100
41 101
41 105
41 108
43 24
43 34
43 36
43 38
43 41
43 42
43 44
43 47
43 49
43 57
43 61
43 65
43 72
43 73
43 76
43 215
43 220
43 226
43 237
44 12
44 79
44 81
44 84
44 86
44 98
44 104
44 109
44 110
44 119
44 124
44 126
44 128
44 130
44 131
44 148
44 154
46 26
46 32
46 35
46 44
47 26
47 38
48 1
48 14
50 61
50 69
50 72
50 73
50 90
50 92
50 96
50 109
50 115
50 126
50 138
50 148
50 150
50 153
50 155
50 160
50 169
50 176
50 178
50 180
50 184
55 14
55 73
57 16
57 21
58 83
58 84
58 85
58 91
58 96
58 104
58 107
59 126
59 129
59 133
59 135
61 3
61 10
61 31
61 41
61 43
61 47
61 51
61 54
62 23
62 25
62 28
62 161
63 17
63 18
63 20
63 28
63 29
63 36
63 38
63 55
63 56
63 76
63 77
63 84
63 86
64 122
64 127
64 136
64 141
64 148
64 149
64 157
65 15
65 28
65 33
66 7
66 8
66 71
66 74
66 78
66 82
66 88
66 91
66 179
66 187
66 191
66 195
66 198
66 208
66 210
66 215
66 216
66 217
66 219
66 223
66 224
66 233
66 235
66 239
66 243
66 244
66 245
66 264
66 272
68 17
68 21
68 114
68 115
69 1
69 2
69 7
69 10
69 11
69 14
69 20
69 21
69 24
69 30
69 35
70 5
70 19
70 20
70 24
70 26
70 30
70 32
70 33
70 49
70 50
70 91
70 99
70 101
70 104
70 109
70 114
70 124
70 127
70 134
70 144
70 203
70 206
73 18
73 28
73 49
73 51
73 54
73 55
73 61
73 79
73 80
73 85
73 99
73 101
73 111
73 118
73 122
73 138
73 140
73 146
73 147
74 1
74 130
74 132
74 136
74 138
74 148
74 149
74 165
74 174
74 179
74 180
74 181
75 1
75 35
75 44
75 46
75 47
75 89
75 90
75 101
75 102
75 106
76 1
76 4
76 6
76 7
76 10
76 16
76 20
76 23
76 28
77 61
77 62
77 66
77 71
77 76
77 97
77 103
77 109
77 123
77 124
77 125
77 140
77 144
77 152
78 92
80 6
80 17
80 37
80 49
80 57
81 3
81 4
83 9
83 23
83 26
84 9
84 11
84 16
84 17
85 87
85 94
85 98
85 100
85 102
85 104
85 107
85 112
85 119
85 124
85 125
85 128
86 2
86 4
86 7
86 20
86 25
86 37
86 45
86 50
86 56
86 60
86 62
86 67
86 68
86 75
86 79
86 88
88 90
88 98
88 110
88 112
88 113
88 115
88 120
88 127
88 135
89 26
89 27
89 43
89 45
89 176
89 177
89 181
89 188
89 191
89 195
89 197
89 235
89 242
89 243
89 248
89 256
89 257
89 264
89 274
90 49
90 55
91 9
91 10
91 12
91 16
91 17
92 56
92 60
92 62
92 64
92 65
92 77
92 79
92 83
92 87
92 88
92 92
92 97
92 100
92 170
92 172
92 177
92 178
92 180
92 182
92 184
92 197
92 203
92 204
92 207
92 213
92 219
92 239
92 242
92 252
95 43
95 52
95 54
95 62
95 64
95 68
95 74
95 75
95 76
95 82
95 86
95 95
95 97
95 100
95 113
95 115
95 124
96 7
96 13
96 29
96 46
96 49
96 56
96 68
96 76
96 80
96 86
96 92
96 102
96 104
97 11
97 18
97 19
97 36
97 48
97 57
97 59
97 68
98 7
98 17
98 36
98 41
98 47
98 48
98 52
98 59
98 62
98 69
98 71
98 77
98 91
98 92
98 94
98 95
98 97
98 113
99 1
99 3
99 5
99 14
99 27
99 48
99 50
99 53
99 55
99 58
100 3
100 4
100 16
100 20
100 35
100 39
100 43
100 46
100 60
100 62
100 63
101 1
101 3
101 133
101 156
101 157
101 160
101 162
101 164
101 187
101 190
101 191
101 193
101 199
101 200
101 203
101 205
101 209
101 212
101 213
101 223
101 226
101 231
101 239
101 242
101 248
101 255
101 259
101 262
101 265
101 281
101 288
101 292
101 294
101 300
102 2
102 11
102 14
102 29
103 33
103 34
103 36
103 38
104 4
104 12
104 13
105 9
106 6
106 22
106 27
106 30
106 37
106 39
106 40
106 47
106 53
106 56
106 57
106 64
106 65
106 67
106 72
106 74
106 76
106 78
106 80
106 82
106 92
106 93
107 107
108 5
