1 35
1 36
1 47
1 55
1 73
1 79
1 80
1 85
1 93
1 99
1 100
1 104
1 107
1 125
1 127
1 129
1 130
1 134
3 8
3 57
3 58
3 72
3 76
3 81
3 83
3 97
3 100
3 101
3 106
3 115
3 118
3 119
3 125
3 129
3 137
3 144
3 146
3 148
3 152
3 157
3 159
3 161
3 162
3 170
5 7
5 16
5 22
6 6
6 136
6 139
6 144
6 155
6 157
6 158
6 160
6 174
6 180
6 181
6 198
6 213
6 217
6 221
6 232
6 235
6 237
6 240
6 241
6 248
6 256
6 262
6 263
6 265
6 275
6 291
6 293
6 294
6 301
6 431
7 40
7 49
7 53
7 55
7 63
7 72
7 76
7 78
7 79
7 82
7 85
8 4
8 11
8 13
8 20
8 24
9 13
11 37
11 46
11 48
11 59
11 61
11 74
12 5
12 24
12 26
13 1
13 6
13 8
14 51
14 53
14 57
15 3
15 4
15 6
15 8
15 11
15 14
15 17
16 9
16 13
16 14
16 28
17 1
17 2
17 7
18 2
19 7
19 11
19 12
19 18
19 21
19 38
19 43
19 47
22 1
22 4
22 8
22 17
23 1
23 11
23 13
23 19
23 21
23 22
23 24
23 29
23 30
24 1
24 3
24 6
24 24
24 26
24 28
24 41
25 3
25 12
27 46
27 58
27 68
27 79
27 83
27 86
27 87
28 7
28 21
29 1
29 2
29 6
29 8
29 11
29 13
29 28
29 30
29 32
30 5
30 17
30 48
30 51
30 67
30 70
30 76
30 88
30 90
30 122
30 124
31 79
31 80
31 83
31 85
31 90
31 92
31 139
32 9
32 15
32 17
32 18
32 24
32 34
32 41
32 42
32 51
32 53
32 55
32 67
32 73
32 75
32 80
32 81
32 86
32 88
32 89
32 91
32 93
32 97
32 99
32 104
32 107
32 118
32 119
32 127
32 137
32 141
32 151
33 3
33 11
33 14
33 18
33 22
33 25
33 27
33 44
33 59
34 11
34 16
34 18
34 22
34 34
34 37
34 40
34 44
34 47
34 50
34 53
34 92
35 3
35 7
35 24
35 25
35 68
35 69
36 1
36 2
36 49
36 57
36 58
38 3
38 6
38 12
38 15
38 16
38 17
38 19
38 39
38 42
38 46
38 161
38 165
38 167
38 168
38 174
38 175
38 179
38 180
38 183
38 186
38 188
38 190
38 191
38 195
38 200
38 207
38 209
38 210
38 216
39 5
39 7
40 13
40 14
40 125
40 127
40 240
40 251
42 47
42 49
42 50
42 52
42 55
42 67
42 74
42 95
43 2
44 3
44 7
44 16
45 8
45 9
46 28
46 35
46 41
46 50
46 53
46 56
46 76
47 95
47 103
47 105
47 109
47 112
47 116
47 131
47 150
47 154
47 155
47 163
47 165
47 172
47 182
47 183
47 189
47 192
47 193
47 198
47 202
47 219
47 220
47 223
47 224
47 236
47 241
47 242
47 244
48 8
48 15
48 17
48 20
48 23
48 31
49 129
49 131
49 132
49 137
50 76
50 80
50 109
50 114
50 122
50 130
50 131
50 139
50 140
50 147
50 148
50 149
50 152
50 155
50 159
50 176
50 178
50 182
50 184
50 187
51 1
51 9
51 10
52 17
52 19
52 24
52 43
53 10
53 19
53 22
53 24
53 28
53 31
53 34
53 37
53 50
53 57
57 16
57 18
58 1
58 2
58 3
58 10
58 19
58 24
59 12
59 14
61 1
61 2
61 5
61 10
61 16
61 18
61 20
61 23
61 32
61 34
61 43
61 45
61 54
61 64
61 65
61 68
61 72
61 80
61 92
61 94
61 96
61 109
61 118
61 120
61 121
62 95
62 97
62 98
63 18
63 23
63 29
63 102
63 105
63 107
63 111
63 113
63 116
65 118
65 120
65 127
65 129
65 138
65 144
65 149
65 150
65 157
65 162
65 168
65 173
65 175
65 177
65 180
65 182
66 19
66 20
67 19
67 20
67 23
67 32
67 34
67 37
67 43
67 48
67 50
67 52
67 59
67 61
67 71
67 79
67 80
67 91
67 94
67 105
67 109
67 116
67 245
67 246
67 252
67 254
67 256
67 263
67 265
67 269
67 270
67 276
67 277
67 285
67 293
67 294
67 298
67 302
67 308
67 327
67 336
67 340
67 395
67 398
67 410
67 411
67 413
67 418
67 424
67 428
67 429
67 471
67 475
67 481
67 500
67 502
67 513
67 520
67 528
67 534
67 536
67 540
67 541
67 565
68 39
68 41
69 24
69 25
69 30
69 31
69 33
69 39
69 40
69 108
69 118
69 120
69 121
69 126
69 140
69 143
69 146
69 151
69 155
69 159
69 160
69 168
69 172
69 173
69 174
69 181
69 188
69 196
69 226
69 227
69 229
69 231
69 234
69 239
69 240
69 242
69 243
69 248
69 252
69 258
69 275
69 279
69 290
69 304
69 365
69 369
69 371
69 377
69 383
69 384
69 392
69 401
69 403
69 426
70 7
70 19
70 29
70 30
70 34
70 35
70 39
70 64
70 72
70 74
70 75
70 80
70 91
70 93
70 94
70 97
70 98
70 100
70 103
70 106
70 111
70 115
70 116
70 117
70 123
70 126
70 137
70 138
70 148
70 156
71 2
71 3
71 4
71 5
71 9
71 21
71 31
71 36
73 94
73 102
73 103
73 104
73 118
73 123
73 126
73 132
73 134
75 3
75 5
75 8
75 14
75 28
75 45
75 47
75 56
75 64
76 41
76 44
76 45
76 64
76 67
76 73
76 85
76 107
76 113
76 164
76 168
76 172
76 173
76 176
76 193
76 200
76 208
76 209
76 210
76 213
77 6
77 17
77 21
77 26
77 27
77 28
77 41
77 48
77 49
77 53
77 55
77 80
77 81
77 91
78 1
78 2
78 13
78 15
78 21
78 23
78 29
78 46
78 51
78 52
78 56
78 62
78 64
81 18
82 4
82 26
82 27
83 3
83 6
83 7
83 24
83 29
83 42
83 44
83 45
83 51
83 64
83 73
83 76
87 9
87 10
89 4
89 9
89 12
89 16
89 21
90 8
90 14
90 22
91 7
91 10
91 12
92 2
92 9
92 16
92 20
92 34
93 2
93 18
93 25
93 31
93 42
93 43
93 49
94 115
94 130
94 132
94 135
94 146
94 155
94 165
94 170
94 172
94 174
94 187
94 200
94 202
95 39
95 42
95 44
95 49
96 131
96 156
100 55
100 56
100 60
100 64
100 109
100 111
100 121
100 123
100 137
100 139
100 153
100 166
100 169
100 171
100 173
100 202
100 208
100 217
100 222
100 230
100 236
100 246
100 255
100 256
100 266
100 267
100 269
100 273
100 281
100 285
100 293
100 302
100 308
100 314
100 315
100 319
100 320
100 333
100 337
100 353
100 356
100 363
100 365
100 378
102 74
102 80
102 82
102 89
102 93
102 94
102 104
103 16
103 19
103 30
103 36
103 39
103 40
103 42
103 55
103 61
104 7
105 2
105 4
105 7
107 2
108 1
108 6
108 10
108 11
108 32
108 39
108 43
108 49
108 58
108 66
108 73
108 76
108 106
108 114
108 120
108 121
108 128
108 131
108 137
108 139
109 10
109 15
109 16
110 4
110 5
113 13
113 47
113 50
113 54
113 55
113 58
113 59
113 63
113 64
113 75
113 80
113 88
113 89
113 93
113 98
113 102
113 104
113 125
113 137
113 139
113 250
113 251
113 264
113 269
113 272
113 274
113 284
113 285
113 303
113 312
113 319
113 320
113 336
113 356
113 359
113 367
113 369
113 390
113 392
