1 6
1 28
1 32
2 2
2 50
2 64
2 66
2 67
2 79
2 85
3 31
3 37
3 39
3 42
3 44
3 51
3 52
5 59
8 9
8 12
8 17
9 1
10 4
10 11
11 7
11 13
12 5
12 11
12 12
12 19
12 20
12 22
12 23
12 24
12 28
12 39
12 45
12 55
12 60
12 79
14 83
14 89
14 90
14 120
14 121
14 126
14 127
14 130
14 133
14 136
14 137
15 1
15 6
15 22
15 24
15 25
20 27
20 34
20 52
20 54
20 55
21 5
21 8
21 13
21 22
21 30
21 47
21 54
21 55
21 70
21 72
21 81
21 83
21 96
21 105
21 118
21 119
21 132
22 29
22 30
23 5
23 7
23 9
23 19
23 20
23 22
23 23
23 29
23 31
23 33
23 35
23 44
24 33
24 43
24 48
24 55
24 57
24 65
24 70
24 72
24 73
24 77
24 79
24 83
24 88
24 89
24 95
24 96
24 100
24 117
24 118
24 120
24 139
24 143
24 159
24 175
24 184
24 185
24 188
24 224
24 225
24 233
24 245
24 247
24 248
24 257
24 355
24 357
24 360
25 2
25 4
25 5
25 8
26 40
26 46
26 54
26 55
26 56
26 75
26 78
26 79
26 82
26 85
26 86
26 95
26 104
26 111
27 3
27 17
27 18
27 26
27 28
27 31
27 41
27 54
28 4
29 4
29 39
29 50
30 16
30 21
30 28
30 29
30 30
30 43
30 48
30 54
30 55
30 62
31 1
31 11
31 13
31 24
31 27
31 32
31 33
31 39
31 41
31 47
31 49
31 53
31 59
31 61
31 76
31 77
31 78
31 80
31 83
31 99
31 105
31 107
32 3
33 39
33 40
33 44
33 45
33 49
33 52
33 64
33 67
33 69
33 77
33 79
33 82
33 91
33 93
33 100
33 104
33 114
33 133
33 140
33 143
33 147
33 150
33 151
33 154
33 157
34 1
35 2
35 13
35 17
35 23
35 40
35 41
35 43
35 48
36 4
36 10
36 23
36 32
36 39
36 45
36 46
36 59
36 60
36 64
36 70
36 74
36 76
36 78
36 79
37 96
37 105
37 106
37 110
37 113
37 124
37 126
37 143
37 146
37 147
37 149
37 151
37 160
37 175
37 178
37 192
37 197
37 198
37 202
37 208
37 209
37 218
37 227
37 228
37 240
38 6
38 13
38 15
38 31
38 35
41 21
41 23
41 26
41 27
41 30
41 36
41 50
41 60
41 61
41 65
41 66
41 196
41 199
41 211
41 231
41 236
41 257
41 260
41 261
41 263
42 6
42 11
42 20
42 21
42 23
43 6
43 8
45 27
45 29
45 31
45 34
45 42
45 44
45 88
45 90
45 91
45 94
45 100
46 3
46 9
46 18
46 20
46 29
46 31
46 32
46 33
46 35
46 36
46 41
46 53
46 64
46 65
46 69
46 76
46 86
46 87
46 94
46 96
46 100
46 101
46 107
46 113
46 206
47 13
47 17
47 43
47 45
47 49
47 51
49 106
49 124
50 1
50 13
50 18
50 38
50 44
50 47
50 53
50 54
50 57
50 62
51 8
51 9
51 14
52 8
52 9
53 10
54 7
54 8
54 15
54 27
54 32
54 34
54 38
55 1
55 23
55 35
55 37
55 42
55 43
55 63
55 78
55 80
55 82
55 83
55 94
55 104
56 44
56 49
57 91
57 95
57 105
57 108
57 115
57 127
57 140
57 144
57 146
57 150
57 159
57 161
58 13
58 15
58 22
58 25
58 29
58 36
58 40
58 49
58 51
58 52
58 148
58 150
58 151
58 171
58 173
59 1
60 7
61 1
61 3
61 13
62 27
62 28
62 30
62 33
62 34
62 42
62 43
63 22
63 24
66 16
66 21
66 38
66 40
66 43
66 50
66 55
66 70
66 72
66 76
67 23
67 28
67 29
67 44
67 47
67 51
67 56
67 59
67 64
67 77
67 83
67 87
67 88
67 99
67 102
68 3
68 4
68 7
68 42
68 43
68 46
68 48
69 1
69 4
69 8
69 10
69 12
69 13
69 19
70 88
70 114
70 118
71 100
71 107
72 1
72 4
72 5
72 133
72 135
73 19
73 20
73 31
73 33
73 34
74 10
74 12
74 16
74 17
74 36
74 37
74 47
74 64
74 76
74 78
74 102
74 104
74 109
74 116
74 121
74 126
74 127
74 157
74 166
74 172
74 175
74 184
74 185
74 188
74 191
74 197
74 205
75 16
75 17
75 20
75 26
75 27
75 28
75 37
75 39
75 52
75 57
75 74
75 83
76 5
76 6
76 9
76 19
76 36
76 38
76 39
76 116
76 122
76 127
76 131
76 132
76 145
76 149
77 1
77 9
77 14
77 16
80 33
80 36
80 38
80 39
80 40
80 41
80 52
80 60
80 70
83 15
83 16
83 43
83 49
83 62
83 71
83 74
83 82
83 85
83 87
83 91
83 92
83 94
83 96
83 97
83 105
83 109
83 113
83 115
83 130
83 131
83 134
83 135
83 140
83 148
83 150
83 151
83 163
83 173
83 189
83 194
83 208
83 209
83 213
83 215
85 62
85 76
86 22
86 24
86 38
86 40
86 45
87 2
87 5
87 9
87 15
87 20
87 21
87 31
87 37
87 45
87 46
87 47
88 1
88 2
88 7
88 8
88 24
88 28
88 34
88 37
88 49
88 190
88 196
88 202
88 203
88 217
88 239
88 241
88 257
88 262
88 266
88 275
88 276
88 278
88 281
88 282
88 285
88 286
90 1
90 2
90 5
90 27
90 31
90 33
90 44
90 50
90 52
90 57
90 63
90 74
90 75
90 92
90 93
90 107
91 1
91 8
91 12
91 15
91 37
91 39
91 40
92 4
92 10
92 15
92 39
92 44
92 54
92 61
93 8
93 9
93 10
93 18
93 25
93 27
93 35
93 36
93 39
93 40
93 43
93 50
93 54
93 57
93 61
94 46
94 65
94 66
94 70
94 74
94 198
94 211
94 214
94 217
94 226
94 235
94 380
94 383
94 394
96 26
96 43
96 46
97 14
97 19
97 21
97 28
97 36
97 39
97 52
97 54
97 55
97 56
97 104
98 96
98 103
98 106
98 111
98 116
98 126
98 139
98 144
98 147
98 149
98 151
98 171
98 177
98 180
98 182
98 187
98 198
98 203
98 212
98 237
98 239
98 246
100 1
100 4
100 5
100 8
100 9
100 10
100 28
100 45
100 47
100 56
100 60
100 69
100 76
100 94
100 100
100 180
100 182
100 192
100 207
100 208
100 218
100 219
100 225
100 227
100 241
100 242
100 244
100 296
100 305
100 313
100 314
100 316
100 328
100 368
100 373
100 385
100 387
100 390
100 397
100 401
100 404
100 406
100 411
100 441
100 442
100 446
100 451
100 455
100 461
100 464
100 470
100 481
100 501
100 503
100 504
100 508
100 512
100 519
100 520
100 521
100 528
100 529
100 540
100 616
100 617
100 620
100 637
100 640
100 651
100 652
100 659
100 668
100 671
100 679
101 13
101 28
101 32
101 64
101 73
101 80
101 82
101 84
101 88
101 92
101 99
101 100
101 101
101 110
101 111
101 114
101 122
102 4
102 11
102 23
103 17
103 25
103 29
103 32
103 33
103 44
103 49
103 52
103 54
103 57
103 59
104 10
105 4
105 5
106 89
107 6
108 3
108 5
108 12
108 17
108 21
108 41
108 76
108 78
108 95
108 102
108 113
108 114
108 132
108 136
108 138
108 147
109 4
109 17
110 6
110 10
110 11
110 20
110 22
110 25
110 26
