1 2
1 10
1 15
1 33
1 53
1 54
1 56
1 57
1 64
1 69
1 72
1 76
1 78
1 83
1 129
1 143
1 146
1 164
1 173
1 182
1 185
1 200
1 201
1 208
1 209
1 214
1 215
1 226
1 228
1 234
1 238
1 244
1 247
1 249
1 259
1 260
1 265
1 311
1 331
1 341
1 344
1 349
1 361
1 370
1 372
1 373
1 417
1 419
1 421
1 422
1 424
1 450
1 464
1 465
1 476
1 480
1 495
1 499
1 510
1 535
2 6
2 11
2 13
2 23
2 33
2 38
2 42
2 47
2 55
2 67
2 74
2 77
2 78
2 81
2 89
2 93
2 94
2 101
2 102
2 108
2 111
2 113
2 115
2 116
2 123
2 124
2 131
2 136
2 146
2 147
2 154
2 156
2 159
2 163
2 164
2 169
2 174
2 175
2 177
2 178
4 6
4 7
4 11
4 23
4 30
4 34
4 37
4 43
4 47
4 50
4 53
4 59
4 67
4 71
4 74
4 77
4 85
4 86
4 97
4 98
4 103
4 110
4 113
4 116
4 123
4 131
4 132
4 134
4 140
4 144
4 149
4 222
4 226
4 228
4 236
4 237
4 241
4 246
4 250
4 269
4 271
5 4
5 7
5 12
5 16
5 20
7 64
7 68
7 69
7 80
7 100
7 103
7 104
7 110
7 113
7 116
7 118
7 120
7 122
7 124
7 126
8 16
8 23
8 24
8 26
8 30
9 7
9 8
9 16
9 23
9 24
9 35
9 52
9 53
9 62
9 66
9 90
9 101
9 114
9 118
9 121
10 6
10 11
10 13
10 14
10 29
10 39
10 40
10 43
12 14
12 16
12 39
12 53
12 55
14 1
14 6
14 30
14 31
14 34
14 37
14 48
14 52
14 60
14 64
14 66
14 74
14 76
14 79
14 81
14 88
14 98
15 53
15 92
15 95
15 102
15 119
15 120
15 122
15 124
15 144
15 171
15 173
15 177
19 22
19 41
19 44
19 47
19 58
19 63
19 80
19 88
19 97
19 106
19 115
19 125
19 139
21 22
21 27
21 40
21 55
21 76
22 2
22 9
22 16
22 17
22 20
22 28
23 3
23 12
23 17
23 24
23 25
23 26
23 34
23 36
23 46
23 62
23 66
23 74
23 76
24 2
24 5
24 24
24 28
24 29
24 119
24 130
24 131
24 141
24 142
24 144
24 153
24 157
24 161
24 170
24 171
24 177
24 180
24 181
24 183
24 186
24 197
24 214
24 221
25 106
25 108
25 109
25 113
25 121
25 123
25 130
25 131
25 133
25 136
25 141
25 143
25 149
25 151
25 153
25 165
25 168
25 171
25 172
25 173
25 185
28 36
28 44
28 47
28 52
28 54
28 57
29 33
29 42
29 50
29 85
29 86
29 96
29 97
29 108
29 109
29 110
29 125
30 2
30 8
30 11
30 16
30 26
31 4
31 5
31 7
31 10
31 12
31 18
32 2
32 4
32 8
32 12
32 20
32 29
32 37
32 96
32 111
32 117
32 124
32 131
32 139
32 144
32 147
32 157
32 164
32 175
32 180
32 182
32 184
33 5
33 6
33 7
33 8
33 9
33 18
33 21
33 22
33 23
33 25
33 34
33 41
33 46
33 48
33 56
33 62
33 63
33 70
33 78
33 82
33 83
33 92
33 96
33 98
33 108
33 122
33 127
33 132
33 133
33 155
33 159
33 166
33 173
33 184
33 187
33 191
33 192
33 203
33 204
33 206
33 223
33 224
33 237
33 243
33 244
35 25
36 11
36 15
36 16
36 37
36 41
36 42
36 47
36 49
36 50
36 69
36 70
36 72
36 77
36 83
36 88
36 97
37 1
37 16
37 30
37 31
37 40
37 41
37 43
37 53
37 56
37 62
37 68
37 71
37 72
37 73
37 102
37 105
37 108
37 109
37 116
37 126
37 142
37 144
37 158
37 160
38 9
38 13
38 20
38 21
38 22
38 27
38 35
38 36
38 37
38 41
39 2
39 5
39 9
39 10
39 16
39 33
40 30
40 33
40 34
40 39
43 2
43 8
43 25
43 27
43 34
43 40
43 45
43 51
43 75
43 82
43 88
43 103
43 110
43 114
43 115
44 3
44 4
44 6
44 7
44 31
44 40
44 45
44 49
44 52
44 54
44 57
44 65
44 67
44 70
44 87
44 94
44 98
44 104
44 109
44 110
44 113
45 6
45 19
45 24
45 26
45 33
45 35
45 43
45 51
45 53
45 58
45 63
45 78
45 90
45 92
45 93
45 96
45 102
45 109
45 119
46 14
46 15
46 41
46 46
46 47
46 52
46 57
46 58
46 63
46 67
46 81
46 82
46 83
46 85
46 87
46 88
46 96
46 115
46 119
48 4
48 5
48 9
48 10
48 12
48 18
48 33
48 37
48 38
48 41
48 42
48 44
48 45
48 59
48 118
48 133
48 138
48 149
48 170
48 171
48 298
48 320
48 325
49 19
49 39
49 42
49 46
49 64
49 66
49 70
49 75
49 77
49 84
49 85
51 1
51 12
51 32
51 38
51 49
51 52
51 58
51 77
52 17
52 20
52 22
52 25
52 39
52 51
52 67
52 71
52 73
52 77
53 3
53 4
55 16
55 18
55 30
56 2
58 19
58 25
58 26
58 35
58 38
58 41
58 42
58 43
58 47
58 48
60 1
60 7
60 13
60 17
60 22
60 31
60 42
63 25
63 38
64 3
64 9
64 35
64 38
64 40
64 41
64 85
64 86
64 89
64 99
64 107
64 121
65 44
65 45
65 48
66 4
67 40
67 45
67 50
67 54
67 57
67 62
67 64
67 170
67 177
67 179
67 182
67 186
67 197
67 200
67 208
67 220
67 224
67 230
67 233
67 250
67 256
67 259
67 264
67 269
67 272
67 273
67 278
67 280
67 284
67 285
67 286
67 290
67 294
67 298
69 21
69 28
69 58
69 60
69 84
69 112
69 127
69 133
69 135
69 141
69 149
69 154
69 156
69 157
69 163
69 165
69 166
69 169
69 171
69 173
69 194
69 197
69 198
69 201
69 210
69 212
69 218
69 224
69 225
69 236
69 252
69 258
69 277
69 278
69 279
69 285
69 286
69 302
69 303
69 305
69 309
69 310
70 6
70 33
70 40
70 43
70 46
70 48
70 53
70 54
70 59
70 70
70 80
70 82
70 92
70 103
70 117
70 118
70 126
70 128
71 1
71 11
71 14
71 165
71 166
71 174
71 177
71 181
71 187
71 191
71 214
71 225
71 226
71 227
71 230
71 247
71 261
71 265
71 272
71 277
71 286
71 287
71 294
71 427
72 1
72 13
72 14
72 23
72 24
72 31
72 38
73 1
73 2
75 7
75 46
75 50
75 52
75 54
75 63
75 78
75 89
75 91
75 102
76 3
76 102
76 104
76 113
76 137
76 146
77 16
78 6
79 24
79 102
79 103
79 106
79 107
79 111
79 117
80 3
80 17
81 2
81 12
81 14
81 77
81 78
81 94
82 6
84 16
84 33
84 40
84 44
84 46
84 61
85 2
85 4
85 7
85 8
85 21
85 27
85 29
87 2
87 15
87 16
87 26
87 27
87 31
87 38
87 40
87 46
87 47
87 50
87 54
87 55
87 67
87 77
87 81
87 82
87 93
87 103
88 11
88 13
88 30
88 31
88 36
88 38
88 39
88 41
88 45
88 49
88 63
88 67
88 78
88 83
88 85
88 87
88 90
88 106
88 107
88 108
88 122
88 123
90 4
90 13
90 18
90 22
90 24
91 20
91 21
91 23
91 27
91 30
91 34
91 46
91 51
92 2
92 3
93 69
93 98
93 100
93 112
93 119
93 120
94 23
94 26
94 31
95 15
95 17
95 21
95 26
95 27
95 30
95 33
95 34
95 35
95 38
95 45
95 49
95 57
96 5
96 9
96 10
96 16
96 17
96 28
96 42
96 46
96 47
96 51
96 59
96 61
96 63
96 66
96 73
96 76
96 79
96 80
96 82
96 89
96 92
96 93
96 229
96 230
96 237
97 7
97 10
97 25
97 31
97 36
97 40
97 45
97 48
97 52
97 57
98 3
98 4
98 13
99 1
99 27
99 36
99 41
99 57
99 67
99 72
99 76
99 123
