1 3
1 8
2 14
2 48
2 50
2 51
2 60
3 35
3 36
3 48
3 52
3 54
3 67
3 68
3 76
3 81
3 103
3 109
3 116
3 118
3 120
3 123
3 129
3 134
3 139
3 174
3 175
3 194
3 200
3 201
3 205
3 207
3 210
3 226
3 232
3 233
3 236
3 258
3 259
3 265
3 280
3 283
4 1
5 3
5 45
5 46
5 49
5 51
5 62
5 74
5 80
5 83
5 91
5 93
6 10
6 27
6 37
6 38
6 43
6 44
6 47
6 58
6 61
6 64
7 1
7 4
7 5
7 20
7 21
7 22
7 23
7 25
7 26
7 32
7 36
7 65
9 3
9 5
9 16
9 17
10 7
10 9
10 21
10 27
10 29
10 39
10 41
10 44
10 56
10 57
10 62
10 65
10 67
10 70
10 73
10 75
10 76
12 1
12 3
12 5
12 15
12 19
12 21
12 22
12 33
12 34
12 42
12 52
13 11
13 17
13 24
13 32
13 36
13 41
13 46
13 47
13 56
13 58
13 62
13 65
13 68
13 73
13 85
13 86
13 87
13 91
13 97
13 113
13 116
13 123
13 129
13 132
13 135
13 138
13 141
13 143
13 146
13 155
13 163
13 165
13 166
13 172
13 188
13 194
13 199
13 204
13 219
13 223
13 231
13 238
13 250
13 252
13 259
13 260
13 277
13 284
13 285
13 349
13 355
13 362
13 370
13 372
13 380
13 382
13 385
13 419
13 420
13 423
13 427
13 431
13 432
14 10
14 14
15 5
15 11
15 12
15 27
15 29
15 31
15 34
15 36
15 44
15 49
15 50
15 54
15 63
15 65
15 71
15 73
15 74
15 89
15 96
15 158
15 159
15 162
15 163
15 170
15 174
15 175
15 188
15 191
16 1
16 5
16 27
16 35
16 39
16 43
16 48
16 51
16 52
16 61
16 74
17 6
17 8
17 11
17 13
17 17
17 18
17 22
17 23
17 26
17 32
17 35
17 36
18 4
18 11
18 18
18 22
18 23
18 47
18 56
18 57
18 58
18 61
18 62
18 64
18 70
18 71
18 74
18 77
18 88
18 99
18 101
18 107
19 4
19 5
19 9
20 4
20 26
20 31
20 37
20 39
20 41
21 2
21 8
21 21
21 29
21 35
21 38
21 48
21 55
21 57
22 3
22 7
22 9
22 12
23 1
23 7
23 11
23 15
24 3
24 16
24 19
24 24
24 30
24 32
24 47
24 49
24 55
24 61
24 63
24 74
24 80
25 8
25 12
25 15
25 24
25 25
25 26
25 28
25 38
26 5
27 26
27 31
27 37
27 42
27 44
27 50
27 53
27 62
27 66
27 71
27 72
27 75
27 76
27 77
27 82
27 85
27 93
27 96
27 99
27 102
27 103
27 109
27 114
27 122
27 126
27 135
27 143
27 144
27 146
27 148
29 9
29 13
30 3
30 112
31 1
31 11
31 13
31 14
31 22
31 24
31 27
31 29
31 34
31 35
31 51
31 52
31 57
31 75
31 78
31 81
31 90
31 106
31 114
31 131
32 2
32 3
33 7
34 33
34 34
34 40
34 49
35 6
35 8
35 25
35 30
35 58
35 63
35 64
35 71
35 73
35 75
35 79
35 86
35 95
35 109
35 111
35 126
35 127
35 128
35 132
35 142
35 153
35 155
35 156
35 177
35 179
35 183
35 187
35 197
35 216
35 237
37 11
37 12
40 56
40 59
40 61
40 64
40 65
40 68
40 70
40 76
40 80
40 87
40 89
40 90
40 92
40 93
40 95
40 100
41 2
41 3
41 19
41 26
41 48
41 64
41 74
41 75
41 76
41 80
41 86
41 95
41 99
41 103
41 115
41 122
41 143
41 150
41 152
41 170
41 173
41 185
41 187
41 196
41 197
41 201
41 213
41 229
41 231
43 1
43 10
43 16
44 5
44 6
44 12
44 17
44 20
44 28
44 40
44 51
45 12
45 14
45 23
45 30
45 31
45 34
45 38
45 39
45 52
45 54
45 56
45 57
45 58
45 60
45 72
45 73
45 74
45 75
45 78
45 95
45 103
45 220
45 225
45 231
46 4
46 6
46 48
46 50
46 57
46 60
46 62
46 68
46 69
48 4
48 8
48 13
48 17
48 21
48 26
48 35
48 44
49 1
49 7
49 11
50 114
50 122
51 1
51 18
51 23
51 28
51 37
51 40
51 54
51 60
51 65
51 69
51 76
51 86
51 90
51 143
51 145
53 73
53 93
54 1
54 5
54 11
54 16
54 27
54 36
54 44
54 45
54 52
54 54
54 56
54 58
54 74
54 79
55 6
55 12
55 18
55 88
58 46
58 63
58 76
58 78
58 83
58 87
58 88
58 94
58 96
58 97
58 103
58 117
59 11
59 17
59 22
60 9
60 10
60 12
60 15
60 30
60 32
60 35
60 38
60 40
60 45
60 50
60 52
63 22
63 27
63 30
63 38
63 46
63 50
63 61
63 78
65 19
65 22
65 28
65 31
65 33
65 34
65 48
65 57
65 64
65 67
66 2
66 4
66 7
66 10
66 15
66 22
66 34
66 39
66 44
66 46
66 52
66 54
66 55
66 62
66 72
66 75
66 79
66 91
66 97
66 105
66 107
66 111
67 9
67 22
67 32
67 48
67 61
67 62
68 7
68 25
68 53
68 68
68 78
69 3
69 15
69 28
69 29
69 35
69 42
69 48
69 49
69 51
69 158
69 161
69 169
69 174
69 225
69 229
69 237
69 239
69 246
69 300
69 302
69 316
69 318
69 319
69 320
69 321
69 324
69 328
69 330
69 351
69 367
69 373
69 378
69 379
69 387
69 388
69 390
69 391
69 398
69 403
69 415
69 417
69 418
69 421
69 425
69 442
69 443
69 446
69 451
69 456
69 478
69 483
69 484
69 492
69 496
69 502
69 511
69 515
69 523
69 530
69 535
69 542
69 544
69 547
71 56
71 75
71 80
71 81
72 6
72 7
72 8
72 20
72 29
72 44
72 49
72 52
72 60
72 62
72 67
72 71
72 91
72 98
72 102
72 105
72 112
72 123
72 124
72 127
72 131
72 138
72 143
72 145
72 155
72 158
73 5
74 4
74 5
74 8
74 21
74 25
74 28
74 49
74 52
75 55
75 58
75 60
75 72
75 77
76 2
76 3
76 8
76 9
76 10
76 19
76 21
76 28
76 29
76 31
76 33
77 1
77 4
77 12
77 15
77 29
77 31
77 34
77 46
77 48
77 52
77 53
77 63
77 78
77 79
77 93
77 94
77 98
77 99
77 102
77 112
77 121
77 123
78 9
78 15
78 18
78 21
78 25
78 26
78 38
78 43
78 46
78 55
78 57
78 65
78 68
78 74
78 76
78 92
78 96
80 28
80 33
80 37
80 39
80 46
80 55
81 6
81 11
81 16
81 18
81 19
81 25
81 26
81 28
81 38
81 43
81 46
82 5
82 8
82 12
83 38
84 3
84 24
84 36
84 43
84 44
84 56
84 61
84 70
84 71
85 16
86 7
86 13
86 16
86 20
86 26
86 42
86 47
86 50
86 65
86 69
86 77
86 79
86 81
86 101
86 108
86 114
86 201
86 206
86 229
86 249
86 257
86 259
86 272
86 273
86 277
86 283
86 285
86 286
86 287
86 288
86 290
86 294
87 6
87 15
87 21
88 1
88 5
88 11
88 14
89 8
89 9
89 11
90 2
90 3
90 5
93 10
93 15
93 24
93 29
93 48
93 54
94 16
94 19
94 26
94 27
94 91
94 93
94 117
94 136
94 138
94 147
94 149
94 153
94 156
94 157
94 158
94 167
95 29
95 30
95 37
95 39
95 43
95 46
95 48
95 54
96 1
97 9
97 16
97 17
97 19
97 30
97 35
97 36
97 37
97 45
97 50
97 51
97 67
97 69
97 76
97 77
97 78
97 82
97 105
97 125
97 141
97 142
97 145
97 146
97 147
98 5
98 11
101 48
101 52
101 64
102 1
102 9
102 14
102 19
102 22
102 26
102 33
102 36
103 12
104 1
104 8
104 10
104 14
104 17
104 22
104 23
104 29
104 38
104 40
104 45
104 60
104 63
105 58
105 59
108 5
109 12
109 13
109 18
109 19
109 23
109 24
109 37
111 1
111 2
111 10
111 15
111 16
111 18
111 20
112 1
112 6
112 10
112 11
112 14
112 19
112 21
112 22
112 43
112 46
112 47
113 1
113 4
113 5
113 9
113 10
113 11
113 16
113 19
113 38
113 39
113 41
113 43
113 45
113 58
113 74
113 76
113 78
113 83
113 86
115 2
115 6
115 10
115 18
115 20
115 27
115 28
115 33
115 36
115 38
115 51
115 53
115 58
115 61
115 66
115 68
115 70
115 84
115 85
115 92
115 98
115 99
115 102
115 104
115 105
115 112
115 125
115 126
115 128
115 134
115 139
115 141
116 8
116 14
116 19
116 26
116 28
116 31
116 43
116 51
116 52
116 55
116 61
116 62
116 64
116 69
117 11
117 18
117 19
117 22
117 26
117 29
117 32
117 38
117 39
118 66
119 1
119 9
120 3
120 12
120 17
120 24
120 34
120 44
120 50
120 61
120 73
120 77
120 78
120 79
120 88
120 89
120 102
120 105
122 107
122 110
122 111
122 139
123 71
123 80
123 82
123 84
123 87
123 99
123 103
123 104
123 107
123 115
123 117
123 130
123 133
123 134
123 135
123 145
123 146
123 164
123 166
123 171
123 175
124 31
