1 3
1 12
1 16
1 21
1 24
1 31
1 43
1 44
1 56
1 67
1 75
1 76
1 86
1 89
1 91
2 30
2 33
2 35
2 37
2 38
2 45
2 46
2 62
3 2
3 23
4 25
5 1
5 29
5 43
5 44
5 72
5 74
5 84
5 92
6 2
6 4
6 14
6 15
6 23
6 27
6 28
7 5
7 16
7 25
7 32
7 34
7 35
7 55
7 66
7 69
7 75
7 76
7 78
7 89
7 97
7 101
7 108
8 18
8 33
8 57
8 60
8 62
8 69
8 84
8 93
8 94
8 99
8 101
8 105
8 114
8 121
8 124
8 131
8 133
8 135
8 138
8 147
8 151
8 153
8 159
8 161
8 175
8 176
8 178
9 59
9 67
9 80
10 1
10 2
10 3
10 13
10 20
10 21
10 30
10 156
10 157
10 164
10 166
10 167
10 170
10 171
11 17
11 19
11 21
12 2
12 8
12 16
12 17
12 24
13 93
13 102
13 117
13 118
13 120
13 135
13 141
13 145
13 155
13 158
13 160
13 169
14 74
14 82
14 84
14 95
14 103
14 104
14 105
14 112
14 114
14 116
14 117
14 120
14 123
14 154
14 155
14 158
14 160
14 163
14 167
14 186
14 199
14 200
14 223
15 7
16 35
16 36
16 39
16 47
16 61
16 68
16 69
16 104
16 113
16 117
16 124
16 139
16 142
16 144
16 156
16 176
16 177
16 183
16 184
16 186
16 187
17 9
17 10
17 15
17 21
17 33
17 35
17 48
17 50
17 54
18 15
18 32
18 43
18 54
18 55
18 56
18 68
18 69
18 79
18 82
18 84
18 89
18 91
18 100
18 105
18 155
18 158
18 162
18 169
18 174
18 176
22 5
22 7
22 11
22 29
22 38
22 40
22 41
23 37
23 41
23 42
23 50
23 54
23 57
23 62
24 9
24 15
24 34
24 35
24 38
24 41
24 42
27 31
27 34
28 10
28 16
29 4
29 20
29 29
29 32
29 35
29 36
29 39
29 52
29 53
29 58
29 67
30 1
30 20
31 6
31 8
31 22
31 24
31 37
31 56
31 58
31 61
31 64
31 68
32 2
32 3
33 58
33 61
33 64
33 68
33 71
33 86
33 92
33 98
33 100
33 118
33 131
33 132
33 136
33 137
33 150
33 152
33 153
33 156
33 158
33 166
33 170
33 174
34 5
34 13
34 23
34 27
36 13
36 20
37 3
37 12
37 16
37 27
37 31
38 15
38 16
38 26
38 31
38 44
38 45
38 59
38 61
39 11
39 13
39 27
39 36
39 37
39 87
39 88
40 34
40 35
40 44
40 62
40 77
40 81
40 83
40 275
40 279
40 280
40 294
40 297
40 300
40 301
40 305
40 308
40 314
40 315
40 316
40 323
40 333
41 5
41 13
41 31
41 42
41 50
41 51
41 54
41 56
41 58
41 60
41 61
41 65
41 66
41 88
41 102
41 105
41 110
42 6
42 10
42 11
42 16
42 19
42 33
42 40
42 42
45 28
45 42
45 50
45 54
45 56
45 58
45 89
46 2
46 3
46 5
46 16
46 17
46 23
46 27
47 3
47 5
47 8
47 12
47 15
47 19
47 22
47 25
47 28
47 29
47 33
47 34
47 36
47 40
47 41
47 47
47 52
48 4
48 5
48 10
49 29
49 31
49 42
49 53
49 79
49 86
49 90
49 101
50 6
50 8
50 12
50 14
50 21
50 24
50 26
50 28
50 40
50 55
50 60
50 78
50 101
50 102
50 107
50 108
51 19
51 20
51 22
51 24
51 27
51 28
51 31
52 32
52 35
52 37
52 42
52 57
52 61
52 65
52 70
53 6
53 11
53 15
53 20
53 21
53 23
53 32
53 38
53 51
53 53
53 88
53 92
53 94
53 99
53 114
53 125
53 137
53 145
53 148
53 152
53 153
53 154
53 156
53 162
53 167
53 171
54 2
54 12
54 16
54 22
54 24
54 28
54 31
54 37
54 42
54 43
54 50
55 8
55 10
55 14
56 2
56 6
56 11
56 75
56 85
56 87
57 4
57 9
58 11
58 12
59 2
59 7
59 13
60 6
60 8
60 21
60 26
60 28
60 42
60 44
60 55
60 60
60 64
60 72
60 82
60 101
60 111
60 113
60 117
60 118
60 138
60 145
60 151
60 155
60 162
60 165
60 178
60 179
60 185
60 195
60 200
60 201
62 5
62 6
62 23
62 39
62 40
62 46
64 82
64 87
64 104
64 108
64 110
67 78
67 83
67 88
67 90
67 97
67 124
67 130
67 133
67 135
67 148
67 149
67 150
67 151
67 156
67 160
67 162
67 172
67 181
67 183
67 184
67 194
67 195
69 28
69 35
69 40
69 41
69 48
69 49
69 50
70 7
70 15
70 22
70 26
70 35
70 37
70 46
70 50
70 59
70 62
70 163
70 166
70 174
70 177
70 179
70 187
70 190
70 201
70 203
70 206
70 210
70 224
70 232
70 238
70 277
70 291
70 294
70 298
70 306
70 312
70 321
70 329
70 336
70 340
70 345
70 350
70 354
70 356
70 360
70 362
70 368
70 369
70 378
70 387
70 392
71 1
71 3
71 4
73 15
73 17
73 30
73 39
73 41
73 49
73 56
73 69
73 75
73 79
73 81
73 89
73 93
73 103
73 111
73 114
73 117
73 119
74 4
74 5
74 9
74 10
74 18
74 22
74 26
74 39
74 64
74 73
75 5
75 7
75 13
75 23
75 27
75 38
75 41
75 49
75 59
75 66
75 71
75 73
75 74
75 76
75 91
75 102
75 108
75 109
75 115
75 132
75 133
75 135
75 152
75 163
75 174
75 181
75 182
75 187
75 189
75 198
75 199
75 206
75 213
75 221
75 223
75 231
75 234
75 239
75 242
76 3
76 19
76 23
76 24
76 26
76 28
76 97
77 6
77 8
77 14
77 19
77 105
77 124
78 1
78 34
78 43
79 14
79 20
79 23
79 26
80 37
80 38
80 39
80 42
80 44
80 49
80 50
80 58
80 67
80 71
80 80
80 84
80 86
80 92
80 93
80 105
80 107
80 119
80 128
80 138
80 150
80 157
80 160
82 31
82 35
82 36
82 42
83 1
83 10
83 16
83 27
83 31
83 34
83 60
83 64
83 76
83 80
84 3
84 4
85 2
85 9
85 13
85 30
85 32
85 39
85 42
85 44
85 46
85 48
86 27
86 36
86 44
86 45
86 56
86 59
86 68
86 80
86 86
86 87
86 98
86 104
86 105
86 108
86 109
86 112
86 117
86 127
87 2
87 3
87 4
87 10
87 13
87 22
88 69
88 73
88 74
88 77
88 79
88 81
88 82
88 92
89 4
89 6
89 8
89 10
89 15
89 18
89 27
89 29
89 31
89 38
89 43
89 52
89 57
89 59
89 61
89 72
89 121
89 123
89 131
89 135
89 161
89 168
90 21
90 24
90 25
91 6
91 11
91 17
91 21
91 32
91 35
91 40
92 1
93 6
93 21
93 37
93 38
93 43
93 44
93 46
93 52
93 82
93 107
93 109
93 133
93 136
94 3
94 4
94 34
94 35
94 37
94 43
94 44
94 46
94 57
94 72
94 80
95 3
95 6
95 22
95 27
95 28
95 31
95 34
95 36
95 47
95 69
95 76
95 77
95 85
95 90
95 97
95 98
95 108
95 109
95 118
95 120
95 123
95 130
95 148
95 158
95 159
95 173
95 175
95 179
95 186
95 189
95 197
95 198
95 210
95 217
95 218
95 221
95 225
95 235
95 241
95 242
95 256
95 259
95 276
95 282
95 283
95 286
95 294
95 300
95 325
95 328
95 332
95 339
95 341
95 344
95 345
95 358
95 364
95 366
95 369
96 3
96 5
96 16
96 19
96 28
96 29
96 36
96 37
96 39
96 40
96 61
96 64
96 68
96 70
96 74
96 77
96 90
96 107
96 114
96 115
96 119
96 122
96 127
96 132
96 137
96 148
96 149
96 155
96 156
96 169
96 177
96 182
96 186
96 193
96 195
96 205
96 207
96 209
96 218
96 220
98 10
98 13
99 1
100 9
100 25
100 26
100 31
100 38
100 44
100 45
100 54
100 60
100 65
100 70
100 72
100 76
102 109
102 110
102 113
102 115
102 116
102 121
102 122
102 128
103 3
104 1
104 3
104 29
104 31
104 33
104 41
105 2
105 4
106 39
106 40
106 47
107 1
107 3
107 8
107 9
107 10
109 5
109 7
110 4
110 19
110 32
111 84
111 91
111 96
111 105
111 107
111 111
111 112
111 114
111 119
111 131
111 132
111 137
111 149
111 152
111 154
111 155
111 160
111 166
111 171
111 172
113 24
114 48
114 49
114 59
114 67
114 81
114 82
114 83
114 88
114 89
114 96
114 99
114 101
114 112
114 128
114 129
114 132
114 137
114 140
115 16
115 19
117 3
118 14
119 5
119 6
119 8
119 10
120 3
120 5
