1 1
1 13
1 127
1 131
1 136
2 1
2 6
2 10
2 19
2 24
2 30
2 34
3 25
3 32
3 35
3 42
3 68
3 69
3 75
3 83
3 85
3 91
3 111
3 116
4 3
4 14
4 25
5 4
5 8
5 13
5 29
5 30
5 39
5 42
5 56
5 62
6 12
6 142
6 151
7 3
7 4
7 5
7 7
7 8
7 11
7 12
7 13
7 17
7 19
7 32
7 37
7 38
7 43
7 48
7 54
7 60
7 77
7 78
7 79
7 85
7 94
7 98
7 118
7 121
7 132
7 151
7 153
7 161
7 189
7 190
8 9
8 12
8 15
8 37
8 38
8 41
8 50
8 55
8 60
8 63
8 72
8 80
8 85
8 93
8 116
8 117
8 118
8 123
9 6
9 11
9 14
9 17
9 49
9 51
9 52
9 57
9 67
9 71
9 80
9 85
9 89
9 95
9 99
9 105
9 106
9 116
9 117
10 1
10 2
10 10
10 19
10 20
10 28
10 33
10 37
10 40
10 42
10 43
10 46
10 51
10 52
10 56
10 66
10 69
10 75
10 76
10 92
10 97
10 99
10 106
10 109
10 110
11 3
12 10
12 11
13 3
13 5
13 11
13 19
13 22
13 27
13 28
13 36
13 38
13 50
13 59
13 66
13 73
13 74
13 76
13 77
15 61
15 76
16 9
16 13
16 23
16 27
16 30
16 36
16 61
16 63
17 97
17 109
17 116
17 117
17 124
17 128
17 131
17 149
17 151
17 155
17 159
17 162
17 165
17 171
17 180
17 183
17 196
17 204
18 1
18 9
18 10
18 11
18 13
18 18
18 19
18 25
18 26
18 30
18 31
18 49
18 54
18 56
18 63
19 3
19 4
19 9
19 10
20 9
20 12
20 13
20 34
20 40
20 48
20 49
20 71
20 74
20 84
20 86
20 91
20 93
20 94
20 96
20 97
20 99
20 104
20 107
20 109
20 116
20 123
20 126
20 132
20 147
20 150
21 4
21 18
21 21
22 3
22 6
22 15
22 17
22 39
22 58
23 3
23 6
23 16
23 18
23 28
23 33
23 35
23 49
23 57
23 77
23 78
23 79
23 87
23 89
24 3
24 12
24 13
24 17
24 20
25 10
25 12
25 13
26 3
26 10
26 20
26 24
26 25
26 29
26 46
26 57
26 58
26 63
26 71
26 80
26 90
26 94
26 95
26 106
26 109
27 4
27 19
27 23
27 32
27 35
27 47
27 50
27 60
27 61
27 64
27 70
27 71
27 78
27 82
27 220
27 224
27 232
27 240
27 241
27 245
27 268
27 277
27 283
27 284
28 25
28 26
28 32
28 35
28 38
30 46
30 56
30 57
30 63
30 66
31 20
34 40
34 42
34 153
34 156
34 158
34 159
34 176
34 186
34 201
34 204
34 219
34 221
34 351
34 356
34 370
35 9
35 103
35 105
35 109
35 111
35 112
35 120
37 21
37 32
37 36
37 43
37 48
37 49
37 65
37 71
39 48
39 60
39 63
39 65
39 68
39 70
39 74
39 75
39 81
39 82
39 92
39 98
40 3
40 13
40 18
40 29
40 30
40 43
40 52
40 61
41 13
41 15
42 129
42 133
42 135
42 143
42 148
42 153
43 13
43 17
43 19
43 20
43 21
43 31
43 32
43 42
44 4
44 19
44 43
47 19
47 28
47 29
47 35
47 55
48 10
48 18
48 20
48 28
48 29
48 37
48 39
48 40
48 61
48 65
48 69
48 77
48 81
48 86
48 95
48 96
48 104
48 105
48 108
48 112
48 116
49 1
49 6
49 9
49 12
49 14
49 22
49 31
49 33
49 39
49 45
49 56
49 60
49 68
49 74
50 2
52 15
52 20
52 31
52 38
52 41
52 46
54 19
54 20
54 33
54 41
55 2
55 7
55 10
55 12
55 14
56 2
56 3
56 12
57 2
57 4
57 15
57 38
57 51
57 59
57 60
57 68
58 14
58 17
58 19
58 34
58 36
58 37
58 43
58 44
58 76
58 79
58 84
58 91
58 133
58 135
58 136
58 137
58 140
58 148
58 171
59 1
59 3
59 7
59 14
59 30
59 35
60 2
60 9
60 11
60 14
60 23
60 24
60 26
60 49
60 59
60 76
60 81
60 83
61 73
61 75
61 79
61 82
61 87
61 89
61 92
61 97
61 100
61 215
61 221
61 224
61 226
61 227
61 241
61 249
61 251
61 262
61 263
61 265
61 270
61 277
61 284
62 20
62 153
62 161
62 170
62 172
62 176
62 180
62 184
62 185
62 186
62 189
62 195
62 201
62 203
62 222
62 226
62 230
62 231
62 235
62 239
62 256
62 257
63 16
63 20
63 23
63 26
63 33
63 37
63 39
63 67
63 70
64 12
64 28
64 35
65 2
65 3
65 7
65 11
65 12
65 30
65 37
65 38
65 39
65 55
65 58
65 73
65 74
65 83
65 93
65 103
65 104
65 109
65 113
65 126
65 141
65 155
65 161
65 163
65 170
65 177
65 178
65 181
65 192
65 196
65 215
65 219
65 224
65 232
65 241
65 247
65 268
66 17
66 25
66 31
66 34
66 49
66 55
66 78
66 81
66 84
66 88
66 93
66 100
67 12
67 18
67 22
68 61
68 76
68 77
68 80
71 41
71 47
71 51
71 65
71 74
71 91
71 100
71 101
71 116
71 119
71 122
71 125
71 132
71 138
71 143
71 146
71 179
71 183
71 186
71 203
71 204
71 206
71 210
71 215
71 221
71 222
71 224
71 243
71 248
71 265
71 279
71 280
71 290
71 311
71 312
71 325
71 326
71 330
71 337
72 1
72 3
72 5
72 21
72 29
72 33
72 39
72 48
72 49
72 51
72 52
72 55
73 3
74 5
76 40
76 41
76 48
76 55
76 57
76 85
76 89
76 99
76 103
76 105
76 106
76 108
77 14
77 18
77 19
77 21
77 22
77 28
77 45
78 1
78 3
78 7
78 22
78 43
78 50
79 22
81 48
81 51
81 54
81 55
81 56
81 61
81 124
81 130
81 131
81 217
82 32
82 37
83 9
83 12
83 14
83 19
83 40
83 42
83 60
83 61
83 62
83 68
84 5
84 7
84 12
84 20
84 21
84 26
85 6
85 7
85 11
85 13
85 23
85 27
85 29
85 43
85 44
85 47
85 52
85 56
85 64
85 69
85 73
85 74
85 76
85 95
85 102
85 105
85 111
85 113
85 117
85 120
85 132
85 137
85 142
85 149
85 151
85 154
85 162
85 165
87 1
87 13
87 14
87 18
87 23
87 24
87 26
87 32
87 36
87 39
87 41
87 45
87 56
87 60
87 65
87 81
87 83
87 155
87 162
87 164
87 166
87 168
87 169
87 182
87 184
87 187
87 216
87 218
87 220
91 25
91 27
91 46
91 52
91 54
91 64
91 71
91 118
91 119
91 132
93 8
93 10
93 11
93 18
93 21
93 26
93 31
93 32
93 33
94 72
94 73
94 75
94 77
94 82
94 93
94 99
94 112
94 114
94 125
94 131
94 157
94 160
94 171
94 177
94 188
94 193
94 195
95 9
95 10
95 16
95 21
95 29
95 60
95 63
95 73
95 74
95 87
95 88
95 94
96 18
96 19
96 49
96 50
96 56
96 57
96 60
96 62
96 67
96 73
96 132
96 139
96 147
96 149
96 151
96 153
96 155
96 160
96 161
96 162
96 168
96 176
96 179
96 186
96 189
96 195
96 212
96 213
96 245
96 254
96 264
96 265
96 270
96 271
96 289
96 294
96 300
96 305
96 313
96 332
96 333
96 338
96 358
99 5
99 6
99 14
99 15
99 17
99 22
99 24
99 26
99 27
99 29
99 50
99 58
99 60
99 72
99 79
99 80
99 83
99 88
99 91
99 102
99 109
99 116
99 128
99 144
99 149
99 150
99 181
100 9
101 11
101 28
101 29
101 30
101 46
101 48
101 50
101 65
101 78
101 83
101 88
101 96
101 103
101 105
101 107
101 108
101 109
101 116
101 123
101 132
101 135
101 139
101 140
101 141
101 150
101 152
101 162
101 169
101 171
101 180
101 182
101 189
101 233
101 238
101 242
101 248
101 250
101 251
101 264
101 272
101 273
