1 10
1 14
1 16
1 17
1 33
1 35
1 38
1 44
1 68
1 73
1 74
1 77
1 78
1 81
1 90
1 91
2 8
2 9
2 10
2 17
2 24
2 32
2 33
2 34
2 35
2 40
2 44
2 47
2 56
3 50
3 55
3 63
3 85
3 91
3 92
3 93
3 101
3 103
3 105
3 107
3 117
3 120
3 123
3 124
3 127
3 131
3 133
3 136
3 139
4 10
4 12
4 16
4 20
4 23
4 30
4 31
8 14
8 15
8 20
8 22
8 29
8 36
8 37
8 38
8 40
8 43
8 57
8 61
8 62
8 69
8 70
8 71
8 73
8 83
8 91
8 111
8 113
8 116
8 119
8 120
8 122
8 126
8 128
8 129
8 135
8 144
8 145
8 149
8 161
8 169
8 172
10 7
10 8
10 10
10 13
10 17
10 63
10 68
10 70
10 76
10 145
10 158
10 160
10 168
10 174
10 175
10 180
10 197
10 201
10 211
10 212
10 230
10 242
10 244
13 4
13 7
13 9
13 12
13 32
14 5
14 18
14 20
14 22
14 25
14 39
14 41
14 56
14 188
14 190
14 193
14 202
14 204
14 211
14 212
14 222
14 235
14 240
14 246
14 252
14 258
14 259
14 269
14 280
14 297
14 304
14 311
14 316
14 318
15 1
16 100
16 101
16 102
16 106
16 111
16 112
16 123
16 129
16 131
16 144
16 148
16 153
16 156
16 160
16 164
16 176
16 177
16 187
16 193
16 199
16 206
16 212
16 213
16 215
16 285
17 12
17 13
17 14
17 20
17 22
17 23
17 29
18 20
18 28
18 33
18 34
18 43
18 46
18 54
18 60
18 63
18 78
19 9
19 21
19 22
19 25
20 80
20 83
20 95
20 107
20 110
20 114
20 116
20 117
21 19
21 20
21 21
21 27
22 1
22 22
22 23
22 24
22 25
22 27
22 35
22 48
22 62
22 71
22 73
22 77
22 83
22 84
22 94
22 118
22 119
22 122
22 133
22 135
22 145
22 149
22 150
22 152
22 153
22 158
22 159
22 167
22 169
22 172
22 175
22 177
22 178
22 181
22 189
22 195
22 202
26 27
26 31
26 32
27 13
27 14
27 15
27 18
27 19
27 81
27 89
27 90
27 92
27 95
27 102
27 103
27 167
27 170
27 174
27 175
27 186
27 199
27 203
27 204
27 205
27 215
27 220
27 222
27 229
27 236
27 257
27 262
27 266
27 269
27 270
27 274
27 278
27 290
27 297
27 304
27 308
27 311
27 313
27 315
29 70
29 79
29 81
29 85
29 86
29 88
29 91
29 92
29 98
29 103
29 110
29 115
29 116
29 123
29 127
29 130
29 132
29 137
29 148
29 150
30 9
30 22
30 32
30 45
30 48
30 68
30 74
30 84
31 6
31 7
31 9
31 12
31 17
31 19
31 22
31 39
31 44
31 57
31 59
31 64
31 73
31 77
31 79
31 80
32 28
32 37
32 41
32 47
32 53
32 79
32 80
32 110
32 121
32 142
32 148
32 149
32 152
32 155
32 163
32 167
32 168
32 172
32 173
32 204
32 216
32 223
32 229
32 234
32 238
32 240
32 249
32 260
32 270
32 273
32 275
32 276
32 279
32 282
32 285
32 291
32 296
32 309
32 319
32 322
32 334
32 342
32 351
32 352
32 353
32 478
32 479
32 482
32 490
32 492
32 496
32 499
32 518
32 520
32 540
35 7
35 19
35 20
35 31
38 41
38 48
39 88
39 89
39 92
39 96
39 101
39 106
39 111
39 122
39 142
39 151
39 153
39 155
39 156
40 5
40 13
40 19
40 23
40 26
40 30
40 34
40 37
40 43
40 64
40 65
40 68
40 76
40 77
41 14
41 21
41 25
41 27
46 59
46 63
46 66
46 74
46 105
46 107
46 110
46 113
46 125
46 127
46 139
46 143
46 145
46 147
46 156
46 198
46 204
46 207
46 218
46 224
46 244
47 12
47 54
47 65
47 78
47 84
47 88
47 90
47 93
48 3
48 11
48 23
48 26
48 45
48 49
48 58
48 66
48 67
48 85
48 86
48 87
48 88
48 90
48 92
48 94
48 95
48 96
48 98
48 102
48 105
48 109
48 112
48 113
48 125
48 127
48 130
49 5
53 44
53 49
53 52
53 55
53 56
53 75
57 7
57 23
57 24
57 25
57 37
57 38
57 51
57 68
58 46
58 50
58 64
58 68
58 70
58 75
58 84
58 87
58 89
58 107
58 116
58 118
59 9
59 16
59 43
59 56
59 60
59 61
59 66
59 83
59 97
59 98
59 103
59 107
59 114
59 116
59 126
59 129
59 132
59 151
59 155
59 156
59 158
59 159
59 170
59 177
59 185
59 189
59 196
59 200
59 210
59 221
59 222
59 227
59 230
59 232
59 238
59 239
59 258
59 263
59 272
59 312
59 315
59 321
59 325
59 326
59 327
59 343
59 344
59 350
59 358
59 359
59 365
59 374
59 382
59 388
59 389
59 398
59 403
59 408
59 413
59 415
60 8
60 23
60 26
60 28
60 46
60 49
60 109
60 119
60 123
60 130
60 131
60 133
60 144
61 15
61 22
61 24
61 25
61 62
61 72
61 78
61 82
61 84
61 93
61 100
61 110
61 111
61 112
62 7
62 8
62 26
62 28
62 35
62 41
62 43
62 45
62 49
62 65
62 69
62 72
62 207
62 222
62 226
62 249
63 3
63 4
63 28
63 41
63 46
63 47
63 57
63 58
63 61
64 1
65 4
65 135
65 142
65 145
65 146
65 150
65 151
65 172
65 184
65 188
65 192
65 193
65 195
66 1
66 17
66 18
67 4
67 5
67 6
67 18
67 20
67 24
67 25
67 39
67 50
67 73
67 76
67 157
68 16
68 20
68 22
68 27
68 31
68 45
68 48
68 52
68 56
68 58
68 64
68 72
68 78
68 80
68 88
68 99
68 141
68 143
68 150
68 161
68 166
68 176
68 177
68 180
68 186
69 2
69 3
69 7
69 8
69 16
69 34
69 38
70 1
70 4
70 26
70 52
70 55
70 63
70 67
70 68
70 72
70 76
70 79
70 166
70 172
70 180
71 12
71 33
71 67
71 68
71 73
71 94
71 103
71 104
71 119
71 123
71 124
71 125
71 126
71 129
71 144
71 145
71 147
71 152
71 163
71 165
71 167
71 178
71 189
71 190
71 198
71 206
71 216
71 220
71 223
72 7
73 6
73 9
73 18
73 34
73 42
73 47
73 49
73 61
73 62
73 64
73 76
73 80
74 7
74 19
74 25
74 33
74 36
74 37
74 48
74 52
74 53
74 55
74 56
74 69
74 70
74 75
75 9
75 11
75 13
75 19
75 21
75 36
75 41
77 36
77 38
77 50
77 60
77 64
77 66
77 74
77 82
77 86
77 97
77 98
77 107
77 110
77 129
77 130
77 133
77 141
77 151
77 152
77 155
77 172
77 176
77 181
77 196
77 202
77 204
77 206
77 218
77 232
77 235
77 239
77 249
77 257
78 44
78 51
79 5
81 44
81 51
81 136
81 151
81 152
82 1
82 2
82 3
82 6
82 19
82 20
82 21
82 28
84 29
84 40
84 47
84 54
84 56
84 77
84 93
84 95
84 101
84 104
84 106
84 110
84 140
84 144
84 150
84 153
84 155
84 157
84 160
84 162
84 165
84 169
85 27
85 28
85 32
85 34
85 38
85 43
85 49
85 61
85 63
86 10
86 18
88 33
89 9
89 13
89 14
89 16
89 22
89 23
89 25
89 27
89 32
89 34
89 37
89 38
89 42
89 43
89 49
89 55
91 10
91 14
91 16
91 17
91 19
91 156
92 3
92 6
92 9
92 11
93 1
93 2
93 6
93 12
93 13
94 7
94 13
94 24
94 26
94 29
94 33
94 37
94 39
94 62
94 64
94 66
95 3
95 9
95 10
95 11
95 13
95 17
95 18
95 31
95 36
95 44
96 43
98 57
101 21
101 25
101 31
101 34
101 37
101 46
101 54
101 55
101 72
101 76
102 12
102 16
102 25
102 29
102 37
102 39
102 55
102 56
102 59
102 67
102 72
102 77
102 78
102 79
102 81
102 85
102 92
102 93
102 101
102 105
102 106
102 129
102 136
102 140
102 147
102 148
102 151
102 171
102 172
102 175
102 180
102 189
102 194
102 195
102 197
102 200
102 205
102 211
