1 7
2 1
2 7
2 39
2 43
3 2
3 6
3 11
3 15
3 26
4 2
4 9
4 10
6 51
6 54
6 79
7 108
7 113
7 247
7 249
7 254
7 255
7 256
7 257
7 261
7 286
7 292
7 303
7 304
7 308
7 310
7 317
7 318
7 325
7 326
7 408
7 409
7 411
7 412
7 416
7 427
8 2
8 11
8 14
8 28
8 35
8 46
8 49
8 65
8 67
8 68
8 73
9 5
10 23
10 29
10 32
10 37
10 76
10 77
10 80
10 94
10 97
10 102
10 103
10 109
10 112
10 116
10 127
10 133
10 141
10 147
11 4
12 1
12 12
12 16
12 22
12 35
12 38
12 40
12 43
12 44
12 46
12 47
12 49
12 51
12 54
12 69
12 122
12 127
12 129
12 241
12 250
12 253
16 27
16 30
16 33
17 2
17 11
17 17
17 18
17 19
17 20
18 2
18 10
18 11
18 12
18 20
18 23
18 43
18 50
18 53
18 56
18 61
18 62
19 4
19 12
20 1
20 8
20 12
20 17
20 23
20 28
20 38
20 43
20 49
20 50
20 63
20 71
20 76
20 79
20 96
20 102
20 104
20 105
20 113
20 127
20 132
20 135
20 136
20 142
20 153
20 157
20 161
20 163
20 181
20 197
20 198
20 200
20 202
20 205
20 207
20 225
20 230
20 234
20 246
20 251
20 253
20 256
20 299
20 301
20 306
20 309
20 310
20 311
20 315
20 320
20 327
20 337
20 358
24 14
24 15
24 19
24 27
24 32
24 33
24 34
24 39
24 40
24 49
24 56
24 62
24 65
24 68
25 67
25 74
25 77
25 78
25 82
25 94
25 109
25 110
25 113
25 114
25 116
25 118
26 14
26 23
26 33
26 37
26 38
26 40
26 44
26 53
26 55
26 56
26 59
26 66
26 79
26 88
26 101
26 110
26 113
26 118
26 130
26 141
26 142
26 150
26 152
26 153
26 156
26 161
26 163
26 165
26 178
26 180
26 182
26 195
27 3
27 4
27 6
27 23
27 25
27 31
27 39
27 43
28 104
28 110
28 114
28 130
28 131
28 133
28 183
28 184
30 63
30 71
30 81
30 83
30 86
31 1
32 8
32 12
32 18
32 31
33 3
33 22
34 7
34 13
34 14
34 17
35 1
35 27
35 29
35 35
35 72
36 25
36 27
36 43
36 44
36 51
36 58
36 61
36 69
36 76
36 77
36 84
36 85
36 88
36 89
36 92
36 99
36 105
36 109
36 118
36 132
36 140
36 142
36 144
39 11
39 14
39 15
39 24
39 29
39 30
39 31
39 38
39 53
39 54
39 60
39 66
39 69
39 77
40 9
40 10
40 17
40 22
40 24
40 25
40 40
40 50
40 63
40 69
41 1
41 2
41 137
41 138
44 44
44 54
44 69
44 73
44 90
44 93
44 106
44 108
44 110
44 120
44 124
44 125
44 128
44 131
44 147
44 153
44 158
44 162
44 163
44 165
44 167
44 168
44 170
44 174
44 177
44 180
44 184
45 13
45 19
45 22
45 25
45 28
45 29
45 37
45 38
45 45
45 47
45 50
45 60
46 72
46 74
46 79
46 88
46 97
46 117
46 124
46 125
46 133
46 153
46 168
46 182
46 187
46 193
46 197
47 3
47 4
48 29
52 6
52 8
52 12
52 16
52 21
52 24
52 27
52 36
52 45
52 55
52 56
52 63
52 67
52 72
52 73
53 3
53 5
53 9
53 10
53 12
53 21
53 23
53 24
53 29
53 31
53 35
53 38
53 44
53 46
53 47
53 53
53 63
53 66
53 73
53 78
53 80
54 1
54 137
54 147
54 152
54 165
54 169
54 284
54 289
54 291
54 299
54 302
54 307
55 1
55 16
55 25
55 27
55 31
55 38
55 53
55 54
55 58
55 75
55 77
55 80
55 83
55 85
55 90
55 92
55 96
55 97
55 104
55 126
55 136
55 137
55 138
55 139
55 152
55 158
55 167
55 170
57 61
57 75
57 78
57 79
57 86
57 94
57 100
57 102
57 114
57 116
57 131
57 140
57 144
57 151
57 153
58 14
59 65
59 68
59 77
59 83
59 90
59 95
59 96
59 98
59 115
60 2
60 7
60 56
60 59
60 60
60 73
60 74
60 79
60 88
60 99
60 103
60 105
60 112
60 127
60 133
60 135
60 144
60 145
60 146
60 153
60 156
60 160
60 170
60 171
60 176
60 177
60 183
60 202
60 215
60 224
61 9
61 13
61 14
61 18
61 30
61 34
61 36
61 39
61 56
61 85
61 89
61 90
61 91
61 95
61 110
61 113
61 127
61 145
61 167
61 174
61 179
61 193
61 198
61 202
61 206
62 8
62 9
63 3
63 11
63 24
63 28
64 59
64 60
64 66
64 67
64 69
64 70
64 74
64 77
64 86
64 89
64 91
66 9
66 10
66 17
66 19
68 19
68 26
68 29
68 32
68 40
68 41
68 90
69 1
69 6
69 10
69 13
69 14
69 15
69 19
69 24
69 25
69 36
69 41
69 42
69 51
69 53
69 66
69 77
69 88
70 3
70 5
70 26
70 32
70 44
70 46
70 47
70 52
72 19
72 23
72 56
72 63
72 74
72 82
72 84
72 95
72 98
72 102
72 119
72 124
72 131
72 132
72 135
72 136
72 144
72 147
72 148
72 162
72 167
72 169
72 170
72 181
72 184
72 187
72 188
72 189
73 3
73 12
73 15
73 23
73 35
73 36
73 42
73 44
73 50
73 55
73 60
73 62
73 68
73 70
73 74
73 75
73 87
73 96
73 101
73 106
73 109
74 3
74 4
74 5
74 6
74 8
74 18
74 28
74 31
74 47
75 3
75 8
75 16
75 28
75 34
75 36
75 44
75 47
75 49
75 56
75 67
75 96
75 97
75 105
75 107
75 111
76 14
76 25
76 33
76 35
76 37
76 49
76 56
76 77
76 81
76 82
76 86
76 94
76 97
77 4
77 14
77 20
77 26
77 30
78 16
78 19
78 35
79 4
80 24
80 25
80 26
80 36
80 37
80 47
80 50
81 2
81 9
81 24
81 45
81 46
81 59
81 70
81 72
84 22
84 24
85 74
88 4
89 6
90 79
91 4
91 5
92 4
92 5
92 8
92 9
92 11
92 15
92 20
92 28
92 30
92 32
92 50
92 51
92 63
92 78
92 81
92 86
92 87
92 93
93 43
93 49
93 50
93 53
93 62
95 37
95 46
96 9
97 7
97 14
97 21
97 22
97 28
97 32
97 36
97 38
97 39
97 44
97 63
97 67
97 80
99 4
99 9
99 10
104 25
104 35
104 42
104 47
104 49
104 52
104 55
104 68
104 71
104 72
104 80
104 84
105 2
105 4
106 4
106 32
106 33
106 38
106 40
106 53
106 54
106 57
107 16
107 26
107 34
107 42
107 43
107 49
107 52
107 53
107 83
107 84
107 85
107 91
107 92
107 94
107 116
107 123
107 124
107 134
107 163
107 165
107 171
107 185
107 195
107 196
107 205
107 210
107 214
107 220
107 221
107 223
107 224
109 80
109 85
109 93
109 106
109 114
109 124
109 131
109 137
109 138
110 4
110 6
110 9
110 12
110 14
110 16
110 35
110 45
110 48
110 54
110 63
110 65
110 70
110 71
110 72
110 79
110 82
110 84
110 87
110 99
110 100
110 104
110 107
110 118
110 129
111 1
111 2
111 8
111 10
111 11
111 15
111 17
111 20
111 35
111 39
111 41
111 44
111 48
112 2
112 8
112 11
112 16
112 18
112 25
112 26
112 28
114 1
114 21
116 2
116 4
116 16
116 25
116 29
116 39
116 44
116 46
116 51
116 53
116 56
116 63
116 66
116 73
116 78
116 84
116 88
116 90
116 92
116 93
116 101
116 102
116 106
116 110
116 119
116 135
116 142
116 147
116 157
116 161
117 1
117 5
117 44
117 51
117 54
117 65
117 77
118 5
