1 1
1 2
1 3
1 4
1 6
1 8
1 14
1 21
1 35
1 37
1 48
1 49
1 61
1 70
1 74
1 75
2 3
2 5
2 22
2 30
2 32
2 35
2 41
2 46
2 56
2 57
2 71
2 74
2 81
2 90
2 92
2 105
2 108
2 116
2 119
2 121
2 124
2 144
4 12
4 14
4 27
4 32
4 37
5 97
5 109
5 114
5 125
6 38
6 42
6 53
6 60
6 65
9 16
9 29
9 38
9 50
9 61
10 21
10 24
10 25
10 32
10 41
10 43
10 52
10 55
10 59
10 65
10 87
10 94
10 98
10 105
10 111
10 113
10 125
10 129
10 133
10 139
10 148
10 151
10 153
10 159
10 165
10 176
10 183
10 185
10 189
10 197
10 203
10 204
10 206
10 215
10 218
10 230
10 232
10 234
10 238
11 7
11 13
11 16
11 33
11 43
11 46
11 50
11 51
11 57
11 64
11 72
11 76
11 82
11 103
11 104
11 109
11 111
11 121
11 256
11 259
12 4
12 14
12 20
12 24
12 28
12 33
12 36
12 46
12 48
12 51
12 52
12 64
12 65
12 74
12 77
12 82
12 90
12 99
12 101
12 104
12 105
12 115
13 4
13 10
14 5
14 6
14 12
14 31
14 32
14 44
14 46
15 1
15 14
15 15
15 23
15 24
15 33
15 41
15 43
15 44
15 53
15 68
15 71
15 87
15 93
15 95
15 113
15 137
15 140
15 148
15 149
15 151
15 153
15 154
15 227
15 243
15 244
15 252
15 258
15 266
15 268
15 288
15 291
15 298
15 305
15 308
15 309
15 310
15 399
15 400
16 130
16 140
16 141
16 153
17 8
17 19
17 20
17 25
17 26
17 27
17 35
17 41
17 49
17 57
17 64
18 121
18 130
18 141
18 145
18 154
18 162
18 167
18 171
18 174
18 179
18 181
18 191
18 205
18 207
18 208
18 229
18 230
18 242
18 249
18 251
18 256
18 257
18 259
18 269
18 280
18 282
18 301
18 309
18 340
19 5
19 13
19 23
19 39
19 41
19 54
19 72
19 95
19 97
19 99
19 106
19 112
19 119
19 124
19 127
19 128
20 1
20 28
20 30
20 34
21 15
21 25
21 26
21 32
21 33
21 34
21 38
21 43
21 51
21 59
21 60
21 62
22 8
22 17
22 20
22 22
22 23
22 28
22 35
24 15
24 16
24 17
24 19
24 27
24 36
24 38
24 41
24 49
24 50
24 60
24 62
24 76
25 3
25 4
25 15
25 24
25 30
25 43
25 44
25 56
25 57
25 66
25 67
25 73
25 87
25 92
25 100
25 104
25 106
25 107
25 112
25 114
26 1
26 14
26 21
26 23
26 24
27 2
27 8
27 10
27 21
28 2
28 13
28 23
28 33
28 36
28 54
28 58
28 66
28 97
28 98
28 183
28 197
28 199
28 201
28 206
28 207
28 208
28 215
29 1
29 6
30 3
33 5
33 9
33 10
33 16
33 18
33 30
33 42
33 45
34 10
34 13
34 14
34 19
34 96
34 98
34 99
34 109
34 110
34 111
34 114
34 119
34 124
34 128
34 131
34 136
34 143
34 144
34 145
34 149
34 151
34 152
34 156
34 157
34 159
34 166
34 167
34 170
34 175
34 180
34 181
34 183
34 187
34 188
34 190
34 194
34 232
34 239
34 241
34 244
35 1
36 3
36 4
36 26
37 1
37 9
37 12
37 19
37 20
37 23
37 27
37 29
37 39
38 2
38 4
39 12
39 17
39 22
39 24
39 29
39 30
39 32
39 33
39 34
39 41
39 55
39 65
39 70
39 81
39 82
39 90
40 7
40 12
40 15
40 21
40 22
40 24
40 28
40 31
40 43
40 64
40 66
40 70
40 76
40 92
40 95
40 96
40 99
40 103
40 106
40 120
40 122
40 125
40 140
41 7
41 19
41 21
41 24
41 35
41 36
44 29
44 34
44 35
44 37
44 46
44 47
45 26
45 39
45 41
45 50
45 68
45 69
45 70
45 72
45 76
45 119
45 121
45 126
45 128
45 129
45 135
45 167
45 178
45 181
45 182
45 188
45 193
45 194
45 197
50 88
50 93
51 8
51 9
51 33
51 35
51 38
51 39
51 47
51 53
52 9
52 11
52 31
52 59
52 61
52 64
52 68
52 75
52 76
52 84
52 85
52 88
52 89
52 92
52 93
52 96
52 107
52 110
52 123
52 124
52 128
52 129
52 131
52 136
52 140
52 145
52 148
52 151
52 152
52 164
53 6
53 7
53 8
53 12
53 17
53 19
53 25
53 28
53 35
54 4
54 10
54 19
54 20
54 25
54 33
54 41
54 48
54 50
54 64
54 73
54 79
54 81
54 83
54 86
54 88
54 91
54 97
54 99
54 103
54 108
54 127
54 136
54 142
54 143
54 153
54 155
54 158
54 160
54 165
54 170
54 172
54 174
54 185
54 200
54 201
54 206
55 4
55 6
55 11
55 20
55 27
55 38
55 39
55 40
55 41
55 47
55 53
55 56
55 62
55 67
55 69
55 81
56 4
56 8
56 10
56 11
56 19
56 22
56 29
56 34
56 48
56 69
56 82
56 84
56 86
56 87
56 92
56 93
56 95
56 97
56 98
56 102
56 103
60 36
60 45
60 54
60 62
60 76
61 24
62 2
62 11
62 12
62 15
65 69
66 13
66 24
66 26
68 25
68 32
68 37
68 42
68 50
68 56
68 75
69 9
69 26
69 32
69 35
69 36
70 10
70 15
70 19
70 26
70 29
70 33
70 36
70 39
70 47
70 56
70 57
70 60
70 71
70 77
70 81
70 87
70 95
70 106
70 108
70 111
70 112
70 118
70 122
71 2
71 3
71 10
71 11
71 18
71 22
71 24
71 25
72 2
72 4
72 14
73 58
73 64
73 66
73 76
73 91
74 2
74 4
74 6
74 8
74 14
74 124
74 126
74 132
74 133
74 137
74 202
75 2
75 5
75 6
75 9
75 11
75 14
75 18
75 21
75 22
75 30
75 32
75 35
75 39
75 42
75 49
75 53
75 55
75 56
75 58
75 66
75 73
75 74
75 77
75 89
75 92
75 93
75 100
75 107
75 111
75 112
75 119
76 3
76 92
76 93
77 28
77 31
77 34
77 36
77 38
77 43
77 46
77 47
77 53
77 55
77 61
77 65
77 81
77 91
78 3
78 11
78 13
78 16
78 21
78 22
78 26
78 31
78 32
78 33
78 36
78 38
78 73
79 5
79 10
79 12
81 77
81 79
81 80
81 90
81 94
81 100
81 103
81 108
81 115
81 119
82 5
82 10
82 11
82 12
82 16
82 18
82 19
82 26
82 30
82 32
82 47
82 66
83 2
83 6
83 12
83 52
83 54
83 56
84 2
84 3
84 16
84 20
84 32
84 36
84 37
84 57
84 60
84 61
84 75
84 95
84 97
84 100
84 112
84 131
84 132
84 135
85 5
85 12
85 13
85 15
85 22
85 26
85 29
85 30
85 31
85 54
85 58
85 59
85 64
85 71
85 73
85 91
85 100
85 107
85 124
85 125
85 126
85 130
85 138
85 140
85 142
85 146
85 156
85 161
85 173
86 4
86 5
86 12
86 13
86 22
86 26
86 47
86 54
86 56
87 6
87 17
87 25
87 29
87 30
87 32
87 39
87 43
87 49
87 58
87 64
88 117
88 122
88 137
88 140
88 144
88 147
91 72
91 78
91 91
91 93
91 98
91 101
91 105
91 121
91 123
91 126
91 135
91 138
91 152
91 153
91 164
91 165
91 167
91 171
92 39
92 49
92 50
92 56
92 60
92 61
92 68
92 78
92 82
92 83
93 1
93 29
93 35
93 37
93 50
93 52
93 54
93 70
93 71
93 82
93 84
93 85
93 89
93 91
93 92
93 97
93 100
93 102
93 104
93 107
93 108
94 2
94 4
94 9
94 37
94 42
94 50
94 54
94 56
94 61
94 125
94 128
96 25
96 30
96 53
96 56
96 67
96 69
96 74
96 81
96 82
96 84
96 87
96 100
96 111
96 112
96 115
96 118
96 131
96 133
96 134
96 140
96 144
96 145
96 154
96 158
96 172
96 173
96 175
96 177
96 178
96 180
96 194
96 197
96 200
96 211
96 214
96 217
96 222
96 227
97 13
97 27
97 43
97 44
97 55
97 57
97 61
97 62
97 63
97 69
97 74
97 81
97 113
97 115
97 117
97 141
98 2
98 5
98 7
98 12
98 30
98 35
99 3
99 4
100 2
101 9
101 10
102 4
102 7
102 10
102 16
102 18
102 24
102 26
102 47
102 49
102 61
102 62
102 65
102 68
102 74
102 78
102 86
102 90
102 96
102 120
102 128
102 131
102 137
102 143
102 144
102 146
102 148
102 155
102 163
102 167
102 191
102 194
102 200
102 208
102 235
102 237
102 240
102 250
102 254
102 257
102 265
102 276
102 278
102 279
102 293
102 300
102 302
102 303
103 2
103 21
103 26
104 4
104 12
104 19
104 21
104 22
104 26
104 30
104 32
104 34
104 37
104 39
104 42
104 65
104 72
104 73
104 80
104 85
104 88
104 94
105 3
105 16
105 26
105 30
106 1
106 5
106 7
106 17
106 21
106 26
106 46
106 77
106 81
106 82
106 93
106 98
106 108
106 117
106 123
106 127
106 128
106 143
106 152
106 153
106 157
106 158
106 168
106 174
106 175
106 177
106 179
106 181
106 182
106 184
106 194
106 196
106 201
106 211
106 214
106 217
106 221
106 222
106 225
106 228
106 237
106 240
106 243
106 245
106 257
106 261
106 276
106 278
106 285
106 286
106 288
106 290
106 293
106 300
106 302
106 303
106 318
107 2
107 4
107 5
107 10
107 24
107 34
108 3
108 5
109 4
109 7
109 11
110 5
110 11
110 14
110 28
111 3
111 6
111 9
111 13
111 16
111 29
111 32
