1 1
1 5
1 8
1 137
1 147
1 149
2 28
2 34
2 39
2 42
2 44
2 45
2 50
2 52
2 56
2 63
2 64
2 76
2 165
2 179
2 181
2 182
2 238
2 241
2 257
2 270
2 277
2 278
2 282
2 285
2 288
2 290
2 291
2 297
2 299
2 304
2 306
3 3
3 9
3 10
3 23
4 105
4 116
4 119
4 121
4 127
4 136
4 149
4 152
4 157
4 158
4 163
4 164
4 166
4 173
4 175
4 180
4 182
4 188
4 198
4 202
4 204
4 211
4 212
4 214
4 233
4 236
4 240
4 246
4 248
4 255
4 262
4 265
4 268
4 274
4 276
4 280
4 282
4 285
4 286
4 290
4 292
4 294
4 298
5 2
5 6
5 15
5 18
5 22
5 23
5 27
5 38
5 50
6 1
6 3
6 7
6 11
6 22
6 25
6 28
6 30
6 37
6 44
6 46
6 48
6 49
6 61
6 75
6 86
6 88
6 93
6 102
6 104
7 2
7 114
7 119
7 121
7 124
7 133
7 139
7 145
7 146
7 151
8 32
8 39
8 46
8 52
8 54
8 56
8 58
8 65
8 74
8 76
8 101
8 110
8 126
8 135
8 139
8 142
8 149
8 159
8 167
8 169
9 3
9 5
9 11
11 6
11 8
11 10
11 12
11 13
11 28
11 40
11 52
11 55
11 100
11 107
11 127
11 129
11 133
11 140
11 143
11 145
11 146
11 147
11 149
11 150
11 152
11 160
11 161
12 91
12 101
12 102
12 103
12 106
12 115
12 247
12 251
12 257
12 259
12 261
12 265
13 20
13 31
13 35
13 39
13 50
13 63
13 69
13 70
13 74
13 76
13 77
14 6
14 12
14 13
14 15
14 35
14 41
15 10
15 25
15 30
15 37
16 105
16 106
16 112
17 5
17 9
17 22
17 23
17 41
17 42
17 49
17 58
17 67
17 71
18 2
22 66
22 68
22 71
22 72
22 77
22 86
22 88
22 110
22 120
22 121
22 124
22 150
22 151
22 152
22 154
24 108
24 110
24 112
24 126
24 137
24 140
24 177
24 183
24 184
24 187
24 189
24 192
24 203
24 208
24 220
24 221
24 239
24 275
24 282
25 31
25 35
25 37
25 48
25 67
25 69
25 73
25 84
25 95
25 101
27 32
27 33
27 40
27 41
27 45
27 51
27 59
27 61
27 66
27 70
27 71
27 78
27 79
27 88
28 70
28 208
28 295
28 297
28 307
29 9
29 13
29 21
29 23
29 27
29 50
29 51
29 58
29 61
29 65
29 87
29 91
29 94
29 96
29 148
29 149
29 157
29 163
29 167
29 168
29 169
29 176
29 177
29 182
29 186
29 187
29 192
29 193
29 203
29 209
29 214
29 220
29 221
31 1
31 6
32 2
32 41
32 43
32 47
34 74
34 75
34 124
34 130
34 140
35 19
35 20
38 56
38 71
38 75
38 76
38 86
38 120
38 123
38 128
38 151
38 152
39 89
39 94
39 95
39 98
39 105
39 109
39 112
42 1
42 8
42 12
42 16
42 19
42 38
42 47
42 48
42 51
42 52
42 59
42 61
42 67
42 70
42 71
42 77
42 81
42 82
42 92
42 103
42 114
42 116
42 118
42 121
42 132
45 1
46 3
46 71
46 74
46 89
46 90
46 93
46 97
46 109
46 114
46 120
46 126
46 133
46 135
46 143
46 149
46 151
46 160
46 169
46 171
46 174
46 190
46 191
46 192
46 195
46 200
46 201
46 203
46 208
47 120
47 122
47 126
47 129
47 134
47 144
47 151
47 164
47 165
47 176
47 180
47 181
47 183
47 184
47 185
47 189
47 200
47 219
47 239
47 324
47 325
48 3
48 4
48 7
48 9
48 13
48 16
48 23
48 28
48 33
48 38
48 52
48 61
48 63
49 2
50 90
50 91
50 98
50 99
50 102
50 104
50 116
53 10
53 18
53 23
53 25
53 26
53 28
53 50
53 179
53 180
53 183
53 184
53 186
53 196
53 202
53 203
53 205
53 206
53 210
53 212
53 216
53 217
53 224
53 225
53 229
53 231
53 234
53 246
53 249
53 251
53 253
53 257
53 262
53 265
53 268
53 272
53 283
53 284
53 289
53 298
53 340
53 355
53 356
54 7
54 8
54 10
54 147
54 157
55 14
55 40
55 44
55 51
55 69
55 82
55 95
55 96
56 17
56 28
56 31
56 61
56 66
56 72
57 5
57 17
57 20
57 106
57 109
57 119
57 135
57 140
57 146
57 152
57 167
57 172
57 175
57 178
58 5
58 8
58 13
58 15
58 16
58 22
58 87
58 94
58 95
58 99
58 103
58 105
58 112
58 114
58 118
58 126
58 127
58 132
58 149
58 152
58 158
58 168
58 169
58 171
58 172
59 8
59 21
60 1
60 2
60 11
60 16
60 19
60 21
60 30
60 34
60 36
60 45
60 49
60 50
60 51
60 55
60 66
60 69
60 76
61 1
61 2
61 8
61 13
61 125
61 141
61 145
61 149
61 150
61 157
61 159
61 161
61 164
61 204
65 83
65 87
65 91
65 112
65 120
65 121
65 128
65 129
65 259
65 310
65 316
65 321
65 322
65 328
66 20
66 21
66 28
66 36
66 38
66 40
66 41
67 1
68 65
68 67
68 70
68 71
68 72
68 76
68 81
68 84
68 88
68 93
71 180
71 189
71 195
71 201
71 203
71 210
71 216
71 217
71 219
71 227
71 233
72 1
72 26
76 3
76 6
76 18
76 20
76 23
76 34
76 39
76 106
76 107
76 140
76 142
76 150
76 158
76 161
76 162
76 164
76 179
76 181
76 188
76 195
76 204
78 7
78 10
78 20
78 21
78 22
79 3
79 10
79 11
79 12
79 13
79 14
79 15
79 16
79 21
79 33
79 36
79 39
79 46
79 55
79 59
79 68
79 73
79 88
79 91
79 93
79 99
79 106
79 107
79 113
79 114
79 115
79 117
79 122
79 126
79 128
79 129
79 130
79 134
79 202
79 241
79 245
79 246
79 248
79 253
79 315
79 320
79 325
79 328
79 336
79 340
79 362
79 364
79 367
80 4
80 69
80 70
80 72
80 83
80 89
80 90
80 95
80 105
80 107
80 108
80 123
80 135
80 138
80 154
80 155
80 160
81 1
81 44
81 55
82 7
82 15
82 19
82 22
82 33
82 36
82 44
82 50
82 55
82 62
82 66
82 67
82 72
83 6
83 11
83 19
83 25
83 28
83 31
83 34
83 36
83 40
83 45
83 53
83 58
83 62
83 66
83 68
83 70
83 72
83 79
83 95
83 96
83 102
83 103
83 105
83 113
84 7
84 14
84 19
84 31
85 6
85 9
85 30
85 34
85 39
85 40
85 57
85 58
85 68
85 78
85 84
85 87
85 92
85 96
85 99
85 105
85 109
86 11
86 13
86 16
86 31
86 32
86 35
86 47
86 48
86 50
86 57
86 63
86 73
86 74
86 78
86 82
86 85
86 93
86 94
87 4
87 7
87 13
87 14
87 15
87 18
87 22
87 156
87 162
87 164
87 169
87 175
87 179
87 189
87 191
87 197
87 211
87 218
87 219
87 221
87 222
87 226
87 240
87 243
87 244
87 245
87 247
87 249
87 251
87 254
87 267
87 269
88 3
88 4
88 96
88 107
88 108
88 109
88 112
88 125
88 128
88 139
88 141
88 146
90 22
