1 7
1 13
1 19
1 21
1 22
1 23
1 29
1 32
1 35
1 40
1 45
1 46
1 50
1 53
1 57
1 78
1 96
1 104
1 109
1 110
1 113
1 128
1 132
1 140
1 142
1 147
1 152
1 154
1 156
1 158
1 203
1 223
1 245
1 248
1 256
1 267
1 274
1 276
1 277
1 283
1 292
1 299
1 301
1 308
1 317
1 319
1 320
1 340
1 357
2 119
3 92
3 95
3 97
3 103
3 106
3 114
3 121
3 125
3 139
4 36
4 44
4 52
4 57
4 58
5 9
5 12
5 19
5 26
5 40
5 48
5 49
5 51
6 46
6 47
7 68
7 70
7 75
8 10
8 12
8 16
8 17
8 29
8 47
8 49
8 52
8 59
8 78
8 84
8 89
8 91
8 102
8 105
8 108
8 112
8 118
9 1
9 3
9 19
9 23
9 24
12 1
12 3
12 5
12 6
12 7
12 10
12 14
17 19
17 25
17 30
18 3
18 5
20 17
21 2
21 35
21 36
21 40
21 46
21 53
21 61
21 65
21 81
21 90
21 222
21 229
21 231
21 235
21 237
23 8
24 108
24 112
25 54
25 64
25 66
25 69
25 75
25 84
25 86
25 88
25 96
25 97
25 111
25 113
26 4
26 6
26 8
26 9
26 10
26 33
26 36
27 4
27 12
27 13
27 16
27 27
27 36
27 39
27 42
27 52
27 56
27 151
27 155
27 158
27 166
27 187
27 189
27 195
27 200
27 210
27 211
27 225
27 229
27 246
27 249
27 255
27 259
27 267
27 280
27 288
27 300
27 301
27 302
27 305
27 313
27 315
27 343
27 353
27 354
27 357
27 362
27 365
27 376
27 379
27 380
27 393
27 396
27 398
27 406
27 411
27 412
27 427
27 431
27 435
27 437
27 449
27 452
27 454
27 457
27 458
27 486
27 490
27 491
27 497
27 514
27 521
27 530
27 532
27 543
27 550
27 551
27 555
27 567
27 571
27 583
27 589
27 590
27 594
27 596
27 602
27 605
27 623
28 22
28 32
28 47
28 49
28 52
28 58
28 71
28 82
28 87
28 92
28 101
28 103
28 108
28 110
28 118
28 120
28 129
29 8
29 13
29 24
29 33
29 35
30 9
30 11
30 21
30 30
30 37
30 41
30 47
30 60
32 14
32 30
32 38
33 4
33 15
33 18
33 23
33 26
33 119
33 122
35 65
36 4
36 7
36 10
37 1
37 3
37 8
37 18
37 19
37 26
38 4
39 1
39 90
39 91
39 92
39 93
39 101
39 102
39 105
39 109
39 110
39 114
39 115
39 135
39 143
39 152
39 155
39 157
39 170
40 3
40 7
40 10
40 11
40 15
40 41
40 49
40 51
40 60
40 64
40 65
40 72
40 74
41 4
41 15
41 24
41 28
41 37
41 47
41 60
41 64
41 65
41 70
41 74
41 84
41 97
41 128
41 144
41 163
41 171
41 173
41 174
41 178
42 42
42 51
42 54
44 2
44 3
44 6
44 28
44 31
44 34
44 51
44 56
44 64
44 66
44 76
44 98
45 1
45 2
45 9
45 15
45 20
45 22
45 39
45 41
45 43
45 46
45 49
45 63
46 13
49 74
49 80
49 85
51 79
51 83
51 88
51 96
51 100
51 122
51 124
51 130
51 132
51 134
51 146
51 147
51 163
51 169
51 178
51 182
51 194
51 195
51 198
51 216
51 233
51 234
51 237
51 240
51 255
51 256
51 260
51 262
51 268
51 269
51 276
51 277
51 279
51 288
51 289
51 309
51 314
52 10
52 12
52 13
52 27
52 42
53 32
53 33
53 39
53 51
53 52
53 53
53 58
53 59
53 62
54 17
54 18
55 2
55 6
55 8
55 11
56 2
56 5
56 6
56 14
56 17
56 23
56 34
56 39
56 51
56 57
56 64
56 68
56 71
56 73
56 74
56 76
57 5
57 6
57 20
57 26
58 2
58 12
58 16
58 20
58 25
58 26
58 29
58 33
58 44
58 51
58 57
58 64
58 76
60 22
60 67
60 71
60 84
60 104
60 105
60 108
60 123
60 129
60 138
60 150
60 154
60 161
60 163
60 170
60 180
60 181
60 191
61 3
61 10
61 21
61 27
61 28
61 29
61 35
61 36
61 42
61 46
61 51
61 53
61 55
61 57
61 64
61 68
61 79
62 1
62 85
62 93
62 94
62 106
62 113
62 139
62 141
62 143
62 153
63 2
63 3
63 6
63 11
64 4
64 13
64 25
64 26
64 30
64 54
64 64
65 5
65 11
65 19
65 25
65 31
65 55
65 56
65 62
65 63
66 1
66 18
66 20
66 23
67 3
67 13
68 13
68 23
68 28
68 29
68 31
68 32
68 34
68 35
68 64
68 65
68 69
68 71
68 81
68 90
68 99
68 102
68 105
68 108
68 109
68 110
68 111
68 115
68 116
68 118
68 121
68 130
68 133
68 134
68 137
68 141
68 143
68 240
68 249
68 259
68 265
68 268
68 270
69 4
69 7
69 8
69 14
69 18
69 24
69 36
75 7
75 25
75 28
75 38
75 42
75 65
75 71
75 72
75 73
75 76
77 52
77 55
77 62
77 68
77 77
78 2
78 6
78 12
78 18
78 158
78 163
78 164
79 1
79 8
79 10
79 13
79 25
79 30
79 32
79 34
79 40
79 53
79 59
79 63
79 75
79 79
79 81
80 7
80 43
80 52
80 65
80 68
80 76
80 79
80 84
80 99
80 102
81 24
81 28
81 34
81 39
81 40
81 41
81 43
81 53
81 55
81 56
83 11
83 13
83 18
83 19
83 22
83 28
83 34
83 35
83 50
83 52
84 1
84 10
84 11
84 17
84 23
84 25
84 31
84 32
84 36
84 45
84 55
86 24
86 28
86 33
87 10
88 10
89 2
89 4
89 15
89 20
89 24
89 26
89 38
89 40
89 42
89 50
89 51
89 54
89 55
89 59
89 60
89 63
89 72
89 78
89 85
90 2
90 4
90 22
90 29
90 36
90 41
90 43
90 50
90 55
90 56
90 59
90 67
90 69
90 73
90 79
91 2
91 13
91 17
91 20
91 25
91 32
91 40
91 41
91 44
92 107
92 109
92 114
96 7
96 18
96 29
96 42
96 47
97 15
97 18
97 19
97 27
97 28
97 31
97 44
97 54
97 61
97 66
97 67
97 75
98 11
98 14
100 12
103 51
103 60
103 61
103 63
103 66
103 72
103 85
103 87
103 96
104 10
106 77
106 87
106 93
106 114
107 23
107 24
107 32
107 47
107 60
107 65
107 119
107 126
107 136
107 140
107 148
107 151
107 160
107 182
107 188
107 190
107 192
107 194
107 199
107 202
107 206
107 209
107 220
107 222
107 223
107 225
108 5
108 7
108 9
108 12
108 16
108 17
108 24
108 30
108 37
108 41
108 45
108 51
108 54
108 55
108 67
108 69
109 1
109 10
109 12
109 14
109 24
109 25
109 28
109 38
109 54
109 68
109 72
109 80
109 87
109 89
109 104
109 110
109 113
109 152
109 153
109 158
109 163
109 169
109 172
109 174
109 189
109 191
109 193
109 203
109 208
109 216
109 226
109 241
109 242
109 254
109 265
109 269
109 279
109 283
109 289
109 305
109 319
109 331
109 332
109 338
109 343
109 352
109 354
109 356
109 357
109 359
109 360
109 379
109 387
109 397
109 398
109 404
109 417
109 419
109 424
109 425
110 1
110 13
111 5
111 21
111 25
111 28
111 29
111 30
111 36
111 37
111 40
112 16
112 30
112 34
112 44
112 46
112 49
112 54
112 95
112 97
112 98
112 133
112 137
112 139
112 140
112 149
112 150
112 153
112 157
112 178
112 181
112 191
113 5
114 1
114 6
114 18
115 116
115 127
115 138
115 142
115 147
115 153
115 157
115 166
115 170
115 175
115 176
115 178
115 185
115 186
115 188
115 191
115 198
115 215
115 226
115 227
115 234
115 237
115 238
116 4
116 6
116 14
116 20
116 31
116 33
116 37
116 48
116 53
116 55
116 73
116 83
116 95
116 104
116 107
116 108
116 111
116 114
116 126
116 137
116 144
116 148
116 160
116 167
116 178
116 184
116 185
116 200
116 208
116 212
116 213
116 222
116 228
116 230
116 233
116 243
116 248
116 253
116 254
116 258
117 1
117 4
117 9
117 16
117 19
117 20
117 24
117 38
117 46
118 41
