1 1
1 3
1 12
2 4
2 9
2 11
2 17
2 18
2 23
2 26
2 27
2 28
2 29
2 30
2 50
2 51
2 54
2 59
2 61
2 63
2 80
2 102
2 103
2 104
2 124
2 126
2 128
2 130
2 261
2 266
3 18
3 55
3 67
3 80
3 83
3 87
3 91
3 94
3 100
3 110
3 113
3 114
3 121
3 123
4 3
4 5
4 8
4 30
5 3
5 4
5 14
5 19
5 20
5 31
5 44
6 6
6 11
6 13
6 17
6 44
6 45
6 46
6 54
6 58
7 13
7 25
7 33
7 34
7 44
8 1
8 4
8 9
8 16
8 20
8 21
8 23
8 36
8 42
8 55
8 64
9 1
12 26
12 31
12 37
12 38
12 43
12 44
12 50
12 82
12 83
12 91
12 105
12 106
12 113
12 118
12 126
12 135
14 65
14 67
14 83
14 85
14 106
14 108
14 110
14 127
14 135
14 137
14 145
14 151
14 152
15 5
15 6
15 18
15 21
15 22
15 31
15 33
16 2
17 1
17 5
17 20
17 24
17 34
18 2
18 4
18 5
18 20
18 28
18 38
18 43
19 4
19 8
19 13
19 14
19 29
19 40
19 41
19 44
19 59
19 64
19 67
19 71
19 77
20 1
21 26
21 27
21 31
22 9
22 16
22 31
22 32
22 34
22 44
22 74
22 97
23 49
23 53
23 65
24 37
24 42
24 52
24 59
24 63
24 64
24 69
24 79
24 85
24 86
24 88
24 91
24 138
24 141
24 142
24 146
25 10
25 20
25 22
25 23
25 27
25 43
25 55
25 61
25 74
25 77
25 78
25 80
25 88
25 96
25 97
25 114
25 116
25 139
25 140
25 150
25 162
25 164
25 173
25 181
25 186
25 190
26 78
26 91
26 110
26 114
26 123
26 125
26 127
26 130
26 137
26 138
26 142
26 143
26 274
26 276
26 279
27 2
27 7
27 10
27 22
27 29
28 5
28 9
29 2
29 3
29 8
29 13
29 16
29 21
30 2
30 4
30 5
30 9
30 12
30 18
30 19
30 26
30 27
30 28
30 30
30 31
30 32
30 34
30 37
30 44
30 60
30 73
31 2
31 4
32 4
32 12
32 23
32 33
33 2
33 4
33 11
33 19
33 30
33 32
33 36
33 37
33 46
33 47
33 51
33 54
33 77
33 108
33 116
33 130
33 132
33 145
33 150
33 160
33 165
33 167
33 227
34 6
34 7
34 13
34 16
34 20
34 21
34 22
34 24
34 37
34 47
35 7
35 15
35 42
35 44
35 50
35 62
35 69
35 72
35 74
35 149
35 164
36 3
36 4
36 42
39 8
39 9
39 19
39 32
39 35
39 41
39 97
39 99
39 104
39 108
39 113
39 115
39 122
39 258
39 265
39 266
39 271
39 289
39 308
39 309
39 315
39 322
39 463
39 475
39 477
39 479
39 480
39 492
39 493
39 495
39 507
39 508
39 510
39 511
39 514
39 523
39 545
39 551
39 553
39 577
39 579
39 593
39 594
39 596
39 600
39 603
39 604
39 611
39 615
39 616
40 3
40 9
40 18
40 30
40 31
40 35
40 36
40 55
40 57
40 58
40 64
40 70
40 74
40 83
40 86
40 92
40 95
40 100
40 106
40 107
40 113
40 115
40 121
40 124
40 134
40 136
40 137
40 139
40 156
40 166
40 172
40 175
40 176
40 182
41 2
41 6
41 7
41 10
41 12
41 15
41 19
41 22
41 23
41 27
41 33
41 57
41 61
41 64
42 2
42 10
42 12
42 19
42 31
43 6
43 7
43 10
43 11
43 34
43 36
43 42
43 51
43 62
43 65
43 66
43 71
43 75
43 79
43 82
43 86
43 87
43 91
43 94
43 96
43 97
43 100
43 101
43 103
43 110
44 89
44 92
44 96
44 97
44 99
44 100
44 101
44 113
45 2
45 5
45 6
45 9
45 10
45 14
45 20
45 25
45 32
45 38
45 51
45 54
45 62
45 67
45 70
45 73
45 74
45 83
45 84
45 91
45 95
45 114
45 121
48 20
48 23
48 40
48 41
48 48
48 52
48 54
48 59
48 60
49 57
49 63
49 64
49 69
49 70
49 83
49 85
49 91
49 96
49 108
49 122
49 124
49 128
49 134
49 140
49 144
49 151
49 153
49 177
49 178
49 183
49 185
49 188
49 194
49 196
49 197
49 208
49 209
49 214
49 215
49 227
49 235
49 249
50 6
50 8
52 74
52 83
52 90
52 91
52 94
52 96
52 98
52 233
52 237
52 241
52 243
52 249
52 251
52 254
52 260
52 265
52 266
52 272
52 275
52 277
52 279
53 10
53 11
54 5
54 45
55 8
55 16
55 35
55 40
55 59
55 61
55 76
56 1
56 12
57 5
57 8
57 18
57 21
57 30
57 35
57 36
58 27
58 37
59 3
60 5
60 6
60 10
60 14
60 30
60 31
60 33
60 42
60 46
60 56
60 64
60 65
60 70
60 72
61 71
61 75
61 90
61 97
61 103
61 107
61 113
61 118
63 1
66 27
66 32
66 34
66 39
66 61
66 62
66 73
66 78
66 83
66 85
66 96
66 98
66 100
66 107
66 111
66 113
66 115
66 117
66 119
66 123
66 133
66 138
66 139
66 155
66 165
66 173
66 174
66 178
66 181
66 183
66 184
66 185
68 23
68 33
68 36
68 40
69 2
69 4
69 5
69 7
69 9
69 19
69 23
69 29
69 32
70 1
70 10
70 13
70 15
71 8
71 9
71 16
71 18
71 28
71 33
71 45
71 49
71 52
71 56
71 66
71 67
72 12
72 77
72 81
73 117
73 122
73 129
73 130
73 135
73 140
73 151
73 158
73 161
73 164
73 174
73 190
73 193
73 195
73 210
73 214
73 218
73 219
73 224
74 1
74 4
74 5
74 6
74 8
74 10
74 11
74 16
74 27
74 32
74 35
74 38
74 45
74 55
74 62
74 65
74 72
74 77
74 84
74 88
74 95
74 105
74 107
76 26
76 29
78 10
78 11
78 16
78 17
78 29
78 31
78 33
78 57
78 66
78 69
78 82
78 84
79 1
79 2
79 5
79 9
79 16
79 23
79 26
79 32
79 35
79 52
79 61
79 65
79 71
80 2
80 6
80 7
80 8
80 9
80 13
80 18
80 19
80 30
80 31
80 35
82 23
82 24
82 25
82 28
82 32
82 51
82 142
82 143
82 149
82 153
82 157
82 160
82 173
82 179
82 183
82 325
82 459
82 467
82 482
82 491
82 492
82 590
82 601
82 611
83 8
83 13
83 14
83 17
83 27
83 38
83 44
83 63
83 65
83 69
83 73
83 79
83 82
83 94
83 98
83 105
83 106
83 108
83 119
83 128
83 133
83 135
83 142
83 145
84 9
84 10
84 108
84 113
84 115
84 119
84 127
84 128
85 5
86 1
86 4
86 10
86 13
86 45
86 46
86 47
86 49
86 51
86 53
86 68
86 70
86 73
86 83
86 85
86 90
86 91
86 93
87 1
87 7
87 8
87 15
87 22
87 31
87 32
87 35
89 69
89 82
89 86
89 89
89 99
89 101
89 107
89 109
89 110
89 111
89 112
89 117
89 135
89 140
89 142
89 146
89 149
89 151
89 188
89 197
89 203
89 204
89 208
89 209
89 211
89 235
89 244
89 250
89 261
89 266
89 271
89 274
89 277
89 278
89 289
89 298
89 307
89 309
89 311
89 323
90 127
90 134
90 142
90 143
90 144
91 7
91 14
92 5
92 28
92 33
92 42
95 15
96 14
96 22
97 1
97 2
97 6
97 17
97 18
97 43
97 49
97 52
97 55
98 3
98 6
98 13
98 14
98 24
98 32
98 39
99 2
99 6
99 8
99 14
99 15
99 20
99 25
99 27
99 35
99 39
99 40
99 44
99 61
99 75
99 87
99 92
99 93
99 101
99 103
99 115
99 117
99 118
99 126
100 5
100 9
100 14
100 25
100 28
101 36
