2 1
2 5
2 12
3 4
3 19
5 29
5 30
5 41
5 45
5 52
5 55
5 59
5 68
5 87
6 1
6 8
6 13
6 19
6 20
6 30
6 31
6 36
6 37
6 40
6 42
6 55
6 57
6 58
7 1
7 8
7 13
7 18
7 31
7 35
7 38
7 42
7 49
7 53
7 60
7 62
7 64
7 71
7 73
7 78
7 82
8 7
8 20
8 27
8 41
8 43
8 44
8 65
8 74
8 84
8 103
8 126
8 129
8 130
8 138
8 148
9 6
9 12
9 20
9 31
9 35
9 39
9 43
9 47
9 51
9 61
11 3
11 15
11 17
11 20
11 25
11 27
11 46
11 50
11 57
11 59
11 63
11 65
11 69
11 97
11 100
11 123
11 128
11 133
11 136
11 142
11 146
11 147
11 152
11 160
11 163
11 164
11 167
11 173
11 176
11 196
11 197
11 202
11 215
11 217
11 225
11 226
11 230
11 235
11 239
11 241
11 249
11 292
11 297
11 302
11 313
12 1
12 7
12 38
12 43
12 44
12 46
12 47
12 51
12 55
12 186
13 1
13 3
13 12
13 15
13 20
13 22
13 24
13 29
13 33
14 18
14 22
14 27
14 111
14 113
14 117
14 125
14 136
14 140
14 141
14 171
14 173
14 179
15 3
15 15
15 24
15 27
15 38
15 39
15 45
15 52
15 57
15 60
15 63
15 65
15 71
15 82
15 83
15 84
15 85
15 87
15 92
15 98
15 104
15 107
15 108
15 109
15 110
15 112
15 117
15 118
15 140
15 142
15 143
16 8
16 11
16 22
16 23
16 38
16 58
16 61
16 62
16 67
16 72
16 84
16 88
16 91
16 93
18 37
21 16
21 28
21 35
21 42
21 51
21 54
21 57
21 59
21 66
21 71
21 76
21 77
21 79
21 86
21 90
21 91
21 108
21 119
21 123
21 124
21 134
21 143
21 146
21 149
21 158
21 161
21 293
22 1
23 4
23 8
23 12
23 20
23 22
23 29
23 34
23 36
23 38
23 46
23 50
23 57
24 3
24 12
24 27
24 35
24 40
24 45
24 46
24 50
24 55
24 68
24 70
24 71
24 92
24 98
24 124
25 3
25 6
25 17
25 31
25 43
25 50
25 61
25 72
25 73
25 81
25 90
25 97
25 100
25 113
25 118
25 139
25 201
25 203
26 70
26 75
26 78
26 81
26 88
26 92
26 99
27 39
27 44
27 148
27 149
27 151
27 156
28 1
29 6
29 11
29 15
30 19
30 20
30 24
30 36
30 37
30 40
30 41
30 58
30 74
30 87
30 88
30 91
31 16
31 29
31 31
32 2
32 8
32 15
32 34
32 35
32 37
32 75
32 77
33 1
33 21
33 22
33 27
33 28
33 35
33 43
33 48
33 59
33 66
33 73
33 77
33 78
33 81
33 90
33 94
33 96
33 116
33 117
33 134
33 141
33 146
33 157
33 161
33 169
33 194
33 195
33 200
33 206
33 212
34 84
34 86
34 89
34 102
34 108
35 12
35 14
36 60
36 62
36 63
36 67
37 15
37 20
37 21
37 35
37 46
37 51
37 56
38 25
38 37
38 44
38 47
40 22
40 27
40 44
40 58
40 63
40 74
40 84
40 85
40 86
41 4
41 7
41 13
41 17
41 19
41 83
41 87
41 89
41 91
41 112
41 121
41 126
41 131
41 132
41 139
41 146
41 150
41 236
42 43
42 52
42 54
42 55
42 61
42 77
42 79
43 8
43 13
43 21
43 22
43 31
43 33
43 34
43 35
43 38
43 39
43 43
43 44
43 51
43 56
43 74
43 76
43 86
43 90
44 22
44 27
45 3
45 19
45 22
45 26
45 27
45 32
45 33
45 36
45 37
45 41
45 43
45 44
45 51
45 54
45 59
45 61
45 63
45 72
45 83
45 87
45 90
45 100
45 101
45 108
45 109
45 117
45 124
45 131
45 137
45 142
45 145
45 146
45 169
45 172
45 173
45 175
46 18
46 29
46 38
46 55
46 56
46 64
46 68
46 84
46 88
46 92
46 98
46 100
46 115
46 116
46 123
46 126
46 139
46 141
46 148
46 164
46 171
46 174
46 176
46 177
47 3
47 58
47 59
47 60
47 63
47 67
47 68
47 71
47 72
47 78
47 94
47 98
47 103
48 7
48 31
48 33
48 42
48 50
50 22
51 3
51 14
51 16
51 29
51 31
51 38
51 42
51 54
51 64
51 69
51 76
51 84
51 85
51 93
51 99
51 110
51 111
51 113
51 115
51 120
51 139
51 143
51 145
51 161
52 19
52 21
52 27
52 33
52 43
52 46
52 51
52 54
52 62
52 83
52 91
54 86
54 88
55 5
55 14
55 41
55 51
55 57
55 71
55 81
55 86
55 219
55 221
55 229
55 232
55 239
56 2
56 4
57 3
57 7
57 14
57 21
57 25
57 27
57 59
57 64
57 71
59 55
59 57
59 74
59 96
59 103
59 108
59 110
60 4
60 6
60 14
60 17
60 23
60 46
60 62
60 65
62 22
62 25
62 31
62 32
62 40
62 41
62 43
62 52
62 160
62 164
62 170
62 180
62 182
62 184
62 189
62 194
62 196
62 203
62 205
62 212
62 217
62 218
62 224
63 69
63 80
63 81
63 90
63 97
63 98
63 99
63 102
63 110
63 203
63 204
63 206
63 215
63 216
63 222
63 231
63 240
63 246
63 247
63 248
63 258
63 260
63 262
63 267
63 269
63 273
63 275
63 280
63 282
63 283
63 284
63 301
63 303
63 314
64 17
64 18
64 23
64 25
64 36
64 47
64 58
65 4
65 5
65 12
65 15
65 16
66 3
66 5
66 8
66 20
67 10
67 11
67 14
69 16
69 21
69 23
69 26
69 32
69 49
69 55
70 2
70 3
70 15
70 17
70 19
70 36
70 56
70 62
70 68
70 87
70 92
72 42
72 43
72 45
72 55
72 64
72 67
72 69
72 83
72 87
72 96
72 109
72 124
72 132
73 5
73 6
73 9
73 20
73 21
73 31
73 37
73 39
73 43
73 46
73 56
73 60
73 79
73 80
73 101
74 1
74 3
74 18
74 20
74 24
74 26
74 33
74 36
74 43
74 46
74 55
74 56
74 66
75 2
75 8
75 11
75 16
75 21
75 22
75 24
75 38
75 44
75 46
75 61
76 1
76 4
76 11
76 14
76 25
77 41
77 49
77 51
78 115
78 123
78 134
78 138
78 141
78 144
79 10
79 15
79 16
79 18
79 31
79 36
79 38
79 39
79 40
79 41
79 49
79 55
79 60
79 61
79 67
79 77
79 80
79 89
79 113
79 123
79 138
79 140
79 142
79 145
79 146
79 148
79 150
79 152
79 161
79 307
79 315
79 316
80 1
80 3
80 4
80 8
80 11
80 16
81 60
81 62
81 63
81 67
81 68
81 92
81 93
81 94
81 97
81 105
81 113
81 117
81 118
81 122
81 125
81 127
81 147
81 150
81 175
81 177
81 181
81 183
81 184
81 188
83 5
83 15
84 15
86 8
87 87
87 88
87 89
87 99
87 100
87 109
87 114
87 120
87 124
87 125
87 127
87 129
88 51
88 53
88 59
88 62
88 71
88 74
88 77
88 80
88 88
88 99
88 100
88 101
88 118
88 121
88 126
90 5
90 11
90 17
90 18
90 52
90 59
90 60
90 63
90 70
91 3
91 4
91 17
91 19
91 27
91 30
92 4
92 18
92 22
92 23
92 38
92 39
92 51
92 52
92 61
93 1
93 2
93 3
