1 2
1 5
1 8
1 21
1 29
1 30
1 34
1 35
1 36
1 37
1 38
1 50
1 55
1 57
1 59
1 63
1 64
1 67
1 69
2 4
3 2
3 3
3 9
3 10
3 12
3 14
3 25
3 30
3 31
3 38
3 39
3 42
3 43
3 51
4 3
4 6
4 7
4 10
4 16
4 18
4 20
4 21
4 29
4 30
4 34
4 40
4 41
4 52
4 55
4 65
4 68
4 71
4 82
4 83
4 89
4 92
4 96
4 97
4 99
4 110
4 111
5 6
5 29
5 49
5 66
5 68
5 74
5 80
5 93
5 106
5 107
5 109
5 111
5 129
5 137
5 145
5 154
5 155
5 164
5 171
5 177
5 209
5 212
5 228
5 229
5 230
5 234
5 238
5 240
5 257
5 259
5 269
5 287
7 27
7 28
7 45
7 48
8 4
8 6
8 7
8 9
8 12
8 24
8 25
8 27
8 128
8 133
8 137
8 144
8 151
8 158
8 161
8 165
8 171
8 227
8 230
8 232
8 237
8 243
9 15
9 21
9 25
9 28
9 31
9 36
9 40
9 44
9 46
9 55
9 65
9 66
9 69
9 71
9 76
9 80
9 83
9 87
9 88
9 102
9 109
9 113
9 121
9 132
10 70
10 80
10 81
10 82
10 85
10 94
10 96
10 99
10 102
10 120
10 125
10 127
10 137
10 142
10 150
10 152
12 1
12 3
13 2
13 4
13 42
13 44
13 46
13 48
13 49
13 59
13 64
13 68
13 69
13 73
13 79
13 81
14 5
14 15
14 19
14 25
14 26
14 29
14 37
14 40
15 7
15 8
15 16
16 3
16 14
16 53
16 54
16 57
16 75
16 100
16 101
16 102
17 23
17 35
17 42
17 44
18 37
18 43
18 46
18 48
18 56
21 17
21 23
22 2
22 4
22 9
24 65
24 67
24 70
24 74
24 85
24 89
24 94
24 110
24 120
24 125
24 126
24 135
24 139
24 140
24 154
24 159
24 161
24 164
24 173
24 175
24 193
24 196
24 222
24 226
24 254
24 255
24 263
24 271
24 273
25 34
25 35
25 37
25 43
25 44
25 56
25 66
25 67
25 71
25 72
25 73
25 90
26 6
27 17
28 7
28 9
28 14
28 16
28 20
28 31
28 33
28 41
28 43
28 48
28 54
28 59
28 64
28 72
28 81
28 83
28 85
29 2
29 10
30 4
30 11
30 16
30 25
30 43
30 47
30 49
30 56
30 60
30 62
30 65
30 66
30 69
30 75
30 77
30 86
30 99
30 105
31 7
31 10
31 19
31 26
31 27
31 52
31 55
31 60
31 65
31 67
31 85
31 94
31 103
31 108
31 114
31 119
31 122
32 2
32 9
32 10
32 15
32 18
32 23
32 33
32 56
32 57
32 59
32 67
32 73
32 74
32 82
32 88
32 91
33 2
33 3
33 9
33 10
33 11
34 5
34 8
34 11
34 21
34 30
34 36
34 44
34 48
37 13
37 14
37 19
37 22
37 152
37 154
37 157
37 158
37 160
37 174
38 3
38 4
38 16
38 24
38 32
38 33
38 38
38 39
38 43
39 1
39 22
39 24
39 26
40 2
40 9
40 10
40 22
40 24
40 29
40 48
40 128
40 133
40 140
40 141
40 145
40 156
41 2
41 5
41 9
41 11
41 14
42 8
43 64
43 68
43 69
44 2
44 5
44 7
44 13
44 18
44 21
44 24
44 26
45 17
45 23
45 31
45 35
45 47
45 54
46 3
47 4
47 8
47 22
47 25
47 27
47 32
48 1
48 5
48 8
48 16
48 23
48 29
48 31
48 38
48 42
48 43
48 44
48 47
48 50
52 3
52 7
52 12
52 15
52 18
52 25
52 30
53 1
53 32
53 34
55 2
55 6
55 9
55 11
56 3
56 4
56 6
56 7
56 20
56 47
56 49
56 51
56 58
56 62
56 64
56 69
56 76
56 95
56 96
56 98
56 100
56 103
56 109
56 119
56 121
56 129
56 130
56 137
56 189
57 40
57 50
57 52
57 58
57 59
58 62
58 74
58 80
58 81
58 83
58 89
58 90
58 96
58 102
58 108
58 109
58 119
58 128
58 130
58 140
58 148
58 154
58 173
58 193
58 195
58 203
58 222
58 239
58 241
58 243
58 247
58 249
58 250
58 251
59 21
59 24
59 27
59 32
59 34
59 40
59 43
59 64
59 70
59 75
60 12
60 14
60 22
60 30
60 32
60 43
60 56
60 83
60 89
60 95
60 96
60 103
61 5
61 7
62 4
63 8
63 9
63 15
63 16
63 27
63 30
63 43
63 50
63 51
63 55
63 59
63 61
63 71
63 83
63 88
63 95
63 98
63 104
63 109
63 110
64 5
64 6
64 8
64 14
65 46
65 50
65 52
65 57
65 60
65 77
65 80
65 84
66 6
66 9
66 13
66 15
66 16
66 20
66 23
67 27
67 29
67 30
67 35
67 40
68 3
68 9
68 10
68 13
68 16
68 27
68 40
68 42
68 44
68 48
68 54
68 59
68 61
68 63
68 69
68 70
68 71
68 73
68 78
69 43
69 51
69 52
69 53
69 54
69 56
69 59
69 60
69 62
69 68
69 69
70 4
70 11
71 5
71 21
71 27
71 48
71 50
71 59
71 62
72 5
72 8
72 26
72 31
72 33
72 42
72 43
72 48
72 52
72 57
72 59
72 73
72 78
72 80
72 83
74 43
74 46
74 48
74 51
74 57
74 58
74 64
74 65
74 66
74 70
74 72
74 74
75 10
75 11
76 6
76 7
76 15
76 18
78 27
78 28
78 32
78 43
78 54
78 59
78 60
78 63
78 68
78 73
78 77
78 82
78 107
78 108
78 109
79 2
79 9
79 12
79 13
79 17
79 24
81 32
81 40
81 43
81 45
81 48
81 67
81 69
81 71
82 2
82 4
82 5
82 8
82 18
84 3
84 4
84 6
84 9
84 15
84 16
84 24
84 26
84 30
84 42
84 47
84 59
84 60
84 69
84 71
84 72
84 78
84 81
84 84
84 88
84 92
84 96
84 104
84 105
84 108
84 109
84 111
84 112
84 113
84 118
84 120
84 123
84 135
84 139
84 140
84 151
84 166
84 173
84 179
84 180
84 190
84 191
84 209
84 212
84 213
84 215
84 219
84 223
84 225
84 227
84 236
84 239
84 244
84 260
84 266
84 270
84 278
84 279
84 286
84 289
84 297
84 299
84 301
84 306
84 308
84 400
84 404
84 405
84 410
84 415
84 420
84 427
84 431
84 434
84 436
84 437
84 442
84 443
85 1
85 95
85 101
85 102
85 103
85 105
85 113
85 115
85 121
85 133
85 134
85 143
85 150
85 160
85 162
85 165
85 177
85 184
85 194
85 204
85 207
85 209
85 217
85 218
85 222
85 226
85 227
85 234
85 235
85 240
85 242
86 2
86 6
86 10
86 11
86 14
86 20
86 32
86 38
87 3
87 9
87 13
88 3
88 22
88 29
88 41
88 46
88 50
88 65
88 67
88 77
88 81
88 84
88 93
88 158
88 161
88 176
88 306
88 310
91 25
91 29
91 31
91 32
91 45
91 47
91 52
91 69
91 71
91 76
91 82
91 84
91 87
91 91
91 98
91 102
93 14
93 15
93 17
93 20
93 21
93 24
94 8
94 13
94 16
94 18
94 19
94 21
94 23
94 32
94 33
94 38
94 45
94 49
94 51
94 60
94 87
94 89
94 90
94 95
94 103
94 107
94 108
94 120
95 28
96 24
96 29
96 34
96 35
96 38
96 42
96 46
96 107
96 108
96 116
96 136
97 18
97 21
99 11
99 30
99 33
99 35
99 73
99 74
99 83
99 87
99 102
99 103
99 108
99 117
99 118
99 121
99 124
99 125
99 139
99 146
99 152
99 157
99 159
99 160
99 162
99 178
99 186
99 191
99 193
99 197
99 198
99 210
99 335
99 386
99 391
99 394
99 403
99 404
99 420
99 435
99 437
99 444
99 446
99 447
99 460
99 465
99 469
99 472
99 480
99 483
99 487
99 489
100 97
100 100
100 111
100 113
100 117
100 119
100 122
100 129
100 130
100 139
100 144
100 146
100 154
100 163
100 165
100 167
100 168
100 174
100 181
100 188
101 1
101 4
101 10
101 14
101 22
101 24
101 117
101 128
101 184
101 187
101 188
101 189
102 10
102 16
102 17
102 18
102 22
102 24
102 27
102 29
102 40
102 41
102 45
102 51
102 80
102 90
102 91
102 92
102 93
102 103
102 109
102 111
102 114
102 126
102 128
102 133
102 138
102 141
102 161
102 163
102 165
102 168
102 171
102 177
102 190
102 191
102 194
103 4
104 6
104 10
104 13
104 18
104 25
104 28
104 29
104 39
104 43
104 57
104 77
104 81
104 85
104 95
104 108
104 120
104 129
104 136
104 139
104 141
104 148
105 6
105 9
105 12
105 19
105 22
106 1
106 5
106 18
107 9
107 11
107 14
107 29
110 53
110 64
110 66
110 68
113 127
113 131
113 136
113 137
113 138
113 139
