1 22
1 72
1 78
1 83
1 97
1 99
1 100
1 104
1 119
1 133
1 142
2 1
2 5
2 10
3 6
3 17
3 19
3 26
3 30
3 79
3 82
3 86
3 87
3 92
3 95
3 102
3 109
3 116
3 121
3 123
5 35
5 37
5 46
6 9
6 13
6 23
6 25
6 33
6 39
6 41
6 62
6 66
7 1
7 7
7 10
7 11
7 12
7 31
7 34
8 99
8 100
8 109
8 113
8 121
8 123
8 129
8 133
8 138
8 142
9 11
9 13
11 19
11 30
11 39
11 80
12 4
12 26
12 27
12 29
12 31
12 33
13 1
13 4
13 13
13 25
13 26
13 32
13 51
13 55
13 69
13 74
15 1
15 4
15 15
15 27
15 29
15 40
15 44
15 59
16 10
16 19
16 27
16 43
16 49
16 51
16 53
16 72
16 75
16 85
16 91
16 93
16 130
16 134
16 137
16 140
16 144
16 147
16 156
16 168
16 171
16 241
16 253
16 254
16 256
16 259
16 261
16 263
16 271
16 272
16 281
16 284
16 289
16 291
16 298
16 300
16 301
16 312
16 325
16 335
16 354
17 6
17 8
17 18
17 24
17 27
17 36
17 76
17 79
17 82
17 88
17 90
17 92
17 93
17 95
17 198
17 202
17 203
17 206
17 208
17 209
17 222
17 228
17 231
17 232
17 242
17 247
17 250
17 252
17 280
17 287
17 288
17 289
17 294
17 297
17 307
17 309
17 321
17 325
17 328
17 344
17 345
17 348
17 349
17 353
17 355
17 363
17 372
17 374
18 7
18 40
18 43
18 54
18 58
18 61
18 70
18 71
18 76
18 77
20 21
20 24
20 36
20 42
20 43
20 49
21 46
22 6
22 22
23 6
23 12
23 96
23 99
23 110
23 122
23 124
23 134
23 135
23 148
23 195
23 197
23 211
23 221
23 230
23 231
23 235
23 240
23 242
23 253
23 256
23 260
23 268
24 17
24 21
24 24
24 96
24 103
24 107
24 109
24 120
24 121
24 124
24 127
24 128
24 133
24 144
24 145
24 158
24 163
24 166
24 174
24 178
24 180
24 182
25 14
25 16
25 19
26 1
26 3
26 4
26 13
26 25
26 31
26 35
26 40
26 42
26 45
27 10
27 13
27 20
28 1
28 6
28 18
28 113
28 120
28 129
28 130
28 133
28 139
28 142
28 171
30 22
30 25
30 38
31 16
31 19
31 22
31 27
31 31
31 33
31 36
33 45
33 185
33 186
34 5
34 35
34 51
34 55
35 1
35 3
35 11
35 18
35 20
36 2
36 3
36 15
36 20
36 22
36 23
36 43
36 45
36 51
36 53
36 58
36 61
36 69
36 70
36 76
36 80
36 85
36 101
37 41
37 45
37 51
37 65
37 71
37 80
37 92
37 95
37 104
37 105
37 119
37 121
37 127
37 139
37 140
37 144
37 145
37 154
37 160
37 167
37 191
37 193
37 207
37 208
37 221
37 223
37 230
37 255
37 258
37 263
37 265
37 266
37 267
38 2
38 29
38 41
38 43
38 45
38 51
38 52
40 17
40 18
40 32
40 46
40 47
40 50
40 58
40 65
40 78
40 82
40 83
40 86
40 93
40 94
40 98
40 124
40 127
40 128
41 2
41 7
41 8
41 13
41 16
41 20
41 23
42 100
42 105
42 109
42 123
42 124
42 125
42 135
42 143
42 144
42 153
43 10
43 11
43 28
44 21
44 28
44 32
44 33
44 38
44 115
44 121
44 123
44 127
44 128
44 132
44 136
44 139
44 142
44 144
44 153
44 154
44 156
44 159
44 161
44 173
44 184
44 185
44 194
44 195
44 199
45 5
45 20
45 23
46 1
46 6
46 10
46 13
46 14
46 16
46 41
46 58
46 72
46 73
46 78
46 80
46 81
46 87
46 90
46 91
46 97
46 98
48 1
48 4
48 5
48 34
48 36
48 42
48 45
48 47
48 51
48 54
48 57
48 58
48 59
48 65
48 67
48 69
48 72
48 74
48 80
48 97
48 102
48 106
48 109
48 112
48 115
48 121
48 128
48 135
50 21
50 26
50 29
50 35
50 39
50 52
50 53
50 60
50 65
51 4
51 6
51 17
51 18
52 4
52 20
52 26
52 27
52 29
52 32
52 35
52 39
52 42
52 44
52 46
52 68
52 71
52 78
52 83
52 88
52 97
52 99
53 4
53 6
53 9
53 11
53 12
53 20
57 34
59 1
59 7
59 10
59 16
59 26
59 29
59 31
59 35
59 36
59 38
59 53
59 57
59 58
59 60
59 61
59 65
59 71
59 73
59 82
59 84
59 95
59 98
59 105
59 106
59 116
59 118
59 119
59 121
59 122
59 124
59 142
59 150
59 152
59 157
60 70
60 71
60 73
60 100
60 190
60 196
60 197
60 202
60 205
60 206
60 213
60 214
60 218
60 228
60 232
60 250
60 251
60 264
60 265
60 272
60 279
60 289
60 291
60 295
60 297
60 314
60 315
60 317
60 319
60 329
60 342
60 349
60 359
60 363
60 367
60 369
60 375
60 379
60 387
61 11
61 14
61 26
61 34
61 35
61 39
61 41
61 44
63 49
63 50
63 56
63 58
63 63
63 65
63 72
63 80
63 81
66 32
66 45
66 60
66 62
66 80
66 85
66 89
66 178
66 187
66 193
66 205
66 206
66 212
66 219
66 226
66 228
66 234
66 235
66 239
67 1
67 3
67 18
67 23
67 27
67 30
67 31
67 37
67 38
67 46
67 49
67 51
67 52
67 54
67 60
69 10
69 11
69 17
69 19
69 72
69 76
69 87
69 88
69 93
69 94
69 128
70 2
70 4
70 10
70 15
70 16
70 24
70 94
73 10
73 12
74 5
74 6
74 7
74 8
74 18
74 25
74 47
74 52
76 1
76 3
76 7
76 10
76 11
76 20
76 24
76 25
76 26
76 28
76 39
76 41
76 42
76 50
76 58
76 60
76 73
76 76
76 84
76 104
76 105
76 115
76 116
76 119
76 121
76 125
76 132
77 8
78 36
78 86
78 92
78 94
78 96
78 111
78 240
78 243
78 247
78 270
78 279
79 36
79 116
79 121
79 127
79 185
79 191
79 197
79 200
79 202
79 208
79 211
79 214
79 216
79 223
80 9
80 15
80 16
80 20
80 21
80 49
80 50
80 54
80 56
80 58
83 3
83 9
83 10
83 12
83 13
83 14
83 16
83 22
83 25
83 28
83 43
83 46
83 51
83 57
83 59
83 60
83 63
83 72
83 96
83 98
83 104
83 115
83 124
83 128
83 135
83 145
83 147
83 161
83 260
83 270
83 305
83 306
83 317
84 4
84 14
84 17
84 25
84 33
84 38
84 40
84 42
84 43
84 52
84 53
86 84
86 86
86 104
86 105
86 111
86 115
86 116
86 124
86 130
86 133
86 139
86 140
86 153
86 155
86 172
86 173
86 186
86 189
86 197
86 200
86 208
86 210
86 211
86 218
86 219
86 222
86 230
86 239
86 240
86 243
86 251
86 252
86 257
86 262
86 263
86 264
86 272
86 282
86 285
86 296
86 313
86 336
86 356
86 370
86 372
86 384
86 390
86 392
87 8
87 11
87 13
87 16
87 18
87 20
87 26
87 34
87 38
87 43
87 50
87 53
87 68
87 72
87 77
87 87
87 91
87 101
87 107
87 109
87 110
87 112
88 39
88 40
88 50
88 51
88 55
88 60
89 8
89 11
89 21
89 24
89 30
89 36
89 49
90 2
90 12
91 6
91 17
91 19
91 23
91 25
91 29
91 33
91 87
91 100
91 109
91 111
91 114
91 156
91 158
91 159
91 161
91 298
91 299
91 303
91 308
91 309
91 315
91 321
91 340
92 7
92 13
94 4
94 6
94 9
94 27
94 38
94 40
94 44
94 51
94 56
94 57
94 90
94 99
94 103
94 105
95 2
95 3
95 11
95 12
95 17
95 25
95 27
96 5
96 26
96 157
96 178
96 181
96 190
97 5
97 12
97 13
97 17
97 18
97 22
97 25
97 30
97 33
97 38
99 8
99 19
99 29
99 34
99 40
99 42
99 43
99 53
