1 17
1 19
1 29
3 10
4 1
4 4
4 52
4 66
4 68
4 72
4 78
4 93
4 99
4 115
4 116
4 122
4 144
4 155
4 160
4 162
4 163
4 166
4 169
5 1
5 2
5 7
5 18
5 20
5 25
5 26
5 28
5 30
5 36
5 38
5 43
5 47
5 53
5 55
5 65
5 74
5 76
5 103
6 3
6 7
6 8
6 140
7 2
9 33
9 44
9 47
9 59
9 63
9 64
9 142
9 148
9 161
9 162
9 165
9 175
9 177
9 178
9 179
9 181
9 182
9 190
10 2
10 11
10 13
10 19
10 22
10 40
10 66
10 87
10 92
10 121
10 122
10 123
10 127
10 178
10 184
10 187
11 6
11 16
11 19
11 26
11 32
11 33
11 36
11 38
11 41
11 43
11 59
12 5
13 19
13 25
13 43
13 50
13 51
13 54
13 62
13 63
13 70
13 77
15 38
15 49
15 77
15 84
15 88
15 94
15 103
15 105
15 110
15 113
15 127
15 134
15 135
15 137
15 143
15 149
16 64
16 65
17 1
17 5
17 6
17 22
17 28
17 29
17 53
18 1
18 6
18 9
18 10
18 15
18 20
18 36
18 37
18 56
19 123
19 126
20 1
20 3
20 6
20 17
20 18
20 23
20 26
20 29
20 31
20 32
20 48
20 50
20 55
20 65
20 74
20 89
20 90
20 95
20 98
20 102
20 104
20 113
21 11
21 27
21 28
21 39
21 50
21 55
21 65
21 96
21 97
21 100
21 101
21 102
21 107
21 112
21 114
22 2
22 3
22 4
22 6
22 8
22 10
22 12
22 16
22 17
22 20
22 32
22 34
22 43
22 57
22 75
22 88
22 90
22 94
22 109
22 118
22 123
22 124
22 131
22 132
22 134
22 139
22 146
22 157
22 184
23 75
23 76
23 77
23 79
23 85
23 91
23 96
23 103
23 114
23 117
23 121
23 122
23 129
23 139
23 143
23 151
23 153
23 154
23 168
23 182
23 187
23 188
23 209
23 210
23 219
23 221
23 245
23 258
23 264
23 265
23 267
23 271
23 273
23 276
23 285
23 292
23 294
23 303
23 304
23 309
23 314
24 19
25 127
25 129
25 137
25 143
28 13
28 22
29 84
29 85
29 92
31 45
31 52
31 54
31 63
31 68
31 70
31 77
31 80
31 87
31 94
31 100
31 107
31 116
31 128
31 134
31 136
31 138
31 152
31 163
31 172
31 178
31 179
31 181
31 182
31 183
31 285
31 289
31 303
31 305
31 319
31 324
31 330
31 334
31 344
31 354
31 356
31 386
31 403
31 413
31 415
31 416
31 417
31 418
31 452
31 457
31 461
31 464
31 467
31 469
31 471
31 473
31 474
32 74
32 78
32 88
32 91
32 95
32 101
32 105
33 9
33 44
33 49
33 50
33 66
33 69
33 77
33 79
33 87
33 90
33 92
33 104
33 107
33 110
34 7
34 12
34 24
34 25
34 31
34 32
34 44
34 50
34 55
34 58
34 66
34 77
34 79
34 84
34 89
34 93
34 98
34 105
34 107
34 130
35 2
35 9
35 14
35 25
35 26
35 29
35 44
35 51
35 62
35 63
35 65
35 67
36 4
36 34
36 45
36 46
36 50
36 68
36 71
36 75
36 76
36 84
36 91
36 98
36 111
36 112
36 117
36 118
36 135
36 139
36 142
36 147
36 150
36 156
36 158
37 4
37 10
37 16
37 19
37 30
37 43
37 49
37 62
37 133
37 136
37 149
37 154
37 156
37 177
37 196
37 200
38 6
38 11
38 20
38 31
38 33
38 43
38 49
38 50
39 110
39 124
40 5
40 6
40 11
40 13
40 15
40 16
40 20
40 21
40 24
40 26
40 38
40 47
40 50
40 56
40 57
40 86
40 93
40 115
40 117
43 18
43 43
43 48
43 52
43 53
43 74
43 76
43 93
44 117
44 118
44 120
44 122
44 124
44 139
44 151
45 11
45 14
46 33
46 36
46 39
46 47
46 56
46 60
46 71
46 73
46 81
47 1
47 4
47 8
47 18
47 21
47 30
48 2
48 6
48 7
48 24
48 31
48 32
48 34
48 45
48 51
48 100
48 101
48 107
48 108
50 5
50 11
50 14
50 29
50 36
50 37
50 39
50 49
51 20
52 38
52 42
52 46
52 48
52 58
52 65
52 126
52 127
53 4
53 6
53 7
53 8
53 13
53 16
53 23
53 38
53 45
53 47
53 49
53 65
53 68
53 69
53 71
53 76
53 130
53 137
53 140
53 142
53 146
53 151
53 154
53 163
53 297
53 308
54 2
54 5
54 7
54 11
54 13
54 25
54 46
54 48
54 62
54 65
54 78
54 79
54 80
54 84
54 87
54 89
54 94
54 97
54 99
54 111
54 114
54 116
54 120
54 135
54 144
54 148
54 150
54 155
54 157
54 163
54 174
54 185
54 193
54 197
54 198
54 200
54 207
54 208
54 211
54 216
54 221
54 227
54 233
54 236
54 241
54 246
54 257
55 2
55 6
55 15
55 16
55 20
55 23
55 26
57 18
57 25
57 31
57 33
60 15
60 20
60 22
60 24
60 32
60 33
62 35
62 37
62 38
63 4
63 9
63 10
63 18
63 21
63 31
63 32
63 33
63 160
63 169
63 171
63 180
63 187
63 192
63 215
63 217
63 236
63 239
63 253
63 259
63 271
63 275
63 306
63 318
63 333
63 337
63 338
64 10
64 23
64 24
64 30
64 32
64 39
64 40
65 2
65 9
65 10
65 14
65 22
65 25
65 27
65 29
65 36
66 2
66 9
66 12
66 16
66 18
66 29
66 31
66 36
66 50
66 51
66 53
66 56
66 58
66 62
67 1
67 4
67 6
67 8
67 9
67 10
67 13
67 15
67 17
67 19
67 24
67 31
67 34
67 36
67 40
67 50
67 55
67 57
67 61
67 83
67 97
67 98
67 115
68 2
72 18
72 20
72 21
72 26
72 31
72 32
73 66
73 119
73 120
73 124
73 128
73 134
73 138
74 25
74 28
74 35
74 39
74 44
74 46
74 49
74 51
74 75
74 78
74 80
74 84
74 87
74 88
74 92
75 15
75 22
75 23
75 29
75 30
75 35
75 43
75 44
75 71
75 72
76 9
79 105
79 107
79 109
79 110
79 115
79 118
79 122
79 125
79 131
79 136
79 137
79 145
79 160
79 166
79 193
79 210
79 212
79 230
79 231
80 173
80 175
80 195
80 205
80 210
80 214
80 218
80 237
80 240
80 241
80 242
80 245
82 8
82 10
82 14
82 15
82 20
82 23
82 24
82 28
82 32
82 35
82 53
82 54
82 64
82 83
82 91
82 94
82 96
83 13
83 35
83 40
83 44
83 48
84 33
84 47
84 62
84 192
85 8
85 13
85 19
85 21
85 24
85 27
85 37
85 47
85 53
85 79
86 1
86 3
86 4
86 7
86 16
86 17
86 20
86 28
86 30
86 38
86 44
86 46
86 55
86 76
87 1
87 5
87 17
87 28
88 3
88 11
88 18
88 20
88 24
88 26
88 32
88 54
88 59
89 108
89 113
90 2
90 13
91 12
91 33
91 41
91 43
91 48
91 49
92 60
92 64
92 66
92 74
93 63
93 67
93 68
94 10
94 12
94 18
94 24
94 31
95 2
95 32
95 42
95 60
95 64
95 68
95 72
95 75
95 82
95 89
95 96
95 101
95 103
95 105
95 110
96 7
96 20
96 25
96 55
96 61
96 64
96 66
96 68
96 74
96 75
96 79
96 93
96 107
96 110
96 117
96 132
96 140
96 145
96 287
97 2
97 8
97 21
97 30
97 53
97 58
97 82
97 92
97 93
97 97
97 98
97 99
97 102
97 104
97 106
97 108
97 109
97 114
97 119
97 120
