1 13
1 16
1 19
1 20
1 21
1 29
1 33
1 37
1 44
1 55
1 57
1 59
1 61
1 64
1 67
2 5
3 31
3 37
3 40
3 170
3 179
3 181
3 202
3 205
3 208
4 1
4 46
6 30
6 39
6 41
6 42
6 53
7 89
7 90
7 91
7 93
7 96
7 98
7 102
7 104
10 30
10 46
10 50
10 53
10 59
10 71
10 74
10 78
10 91
10 94
10 98
10 100
10 101
10 106
10 109
10 126
10 129
10 131
10 134
11 1
11 36
11 37
11 52
11 63
11 67
11 68
11 72
11 77
11 79
11 80
11 82
11 84
11 91
11 92
11 105
11 109
11 113
11 116
13 2
13 8
13 10
13 13
13 18
13 20
14 5
14 11
14 21
14 26
14 33
14 34
14 43
14 48
14 56
14 59
14 61
14 69
14 74
14 80
14 83
15 5
15 10
15 14
15 15
15 26
16 24
16 34
16 41
16 45
16 52
18 1
18 2
18 3
18 4
18 11
18 28
18 37
18 42
18 46
18 90
18 97
18 102
18 113
18 125
18 129
18 137
18 138
18 144
18 146
18 148
18 151
18 152
18 155
18 156
18 179
18 205
18 229
18 232
19 1
19 3
19 6
19 13
19 14
20 13
20 76
20 86
20 92
20 100
20 103
20 124
20 130
20 134
20 139
20 150
20 153
20 157
20 160
20 162
20 169
20 170
20 171
20 191
20 194
20 195
20 199
20 201
20 222
20 224
21 2
21 3
21 19
21 23
21 25
21 37
21 48
23 65
23 66
23 71
24 114
24 122
24 126
24 131
24 133
24 138
24 153
24 160
25 1
25 2
25 13
25 15
25 16
25 20
25 23
25 31
25 32
25 39
25 45
25 58
25 64
25 73
25 75
25 82
25 90
26 34
27 1
27 3
27 8
27 11
27 16
27 25
27 26
27 38
27 44
28 5
28 7
28 13
28 28
28 37
28 42
28 45
28 47
28 51
29 52
29 56
29 58
29 59
29 65
30 2
30 4
30 14
30 35
30 37
30 41
30 60
30 63
31 22
31 25
31 26
31 30
31 35
31 48
31 56
31 58
31 64
31 66
31 67
31 91
31 98
31 101
31 113
31 115
32 1
32 24
32 30
33 3
33 10
33 11
33 12
33 22
33 23
33 29
33 45
34 2
34 4
34 9
34 12
34 15
37 61
38 43
38 58
38 65
38 78
38 82
38 83
38 85
38 99
38 100
38 104
38 106
38 110
38 112
38 116
38 117
38 148
38 151
38 166
39 1
39 2
39 3
40 5
40 8
40 25
40 33
40 36
40 44
40 46
40 52
40 57
40 62
40 65
40 77
40 83
40 84
42 12
42 13
42 18
42 28
42 33
42 36
42 56
42 60
42 63
42 67
42 70
42 82
43 4
43 5
43 6
43 10
43 13
43 14
43 20
43 22
43 47
43 48
43 49
43 63
43 65
43 66
43 74
43 77
43 79
45 72
45 75
45 77
45 91
45 98
47 1
47 6
47 8
47 10
47 11
47 27
47 57
48 17
48 25
48 30
48 38
48 47
48 54
48 65
48 85
48 87
48 95
48 100
48 104
48 110
48 117
48 118
48 127
48 130
48 131
48 144
48 149
48 155
48 157
48 160
48 161
48 165
48 171
48 173
48 176
48 178
48 184
48 188
48 192
48 199
48 206
49 1
51 17
51 33
51 35
51 36
51 41
51 47
51 49
51 52
51 57
52 4
52 16
52 43
52 45
52 49
52 57
52 59
52 60
52 65
52 113
52 115
52 120
52 128
52 135
52 142
52 147
52 159
52 166
52 171
52 181
52 192
52 195
52 203
52 206
52 226
52 228
52 240
53 6
53 7
53 14
53 17
53 18
53 21
54 1
54 4
55 6
55 7
56 10
56 23
57 73
57 75
57 76
57 80
57 83
57 86
57 89
57 108
57 110
57 111
57 113
57 115
57 120
57 122
57 123
57 125
57 134
57 143
57 158
57 164
57 166
57 172
57 174
57 183
57 189
57 195
57 202
57 205
57 207
57 209
57 217
57 218
57 228
58 2
60 6
60 9
60 26
60 31
60 33
60 39
60 46
60 47
60 52
60 119
60 121
60 128
60 130
60 137
60 139
60 140
60 142
60 152
60 156
60 157
60 165
60 169
60 171
60 174
60 177
60 179
60 181
60 184
60 248
60 250
60 262
60 263
60 268
60 276
60 295
60 304
60 305
60 306
61 2
63 22
63 34
63 43
63 46
63 60
63 64
63 67
63 120
63 126
63 130
63 134
63 137
63 139
63 152
63 155
63 162
63 166
63 168
63 176
63 185
63 189
63 222
64 1
64 3
64 14
64 15
64 19
64 20
64 24
64 25
64 39
64 43
64 44
64 48
64 49
64 53
64 56
64 63
64 74
64 79
64 82
64 85
64 86
64 91
64 100
64 102
64 105
64 110
64 113
64 118
64 136
64 143
64 149
65 6
65 8
65 12
65 17
65 20
65 27
65 28
65 33
65 36
65 61
65 64
65 72
65 74
66 2
66 3
66 7
66 9
66 14
66 31
66 33
66 40
66 54
66 57
66 76
66 77
66 80
66 81
66 99
66 101
67 74
67 104
67 117
67 149
67 158
67 162
67 175
67 198
67 200
67 204
67 205
67 212
67 217
67 225
67 227
67 229
67 238
67 240
67 255
67 270
67 271
67 272
67 274
67 276
67 284
67 291
67 295
67 298
67 299
68 2
68 4
68 7
68 10
68 21
68 22
69 18
69 19
69 21
69 29
71 9
72 2
72 19
72 30
73 1
73 3
73 16
73 20
75 53
75 58
75 63
76 1
77 1
77 3
77 4
77 13
77 24
77 27
77 33
77 34
77 41
77 47
77 60
77 62
77 69
77 93
77 108
77 124
77 130
77 132
77 133
77 143
77 146
77 153
77 155
77 157
77 162
77 164
77 167
77 169
78 1
78 4
78 7
78 135
78 140
79 10
79 15
79 25
79 30
79 42
79 45
79 51
81 10
81 12
82 7
82 15
82 26
82 27
82 31
83 12
83 19
83 20
83 27
83 35
83 42
83 43
85 5
85 7
85 13
85 33
85 45
85 49
85 51
86 2
86 19
87 4
87 8
87 11
87 16
87 18
87 20
88 41
88 42
88 46
88 47
88 54
88 65
88 75
88 84
89 2
89 10
89 11
89 44
89 49
89 58
90 4
90 5
90 9
90 10
90 11
90 14
90 20
91 13
91 22
91 34
91 40
91 59
92 6
96 140
96 142
96 145
96 153
96 164
97 6
97 7
97 8
97 11
97 21
97 27
97 31
97 37
97 49
97 61
97 62
97 68
97 70
97 71
98 7
100 1
100 3
100 9
100 31
100 33
100 38
100 48
100 53
100 54
100 56
100 73
100 78
100 90
100 99
100 102
100 173
100 175
100 183
100 186
102 61
102 69
102 70
102 72
102 85
102 90
103 7
103 8
103 17
103 20
103 28
103 39
103 112
104 3
104 17
104 25
104 31
104 38
104 40
104 43
104 45
104 55
104 57
108 33
108 39
108 46
108 55
108 60
108 63
108 171
108 178
108 185
108 186
109 2
109 6
109 13
109 14
110 1
110 5
110 8
110 9
110 15
110 17
110 18
110 19
110 23
110 42
110 43
110 44
110 47
110 85
110 86
110 89
110 94
110 110
110 117
110 126
110 127
110 132
111 4
111 5
111 9
111 13
111 20
111 25
111 27
111 30
111 31
111 35
111 37
111 39
111 40
111 43
111 47
112 11
112 19
112 24
112 25
112 31
112 33
112 37
112 47
112 49
112 55
112 62
112 66
112 68
112 84
112 86
112 87
112 96
112 97
112 105
112 111
113 2
114 4
114 6
114 18
114 21
114 22
114 24
115 7
115 8
115 18
115 30
115 43
115 53
115 55
115 57
115 67
115 201
115 205
116 3
116 6
116 16
116 17
116 19
116 23
116 96
116 98
116 112
116 119
116 127
116 129
116 132
116 135
116 136
116 148
116 149
116 151
116 157
116 161
116 193
116 195
116 231
116 235
117 129
117 136
117 174
117 182
117 194
117 196
117 197
117 208
117 275
117 279
117 281
117 293
117 294
117 297
118 7
118 8
118 10
118 36
118 47
118 57
118 62
118 69
118 75
118 79
118 83
118 90
118 94
118 101
118 103
118 105
118 108
118 111
118 114
118 118
118 120
118 122
119 3
119 4
119 5
119 14
119 15
