1 2
1 9
1 17
1 20
1 28
1 35
1 39
1 51
1 52
3 78
3 93
3 94
3 110
3 112
3 115
3 117
3 124
3 126
3 127
3 130
3 131
3 138
5 64
5 84
5 100
5 103
5 106
5 111
5 115
5 118
5 124
5 125
5 140
6 8
6 14
6 18
6 29
6 31
6 34
6 45
6 56
6 64
6 70
6 71
6 74
6 78
6 86
6 87
6 98
6 106
6 107
6 110
6 112
7 8
7 13
7 29
7 31
7 40
7 52
7 70
7 73
7 80
7 89
7 91
7 97
7 99
8 10
8 13
8 16
8 22
8 26
9 3
9 9
9 15
9 18
9 21
9 36
9 39
9 44
9 48
9 54
10 1
11 12
11 13
11 16
11 22
11 23
11 29
11 48
11 49
11 57
11 58
11 61
11 71
11 74
11 83
11 84
14 7
14 13
14 17
14 18
14 19
15 6
15 8
15 16
15 65
15 74
15 78
15 85
15 97
15 111
15 117
15 119
15 124
15 127
15 128
15 134
15 136
15 141
16 12
16 20
16 24
16 26
16 27
16 28
16 36
17 8
17 9
17 26
18 6
18 13
19 1
20 6
20 41
20 45
20 53
21 6
21 25
21 28
21 39
21 41
21 43
22 34
22 35
22 45
22 64
22 66
22 70
25 66
25 71
25 74
25 81
25 88
25 95
25 101
26 16
28 8
28 25
28 27
28 28
28 36
28 37
28 41
28 45
28 46
28 47
28 50
28 51
28 61
28 66
28 67
28 68
28 71
28 73
28 77
28 94
28 95
28 102
28 107
28 109
28 129
28 134
28 150
28 160
28 161
28 166
28 170
28 173
28 188
28 190
28 192
29 5
29 16
29 18
29 20
29 26
29 31
29 39
29 45
29 50
29 62
29 72
29 74
29 77
29 83
29 88
29 94
29 100
29 117
29 131
29 136
29 138
29 156
30 1
30 3
30 4
30 7
30 20
30 28
30 35
30 36
30 39
30 42
30 48
31 3
31 15
34 16
34 20
35 10
35 13
35 15
35 19
35 20
35 41
35 42
35 47
39 15
39 23
39 24
40 1
40 2
41 1
41 4
42 11
42 23
42 24
42 27
42 30
42 31
43 1
43 5
43 12
43 23
44 19
44 23
44 25
44 43
44 44
44 45
45 2
45 8
45 13
45 16
45 18
45 19
45 25
45 42
45 43
45 49
45 57
45 64
45 65
45 95
46 1
46 3
46 8
46 10
46 26
46 38
46 64
46 67
46 69
46 73
46 188
46 190
46 202
46 223
46 236
47 1
47 6
47 9
47 11
47 19
47 23
47 26
47 27
47 28
47 37
47 44
47 46
47 48
47 49
47 64
48 1
48 16
48 20
48 23
48 24
48 31
48 33
48 41
48 105
48 114
48 118
48 126
48 129
48 130
48 133
49 3
49 16
49 33
49 40
50 4
50 16
50 17
50 21
50 28
50 32
50 36
50 76
50 81
50 84
50 88
50 95
52 3
52 4
52 11
52 13
52 16
52 32
52 38
52 170
52 178
52 188
52 189
52 191
52 192
52 193
52 196
52 204
52 302
52 304
52 321
52 325
52 339
52 346
52 350
52 364
53 6
53 8
53 16
53 28
53 35
53 42
53 47
54 1
54 6
55 94
55 107
55 112
55 132
55 137
55 144
55 204
55 207
55 214
55 216
55 219
55 229
55 230
55 236
55 242
55 294
55 295
55 302
55 429
55 433
55 435
55 442
55 466
55 467
55 473
55 479
55 481
55 483
55 486
55 489
55 493
55 495
55 502
55 507
55 520
55 526
55 538
55 542
55 544
55 549
55 550
55 553
55 562
55 607
55 626
55 633
55 639
55 645
55 649
55 650
55 652
58 35
58 36
58 46
58 47
58 48
58 56
58 60
58 74
58 89
58 92
60 8
60 9
60 15
60 21
60 30
60 42
60 43
60 83
63 176
63 178
63 189
63 194
63 197
63 199
63 202
63 205
63 207
63 228
63 235
63 238
63 245
63 247
63 248
63 255
63 262
63 263
63 264
63 267
63 268
63 272
63 280
63 291
63 301
63 303
63 304
63 319
64 122
64 123
64 184
64 197
64 198
64 200
64 210
64 213
64 217
64 221
64 235
64 237
64 245
64 247
64 252
64 255
66 59
66 66
66 81
66 85
66 92
66 109
66 122
66 128
66 129
66 135
66 137
67 49
67 54
67 59
67 65
67 68
67 71
67 76
67 77
67 88
67 89
67 99
67 102
67 137
67 143
67 147
67 151
67 158
67 160
67 163
67 169
67 170
67 171
67 173
67 189
67 194
67 195
67 198
67 206
67 222
67 223
67 228
67 232
67 233
67 235
67 243
67 244
67 245
67 254
67 255
67 270
69 12
69 18
69 21
70 60
70 63
70 64
70 67
70 71
70 72
70 78
70 83
70 88
70 90
70 92
70 150
70 152
70 154
70 156
70 157
70 162
71 3
71 4
71 6
71 9
71 14
71 21
71 28
72 12
72 14
72 18
72 28
72 30
72 47
72 50
72 53
72 57
73 5
73 9
73 10
73 16
73 19
73 20
73 26
73 48
73 53
73 56
73 65
73 72
73 73
73 77
73 85
73 87
73 91
73 97
73 103
74 119
74 121
74 128
74 133
74 135
74 138
74 145
74 160
74 169
74 173
75 8
75 15
75 17
75 22
75 24
75 29
75 31
75 33
75 41
75 47
75 48
75 50
75 51
75 52
75 53
75 70
75 79
75 80
75 81
75 86
75 90
75 105
75 120
75 124
75 131
75 134
75 135
75 141
75 142
75 148
75 150
75 155
75 159
75 163
75 176
75 181
75 185
75 186
75 192
75 212
75 215
76 8
76 12
76 17
78 4
78 10
78 13
79 4
79 7
79 13
79 16
79 17
79 20
79 32
79 55
79 58
80 2
80 15
80 17
80 63
80 72
80 78
81 106
81 114
81 117
81 119
83 56
83 63
83 66
83 75
83 76
83 80
83 82
83 98
83 100
83 104
83 108
84 4
85 2
85 12
85 18
85 19
85 25
86 1
86 2
86 4
86 10
86 12
86 21
86 25
86 29
87 9
87 11
87 19
87 71
87 81
87 86
88 1
88 4
88 6
88 9
88 12
88 14
88 20
88 24
88 34
88 39
88 52
88 62
88 71
88 79
88 80
88 95
88 97
88 113
89 35
89 46
89 74
90 1
90 5
90 8
90 10
90 13
90 14
90 21
90 23
90 25
90 30
90 31
90 37
90 47
91 13
91 14
91 16
91 20
91 25
91 46
91 49
91 50
91 53
91 56
91 63
91 101
91 105
91 114
91 117
91 118
91 120
91 122
91 125
91 159
94 6
94 9
94 23
94 28
94 29
94 47
95 7
95 8
96 27
96 30
96 38
96 40
96 43
96 44
96 47
96 52
96 57
96 64
96 66
96 88
96 90
96 96
96 99
96 100
96 101
96 103
96 106
96 109
96 111
98 46
98 157
98 165
98 166
98 173
98 179
98 186
99 5
99 24
99 25
99 26
99 35
99 38
99 41
99 49
99 52
99 53
99 55
99 70
99 71
100 1
100 4
100 5
100 11
100 17
100 19
100 20
100 149
100 151
100 153
100 155
101 1
101 9
101 21
101 75
101 93
101 96
101 100
101 105
101 107
101 112
101 114
101 115
101 120
101 121
101 122
101 127
102 101
102 105
102 112
102 114
102 124
102 131
103 5
103 13
104 4
104 18
104 20
104 23
104 41
104 44
104 57
104 65
104 76
104 77
105 2
105 4
105 8
105 10
105 11
105 13
105 16
105 17
105 20
105 23
105 26
105 28
105 42
105 45
105 47
105 53
105 65
105 72
105 73
105 78
105 80
105 108
105 110
106 8
106 11
106 13
106 14
106 15
106 20
106 26
106 37
106 45
106 46
106 48
106 54
107 3
107 6
107 8
108 3
108 10
108 12
108 14
108 15
108 24
108 25
108 31
108 35
108 36
108 41
108 42
108 54
109 2
109 3
109 8
109 10
109 14
109 15
109 16
110 29
