1 10
1 18
1 30
1 33
1 46
1 47
1 54
1 67
1 79
1 80
1 81
1 86
1 87
1 90
1 91
1 95
1 141
1 142
1 152
1 163
1 165
1 167
1 170
1 176
1 190
1 195
1 198
1 200
1 203
1 205
1 208
1 210
1 213
1 217
1 218
1 225
1 229
1 235
1 239
1 245
1 252
1 253
1 257
1 277
1 289
1 290
1 294
1 300
1 302
1 303
1 308
1 314
1 315
1 317
1 320
1 323
1 327
1 330
1 353
1 358
1 366
1 372
1 383
1 395
1 396
1 407
1 448
1 454
1 455
1 456
1 460
1 476
1 489
1 490
1 496
2 9
2 14
2 21
2 24
2 36
2 44
2 47
2 49
2 91
2 103
2 107
2 110
2 113
2 119
2 121
2 124
2 128
2 131
2 150
2 155
2 158
2 164
2 166
2 174
2 176
2 182
2 183
2 186
2 190
2 208
2 210
2 212
2 246
2 258
2 261
2 263
2 269
2 271
3 5
3 7
3 22
3 27
3 30
3 37
3 38
3 39
3 45
3 53
3 65
3 66
3 73
3 76
3 79
3 80
4 4
4 7
5 19
5 39
5 43
6 12
6 19
6 20
6 21
7 30
7 36
7 48
7 52
7 53
7 55
7 97
7 118
7 120
7 125
7 136
7 156
7 167
7 169
7 170
7 171
7 179
7 181
7 183
7 186
7 189
7 204
7 205
7 212
7 220
7 239
8 37
8 43
8 45
8 46
8 54
8 58
8 59
8 67
10 17
10 20
10 21
10 22
10 162
10 173
10 176
10 321
10 322
10 331
10 357
10 358
10 367
10 372
10 381
10 384
10 394
10 397
10 398
11 4
11 7
11 9
11 17
11 20
11 26
11 27
11 31
12 51
12 185
12 197
12 209
12 210
12 211
12 230
12 233
12 236
12 237
13 75
13 78
13 80
13 85
13 91
13 101
13 112
13 113
13 123
13 125
13 147
13 158
13 164
13 165
13 168
13 169
13 172
13 182
14 106
14 108
14 112
14 126
14 143
14 147
14 158
14 159
14 163
14 178
14 179
14 180
14 181
14 190
14 191
14 192
14 195
14 197
14 203
14 207
14 208
14 210
14 213
15 8
15 12
15 22
15 31
15 33
15 34
15 35
15 38
15 43
15 44
15 50
15 53
15 124
15 125
15 137
15 150
15 152
15 155
15 156
15 162
15 171
15 172
15 178
15 179
15 183
15 190
15 197
15 207
15 215
15 216
15 217
15 220
15 227
15 242
15 247
15 248
15 250
15 385
15 387
15 396
15 401
15 405
15 406
15 412
16 3
16 8
16 11
16 12
16 15
16 17
16 32
16 33
16 48
16 52
16 67
16 75
16 76
16 86
16 90
16 111
16 118
16 123
16 131
16 138
16 146
16 154
16 157
16 161
16 169
16 170
16 181
16 184
16 185
16 188
16 194
16 201
16 207
16 211
17 1
17 19
17 22
17 92
17 99
17 110
17 111
17 114
21 5
22 12
22 19
22 30
22 31
22 38
22 50
22 58
22 60
22 64
22 70
22 79
22 173
22 182
22 183
22 189
22 190
22 194
22 196
22 197
22 207
22 208
22 215
22 225
22 231
22 232
22 239
22 241
23 13
23 17
23 87
23 103
23 104
23 111
23 114
24 19
24 25
24 41
24 55
25 2
25 6
25 17
25 147
25 151
25 153
25 165
25 178
25 181
25 185
25 186
25 187
25 188
26 30
26 31
26 32
26 37
26 46
26 47
26 176
26 195
26 235
26 255
29 21
29 24
29 26
29 31
29 34
29 46
29 72
29 85
29 94
29 97
29 102
29 103
29 105
29 112
29 114
29 125
30 7
30 40
30 51
30 55
30 58
30 65
30 77
30 79
30 85
30 89
32 2
32 5
32 7
32 9
32 12
32 19
32 23
32 26
32 33
32 34
32 45
32 49
32 52
32 64
32 72
32 75
32 77
32 80
32 86
32 89
32 96
32 98
32 99
32 101
32 103
33 2
33 4
33 28
33 53
33 67
33 70
33 79
33 84
33 91
33 98
34 92
34 94
34 97
34 104
34 108
34 111
34 114
34 134
34 138
34 160
34 163
34 167
34 184
34 185
34 195
34 197
34 206
34 302
35 70
35 71
35 76
36 82
36 88
36 121
36 123
37 6
37 10
37 17
38 6
38 8
39 42
39 46
39 55
39 66
39 201
39 202
39 203
39 204
39 205
39 220
39 227
39 233
39 265
39 276
39 283
39 285
40 24
41 4
41 15
42 23
42 41
42 42
42 57
42 243
42 246
42 256
42 278
42 279
42 280
42 282
42 284
42 288
42 300
42 303
42 319
42 323
42 326
42 354
42 355
42 368
42 374
42 376
42 380
42 388
42 390
42 398
42 402
42 406
42 414
42 415
42 416
42 472
42 481
42 499
42 501
42 503
42 505
42 506
42 513
42 522
42 523
42 529
42 538
42 558
42 559
42 562
42 563
42 573
42 574
42 579
42 584
42 589
42 590
42 602
42 614
42 616
42 626
42 633
42 634
42 639
42 641
42 645
42 647
42 654
42 655
42 662
42 672
42 673
42 677
42 687
42 699
43 1
43 15
43 22
46 35
46 40
46 46
46 48
46 49
46 57
47 1
47 14
47 15
48 93
48 94
48 101
48 103
48 120
48 125
50 4
50 6
50 9
50 19
51 21
51 35
51 37
51 38
51 41
51 45
51 57
51 62
52 9
52 15
52 76
53 1
53 21
53 29
53 31
53 36
53 40
53 48
53 63
53 66
53 71
53 77
54 96
54 98
54 100
54 107
54 112
54 113
54 114
54 121
54 126
54 130
54 137
54 142
54 149
54 173
54 188
54 190
54 197
54 212
54 230
54 257
56 31
56 33
56 35
56 38
56 47
56 50
56 51
56 52
57 1
57 8
57 9
57 14
60 6
60 8
60 11
60 12
60 15
60 19
60 45
60 48
61 4
61 6
61 7
61 13
61 14
61 16
61 24
61 26
61 30
61 33
61 37
61 43
61 49
61 55
61 58
61 201
61 202
61 206
61 228
61 242
61 249
61 258
61 279
61 293
62 1
62 6
62 8
62 25
62 31
62 34
62 39
62 41
62 44
62 45
62 51
62 58
62 72
62 82
62 84
62 86
64 2
64 4
66 2
66 103
66 104
66 105
68 8
68 9
68 15
68 18
68 20
69 1
69 8
70 7
70 10
70 35
70 46
70 57
70 59
70 61
70 142
70 143
70 144
70 146
70 153
70 191
70 195
70 212
70 215
70 219
72 8
72 9
72 12
72 15
76 30
77 2
77 8
78 6
78 24
78 27
78 33
78 40
78 41
78 54
78 66
78 72
78 78
78 88
78 90
78 93
78 98
78 101
79 1
79 2
79 4
79 6
79 7
79 9
79 11
79 12
79 13
79 25
79 30
79 38
79 42
79 45
81 57
81 61
81 64
81 67
81 74
82 7
82 8
82 13
82 15
82 24
82 26
82 47
82 49
82 50
82 56
82 57
83 1
83 8
83 15
83 16
83 29
83 38
83 58
83 68
83 69
83 71
83 74
83 77
83 82
83 85
83 88
83 98
83 103
83 105
83 106
83 115
83 116
83 124
83 126
83 133
83 134
85 31
87 38
87 43
87 44
87 48
87 52
87 59
87 61
