1 5
1 11
1 12
1 22
1 26
1 28
1 31
1 35
1 36
1 46
1 158
1 171
1 185
2 4
2 7
5 13
5 16
5 17
5 23
6 4
6 8
6 10
6 17
6 26
6 29
7 5
7 8
7 9
7 15
7 19
7 22
8 97
8 102
8 103
8 104
8 109
8 184
8 187
9 6
9 8
9 10
9 23
11 10
11 16
11 22
11 23
11 24
11 28
11 32
11 50
11 53
11 60
11 63
11 65
11 69
11 71
11 73
12 5
12 10
12 11
12 14
12 16
12 17
12 33
12 43
12 44
12 50
13 23
13 29
13 33
13 36
13 38
13 39
13 40
13 44
13 45
13 46
13 49
13 55
13 64
13 65
13 72
13 73
13 74
13 79
13 86
13 89
16 22
16 23
16 28
16 29
16 33
16 35
16 41
17 2
17 5
17 10
17 12
17 16
17 17
17 27
18 10
18 15
18 17
18 19
18 25
18 27
18 91
18 102
18 103
18 122
18 125
18 126
18 133
18 136
18 137
18 238
18 239
18 241
18 243
19 2
19 13
19 16
19 17
19 18
19 29
19 30
19 33
19 36
19 37
19 48
20 1
21 1
21 8
21 9
21 22
21 28
21 32
21 36
21 56
21 58
21 68
21 75
21 77
21 78
21 82
21 84
21 91
21 93
21 95
21 102
21 113
21 114
21 124
21 135
21 138
21 141
21 142
21 143
21 157
21 160
21 162
21 165
21 166
21 167
21 171
22 7
22 26
22 33
22 34
22 36
22 37
22 40
22 41
22 42
22 51
22 54
22 57
22 60
22 62
22 69
22 70
22 73
22 79
22 81
23 2
23 17
23 21
23 24
23 28
24 51
25 6
25 10
25 12
25 15
25 21
25 26
25 29
26 2
26 17
26 19
26 26
27 2
27 3
27 4
27 8
27 11
27 17
27 21
27 24
27 30
27 31
29 13
29 14
30 41
30 52
30 61
30 68
30 114
30 115
30 126
30 127
30 133
30 143
30 149
30 160
30 164
30 172
30 173
30 218
30 220
30 234
30 235
30 239
30 241
30 242
30 247
30 248
30 249
30 251
30 255
30 263
31 3
31 16
31 23
32 29
32 62
32 63
32 65
32 74
32 76
32 81
32 82
32 92
32 96
32 97
32 98
33 62
33 71
33 87
33 92
33 100
37 62
37 65
37 78
37 79
38 9
39 1
39 10
40 1
40 3
40 5
40 16
40 28
40 30
40 46
40 47
42 15
42 17
42 18
42 20
42 24
42 31
43 5
43 6
43 11
43 23
43 28
43 72
43 74
43 77
44 1
44 11
44 15
44 18
44 26
44 28
44 32
44 38
44 39
44 46
44 51
45 4
45 24
45 34
45 46
45 48
45 49
45 51
45 66
45 79
46 17
46 19
46 33
46 34
46 35
46 37
46 39
46 51
46 56
47 6
47 28
47 31
48 17
48 19
48 21
48 33
52 16
52 17
52 21
52 22
52 23
52 27
52 30
52 41
53 14
55 87
55 114
55 116
55 125
55 142
55 143
55 147
55 148
55 172
55 176
55 179
55 181
55 245
55 247
55 249
55 260
55 262
55 268
55 272
55 279
56 2
56 6
56 8
56 13
56 26
56 27
56 32
57 7
57 10
57 14
57 15
57 19
57 21
57 23
57 37
57 45
57 53
57 54
57 60
57 65
58 13
58 18
58 21
58 27
58 31
58 33
58 35
58 39
58 41
58 46
58 59
58 72
58 75
58 80
58 82
58 88
58 89
58 91
58 95
58 167
58 170
58 180
58 192
58 198
58 214
58 223
58 225
58 231
58 234
58 239
58 248
58 249
59 2
59 3
59 9
59 29
59 34
59 52
59 62
59 65
59 70
59 71
59 74
59 76
59 86
59 99
59 106
59 119
59 122
59 125
60 1
60 3
60 18
60 20
60 23
60 24
60 27
60 48
60 76
60 77
61 1
62 3
62 4
62 16
62 19
62 32
62 35
62 41
62 52
62 57
62 59
62 60
62 64
62 78
62 80
62 81
62 84
62 92
62 93
62 102
62 104
62 113
62 115
62 119
64 9
64 13
64 18
64 22
64 38
64 40
64 47
64 65
64 68
64 74
64 77
64 80
64 88
64 107
64 108
64 137
64 146
64 147
64 171
64 173
65 89
65 96
65 100
66 1
67 8
67 13
67 26
67 27
67 33
67 36
67 40
67 49
67 54
67 64
67 66
67 67
68 3
68 6
68 7
68 46
69 1
69 3
69 5
69 7
70 3
71 3
71 13
71 28
71 31
71 37
71 40
71 47
71 48
71 52
71 182
71 183
71 184
71 189
72 3
72 10
72 13
73 6
73 7
73 10
74 2
74 11
74 12
74 17
74 21
74 34
74 46
74 54
75 27
75 32
75 34
75 42
76 10
76 15
77 2
77 5
77 7
77 29
77 37
77 41
77 57
77 58
77 62
77 72
77 73
77 75
77 83
77 90
77 92
77 108
77 109
78 6
78 7
78 9
78 23
78 33
78 41
78 44
78 48
78 53
78 63
78 72
78 73
78 77
78 80
78 82
78 93
78 96
79 1
79 8
79 12
79 40
79 41
79 59
79 67
79 68
79 83
79 89
79 96
79 123
79 132
80 2
80 12
80 14
80 22
81 1
81 3
81 8
81 14
81 15
81 81
81 98
81 100
81 103
81 106
81 108
81 112
81 120
81 125
81 126
81 132
81 134
81 148
81 157
81 166
81 167
81 173
81 201
82 8
82 32
82 36
82 43
82 48
82 69
82 72
83 3
83 7
83 8
83 13
83 16
83 18
83 24
83 26
83 34
83 56
83 59
83 63
83 65
83 66
83 75
84 3
84 19
87 30
87 35
87 41
87 44
87 51
87 52
87 54
87 62
87 64
87 67
87 77
89 2
89 9
89 26
89 27
89 35
89 47
89 55
90 1
90 7
90 9
90 12
90 16
90 30
90 45
90 51
91 6
91 26
91 35
91 39
91 40
91 44
91 47
91 48
91 55
91 57
91 61
91 67
91 71
91 79
91 80
91 89
91 154
91 157
91 163
91 169
91 185
91 186
91 189
91 191
91 195
91 197
91 205
91 209
92 4
92 5
92 15
92 18
92 21
92 24
92 30
93 1
94 1
94 5
94 6
94 13
94 16
94 38
94 41
94 46
95 5
95 6
95 17
95 21
95 30
95 31
95 34
95 36
96 10
96 16
96 17
96 20
96 25
96 31
96 34
96 38
96 39
96 67
96 75
96 76
96 88
96 89
96 90
96 93
96 94
96 98
96 105
96 108
96 117
96 118
96 142
96 148
96 149
96 150
96 156
96 166
96 173
96 178
96 187
96 190
96 193
96 194
96 197
96 203
96 204
96 211
97 1
97 5
97 14
97 15
97 18
97 25
97 30
97 32
97 39
97 45
97 47
97 49
97 56
97 67
97 69
97 80
97 81
97 95
97 97
97 98
97 116
97 119
97 136
97 141
97 145
97 146
97 159
97 163
102 18
102 19
102 33
102 41
102 42
102 45
102 49
105 1
105 2
105 3
105 5
105 7
105 23
105 41
105 48
105 49
105 68
105 69
105 78
105 99
106 7
106 10
106 14
107 5
107 6
107 9
107 14
107 16
107 18
107 21
107 29
107 30
107 38
107 40
107 42
107 51
107 52
107 53
107 54
107 55
108 6
108 9
109 2
109 9
110 7
110 14
110 17
110 19
110 25
112 101
112 102
112 109
112 112
112 123
112 140
112 142
112 154
112 157
112 159
112 166
112 169
112 170
112 172
112 173
112 191
112 196
113 15
113 16
113 18
113 25
113 41
114 5
114 8
114 12
114 22
116 20
116 29
116 67
116 70
116 78
116 79
116 81
116 86
116 87
116 94
116 143
116 146
116 150
116 152
116 159
116 167
116 176
116 186
116 189
116 190
117 68
117 74
117 75
118 8
118 24
118 26
118 33
118 34
118 40
118 44
118 48
118 66
118 74
118 77
119 1
119 2
119 6
120 44
120 46
120 47
120 50
121 1
121 4
121 63
121 64
121 71
121 75
121 76
121 84
121 87
121 93
121 104
121 105
123 14
123 17
123 55
124 4
124 7
124 16
124 28
124 32
125 25
125 33
125 38
125 39
125 41
125 42
125 50
125 52
125 55
125 83
125 88
125 89
125 93
125 98
125 100
125 101
125 102
125 114
125 119
125 120
125 125
125 133
125 136
125 137
125 142
125 152
125 156
125 164
125 170
125 173
125 193
125 194
125 205
125 206
125 210
125 215
125 220
125 228
125 237
125 238
125 240
125 243
125 244
125 248
125 249
125 257
125 258
125 262
125 266
125 267
125 274
125 279
125 280
125 282
125 300
125 304
125 308
125 313
126 96
127 6
127 8
127 10
127 14
127 19
127 45
127 59
127 66
127 74
127 76
127 79
127 83
127 84
127 89
127 113
127 114
127 116
127 124
127 127
127 128
127 131
127 133
127 135
127 137
127 140
127 149
127 150
127 153
127 197
127 253
127 260
127 268
127 286
127 289
128 12
128 13
128 19
128 20
128 30
128 32
128 40
128 41
129 5
129 6
129 11
129 13
129 15
129 33
129 42
129 43
129 48
129 50
129 58
129 63
129 72
129 79
130 3
130 12
130 13
130 29
130 31
130 39
130 42
130 49
131 1
131 7
131 45
