1 1
1 4
1 13
1 22
1 32
1 39
1 65
1 73
1 85
1 92
1 94
1 96
1 97
1 100
1 108
1 117
1 121
1 125
1 128
1 135
2 76
2 77
2 78
2 82
4 5
4 6
4 7
4 11
4 12
4 14
4 17
4 18
4 28
4 29
4 39
4 40
4 42
4 47
4 53
4 64
4 71
4 78
4 85
4 98
4 105
4 107
5 15
5 27
5 35
5 36
5 51
5 93
5 111
5 116
5 132
5 146
5 147
5 153
5 159
5 160
5 162
5 164
5 169
5 171
5 175
5 177
5 179
5 190
5 197
5 198
5 206
5 207
5 208
5 210
5 213
5 215
5 228
5 245
5 247
5 250
6 3
6 9
6 10
6 12
6 17
6 21
6 24
6 32
6 33
6 34
6 37
6 47
6 50
6 55
6 56
7 5
7 8
7 34
7 38
8 3
8 9
8 17
8 21
9 2
9 7
9 8
9 21
9 24
9 26
9 43
9 59
9 70
9 77
9 78
9 81
9 82
10 5
10 7
10 8
10 25
10 34
10 37
10 40
10 49
10 53
10 63
10 80
10 102
13 21
13 34
13 63
13 149
15 2
16 1
16 4
16 132
16 140
16 146
16 148
16 151
16 152
16 167
16 172
16 176
16 179
16 183
16 190
16 192
16 196
16 203
16 229
16 232
16 233
16 236
16 239
17 4
17 22
17 34
17 36
17 40
17 42
17 43
17 49
17 52
17 56
17 60
17 81
17 82
17 91
17 104
17 106
20 38
20 39
20 41
20 44
20 46
20 47
20 61
20 62
20 66
20 72
20 76
20 80
20 94
20 97
20 99
20 101
20 104
20 105
20 106
20 118
20 134
20 136
20 143
20 144
20 146
20 147
20 151
20 165
20 171
20 173
20 181
20 189
20 196
20 198
20 205
20 207
20 210
20 216
20 222
20 231
20 234
20 237
20 246
20 250
20 278
20 280
20 281
20 295
21 45
21 53
21 65
21 69
21 70
21 71
21 73
21 75
22 3
22 4
22 10
23 5
23 10
23 16
23 32
23 34
23 41
23 56
23 68
23 75
23 76
23 80
23 83
23 85
24 7
24 15
24 16
24 30
24 36
24 45
24 53
24 60
24 63
24 65
24 80
24 92
25 1
25 12
25 15
25 20
25 21
25 41
25 50
25 51
25 59
25 63
25 65
25 83
25 87
25 90
26 7
27 59
27 65
27 66
27 69
29 62
29 63
29 71
29 79
29 83
29 84
29 91
29 94
29 95
29 96
29 98
29 110
29 113
29 123
29 131
29 132
29 141
29 152
29 174
29 180
29 192
29 194
29 195
29 198
29 200
29 204
29 212
30 13
30 21
30 41
30 49
30 50
30 54
30 56
30 59
30 61
30 70
30 74
30 78
30 79
30 86
30 98
30 106
30 107
30 108
30 119
31 14
31 21
31 22
31 31
32 9
32 35
32 42
32 47
32 50
32 54
32 56
32 96
32 99
32 104
32 111
32 114
32 116
32 121
32 134
32 137
32 204
32 205
32 207
32 209
32 217
32 226
32 231
32 234
32 237
33 14
33 18
33 28
33 33
33 37
33 44
33 52
33 54
33 55
33 57
33 60
33 62
33 70
33 89
33 92
33 101
33 104
33 110
33 118
33 128
34 12
34 17
34 18
34 20
34 24
34 25
34 28
34 33
34 55
34 56
34 70
35 58
35 65
35 67
35 68
36 22
37 5
37 15
37 20
37 39
37 46
37 47
37 50
37 57
37 58
37 59
37 60
37 69
38 13
38 18
38 39
38 42
38 44
38 45
38 68
38 77
38 81
38 91
38 96
39 6
39 10
39 21
39 24
39 35
39 36
39 40
39 44
39 46
39 48
39 63
39 78
39 88
39 90
39 91
39 104
39 105
39 111
39 112
39 123
39 124
39 126
39 129
39 132
39 133
39 138
39 140
39 155
39 199
39 200
39 207
39 212
39 213
39 229
40 30
40 33
40 34
40 37
40 39
40 45
41 9
41 11
41 18
41 23
41 32
41 38
41 40
43 3
43 19
43 21
44 15
44 18
44 25
44 26
44 35
45 2
45 3
45 14
45 15
45 16
45 130
45 137
45 160
45 161
47 60
48 10
48 21
48 25
48 31
48 33
48 39
48 40
48 43
48 45
48 64
50 3
51 3
51 5
51 12
51 20
51 21
51 22
51 30
51 35
51 37
51 43
51 47
51 128
51 133
51 139
51 191
51 194
51 199
51 207
51 209
51 216
51 255
51 257
51 261
51 262
51 288
51 290
51 297
51 300
51 303
51 305
51 308
52 3
52 8
52 11
52 15
52 18
52 26
52 59
52 67
52 71
52 72
52 75
52 82
52 106
52 114
52 129
52 149
52 150
52 169
53 8
53 10
53 21
53 46
53 49
53 54
53 62
53 64
53 67
53 72
53 73
53 75
53 77
53 90
53 95
53 101
53 105
53 106
53 128
53 133
53 135
53 139
53 142
53 143
53 148
53 150
53 151
53 157
53 159
53 161
53 162
53 164
54 24
54 32
54 33
54 34
54 35
54 37
54 41
55 6
55 8
55 10
55 29
55 34
55 35
55 37
55 38
55 42
55 43
55 47
55 48
55 56
55 65
56 4
56 11
56 31
56 34
58 1
59 120
59 123
59 132
59 135
59 169
59 173
59 174
59 176
59 183
59 185
59 191
59 324
59 326
59 350
59 357
59 360
60 1
60 8
60 10
60 29
60 34
60 42
60 43
60 72
60 74
60 96
60 97
60 106
61 5
62 3
62 5
62 12
62 20
62 21
62 23
62 26
62 32
62 36
62 38
63 7
63 16
63 21
63 23
63 25
63 30
63 37
63 38
63 40
63 45
63 55
63 56
63 66
63 67
63 70
64 6
64 10
64 25
64 28
64 30
64 35
64 65
65 1
65 6
65 15
65 27
65 28
65 38
65 41
65 51
65 53
65 65
65 66
65 68
65 71
65 88
65 89
67 2
67 5
67 9
67 23
67 25
67 27
67 29
67 36
67 50
67 58
67 60
67 63
67 64
67 67
67 74
67 75
67 98
67 109
67 112
67 119
67 123
67 134
67 140
68 10
68 16
70 15
71 71
71 72
71 77
71 81
71 93
72 117
72 133
72 224
72 234
72 236
72 255
72 262
72 278
72 281
72 283
73 92
73 99
73 104
74 118
74 122
74 126
74 129
74 137
74 140
74 141
74 143
74 149
74 154
74 155
74 162
74 165
74 166
74 182
74 192
74 198
74 246
74 254
74 261
74 279
74 281
74 292
76 28
76 30
76 33
76 35
76 38
76 79
76 85
76 107
77 93
77 94
78 12
78 18
79 15
79 18
82 7
82 8
82 11
82 16
82 21
82 23
82 67
82 76
82 83
82 84
82 86
82 103
82 115
84 3
84 7
84 10
84 20
84 23
84 34
84 48
84 49
84 52
84 55
84 57
84 60
85 6
90 9
90 12
90 15
90 17
90 22
90 24
90 25
90 31
90 34
90 44
90 46
90 56
90 63
90 67
90 69
90 78
91 67
91 200
91 201
91 202
91 206
91 208
91 214
91 216
91 243
91 250
91 253
91 255
91 260
91 263
91 266
91 268
91 284
91 300
91 301
91 304
91 305
91 307
91 308
91 317
91 324
91 333
91 335
91 336
91 337
91 340
91 353
91 356
91 368
91 379
91 386
92 65
92 67
92 69
92 71
92 74
92 77
92 81
92 98
92 105
92 107
92 109
92 110
92 115
92 117
92 119
92 123
92 125
92 127
92 128
92 137
92 149
92 150
92 152
92 154
92 155
92 158
92 160
93 14
93 16
93 21
94 47
95 39
95 42
96 6
96 7
96 15
96 18
97 2
97 12
97 14
97 19
97 21
97 26
97 29
97 34
97 130
97 132
97 134
97 139
97 143
97 146
97 152
97 168
97 169
97 177
98 4
98 22
98 29
98 31
98 33
98 36
98 40
98 45
98 53
98 66
98 73
98 76
98 77
98 78
98 81
98 89
98 93
98 99
98 107
98 118
99 1
99 11
99 13
99 20
99 25
99 31
99 32
99 53
99 54
99 56
101 78
101 82
101 84
101 88
101 91
101 92
104 2
104 5
104 7
104 25
104 29
104 30
104 31
104 36
104 43
104 49
104 58
105 27
105 40
105 42
105 93
105 97
105 101
105 111
105 112
105 116
105 124
105 165
