1 25
1 26
1 27
1 33
1 35
1 39
1 40
1 45
1 53
1 66
1 68
1 69
1 95
1 107
1 115
1 116
1 121
1 125
2 4
3 3
3 4
3 7
4 2
6 26
6 27
6 29
6 38
6 42
6 50
6 53
6 56
6 58
6 69
6 74
8 85
8 86
8 87
8 91
8 96
8 97
8 101
8 108
8 111
8 113
8 128
8 143
10 81
10 97
10 101
10 106
10 109
10 111
10 113
10 114
10 120
10 124
10 136
10 137
10 144
10 154
10 155
11 3
11 7
11 11
11 14
11 32
11 39
11 40
11 44
11 46
11 49
11 65
11 67
11 74
11 80
11 82
11 95
11 96
11 97
11 104
11 109
13 57
13 58
13 69
13 77
13 79
13 82
13 84
13 99
13 103
13 118
13 138
13 141
13 144
13 153
13 158
13 163
13 168
13 179
13 184
13 186
13 187
13 191
13 195
13 196
13 212
13 213
14 8
14 11
14 13
14 18
14 21
14 30
14 32
14 58
14 61
14 64
14 79
14 86
14 102
14 108
14 109
14 114
14 121
14 125
14 129
14 133
14 141
14 149
14 151
14 156
14 161
14 162
15 4
15 16
15 20
15 45
15 50
15 52
15 55
15 57
15 69
15 82
15 86
15 87
15 91
15 96
15 99
15 104
15 108
15 109
15 112
15 123
15 124
15 125
15 129
15 135
15 137
15 150
15 152
15 157
15 174
15 177
15 179
15 185
15 186
15 189
15 193
15 198
15 200
15 201
15 203
15 212
15 216
15 218
16 2
16 9
17 67
17 70
17 91
17 102
17 104
18 6
18 7
18 10
18 17
18 34
18 35
18 41
18 43
18 45
19 94
19 105
19 106
19 123
19 125
19 134
19 150
19 151
19 152
19 162
19 186
20 2
20 6
20 9
20 12
20 13
20 18
20 22
20 24
20 26
20 27
20 28
20 34
21 15
22 1
22 6
22 14
22 15
22 21
22 31
22 34
22 39
22 41
22 54
22 55
22 57
22 61
22 62
22 68
23 11
23 25
23 27
24 18
24 20
24 23
24 26
24 39
24 41
24 44
24 50
24 53
24 55
25 2
27 52
27 55
27 57
28 19
28 22
28 155
29 7
29 17
29 18
29 26
29 28
29 40
29 41
29 47
29 70
29 72
29 74
29 178
29 187
29 194
29 195
29 211
29 219
29 222
29 225
29 238
30 1
31 1
31 8
31 9
31 12
31 19
31 20
31 24
33 19
33 33
33 49
33 55
33 62
33 69
33 70
34 19
34 20
34 23
34 24
34 29
34 31
34 35
34 39
34 40
34 45
34 184
34 185
36 13
36 33
36 35
36 37
36 46
36 66
36 69
36 169
40 44
41 53
41 56
41 63
41 74
41 75
41 90
41 91
41 92
41 93
41 96
45 23
46 3
46 4
46 11
46 12
46 15
46 22
46 24
46 34
46 38
47 3
47 5
47 11
48 4
50 46
50 90
51 15
52 15
52 26
52 29
54 65
54 72
54 79
54 87
55 43
55 46
55 53
55 55
55 57
55 64
55 71
55 81
55 82
55 83
55 84
55 88
55 96
56 9
56 13
56 14
56 16
56 18
56 20
56 21
56 22
56 32
56 35
56 39
56 40
56 43
56 56
56 59
56 68
56 82
56 90
56 98
56 105
56 114
56 116
56 124
56 144
56 148
56 149
56 156
56 160
56 161
56 163
56 166
56 167
56 187
56 189
56 196
56 200
59 19
60 3
60 5
60 6
60 11
60 22
60 24
60 25
60 34
60 36
60 52
60 115
60 131
60 151
60 164
60 172
60 189
61 65
61 67
61 69
61 72
61 73
61 76
61 80
61 84
64 6
64 9
64 10
64 29
64 33
64 41
64 50
64 51
64 53
64 65
64 66
64 69
64 93
64 102
64 108
64 110
64 111
64 115
64 128
64 134
64 149
64 155
64 159
64 167
64 171
65 3
66 3
66 5
66 8
66 27
66 31
66 36
66 37
66 45
66 47
66 114
66 124
66 130
66 131
66 147
66 153
66 155
66 167
66 175
66 195
66 201
67 1
67 3
67 5
67 25
67 26
67 28
67 30
67 32
67 41
67 47
67 50
67 58
67 64
67 66
67 71
67 72
67 73
67 79
67 80
67 85
67 89
67 101
67 113
67 117
67 124
67 126
68 1
68 5
68 9
68 12
68 18
68 21
68 24
68 30
68 31
68 32
68 33
68 42
68 53
68 55
68 58
68 60
68 73
68 78
68 80
68 82
68 84
68 91
68 103
68 107
68 109
68 112
68 113
68 122
68 127
68 129
68 133
68 164
68 166
68 173
68 179
68 188
68 193
68 196
68 226
68 232
68 238
68 239
68 247
68 252
68 254
68 268
68 270
68 276
70 4
70 20
70 24
70 33
71 44
72 2
72 5
72 16
72 17
72 21
72 27
72 32
72 39
75 9
75 16
75 17
75 24
75 35
75 38
76 36
76 39
76 41
76 43
76 47
76 55
76 57
76 58
76 65
76 72
76 81
76 83
77 34
77 42
77 52
77 58
77 60
77 63
77 70
78 13
78 16
78 18
78 20
78 27
78 30
78 31
78 33
78 35
78 41
78 42
78 45
78 50
78 54
78 63
78 72
78 76
78 81
78 82
78 83
78 85
78 92
78 107
78 108
78 111
79 7
79 18
79 21
79 22
79 24
79 28
79 32
79 33
79 34
79 40
79 44
80 32
80 35
80 39
80 41
80 42
81 1
81 3
83 78
83 83
84 6
84 16
84 36
84 40
84 43
84 48
84 54
84 55
84 57
84 59
84 60
84 65
84 126
84 127
85 7
85 27
85 157
85 163
85 169
85 173
85 177
85 191
85 195
85 198
85 202
85 205
85 216
85 221
85 235
85 244
85 247
85 250
86 1
86 4
86 8
86 14
86 17
86 21
86 24
86 29
86 35
86 77
86 79
86 88
86 118
86 127
86 128
86 129
86 131
86 132
86 133
86 134
86 135
86 138
86 140
86 145
86 149
86 170
86 174
86 176
86 181
86 184
86 191
86 194
86 200
86 207
86 212
86 226
87 1
87 5
87 11
87 13
87 15
87 21
87 28
87 34
87 35
87 36
87 39
87 44
87 45
87 49
87 51
87 56
87 63
87 66
87 71
87 86
87 87
87 88
87 97
87 98
87 113
87 117
87 128
87 129
87 134
88 5
88 13
88 24
88 54
88 58
88 61
88 68
88 71
88 72
88 78
88 89
88 94
88 100
88 110
88 122
88 124
88 128
88 129
90 17
92 1
92 5
92 17
92 18
92 22
92 24
92 27
92 29
93 96
93 98
93 102
96 11
96 16
96 19
96 35
96 37
96 39
96 44
96 49
96 53
96 54
96 64
96 67
96 69
96 79
97 2
97 4
97 7
97 10
97 17
97 18
97 20
97 26
98 5
98 8
98 9
98 21
98 31
98 36
98 43
98 45
98 54
98 85
98 89
99 1
99 6
99 8
99 9
99 12
99 15
99 73
99 74
99 78
99 86
99 88
99 89
99 90
99 92
100 15
100 19
100 20
101 67
101 77
101 79
101 83
101 96
101 97
101 98
101 110
101 112
101 116
101 125
102 25
102 27
102 38
102 39
102 47
102 54
102 60
103 6
104 97
104 106
104 117
105 3
105 32
105 34
105 35
105 45
105 54
105 55
105 59
105 62
105 68
105 76
105 78
105 97
105 102
105 105
105 109
105 120
105 123
105 125
105 131
105 149
105 173
105 178
105 180
105 181
105 186
105 197
105 201
105 208
105 214
105 217
105 264
105 279
105 280
105 281
105 284
105 286
106 1
107 26
107 29
107 33
107 38
107 45
108 7
108 19
108 21
109 2
109 3
109 9
109 14
109 18
110 18
110 20
110 22
110 34
110 39
110 51
110 65
110 73
110 74
110 89
110 92
110 98
110 100
110 108
110 112
110 113
110 115
110 118
110 123
110 137
110 145
110 170
110 173
110 184
110 187
110 190
110 192
110 197
110 203
110 217
110 219
110 224
110 228
110 229
110 233
110 244
110 246
110 248
110 255
110 256
110 267
110 275
111 16
111 18
111 21
111 22
111 25
112 2
112 9
112 10
113 20
113 22
113 30
113 43
113 49
113 58
113 59
113 61
113 64
113 77
113 83
113 86
114 12
