1 1
2 2
2 5
2 7
2 8
2 11
3 2
3 11
3 94
3 95
3 98
3 101
3 109
3 181
3 182
3 183
3 187
4 3
5 1
6 15
6 16
6 17
7 1
8 10
8 12
8 16
8 21
8 37
8 43
8 46
8 59
8 61
8 82
8 88
10 1
10 4
10 7
10 8
10 9
10 34
10 37
10 50
10 52
11 1
11 4
11 5
11 6
11 9
11 17
11 22
11 29
11 31
11 35
13 40
13 59
14 3
14 4
14 37
14 42
14 55
15 65
16 2
16 6
16 7
16 9
16 11
16 12
16 15
16 27
16 29
16 30
16 63
16 65
16 81
17 111
18 4
18 5
18 10
18 12
18 23
18 28
18 32
18 33
18 34
18 52
18 56
19 3
21 1
21 10
21 18
21 21
21 41
21 47
21 53
22 3
22 10
22 11
23 7
23 11
23 17
23 49
23 63
23 65
23 66
23 78
23 79
23 86
23 87
23 103
23 109
23 116
24 4
24 5
25 57
25 59
25 62
25 71
26 1
26 26
28 8
28 12
28 14
28 16
29 7
29 23
29 27
29 28
29 39
29 50
29 68
29 205
29 213
29 219
29 223
29 227
29 228
30 32
30 34
30 36
30 37
30 43
32 50
32 53
32 61
32 63
32 65
32 70
32 83
32 98
32 105
32 109
32 116
32 125
32 133
32 137
32 142
32 145
32 147
32 159
32 169
32 170
32 175
32 179
32 180
32 187
32 188
34 47
34 52
34 54
34 57
35 6
35 13
35 27
35 29
35 35
35 37
35 39
35 43
35 52
35 53
35 56
35 57
36 5
36 6
36 12
36 18
36 22
36 26
36 38
36 49
36 53
36 55
37 1
37 8
38 2
38 11
39 1
39 4
39 20
39 29
39 30
39 160
39 161
39 162
39 291
39 292
39 295
39 306
39 311
39 313
39 324
39 325
39 436
39 437
39 440
39 443
39 445
39 463
39 465
39 473
39 481
39 485
39 495
39 504
39 514
39 519
39 524
39 529
39 550
39 556
39 557
39 559
39 565
39 571
39 573
39 574
39 577
39 578
39 579
39 606
39 610
40 9
40 12
40 13
40 15
40 16
41 1
41 11
41 12
41 13
41 14
41 16
41 19
42 11
42 15
42 17
42 19
43 5
44 18
44 22
44 27
44 31
45 2
45 13
45 14
45 19
45 21
45 25
45 26
47 2
47 3
47 4
47 21
47 29
47 45
47 59
47 60
47 63
47 67
47 68
47 73
47 74
47 75
47 79
47 81
47 100
47 106
47 110
47 129
47 140
47 143
47 144
47 153
48 2
48 10
48 20
48 38
48 41
48 48
48 49
49 9
49 19
49 20
49 23
49 28
49 33
49 35
49 39
49 41
49 42
49 50
49 53
49 59
49 62
49 75
49 85
50 8
50 21
50 24
50 26
50 32
50 34
50 35
51 58
51 63
51 65
51 68
51 69
51 74
51 81
51 91
51 93
51 103
51 118
51 121
52 5
52 8
52 11
52 19
52 21
52 30
52 34
52 45
52 54
52 61
52 71
52 72
52 76
52 84
52 86
52 88
52 89
52 92
54 77
54 81
54 85
54 92
55 51
55 54
55 57
55 58
55 60
55 67
55 73
55 78
55 84
55 86
55 92
55 110
55 113
55 116
55 120
55 122
55 127
55 135
55 140
56 2
56 10
56 18
56 34
56 37
56 49
56 57
56 59
56 75
56 79
56 90
57 54
57 69
57 71
58 3
58 4
58 5
58 7
58 8
58 10
58 13
58 24
58 35
59 14
60 4
60 8
60 9
60 25
61 15
61 23
61 29
61 95
61 101
61 109
61 110
61 112
61 113
61 122
61 123
61 124
61 126
61 127
61 133
61 144
61 149
61 151
61 280
61 281
61 283
61 285
61 290
62 10
62 12
62 15
63 3
63 7
63 20
63 21
63 22
63 27
63 28
63 32
63 35
63 47
63 54
63 66
63 74
63 76
63 80
63 82
63 91
63 96
63 98
63 104
64 8
64 9
64 26
64 30
65 14
66 4
66 26
66 38
66 40
66 43
66 44
66 46
66 52
66 59
66 60
68 54
68 57
68 59
68 62
68 70
68 74
68 145
68 146
68 152
68 156
68 160
69 11
69 14
69 31
69 34
69 46
69 52
69 58
69 60
70 9
70 10
70 12
70 17
70 24
70 53
70 58
70 59
70 61
70 65
72 4
72 17
72 19
72 20
72 27
72 30
73 56
73 57
73 58
73 62
73 68
73 82
73 95
73 97
74 67
74 68
74 70
74 75
74 77
74 85
74 89
74 92
74 108
74 109
75 3
75 9
75 20
75 24
75 25
75 31
75 160
75 171
75 178
75 187
75 202
75 203
75 207
75 216
75 219
75 225
75 227
75 236
75 243
75 250
75 258
75 262
75 263
75 270
75 273
75 278
75 279
76 1
76 5
76 6
76 9
77 33
77 34
77 37
77 40
77 45
77 50
77 52
77 53
77 57
77 62
77 63
77 64
81 18
81 20
82 49
82 63
82 64
82 71
82 74
82 78
82 79
82 80
82 94
82 110
82 140
82 144
82 156
82 160
82 293
82 301
83 2
83 12
83 15
83 19
83 30
84 2
84 3
84 4
84 7
85 2
87 1
87 76
87 77
87 82
87 121
88 12
88 13
89 2
89 7
89 24
89 25
89 42
89 52
89 55
89 65
89 68
89 71
89 77
90 1
90 21
90 30
90 34
90 49
90 68
90 92
90 104
90 110
90 114
90 115
90 117
90 118
90 119
90 120
90 122
90 125
90 127
90 134
90 139
90 142
90 155
90 157
90 160
90 184
90 187
90 193
90 205
90 206
90 209
91 4
91 16
91 22
91 31
91 34
91 37
91 39
91 41
91 45
91 72
91 73
91 76
91 77
91 78
91 82
91 83
91 85
91 87
91 93
91 98
91 101
92 20
92 23
92 30
92 50
93 18
94 3
94 4
94 15
95 4
95 7
95 13
95 20
95 23
95 25
95 32
95 35
95 38
95 46
95 48
95 52
95 93
95 94
95 98
96 20
96 33
96 39
97 1
97 5
97 24
98 40
98 42
98 47
98 48
99 2
100 1
100 13
101 20
101 25
101 35
101 39
101 42
102 106
102 118
102 122
102 127
102 130
102 132
102 134
102 135
102 136
102 138
102 142
104 38
106 23
107 6
108 89
108 97
108 103
108 104
108 108
108 114
108 119
108 125
108 129
108 134
108 138
111 79
111 89
111 96
111 107
111 108
111 111
111 119
111 121
111 122
112 2
112 7
112 8
112 13
112 15
112 26
112 31
112 39
113 3
113 5
114 6
114 11
114 13
114 17
114 21
114 22
114 26
114 45
114 51
114 60
114 68
114 87
115 32
115 33
115 34
115 46
115 48
115 50
117 24
117 45
117 49
117 52
117 55
119 52
119 53
119 70
119 77
119 80
119 85
119 94
119 96
119 99
119 109
119 117
120 5
120 21
120 31
120 46
120 48
120 52
120 56
120 65
120 66
120 69
120 72
120 83
122 62
122 88
122 101
122 106
122 109
122 113
122 115
122 116
123 32
123 33
124 7
124 8
124 15
124 26
124 38
124 40
124 43
124 44
124 49
124 66
124 68
124 74
124 78
124 81
124 86
125 7
126 8
126 9
126 74
126 86
126 91
126 92
