1 7
1 11
1 12
1 30
1 41
1 48
1 98
1 106
1 121
1 130
1 132
1 138
1 146
1 152
1 158
1 160
1 170
1 177
1 185
1 188
1 197
1 204
1 209
1 219
1 220
1 221
1 230
2 1
3 8
3 10
3 15
3 19
3 20
3 54
3 58
3 59
3 77
3 178
3 183
3 192
3 258
3 260
3 263
3 268
3 285
3 288
3 290
3 304
3 342
3 351
3 357
3 358
3 376
3 377
3 404
3 408
3 413
3 423
3 428
3 432
4 13
5 3
5 10
5 16
5 18
5 22
5 29
5 35
5 38
5 40
5 43
5 45
5 47
5 48
6 11
6 12
6 13
6 27
7 5
7 6
8 3
8 5
9 2
9 12
9 14
9 46
9 49
10 6
10 44
10 47
10 52
10 56
10 64
10 65
10 84
10 87
10 89
10 96
10 106
10 116
11 6
12 6
12 7
13 79
13 81
13 98
14 12
14 14
14 18
14 25
14 33
14 37
14 44
14 48
14 89
14 90
14 108
14 111
14 117
14 144
14 148
14 156
14 164
14 170
14 171
14 179
14 180
14 182
14 187
14 192
14 194
14 214
14 216
15 11
15 14
15 23
17 100
17 102
17 106
18 1
18 3
19 11
20 2
20 12
20 14
20 17
20 37
20 43
20 44
20 53
20 54
20 74
20 90
20 101
20 103
20 104
21 1
21 7
21 20
21 27
21 36
21 53
21 56
21 58
21 72
21 81
21 82
23 27
23 29
23 51
23 59
23 61
23 64
23 69
23 70
23 88
23 92
23 94
23 96
23 98
23 103
23 108
23 111
23 115
23 120
23 121
23 124
23 129
23 139
23 141
23 160
23 165
24 13
24 24
24 37
24 38
24 45
24 49
24 55
24 60
24 74
24 75
24 78
25 12
25 17
25 19
25 25
25 28
25 32
25 35
25 57
25 73
25 81
25 95
25 96
26 16
26 27
26 31
26 32
26 44
26 49
27 1
27 11
27 13
27 16
28 24
28 32
28 33
28 34
28 37
30 2
30 4
30 7
30 8
30 9
30 14
30 17
30 29
30 32
30 38
31 1
31 3
31 9
31 12
31 15
31 34
31 47
31 51
31 56
31 60
31 76
31 77
31 79
31 94
31 110
31 111
31 120
31 123
31 124
31 128
31 129
31 136
31 144
31 146
31 153
31 160
31 166
31 170
32 17
32 20
32 26
33 1
33 3
33 15
33 17
33 54
33 56
33 57
33 61
33 62
33 63
33 76
33 77
33 97
33 98
33 100
33 107
33 108
33 115
33 117
33 118
33 122
33 126
33 128
33 129
33 130
33 133
33 156
33 159
33 162
33 173
33 175
33 181
33 190
33 201
33 215
34 5
34 21
34 24
34 30
34 37
34 39
35 127
35 135
35 138
35 264
35 265
35 267
35 272
35 279
35 282
35 287
35 293
35 298
35 301
35 304
35 305
36 14
36 23
36 25
36 27
36 42
36 48
36 49
36 50
36 51
36 52
36 60
36 65
37 4
37 11
37 16
37 21
37 29
37 160
37 161
37 172
37 179
37 183
37 184
37 206
37 210
37 214
37 225
37 227
37 233
37 235
37 241
37 244
37 245
37 247
37 254
37 261
37 366
38 5
38 13
38 14
38 32
38 34
38 35
38 49
38 53
38 54
38 58
39 50
40 1
40 20
40 22
41 6
41 16
41 23
41 30
41 39
41 43
41 52
41 53
41 62
41 63
41 65
41 77
41 82
41 84
41 102
41 105
41 118
41 135
42 7
42 13
42 16
42 17
42 26
42 34
42 35
42 38
42 40
42 49
42 58
42 66
42 69
43 12
43 19
43 20
43 45
43 48
43 53
44 16
44 20
44 26
44 28
44 34
45 76
45 77
45 79
45 80
45 81
45 127
45 129
45 130
45 135
45 173
45 177
45 185
45 189
45 194
45 195
45 211
45 213
45 214
45 222
45 223
45 225
45 232
45 238
45 246
45 252
45 253
45 256
45 263
45 269
45 382
45 386
45 388
46 22
47 94
48 8
48 16
48 17
48 18
48 19
48 20
48 51
48 53
48 56
48 61
48 66
49 4
49 6
49 14
49 17
49 19
49 20
49 26
49 34
50 126
50 133
50 143
50 162
50 163
53 6
53 8
53 12
53 21
53 26
53 34
53 107
53 118
53 120
53 122
53 125
53 128
53 134
53 150
53 156
53 158
53 161
53 162
53 169
53 178
53 247
53 261
53 262
53 278
53 286
53 292
53 303
53 307
53 320
53 327
53 329
53 332
53 333
53 336
53 338
53 341
53 346
54 65
54 66
54 85
54 86
54 91
54 92
54 93
54 105
54 114
54 115
54 130
54 134
54 136
56 35
56 37
56 175
56 178
56 263
56 265
56 266
57 9
57 23
57 29
57 36
58 13
58 31
58 42
58 45
58 56
58 58
60 1
60 9
60 12
60 21
60 26
60 28
60 36
60 43
60 46
61 2
62 6
62 10
62 11
62 18
62 25
62 27
62 28
63 11
63 13
63 19
63 73
63 79
63 80
63 81
63 88
63 101
63 106
63 116
63 122
63 135
64 7
64 23
64 28
65 46
65 47
65 53
65 55
65 62
65 141
66 5
66 13
66 61
66 62
66 74
66 75
66 87
66 95
66 101
66 102
66 109
66 198
66 202
66 211
66 214
66 225
66 238
67 7
67 10
67 12
68 2
68 5
68 7
68 12
68 18
68 25
68 31
68 38
68 46
68 64
68 68
68 75
68 88
68 95
69 32
69 39
69 48
69 57
69 62
69 66
69 69
69 77
69 82
69 83
69 86
69 89
69 241
69 247
69 257
69 260
69 264
69 269
69 271
69 274
69 275
69 278
69 282
69 290
69 301
69 308
69 311
69 321
69 337
69 344
69 349
69 357
69 361
69 362
69 371
69 395
71 17
71 26
71 31
71 34
71 35
71 47
71 49
71 56
71 58
71 61
74 1
74 7
74 9
74 19
75 7
75 11
75 17
75 19
75 21
75 32
75 41
75 46
75 49
75 55
75 62
75 63
75 67
75 68
75 70
75 72
75 79
75 80
75 85
75 87
75 88
75 89
75 93
75 100
75 104
75 109
75 110
75 112
75 113
75 115
75 125
76 11
76 16
76 17
76 24
76 27
76 30
76 41
76 49
76 51
76 55
76 66
76 86
76 87
76 100
76 109
76 120
76 124
76 126
76 137
76 139
76 152
76 153
76 156
76 161
76 166
77 1
77 13
77 18
77 31
77 32
77 41
77 44
77 46
78 4
78 12
78 13
78 17
78 20
78 31
78 39
78 53
78 58
79 5
80 2
81 7
81 17
81 20
81 23
81 25
81 34
81 44
81 49
81 50
81 51
81 54
81 58
81 62
81 72
82 8
82 12
82 88
83 10
83 12
83 15
83 25
83 27
83 56
83 62
83 68
83 88
83 94
83 95
83 106
83 109
83 121
83 123
83 128
83 131
84 1
84 7
84 11
84 36
84 41
87 4
87 5
87 18
87 21
87 25
87 59
87 64
87 66
87 77
87 78
87 90
87 103
88 17
88 30
88 38
88 50
89 7
89 17
91 42
91 44
91 49
91 54
91 56
91 59
91 63
91 65
91 74
91 80
91 84
91 85
91 87
91 89
91 90
91 97
92 26
92 28
92 38
92 51
92 56
92 60
92 63
92 64
92 65
92 73
92 75
92 77
92 79
92 94
92 104
93 5
93 8
93 13
93 14
93 17
93 22
93 23
93 32
93 38
93 41
93 42
93 45
93 50
93 52
93 54
94 61
94 69
94 71
95 4
95 9
95 16
95 20
95 24
95 26
95 28
98 41
98 42
99 2
99 16
99 19
99 27
99 36
99 37
99 49
99 52
99 58
99 71
100 10
100 16
101 2
101 11
101 27
101 31
101 33
101 34
101 39
101 48
101 50
101 59
101 61
101 93
