1 6
1 12
1 14
1 22
1 33
1 38
1 42
1 43
1 47
1 49
2 6
2 9
2 22
2 29
2 32
2 37
2 52
2 57
2 58
3 8
3 11
3 25
3 26
3 28
3 32
4 7
4 13
5 11
5 16
5 20
5 25
5 26
5 30
5 38
5 47
5 59
5 64
5 78
5 83
6 26
6 31
6 165
6 166
6 168
6 177
6 314
6 319
6 327
6 331
6 343
6 344
6 353
8 31
8 33
8 34
8 38
8 62
8 66
8 71
8 72
8 82
9 4
9 6
9 11
9 14
9 20
9 33
9 34
9 38
9 45
9 56
9 60
9 63
9 67
9 73
9 75
9 79
9 94
9 97
9 102
9 105
9 106
9 112
9 114
9 116
9 119
9 130
10 7
10 16
10 18
10 23
10 35
10 37
11 1
11 9
11 16
11 22
11 25
11 26
11 27
11 30
11 33
11 38
11 131
11 133
11 139
11 140
12 1
12 8
12 10
12 30
12 32
12 36
12 46
12 48
12 49
12 52
12 54
12 57
12 61
12 76
12 86
12 100
12 102
12 115
12 123
12 139
12 140
12 168
12 173
12 186
12 189
12 190
12 192
12 193
12 198
12 200
12 203
12 206
12 207
12 212
12 213
12 222
12 227
12 239
13 1
13 2
13 11
13 17
13 60
13 67
13 77
13 78
13 79
13 91
13 97
13 101
13 106
13 113
13 119
13 123
13 128
13 130
13 138
13 152
13 175
13 211
13 212
13 215
13 223
13 227
13 228
14 11
14 15
14 18
15 2
15 9
15 11
15 14
15 16
15 21
15 25
15 27
15 53
15 58
15 66
15 69
15 71
16 37
16 40
16 51
16 52
16 53
16 56
16 70
16 90
16 92
16 104
16 105
16 110
16 111
17 4
17 23
17 25
17 30
19 1
19 2
19 26
19 30
19 91
19 96
19 101
19 102
19 109
19 112
20 81
20 86
20 87
20 99
20 100
21 87
21 92
21 96
21 105
21 124
21 135
21 144
21 151
21 152
21 177
21 178
21 179
21 191
21 195
21 205
21 209
21 210
21 212
21 217
21 230
21 234
21 240
21 244
21 246
21 248
21 249
21 252
21 253
21 281
21 283
21 284
21 292
21 298
21 300
21 302
21 303
21 306
21 320
21 328
21 334
22 5
22 24
22 30
22 35
22 39
22 44
22 45
22 47
22 53
22 55
22 65
23 3
23 32
23 35
23 44
23 60
23 62
23 70
23 75
25 87
25 90
25 153
25 158
25 161
25 178
25 180
25 185
26 104
26 105
27 2
27 10
27 12
27 18
27 34
27 39
27 50
27 52
27 122
28 2
28 8
29 2
30 1
30 6
30 7
31 4
31 6
31 26
31 33
31 37
31 40
31 52
32 13
32 26
32 30
33 20
33 31
33 35
33 38
33 48
33 49
33 145
33 150
33 159
33 197
33 202
33 212
33 216
33 227
33 231
33 238
33 242
33 255
33 257
35 51
36 112
36 124
36 126
36 128
37 95
37 96
37 98
39 35
39 37
39 43
39 47
39 53
39 63
39 79
39 82
39 86
39 138
39 145
39 148
39 149
39 161
39 162
39 166
39 175
39 176
39 178
41 1
41 2
41 6
41 8
43 52
43 54
43 60
43 62
43 66
43 70
43 78
43 96
45 35
45 38
45 43
45 45
45 51
46 23
46 26
46 45
46 47
46 64
46 78
46 84
46 85
46 90
46 97
46 99
46 101
46 106
46 108
47 5
47 16
47 20
47 23
47 31
47 33
47 36
47 41
47 56
47 199
47 204
47 208
50 6
50 10
50 13
50 18
50 28
50 31
50 35
50 38
50 49
50 56
54 15
54 20
54 37
54 45
54 50
54 52
54 56
54 61
54 63
54 69
54 77
54 83
54 85
54 86
54 98
54 106
54 124
54 140
54 147
54 148
54 166
54 167
54 172
54 175
54 180
54 182
54 184
55 5
55 9
58 2
58 7
58 20
58 26
58 27
58 31
61 27
61 34
61 35
62 2
62 7
62 8
62 12
62 17
62 23
62 33
62 47
62 57
62 68
62 69
62 72
62 73
62 74
62 77
62 84
62 86
62 88
62 94
62 122
62 127
62 131
62 132
62 135
62 141
62 143
62 158
62 159
62 165
62 196
62 197
62 224
62 226
62 230
62 238
62 246
62 247
62 250
63 1
63 13
63 15
63 17
63 21
63 22
63 29
63 34
63 167
63 191
63 206
63 223
64 4
64 11
64 15
64 19
64 35
64 39
64 51
64 53
64 63
64 65
64 69
64 72
64 79
64 82
64 92
65 25
65 27
65 33
65 35
65 39
65 50
65 52
65 55
65 61
65 62
66 2
66 6
66 9
66 12
66 14
66 20
66 24
66 25
66 37
67 38
67 41
67 44
67 46
67 47
67 56
67 185
67 188
67 193
67 195
67 198
67 201
67 206
67 208
67 212
67 264
67 273
67 276
67 338
67 339
67 347
67 350
67 352
67 361
67 362
67 423
67 425
67 561
67 563
67 564
67 565
67 568
67 573
67 586
67 593
67 595
67 596
70 2
70 5
70 12
70 20
70 23
70 28
70 30
70 52
70 63
70 71
71 3
71 13
74 46
75 8
75 24
75 27
75 32
75 68
75 69
75 88
75 94
75 97
75 98
75 107
75 108
75 114
75 125
75 127
75 129
75 175
75 177
75 190
75 193
76 8
76 9
76 22
76 31
77 9
77 18
77 25
77 28
77 31
77 34
77 43
77 45
77 49
77 67
77 73
77 75
77 90
77 100
77 102
77 103
77 105
78 10
78 21
78 36
78 37
78 43
78 55
78 57
78 68
78 73
79 2
79 4
79 5
79 13
79 14
79 19
79 26
79 133
79 142
79 144
79 146
79 283
79 285
79 291
79 292
79 295
79 329
80 1
80 5
80 7
80 13
80 15
80 27
80 35
80 37
80 43
80 57
80 62
80 67
80 77
80 78
80 83
80 90
80 93
80 98
80 102
80 108
80 109
80 114
80 115
80 116
80 128
80 130
80 140
80 165
80 168
80 171
80 175
81 12
82 17
82 20
82 25
82 30
82 55
82 64
82 65
82 68
82 69
82 70
82 75
82 81
82 88
82 90
82 92
82 95
82 96
82 98
82 103
82 108
82 111
82 120
82 123
82 125
82 127
82 143
82 145
82 152
82 156
83 27
83 30
83 31
83 32
83 49
83 58
83 62
83 66
83 67
84 12
84 16
84 18
84 27
84 32
84 34
84 38
84 45
84 48
85 6
85 9
85 12
85 13
85 42
85 51
85 58
85 59
86 30
86 45
86 174
86 178
86 181
86 182
86 190
86 213
86 214
86 219
86 227
86 232
86 233
86 234
86 366
86 370
86 376
86 510
86 514
86 530
86 531
86 533
86 540
86 541
86 545
86 550
86 557
87 12
87 23
87 32
87 36
87 37
87 42
87 44
87 45
87 48
87 53
87 61
87 75
87 78
87 94
87 96
87 110
87 122
87 129
87 130
87 131
87 145
87 148
87 158
87 159
87 160
88 24
88 36
88 37
88 38
89 1
89 21
89 24
89 25
90 1
90 2
90 7
90 9
91 5
