1 2
1 6
1 7
1 17
1 18
2 4
2 22
2 25
2 26
2 41
3 3
3 4
4 2
4 10
4 18
4 28
4 34
4 42
4 43
4 58
4 59
4 67
4 71
5 5
5 9
5 27
5 32
5 41
5 43
5 57
5 65
5 66
5 68
5 86
5 89
5 107
5 113
5 122
5 124
5 185
5 186
5 191
5 194
5 226
5 237
5 238
5 243
5 245
5 250
5 251
5 252
5 259
5 260
5 262
5 265
5 276
5 280
5 281
6 3
6 132
6 133
6 135
6 140
6 158
6 160
6 164
6 169
6 171
6 174
6 192
6 194
6 195
6 196
6 197
6 211
6 213
6 219
6 227
6 228
6 231
6 234
6 238
6 240
6 248
6 252
6 265
6 274
6 281
6 289
6 293
6 295
6 297
6 299
7 6
10 11
10 155
10 164
11 2
11 10
11 11
11 22
11 25
12 1
13 1
13 2
13 5
13 22
13 23
13 28
13 50
13 55
13 56
13 57
13 64
13 66
14 13
14 22
14 26
14 38
14 46
14 47
14 49
14 54
14 58
14 59
14 67
14 74
14 75
14 104
14 107
14 112
14 114
14 115
14 138
14 141
14 142
14 147
14 154
15 1
15 5
16 8
16 20
16 32
16 33
16 38
16 41
16 43
16 46
16 47
17 3
17 5
17 7
17 21
17 24
17 29
17 30
17 45
17 55
17 56
17 62
18 21
18 25
18 31
18 32
18 45
18 50
18 53
21 22
21 23
22 88
22 89
22 91
23 2
24 1
24 5
24 6
24 15
24 28
24 32
24 38
24 42
24 44
25 57
25 74
25 88
25 90
25 91
25 97
25 98
25 100
25 101
25 105
25 112
25 115
25 122
25 137
25 140
25 151
25 154
25 156
25 159
25 167
25 174
25 183
25 185
25 189
25 193
25 195
25 196
26 2
26 8
26 13
26 15
26 16
26 18
26 21
26 111
26 116
26 120
26 121
26 123
26 125
26 127
26 153
26 177
26 179
26 183
26 185
26 188
26 191
26 204
26 207
26 211
26 224
27 2
27 14
27 15
27 23
27 24
27 27
27 29
27 31
27 32
27 36
27 37
27 38
27 39
28 4
28 17
28 18
28 22
30 52
30 57
30 75
30 77
30 89
30 99
31 1
31 3
31 7
31 9
31 22
31 27
31 32
31 33
31 34
31 38
31 40
31 42
31 48
31 55
31 60
31 62
31 69
32 12
32 23
32 31
32 35
32 41
32 43
32 47
32 50
32 58
32 60
32 79
32 108
32 111
34 62
34 63
34 96
34 101
34 103
34 104
34 108
36 1
36 4
36 9
36 15
36 34
36 41
36 51
36 59
36 62
36 81
36 84
36 91
36 92
36 119
36 136
36 139
36 141
36 146
36 156
36 162
36 165
36 179
36 183
36 193
36 194
36 199
36 200
36 229
36 237
36 245
36 248
36 250
36 257
36 259
36 263
36 269
36 280
36 282
36 283
36 289
36 290
36 303
36 305
36 309
36 316
36 319
36 320
36 325
36 326
36 331
36 333
36 335
36 342
36 348
36 351
36 353
36 355
36 356
36 369
36 370
36 386
36 407
36 417
36 419
36 420
36 429
36 446
36 453
36 459
36 462
36 464
36 471
36 476
36 482
36 487
36 489
36 490
36 495
36 496
36 505
36 506
36 511
36 519
36 522
36 525
36 535
36 545
36 547
36 551
36 553
37 1
37 4
37 8
37 15
37 20
37 21
38 26
38 28
38 34
38 35
38 36
38 40
38 43
38 45
38 49
38 75
38 91
38 97
38 102
38 115
38 117
38 133
38 159
38 160
38 162
38 170
38 173
38 176
38 205
38 212
38 216
39 5
40 3
40 7
40 14
40 19
40 29
40 42
40 43
40 46
40 51
40 56
40 67
40 68
40 74
40 78
40 93
40 97
40 111
40 113
40 118
40 132
41 117
41 118
41 127
41 132
41 138
41 141
41 154
41 164
41 170
41 186
41 188
41 200
41 204
43 62
43 72
43 73
43 79
43 80
43 212
43 213
43 221
43 223
43 240
43 248
43 261
43 268
43 275
43 277
43 288
43 294
43 295
43 304
43 306
43 309
43 315
43 316
43 322
43 332
43 362
44 4
44 22
44 26
44 27
44 29
44 31
44 32
44 35
44 36
44 37
44 42
44 43
44 60
44 61
44 64
44 70
44 74
45 77
45 86
45 92
45 98
45 104
45 115
45 116
45 124
45 127
45 129
45 133
45 134
45 160
45 169
45 173
45 175
45 189
45 190
45 192
45 212
45 219
45 229
45 231
46 4
46 11
46 34
46 43
46 45
46 67
46 74
46 75
46 93
46 113
46 120
46 127
46 130
46 138
46 145
46 157
46 161
46 167
46 172
46 174
46 176
46 177
47 12
47 13
47 15
47 23
47 28
48 8
48 11
48 14
48 21
48 23
48 24
48 26
48 28
48 29
49 1
49 11
49 21
49 24
49 25
49 46
49 52
49 59
50 7
50 15
50 17
50 24
50 28
50 29
50 41
50 42
50 48
50 51
50 66
50 68
50 70
50 76
50 77
50 80
50 83
51 104
51 105
51 109
52 9
52 14
54 17
54 31
54 34
54 53
54 60
54 78
54 89
54 91
54 93
54 106
54 110
54 112
55 3
55 15
55 16
56 5
56 18
56 159
56 163
56 164
56 165
56 169
56 170
56 172
56 174
56 193
56 196
56 209
56 210
56 215
56 224
56 237
56 256
56 263
56 265
56 268
56 271
56 273
56 298
56 303
56 310
56 313
56 315
56 322
56 365
56 367
56 369
56 372
56 374
56 387
56 388
56 392
56 398
56 405
56 406
56 435
58 1
58 2
58 10
58 11
58 27
58 34
58 36
58 40
58 57
58 62
58 71
58 72
58 74
58 78
58 89
58 95
58 99
58 100
58 104
59 8
59 16
59 18
59 24
59 26
59 30
59 35
59 43
59 93
59 108
59 110
59 114
59 118
59 126
59 135
59 266
59 274
60 4
60 12
60 23
60 24
60 26
60 41
60 50
60 63
60 66
60 74
60 79
61 2
62 3
62 5
62 13
62 15
62 16
62 21
62 22
62 28
63 2
63 4
63 12
63 17
63 25
63 34
63 43
63 44
63 48
63 70
65 16
65 23
66 1
66 15
66 21
66 24
66 25
66 27
66 35
66 39
66 48
66 52
66 54
66 59
66 61
66 62
66 64
66 70
66 78
66 80
66 82
66 83
66 90
66 195
66 232
66 242
66 245
66 252
66 261
66 267
66 270
66 271
66 291
66 295
66 296
67 4
67 7
67 14
68 9
68 16
68 19
68 20
68 22
69 10
69 27
69 32
69 38
69 44
69 58
69 96
69 98
69 106
69 111
69 123
69 128
69 134
69 139
69 147
69 152
69 154
69 160
69 166
69 170
69 176
69 183
69 199
69 217
69 241
69 242
69 244
69 245
69 247
70 11
70 14
70 16
70 22
70 25
70 26
70 31
70 34
71 8
71 21
71 41
71 51
71 138
71 186
71 189
71 190
71 199
71 200
71 208
71 218
71 241
71 263
71 279
71 282
71 285
71 286
71 291
71 292
71 303
71 304
73 2
73 12
73 13
73 34
74 49
74 57
74 62
74 70
74 71
74 72
74 75
74 82
74 83
74 85
74 89
74 97
74 106
74 107
74 114
74 115
74 118
74 121
74 127
74 130
74 132
74 135
74 141
74 147
75 20
76 4
77 3
77 5
77 7
77 11
78 24
78 31
78 34
78 48
78 79
78 85
78 93
78 100
78 103
78 106
78 126
78 135
78 147
78 151
78 155
78 156
79 3
79 8
79 11
79 24
80 36
81 1
81 5
81 6
81 104
81 107
81 108
81 109
81 116
81 119
81 121
81 143
81 157
81 158
81 159
81 160
81 161
81 164
81 173
81 179
81 199
81 207
81 209
81 215
82 68
82 75
82 91
83 20
83 53
83 54
83 60
83 65
84 60
84 74
85 7
85 8
85 11
85 15
85 17
85 21
87 19
87 23
88 11
88 13
88 14
89 3
89 6
89 8
89 25
89 29
89 36
89 39
89 41
89 49
89 60
90 47
90 51
90 52
90 65
90 71
90 73
92 53
93 6
93 8
93 102
93 103
93 136
93 137
93 147
93 151
93 153
93 154
93 158
93 161
93 162
93 163
93 173
93 179
