1 2
1 3
1 7
1 21
1 35
1 38
1 45
1 52
1 56
1 57
1 59
1 66
1 69
1 71
1 83
1 99
1 112
1 113
1 115
1 117
2 5
2 10
2 13
2 15
3 3
3 9
3 20
3 26
3 28
3 35
3 40
3 42
3 43
3 44
3 47
3 63
3 64
3 70
5 15
5 17
5 20
5 24
5 30
5 50
5 53
5 54
5 61
5 62
6 20
6 24
6 25
6 34
6 38
6 41
6 43
6 49
6 61
6 65
6 69
6 73
6 75
6 82
6 84
6 85
6 105
6 106
6 110
6 111
6 118
6 128
6 129
6 144
6 147
6 154
7 6
7 14
8 14
8 17
9 7
9 10
10 8
10 12
10 13
10 14
10 23
10 29
10 40
10 45
10 49
10 56
10 57
10 66
10 71
10 75
10 77
10 78
10 79
10 85
10 86
10 93
10 102
10 232
10 234
11 50
12 1
13 6
13 9
13 10
13 16
13 23
13 26
13 30
13 34
13 36
13 42
13 47
13 57
13 63
13 71
13 78
13 80
13 87
13 256
13 261
13 262
13 270
13 277
13 279
13 285
13 291
13 296
13 297
13 298
13 308
13 320
13 329
13 331
13 334
13 340
13 346
13 347
13 357
13 376
13 379
13 390
13 394
13 446
13 447
13 448
13 451
13 477
13 478
13 484
13 486
14 9
14 13
15 1
15 11
15 13
15 14
15 15
15 22
15 35
15 160
15 176
15 178
15 185
15 190
15 194
15 202
15 203
15 219
15 226
15 233
15 234
15 235
15 241
15 242
15 244
15 249
15 250
15 254
15 257
15 261
15 270
15 273
15 274
15 291
15 293
15 295
15 303
15 304
15 307
15 316
15 323
18 53
18 55
18 62
18 66
18 68
19 1
19 3
19 11
19 15
19 38
19 42
19 43
19 50
19 53
19 59
19 61
19 62
19 74
19 81
19 84
19 88
19 92
19 160
19 162
19 165
19 167
19 169
19 181
19 190
19 194
19 199
19 205
19 207
19 216
19 226
19 244
19 245
19 246
19 250
19 251
19 264
19 267
19 271
19 282
19 292
19 296
19 304
19 330
19 337
19 339
19 341
19 366
21 33
21 35
21 37
21 56
21 59
21 60
21 62
21 64
21 69
21 101
21 102
21 107
21 111
21 113
21 114
21 115
21 116
21 117
21 119
21 138
21 139
21 140
21 142
21 149
21 153
21 154
21 161
21 163
21 177
21 188
21 209
21 216
21 217
21 220
21 224
21 225
21 231
21 237
21 272
21 277
21 281
21 284
21 285
21 288
21 289
21 291
21 320
21 322
21 334
21 335
21 358
22 63
22 64
22 65
22 73
22 75
22 77
22 81
22 90
22 91
22 95
22 102
22 106
22 108
22 109
22 110
22 118
22 121
22 122
22 123
22 133
22 135
22 144
22 148
23 7
23 10
23 28
23 34
23 35
23 43
23 59
23 63
23 67
23 68
23 73
23 84
23 90
23 95
23 135
23 144
24 7
24 19
24 20
24 23
24 28
24 40
24 41
24 42
24 51
27 3
28 4
28 7
28 21
28 33
28 88
28 89
28 98
28 104
28 107
28 121
28 127
28 128
28 132
28 136
28 137
28 143
28 150
28 151
28 158
28 180
28 181
28 185
28 311
28 327
28 336
28 343
28 344
28 345
29 105
29 109
29 117
29 118
29 133
29 134
29 136
29 145
29 152
31 55
31 56
32 15
32 20
32 22
33 19
33 20
34 6
34 11
34 15
34 17
34 18
35 1
35 145
35 146
35 156
35 277
35 283
35 291
35 303
35 304
35 314
35 315
35 320
35 322
35 325
35 347
35 348
35 352
35 361
35 362
35 363
35 379
35 384
35 386
35 396
35 397
35 399
35 401
36 4
36 6
36 7
36 16
36 27
36 30
36 36
36 37
36 46
36 48
36 52
36 53
36 60
37 2
38 1
38 8
38 29
38 30
38 31
38 34
38 39
38 44
38 45
38 46
38 51
38 153
38 158
38 169
38 179
38 191
39 10
39 11
39 17
39 42
39 47
39 72
39 91
39 99
39 107
39 111
39 116
39 120
39 121
39 132
40 34
40 39
40 43
40 51
40 53
40 55
40 60
40 65
40 67
40 86
41 1
41 18
41 22
42 4
42 7
42 15
42 16
42 17
43 30
43 37
43 41
43 62
43 80
43 84
43 99
43 103
44 1
44 2
45 29
45 33
46 4
47 5
47 16
48 3
48 4
48 8
48 28
48 32
48 46
48 47
48 57
51 14
51 15
51 32
51 52
51 58
51 70
51 71
51 79
51 81
54 17
54 28
54 34
54 38
54 49
54 52
54 66
54 85
54 93
54 99
54 100
54 104
54 112
54 115
54 121
54 132
54 142
54 271
54 282
54 300
54 301
54 308
54 312
54 322
54 328
55 2
56 19
56 26
56 31
56 42
56 43
56 48
56 51
56 55
56 57
56 65
56 72
56 73
56 76
56 85
56 90
56 103
56 104
56 117
56 118
56 131
56 147
56 152
56 163
57 8
57 15
57 16
57 17
57 18
57 21
57 22
57 23
57 32
57 34
57 42
57 43
57 48
57 65
57 70
57 71
57 78
57 79
57 81
58 10
58 26
58 28
58 31
58 63
58 75
58 80
59 2
60 4
60 6
60 10
60 24
60 30
60 34
60 37
60 41
60 44
60 53
60 60
60 63
60 70
60 71
60 75
60 76
60 82
60 97
60 99
60 101
60 106
60 218
60 220
62 45
62 51
62 55
63 5
63 10
63 22
63 31
63 43
64 59
64 66
64 77
64 93
64 112
64 117
64 120
66 42
66 43
66 55
66 56
66 59
66 60
66 67
66 68
66 69
66 76
66 83
66 88
68 15
70 7
70 10
70 11
70 18
70 19
70 21
70 23
71 7
71 16
71 18
71 23
71 27
71 28
72 5
72 18
72 25
72 38
72 42
72 44
72 55
72 60
72 63
72 65
72 82
72 85
72 86
72 88
72 91
72 95
72 96
72 99
72 122
72 128
72 144
72 150
73 1
73 11
73 16
73 23
73 34
74 16
74 24
74 32
74 39
74 46
74 56
74 58
74 63
74 70
74 121
75 5
75 11
75 16
76 1
78 7
78 11
78 14
78 19
78 27
78 32
78 34
78 35
78 52
78 70
79 1
79 2
79 5
79 10
79 11
79 17
80 9
80 14
80 20
80 21
80 26
80 47
80 59
80 60
80 71
80 83
80 84
80 159
80 167
80 169
80 170
80 186
80 191
80 193
80 196
80 198
80 202
80 213
80 215
80 217
80 218
80 222
80 230
80 234
80 242
80 243
80 250
80 257
81 1
81 2
81 5
81 8
81 13
81 25
81 34
81 37
81 48
81 58
81 82
81 95
81 98
81 116
81 123
81 137
81 148
81 162
81 169
81 174
81 184
81 205
81 213
81 217
81 218
82 4
82 13
82 15
83 1
83 9
83 18
84 2
84 6
84 12
84 14
84 18
84 28
87 26
87 37
87 43
87 45
87 46
87 57
87 59
88 9
88 17
88 23
88 29
88 36
88 38
88 43
88 54
88 61
88 67
88 68
88 71
88 73
88 79
88 81
88 82
88 83
88 87
88 92
88 96
88 100
88 104
88 106
88 110
88 114
88 115
89 30
89 32
89 37
89 45
89 49
89 95
90 8
90 10
90 15
90 17
90 61
90 64
90 71
90 76
90 87
90 96
90 98
90 100
90 109
91 4
91 19
91 37
91 39
91 44
91 46
91 49
91 50
91 56
91 58
91 68
92 8
92 26
92 34
92 36
92 110
92 120
92 121
92 126
92 138
92 143
92 145
92 153
92 154
92 156
92 157
92 258
92 269
92 285
92 291
93 5
93 7
93 9
93 10
93 15
93 16
93 24
93 25
93 32
93 33
93 39
93 49
93 57
93 58
93 60
93 64
93 65
93 67
93 74
93 83
93 85
93 92
93 96
93 100
93 101
93 110
94 40
95 1
95 4
96 3
96 13
96 14
96 21
96 25
96 27
96 31
96 41
96 55
96 62
96 63
96 80
96 89
96 93
96 94
96 96
96 100
96 102
96 107
96 108
96 114
96 236
96 240
96 241
96 248
96 249
96 252
96 260
96 268
96 277
96 280
96 285
96 286
96 291
96 300
96 314
96 317
96 326
96 337
96 353
96 360
96 375
96 379
96 380
96 384
96 385
96 399
96 410
96 418
97 4
98 1
98 4
98 5
98 9
98 10
98 13
98 14
98 18
98 22
98 24
98 33
98 35
98 42
98 46
98 49
98 51
98 53
98 59
98 62
98 66
98 67
98 76
98 86
98 91
98 96
98 97
98 102
98 104
98 114
99 9
99 10
99 11
99 14
99 17
99 20
99 21
