1 7
1 9
1 47
1 49
1 55
1 56
1 58
1 66
1 75
2 12
2 15
3 2
4 3
4 10
4 11
4 12
4 15
4 19
4 22
4 25
4 38
4 51
5 1
5 11
5 24
5 42
5 45
5 46
5 52
5 56
5 66
6 11
6 13
6 14
6 16
6 27
6 35
6 46
6 47
6 55
6 57
6 62
7 36
7 39
7 43
7 45
7 54
7 59
7 69
7 75
7 85
7 93
7 109
7 112
7 113
7 115
7 117
7 140
7 142
7 145
7 150
7 152
7 162
9 67
13 24
13 26
13 45
13 51
13 62
13 65
13 68
13 69
13 73
13 99
13 123
13 148
13 159
13 162
13 164
13 169
13 171
13 180
13 186
13 192
13 193
13 209
13 214
13 215
13 217
13 221
13 268
13 269
13 274
13 277
13 278
15 39
15 41
15 44
15 45
15 47
15 55
15 119
15 133
15 143
15 147
15 151
15 177
15 199
15 201
15 202
15 220
15 221
15 229
15 236
15 242
15 250
15 258
15 275
15 282
15 284
15 286
15 300
15 315
15 319
15 324
15 325
15 336
15 346
15 352
15 355
15 356
15 364
15 379
15 386
16 23
16 24
16 51
16 52
16 53
17 31
17 36
17 48
17 77
17 105
17 116
17 122
17 132
17 161
17 167
17 168
17 190
17 191
17 192
17 204
17 207
18 7
18 137
18 138
18 141
19 18
19 23
19 36
19 44
19 52
19 60
19 68
19 69
19 72
19 82
19 88
19 96
19 103
20 127
20 128
20 130
21 1
21 14
21 18
21 27
21 31
21 104
21 106
21 111
21 112
21 118
21 119
22 7
22 9
22 10
22 14
22 19
22 21
22 24
22 56
22 57
23 13
23 21
23 22
23 36
23 49
23 55
23 63
23 65
23 80
23 84
23 96
23 99
23 100
23 188
23 209
23 211
23 213
23 223
23 235
23 239
23 244
23 249
23 253
23 256
23 258
23 260
23 264
23 269
23 272
23 286
24 2
24 5
24 16
24 24
24 33
24 49
24 50
24 53
24 56
25 2
25 5
25 10
25 11
25 13
25 24
25 26
25 28
29 12
29 44
29 64
29 66
29 68
29 72
29 75
29 77
29 79
29 81
29 85
29 92
29 93
29 100
29 101
29 106
31 3
31 19
31 20
31 21
31 25
31 26
31 29
31 30
31 36
31 43
31 44
32 33
32 43
32 52
32 56
32 62
32 66
32 72
32 80
32 203
32 211
32 213
34 4
34 6
34 9
34 11
34 20
34 21
34 29
34 33
34 35
34 46
34 47
34 55
34 107
34 111
34 114
34 115
34 119
34 120
34 124
34 129
34 135
35 12
35 17
35 20
35 30
35 35
35 36
35 44
35 45
35 59
36 1
38 7
38 9
38 16
38 30
39 5
39 23
39 26
39 27
39 30
39 51
39 58
39 79
39 83
39 85
39 90
39 94
39 101
39 104
39 121
39 132
39 142
39 144
39 160
39 170
39 186
39 188
39 210
40 30
40 31
40 35
40 38
40 39
40 45
40 46
40 52
40 63
40 64
40 70
40 72
41 5
41 144
41 147
41 148
41 151
41 230
41 233
42 2
42 16
42 24
42 26
42 30
42 31
42 35
42 36
42 47
42 53
42 62
42 77
42 80
42 84
42 85
42 98
42 181
43 35
43 38
43 40
43 103
43 104
43 107
43 109
43 113
43 114
43 124
43 135
43 230
43 241
43 249
43 252
43 259
43 261
43 264
43 268
43 273
43 288
43 290
44 7
44 15
44 28
44 32
44 34
44 53
44 55
44 59
44 66
44 84
45 3
45 5
45 8
45 15
46 1
48 56
48 57
48 70
48 74
48 97
48 104
48 105
48 107
49 7
49 9
49 10
50 4
50 8
50 14
50 16
50 18
50 29
50 39
50 41
50 47
50 49
50 57
50 58
50 61
50 64
50 85
50 86
50 96
50 121
50 251
50 297
50 299
50 301
50 306
50 310
50 325
50 327
50 335
50 342
50 343
51 12
53 33
53 39
53 42
53 43
53 47
53 50
53 54
53 55
53 56
53 62
53 65
53 78
53 79
53 90
53 91
53 94
54 25
54 54
54 61
54 63
54 73
54 130
54 134
54 135
54 137
54 138
54 142
54 143
54 144
54 146
54 147
54 148
54 165
54 170
54 182
54 194
54 204
54 205
54 207
54 213
54 238
54 241
54 243
54 251
54 254
54 258
54 260
54 271
54 275
54 276
54 277
55 5
55 138
55 156
55 163
55 166
56 8
56 10
56 11
56 31
56 32
56 33
56 42
57 5
57 9
57 12
57 21
57 31
58 6
58 141
59 8
59 13
59 14
59 19
59 41
60 12
60 15
60 16
60 17
60 21
60 35
60 39
60 42
60 44
60 46
60 50
60 52
60 55
60 70
60 71
60 86
60 91
60 92
60 97
60 99
60 124
60 125
60 133
60 135
60 144
60 146
60 159
60 162
62 7
62 9
62 12
62 18
62 19
62 28
62 29
66 27
66 29
66 111
66 115
66 116
67 43
67 45
67 56
67 57
67 59
67 64
67 68
68 3
68 10
68 22
68 37
68 41
68 42
68 56
68 57
68 58
68 59
68 66
68 67
68 95
68 107
68 113
68 118
68 122
69 26
69 34
69 36
69 41
69 42
69 44
69 45
69 52
69 53
69 55
70 85
70 86
70 89
72 2
72 3
72 36
73 23
73 32
73 56
73 62
73 63
73 74
73 75
76 2
76 5
77 11
77 12
77 15
77 20
77 22
77 30
77 34
77 35
77 38
77 51
77 59
77 60
78 12
78 13
78 17
78 18
78 37
78 49
78 54
78 68
78 75
78 78
78 208
78 224
78 228
78 231
78 233
78 235
78 236
78 240
78 241
78 250
78 253
78 260
78 284
78 290
78 303
78 309
78 311
78 315
78 317
78 319
78 320
78 329
78 332
78 345
78 348
78 351
78 353
78 354
78 355
78 358
78 361
78 373
78 376
78 381
78 387
78 388
78 397
78 400
78 404
78 410
78 411
78 413
78 422
78 425
78 427
79 43
79 96
79 100
79 101
79 103
79 106
79 110
80 30
80 31
80 34
81 7
81 11
82 10
82 14
82 16
82 23
82 28
82 29
82 30
82 31
82 43
82 45
82 51
82 54
82 55
82 58
82 74
82 82
82 83
82 87
82 88
82 91
82 97
83 10
83 11
83 20
83 27
83 28
83 33
83 34
83 42
83 43
83 49
83 55
83 56
84 6
84 14
84 22
84 26
84 37
84 40
84 48
84 49
84 50
84 53
84 62
84 64
84 66
84 70
84 75
84 80
84 88
84 90
84 105
86 18
86 22
86 23
86 62
86 72
86 77
86 83
86 103
86 104
86 110
87 14
87 41
87 112
87 117
87 122
87 129
87 130
87 138
87 139
87 141
88 1
88 3
88 4
88 6
88 8
88 9
88 12
88 14
90 46
90 137
90 138
90 140
90 142
90 150
90 154
90 157
91 2
91 4
91 11
91 21
91 24
91 28
91 34
91 36
91 37
91 43
91 44
91 45
91 52
91 71
91 183
