2 18
2 20
2 30
2 31
2 33
3 7
3 18
3 32
3 40
3 42
3 47
3 49
3 65
3 66
3 70
4 17
4 28
4 40
4 45
4 47
4 48
5 8
5 21
5 29
5 32
5 34
5 35
5 41
5 45
5 55
5 68
5 69
5 78
5 83
5 90
5 119
5 123
5 124
5 131
5 135
5 148
5 149
5 157
5 169
5 170
6 4
6 17
6 18
6 23
6 33
6 36
6 37
6 40
7 1
7 106
7 110
7 122
7 131
7 147
8 4
8 11
8 18
8 26
8 28
8 29
8 31
8 32
8 62
8 66
8 81
10 12
10 17
11 2
11 8
11 9
11 10
11 15
11 26
11 27
11 40
11 46
11 53
11 57
11 59
11 62
11 72
11 74
11 85
11 89
11 101
11 103
11 115
11 130
11 131
11 135
11 138
11 140
11 143
11 144
11 150
11 158
11 163
11 171
11 172
12 1
12 20
12 31
12 35
12 55
12 58
12 66
12 70
12 78
12 81
13 4
13 10
13 18
13 20
13 24
13 33
13 35
13 48
13 57
13 62
13 191
13 194
13 195
14 116
14 122
14 139
14 147
14 149
15 24
15 33
15 36
15 37
15 43
15 96
15 115
15 120
16 10
16 12
16 14
16 18
16 20
16 25
16 26
16 27
16 37
17 17
17 23
17 33
17 41
17 43
17 50
17 71
17 84
17 89
17 91
17 93
17 131
17 134
17 140
17 146
17 289
17 293
17 294
17 298
17 302
17 303
17 305
17 331
17 333
17 336
17 347
17 349
18 35
18 41
18 45
18 51
18 68
18 80
18 91
18 92
18 97
21 45
21 46
21 49
21 50
22 7
22 8
22 16
22 23
22 26
22 29
23 6
24 37
24 60
26 4
26 9
26 15
26 19
26 26
26 31
26 46
26 62
26 69
26 81
26 82
27 6
27 14
27 18
27 26
27 28
27 30
29 8
29 21
29 37
29 45
29 47
29 51
29 57
29 58
29 79
29 81
29 91
29 94
29 101
29 105
29 106
29 110
29 131
30 6
30 8
30 19
30 21
30 28
30 31
30 40
30 52
30 53
30 61
30 64
30 73
30 83
30 89
31 1
31 3
31 14
31 19
31 21
31 26
32 5
33 5
33 6
33 8
33 21
33 23
33 25
33 26
33 33
35 28
35 29
35 31
35 65
35 69
37 23
37 25
37 37
37 39
37 40
37 52
37 59
37 61
37 68
37 70
38 10
38 18
38 20
38 24
38 34
38 36
38 43
38 45
38 50
38 54
38 55
38 58
38 59
38 67
38 81
38 93
38 95
38 100
38 106
38 109
38 114
38 120
38 121
38 213
38 215
38 222
38 223
39 8
40 50
40 51
40 54
40 61
40 63
40 66
40 81
40 94
40 96
40 105
40 113
40 134
40 138
40 150
40 156
40 157
40 160
40 171
40 173
40 183
40 185
40 195
40 196
40 205
40 209
40 224
40 233
40 240
40 252
40 253
40 255
40 261
40 267
40 275
40 276
40 281
40 286
40 296
40 299
40 304
40 305
40 306
40 314
40 321
40 332
40 337
40 365
40 367
40 368
40 370
40 375
40 397
40 408
40 416
40 428
40 429
40 433
40 436
40 442
40 445
40 453
40 460
41 15
41 16
41 17
41 39
42 11
42 21
42 23
42 35
42 42
42 50
42 52
42 61
42 67
42 79
42 81
42 89
42 94
42 95
42 97
42 111
42 115
42 116
42 122
42 124
42 127
42 132
42 137
42 139
42 155
43 8
45 6
45 16
46 39
46 54
46 59
46 61
46 63
46 64
46 72
46 78
46 80
46 90
46 127
46 138
46 194
48 59
49 2
49 5
49 6
49 7
49 8
50 8
50 14
50 33
50 56
50 58
50 60
50 69
50 73
50 86
50 92
50 100
51 7
51 21
51 23
51 25
51 26
51 29
51 40
51 65
51 66
51 69
51 72
51 76
51 86
51 87
51 98
51 107
51 121
51 122
51 129
51 132
51 138
51 148
52 51
52 61
55 43
55 48
55 51
55 61
55 70
55 74
55 77
55 80
55 112
55 113
55 116
55 120
55 128
55 132
55 137
55 141
55 147
55 149
56 4
56 7
56 9
56 10
56 22
56 24
56 43
56 50
56 60
56 61
56 64
56 77
56 78
56 84
56 92
56 99
56 100
56 104
56 119
56 120
56 141
56 153
56 156
56 164
56 173
57 12
57 19
57 20
57 21
57 27
57 42
57 51
58 91
58 103
58 104
58 106
58 131
58 133
58 138
58 140
58 144
58 148
58 155
58 264
58 268
58 271
58 277
58 290
58 295
58 297
58 299
58 312
58 314
58 323
58 329
58 330
58 336
58 343
58 346
58 347
58 354
58 355
58 363
58 365
58 369
58 370
58 375
58 391
58 393
58 395
58 396
58 397
59 6
59 8
59 13
59 14
59 17
59 26
59 30
59 31
59 36
59 52
60 56
60 57
60 61
60 66
60 70
60 71
60 91
60 114
60 117
60 120
60 122
60 129
60 133
60 136
60 137
61 15
61 17
61 20
61 23
61 24
61 28
61 34
61 43
61 88
61 89
61 93
61 102
62 15
62 23
62 24
62 35
62 40
62 45
62 55
62 57
62 68
62 82
62 86
62 89
63 12
63 17
63 52
63 58
63 191
63 192
63 206
63 207
63 217
63 223
63 226
63 230
68 55
69 8
69 9
69 15
70 38
70 44
70 48
70 50
70 54
70 59
70 69
70 72
70 76
70 77
70 79
70 81
70 84
70 88
70 94
70 97
70 98
70 100
71 60
71 79
72 12
72 18
72 71
72 72
72 74
72 78
72 85
72 90
72 97
72 104
72 106
72 107
72 117
72 119
72 125
72 129
72 132
72 138
72 139
72 154
72 160
72 161
72 167
72 170
72 187
72 188
72 192
72 198
72 213
72 358
72 362
72 371
72 375
72 379
72 380
74 5
74 10
74 12
74 13
74 22
74 28
74 36
74 38
74 40
74 42
74 48
74 50
74 53
74 55
74 58
74 61
74 70
74 74
74 76
74 80
74 82
74 90
74 98
74 99
74 105
74 114
74 159
74 160
74 162
74 168
74 169
76 96
76 109
76 117
76 120
76 124
76 132
76 135
76 139
76 141
76 147
76 164
77 3
77 6
77 22
77 32
77 36
77 42
81 7
81 22
81 26
81 31
81 42
81 59
81 61
81 71
82 69
82 71
82 72
82 90
82 91
82 94
82 103
82 108
82 111
82 125
82 138
82 139
82 144
82 145
82 153
82 154
82 157
82 162
82 163
82 170
82 182
82 183
82 198
82 205
82 206
83 6
83 11
83 21
83 27
83 33
83 34
83 38
83 47
83 50
83 52
83 53
83 55
83 60
83 65
83 77
83 79
83 80
83 91
83 94
83 95
83 99
83 102
83 104
83 115
83 123
83 128
83 137
83 139
83 140
83 168
83 171
83 173
83 179
83 186
83 190
83 196
83 203
85 67
88 15
88 24
88 26
88 33
88 38
88 47
89 2
89 7
90 2
90 3
90 11
90 15
93 24
93 26
93 35
93 36
93 37
93 45
93 47
93 54
93 60
93 63
93 68
94 65
94 91
94 94
95 6
97 14
99 17
99 18
99 25
99 31
99 36
99 43
99 49
99 51
99 54
99 57
102 19
102 27
102 41
102 44
102 46
102 48
102 49
104 8
104 13
104 16
104 20
104 22
104 26
104 39
104 42
104 44
104 56
104 57
104 58
104 139
104 142
104 148
104 155
104 159
104 161
