1 4
1 5
2 13
2 15
2 31
2 34
2 36
2 43
2 51
2 59
2 60
2 78
2 87
2 88
2 97
2 116
2 119
2 121
2 131
4 70
4 71
4 73
4 78
4 79
4 81
4 82
4 84
4 87
4 97
4 101
4 107
4 127
4 142
4 153
4 162
4 171
4 172
6 4
6 11
6 17
6 66
7 2
7 13
7 14
7 25
7 31
8 5
8 14
8 28
8 31
8 36
8 43
8 45
8 52
8 53
8 54
8 59
8 63
8 65
8 69
9 6
9 8
9 9
9 12
9 14
10 37
10 44
10 46
10 47
10 57
10 63
10 70
10 79
10 80
10 90
10 91
10 98
10 101
10 102
10 104
11 38
11 40
11 87
15 41
16 6
16 13
16 27
16 42
16 45
16 48
16 50
16 51
16 58
16 63
16 64
16 69
16 70
16 88
16 90
16 94
16 99
16 108
16 110
16 114
16 123
16 125
16 128
16 130
16 134
19 31
19 45
19 46
19 49
19 56
19 57
19 64
19 67
19 77
19 81
19 83
19 101
19 102
19 103
19 110
19 111
19 113
19 120
19 123
19 130
19 133
19 142
19 150
19 151
19 160
19 165
19 168
19 176
19 177
19 178
19 181
19 185
19 190
19 192
19 195
19 198
19 200
19 214
19 215
19 224
19 229
19 240
19 244
19 245
19 247
20 103
21 7
21 10
21 13
21 20
21 24
21 26
21 29
21 31
21 35
21 41
21 42
21 50
21 63
21 64
21 123
21 125
21 136
21 137
21 144
21 145
21 156
21 159
21 164
21 177
21 180
21 181
21 183
21 199
21 212
21 213
21 219
21 220
21 224
21 225
21 226
21 238
21 245
21 246
21 248
21 251
21 256
21 262
21 263
21 273
21 283
21 284
21 286
21 291
21 296
21 297
21 308
21 328
22 12
22 13
22 15
22 20
22 23
22 41
22 47
22 51
22 58
22 59
22 60
22 62
22 134
22 140
22 143
22 147
22 148
22 153
22 181
23 49
23 56
23 57
24 58
24 67
24 74
24 75
24 79
24 80
24 85
24 86
24 90
24 179
24 184
25 5
25 14
25 17
25 20
25 26
25 34
25 35
25 36
25 51
25 53
25 108
26 2
26 4
26 8
26 16
26 29
26 31
26 37
26 54
26 59
26 64
26 72
26 77
26 80
26 83
26 85
26 91
26 95
26 114
26 121
27 1
27 3
27 14
27 16
27 18
27 23
27 29
27 31
27 35
27 42
27 48
27 56
27 66
27 70
27 71
27 80
27 82
27 93
27 97
27 98
27 111
27 117
27 118
27 128
29 98
29 99
29 106
30 25
30 26
30 29
30 31
30 35
31 9
31 15
31 29
31 31
31 32
31 42
31 45
31 57
31 59
31 60
31 63
31 91
31 101
31 102
31 112
31 116
32 1
32 6
32 7
32 10
32 15
32 34
32 37
32 38
33 1
33 4
33 12
34 5
34 7
34 24
34 25
34 30
34 33
34 44
34 63
34 64
34 68
34 79
34 92
34 94
34 97
34 99
35 4
35 5
35 8
35 12
36 4
36 9
36 14
36 16
36 18
36 21
36 23
36 36
36 40
36 44
36 49
36 54
36 59
36 61
36 82
36 84
36 89
37 1
37 3
37 10
37 11
37 15
37 21
37 25
38 1
38 6
39 24
40 1
40 7
40 10
40 12
40 103
41 25
41 30
41 41
41 46
41 53
41 68
41 71
41 73
41 75
41 93
41 94
42 4
42 9
42 10
42 21
42 22
44 78
44 80
44 82
44 84
44 92
44 95
44 97
44 102
44 104
44 114
44 116
44 123
44 124
44 141
44 149
44 163
44 166
44 171
44 176
44 178
44 189
44 191
44 199
44 203
44 206
44 261
45 3
45 4
45 9
45 14
45 20
45 30
45 34
45 41
45 48
45 51
45 52
45 59
45 62
45 69
45 75
45 78
45 79
46 35
46 39
46 47
46 51
47 1
47 3
47 6
47 8
47 14
47 16
47 22
47 29
47 34
47 46
47 51
47 52
47 66
48 5
48 17
48 20
48 27
48 33
48 39
48 45
48 51
48 52
48 62
48 69
48 72
48 92
52 16
52 22
52 28
52 37
52 48
52 58
52 74
52 77
52 83
52 89
52 235
52 241
52 246
52 249
52 251
52 252
52 253
52 264
53 6
53 7
53 9
53 17
53 19
53 31
53 32
53 42
53 53
53 54
53 57
53 63
53 69
53 86
53 93
53 100
53 111
53 132
53 173
53 174
53 180
53 183
53 193
53 196
53 203
53 205
53 208
53 211
53 213
53 221
53 222
53 228
53 230
53 232
53 235
53 240
53 241
55 40
55 48
55 52
55 53
55 65
55 71
56 12
56 24
56 36
56 48
56 49
56 52
56 57
56 64
56 80
56 82
56 86
56 87
56 90
56 91
56 102
56 104
56 125
56 132
56 133
57 99
58 1
58 6
58 10
58 11
58 27
58 32
58 34
58 43
58 54
58 57
58 66
58 68
58 78
58 83
58 87
58 104
58 109
58 112
58 118
58 121
58 129
58 134
58 135
58 139
58 141
58 167
58 175
58 178
58 179
58 182
58 183
58 193
58 196
58 200
58 204
58 210
58 213
58 214
58 230
58 241
58 244
58 248
58 258
59 66
59 68
59 72
59 76
59 78
59 156
59 160
59 165
59 169
59 176
61 4
61 30
61 34
61 35
61 37
62 8
62 17
62 21
62 44
62 48
62 50
62 65
62 68
62 70
62 202
62 203
62 211
62 217
62 223
62 225
62 234
62 303
62 306
62 312
62 317
62 321
62 323
62 325
62 326
62 327
62 332
62 336
62 391
62 393
62 400
62 404
62 412
62 414
62 423
62 433
62 437
62 443
62 446
62 449
62 452
62 454
62 456
62 458
65 3
65 8
65 12
65 16
65 17
65 27
65 66
65 100
65 101
65 132
65 133
65 143
65 151
65 163
65 166
65 168
65 182
65 189
65 191
65 202
65 205
65 212
65 219
65 224
65 229
65 230
66 12
66 13
66 17
66 34
66 36
66 129
70 10
70 18
70 24
70 25
70 29
71 5
71 9
71 11
71 21
71 26
71 29
71 37
72 3
72 4
72 7
72 9
72 12
72 17
72 18
72 33
72 35
72 38
72 52
73 9
73 10
73 18
73 22
75 20
75 22
75 41
76 1
76 4
76 5
76 9
76 10
76 17
76 25
76 29
76 31
77 1
77 6
77 14
77 15
77 19
77 24
77 25
77 26
77 28
77 36
77 86
78 7
78 9
78 15
78 19
78 24
78 25
78 37
78 44
78 52
79 1
79 17
79 26
79 27
79 29
79 38
79 46
79 47
79 55
79 57
79 68
79 76
80 171
80 177
80 179
80 180
80 181
80 184
80 189
80 197
80 221
80 223
80 228
80 232
80 236
80 237
80 239
80 261
80 263
80 270
80 271
80 274
80 280
80 283
80 284
80 300
80 301
80 304
80 312
81 46
81 57
81 66
81 70
82 1
82 10
83 5
83 18
83 23
83 27
83 33
83 41
84 4
84 6
84 9
84 10
84 15
84 20
84 21
85 2
85 3
85 4
85 5
85 38
85 61
85 62
85 81
85 83
86 19
86 22
87 2
87 7
87 10
87 15
87 23
90 42
90 52
90 72
90 73
90 78
90 81
90 82
90 96
90 100
90 172
90 178
90 189
90 197
90 202
90 206
91 6
91 7
91 10
91 14
91 46
91 47
91 52
92 1
92 7
92 10
92 14
92 25
92 26
92 46
92 49
92 59
92 65
92 68
92 71
92 75
92 79
92 83
92 85
92 88
92 89
92 96
92 99
92 101
92 105
92 109
92 114
92 121
92 124
92 131
92 149
92 160
92 162
92 167
93 5
93 6
94 4
95 16
95 22
95 36
96 32
96 33
96 37
96 39
96 48
96 50
96 59
96 64
96 87
96 101
96 103
96 106
96 132
96 138
96 143
96 154
96 155
96 159
96 166
96 167
97 1
97 18
97 19
98 1
98 9
98 14
98 16
98 24
98 26
99 5
99 8
99 20
99 21
99 41
100 14
100 19
100 20
100 26
100 28
100 42
100 45
100 49
100 50
100 59
100 60
100 68
100 73
100 74
100 76
100 142
100 149
101 1
101 11
101 12
101 20
101 22
101 33
101 42
101 45
101 46
101 51
101 57
101 59
102 2
102 4
102 7
102 9
102 17
102 20
102 24
102 125
102 207
102 208
