1 4
1 6
1 10
1 12
1 16
1 17
1 21
1 26
1 28
1 33
1 35
1 45
1 58
1 60
1 64
1 69
1 71
2 1
2 4
2 24
2 30
2 39
2 48
2 51
2 56
2 57
2 67
2 85
2 87
3 26
3 29
3 32
3 34
3 36
4 2
4 19
4 26
4 36
5 14
5 24
5 27
5 28
5 40
5 49
5 54
5 64
5 84
5 95
5 101
5 104
5 115
5 118
5 120
5 122
6 11
6 20
6 25
6 29
6 31
6 34
6 35
6 37
6 44
6 56
6 57
6 69
6 73
6 79
6 83
6 93
6 98
6 105
6 116
6 216
6 301
6 304
6 310
7 7
8 13
8 14
8 67
8 72
8 78
8 80
8 82
8 91
8 107
8 109
8 111
8 112
8 119
8 134
8 138
8 156
8 160
8 163
8 166
8 177
8 179
8 182
8 183
8 195
8 196
8 206
8 211
8 216
8 233
8 234
8 239
8 240
8 245
9 38
9 41
9 44
9 56
9 65
9 66
9 92
9 96
9 98
9 108
9 112
9 113
9 123
9 127
10 6
12 2
12 5
12 7
12 8
12 18
12 29
12 35
12 37
12 64
12 69
12 76
12 78
12 80
12 91
12 96
12 103
13 5
13 11
13 17
13 18
13 19
13 22
13 35
13 42
13 43
13 48
13 52
13 53
15 2
16 112
17 5
18 10
18 11
18 12
18 19
18 22
18 23
18 25
18 35
18 36
18 38
18 50
18 63
19 8
19 9
19 17
19 46
19 50
19 65
19 84
19 87
19 88
19 93
19 132
19 170
19 171
19 174
19 182
19 185
19 219
19 225
19 231
20 1
20 9
20 45
20 46
20 52
20 63
20 66
20 76
20 78
20 79
20 87
20 101
20 114
20 118
20 120
20 122
20 125
20 134
21 4
21 5
21 7
21 12
21 21
21 22
21 23
21 38
21 40
21 41
21 44
21 46
21 52
21 59
21 74
21 76
21 86
21 88
25 49
25 53
25 56
25 57
25 60
25 63
25 64
25 67
25 70
25 75
25 77
25 89
27 17
27 19
27 21
29 50
29 70
29 79
31 52
32 38
32 41
32 42
32 58
32 64
33 25
33 29
33 30
34 37
34 38
34 42
34 47
34 55
36 30
36 33
36 35
36 51
36 54
36 185
37 3
37 18
37 31
37 34
37 36
38 4
38 6
38 10
39 10
39 13
39 14
39 23
39 36
39 37
39 40
39 45
39 48
39 61
39 62
40 6
42 11
42 17
42 24
42 30
42 46
42 48
42 58
42 61
42 64
42 68
42 72
42 75
42 76
42 83
42 88
42 91
42 92
42 96
42 104
42 154
42 157
42 162
43 2
43 4
43 8
43 10
43 17
43 19
43 21
43 22
43 25
43 26
45 7
45 15
45 23
45 43
45 57
45 60
45 63
45 64
45 66
45 70
45 72
45 126
45 127
45 133
45 142
45 147
45 152
45 153
45 159
46 6
46 9
47 4
48 1
48 5
48 15
48 21
48 24
48 29
48 34
48 38
49 1
49 2
49 5
49 7
49 9
49 71
49 74
49 75
49 83
49 86
49 98
49 100
49 106
49 130
49 137
49 138
49 139
49 140
49 142
49 194
49 199
49 204
49 207
49 221
49 238
49 239
49 241
49 247
49 255
49 256
49 258
49 264
49 290
49 293
49 294
49 295
49 297
49 300
50 14
50 18
50 20
50 24
50 29
50 58
50 68
50 207
50 210
50 217
50 223
50 239
50 358
50 362
50 365
51 2
51 3
51 9
51 13
51 14
51 34
51 47
51 55
51 63
51 68
51 79
51 80
51 85
51 92
51 95
51 97
51 111
51 117
51 120
51 121
51 128
51 132
52 2
52 8
52 11
52 12
52 25
52 26
52 27
52 32
52 34
52 39
52 53
52 57
52 69
52 76
54 31
54 33
54 40
54 48
54 50
54 52
54 54
54 72
54 73
54 75
54 91
54 95
54 99
54 112
54 116
54 125
54 129
54 226
54 234
54 238
54 239
54 250
54 257
55 5
55 8
56 4
56 10
56 16
56 17
56 22
56 68
56 69
56 70
56 78
56 80
56 81
56 99
56 102
56 127
56 129
56 130
56 133
56 134
56 137
56 141
57 2
57 4
57 11
58 37
58 38
58 44
58 52
58 57
58 76
59 4
59 5
59 6
59 10
60 15
60 16
60 17
60 20
60 24
60 27
60 32
60 37
61 10
61 11
61 18
61 19
61 27
61 43
62 60
62 61
62 67
62 69
62 70
62 77
62 80
62 94
62 121
62 135
62 150
62 156
62 168
62 169
62 178
62 180
62 200
63 3
63 5
63 7
63 17
63 35
63 44
63 48
63 51
63 55
64 7
64 10
65 2
65 11
65 12
65 16
65 18
65 19
65 21
65 37
66 1
66 9
66 17
66 81
66 91
66 93
66 100
66 102
67 18
67 31
67 39
67 44
67 47
67 55
67 57
67 62
67 126
68 3
68 6
68 109
68 120
68 125
69 1
69 13
69 35
69 39
69 41
69 44
69 56
70 3
70 13
70 14
70 17
70 19
70 22
70 27
70 33
70 34
70 37
70 41
70 58
70 71
70 72
71 8
71 12
72 31
72 35
72 37
72 41
72 43
72 44
72 46
72 50
72 65
72 67
72 69
72 73
72 77
72 85
72 87
73 9
73 11
73 17
73 27
74 14
74 16
74 17
74 28
74 30
74 32
74 43
74 50
74 54
74 93
74 94
75 11
75 18
76 3
76 6
76 8
76 10
76 21
76 23
76 28
76 37
76 38
76 39
76 42
76 57
77 4
78 22
78 26
78 30
80 9
80 12
80 22
80 24
80 25
80 27
80 31
80 33
81 114
81 118
81 124
81 132
81 142
82 1
82 2
82 4
82 5
82 95
82 98
82 99
82 106
82 107
82 113
82 119
82 128
82 260
82 266
82 285
83 1
83 7
83 8
83 23
83 24
83 27
83 39
83 40
83 43
83 52
83 57
83 66
83 68
84 17
84 20
84 21
84 22
84 23
84 37
84 41
84 43
84 48
84 49
84 70
84 72
86 49
86 56
86 59
86 75
86 77
86 181
86 182
86 185
86 205
86 211
86 221
86 228
86 255
86 262
86 263
86 265
86 278
86 282
86 289
86 297
86 304
86 307
86 327
88 9
88 10
88 20
88 27
88 29
88 33
88 34
88 36
88 43
88 46
88 50
88 53
88 72
88 92
88 99
89 7
89 9
90 5
90 10
90 12
90 27
90 29
90 34
90 41
90 43
90 47
91 1
91 3
91 4
91 13
91 14
91 16
91 18
91 23
92 4
92 8
92 11
92 21
92 80
92 83
92 84
92 97
92 104
92 105
92 106
92 108
92 118
92 119
92 121
92 128
92 135
92 138
92 140
92 142
92 144
92 150
93 2
93 8
93 10
93 29
93 32
93 33
93 40
93 42
93 44
94 22
95 6
95 13
96 2
96 5
96 8
97 19
97 22
97 23
97 27
97 34
97 38
98 3
98 10
98 11
99 121
99 122
99 132
99 141
99 145
99 150
99 154
99 155
99 157
99 158
99 162
99 165
99 178
99 187
99 189
99 193
99 194
99 198
99 205
99 208
99 228
99 233
99 239
99 243
99 245
99 249
100 5
100 6
100 10
100 13
100 19
100 21
100 37
100 46
100 53
100 58
100 59
100 63
100 67
101 3
101 13
101 16
101 24
101 43
101 78
101 79
101 92
101 99
101 100
102 2
102 5
102 6
102 8
102 13
102 23
102 24
102 27
102 28
102 30
102 32
102 49
102 57
102 70
102 74
107 36
107 37
107 38
107 40
107 54
107 86
107 94
108 8
109 110
110 2
110 5
110 7
110 14
110 36
110 40
110 41
110 46
110 77
110 87
110 91
110 94
110 106
111 1
111 4
111 8
111 13
111 14
111 26
111 27
111 36
111 37
111 38
111 42
111 43
111 45
111 52
111 67
111 77
111 78
111 80
