1 2
1 4
1 7
1 11
1 14
5 25
5 28
5 52
5 56
5 62
5 67
8 82
8 83
9 1
9 3
9 24
9 25
9 30
9 31
9 35
9 46
9 47
9 52
9 62
9 64
9 66
10 3
10 5
10 11
10 13
10 17
10 19
10 20
10 29
10 38
10 41
10 48
10 55
10 96
10 97
10 98
10 118
10 123
10 126
10 135
10 136
10 140
10 142
10 147
10 152
11 3
11 10
11 18
11 19
11 20
11 27
11 30
11 31
11 36
11 45
11 49
11 69
11 79
11 81
11 82
11 84
11 86
11 88
11 89
11 92
11 110
11 111
11 113
11 121
11 126
11 128
11 145
11 151
11 154
11 162
11 171
11 188
12 14
12 34
12 48
12 50
12 56
12 63
12 64
12 72
12 82
12 84
12 87
12 96
12 97
12 101
14 3
14 6
14 7
14 14
14 19
14 20
14 34
14 47
14 50
14 53
14 54
14 60
14 66
15 12
16 8
16 13
17 3
17 10
17 17
17 21
17 25
17 28
18 4
18 10
18 11
18 16
18 23
18 26
18 39
18 41
18 42
18 45
18 52
18 53
18 54
20 1
20 4
20 7
20 10
20 15
20 17
20 37
20 40
20 41
20 58
20 67
20 81
20 83
20 84
22 52
22 53
22 66
22 74
22 82
22 86
22 88
22 92
22 133
23 2
23 6
23 19
23 26
23 29
23 30
23 36
23 48
23 57
23 71
23 74
23 80
23 88
23 91
23 95
23 97
23 116
23 117
23 119
23 120
23 121
23 134
24 2
24 9
24 13
24 17
24 18
25 3
25 5
25 18
25 21
25 22
25 28
25 35
26 3
26 4
26 11
26 20
26 33
26 34
26 37
26 39
26 42
26 47
26 53
26 64
26 67
26 69
26 80
26 81
26 82
26 88
26 95
26 96
27 45
27 46
27 47
27 49
27 62
27 74
27 75
27 79
27 90
27 94
27 101
27 116
27 117
27 121
27 130
27 132
27 134
27 143
27 147
27 148
27 151
27 155
27 158
27 168
27 171
27 173
27 177
27 179
27 180
27 184
27 188
27 193
27 238
27 271
27 277
27 282
27 287
27 290
27 294
27 299
27 300
27 301
27 306
27 307
27 313
27 445
27 446
27 578
27 581
27 583
27 596
27 600
27 602
27 610
27 615
27 638
27 641
27 643
27 651
27 659
27 661
27 670
28 2
28 20
28 23
29 73
29 86
32 1
32 21
32 23
32 30
32 51
32 60
32 62
32 90
32 95
32 105
32 131
32 142
33 48
33 58
33 80
33 89
33 90
35 110
35 114
35 116
36 2
36 10
36 18
36 42
37 2
37 14
37 25
37 26
37 30
37 33
37 40
37 41
37 57
37 59
37 69
37 70
37 77
37 79
37 134
37 145
37 146
37 153
37 168
37 173
37 174
37 180
37 187
37 191
37 196
37 199
37 202
37 204
37 217
37 223
37 224
37 226
37 231
37 253
37 258
37 261
37 267
37 293
37 294
37 296
38 6
39 11
39 19
39 21
39 36
39 37
39 43
39 47
39 51
39 60
39 61
39 67
39 69
39 74
39 78
39 82
39 84
42 50
42 51
42 53
42 60
42 66
42 72
42 75
42 85
42 93
42 99
42 100
42 104
42 108
42 113
42 125
44 62
44 70
44 76
44 77
44 80
44 83
44 86
44 98
45 3
45 4
45 9
46 8
46 11
46 15
46 21
46 30
46 33
46 34
46 38
46 39
46 41
46 79
46 101
46 102
46 117
46 141
46 148
46 151
46 161
46 164
46 173
46 223
47 1
47 21
47 37
47 41
48 15
48 17
48 21
48 25
48 28
48 30
48 53
49 11
49 17
49 19
49 23
49 25
49 28
49 31
49 33
49 34
49 48
49 49
49 53
49 57
50 4
50 13
50 19
50 23
50 26
50 28
50 39
50 50
50 52
50 55
51 29
51 32
51 36
51 51
51 54
51 58
51 59
51 63
51 67
51 69
51 71
51 73
51 85
51 86
52 13
52 18
52 21
52 37
52 39
52 44
52 48
52 52
52 60
52 69
52 76
52 77
52 85
52 94
52 103
52 107
52 111
52 142
52 171
52 178
52 179
52 180
52 182
52 183
52 185
52 188
52 197
52 200
52 203
52 207
52 217
53 18
53 24
53 43
53 44
53 49
53 51
53 55
54 2
54 15
54 22
54 24
54 30
54 40
54 41
57 54
57 58
57 67
57 73
57 75
57 78
57 80
57 88
57 91
57 96
57 99
57 100
57 103
57 108
57 110
57 120
57 123
57 124
57 126
57 128
58 14
59 8
59 12
59 14
59 17
59 18
59 19
59 31
59 43
59 50
60 2
60 5
60 9
60 14
60 15
60 16
60 18
60 38
61 13
61 23
61 30
61 32
61 42
61 46
61 54
61 76
61 89
61 90
61 94
61 102
61 106
61 115
61 127
61 129
61 130
61 141
61 144
61 145
61 159
61 160
61 170
61 171
63 2
63 14
63 17
64 63
64 64
64 65
64 67
64 75
64 85
64 94
64 96
64 102
64 115
64 116
64 117
64 130
65 7
65 11
65 12
65 23
65 30
65 33
65 45
66 3
67 34
67 37
67 38
68 1
68 8
68 9
68 33
68 34
68 35
68 36
68 47
68 49
68 58
68 60
68 71
69 11
69 13
69 25
69 27
69 33
69 50
69 56
69 61
69 62
71 27
71 40
71 46
71 48
71 50
71 58
71 63
71 65
71 70
71 89
71 92
72 10
72 11
72 41
72 42
72 51
72 56
72 60
72 67
72 69
72 76
72 78
72 79
72 82
72 85
72 89
72 91
73 2
73 4
73 5
73 6
73 8
73 12
73 14
73 18
73 25
73 53
73 55
73 58
73 63
73 76
73 78
73 91
73 93
73 222
73 237
73 246
73 248
73 253
73 254
73 257
73 260
73 264
73 269
73 270
73 279
73 285
73 287
75 36
76 1
76 3
76 4
76 7
76 11
76 21
76 118
76 121
76 125
76 130
76 131
76 143
76 146
78 5
78 8
78 11
78 32
78 51
78 59
78 77
79 49
79 50
79 53
79 57
79 71
79 75
79 78
79 80
79 88
79 90
79 93
79 96
79 101
79 102
79 109
79 118
79 123
79 128
79 144
79 145
79 147
79 150
79 156
81 71
81 73
81 88
81 98
81 99
81 101
81 103
81 216
81 220
81 221
81 222
81 238
81 243
81 244
81 256
81 261
81 262
81 272
81 273
81 275
81 281
81 284
81 285
81 290
81 295
81 296
81 297
81 298
81 300
81 302
84 70
84 72
84 79
85 1
85 8
85 11
85 13
85 14
85 23
85 25
85 28
85 31
85 35
85 38
85 39
85 40
85 64
85 66
85 69
85 78
85 82
85 116
85 119
85 120
85 121
85 127
85 128
85 138
85 148
85 153
85 168
85 175
85 179
85 180
85 184
85 188
85 195
85 200
85 224
85 226
87 6
87 11
87 15
87 28
87 29
87 33
87 39
87 51
87 58
87 60
87 66
87 78
87 80
87 86
87 88
87 89
87 92
87 96
87 102
87 105
87 107
87 110
87 111
87 114
87 115
88 12
88 30
88 37
88 42
89 13
89 24
89 25
89 36
90 26
90 29
90 40
90 43
90 50
90 52
90 57
90 64
90 65
90 69
90 78
90 88
90 93
90 97
90 99
90 104
90 117
90 125
90 130
90 136
90 144
90 146
90 152
90 163
91 7
91 11
91 70
91 75
91 83
91 86
91 91
91 98
91 110
91 111
91 112
91 116
91 121
92 3
92 15
92 16
92 22
92 23
92 25
92 28
92 33
92 48
92 55
93 9
93 14
93 16
93 23
93 31
94 12
95 86
95 97
95 99
95 103
95 108
95 113
95 123
95 125
95 126
95 130
96 8
96 12
96 17
96 23
96 28
96 29
96 32
96 39
96 41
96 55
96 69
96 72
96 79
97 3
97 8
97 13
97 17
97 30
97 34
97 83
97 84
97 88
97 97
97 101
97 110
97 112
97 116
101 18
102 3
102 7
102 9
102 10
102 14
102 22
102 35
102 42
102 48
102 49
102 86
102 90
102 91
102 95
102 105
102 109
102 112
102 117
102 124
102 125
102 140
102 156
102 158
102 165
102 166
102 170
102 175
103 5
103 14
103 15
103 26
103 32
103 43
104 4
104 5
104 6
104 7
104 8
104 10
105 19
106 42
107 8
107 9
109 53
109 69
109 70
109 83
109 85
109 88
109 93
109 94
109 95
110 3
110 7
110 19
110 21
111 11
111 12
111 17
111 22
111 25
112 19
112 23
112 24
113 2
114 109
114 113
114 116
114 126
114 128
114 131
114 132
114 137
114 150
114 151
114 174
114 182
114 183
114 189
