1 2
3 22
3 30
3 35
3 44
4 2
4 6
4 8
4 10
4 21
4 22
4 35
4 50
4 60
4 63
4 66
4 69
4 201
4 206
4 211
4 216
4 223
7 2
7 18
7 27
7 30
7 38
8 10
8 15
8 33
8 35
8 40
8 42
8 48
8 49
8 50
8 52
8 69
8 72
8 74
8 87
8 98
8 106
8 107
8 113
8 115
8 116
10 43
10 71
10 73
10 101
10 105
10 111
10 127
11 13
11 18
11 19
11 22
11 24
11 26
11 32
11 37
11 40
11 41
11 43
11 52
11 53
11 78
12 7
12 8
12 12
12 13
12 17
12 21
12 23
12 24
12 26
12 104
12 113
12 119
12 121
12 139
12 167
12 201
12 205
12 207
12 225
12 228
12 231
12 233
12 239
12 241
12 246
12 300
12 301
13 10
13 11
13 25
13 30
13 40
13 43
13 66
13 76
13 111
13 120
13 127
13 130
13 131
13 137
13 139
13 140
13 142
13 149
13 155
13 160
13 165
13 172
13 178
13 183
13 189
13 190
13 199
13 200
13 206
13 212
13 213
13 225
13 228
13 234
13 237
13 238
13 250
13 253
13 258
13 266
13 272
13 273
13 278
13 289
13 349
14 10
15 2
15 3
15 7
15 11
15 13
15 18
15 19
15 20
15 34
15 40
15 52
15 53
15 75
15 78
15 83
15 93
15 109
15 112
15 125
15 128
15 133
15 136
15 138
15 147
15 149
15 158
15 268
15 283
15 295
15 297
15 298
15 306
15 309
15 330
15 392
15 397
16 12
16 144
16 149
16 157
16 160
16 164
17 76
17 77
17 81
17 83
17 93
17 95
17 97
17 99
17 109
17 111
17 112
17 113
18 3
18 4
18 15
18 23
18 24
18 29
18 35
18 38
18 45
18 49
18 51
18 71
18 81
18 87
18 93
19 2
19 18
19 20
19 24
19 33
20 6
21 8
21 22
21 23
21 30
21 33
21 49
21 57
21 58
21 59
22 53
22 64
22 65
22 66
22 70
22 72
22 80
22 87
22 90
22 91
22 110
22 117
23 2
23 4
23 9
23 13
23 22
23 24
24 3
24 7
24 20
24 21
24 27
24 38
24 45
24 52
24 56
24 57
24 70
24 82
24 99
24 101
24 107
24 109
24 116
24 117
24 124
24 125
24 134
24 135
24 142
24 145
24 146
24 148
24 158
24 162
24 172
24 175
24 182
24 183
24 186
24 188
24 193
24 196
24 203
24 216
24 217
24 223
24 228
25 5
25 8
25 38
25 39
25 40
25 44
25 46
25 49
25 149
25 159
25 176
25 188
25 190
25 192
25 232
25 235
25 237
25 240
26 12
26 13
26 19
26 21
26 30
26 32
26 40
26 41
26 43
26 52
26 56
26 60
26 62
26 67
27 77
27 81
27 87
27 88
27 90
27 91
27 93
27 99
27 101
27 123
27 132
27 134
27 135
27 145
27 165
28 50
28 56
28 57
28 61
28 67
28 74
28 78
29 16
29 24
31 3
31 6
31 13
31 24
31 114
31 116
34 28
34 37
34 42
34 51
34 61
34 81
34 96
34 97
34 103
34 110
34 113
34 124
34 130
34 132
34 137
34 206
34 208
34 222
34 237
34 243
34 249
34 261
34 409
34 415
34 416
34 418
34 427
34 431
35 9
35 10
35 11
35 18
35 31
35 32
35 34
35 35
35 37
35 44
35 47
35 48
35 56
35 62
37 39
37 42
37 45
37 59
38 1
38 5
38 6
38 7
38 15
38 18
39 1
39 4
39 5
39 8
39 15
39 17
39 22
39 24
39 26
39 31
39 32
39 33
39 37
39 42
39 43
39 50
39 57
39 58
39 66
39 74
40 1
40 16
40 26
40 29
40 37
40 42
40 49
44 27
44 29
44 30
44 33
44 34
44 41
44 51
45 26
45 29
45 30
45 33
45 37
46 11
46 14
47 10
47 38
47 47
47 49
47 52
47 53
47 62
47 66
47 69
47 70
47 72
47 75
47 77
47 83
47 93
47 133
47 139
47 152
47 154
47 155
47 176
47 183
47 188
47 195
47 198
47 205
48 22
49 4
49 7
49 10
49 18
49 29
49 38
49 41
49 42
49 51
49 52
50 4
50 5
50 15
50 19
51 3
51 15
51 22
51 23
51 32
51 44
51 47
51 51
52 3
52 19
52 34
52 36
52 63
52 77
52 81
52 83
52 86
52 88
52 91
52 108
52 110
52 117
52 119
52 122
52 124
53 5
53 15
53 16
53 21
53 22
53 28
53 30
54 10
54 11
54 19
54 34
54 41
54 44
54 52
54 55
54 57
54 58
54 64
54 75
54 77
54 78
54 88
54 91
54 97
54 101
55 6
55 20
55 31
56 43
56 44
56 55
56 64
56 197
56 204
56 230
56 232
56 320
56 335
56 339
56 340
56 342
56 345
56 346
57 13
57 14
57 28
57 33
57 43
57 46
58 17
58 26
58 31
58 41
58 174
58 176
58 177
59 2
59 15
59 16
59 18
59 23
59 25
59 45
61 37
61 53
61 57
61 64
61 72
61 76
61 80
61 88
61 91
61 93
61 94
61 98
61 109
61 115
61 116
61 123
61 145
61 152
61 163
61 168
61 175
61 176
61 181
63 7
63 13
63 17
63 30
63 40
65 5
65 7
65 8
65 18
65 29
65 31
65 32
67 5
67 6
68 4
68 5
69 12
69 13
69 22
69 26
69 32
69 40
69 42
69 45
69 51
69 58
69 62
69 65
70 1
70 6
70 7
70 9
70 13
70 14
71 2
71 5
71 6
71 18
71 20
71 24
71 26
71 27
72 4
72 14
72 17
72 23
72 24
72 27
72 57
72 58
73 91
73 93
73 99
74 3
74 6
74 7
74 21
74 24
74 28
74 38
74 41
74 43
74 44
74 56
74 59
74 98
74 103
74 109
74 110
74 113
74 119
75 2
75 12
75 20
75 30
75 41
75 56
75 68
75 73
75 102
75 133
75 134
75 144
75 146
75 155
75 161
75 171
77 62
77 107
77 108
77 241
77 242
77 248
77 253
77 256
77 383
77 402
78 10
78 22
78 30
78 38
78 48
78 52
79 4
79 5
79 9
79 11
79 18
79 28
79 29
79 43
79 44
79 49
79 50
79 61
80 1
80 18
80 22
80 36
80 37
80 65
81 3
81 8
81 12
81 13
81 15
81 25
81 30
81 36
82 10
82 16
82 18
82 26
82 68
82 72
82 97
82 101
82 103
82 117
83 4
83 13
83 16
83 19
83 25
83 27
83 28
83 31
83 35
83 38
84 20
84 26
85 41
85 54
85 56
85 57
85 60
85 69
85 70
85 72
85 73
85 74
85 85
86 8
87 47
87 56
87 76
87 79
87 80
87 86
87 92
87 94
87 95
87 97
87 99
87 100
87 102
87 104
89 19
89 25
89 28
89 30
89 39
89 42
89 43
89 57
89 70
89 75
89 82
89 84
89 85
89 88
89 89
89 100
89 117
89 123
92 53
92 54
92 58
92 63
92 68
92 72
92 80
92 84
92 87
92 89
92 99
92 103
92 108
92 110
92 115
92 127
94 57
94 58
94 59
94 70
94 74
94 77
94 89
94 100
94 109
94 110
94 114
94 120
94 123
94 131
94 139
94 143
94 144
94 145
94 146
94 149
94 150
94 158
94 161
94 176
94 177
94 180
94 185
94 195
94 197
94 198
94 199
94 200
94 204
94 240
94 245
94 249
94 257
94 259
94 273
94 275
94 280
94 282
94 285
94 287
94 289
95 8
95 28
98 17
98 22
99 4
99 16
99 20
99 40
99 52
99 58
99 59
99 61
99 75
99 77
99 84
99 106
99 114
99 121
99 124
99 127
99 133
100 3
100 4
100 5
100 9
100 13
100 14
100 15
100 22
101 5
101 8
101 12
101 28
101 38
101 49
101 51
101 54
101 56
101 59
101 66
101 69
101 73
102 17
102 30
102 42
102 55
102 59
102 61
102 65
102 69
102 70
102 81
102 83
102 87
102 152
102 167
102 169
102 175
102 182
102 184
102 189
102 191
102 196
102 215
102 217
102 223
102 224
102 230
102 232
102 234
102 243
102 297
