1 8
1 13
2 5
2 11
2 12
2 13
2 23
2 27
2 30
2 35
2 40
2 44
2 54
2 59
2 74
2 94
2 95
2 100
2 101
2 112
2 115
2 119
2 122
2 130
2 132
2 133
2 150
2 170
2 175
2 202
2 203
2 205
2 208
2 210
2 213
2 220
2 223
2 224
2 226
2 230
5 56
5 65
5 85
5 88
5 90
5 91
5 94
5 96
5 106
6 7
6 13
6 79
6 81
6 87
6 88
8 4
8 5
8 9
8 15
8 24
8 25
8 29
8 40
8 46
8 56
9 1
9 3
9 56
9 62
9 66
10 4
10 5
10 11
10 14
11 24
11 27
11 35
11 36
11 39
11 56
11 57
11 58
11 66
11 72
13 7
13 8
13 9
14 59
14 61
14 71
14 88
14 110
14 120
14 129
14 139
14 141
14 144
14 146
14 150
15 23
15 42
16 12
16 13
16 17
17 9
17 11
17 14
17 25
17 26
17 29
17 32
17 34
17 35
17 38
17 39
17 42
17 43
17 72
17 73
17 122
17 125
17 128
17 133
17 138
17 140
17 145
17 226
17 232
17 241
17 245
17 246
17 280
17 295
17 297
17 301
17 305
17 308
18 7
18 8
18 11
18 18
19 11
19 50
19 52
19 54
21 7
21 34
21 42
21 53
21 55
21 58
21 62
21 63
21 72
21 73
21 74
21 85
21 88
21 89
21 93
21 102
21 103
21 132
22 10
22 15
22 19
22 20
23 8
23 10
23 17
23 24
23 26
23 28
24 2
24 10
24 20
24 28
24 40
24 42
24 47
24 48
24 49
24 65
24 82
24 104
24 108
24 111
24 120
24 132
24 134
24 142
24 191
24 192
24 193
24 194
24 197
24 198
24 202
24 203
24 208
24 210
24 228
26 47
26 49
26 56
26 57
26 58
27 6
28 4
28 7
28 24
28 27
28 38
28 42
28 50
28 53
28 63
28 72
28 76
28 80
28 81
28 85
28 88
28 97
29 4
29 8
29 19
29 28
30 3
30 4
30 6
30 8
30 9
30 10
30 11
30 23
30 24
30 25
30 29
30 31
30 33
30 36
30 43
30 54
30 56
30 64
30 66
30 67
30 68
30 69
30 81
30 82
30 85
30 89
30 93
30 105
31 54
31 58
31 61
31 65
32 7
32 8
32 14
32 15
32 20
33 6
33 89
33 90
33 93
33 110
34 2
34 11
34 24
34 31
34 49
34 51
34 67
34 76
34 78
34 83
34 86
34 92
34 103
34 107
34 131
34 140
34 146
34 158
34 160
34 162
34 171
34 176
34 178
34 180
34 182
34 183
34 192
34 193
35 15
38 29
38 32
38 33
38 37
38 39
38 45
38 58
39 6
39 18
39 20
40 73
40 92
40 97
40 98
40 107
41 16
42 4
42 12
42 24
42 25
42 36
42 38
42 41
42 43
42 45
42 55
42 65
43 9
43 73
43 80
43 83
43 90
43 96
43 98
43 104
43 115
43 116
43 128
43 132
43 133
43 136
43 143
43 144
43 145
43 150
43 152
43 154
43 156
43 159
43 171
43 172
44 5
44 14
44 15
44 28
44 29
44 31
44 36
44 41
44 43
44 46
44 141
44 146
44 150
44 155
44 156
44 162
44 164
44 170
44 176
44 178
44 189
44 192
44 207
44 210
44 215
44 216
44 219
44 225
44 229
44 234
44 238
44 245
44 252
44 259
44 263
44 273
44 275
44 281
44 287
44 291
44 306
44 310
46 19
46 27
46 29
46 32
46 35
46 44
46 47
46 50
46 52
46 54
48 122
48 135
48 136
48 182
48 187
48 202
48 205
48 208
48 233
48 251
48 252
48 255
48 256
48 267
48 270
48 276
48 277
48 284
48 285
48 287
48 288
48 289
48 293
48 299
48 301
48 310
48 315
48 316
48 320
48 339
48 340
48 349
49 1
49 2
49 7
49 11
49 21
49 23
49 24
49 27
49 28
49 33
49 42
49 48
49 50
49 60
49 72
50 2
50 13
50 22
50 26
50 27
50 30
50 33
50 66
50 73
50 76
50 78
50 81
51 2
51 10
51 15
51 19
51 25
52 1
52 6
52 8
52 10
52 12
52 17
52 26
52 33
52 34
52 36
52 37
52 41
52 47
52 54
52 57
52 62
52 65
52 66
52 67
53 88
53 105
53 109
53 123
53 124
53 128
53 132
53 136
53 140
53 148
53 162
53 163
53 164
53 165
53 174
53 181
54 8
54 14
54 24
54 30
54 34
54 36
55 14
55 32
55 40
56 1
57 10
57 12
57 19
57 63
57 66
57 68
57 71
57 75
57 82
57 96
57 103
57 107
57 112
57 114
57 133
57 143
57 161
57 166
57 174
59 5
59 7
59 10
59 17
59 22
59 30
59 34
61 7
61 44
63 3
63 6
63 18
63 19
63 24
63 45
63 50
63 61
63 71
63 75
63 86
63 91
63 106
63 116
63 122
63 204
63 207
63 218
63 222
63 223
63 311
63 313
63 319
63 320
63 321
63 327
63 335
63 338
63 356
63 358
63 364
63 366
63 368
63 375
63 387
63 391
63 410
63 411
63 414
63 418
63 554
63 562
63 564
63 567
63 568
63 571
63 573
63 610
63 612
63 616
63 684
64 1
64 11
64 12
64 22
65 43
65 46
65 49
66 8
66 10
66 13
66 15
66 16
66 32
66 34
66 35
67 65
67 82
67 104
67 111
67 112
67 118
67 126
67 156
67 176
67 191
67 196
67 211
67 213
67 220
67 237
67 238
67 244
67 248
68 2
68 4
68 6
68 13
68 18
68 20
68 22
68 23
68 27
68 31
68 42
68 43
68 47
68 49
68 57
68 58
68 64
68 65
68 68
68 81
68 85
68 88
68 95
68 103
68 113
68 118
68 119
68 121
68 130
69 2
69 4
69 14
69 17
69 19
69 25
69 30
69 46
69 50
69 51
69 52
69 62
69 69
69 70
70 97
70 105
70 109
70 120
70 124
70 143
70 149
71 1
71 44
71 49
71 62
71 63
75 88
75 93
75 99
75 108
75 113
75 120
75 122
75 129
75 133
75 134
75 135
75 141
75 143
75 145
75 147
75 162
75 167
75 172
75 173
75 174
75 185
75 192
75 197
75 202
75 205
75 214
75 220
75 223
75 225
75 251
75 255
75 260
75 266
75 273
75 283
75 299
75 300
75 302
75 303
75 306
75 307
75 319
75 326
75 331
75 332
75 334
75 350
75 357
75 358
75 368
75 372
75 373
75 376
75 377
75 484
75 489
75 496
75 498
75 505
75 507
75 513
75 514
75 528
75 534
75 555
75 557
75 580
75 582
75 601
75 603
75 604
75 613
75 617
75 618
75 621
75 622
75 626
75 632
75 638
75 639
76 23
76 29
76 30
76 35
76 42
76 47
76 54
76 61
76 65
76 68
77 8
77 13
77 15
78 10
78 17
78 18
78 22
78 56
78 61
78 63
78 75
78 77
78 87
78 88
79 9
79 16
79 24
79 157
79 158
79 163
79 164
79 169
79 170
79 175
79 179
79 188
79 189
79 195
79 217
79 218
79 222
79 234
79 236
79 243
79 251
79 254
79 259
79 263
79 264
79 265
79 268
79 313
79 321
79 345
79 355
79 366
79 372
79 373
80 7
80 10
80 14
80 22
80 28
80 44
80 48
80 49
80 54
80 57
81 10
81 19
81 33
81 44
81 48
81 54
82 11
82 13
82 15
82 20
82 36
82 39
82 58
82 73
82 76
82 83
82 95
82 98
82 103
82 117
82 123
82 126
82 143
84 37
84 40
84 62
84 66
84 71
84 77
84 80
84 83
84 150
84 151
84 155
84 156
84 159
84 161
84 165
85 4
85 5
85 6
85 14
88 33
88 38
88 42
88 48
90 77
90 78
90 85
90 90
90 106
90 156
90 163
90 172
90 187
90 199
90 229
90 235
92 13
92 14
92 15
92 16
92 18
92 20
92 32
92 46
92 49
92 51
92 56
92 58
92 67
93 3
95 26
95 27
95 36
95 37
95 45
95 46
96 35
96 36
96 43
96 46
96 47
96 48
96 56
96 57
96 64
96 65
96 72
96 80
96 86
96 92
96 101
96 105
96 109
96 124
96 128
96 140
96 144
96 149
96 153
97 3
97 5
97 13
97 16
97 18
97 29
97 38
97 44
97 52
98 5
98 11
98 14
98 17
98 19
98 23
98 27
98 29
98 40
98 41
98 43
98 61
98 65
98 67
98 71
98 77
98 78
98 84
99 4
99 6
99 8
99 9
99 16
99 20
