1 1
1 6
1 8
1 12
1 17
1 36
1 97
1 100
1 101
1 108
1 112
1 119
1 120
1 123
2 1
2 56
2 65
2 75
2 78
2 86
2 87
2 89
2 90
2 101
2 105
2 120
2 122
3 6
3 16
3 17
3 25
3 30
3 31
3 38
3 41
3 55
3 57
3 64
3 73
3 78
3 79
3 83
3 86
3 89
3 98
3 100
3 102
3 103
3 210
3 212
3 221
3 222
3 227
3 230
3 231
3 235
3 236
3 246
3 248
3 254
6 48
6 49
6 58
6 113
6 117
7 89
7 91
7 98
7 100
7 103
7 104
9 16
9 27
9 28
10 35
10 41
10 43
10 45
10 46
10 57
11 7
11 13
11 14
11 32
11 35
11 38
11 41
11 42
11 45
11 47
11 52
12 1
12 6
12 8
12 9
12 11
12 12
12 21
12 29
13 3
14 133
14 146
14 149
14 150
15 2
15 9
15 15
15 22
15 26
15 28
15 35
15 37
15 46
16 18
16 25
16 26
16 36
17 3
17 5
17 8
17 38
17 41
17 45
17 54
17 58
17 59
18 2
19 2
20 11
20 13
20 15
20 20
20 21
20 24
20 32
20 34
20 35
20 41
20 42
20 54
20 61
20 65
20 80
20 91
20 116
20 246
20 249
20 255
20 261
20 324
20 327
20 336
21 4
21 15
21 24
21 29
21 50
21 59
21 65
21 68
21 85
22 4
22 29
22 30
22 32
22 40
22 42
22 51
22 56
23 3
24 2
24 10
24 22
24 39
24 46
24 59
24 60
24 65
25 1
26 1
27 2
27 9
27 25
27 27
27 32
27 33
27 39
27 40
27 42
27 55
28 3
28 9
28 18
28 103
29 1
29 2
29 7
29 8
29 12
29 19
29 21
29 45
29 48
29 56
29 60
29 65
29 66
29 105
29 116
29 118
29 122
29 123
29 125
29 128
29 131
29 135
29 147
29 153
29 163
29 174
29 176
29 177
29 178
29 179
29 181
29 182
29 215
29 217
29 218
29 220
29 223
29 224
29 227
29 228
29 232
29 234
29 236
29 245
29 257
29 263
29 275
29 276
29 278
29 280
29 293
29 294
29 296
29 297
31 76
31 78
33 8
34 3
34 7
34 10
34 12
35 10
35 18
35 31
36 110
36 111
36 112
36 117
37 57
37 77
37 98
37 102
37 108
37 112
37 115
37 121
37 128
37 131
37 136
37 139
37 158
37 160
37 161
37 173
37 175
37 185
37 186
37 188
37 189
37 192
37 198
37 199
37 202
37 205
37 207
38 5
38 16
38 22
38 26
38 32
38 35
38 38
38 40
38 44
38 52
39 8
39 12
40 11
40 12
40 16
40 23
40 34
40 51
40 64
40 65
41 9
41 10
41 33
41 35
41 47
41 50
41 52
41 60
41 63
41 65
42 4
42 10
42 14
42 20
42 31
42 50
42 51
42 55
42 66
42 73
42 74
42 93
43 1
43 3
43 4
44 1
44 5
44 6
44 9
44 17
44 19
44 20
44 23
44 27
44 28
44 43
44 44
44 53
44 56
44 68
47 64
47 78
47 89
48 2
48 11
48 12
48 14
48 27
48 36
48 44
49 7
49 12
49 36
49 38
49 43
49 47
49 50
49 51
52 20
52 22
52 36
52 43
52 51
52 60
52 66
52 134
52 138
52 142
52 151
52 280
52 294
52 314
52 315
52 318
52 320
52 332
52 337
52 349
52 366
52 370
52 382
52 387
52 388
52 400
52 402
53 1
53 4
53 12
53 14
53 16
53 17
53 24
54 1
56 47
56 70
56 71
56 76
56 77
56 82
56 88
56 94
56 102
56 105
56 108
56 135
56 149
56 167
56 170
56 172
56 177
56 184
56 185
56 188
56 189
56 194
56 197
56 202
56 208
56 218
56 230
56 233
56 242
56 244
56 256
56 276
56 278
56 279
56 281
56 283
56 289
56 290
56 294
56 300
56 307
56 311
56 316
56 318
56 326
56 329
56 332
56 334
56 347
56 352
56 353
56 359
56 368
56 372
56 377
56 389
56 401
56 411
56 412
56 418
56 429
56 462
56 463
56 467
56 468
56 476
58 9
58 12
58 22
58 30
58 37
58 42
58 45
58 53
58 54
58 56
59 4
59 7
59 8
59 11
59 18
59 20
59 26
59 31
59 36
59 39
59 61
59 65
59 72
59 76
59 83
59 88
59 94
59 101
59 102
61 10
61 95
61 103
61 109
61 127
62 41
62 54
62 72
63 1
63 10
63 35
63 53
63 59
63 63
63 70
63 73
63 101
63 104
63 105
63 237
63 238
64 1
64 10
64 12
64 13
64 39
64 53
67 58
67 64
67 76
67 95
67 110
68 19
68 21
68 22
68 24
68 32
68 34
68 42
68 54
68 57
68 60
70 41
70 43
70 44
73 41
73 45
73 48
74 3
74 9
74 19
74 21
74 39
74 43
74 48
74 53
75 1
75 12
75 16
75 17
75 19
75 24
75 29
75 37
75 40
75 43
75 47
75 49
75 54
75 55
75 67
75 68
75 71
75 80
75 83
75 85
75 90
75 92
75 96
76 2
76 6
76 14
76 45
76 47
76 52
76 57
76 58
76 61
77 2
77 5
77 8
77 22
77 25
77 26
77 29
77 32
77 49
77 54
77 89
77 90
77 91
77 93
77 95
77 97
77 98
77 111
77 231
77 234
77 235
77 241
77 248
77 258
77 263
77 264
77 266
77 270
77 402
77 417
77 427
77 433
77 435
77 442
77 444
77 448
77 449
77 476
80 1
80 7
80 9
80 12
80 17
81 2
81 86
81 98
81 100
81 106
81 107
81 115
81 117
81 135
81 144
81 149
81 173
81 193
81 206
81 210
81 216
81 220
81 225
81 231
81 329
86 33
86 40
86 42
86 44
86 53
86 57
86 69
86 75
86 77
86 78
86 79
86 90
86 92
86 102
86 107
86 110
86 114
86 133
86 138
86 140
86 142
86 158
86 161
86 162
86 183
86 190
86 201
86 202
86 209
86 210
86 216
86 219
86 228
86 230
86 232
86 233
86 237
86 243
86 245
87 8
87 9
87 42
87 50
87 51
87 53
87 54
87 58
87 73
87 89
87 99
87 100
87 101
87 104
87 112
87 125
87 127
87 128
89 108
89 110
89 114
89 116
89 117
89 121
89 129
89 130
91 40
91 45
91 53
91 57
91 61
91 75
91 77
91 91
91 92
91 100
91 101
91 110
91 115
92 17
92 20
93 6
93 13
95 68
95 72
95 74
95 76
95 80
95 82
95 102
95 104
95 113
95 114
99 2
99 135
99 139
100 1
100 4
100 14
100 20
100 29
100 33
100 42
100 47
100 53
100 55
100 58
100 61
100 64
101 1
101 6
101 7
102 1
102 3
102 6
102 14
102 16
102 69
102 72
102 78
102 82
102 83
102 95
102 98
102 104
102 116
102 133
102 141
102 142
103 5
103 8
103 12
103 15
103 22
104 3
104 5
104 8
104 22
104 27
104 30
104 34
104 39
104 59
104 63
104 68
105 12
105 19
105 23
105 25
105 26
105 27
105 33
105 39
108 20
108 26
108 28
108 32
108 35
109 13
109 15
109 17
109 24
109 27
109 32
109 33
109 35
109 50
109 51
109 54
109 62
109 73
111 3
111 5
111 13
111 20
111 29
111 33
111 38
111 45
111 47
111 49
111 54
111 60
111 66
111 78
111 79
111 83
112 1
114 41
114 43
114 48
116 7
116 11
116 12
