1 2
1 4
1 10
1 18
1 25
2 1
2 3
2 12
2 14
2 33
2 42
4 30
4 37
4 41
5 1
5 3
7 3
7 20
7 29
7 34
7 44
7 45
7 50
7 66
8 8
8 15
8 17
8 25
8 27
8 31
8 33
8 37
8 39
8 53
8 63
8 64
11 18
11 22
11 33
12 3
12 4
12 26
12 33
12 44
13 42
13 50
13 56
13 74
13 86
13 87
13 95
14 4
14 9
14 18
14 20
14 23
14 29
14 31
14 32
14 37
14 40
14 67
14 82
15 115
15 120
15 124
15 148
15 153
15 158
15 159
15 170
15 175
15 178
15 179
15 196
15 201
15 216
15 220
15 228
15 249
15 250
15 267
15 282
15 284
16 27
16 29
16 30
16 31
17 18
17 24
17 30
17 32
17 43
17 49
17 51
17 54
17 58
17 59
17 89
18 11
19 27
19 29
19 35
19 47
19 51
19 58
19 65
19 71
19 82
19 162
20 28
20 37
20 43
20 53
20 63
20 73
20 74
20 85
21 25
22 4
22 9
22 17
22 26
22 28
22 30
22 35
22 38
22 42
22 46
22 47
22 48
22 63
22 77
22 86
25 39
25 50
25 51
25 57
25 62
25 65
25 68
26 6
26 15
26 18
26 19
26 23
26 25
26 27
26 29
28 5
28 6
29 15
29 17
29 19
29 20
34 4
34 16
35 23
35 26
35 33
36 4
36 6
36 7
36 10
36 17
36 20
36 22
36 33
36 38
37 36
37 42
37 52
37 53
37 60
38 6
38 7
38 9
38 13
38 21
38 29
38 37
38 39
38 43
38 46
38 53
38 56
38 60
38 68
38 72
38 80
38 88
38 111
38 112
38 113
38 116
38 117
38 119
38 120
38 129
38 143
38 145
39 2
39 6
39 17
39 19
39 25
39 26
39 30
39 32
39 35
39 37
39 51
39 57
39 70
39 82
39 87
39 104
39 107
39 129
39 133
39 139
39 152
39 156
39 162
39 167
39 175
39 180
39 196
39 204
39 207
39 210
39 232
39 239
39 257
39 271
39 274
39 280
39 290
42 41
42 45
42 57
42 63
42 78
42 81
42 83
42 86
42 88
42 98
42 101
42 106
42 180
42 184
42 192
42 220
42 227
42 234
42 247
42 255
42 256
42 264
42 267
42 268
42 272
42 277
42 278
42 282
42 284
42 288
42 300
42 307
42 316
42 323
42 325
42 337
42 343
42 344
42 345
42 348
42 356
42 359
42 379
42 380
42 388
42 389
42 407
42 420
42 432
42 441
42 444
42 446
42 447
42 450
42 460
42 465
42 468
42 470
42 472
42 477
42 492
42 502
42 518
42 523
42 524
42 535
42 536
42 540
42 542
43 3
43 10
43 18
43 21
43 30
43 35
43 43
43 52
43 60
43 63
43 67
43 71
43 73
43 76
43 85
43 89
43 100
43 102
43 114
43 116
43 118
43 135
43 264
43 272
43 273
43 296
43 297
43 436
43 442
43 473
43 477
43 480
43 484
43 485
43 515
43 528
43 535
43 538
43 544
44 53
44 58
44 69
44 70
44 73
44 80
44 81
44 92
44 102
44 113
44 122
44 124
44 127
44 128
45 27
45 30
45 32
45 37
45 46
45 54
45 68
45 74
45 80
47 2
47 6
47 28
47 29
47 32
47 34
47 51
47 52
47 54
47 60
48 4
51 45
51 52
51 53
51 57
51 62
51 75
51 81
51 85
51 87
51 93
51 98
52 2
52 6
52 7
52 14
54 14
54 16
54 17
54 18
54 22
54 23
54 33
55 2
55 8
55 13
55 15
55 40
55 45
55 47
58 5
58 7
58 15
58 18
58 19
58 28
58 29
58 38
58 42
58 43
58 46
58 50
58 61
58 71
58 72
58 84
58 91
58 92
59 1
59 12
62 15
62 20
62 22
62 28
62 40
62 45
62 47
63 81
63 86
63 128
63 130
63 131
63 137
63 147
63 150
63 153
63 161
63 164
63 167
63 171
63 184
63 185
63 192
63 206
63 214
63 219
68 9
68 11
69 4
69 26
69 28
69 45
69 56
69 58
69 60
69 66
69 69
69 70
69 74
70 3
70 5
71 5
71 7
72 12
72 13
72 18
73 2
73 5
73 7
73 13
73 33
73 35
73 38
73 40
73 48
73 49
73 52
73 80
73 82
73 88
73 90
73 94
73 100
73 106
73 112
73 118
73 119
73 165
73 169
73 172
73 189
73 190
73 206
73 207
73 227
73 230
73 234
73 235
73 237
73 238
73 241
73 246
73 248
73 250
73 252
73 256
73 259
73 269
73 272
73 279
74 1
74 7
74 10
74 11
74 16
74 22
74 25
74 42
74 71
74 72
74 73
74 76
74 83
74 87
74 104
75 10
75 11
75 24
76 1
76 4
76 13
76 17
76 24
76 25
76 26
76 38
76 43
76 44
76 47
76 48
77 1
77 4
77 9
77 14
77 24
77 25
77 28
77 29
77 35
77 38
77 39
77 47
77 52
77 56
78 4
78 14
78 22
78 27
78 36
78 37
78 42
78 47
78 58
78 64
78 65
78 68
78 75
78 76
79 74
79 81
79 92
79 105
79 106
79 113
81 116
81 158
81 161
81 166
81 167
83 30
83 32
83 46
83 54
83 57
83 67
83 71
83 77
83 81
83 92
83 94
83 105
83 112
85 40
85 48
85 55
85 58
85 64
85 68
85 73
85 79
85 88
85 98
85 105
85 116
85 117
85 119
85 120
85 121
85 129
85 138
85 141
85 145
85 146
85 149
85 155
85 171
85 175
85 177
85 179
85 180
85 183
85 185
85 186
88 24
88 25
88 38
88 39
88 43
89 16
89 19
89 21
89 30
89 35
89 38
89 41
89 47
89 60
89 61
89 77
89 78
89 83
89 92
89 93
89 96
89 98
89 100
89 107
89 122
89 127
89 130
89 139
89 143
89 147
89 149
89 167
89 174
89 179
91 2
91 10
91 16
91 17
91 24
91 27
91 30
91 32
91 37
92 1
92 10
95 39
95 47
95 55
95 56
95 60
95 63
95 82
95 88
95 93
95 94
95 95
95 105
95 108
95 114
95 120
95 130
95 134
95 138
95 139
95 142
96 1
96 13
96 17
96 18
96 21
96 24
96 35
96 44
96 65
96 68
96 73
96 76
96 94
96 99
96 102
96 105
97 59
97 66
97 72
97 81
97 90
98 7
98 13
98 15
98 16
98 21
98 34
98 36
98 53
98 56
98 58
98 76
100 37
101 1
101 7
101 12
101 22
101 29
101 34
101 35
101 37
101 47
101 48
101 55
101 57
102 14
102 18
102 19
102 23
103 59
103 62
103 66
103 69
103 70
103 74
103 87
104 2
104 6
104 8
104 13
105 46
105 47
105 48
105 50
105 51
105 55
105 57
105 73
105 89
105 94
105 101
105 114
105 119
105 137
105 139
105 141
105 150
106 47
106 49
106 58
108 33
108 34
108 36
108 41
108 45
108 47
108 54
108 57
108 67
109 1
109 5
109 12
109 25
110 11
110 26
110 28
110 29
110 41
110 55
110 71
110 73
110 81
110 87
110 88
112 13
113 2
113 11
113 12
114 62
115 11
115 17
115 20
115 23
115 27
115 29
115 37
115 39
115 47
116 6
116 9
118 29
118 30
119 10
120 36
120 42
120 50
120 57
120 61
120 68
120 72
120 75
120 80
120 88
120 98
120 109
120 111
120 121
120 125
120 130
120 131
120 134
120 139
120 141
121 2
121 11
122 20
122 30
122 32
122 35
122 36
122 38
