1 13
1 15
1 27
1 42
1 46
1 48
1 55
1 56
1 62
1 64
1 73
1 79
1 82
2 58
2 68
2 70
2 71
2 82
2 95
2 147
2 148
2 185
2 192
2 201
2 217
2 228
2 362
2 365
2 388
3 1
3 6
3 7
3 11
3 14
3 24
3 28
3 40
3 46
3 51
3 54
3 57
3 60
3 61
3 80
3 84
3 93
3 98
3 100
4 16
4 18
4 19
4 36
4 43
4 46
4 49
4 50
4 53
4 62
4 72
4 79
4 80
4 93
4 94
4 95
4 96
4 103
4 104
4 115
4 119
4 120
4 121
4 139
4 140
4 143
4 147
4 150
4 154
4 172
4 173
4 182
4 190
4 192
4 194
5 2
5 4
5 6
5 11
5 19
5 25
5 30
5 35
5 47
5 48
5 57
5 62
5 66
5 67
5 80
5 108
5 116
5 126
5 127
5 128
5 131
5 135
5 137
5 138
5 140
5 151
5 158
5 160
5 170
5 172
5 174
5 184
5 185
5 192
5 206
5 214
5 235
5 240
5 244
6 7
7 54
8 76
8 95
8 105
8 110
8 116
8 119
8 135
8 143
8 146
8 152
8 153
8 155
8 156
8 162
9 1
9 6
10 4
10 35
10 37
10 43
10 45
10 49
10 50
10 58
10 59
10 60
10 72
10 74
10 76
10 77
10 81
10 88
10 105
10 106
10 111
10 112
10 113
10 134
10 135
10 138
10 142
10 143
10 144
10 145
10 149
10 153
10 154
10 157
10 158
11 6
12 5
12 8
12 10
12 11
12 15
12 20
13 15
13 17
13 30
13 31
13 42
13 48
13 54
13 58
13 62
13 65
13 70
13 80
13 82
13 83
13 86
13 87
13 96
13 101
13 108
13 118
13 123
14 5
14 7
14 8
16 8
16 9
16 14
16 24
16 30
16 40
16 47
16 49
16 50
16 51
16 58
16 59
16 65
16 72
16 73
17 12
17 13
17 67
17 78
17 81
17 83
17 86
17 93
17 103
17 105
17 111
17 114
18 1
19 2
19 4
19 9
20 2
20 6
20 13
20 113
20 127
20 149
20 150
20 157
20 164
20 166
20 180
21 2
21 11
21 13
21 16
21 38
21 53
21 54
21 55
21 187
21 193
21 198
21 200
22 1
22 101
23 16
23 21
23 25
23 28
23 33
23 47
23 53
23 63
23 65
23 68
23 74
23 76
23 87
23 88
23 91
23 93
23 96
23 110
23 121
23 132
23 154
23 155
23 160
23 164
23 165
23 170
23 172
23 174
23 175
23 197
23 204
23 206
23 208
23 214
24 5
24 6
24 9
24 46
24 51
24 59
24 69
24 72
24 76
24 107
25 2
25 3
25 10
26 3
26 8
26 12
26 19
26 22
26 24
26 28
26 37
26 48
27 3
27 6
27 21
27 26
28 4
28 5
28 11
28 29
28 37
28 48
28 54
28 61
28 85
28 98
28 104
28 105
28 109
28 126
28 127
28 130
29 9
29 14
29 26
29 27
29 39
29 43
29 46
29 50
29 121
29 131
29 136
29 140
29 143
29 155
30 9
30 11
30 12
30 14
30 22
30 24
30 26
30 38
30 42
30 45
30 50
30 51
30 53
30 67
30 69
30 78
30 90
30 91
30 93
30 103
31 4
31 7
31 11
31 16
31 19
31 27
31 34
31 36
31 43
31 46
31 53
31 54
31 59
32 5
33 2
33 4
33 7
33 8
33 17
33 29
33 44
33 47
33 55
33 59
33 69
34 2
34 9
34 12
34 16
34 17
34 21
34 92
34 98
34 115
34 117
34 126
34 128
34 129
34 130
34 134
34 135
34 141
36 2
36 7
36 10
37 48
37 49
37 50
37 51
37 56
37 62
37 76
37 98
37 99
37 102
37 103
37 114
37 117
37 118
37 127
38 3
38 4
38 8
38 16
38 19
38 33
38 36
38 39
38 43
38 46
38 48
38 51
38 52
38 54
38 61
38 63
38 66
38 67
38 68
38 72
38 78
38 79
38 82
38 88
38 94
38 97
38 107
38 108
38 131
39 1
41 14
42 6
42 10
42 18
42 21
42 26
42 29
42 33
42 38
43 22
43 24
43 26
43 29
43 30
43 37
43 38
43 44
43 46
43 52
43 60
44 9
44 12
44 15
44 17
44 33
44 36
44 37
44 56
44 58
44 60
45 3
45 7
45 9
45 27
45 30
45 31
45 34
45 36
45 37
45 57
45 60
45 62
45 67
45 68
45 73
45 76
45 78
45 84
46 1
46 6
46 15
46 16
46 19
46 21
46 23
46 24
46 36
46 37
46 42
47 26
47 27
47 29
48 16
48 21
48 28
48 33
48 34
48 40
48 45
48 48
48 66
48 88
48 92
49 161
49 171
49 184
49 186
49 192
49 213
49 225
49 226
49 228
49 233
50 1
50 17
50 61
50 65
50 68
50 69
50 71
50 72
50 78
50 86
50 91
50 110
50 119
50 126
50 129
50 135
50 142
50 148
50 149
50 152
50 159
50 162
50 165
50 171
50 182
50 184
51 11
51 12
51 27
51 43
52 7
52 8
52 35
52 37
52 40
52 42
52 67
52 69
52 75
52 78
52 82
52 83
52 85
52 92
52 93
52 96
52 103
52 108
52 110
52 114
52 181
52 192
52 198
52 209
53 2
53 17
53 24
53 26
53 50
53 52
53 55
53 61
53 63
53 67
53 79
53 82
53 85
53 88
53 183
53 184
53 186
53 193
54 1
55 44
55 47
55 57
55 61
55 81
56 12
56 15
56 29
56 31
56 40
57 10
58 4
58 6
58 8
59 57
59 63
59 71
59 74
59 79
59 80
59 89
59 103
59 109
59 111
59 112
59 119
59 120
59 127
59 135
59 149
60 61
60 64
60 66
61 1
61 6
62 15
62 18
62 20
62 27
62 38
62 39
63 65
63 67
63 83
63 84
63 85
63 87
63 92
63 93
63 96
63 97
63 101
63 107
63 113
63 115
63 118
64 55
64 65
64 76
64 85
64 86
64 88
64 102
64 103
64 104
64 111
64 117
64 127
64 129
64 130
64 135
64 144
64 145
64 151
64 154
64 158
64 160
64 183
64 184
64 190
64 191
64 200
64 207
64 212
65 4
65 16
65 25
65 26
65 31
65 32
65 35
65 38
65 43
65 44
65 46
65 47
65 48
65 52
65 53
65 66
66 9
66 25
67 10
67 11
67 14
67 17
67 31
67 67
67 76
67 80
67 81
67 97
67 99
67 104
67 108
67 110
67 112
67 113
67 115
69 14
69 16
69 25
69 30
69 42
70 8
70 19
70 27
70 38
70 40
70 41
70 55
70 117
70 124
70 133
70 138
70 142
70 157
70 158
70 288
70 302
70 309
70 312
70 319
70 320
70 322
71 9
71 14
71 17
71 19
71 34
71 35
71 36
71 39
71 41
71 43
71 44
71 52
71 54
71 56
71 65
71 77
71 78
72 14
72 19
72 50
72 58
72 59
72 64
72 68
72 73
72 74
72 82
72 86
72 88
72 222
72 225
72 226
72 228
72 234
72 235
72 239
72 242
72 248
72 249
72 250
72 254
72 255
72 258
72 260
72 270
72 271
72 282
73 61
74 13
74 15
74 18
74 28
74 30
74 36
74 38
74 44
74 69
74 75
74 85
74 87
74 222
74 226
74 227
74 230
74 231
74 243
74 244
74 252
78 8
78 137
78 151
78 155
78 160
78 162
78 165
78 166
78 167
78 175
78 183
79 6
79 19
79 22
80 1
80 9
80 12
80 13
80 27
80 33
80 35
80 41
80 49
81 3
81 6
81 16
81 21
81 22
81 26
81 28
81 29
81 53
81 55
81 56
81 58
81 67
81 82
81 100
81 102
81 104
82 4
82 8
82 13
82 16
82 17
82 22
82 24
82 30
82 34
82 36
82 45
82 55
82 56
82 66
82 68
82 69
82 77
82 80
82 89
82 96
82 103
82 110
82 113
82 115
82 116
82 123
82 137
83 20
83 27
83 31
83 48
83 50
83 52
83 55
83 56
83 61
83 62
83 69
83 75
83 78
83 83
83 85
83 93
83 101
83 104
83 112
83 120
83 121
83 127
83 129
83 133
83 185
83 191
83 192
83 207
83 214
83 217
83 222
83 226
83 227
83 229
83 233
83 268
83 276
83 278
86 17
86 20
86 28
86 29
86 159
86 292
86 298
86 306
87 29
87 38
87 41
87 45
87 46
87 48
87 70
88 3
89 4
89 13
89 14
90 1
90 4
90 16
90 18
90 21
90 32
90 43
90 45
90 47
90 56
90 64
90 73
90 81
90 94
90 102
90 106
90 111
90 123
90 135
90 137
90 140
90 143
90 160
91 3
91 8
91 10
91 12
91 22
91 24
91 27
91 34
91 35
91 42
91 43
91 53
91 57
91 59
92 7
92 8
92 11
92 148
92 150
92 154
93 4
93 8
93 12
