1 7
1 15
1 17
1 32
1 40
1 51
1 56
1 60
1 62
1 68
1 69
1 72
1 87
1 89
1 91
1 94
1 95
1 102
1 104
1 108
2 3
2 5
2 10
2 11
2 16
2 17
3 7
3 9
3 13
3 16
3 23
3 24
3 26
3 40
3 42
3 46
3 48
3 64
4 2
5 22
5 31
5 44
5 52
5 53
5 166
5 176
5 177
5 218
5 226
5 234
5 239
5 242
5 243
5 246
5 249
5 251
5 261
5 266
5 271
5 280
6 110
7 11
11 6
11 10
11 11
11 12
11 13
12 4
12 7
12 8
12 16
12 19
12 37
12 43
12 65
13 90
14 2
14 8
14 14
14 20
14 25
14 30
14 33
14 39
14 43
14 52
14 54
14 55
14 61
14 70
14 72
14 74
14 77
14 82
14 83
14 88
14 92
14 113
14 116
14 122
14 195
14 201
14 214
14 215
14 218
14 225
14 227
15 54
15 55
15 57
15 61
15 69
15 72
15 73
15 87
16 7
16 9
16 11
16 17
16 20
16 23
16 26
16 28
16 29
16 39
16 40
16 53
16 57
16 66
16 78
16 82
16 85
16 91
16 93
16 101
16 110
16 112
16 125
17 7
17 15
17 31
17 32
17 38
17 39
17 43
17 44
17 45
17 49
17 50
17 144
17 146
17 161
18 2
18 7
18 11
18 15
18 18
18 22
18 40
18 47
18 48
18 57
18 59
18 66
18 70
18 72
18 89
18 97
18 108
18 113
18 115
18 118
18 121
18 124
18 132
18 134
19 8
19 15
19 17
19 28
19 50
19 53
19 63
19 66
19 70
19 74
19 75
19 77
19 83
19 99
19 100
19 122
20 5
20 7
20 8
20 9
20 14
20 17
20 25
20 27
20 37
20 39
20 40
21 3
21 14
21 15
21 131
21 140
21 141
21 143
21 144
22 51
22 52
22 53
22 59
22 69
22 85
22 93
22 97
22 104
22 105
22 114
22 117
22 125
22 126
23 14
23 16
23 28
23 36
23 39
23 40
23 49
23 50
23 58
23 61
23 63
23 64
23 78
23 83
23 85
23 93
23 101
23 269
23 327
23 331
23 344
23 353
23 360
23 368
23 376
23 379
23 381
23 386
24 1
24 8
24 36
24 41
24 46
24 48
24 59
24 64
24 66
24 90
25 2
25 7
25 11
25 15
25 21
25 24
25 25
25 28
25 30
25 44
25 49
25 51
25 52
25 57
26 3
26 4
26 7
26 10
26 13
26 15
26 16
26 18
26 27
26 44
26 52
26 56
26 57
26 59
26 62
26 64
26 65
26 68
27 1
28 25
28 36
28 42
29 60
29 62
29 67
29 70
29 86
29 92
29 95
29 97
29 132
29 137
29 144
29 156
29 169
29 170
29 173
29 175
29 179
29 181
29 186
29 187
29 190
29 196
29 203
29 207
29 223
29 228
29 233
29 238
29 247
29 262
29 274
29 277
29 279
29 284
29 291
29 297
29 303
29 313
29 319
29 321
29 324
29 333
29 339
29 342
29 348
29 351
29 356
29 357
29 365
29 371
29 373
29 384
29 386
29 398
29 415
29 434
30 4
30 5
31 3
31 5
31 8
31 10
31 18
31 19
32 1
32 7
32 13
32 16
32 28
32 37
32 65
32 68
32 82
32 83
32 87
32 88
32 91
32 94
32 95
33 65
33 79
33 81
33 86
33 90
33 93
34 16
34 26
34 35
34 52
34 64
34 68
34 73
35 23
35 41
35 46
35 47
35 85
35 94
35 100
35 102
35 116
35 120
35 144
35 152
41 17
41 25
41 30
41 34
41 36
41 55
41 57
41 59
41 61
41 65
43 30
43 32
43 34
44 12
44 26
44 31
44 37
44 41
44 48
44 51
44 54
45 1
45 4
45 14
45 21
45 31
45 33
45 40
45 46
45 68
45 69
45 76
45 81
45 92
45 93
45 107
45 112
45 119
46 17
46 26
46 28
46 30
46 43
46 55
46 58
46 68
46 69
46 70
46 74
46 75
46 77
46 108
46 109
46 121
46 122
47 7
47 12
47 20
47 26
47 31
47 34
47 43
47 44
47 57
47 58
48 5
48 6
48 10
48 21
48 22
48 25
49 13
49 17
49 27
49 37
49 41
49 44
49 46
49 51
49 65
49 67
49 69
49 77
49 78
49 80
49 81
49 94
49 95
49 98
49 99
49 103
49 115
49 117
49 121
49 124
49 127
49 132
49 140
49 144
49 146
49 167
49 173
49 175
49 181
49 183
49 191
49 197
49 198
49 202
49 204
49 219
50 1
50 6
50 11
50 19
50 23
50 28
50 35
50 40
50 41
50 43
50 46
50 50
50 53
50 63
51 2
51 13
51 14
51 20
51 21
51 24
51 27
51 29
51 31
52 1
52 9
52 24
52 27
52 39
53 10
53 17
53 21
53 23
53 106
53 111
53 123
56 40
56 41
56 48
56 62
56 68
56 78
56 85
56 88
56 90
56 91
56 105
56 107
56 112
56 121
56 127
56 133
56 140
56 143
56 144
56 146
56 147
56 154
56 160
56 161
56 163
56 164
56 167
56 170
56 179
56 185
57 8
57 11
57 14
57 17
57 19
57 21
57 24
57 26
57 31
57 32
57 41
57 48
57 50
57 53
57 60
57 64
57 70
58 19
58 42
58 47
58 51
58 54
59 6
59 19
59 22
59 23
59 33
59 40
59 42
59 46
59 51
59 61
59 63
60 82
60 87
60 94
60 100
60 174
60 181
62 86
62 88
64 1
64 9
64 25
64 27
64 32
64 44
64 48
64 65
64 71
64 73
64 96
64 99
64 106
64 107
64 118
64 120
64 135
64 137
64 138
64 144
64 149
64 162
64 167
64 168
64 173
64 180
64 182
64 185
64 193
64 200
65 4
65 5
65 12
65 13
65 15
65 18
66 2
66 12
67 2
67 9
68 2
68 5
68 7
68 9
68 14
68 66
68 73
68 80
68 94
68 117
68 127
68 130
68 133
68 134
68 138
68 140
68 143
68 148
68 160
68 167
68 175
68 178
68 188
69 8
70 11
70 14
70 23
70 26
70 32
70 38
71 12
71 15
71 18
71 28
71 33
71 37
71 40
71 45
71 62
71 67
71 75
71 83
71 88
71 98
71 114
71 116
71 122
71 134
71 151
71 155
71 158
71 162
71 216
71 237
71 239
71 242
71 247
71 248
71 253
71 256
71 263
71 265
71 267
71 276
71 284
71 289
71 341
71 344
72 7
73 2
73 4
73 67
73 73
74 2
74 8
74 22
74 29
74 32
74 38
74 42
74 48
75 1
75 2
75 13
76 1
76 4
76 10
76 11
76 28
76 33
76 36
76 48
76 53
76 61
76 63
76 71
76 72
76 79
76 86
76 99
76 108
76 123
76 125
76 128
76 132
76 134
76 136
76 139
77 11
77 15
77 16
77 20
77 152
77 155
77 160
77 166
77 167
77 169
77 175
77 178
77 179
77 198
78 16
78 22
78 42
78 44
79 9
79 13
79 24
79 34
79 37
79 41
79 42
79 45
79 49
79 57
87 16
87 22
87 26
87 42
87 45
87 48
87 55
87 60
87 62
87 89
87 105
87 106
87 112
87 118
87 121
87 131
87 137
87 139
87 141
87 142
87 147
87 154
87 159
87 169
87 175
88 15
88 17
88 31
88 38
88 50
88 51
88 55
88 64
88 67
88 69
88 83
88 88
88 92
88 94
88 95
88 102
88 120
88 124
88 128
88 135
88 136
88 141
88 148
88 149
88 169
88 176
88 178
88 180
88 184
88 211
89 12
89 22
89 28
89 40
89 54
89 61
89 64
89 70
89 71
89 74
89 82
89 86
89 90
89 91
89 93
89 98
89 99
89 105
89 107
90 16
90 17
90 22
90 30
90 35
90 40
90 44
90 46
90 47
90 52
90 58
90 70
90 71
90 73
90 74
91 8
91 11
91 23
91 25
91 28
93 12
93 17
93 20
93 41
93 46
93 50
93 59
93 63
93 67
93 68
93 78
93 126
93 128
93 131
93 133
93 138
93 143
93 144
93 147
93 152
93 153
93 175
93 176
93 190
93 191
93 193
93 195
93 197
93 200
93 211
93 213
93 222
93 223
93 230
97 31
97 39
97 41
97 42
97 45
97 58
97 62
97 63
97 75
97 79
97 82
97 97
97 111
97 113
97 115
97 116
97 130
97 138
97 149
97 153
97 155
97 167
97 170
97 172
97 180
97 181
97 186
97 207
97 208
97 212
97 214
97 216
97 219
98 6
98 7
98 17
99 24
99 31
101 52
101 53
101 55
101 58
101 61
101 62
102 2
102 14
102 27
102 28
102 32
102 34
102 37
102 43
102 45
102 84
104 23
104 34
104 50
104 61
104 67
104 68
104 69
104 76
104 84
104 86
104 91
104 104
104 106
104 109
104 119
104 122
104 129
104 134
104 139
105 16
107 4
107 5
107 6
107 11
107 17
107 19
107 23
107 24
107 28
107 30
107 31
107 43
107 44
107 45
107 47
107 49
107 60
107 62
107 65
107 68
107 76
107 78
107 81
107 84
107 85
107 87
107 92
107 98
107 108
107 114
107 115
107 127
107 129
107 134
107 135
107 138
107 140
107 144
107 146
107 150
107 151
107 152
107 154
107 165
107 177
107 178
107 196
107 197
107 203
107 208
