1 21
1 22
2 2
2 11
2 13
2 14
2 28
2 43
2 45
2 50
2 51
2 53
2 66
3 3
3 6
3 11
3 12
3 16
3 24
5 63
5 77
5 101
5 110
5 122
6 3
6 12
6 14
6 16
6 17
6 21
6 30
6 37
6 38
6 55
6 72
7 2
7 11
7 15
7 16
7 22
7 29
7 33
7 36
8 17
8 23
8 33
8 41
8 44
8 50
8 61
8 64
8 79
8 80
8 84
8 102
8 124
8 131
8 134
8 135
8 138
8 144
8 151
8 156
8 160
8 165
8 166
8 170
8 183
10 63
10 65
10 71
10 72
10 75
15 10
15 20
15 21
15 22
15 24
15 31
15 33
15 46
15 70
15 71
15 80
16 2
16 10
16 16
16 17
16 19
16 23
16 29
16 33
16 35
16 45
16 54
17 2
17 7
17 13
17 20
17 29
17 31
18 1
18 3
18 19
18 29
18 47
18 55
18 68
18 72
18 85
18 88
18 91
19 3
19 9
19 18
19 20
19 23
19 32
19 41
19 42
19 46
20 12
20 15
20 22
21 7
21 8
22 43
22 47
22 57
22 59
22 60
22 63
22 64
22 70
22 77
22 81
22 86
22 88
23 2
23 4
23 7
23 8
23 24
23 28
23 29
23 30
23 37
23 41
23 46
23 49
23 50
23 60
23 65
23 68
25 6
25 8
25 20
25 23
25 31
25 35
25 45
25 48
25 49
25 53
25 55
25 59
25 60
25 61
25 70
25 72
26 2
26 4
26 6
29 6
29 15
29 33
29 37
29 48
29 59
30 9
30 13
30 16
30 17
30 96
30 143
31 1
31 7
31 8
31 20
31 24
31 30
31 38
31 62
31 95
31 98
31 100
31 108
31 109
31 115
32 32
32 42
32 44
32 62
32 63
32 67
32 79
32 84
32 87
32 88
32 95
33 5
33 10
33 13
33 17
33 19
33 27
35 8
35 11
35 16
35 19
35 24
35 30
35 33
35 34
35 59
35 62
35 72
35 73
35 74
35 153
35 157
35 162
35 168
35 173
35 176
35 183
35 187
35 194
35 198
35 199
35 203
35 213
36 1
36 5
36 12
36 18
36 24
36 25
36 27
36 34
36 39
36 40
36 46
36 53
36 54
37 18
37 20
37 22
37 24
37 46
38 9
38 22
38 25
38 36
38 43
38 172
38 185
38 191
38 197
38 198
38 199
38 207
38 222
38 228
38 229
38 239
38 242
38 250
38 256
38 258
38 265
38 267
38 273
38 275
38 278
38 282
38 284
38 285
38 304
38 307
38 309
38 311
38 312
38 325
38 331
38 351
38 357
38 370
38 379
38 381
38 384
39 77
39 81
40 16
40 21
40 26
40 31
40 35
40 42
40 45
40 46
40 54
40 56
40 59
40 60
40 61
40 66
40 67
40 70
40 71
40 78
42 4
42 5
42 6
42 11
42 12
42 19
42 20
42 56
42 60
42 72
42 73
42 76
42 78
42 85
42 99
42 105
42 109
42 110
42 115
42 116
42 120
43 11
43 18
43 31
43 32
43 36
43 48
43 76
43 80
43 89
43 93
44 3
44 39
44 49
44 52
44 53
44 54
44 184
44 191
44 193
44 199
44 202
44 203
44 205
44 206
44 211
44 213
44 223
46 68
47 3
48 11
49 4
49 7
49 14
49 17
49 18
49 20
49 32
49 46
50 1
50 2
50 3
50 5
51 5
51 7
51 10
51 38
51 44
51 46
51 54
51 56
51 59
51 72
51 77
51 88
51 89
51 93
51 132
51 148
51 157
51 162
51 182
51 189
51 194
52 33
52 40
52 49
52 57
53 6
53 8
53 17
53 20
53 21
53 24
53 26
53 32
53 41
57 45
57 64
57 70
57 72
58 7
58 21
58 32
58 101
58 118
58 120
58 126
58 138
58 147
58 148
58 161
58 162
58 175
58 177
58 179
58 182
60 19
60 22
60 28
60 31
60 36
60 37
60 38
60 39
60 46
60 72
60 78
60 86
60 92
62 8
62 20
63 2
63 16
64 40
64 41
64 48
64 60
65 6
66 6
66 9
66 18
66 20
66 21
67 27
67 42
67 115
67 127
67 132
68 19
68 30
68 31
68 32
68 52
68 57
68 88
68 93
68 97
68 98
68 103
68 236
68 238
68 239
68 248
68 252
68 269
68 275
68 279
68 292
68 293
68 303
70 1
72 13
72 20
73 7
73 12
73 144
73 146
73 152
73 199
73 204
73 206
73 211
73 228
73 235
73 243
73 245
73 254
73 255
73 256
73 274
73 277
73 335
73 343
75 51
75 52
75 64
75 70
75 72
75 87
75 89
75 93
75 100
75 118
76 4
76 8
76 13
76 16
76 18
76 30
76 33
76 36
76 38
76 43
76 54
76 56
76 58
76 60
78 4
78 5
78 6
78 44
78 47
79 3
79 6
79 35
79 153
79 158
79 170
79 213
80 3
80 7
81 8
81 9
83 98
83 115
83 117
83 119
83 120
83 123
83 125
85 8
85 19
85 90
86 1
86 9
86 19
86 44
86 51
86 54
86 61
86 65
86 67
86 76
86 79
86 89
86 118
86 123
86 125
86 126
86 127
86 128
86 129
86 131
87 3
87 5
87 6
87 17
87 22
87 23
87 36
87 37
87 39
87 79
87 80
87 83
87 101
87 111
87 119
87 121
87 134
87 141
87 153
87 156
87 157
87 161
87 166
87 168
87 184
87 187
87 188
89 1
89 4
89 5
89 6
89 7
89 11
89 19
89 25
90 28
90 30
90 44
90 47
90 48
90 49
90 50
90 63
90 65
90 76
90 79
90 82
90 98
90 104
90 106
90 109
91 1
91 6
91 7
91 30
91 33
91 38
91 44
91 45
91 50
94 32
94 36
94 39
97 107
97 109
98 12
98 19
99 95
99 102
99 106
99 111
99 112
99 113
99 120
99 125
99 128
99 131
99 142
99 143
99 160
99 182
99 184
99 189
99 191
100 4
100 11
100 14
101 4
101 8
101 18
101 19
101 22
101 30
101 39
101 46
101 48
101 54
101 56
101 76
101 86
101 92
101 100
101 110
101 111
101 117
101 126
101 127
101 135
101 145
101 148
101 163
101 164
101 172
101 173
101 182
101 189
101 193
101 205
101 240
101 241
101 252
101 253
101 298
101 303
101 309
101 312
101 319
101 320
101 324
101 347
101 349
101 353
101 360
101 365
101 368
101 447
101 458
101 460
101 586
101 589
101 605
101 606
101 609
102 2
102 8
102 10
102 12
102 23
102 24
102 29
102 30
102 35
102 36
102 38
103 1
103 6
103 8
103 16
103 20
103 31
103 32
103 33
103 39
103 43
103 44
103 51
103 54
103 57
103 61
103 72
103 76
103 77
103 81
103 83
103 101
104 20
104 24
104 27
104 46
104 51
104 55
104 56
104 61
104 71
104 73
104 79
104 81
104 90
104 92
104 103
104 126
104 128
104 131
104 132
104 143
104 144
104 154
104 169
104 174
104 175
104 179
104 180
104 191
104 204
104 206
104 210
104 231
104 239
104 243
104 245
104 248
104 249
104 252
104 258
104 261
104 270
104 278
106 74
106 83
106 86
106 104
106 108
106 110
108 7
108 11
108 24
108 28
108 30
108 32
108 39
108 40
108 43
108 49
108 51
108 55
108 57
108 59
108 65
108 66
112 1
112 3
112 5
112 12
112 14
112 21
112 23
112 25
112 30
112 120
112 121
