1 13
1 17
1 27
1 36
1 39
1 44
1 46
1 51
1 52
1 57
1 58
1 62
1 69
1 70
3 57
3 61
3 66
3 69
3 72
3 75
3 88
3 91
3 94
3 95
3 105
3 106
3 109
3 112
3 121
3 123
3 130
3 131
3 134
4 2
4 3
4 5
4 12
4 16
4 20
4 23
4 27
4 28
4 40
4 43
4 45
4 50
4 51
4 54
4 58
4 67
4 80
4 82
4 108
4 112
4 116
4 117
4 121
4 125
4 140
4 143
5 18
5 20
5 43
5 45
5 47
6 17
6 18
6 26
6 27
6 28
6 29
7 2
8 4
8 13
8 20
8 21
8 23
8 26
8 27
8 28
8 37
8 38
8 41
8 46
8 49
8 50
13 68
13 71
13 82
13 86
13 101
13 107
13 116
13 117
13 130
13 137
14 100
14 108
14 110
14 115
14 117
14 124
14 137
14 140
14 141
14 154
14 162
14 164
14 172
14 179
14 187
14 192
14 194
14 207
14 209
14 222
14 226
15 4
15 10
15 16
15 25
15 28
15 30
15 40
15 44
15 53
15 74
15 75
15 77
15 81
15 87
15 103
15 104
15 107
15 109
15 112
15 116
15 121
15 122
15 123
15 126
15 127
15 132
16 11
16 17
16 19
16 25
16 26
16 30
16 36
16 37
16 41
16 43
16 47
16 49
16 58
16 64
16 66
16 75
16 83
16 88
16 89
16 90
16 91
16 105
16 106
16 113
16 114
16 116
16 117
16 118
16 119
23 4
23 6
23 7
23 11
23 15
24 1
24 16
25 130
26 4
26 6
26 13
26 16
26 18
26 24
26 26
26 166
27 6
27 11
27 12
27 14
27 25
27 30
27 31
27 33
27 47
27 50
27 57
27 58
28 79
28 83
28 89
28 90
28 100
28 101
28 103
28 108
28 118
28 125
28 133
28 138
28 144
28 145
28 149
28 152
28 162
28 168
28 183
29 4
29 8
29 17
29 18
29 19
30 2
30 8
30 15
30 25
30 29
30 35
30 36
30 38
30 39
30 40
31 3
31 16
31 19
31 21
32 1
32 16
32 19
32 26
32 31
32 46
32 48
32 57
32 66
32 71
32 72
32 74
32 76
32 86
32 102
32 107
32 109
32 111
32 116
32 137
32 154
32 162
32 166
32 187
32 189
32 193
32 198
32 200
32 202
32 206
32 207
32 213
32 215
32 217
32 219
32 223
32 224
32 230
32 247
32 250
32 251
32 253
32 254
32 256
34 52
34 54
34 59
36 43
36 49
36 53
36 57
38 3
38 4
38 13
38 14
38 23
38 25
38 27
38 39
38 42
40 7
40 9
40 10
40 11
40 29
40 31
40 39
40 45
40 47
40 60
40 89
40 91
40 95
40 105
40 110
40 111
40 112
40 118
40 123
40 131
40 132
40 138
40 161
40 187
40 189
40 191
40 199
40 200
40 204
40 214
40 226
40 227
40 234
40 236
40 237
40 241
40 251
40 252
40 254
40 255
40 262
40 264
40 274
42 79
42 81
42 83
42 87
42 217
42 235
42 241
42 252
42 256
42 257
42 259
42 269
44 4
44 9
44 24
44 31
44 44
44 46
44 51
44 53
45 3
45 7
45 20
45 37
45 39
45 40
45 54
45 60
45 65
45 67
45 68
45 74
45 81
45 91
45 92
45 97
45 115
46 1
46 7
46 14
46 22
46 29
46 30
46 34
46 35
46 36
46 44
46 45
47 91
47 96
47 100
47 101
47 111
47 112
47 129
47 130
47 145
47 157
47 161
47 175
47 180
47 183
48 3
48 5
48 9
48 17
48 18
48 21
48 25
48 27
48 33
48 34
48 62
48 63
48 66
48 67
48 73
49 56
49 61
49 62
49 77
49 78
49 79
49 84
49 89
49 91
49 92
49 94
49 97
49 102
49 104
49 116
49 118
49 120
50 49
50 56
50 81
50 83
50 96
50 98
50 100
50 103
50 110
50 117
51 10
51 24
52 13
52 18
52 38
52 65
53 3
53 7
53 11
53 12
53 18
53 26
53 28
53 31
53 37
53 38
53 40
53 41
53 46
53 56
53 70
53 75
53 86
54 4
55 5
55 6
55 10
56 1
56 20
56 22
56 23
56 24
56 25
56 37
56 45
56 56
56 59
57 110
57 111
57 118
57 119
57 129
57 132
57 186
57 188
57 189
57 190
57 192
57 193
57 203
57 207
57 216
57 221
57 222
57 223
57 224
57 226
57 234
58 2
58 5
58 18
58 45
58 53
58 57
58 63
58 68
58 76
58 78
58 83
58 99
58 104
58 107
58 120
58 124
58 127
58 200
59 7
59 18
59 19
59 25
59 26
59 42
59 43
59 45
59 47
59 49
59 52
59 55
59 83
59 93
59 96
60 13
60 14
60 61
60 62
60 86
60 113
61 35
61 38
61 44
62 6
62 10
62 16
62 22
62 25
62 30
62 34
62 40
62 46
62 47
64 30
64 63
64 71
64 74
64 89
64 97
64 102
64 116
64 119
64 120
64 125
64 126
64 131
64 133
64 135
64 141
65 3
65 5
65 7
65 17
66 15
66 16
66 17
66 22
66 32
66 37
66 42
66 48
66 50
66 51
66 54
66 62
66 73
67 2
67 9
67 11
67 19
67 31
67 32
67 39
67 41
67 46
67 51
67 58
67 65
67 73
67 94
67 110
67 112
67 113
67 138
67 141
67 142
68 1
68 15
68 19
68 24
68 26
68 32
68 33
70 16
70 27
70 28
70 47
70 51
70 62
70 66
70 69
70 72
70 88
70 99
70 122
70 130
70 134
70 138
70 141
70 143
70 145
70 153
70 156
70 227
70 238
70 245
70 250
70 251
70 254
70 256
70 260
70 264
70 273
70 280
70 282
70 288
70 295
71 3
71 9
72 3
72 7
72 10
72 12
72 55
72 60
72 82
72 85
72 92
72 126
72 131
72 170
72 178
72 197
72 198
72 203
72 211
72 222
72 223
72 224
72 229
72 233
72 304
72 309
72 316
72 321
72 323
72 324
72 330
72 333
72 335
72 338
72 343
72 366
72 369
72 372
72 379
72 399
72 410
72 412
72 413
72 417
72 419
72 426
72 436
72 438
72 440
72 441
72 456
73 2
73 3
73 9
73 12
73 17
73 19
73 20
73 24
75 5
75 11
75 12
75 13
75 14
75 16
75 23
75 28
75 37
75 38
75 41
75 48
76 1
76 6
76 21
76 29
76 31
76 32
76 36
76 43
76 63
76 69
76 72
76 73
76 75
76 76
76 78
76 88
76 91
76 92
76 96
76 98
76 101
76 103
76 104
76 114
76 116
76 118
76 120
76 133
76 135
76 146
76 153
76 157
76 159
76 170
76 172
76 173
76 174
77 3
78 5
78 9
78 11
78 12
78 21
78 26
78 29
79 58
79 60
79 65
79 66
79 73
79 75
79 146
80 1
80 2
80 6
80 19
80 33
80 40
80 45
80 46
80 47
80 50
80 51
80 53
80 54
80 55
80 58
80 72
80 73
80 76
80 79
80 80
80 86
80 96
80 98
80 114
80 116
80 120
80 125
80 146
80 147
80 148
80 149
80 153
80 154
81 1
81 2
81 22
81 23
81 29
81 43
81 48
81 63
81 71
81 72
81 79
81 83
81 84
81 129
82 28
82 30
84 88
84 90
84 91
84 95
84 97
84 103
84 104
84 134
84 142
84 149
85 5
85 13
85 14
85 16
85 18
85 23
85 32
85 46
85 49
85 59
85 64
85 67
85 68
85 78
85 79
85 80
87 7
87 58
87 64
87 65
87 69
87 71
87 72
87 77
87 78
87 99
87 108
87 112
88 1
88 16
89 20
90 9
90 14
90 28
90 30
90 40
90 42
90 58
90 59
90 62
92 12
92 16
92 17
92 32
92 48
92 49
92 61
92 63
92 65
92 69
93 7
94 1
94 4
94 8
94 17
94 25
94 51
94 59
94 64
94 73
94 76
94 89
95 39
95 41
95 64
95 89
95 110
95 115
95 119
95 128
95 143
95 154
96 1
96 5
97 1
97 2
97 4
97 5
97 11
97 16
97 21
97 53
97 54
97 58
97 68
97 79
97 85
97 88
97 96
97 103
97 106
97 116
97 117
97 118
97 119
97 121
97 132
97 136
97 143
97 147
97 151
97 154
97 155
97 162
97 165
98 46
98 72
98 80
98 86
98 90
98 96
98 97
98 111
98 116
98 121
98 129
98 132
98 140
98 145
98 146
98 153
98 155
98 160
98 240
98 266
98 267
98 271
98 273
98 275
98 279
98 280
98 283
98 288
98 289
98 291
98 296
98 300
98 319
98 325
98 334
98 337
99 2
99 12
99 14
99 17
99 28
99 30
99 31
99 36
99 37
99 38
99 41
99 43
99 76
99 78
99 81
99 196
99 223
99 230
99 232
99 233
99 241
99 248
99 257
101 111
102 1
102 25
102 32
102 33
102 36
102 42
105 51
