1 17
1 23
1 28
1 31
1 34
1 35
1 36
1 42
1 45
1 49
1 61
2 12
2 19
2 21
2 22
2 25
2 26
2 36
2 37
2 39
2 58
4 68
4 70
4 79
4 81
4 82
4 86
4 88
5 7
5 15
5 16
5 18
5 21
6 11
6 12
6 15
6 21
6 23
6 24
7 1
7 7
7 9
7 32
8 2
8 8
8 10
8 11
8 13
8 27
8 29
8 41
8 109
8 120
8 122
9 8
9 9
10 5
10 7
10 10
10 15
10 26
10 31
10 32
10 36
10 52
10 59
10 61
10 67
11 18
11 25
11 26
11 42
11 45
11 46
12 11
12 26
12 34
12 35
12 41
12 43
12 58
12 59
12 64
12 98
12 101
12 104
12 108
12 114
12 118
12 119
12 213
12 221
12 243
12 244
12 293
12 299
12 326
12 338
12 346
12 355
12 366
12 368
12 374
12 378
12 390
12 402
12 414
12 419
12 428
12 435
12 439
12 445
12 451
12 463
12 464
12 471
12 477
12 480
12 482
12 489
12 498
12 501
12 507
15 49
15 59
15 60
15 68
15 71
16 1
16 8
16 9
16 14
16 19
16 21
16 91
16 97
16 104
17 57
17 63
17 71
17 75
17 82
17 84
17 85
17 87
17 90
17 92
19 27
19 44
19 46
19 51
22 16
22 24
22 35
22 40
22 45
22 47
22 67
22 75
22 82
22 85
22 90
22 98
22 100
22 105
22 116
22 128
22 136
22 146
22 147
23 83
23 85
23 86
23 94
23 98
23 103
23 108
23 122
23 123
23 140
23 148
23 150
23 151
24 49
24 52
24 66
24 68
24 76
24 79
24 81
24 95
24 100
24 104
24 116
24 130
24 151
24 152
24 156
24 161
26 4
27 1
27 26
27 32
27 34
27 36
27 37
27 38
27 165
27 167
27 169
27 176
27 229
27 241
27 243
27 254
27 269
27 272
27 286
28 3
28 4
28 16
28 26
28 29
28 34
28 47
28 48
28 49
28 188
28 195
28 205
28 207
28 209
28 210
28 213
28 214
28 222
28 223
28 224
28 251
29 3
29 10
29 15
29 33
29 50
29 51
29 57
29 60
29 64
32 39
32 45
32 51
32 53
32 76
32 79
33 2
33 5
33 10
33 25
33 35
33 42
33 46
33 49
33 52
33 93
33 95
34 4
34 9
35 1
35 4
35 22
35 28
35 34
35 36
35 37
35 49
35 55
35 67
35 69
35 70
35 81
35 84
35 95
35 105
35 110
35 118
35 125
35 127
35 139
35 150
35 173
35 174
35 175
35 176
35 181
35 182
35 188
35 192
35 201
35 202
35 220
35 221
35 227
35 230
35 231
35 232
35 237
35 238
35 246
35 255
35 276
35 388
35 394
35 408
35 422
35 432
35 437
35 447
35 448
35 450
35 456
35 457
35 461
35 464
35 467
35 468
36 5
36 7
36 24
36 44
36 46
36 49
36 51
36 53
36 60
36 69
36 84
36 123
36 131
36 132
36 133
36 141
36 147
36 148
36 151
36 154
36 159
36 170
36 173
36 179
36 185
36 187
36 197
36 230
36 241
36 245
36 254
36 261
36 263
36 264
37 2
37 3
37 6
37 8
37 9
37 27
37 34
37 47
37 50
37 55
37 56
37 71
37 74
37 82
37 93
37 133
37 147
37 164
37 165
37 169
37 176
37 194
37 196
37 204
37 206
37 208
37 213
37 219
37 228
37 229
37 234
37 246
37 253
37 255
37 263
38 1
38 4
38 5
38 8
39 2
39 10
39 14
39 15
39 31
40 2
40 5
40 6
40 10
40 13
40 16
40 18
40 34
40 37
40 39
40 41
40 42
40 176
40 177
40 196
40 209
40 210
41 7
41 15
41 30
41 48
41 50
41 55
41 58
41 61
41 63
41 65
41 67
41 73
41 90
41 94
41 117
41 121
41 131
41 136
41 138
41 156
42 15
42 16
42 17
42 23
42 45
42 52
42 54
42 111
42 112
42 115
42 127
42 144
42 199
43 1
43 2
43 6
45 29
45 37
45 41
45 66
45 78
45 82
47 14
47 17
47 20
47 25
47 31
47 43
47 51
47 54
47 60
47 62
47 64
48 9
49 1
49 3
49 10
49 16
49 19
49 27
49 30
49 37
49 41
49 45
49 57
49 58
49 62
49 108
49 112
50 6
50 102
50 104
51 87
51 92
51 94
51 108
51 119
51 121
51 127
51 134
51 137
51 144
51 153
51 156
51 160
51 165
52 4
52 7
52 11
52 13
52 16
52 20
52 25
52 28
52 35
52 36
52 39
52 177
52 184
52 192
52 195
52 199
52 202
52 227
52 232
54 12
54 42
54 50
54 51
54 56
54 57
54 63
54 64
54 101
54 109
54 113
54 117
54 123
54 124
54 128
54 130
54 140
55 24
55 26
55 34
55 36
55 47
55 55
55 71
55 74
55 75
55 76
55 86
55 111
55 113
55 115
55 122
55 125
55 128
55 129
55 133
55 136
55 146
55 167
55 168
55 173
55 179
55 195
55 196
56 2
56 3
56 21
56 24
56 35
56 40
56 114
56 122
56 123
56 124
56 127
56 147
56 149
56 154
56 160
56 163
56 168
56 170
56 171
56 176
56 177
56 179
56 181
56 182
56 183
57 13
57 20
57 40
57 41
57 44
57 48
57 49
57 51
57 65
57 76
57 85
57 86
57 88
57 92
57 93
57 99
57 100
58 5
58 8
58 9
58 15
58 20
58 24
58 32
61 67
62 9
62 22
63 6
63 13
63 15
63 17
63 19
63 20
63 26
63 27
63 37
63 41
63 43
63 46
63 48
63 51
63 52
63 55
63 56
63 59
63 64
63 76
63 84
63 93
63 94
63 192
63 194
63 210
63 220
63 224
63 227
63 234
63 236
64 13
64 25
64 29
64 31
64 35
64 61
64 71
64 74
64 78
64 100
64 104
64 121
64 122
64 124
64 135
64 136
64 138
64 144
66 7
66 8
66 23
66 27
66 29
66 33
66 36
66 37
66 56
66 63
66 66
66 75
66 76
66 79
66 82
66 83
66 213
66 219
66 225
66 228
66 229
66 232
66 233
66 238
66 304
66 305
66 307
66 313
66 318
66 394
66 395
66 407
66 409
66 415
67 9
67 11
67 12
68 7
68 11
68 12
68 19
68 23
68 28
68 36
68 37
69 2
69 17
69 29
69 30
69 33
69 37
69 43
69 50
69 55
69 64
69 71
69 72
69 85
69 96
69 117
69 118
69 119
69 128
69 137
69 139
69 141
69 148
69 150
69 164
69 165
69 172
69 177
69 187
69 188
69 190
69 191
69 193
69 213
69 214
69 216
70 5
70 17
70 21
70 26
70 31
70 32
70 35
70 50
71 22
71 28
71 30
72 1
72 4
72 12
72 15
72 19
72 21
72 24
72 26
72 32
72 166
72 168
73 100
73 103
73 112
73 113
73 114
73 119
73 124
73 126
74 5
74 6
74 7
74 8
74 25
74 29
74 39
74 40
75 8
75 15
75 27
75 33
75 38
75 42
75 47
75 51
75 55
75 69
75 73
75 74
76 2
76 3
76 11
76 18
76 24
76 44
76 46
76 56
76 62
76 76
76 82
77 1
78 8
78 11
78 18
78 20
78 29
78 30
78 43
78 46
78 55
78 95
78 96
78 101
78 106
79 37
79 38
79 46
79 47
79 48
79 63
80 5
80 43
80 51
80 67
80 68
80 69
81 22
81 23
81 25
81 26
81 29
81 50
81 60
81 63
81 64
81 68
81 70
81 72
81 77
81 79
81 84
81 85
81 102
81 113
81 115
81 116
81 124
81 127
81 139
81 168
81 174
81 181
81 183
81 212
83 58
83 62
83 64
83 66
83 94
83 109
83 112
83 115
83 132
83 136
83 144
83 154
83 310
83 321
83 326
83 330
83 343
83 349
83 362
83 366
83 375
83 377
83 394
83 409
83 432
83 434
83 442
83 453
83 462
83 466
84 2
84 11
84 18
84 33
84 35
84 50
84 59
85 66
85 106
85 112
85 115
85 124
85 131
86 1
86 12
87 4
87 6
87 17
