1 2
1 4
1 6
1 9
1 11
1 13
2 10
2 15
2 16
2 27
2 33
3 9
3 30
3 49
3 51
3 58
3 63
3 69
3 72
3 74
3 87
3 88
3 90
4 6
4 8
4 16
4 17
6 26
6 27
6 32
6 35
7 8
7 15
7 16
7 19
7 22
7 29
7 35
7 41
9 32
9 38
9 49
9 50
9 67
9 72
9 78
9 87
9 91
11 47
11 51
11 80
11 83
11 90
11 100
11 103
11 111
11 113
12 3
12 8
12 109
12 122
12 125
12 129
13 33
13 36
13 37
13 44
13 132
13 133
13 141
14 8
14 15
14 18
14 45
14 46
14 47
14 49
14 57
14 61
14 62
14 66
14 67
14 71
14 76
14 77
15 1
15 12
15 14
15 15
15 33
15 34
15 39
15 40
15 114
15 116
15 130
15 138
15 142
15 152
15 155
15 162
15 165
15 172
15 183
15 186
15 192
15 195
15 196
15 200
15 212
15 215
15 241
15 244
15 248
15 249
16 115
16 124
16 125
16 200
16 208
16 218
16 219
16 247
16 254
16 258
16 259
16 263
16 270
16 274
16 281
16 283
16 292
16 293
16 297
16 313
16 320
16 321
16 325
16 328
16 339
16 340
17 2
17 8
17 9
17 15
17 18
17 147
17 149
17 154
17 160
18 10
19 11
19 14
19 17
19 26
19 158
19 162
19 163
19 165
20 6
20 12
20 13
20 16
22 14
22 16
22 20
22 25
22 26
22 32
22 41
22 47
22 78
22 91
22 94
22 97
22 127
22 129
22 135
22 148
22 161
22 164
22 169
22 170
22 174
22 175
22 177
22 179
22 182
22 191
22 203
22 206
22 210
22 214
22 217
22 230
22 231
22 237
22 238
22 254
22 282
22 283
22 284
22 285
22 286
22 291
22 294
22 295
22 297
22 302
22 310
22 312
23 3
23 10
23 16
23 22
23 29
23 32
24 2
24 6
24 7
24 8
24 10
24 11
24 24
24 27
24 28
24 29
24 38
24 43
25 1
25 6
25 11
25 13
25 14
25 15
28 13
28 14
28 21
28 22
28 40
28 43
28 49
28 51
28 52
28 61
28 67
28 69
28 72
28 84
28 85
28 217
28 226
28 233
28 239
28 246
28 249
28 251
29 2
29 10
29 29
29 31
29 39
29 41
29 45
29 46
29 48
29 53
29 59
29 66
29 72
29 74
29 77
29 88
29 93
29 96
29 98
29 105
29 118
29 120
29 124
29 129
29 131
29 139
29 140
29 149
29 158
29 162
29 180
29 183
29 231
29 232
29 244
29 246
29 247
29 248
29 253
29 254
29 255
29 257
29 258
30 51
30 53
30 58
30 62
30 68
30 71
30 73
30 79
30 82
30 85
30 86
30 87
30 88
30 96
30 101
30 104
31 9
31 12
31 15
31 22
32 42
32 45
32 46
32 49
32 59
33 3
33 4
33 18
33 21
33 35
33 41
33 42
33 48
33 73
34 5
34 17
36 77
36 87
36 92
36 95
36 105
36 112
36 113
37 14
37 16
37 20
37 30
37 34
37 42
37 49
37 54
37 64
37 66
37 67
38 35
38 37
38 39
39 13
39 16
39 17
39 18
39 20
40 1
40 3
40 8
40 12
40 17
40 34
40 36
40 43
40 51
40 59
40 60
40 63
42 22
44 50
45 2
46 3
46 9
46 12
46 21
46 38
46 41
46 49
46 51
47 6
47 23
47 153
47 155
48 1
48 4
48 5
48 7
48 18
49 4
51 18
52 4
52 6
52 10
52 14
52 18
52 19
52 37
52 43
52 47
52 49
53 3
53 8
53 10
53 13
53 19
53 27
53 33
53 36
53 39
53 56
53 59
53 77
53 80
54 15
54 32
54 39
54 48
54 54
54 62
54 69
54 78
54 82
55 17
55 19
55 22
55 37
55 42
55 48
55 51
55 60
56 7
56 9
56 14
56 15
56 25
56 27
56 30
56 92
56 94
56 95
56 96
57 3
57 5
57 10
57 13
57 17
57 36
57 37
57 38
57 39
57 53
57 54
57 155
57 190
57 199
57 204
57 207
57 208
57 211
57 214
57 219
57 220
57 228
57 231
57 234
57 250
57 253
57 258
57 270
57 280
57 281
57 288
57 289
57 297
59 5
59 10
59 11
59 12
59 17
59 20
59 22
59 30
59 36
59 37
59 46
59 52
59 58
59 63
59 77
59 78
59 81
59 95
60 109
60 114
60 130
61 4
61 9
61 11
61 20
61 26
61 28
61 30
61 33
61 35
61 40
61 51
61 55
61 58
61 62
61 70
61 71
61 72
61 74
61 86
61 90
61 92
61 100
61 103
61 119
61 121
61 130
61 139
61 140
61 143
61 151
61 152
61 153
62 3
62 5
62 27
62 29
62 30
62 31
62 48
62 55
62 66
62 77
62 91
62 92
63 16
64 6
64 9
64 10
64 17
64 22
64 29
64 32
64 37
64 39
64 42
64 48
64 52
64 56
64 61
64 65
65 1
65 6
65 7
65 11
65 17
66 126
66 131
66 136
66 137
66 139
66 142
66 146
66 149
66 152
66 159
66 164
66 167
66 175
66 181
66 186
66 188
66 194
66 200
66 204
66 206
66 208
66 223
66 224
67 4
67 7
67 9
67 13
67 27
67 31
67 40
67 48
67 52
67 58
67 60
67 63
67 65
68 10
69 4
69 5
69 6
70 1
70 6
70 8
70 42
70 46
70 62
70 65
70 68
70 69
70 72
70 74
70 76
70 86
70 92
70 99
70 101
70 117
71 4
71 9
71 17
71 21
71 26
71 28
71 31
71 34
73 29
73 31
73 34
73 53
73 55
73 56
73 58
73 65
73 72
73 81
73 83
73 84
73 98
73 112
73 116
73 120
73 124
73 133
73 135
73 137
73 148
73 157
73 158
73 160
73 166
73 169
73 176
73 177
74 8
74 12
74 20
74 25
74 38
74 39
74 40
74 41
74 43
74 44
74 47
74 48
74 52
74 53
74 54
74 64
74 68
74 76
74 81
74 86
74 87
74 90
74 92
74 96
74 102
74 106
74 107
75 94
75 97
75 119
75 130
75 131
75 138
75 184
75 188
75 192
75 201
75 214
75 221
75 222
75 223
75 225
75 230
75 231
75 232
75 243
75 246
75 247
75 269
75 274
75 278
75 279
75 367
75 369
75 377
75 383
75 394
75 395
75 399
75 402
75 410
76 1
76 7
76 26
76 33
76 42
76 45
76 53
78 48
78 50
79 3
79 11
79 12
79 14
80 1
80 5
80 7
80 18
80 20
80 29
80 31
80 42
80 50
80 54
80 62
80 65
80 67
80 89
80 91
80 93
80 94
80 113
80 114
80 118
80 122
80 126
80 146
80 149
80 154
80 161
82 10
82 14
83 1
83 13
83 18
83 41
84 2
84 3
84 13
84 16
84 18
84 150
84 156
84 157
84 166
84 167
84 168
84 171
86 1
86 3
86 11
86 12
90 3
90 6
90 10
90 13
90 76
90 78
91 2
92 15
92 19
92 26
92 28
92 54
92 56
92 59
92 73
92 75
92 76
92 80
92 81
98 50
98 55
98 56
98 59
98 62
98 63
98 69
98 74
98 76
98 201
100 99
100 101
100 103
100 104
100 105
100 106
100 112
100 114
100 115
100 117
100 123
100 125
100 132
100 138
100 153
100 157
100 169
100 170
102 63
102 67
102 76
102 79
102 83
102 94
102 100
103 6
103 8
103 10
103 16
103 17
103 21
103 22
103 26
103 29
103 32
103 35
103 49
103 54
105 39
105 52
105 53
105 54
105 55
105 59
108 49
108 50
109 26
109 39
109 41
109 43
109 49
109 50
109 55
109 78
109 91
109 98
109 103
109 105
109 106
109 109
109 130
109 133
109 134
109 137
109 146
109 173
109 180
109 203
109 209
109 213
109 214
109 215
