1 2
1 4
1 5
1 6
1 12
1 17
1 22
1 24
1 27
1 29
1 30
1 36
1 38
1 51
2 4
2 134
2 136
2 137
2 139
2 144
2 145
2 159
2 171
2 193
2 197
2 198
2 200
2 204
2 214
2 218
3 3
3 9
3 11
3 12
3 28
3 29
3 37
3 39
3 40
3 172
3 177
3 181
3 193
3 197
3 213
3 229
3 249
3 250
3 251
3 255
3 272
3 287
3 294
3 296
3 297
3 300
5 74
5 77
5 78
5 81
5 83
5 89
5 96
5 97
5 98
5 103
5 106
5 108
6 1
7 99
7 106
7 111
7 112
7 113
7 115
7 135
7 142
7 161
7 164
7 165
7 179
7 183
7 185
7 190
7 196
8 1
8 8
9 6
9 16
9 31
9 39
9 65
9 70
9 72
9 75
9 79
9 91
9 101
9 102
9 103
9 118
9 120
9 123
9 127
9 134
9 269
9 272
10 4
10 9
10 15
14 18
14 23
14 49
15 12
15 14
17 5
17 9
17 18
17 27
17 47
17 50
17 54
17 55
17 58
17 64
17 75
18 122
19 4
19 5
19 10
20 5
20 11
20 18
20 27
20 30
20 34
20 35
20 47
20 50
22 46
22 62
22 65
22 72
22 73
22 83
22 85
22 92
22 94
22 97
22 98
22 101
22 104
22 107
22 113
22 119
23 15
23 18
24 4
24 8
25 2
25 8
25 10
25 12
25 15
25 18
25 23
25 28
26 6
26 8
26 26
27 84
27 85
27 95
28 41
28 47
30 44
32 9
32 12
32 14
32 15
32 16
32 18
32 29
32 39
32 53
32 63
32 81
32 82
33 1
33 5
33 6
33 7
33 67
33 82
33 87
33 93
35 29
35 30
35 36
35 44
35 45
35 53
35 55
35 60
35 62
35 74
35 76
35 77
35 86
35 92
35 110
36 24
36 37
36 38
36 52
36 57
36 75
36 81
36 93
36 96
36 115
36 123
36 124
36 127
36 132
36 134
36 140
36 142
36 143
36 159
36 171
36 173
36 175
37 58
37 73
37 86
37 91
37 92
37 101
37 105
37 107
37 115
37 117
37 120
37 125
37 135
37 153
37 160
37 161
37 163
37 177
37 178
37 186
37 212
38 47
38 50
38 51
38 53
38 61
38 65
38 69
38 75
38 76
38 81
38 90
38 92
38 149
38 150
38 152
38 154
38 157
38 160
38 161
38 166
38 170
38 172
38 301
38 303
38 308
38 312
38 316
38 318
38 321
38 327
38 330
38 352
38 354
39 1
39 5
39 7
39 9
39 11
40 49
40 51
40 55
40 64
40 68
40 69
40 79
40 80
40 87
40 88
40 97
40 115
40 121
40 122
40 126
40 137
40 155
40 160
40 165
41 61
41 62
41 64
41 67
41 71
42 14
42 18
42 28
42 34
42 37
45 9
45 14
45 15
45 33
45 36
45 39
46 4
46 7
46 12
46 16
46 19
46 20
46 29
46 125
46 133
46 135
46 136
46 150
46 152
46 155
46 157
46 158
46 161
46 174
46 177
46 186
46 196
46 201
46 205
46 209
46 213
46 218
47 70
47 75
47 78
47 84
47 95
47 99
47 101
47 109
47 118
47 123
47 133
47 137
48 1
48 11
48 21
48 22
48 24
48 25
49 5
49 27
49 28
49 33
50 3
50 10
50 16
50 17
50 18
50 20
50 26
50 27
50 35
52 4
52 6
53 47
53 55
53 63
53 70
53 73
53 74
53 82
53 84
53 91
53 96
53 97
53 104
53 105
58 14
58 31
58 34
58 40
58 41
58 45
58 57
58 62
58 76
58 126
58 131
60 23
60 31
60 33
60 34
60 47
60 60
60 61
60 64
60 66
60 69
60 72
60 74
60 75
60 77
60 87
60 88
60 92
60 94
60 106
60 108
60 210
60 212
60 215
60 218
60 219
60 223
60 227
60 231
60 232
60 234
61 10
61 11
61 18
61 20
61 24
61 31
61 34
61 49
61 52
61 63
61 64
61 153
61 156
61 157
61 158
61 160
61 180
62 1
62 4
62 5
62 10
62 11
62 19
62 25
62 33
62 37
62 46
62 77
62 80
62 82
62 86
62 89
62 90
62 114
62 116
62 128
62 142
62 143
62 145
62 155
62 164
62 175
62 191
62 192
62 197
62 212
62 216
62 221
62 226
62 232
62 233
62 234
63 2
63 8
63 10
63 11
63 13
63 14
63 19
63 23
63 26
63 27
63 32
63 98
64 1
64 6
64 7
64 9
64 27
64 34
64 38
64 46
64 51
64 55
64 69
65 17
65 172
65 181
65 183
65 199
66 3
66 7
66 12
66 13
69 2
69 8
69 23
69 24
69 43
69 49
69 53
69 57
69 64
69 65
69 75
69 96
72 159
72 161
72 164
72 172
72 174
72 190
72 194
72 195
72 196
72 200
72 207
72 208
72 210
73 8
73 15
73 24
73 30
74 5
74 14
74 18
74 79
75 2
75 7
75 9
75 12
76 3
76 13
76 14
76 21
76 27
76 30
76 37
77 32
77 34
77 36
77 37
77 38
77 46
77 51
77 56
77 63
77 65
77 67
77 70
77 82
77 83
79 15
79 20
79 28
79 29
79 37
79 42
79 46
79 56
79 58
79 69
80 11
80 12
80 14
80 41
80 45
80 49
80 51
81 1
81 7
81 11
81 14
81 19
81 27
81 29
82 7
82 13
82 18
82 19
82 34
82 37
83 1
83 4
83 7
83 21
83 26
83 27
83 33
83 39
83 43
83 46
83 49
84 12
84 13
84 14
84 18
84 26
84 42
84 45
84 58
84 73
84 90
84 92
84 94
84 98
84 103
84 104
84 105
85 1
85 2
85 7
85 14
85 15
85 22
85 24
85 31
85 34
85 36
85 38
85 40
85 43
85 45
85 50
85 51
85 52
85 57
85 58
86 3
86 9
86 13
87 6
87 22
87 35
87 37
87 39
87 78
87 85
87 88
87 98
87 99
87 108
87 117
88 72
88 73
88 79
88 87
88 91
88 92
88 112
88 115
90 45
90 49
90 58
90 65
90 74
90 106
90 115
90 118
90 120
90 127
90 129
90 132
90 135
90 154
90 160
90 170
90 175
90 176
90 182
91 6
91 10
92 26
92 35
92 37
92 48
92 53
92 64
94 22
94 25
94 26
94 29
94 30
94 31
94 41
94 44
94 48
94 49
94 56
94 60
95 3
95 4
95 6
95 7
95 10
95 23
95 25
95 28
95 32
95 37
95 39
95 46
95 56
95 61
95 62
95 72
95 80
95 87
95 94
95 98
95 100
95 104
95 106
95 114
95 125
95 126
95 129
97 55
97 80
97 83
97 86
97 92
97 96
97 102
97 104
97 107
98 30
99 1
99 4
99 5
99 11
99 13
99 19
99 20
99 24
99 27
99 29
99 34
99 41
99 44
99 46
99 52
99 53
99 57
99 60
99 63
100 14
100 18
100 19
100 30
100 31
101 8
101 11
101 27
101 28
101 38
101 41
101 43
101 51
101 56
102 4
102 6
102 46
102 48
102 51
103 5
103 11
103 12
103 17
103 21
103 28
103 35
103 42
103 44
103 46
103 50
103 51
103 53
103 76
104 3
104 6
104 8
104 9
104 16
104 24
104 33
104 37
104 38
104 43
104 50
104 52
104 57
104 58
104 71
104 74
104 83
104 89
104 96
104 98
104 99
107 50
107 53
107 58
107 64
107 121
107 124
107 128
108 3
110 3
110 8
110 16
110 31
110 32
110 40
111 3
111 13
111 27
111 28
111 29
111 35
111 36
112 4
112 5
112 10
112 21
112 24
112 25
112 26
112 32
112 40
112 42
112 45
112 51
112 54
112 64
112 66
112 79
112 80
112 82
112 83
112 89
112 94
112 99
112 106
112 114
112 122
112 129
112 148
112 153
112 157
112 163
112 179
112 185
112 194
112 200
112 203
113 2
113 5
113 10
113 19
113 23
113 33
115 20
115 23
115 25
115 29
115 41
115 170
115 310
115 318
115 323
115 332
115 333
115 336
116 13
