1 4
1 13
1 14
1 35
1 37
3 50
3 52
3 56
3 59
3 61
3 63
3 64
3 76
4 4
4 10
4 76
4 93
4 94
4 98
4 101
4 127
4 147
4 174
4 175
4 182
4 183
4 189
4 193
4 196
4 198
4 205
5 5
5 13
5 15
5 18
6 17
6 20
6 25
6 26
6 32
6 40
6 46
6 52
6 57
6 58
6 61
6 63
6 66
6 69
6 70
6 74
6 88
6 93
7 21
8 6
8 12
8 15
8 16
8 17
8 21
8 23
9 48
9 49
9 52
9 57
9 59
9 61
9 63
9 64
9 69
9 72
9 83
9 90
9 92
9 97
9 102
9 103
9 105
9 110
9 119
9 122
9 128
9 136
9 137
9 147
9 150
9 153
9 170
9 183
9 192
9 201
9 208
9 220
9 228
9 233
9 254
9 256
10 47
10 48
10 53
10 54
10 59
10 62
10 63
10 66
10 69
10 70
10 71
10 87
10 88
10 100
10 117
11 120
11 125
11 141
11 144
11 147
11 150
11 153
11 158
11 163
11 170
11 186
11 188
11 206
11 207
11 208
11 213
11 231
11 234
11 235
11 245
11 255
11 260
11 273
11 275
11 276
11 290
11 317
11 321
11 326
11 327
11 465
11 474
11 476
11 483
11 491
11 494
11 495
11 497
13 2
13 13
13 19
13 22
14 3
14 5
14 8
15 1
15 2
15 6
15 11
15 13
15 15
15 19
15 20
16 5
16 8
16 16
16 18
16 46
16 50
16 54
16 57
16 61
16 68
16 72
16 90
16 96
16 97
16 110
16 124
16 132
16 137
16 181
16 189
16 192
16 194
16 199
16 203
16 211
16 212
16 216
16 246
16 247
16 250
16 253
17 1
17 3
17 4
17 23
17 28
17 30
17 38
17 41
17 71
17 72
17 74
17 80
17 88
17 91
17 92
19 96
19 156
19 157
20 2
20 10
20 11
20 13
20 17
20 22
20 23
20 28
20 29
20 33
20 41
20 51
20 56
20 61
20 74
20 82
20 90
20 102
21 10
21 12
21 15
21 19
21 24
22 1
22 4
22 6
22 21
22 25
22 32
22 47
23 38
24 1
27 18
27 30
27 32
27 41
27 43
28 118
28 123
28 129
28 137
28 149
28 159
29 113
29 115
30 44
30 45
30 46
30 47
30 81
30 92
30 93
30 99
30 102
30 111
30 112
30 113
30 115
30 119
30 124
30 127
34 67
34 71
34 80
34 81
34 90
34 95
34 104
34 105
34 109
34 113
34 115
34 148
34 158
34 167
34 177
34 179
34 182
35 1
35 7
35 9
35 12
35 13
35 16
35 18
35 29
35 35
35 51
35 58
35 62
35 71
35 75
35 86
35 89
35 94
36 6
36 13
36 14
39 28
39 31
39 35
39 36
39 40
40 8
40 9
41 90
41 91
41 101
41 109
41 124
41 129
41 135
41 141
41 143
41 145
41 155
41 157
41 159
41 166
41 170
41 172
41 174
41 180
43 5
43 14
43 27
43 36
43 40
43 50
43 63
44 7
45 1
47 9
47 10
47 17
47 19
47 28
47 35
47 39
47 43
47 73
47 76
47 82
47 98
47 105
47 107
47 111
47 112
47 115
47 119
47 129
47 131
47 141
48 10
48 15
48 16
50 114
50 118
50 127
50 134
50 151
50 156
51 4
51 5
51 9
51 10
51 20
51 26
51 34
51 44
51 47
52 5
52 11
52 21
52 22
52 23
52 24
52 25
52 29
52 30
52 38
52 39
52 43
52 52
52 58
52 61
52 62
52 70
52 72
52 76
52 84
52 87
52 91
52 97
52 104
52 119
52 120
52 124
52 127
52 138
52 147
52 154
52 163
52 164
52 172
52 173
52 189
52 202
52 213
52 215
52 220
53 10
54 11
54 22
54 23
54 48
54 179
54 180
55 3
57 7
57 9
57 46
57 58
57 61
57 71
57 75
57 78
57 81
57 85
57 88
57 89
58 6
58 12
58 22
58 26
58 27
58 34
58 38
58 67
58 82
58 89
58 96
58 102
58 110
58 111
58 121
58 125
58 136
58 148
58 150
58 153
58 158
58 159
58 161
58 162
58 164
60 95
60 98
60 112
60 114
60 128
60 135
60 142
60 151
60 161
61 3
61 11
61 15
61 50
61 56
61 57
61 75
61 77
61 80
61 82
61 91
61 93
61 97
61 100
61 101
61 110
61 116
62 3
62 10
62 17
63 54
63 55
63 60
67 27
67 41
67 43
67 49
67 71
67 72
67 77
68 8
68 9
68 25
68 27
68 28
68 33
68 38
69 3
69 7
69 15
69 16
69 25
69 26
69 32
69 50
69 54
69 56
69 58
69 63
69 65
69 70
69 72
69 73
69 75
69 91
70 2
70 4
70 10
70 14
70 102
70 110
70 124
70 126
70 128
70 147
70 176
71 6
73 26
73 27
73 54
73 62
73 74
73 77
73 84
73 95
73 96
73 98
73 103
73 108
73 109
73 119
73 126
73 134
73 135
73 141
73 144
76 47
76 48
76 50
77 4
77 13
77 20
77 25
77 60
77 68
77 72
77 76
77 80
77 92
77 130
77 135
77 136
77 137
77 150
77 152
77 157
77 167
77 168
77 228
77 229
77 232
77 238
77 239
77 240
77 249
77 303
77 308
77 311
77 337
77 347
77 350
77 352
77 481
77 484
77 490
77 492
78 7
78 9
78 13
78 26
78 27
78 29
78 31
78 160
78 170
79 4
79 5
80 11
80 15
80 16
80 29
80 40
80 42
80 107
81 85
82 26
82 28
82 30
82 39
82 51
82 52
82 71
82 76
82 81
82 82
83 12
83 24
83 26
83 27
83 49
83 56
83 65
83 67
83 69
83 70
83 77
83 78
83 82
83 212
83 217
83 224
83 225
83 230
83 245
83 263
83 266
83 268
83 269
83 270
83 273
83 284
83 290
83 296
84 68
84 75
84 86
84 90
84 94
84 114
84 115
84 138
84 143
84 148
84 152
84 167
84 183
85 129
85 137
86 5
86 7
86 22
87 1
87 3
87 10
87 11
87 27
88 2
88 4
88 5
88 6
88 13
88 15
88 20
88 26
88 47
88 49
88 69
90 1
90 3
90 9
90 16
90 19
90 22
90 25
90 26
90 35
90 48
90 49
90 65
90 67
90 70
90 76
90 97
90 106
90 107
90 116
90 124
90 127
92 6
92 19
92 36
94 3
94 6
94 8
94 13
94 16
95 1
95 4
95 8
95 9
95 16
95 19
95 21
95 31
95 38
96 2
96 21
96 41
96 44
96 49
96 51
96 52
96 60
97 8
97 11
97 17
97 21
97 35
97 37
97 47
97 50
98 2
98 6
98 9
98 28
98 30
98 36
98 56
98 70
98 73
98 88
98 94
98 95
99 25
99 29
99 38
99 61
99 160
99 161
100 1
102 13
102 20
102 23
102 26
102 29
102 36
102 38
102 43
102 44
103 4
103 21
103 22
103 24
103 25
104 6
104 8
104 9
104 12
104 21
105 1
105 2
105 22
105 28
105 36
105 38
105 42
105 43
105 47
105 56
105 61
105 82
105 88
105 89
105 98
105 103
105 105
105 107
105 110
105 119
105 128
105 129
105 133
105 140
105 144
105 145
106 8
106 21
106 85
106 89
106 90
106 94
106 98
106 110
106 111
106 113
106 117
106 125
106 129
106 135
106 148
106 151
106 164
106 172
106 176
106 186
106 195
106 198
106 209
106 213
106 216
107 51
