1 9
1 12
2 1
2 9
2 12
2 13
2 19
6 19
7 32
7 33
7 34
7 37
7 39
7 41
7 44
7 101
7 105
7 108
7 116
7 117
7 120
7 122
7 125
7 129
7 137
7 138
7 144
7 148
7 149
7 150
7 152
7 172
8 9
8 11
9 4
9 15
9 17
9 28
9 30
9 43
10 2
10 12
10 24
10 27
10 29
10 30
10 38
10 45
10 52
10 53
10 63
10 71
11 3
11 4
11 6
11 13
11 16
11 17
11 19
11 21
11 33
11 40
12 5
12 9
12 22
12 29
12 34
12 37
12 38
12 50
12 52
13 162
13 172
13 179
13 181
13 187
13 188
13 195
15 62
15 64
15 75
15 78
17 8
17 10
17 11
17 17
18 12
18 14
18 19
19 13
20 4
20 5
20 24
20 27
20 37
20 46
20 47
20 48
20 179
20 184
20 190
20 211
20 213
20 214
20 218
20 220
20 226
20 334
20 341
20 348
20 354
20 358
20 360
20 362
20 363
20 365
20 375
20 386
20 387
20 392
20 399
20 401
20 416
20 417
20 422
20 427
20 429
21 122
21 125
21 132
21 136
21 151
21 157
21 162
21 163
21 178
21 180
21 185
21 190
21 191
21 193
21 195
22 3
22 8
22 11
22 16
22 20
22 24
22 25
23 1
23 14
23 27
23 28
23 30
23 34
23 46
23 53
23 55
23 73
23 74
23 76
23 77
23 87
24 2
24 3
24 4
24 8
24 12
24 21
24 27
24 35
24 44
24 61
24 63
24 64
24 66
24 69
24 75
24 84
24 98
24 108
24 117
24 121
25 4
25 7
25 10
25 15
25 17
25 18
25 19
25 22
25 23
25 25
25 27
25 28
25 31
25 39
25 40
25 48
25 49
25 51
25 53
25 54
25 61
25 64
25 69
25 73
25 82
25 83
25 86
25 87
25 101
25 111
25 112
26 13
27 12
28 24
28 25
28 32
28 37
29 5
29 138
29 146
29 149
29 150
29 215
29 218
30 38
31 74
31 75
31 78
31 90
31 94
31 98
31 102
31 103
32 34
32 39
33 57
33 58
33 71
33 74
33 88
33 92
33 95
33 97
33 107
33 108
33 111
34 18
34 27
34 33
34 42
34 47
34 53
34 59
34 63
34 66
34 70
34 75
34 77
34 79
34 88
34 91
34 101
34 105
36 25
36 28
37 15
37 24
37 33
37 44
37 45
37 55
37 57
37 58
37 63
37 70
37 74
37 86
37 93
37 105
37 109
37 115
37 120
37 132
37 141
37 143
37 146
37 147
37 157
37 158
41 28
41 30
41 37
41 39
41 44
41 46
41 47
41 50
41 51
41 54
41 71
41 75
41 86
41 87
41 90
41 94
41 102
41 103
41 113
42 20
42 29
42 33
42 36
42 37
42 41
42 43
42 46
42 47
42 56
42 67
42 79
42 88
42 91
42 95
42 97
42 99
43 17
43 33
43 35
43 36
43 40
43 42
43 46
43 47
43 50
43 179
43 180
43 183
43 193
43 194
43 196
43 201
44 10
44 16
44 155
46 9
46 14
46 26
46 27
46 32
46 33
46 36
46 57
46 59
46 61
46 64
46 82
48 60
48 63
48 104
48 107
48 110
48 111
48 112
48 116
48 118
48 127
48 138
48 141
48 145
48 159
48 163
48 166
50 28
50 30
50 38
50 39
50 41
50 186
50 191
50 194
50 197
50 198
50 200
50 204
50 216
50 224
51 20
51 26
51 33
51 185
51 187
51 199
51 200
51 203
51 217
51 238
51 239
52 2
52 21
52 25
52 40
52 41
52 44
52 50
52 51
52 53
52 65
52 68
52 80
52 90
52 99
52 116
52 120
52 121
52 123
52 147
52 148
52 149
52 151
52 153
52 156
52 171
53 11
53 17
53 18
53 21
53 40
53 41
53 49
55 114
55 117
55 122
55 125
55 126
55 131
55 135
55 140
55 145
55 146
55 153
55 157
55 160
56 5
56 9
56 11
56 15
56 132
56 134
56 141
56 142
56 145
56 146
56 151
57 16
57 17
57 22
57 29
57 33
57 34
57 35
57 44
57 46
57 55
57 59
57 64
57 65
57 67
57 68
57 70
57 86
57 88
57 89
57 98
58 16
58 24
58 26
58 29
58 35
58 40
58 44
58 46
58 52
58 128
58 130
58 136
59 108
59 111
59 134
59 150
60 6
60 10
60 11
60 18
60 19
60 22
60 49
60 54
60 58
60 66
60 73
60 74
60 78
60 81
60 87
60 91
60 93
60 100
60 112
60 124
60 126
60 134
60 141
60 145
60 150
60 154
60 160
60 314
60 317
61 3
61 6
61 17
61 18
61 27
61 30
61 32
61 34
61 43
61 66
61 71
61 75
61 81
61 82
61 84
61 93
61 94
61 108
61 110
61 125
61 126
61 137
61 138
61 140
61 141
61 152
61 194
61 198
61 199
61 200
61 211
61 220
61 225
61 228
61 239
61 248
62 50
62 54
62 56
62 128
62 131
62 136
62 137
62 152
62 153
62 156
62 159
62 161
62 164
62 175
62 179
62 180
62 184
62 194
62 195
62 198
64 12
64 19
64 22
64 31
64 39
64 42
64 43
64 52
64 57
66 36
66 38
66 44
67 6
67 10
67 18
67 90
67 114
67 115
69 19
70 22
70 23
70 32
70 39
70 40
70 72
70 85
70 86
70 89
70 94
70 102
70 117
70 122
70 123
70 136
70 138
70 141
70 158
70 168
70 183
70 194
70 209
70 213
70 220
71 1
71 3
71 7
71 9
71 10
71 13
72 5
72 10
72 14
72 22
72 26
72 30
72 34
72 52
72 57
72 61
72 62
72 63
74 21
74 28
74 30
74 37
74 39
74 41
74 46
74 53
74 59
74 70
74 72
74 76
75 1
75 2
75 10
75 21
75 25
75 42
75 68
75 73
75 79
75 82
75 95
75 98
75 103
75 112
75 116
75 126
76 3
76 4
76 5
76 8
76 9
76 32
76 41
76 42
76 60
76 62
76 65
79 1
79 9
79 12
82 10
83 4
83 6
83 8
83 20
83 23
83 36
83 38
83 48
83 79
83 80
83 82
83 84
83 90
83 94
83 227
83 235
83 236
83 248
83 249
83 250
83 255
83 256
83 258
83 261
83 262
83 263
83 269
83 280
83 283
83 284
83 287
83 288
83 301
83 311
83 313
83 315
83 321
83 329
83 334
84 1
84 3
84 10
84 27
84 35
84 40
84 41
84 51
84 54
84 65
84 70
84 81
84 84
84 89
84 91
84 95
84 96
84 103
84 105
84 107
84 111
84 115
84 122
84 133
84 139
84 144
84 149
84 150
84 151
84 155
84 156
84 159
85 39
85 44
85 56
85 64
85 70
85 76
85 77
85 87
85 103
85 105
85 117
85 123
85 153
85 155
85 158
85 161
85 172
85 175
85 181
85 186
85 205
85 212
85 213
85 216
85 217
85 225
86 1
86 3
86 9
86 15
86 16
86 21
86 31
86 32
86 34
86 39
86 46
86 62
86 73
86 81
86 90
86 92
86 99
86 100
86 108
86 112
86 115
86 120
86 124
88 2
88 4
88 6
88 7
88 15
88 16
88 21
88 34
88 35
88 38
88 41
88 52
88 69
88 70
90 11
90 18
91 83
91 84
91 86
91 220
95 18
95 19
96 4
97 7
97 9
97 11
97 18
97 21
97 23
97 24
97 26
97 27
97 32
97 39
97 40
98 11
98 14
98 28
98 35
98 43
99 24
99 26
99 36
99 45
100 10
100 12
100 23
100 27
100 33
100 34
100 47
101 4
101 6
101 8
101 9
102 31
