1 3
1 6
1 8
1 14
1 44
1 51
2 17
3 55
3 63
3 65
3 66
3 72
3 80
3 90
3 95
3 102
3 104
3 115
4 9
4 16
4 40
4 41
4 45
4 48
4 51
4 57
4 67
4 73
4 94
4 96
4 100
4 102
4 114
5 117
5 118
5 119
5 123
5 125
5 126
5 134
5 136
5 140
5 146
5 152
5 154
6 7
6 13
6 14
6 26
6 33
6 38
8 12
8 17
8 21
8 30
8 40
8 50
8 52
8 55
8 56
8 68
8 71
8 79
8 91
8 121
8 127
8 143
8 145
8 158
8 159
8 163
8 164
8 167
8 170
8 177
8 193
8 200
8 208
8 212
9 8
9 11
9 18
10 10
10 13
10 15
10 16
10 27
10 29
10 31
10 55
10 58
10 81
10 92
10 96
10 112
10 114
10 123
10 132
10 134
10 140
11 11
11 13
11 20
11 24
11 33
11 49
11 65
11 77
11 93
11 101
11 113
11 115
11 120
11 126
11 139
11 140
11 153
11 162
11 171
11 226
11 229
11 232
11 233
11 239
11 240
11 245
11 249
11 256
11 258
11 260
11 279
11 289
12 16
12 17
12 19
12 20
12 27
12 28
12 35
12 41
14 36
14 40
14 44
14 48
14 56
14 62
14 70
14 86
14 89
14 90
15 41
15 50
15 53
15 65
15 66
15 68
15 69
16 1
16 11
16 16
16 30
16 31
16 96
16 98
16 99
16 102
17 2
17 6
18 1
18 8
18 10
18 14
18 16
19 25
19 35
19 36
19 67
19 73
19 78
19 85
19 87
19 92
19 97
19 109
19 113
20 5
20 14
20 15
20 24
20 29
20 62
20 67
20 72
20 73
20 91
20 92
20 95
21 1
21 7
21 10
21 11
21 16
21 32
21 36
21 44
21 57
21 62
21 63
21 66
21 73
21 75
21 85
21 86
21 89
21 116
21 117
21 130
22 1
22 2
22 27
22 32
22 35
22 50
22 51
22 56
24 12
24 18
24 20
24 32
24 36
24 48
24 51
24 54
24 55
24 60
24 66
24 70
25 1
25 4
25 9
25 16
25 17
25 30
25 32
25 39
28 25
28 32
28 33
28 37
28 38
28 40
28 44
28 56
28 65
28 74
28 77
28 100
28 108
28 110
28 112
28 118
28 119
28 126
28 128
28 185
28 187
28 190
28 193
28 194
28 212
28 213
28 214
28 218
28 224
28 232
28 239
29 49
29 61
29 73
29 79
29 80
29 81
29 89
29 100
29 104
29 105
29 106
29 115
29 116
29 117
29 123
29 124
29 127
29 146
29 150
29 153
29 154
29 162
29 164
29 165
29 167
29 169
29 172
29 173
29 176
29 183
29 186
29 187
29 204
29 206
29 219
29 223
29 224
29 227
29 235
29 248
29 251
29 278
29 299
29 300
29 302
29 309
29 313
29 332
29 334
29 335
29 337
29 341
29 350
29 354
29 367
29 372
29 374
29 377
29 389
29 391
29 393
30 4
30 14
30 19
30 21
30 23
33 10
33 16
33 19
34 4
34 13
34 15
34 16
34 17
34 20
34 35
34 36
34 38
34 47
34 53
34 61
34 62
34 68
34 69
34 72
34 74
34 78
36 86
36 88
36 109
36 115
36 118
36 127
36 132
36 135
36 138
36 140
36 145
36 146
36 154
36 283
36 286
36 291
36 313
36 317
36 318
36 322
36 327
37 3
37 8
37 9
37 12
37 13
37 16
37 24
37 27
37 34
37 36
37 38
37 39
37 56
37 57
37 66
37 67
37 78
37 85
37 87
37 95
39 35
40 32
40 34
40 38
40 39
40 40
40 41
40 46
40 49
40 179
40 192
43 49
43 58
43 71
43 73
43 74
43 79
44 107
44 108
44 113
44 121
44 257
44 275
45 2
45 5
45 8
45 274
45 275
46 12
46 23
46 32
46 40
46 42
46 50
46 52
46 66
46 71
46 72
46 76
46 78
46 79
46 80
47 3
47 4
47 7
47 20
47 21
48 4
49 10
49 12
49 17
49 24
49 29
49 33
49 34
49 40
49 43
49 58
49 64
49 71
49 76
49 87
49 94
49 98
49 110
49 115
49 118
49 126
49 129
49 141
49 150
49 153
49 154
49 156
49 165
50 15
50 19
50 21
50 26
50 38
50 39
50 43
50 59
50 78
50 81
52 15
52 16
52 17
52 19
52 28
52 32
52 36
52 41
52 58
52 59
52 73
53 5
53 55
53 57
53 59
53 73
53 76
53 78
53 83
53 90
53 91
53 93
53 94
53 97
53 102
53 106
53 113
53 116
53 124
53 130
53 131
53 134
53 138
53 146
53 160
53 165
53 171
53 184
53 189
53 191
53 198
53 329
53 330
54 6
54 8
54 15
54 16
54 29
54 46
54 58
54 65
54 69
54 71
54 87
54 89
54 90
54 95
54 96
54 105
54 106
54 108
54 111
54 123
54 134
55 2
55 15
55 16
55 17
55 40
55 41
55 54
56 9
56 35
56 38
56 45
56 47
56 48
56 59
56 61
56 118
56 122
56 126
56 148
56 153
56 154
56 158
56 161
56 167
56 172
56 173
57 7
59 1
59 2
59 4
59 11
59 19
59 23
59 31
59 47
59 72
59 80
59 81
59 91
59 102
59 105
59 114
60 7
60 17
60 31
60 32
60 42
60 49
60 50
60 51
60 95
60 102
60 121
60 124
60 132
60 150
60 153
60 162
60 166
60 168
60 173
60 184
60 198
60 199
60 333
60 337
60 338
60 343
60 346
60 357
60 366
60 373
60 382
60 389
60 395
60 403
61 53
61 80
61 103
61 106
61 110
61 118
61 119
61 140
61 150
61 152
61 153
61 160
61 167
61 175
61 176
61 190
61 194
61 213
61 218
61 221
61 226
61 235
61 237
61 241
61 243
61 246
61 247
61 255
61 258
61 261
62 4
62 10
62 12
62 18
62 20
62 28
62 30
62 31
62 39
62 58
62 60
62 62
62 72
62 77
62 87
62 89
62 93
62 97
62 105
62 109
62 116
63 11
63 21
63 23
63 44
63 49
63 50
64 10
64 19
65 14
65 15
68 4
68 6
68 9
69 89
69 93
69 99
69 101
69 113
69 114
69 115
69 119
69 121
69 124
69 134
69 141
69 144
69 151
69 154
69 156
69 157
69 177
70 7
70 13
70 16
70 21
70 22
70 33
70 39
70 46
70 47
70 64
70 76
70 78
70 86
70 90
70 96
70 99
70 101
70 120
70 126
70 130
70 142
70 147
70 149
70 153
70 156
71 4
71 5
71 7
71 11
71 12
71 13
71 15
71 17
71 32
71 33
71 35
71 38
71 39
71 42
71 44
71 49
71 68
71 76
71 80
71 92
71 94
71 95
71 98
71 104
71 105
72 8
72 11
72 13
73 33
73 36
75 76
75 79
75 83
76 2
76 3
76 16
76 22
76 37
76 40
76 50
76 55
76 58
76 59
76 68
76 77
76 84
76 97
76 103
76 105
76 106
76 107
76 109
76 110
76 123
76 125
76 127
76 130
76 132
76 137
76 144
76 153
76 159
76 168
76 169
76 176
76 183
76 185
76 241
76 242
76 252
76 254
76 262
76 268
77 1
77 11
77 208
77 331
78 15
78 34
80 74
80 84
80 101
81 23
81 40
81 41
81 42
81 51
81 60
81 63
81 65
81 69
81 75
81 76
82 28
82 29
82 41
82 64
82 73
82 74
82 76
82 81
82 82
82 83
82 85
82 90
85 47
85 51
85 52
85 56
85 61
85 64
87 18
87 19
88 2
88 3
88 7
88 9
88 10
89 21
89 22
89 27
90 26
90 29
90 32
90 44
90 49
90 52
90 59
90 75
90 81
90 85
90 94
90 97
90 108
90 115
90 119
90 124
90 128
91 1
91 3
91 12
91 41
91 42
91 43
91 46
91 50
91 52
91 54
92 3
92 8
92 15
92 17
92 22
92 23
92 25
92 28
92 37
92 39
92 41
92 47
92 49
92 57
92 58
