2 14
2 16
2 17
2 27
2 32
2 36
2 48
2 50
2 55
2 57
2 62
2 63
2 67
2 68
2 70
2 117
2 118
2 132
2 139
2 147
3 58
3 71
3 75
3 88
3 96
3 105
3 114
3 116
3 120
3 135
3 137
3 153
3 186
3 189
3 196
3 197
3 199
3 204
3 207
3 209
4 40
4 51
4 52
4 54
4 60
4 70
4 73
4 89
4 95
4 96
4 101
4 106
4 117
4 121
4 154
4 155
4 171
4 172
4 174
4 176
4 178
4 179
4 180
4 181
4 190
4 196
4 201
4 262
5 8
5 15
5 17
5 25
5 31
5 41
5 50
5 51
5 69
5 71
5 74
5 86
5 93
5 97
5 102
5 103
5 104
5 120
5 130
5 132
5 142
5 166
5 180
5 189
5 190
5 193
5 199
5 200
5 216
5 220
5 221
5 225
5 230
5 235
5 237
5 251
6 1
6 2
7 4
7 6
7 10
7 11
7 35
7 37
7 46
7 48
7 50
7 51
7 73
7 75
7 76
7 81
7 88
7 91
8 1
8 4
11 11
11 14
11 29
11 30
11 33
11 35
11 44
11 48
11 52
11 56
11 57
11 62
11 65
11 66
11 70
11 76
12 5
12 6
12 14
12 15
12 19
12 23
12 45
12 52
12 63
12 64
12 71
12 86
12 92
12 98
12 99
12 107
12 112
12 119
12 122
12 132
12 137
12 144
12 145
12 152
12 155
12 158
12 159
12 166
12 174
12 175
12 180
12 181
12 192
12 234
12 236
12 239
12 242
12 247
12 252
12 256
12 259
12 264
12 265
12 270
12 280
12 295
12 296
12 309
12 318
12 320
12 325
12 336
12 341
12 346
12 347
12 356
12 357
12 359
12 360
12 366
12 367
12 373
12 378
12 381
12 382
12 384
12 396
12 404
13 24
13 27
14 5
14 11
14 23
14 29
14 31
15 8
15 9
15 10
15 12
15 21
15 27
15 32
15 34
15 42
15 43
15 45
15 74
15 78
15 82
15 85
15 100
15 106
15 161
15 165
16 4
16 16
16 33
16 41
16 44
16 47
16 48
16 54
16 67
16 74
16 75
16 78
16 82
16 96
16 106
16 112
16 113
16 117
16 169
16 172
16 173
16 177
16 179
16 186
16 192
17 1
17 15
17 23
17 27
17 158
17 163
17 165
17 176
17 178
17 180
17 186
17 190
17 191
17 197
18 49
19 1
19 6
19 11
19 12
19 15
19 18
19 20
19 22
19 23
19 25
19 29
20 2
20 3
20 10
20 11
20 17
20 24
20 38
20 39
20 44
20 45
20 52
20 60
20 71
20 86
20 90
20 91
20 94
22 9
22 21
22 35
22 37
22 38
22 41
22 60
22 68
22 71
22 76
22 81
22 85
22 89
22 95
22 97
22 100
22 101
22 102
22 108
22 109
22 122
22 124
22 127
22 130
22 138
22 142
22 146
22 150
22 152
22 154
22 158
22 160
23 24
24 1
24 2
24 6
24 16
24 21
24 35
24 42
25 3
25 4
25 5
25 11
25 13
25 16
25 28
25 34
25 36
25 43
25 46
25 50
25 69
25 73
25 74
25 102
25 103
25 104
25 107
25 109
25 112
25 114
25 140
25 151
27 3
27 4
27 6
27 10
27 11
28 12
28 20
28 22
28 27
28 41
28 47
28 50
28 53
28 56
28 67
28 91
28 100
28 103
28 109
28 114
28 115
28 124
28 156
28 194
28 198
28 199
28 200
28 201
28 202
28 203
28 208
30 1
31 21
31 31
31 47
31 56
31 59
31 62
31 63
31 66
31 68
31 74
31 75
31 98
31 104
31 105
31 107
31 121
31 123
31 124
31 127
31 130
31 151
31 165
31 168
31 181
31 185
31 192
31 200
31 209
31 216
31 218
31 225
31 227
31 243
31 249
31 252
32 1
32 8
32 22
32 25
32 28
33 6
39 44
39 59
39 63
39 68
39 69
39 82
39 83
39 96
39 102
39 103
39 110
39 117
39 127
39 132
39 133
40 56
40 78
41 5
41 8
41 19
41 21
41 24
41 30
41 36
41 43
41 45
41 60
42 3
42 4
42 5
42 10
42 12
42 14
42 27
42 28
42 31
43 29
43 64
44 4
44 5
44 11
44 20
44 21
45 5
45 8
45 18
45 23
45 26
45 28
45 32
45 46
45 50
45 53
45 60
46 13
47 2
47 3
47 50
47 53
47 54
47 58
47 60
48 8
48 15
48 24
48 33
48 34
48 47
48 56
48 62
48 95
48 98
48 106
48 109
48 111
48 112
48 118
48 119
48 123
48 131
48 134
48 137
48 139
48 141
48 144
48 158
48 159
49 12
49 15
49 31
49 38
49 45
49 49
49 50
49 57
49 66
49 67
49 68
50 3
52 6
52 67
52 68
52 71
52 72
52 79
52 83
52 84
52 94
52 95
52 100
52 105
52 117
52 123
52 132
53 19
53 21
53 27
53 33
53 35
53 37
53 41
53 44
53 51
55 18
55 29
56 1
56 8
56 11
56 16
56 25
56 53
56 64
56 75
56 76
56 78
56 96
56 104
56 106
56 108
56 116
56 121
56 131
56 132
56 139
56 140
57 1
57 4
57 11
57 14
57 17
57 19
57 31
57 38
57 44
57 45
57 50
58 1
59 1
59 3
60 3
60 75
60 76
60 77
60 132
61 5
61 8
61 95
61 98
61 107
61 108
61 117
62 3
62 10
62 14
62 18
62 19
62 20
63 4
63 5
63 9
63 10
63 20
63 23
63 28
63 29
63 58
63 59
63 62
63 81
63 84
63 91
64 1
64 2
64 11
64 12
64 14
66 34
66 35
66 39
66 43
66 45
66 47
66 52
66 63
66 64
66 72
66 73
66 75
68 3
68 5
68 6
68 33
68 41
68 42
68 44
68 47
68 48
68 54
68 58
68 66
68 68
68 69
68 73
68 76
68 77
68 96
68 97
68 104
68 105
68 106
68 109
68 111
68 112
68 118
68 122
68 123
68 132
68 133
68 135
69 33
69 45
69 48
69 56
69 59
69 75
72 15
72 22
72 31
72 36
72 43
72 58
72 66
72 90
72 91
73 49
73 59
73 62
73 63
73 64
73 80
73 83
73 91
74 2
74 7
74 11
74 13
74 14
74 15
74 18
74 27
74 31
74 38
74 43
74 57
74 58
74 62
74 66
74 95
74 96
74 99
75 1
76 16
76 20
76 23
76 26
76 27
76 30
76 35
79 28
79 29
79 32
79 36
79 38
79 55
79 59
79 67
79 81
79 91
79 96
79 98
79 101
79 102
79 107
79 113
79 126
79 130
79 132
79 143
79 144
79 145
79 156
79 157
79 165
79 172
79 173
79 175
79 178
79 181
79 188
79 194
79 198
80 20
80 25
80 37
80 43
81 9
81 18
81 21
81 24
81 31
81 36
81 40
81 47
81 52
81 53
81 61
81 69
81 74
81 84
81 85
81 92
81 112
81 118
82 8
82 9
82 10
82 15
82 17
82 42
82 47
82 49
82 52
82 53
82 55
82 56
82 57
82 61
82 71
82 78
82 79
82 85
82 88
82 90
82 97
82 101
83 14
83 16
83 17
83 18
83 21
83 23
83 46
83 50
83 76
83 79
83 80
83 82
83 92
83 111
84 2
84 10
84 19
85 1
85 3
85 11
85 12
85 13
85 19
85 21
85 27
85 30
85 38
85 41
86 116
86 118
86 121
86 129
86 131
86 159
86 162
87 4
87 8
87 9
87 11
87 17
87 18
88 4
88 7
88 10
89 3
89 8
89 13
89 20
89 74
89 77
89 80
89 81
89 92
89 100
89 112
89 123
89 136
91 35
91 50
91 53
91 61
91 64
91 74
91 75
91 91
91 97
91 106
91 111
91 127
91 134
91 135
91 148
91 149
91 151
91 165
91 166
91 169
91 172
91 179
91 180
91 184
91 189
91 199
91 201
91 210
91 215
92 2
92 20
92 21
92 22
92 25
92 34
92 36
92 42
93 22
93 27
93 32
93 33
93 39
93 44
93 124
93 128
93 130
94 10
94 23
94 34
94 48
94 52
94 63
94 65
94 75
94 79
94 84
95 45
95 46
95 50
95 57
95 58
95 59
95 61
95 69
95 72
95 79
95 80
95 88
95 109
95 113
95 118
95 121
95 127
95 132
95 134
95 138
95 156
95 158
95 168
95 226
95 230
95 238
95 247
95 250
95 262
95 267
95 274
95 278
95 299
95 301
95 302
95 409
95 411
96 1
96 2
96 7
96 8
96 9
96 15
96 17
96 18
96 20
96 23
96 25
96 41
96 49
96 53
96 54
96 68
96 69
97 14
97 15
97 18
97 27
97 30
97 34
97 36
97 41
97 46
97 52
98 8
98 15
98 44
99 3
99 15
99 40
99 41
99 43
99 47
99 50
99 52
99 58
99 66
99 69
99 83
99 92
99 96
99 97
99 100
99 115
99 119
99 120
99 122
99 128
99 178
99 197
99 212
99 215
101 1
101 3
101 5
101 16
101 17
101 21
101 28
101 30
101 32
101 33
102 4
102 5
102 20
102 21
102 27
102 28
102 44
102 51
104 101
104 104
104 110
104 112
104 114
104 115
104 118
104 120
104 129
104 131
104 142
104 145
104 147
105 4
105 5
105 10
105 11
105 13
106 1
106 13
106 16
106 18
106 23
106 26
106 96
107 71
