1 8
1 12
1 28
1 40
1 56
1 63
2 22
2 24
3 4
3 6
3 19
3 23
3 36
3 38
3 43
4 8
4 17
4 19
4 20
4 24
4 32
4 44
4 47
4 50
4 53
4 60
4 62
4 70
4 79
4 87
4 122
4 131
4 172
4 176
6 17
6 22
6 26
6 27
6 33
6 38
6 49
7 18
7 20
7 22
7 24
7 26
7 32
7 33
7 49
7 52
7 61
7 72
7 97
7 98
7 103
7 109
7 112
7 119
7 121
7 125
7 131
7 134
7 136
7 139
7 142
7 143
7 145
7 149
7 162
7 164
7 171
8 123
8 129
8 131
8 144
8 148
8 152
8 157
8 162
8 163
8 165
9 1
9 4
9 9
9 11
9 17
9 21
9 25
9 29
9 31
9 32
9 38
9 42
9 57
9 63
9 171
9 187
9 193
9 195
9 198
9 199
9 204
10 2
10 8
10 12
10 28
10 32
10 35
10 41
10 50
10 76
11 2
11 5
11 9
12 10
12 12
12 23
12 35
12 39
12 54
12 59
12 92
12 94
12 152
12 160
12 170
13 3
13 10
13 11
13 19
14 125
14 128
15 1
15 9
15 16
15 23
15 27
15 28
15 38
15 44
15 52
16 2
16 8
16 10
16 15
16 84
16 89
16 95
16 103
18 26
18 27
18 30
18 38
18 44
18 48
18 54
18 55
18 56
18 59
18 60
21 6
21 13
21 14
21 16
21 23
21 25
21 27
21 42
22 8
22 23
22 25
22 123
22 136
22 140
22 141
22 161
23 9
23 12
23 13
23 16
23 20
23 27
24 2
24 4
24 5
24 18
24 19
24 22
24 23
24 25
24 47
24 48
24 49
24 54
24 64
24 72
24 77
24 81
24 94
24 99
24 100
24 115
24 116
24 119
24 120
24 124
24 126
24 134
24 199
24 214
24 233
26 6
26 25
26 33
26 40
26 44
26 45
26 52
26 53
26 56
26 61
26 80
26 83
26 88
26 92
26 94
26 101
26 108
26 110
26 111
26 128
26 130
26 132
26 135
26 137
26 138
26 144
26 152
29 9
30 56
31 2
32 6
32 9
33 2
33 16
33 24
33 29
35 5
35 10
35 12
35 15
35 49
35 54
35 55
35 63
35 85
35 94
35 102
35 104
35 107
35 115
35 119
35 126
35 137
35 139
35 140
36 26
36 73
36 75
36 87
37 1
37 4
37 7
37 13
37 14
38 3
38 20
38 34
38 40
38 54
38 66
38 70
38 75
38 76
38 81
38 83
38 84
38 93
38 97
38 99
38 106
38 112
38 113
38 116
39 20
39 22
40 70
40 79
40 83
40 99
40 100
40 103
40 105
40 113
41 1
41 7
41 11
41 18
41 40
42 5
42 25
42 27
43 24
43 30
43 31
43 33
43 48
44 3
44 11
44 18
45 36
45 62
45 69
45 70
45 77
47 16
47 21
47 23
47 30
47 31
47 40
47 44
47 45
48 4
48 24
48 29
48 37
48 43
48 88
50 89
50 107
50 108
50 116
50 133
50 135
50 142
50 145
50 147
50 152
50 159
50 164
50 166
50 179
50 193
50 198
50 322
50 327
50 329
50 347
50 361
50 364
50 374
50 375
50 379
50 383
50 384
50 392
50 394
51 14
51 15
51 23
51 24
51 27
51 31
51 35
51 37
51 41
51 44
51 59
51 60
51 62
51 64
51 65
51 79
51 87
51 127
52 68
52 91
52 110
52 111
52 113
52 122
53 2
53 9
53 11
53 18
53 19
53 23
53 26
54 72
54 77
56 10
56 21
56 25
56 28
56 33
56 41
56 55
56 56
56 58
56 63
56 68
56 70
56 80
56 84
56 99
56 106
56 108
58 3
58 8
58 18
58 19
58 69
58 73
58 74
58 84
58 91
58 102
58 108
58 112
58 126
58 131
58 133
58 177
58 178
58 179
58 184
58 197
58 201
58 212
58 216
58 221
59 7
59 11
59 21
59 36
59 41
59 46
59 47
59 177
59 181
59 189
59 190
60 1
60 2
60 13
61 2
61 3
61 6
61 9
61 15
61 19
61 28
61 29
61 38
61 49
61 66
62 43
62 52
62 63
62 70
62 71
62 72
62 74
62 80
62 91
62 97
62 106
62 125
62 126
63 12
63 19
64 3
64 5
64 6
64 16
64 24
64 48
65 17
65 40
65 46
65 48
65 60
65 67
65 70
65 71
65 77
67 16
67 19
67 41
67 47
68 7
69 8
69 9
69 11
69 13
69 14
69 26
69 29
69 36
69 38
69 39
69 42
69 46
69 47
69 48
69 55
69 185
69 191
69 197
69 201
69 207
69 211
69 221
69 222
69 244
71 1
71 10
71 17
71 18
71 20
71 24
71 26
71 32
71 33
71 34
71 38
71 43
71 50
71 52
71 53
71 67
71 95
71 108
71 122
71 127
71 138
72 14
72 15
72 24
72 31
72 38
72 42
72 53
72 60
72 69
72 72
72 76
72 92
72 98
72 108
72 109
72 110
72 123
72 132
72 142
72 143
72 146
72 151
72 154
72 276
72 286
73 4
73 5
73 17
73 25
73 26
73 28
73 34
74 3
76 104
76 106
76 114
76 116
76 126
76 129
76 130
76 155
76 156
76 162
76 168
76 172
76 176
76 179
76 181
76 185
76 197
76 198
76 209
76 220
76 223
76 235
76 238
76 242
77 6
77 7
78 1
78 14
78 17
78 18
78 20
78 29
79 2
79 5
79 8
79 18
79 72
79 73
79 81
79 82
79 87
79 88
79 90
79 100
79 101
79 106
79 108
79 113
79 119
79 123
79 128
79 129
79 134
79 135
80 11
80 22
80 25
80 26
80 39
80 40
80 50
81 7
81 23
81 26
81 48
81 57
82 48
82 52
82 56
82 60
82 66
82 67
83 10
83 13
83 14
83 20
83 25
83 36
83 37
83 40
83 51
83 54
83 56
83 66
83 70
83 72
83 73
83 76
83 81
84 2
84 3
84 9
84 10
84 14
84 17
84 19
84 24
85 4
85 11
86 3
86 5
86 15
86 16
86 29
86 31
86 33
86 43
86 48
87 4
87 8
87 10
87 13
87 14
87 18
87 24
87 28
87 35
87 46
87 47
87 60
87 64
87 69
87 78
87 85
87 95
87 102
87 108
87 113
87 116
87 118
87 121
87 122
87 136
87 139
87 154
87 155
87 168
87 169
87 170
87 173
89 31
92 68
92 70
92 80
92 92
92 94
92 105
92 123
92 150
92 151
92 157
92 159
92 162
92 178
92 180
92 187
92 188
92 190
92 193
92 198
92 199
92 202
93 5
93 6
93 8
93 18
93 25
93 33
93 37
94 1
94 6
94 13
94 15
94 26
94 31
98 18
98 21
98 22
98 33
98 35
98 38
98 51
98 59
98 62
98 69
98 70
98 87
98 89
98 90
98 95
98 110
98 112
98 120
98 122
98 125
98 126
101 18
101 22
101 26
101 28
101 162
102 1
102 2
102 10
103 2
103 4
103 10
103 25
103 51
103 54
103 60
103 65
103 69
103 74
103 77
103 101
103 104
103 106
103 110
103 113
103 115
103 135
103 138
103 144
103 150
103 152
103 155
103 168
103 175
103 176
103 181
103 216
103 219
103 222
103 223
104 1
104 2
104 5
104 8
104 15
104 16
104 21
104 22
104 28
104 30
104 38
105 20
105 21
105 23
105 33
106 9
106 15
106 18
106 85
106 90
106 93
106 94
106 104
106 113
106 117
106 118
106 182
106 183
106 184
106 185
106 190
106 198
106 200
106 201
106 203
106 207
106 208
106 215
106 226
106 237
106 259
106 261
107 7
108 1
108 20
108 32
108 39
109 2
109 3
109 63
109 68
109 75
109 80
109 81
109 100
109 113
109 117
109 127
109 138
109 141
109 146
109 157
109 167
109 168
109 178
109 179
109 184
110 13
110 18
110 20
110 22
110 26
110 36
110 40
110 56
110 60
110 70
110 74
110 77
110 78
110 82
110 96
110 101
110 105
110 107
110 110
110 126
110 196
110 199
110 208
110 214
110 216
110 227
110 249
110 252
110 260
110 271
111 2
111 3
111 4
111 7
111 9
112 7
112 8
112 11
112 15
112 21
112 27
112 30
112 31
112 33
113 8
113 27
113 28
113 43
113 44
113 47
113 59
113 66
113 75
