1 7
2 53
2 65
2 70
2 98
2 107
2 108
2 112
2 113
2 117
2 118
2 120
2 123
2 124
2 136
2 138
2 142
2 143
2 145
2 166
2 170
2 176
2 181
2 182
2 191
2 197
2 212
2 223
2 228
2 235
2 236
2 239
2 241
2 243
2 246
2 249
2 250
3 59
3 63
4 84
4 87
4 100
4 105
4 106
4 108
4 117
4 118
5 6
5 17
5 23
5 24
5 28
5 86
5 87
5 90
5 99
5 103
5 107
5 108
5 111
7 1
8 1
8 11
8 26
8 42
8 44
8 45
8 54
8 56
8 187
8 189
8 194
8 201
8 204
8 205
8 207
8 208
8 222
8 229
8 231
8 234
8 235
8 238
8 239
8 253
8 256
9 2
11 52
11 53
11 55
11 57
11 68
11 69
11 72
11 76
11 83
11 98
11 99
11 101
11 103
11 111
11 124
11 127
12 111
12 119
12 121
12 122
12 123
12 131
12 132
12 133
12 135
12 140
12 156
13 1
13 9
13 12
13 25
13 27
13 29
13 48
13 51
13 52
13 55
13 66
13 86
13 101
14 6
14 11
14 19
14 21
14 27
14 30
14 37
14 44
14 45
14 47
15 12
15 32
15 44
15 51
15 69
15 74
15 75
15 82
15 84
15 91
15 92
15 119
15 121
15 135
15 136
15 137
15 138
15 141
15 144
15 148
15 154
16 2
16 5
16 15
16 30
16 39
16 45
16 53
16 64
16 66
16 72
16 74
16 75
16 81
16 83
16 92
16 100
16 108
16 109
16 114
16 122
17 3
17 5
17 7
17 12
18 4
19 58
19 61
19 62
19 65
19 71
19 72
21 56
21 83
21 88
21 96
21 97
21 101
21 105
21 110
21 112
21 113
21 115
21 125
22 10
22 21
23 11
23 13
23 14
23 16
23 17
23 25
23 31
23 34
25 1
25 5
25 8
25 21
25 25
25 28
25 31
25 43
25 44
25 46
26 1
27 6
27 8
27 13
27 15
27 17
27 26
27 31
27 34
27 35
27 38
27 39
27 41
27 61
27 63
27 64
27 65
27 76
27 78
27 81
28 109
28 112
28 115
28 116
28 121
28 122
29 4
29 9
29 10
29 16
31 3
31 6
31 22
31 38
31 45
32 7
32 8
32 10
32 17
32 18
32 23
32 24
32 41
32 43
32 51
32 52
32 61
32 64
32 76
33 20
33 21
33 28
33 34
34 8
34 13
34 14
34 22
34 29
34 31
34 48
34 50
34 64
34 67
34 79
35 1
35 3
35 13
35 15
35 18
35 95
35 96
35 109
35 118
35 120
35 125
35 126
35 144
35 147
35 148
35 153
35 157
35 158
36 18
36 21
36 25
37 1
38 1
38 11
38 13
38 15
38 17
38 30
38 39
38 43
38 51
38 54
38 63
38 67
38 81
38 84
38 90
38 102
38 121
38 129
38 137
38 144
38 145
38 149
38 150
38 160
38 162
38 172
38 173
39 2
39 28
39 29
39 98
39 121
39 139
39 141
39 149
39 154
39 155
39 157
40 3
40 12
40 16
40 17
40 18
40 28
40 39
40 43
40 45
41 62
41 63
41 64
41 82
42 8
42 10
42 17
42 20
42 22
43 16
44 1
44 22
44 29
44 36
44 47
44 53
44 64
44 69
44 73
44 77
44 80
44 87
44 93
44 100
44 104
44 106
44 111
44 113
44 114
44 115
44 119
44 123
44 125
44 128
44 133
44 139
44 140
44 144
44 147
44 156
44 171
44 177
44 180
44 196
44 201
44 220
44 222
45 9
45 10
45 12
45 14
45 19
45 28
45 30
45 33
45 34
45 48
45 72
45 87
45 96
45 99
45 100
45 124
45 129
45 131
45 132
46 5
46 13
46 15
46 18
46 21
46 23
46 29
46 30
46 38
46 40
46 41
47 3
47 4
47 22
47 31
47 40
47 68
47 74
47 75
47 79
47 80
47 89
47 194
47 217
47 222
47 227
47 234
48 17
49 6
49 11
49 59
49 65
49 71
49 72
49 99
49 110
49 111
49 113
49 116
49 118
49 123
49 126
49 130
49 132
49 143
49 146
49 149
49 161
49 168
49 176
49 177
49 180
49 190
49 193
49 201
49 202
49 203
49 231
49 233
49 241
49 252
49 255
49 262
49 276
49 289
49 299
49 318
49 319
49 323
49 326
49 329
49 330
49 331
50 110
50 111
50 113
50 115
50 116
50 126
51 1
51 9
51 12
51 16
51 34
51 37
51 44
51 45
51 49
51 92
51 113
51 144
51 147
51 148
51 203
51 208
51 211
51 217
51 218
51 237
51 238
51 239
51 247
51 256
51 259
51 264
51 269
51 272
52 8
52 11
53 16
53 30
53 54
53 63
53 85
54 2
54 3
54 7
54 9
54 10
54 22
54 28
54 31
54 37
54 41
54 47
54 48
54 50
54 52
54 60
54 65
54 109
54 110
54 117
54 120
54 132
54 138
54 147
54 148
54 153
54 166
54 167
57 46
57 53
57 54
57 57
57 60
57 63
57 66
57 68
57 74
57 77
57 83
57 85
57 86
57 90
57 92
57 95
57 100
57 103
57 112
57 120
57 125
57 180
57 184
57 190
57 191
57 195
57 197
57 205
59 63
60 1
60 16
60 22
60 25
60 32
60 64
60 67
60 70
60 71
60 82
61 17
61 32
61 39
61 43
61 46
61 47
61 56
61 61
61 69
61 73
61 83
61 107
61 116
62 25
62 32
62 37
62 42
62 43
62 175
62 177
62 179
62 180
62 185
62 187
62 190
62 196
62 197
62 198
62 207
62 209
62 217
62 222
62 228
62 229
62 231
62 232
62 239
62 240
62 248
62 258
62 276
62 277
62 292
62 295
62 300
62 304
62 315
62 317
63 3
63 7
63 52
63 57
63 62
64 1
64 5
64 16
64 17
64 20
64 44
64 46
64 47
64 59
64 67
64 68
64 70
64 74
66 36
66 42
67 5
67 6
67 12
67 16
67 18
67 25
67 38
68 109
68 115
68 122
68 123
68 134
68 136
68 137
68 138
68 141
68 142
68 154
68 155
68 158
68 165
68 169
68 171
68 181
68 277
68 282
68 283
68 299
68 312
68 313
68 315
68 318
68 319
68 320
68 327
69 2
69 9
69 11
69 13
70 5
70 11
70 14
70 145
70 149
70 161
70 169
70 175
70 177
70 187
70 190
70 191
70 193
70 197
70 206
70 209
70 218
70 226
70 227
70 233
70 245
70 247
70 255
70 257
70 260
70 261
70 266
70 287
70 294
70 299
70 308
70 309
70 311
70 320
70 323
70 353
70 360
70 363
70 367
70 368
70 369
70 373
71 93
73 31
73 34
73 38
73 43
74 7
74 16
74 23
74 29
74 33
74 34
74 46
74 54
74 60
75 1
75 4
75 7
76 5
76 8
76 57
78 1
78 9
78 10
78 18
78 24
78 34
78 37
78 38
78 39
78 41
78 42
78 45
78 46
78 47
78 60
78 61
78 69
78 73
78 74
78 82
78 85
78 92
78 112
78 113
78 118
78 121
79 4
79 10
79 23
79 24
79 37
79 48
79 49
79 51
79 56
79 63
79 71
79 77
79 85
79 93
79 95
80 1
80 4
80 12
80 14
80 16
80 18
81 22
81 23
81 25
81 28
81 35
81 47
81 49
81 50
81 55
81 67
82 4
82 12
82 14
82 15
82 23
82 34
82 43
83 6
84 7
84 9
84 23
85 6
85 30
85 34
85 41
85 43
85 49
85 51
85 55
85 60
85 65
86 3
86 14
86 15
86 91
86 93
86 105
86 108
87 1
87 3
87 9
87 10
88 1
89 2
89 4
89 10
89 13
89 17
89 20
89 26
89 28
89 38
89 39
89 45
89 63
90 110
90 113
90 114
90 116
90 120
90 123
90 126
90 130
90 133
90 135
90 141
90 143
90 162
90 163
90 167
90 168
90 180
90 181
90 184
90 188
90 198
90 199
90 200
90 202
90 209
90 214
90 221
90 222
90 224
90 226
90 231
90 235
90 243
90 249
90 253
90 259
90 260
90 267
90 271
90 287
90 289
90 293
90 313
90 316
91 6
91 23
91 25
93 14
98 12
98 23
98 27
98 32
98 37
98 44
98 45
98 54
98 59
98 71
98 78
98 80
98 82
98 91
98 97
98 98
98 102
98 103
98 104
98 108
98 111
98 119
98 121
98 127
99 29
100 1
100 8
100 16
100 28
100 31
100 32
101 1
101 3
101 5
101 10
101 15
101 29
101 32
101 36
101 48
101 109
101 112
101 122
101 124
101 128
101 129
101 134
101 135
101 141
103 11
103 14
103 15
103 16
103 18
103 37
103 38
103 45
103 59
104 76
104 78
105 10
105 13
105 25
105 27
105 32
105 39
105 40
105 42
105 43
105 69
105 70
105 73
105 74
105 87
105 88
105 108
105 113
105 116
105 122
105 126
105 128
105 131
