1 1
1 3
1 6
1 7
1 14
1 25
1 26
1 27
1 28
1 31
1 32
1 35
1 47
1 53
1 55
1 56
1 210
1 213
1 214
1 215
1 216
1 224
1 225
1 236
1 237
1 242
1 249
1 253
1 264
1 265
1 266
1 271
1 287
1 291
1 292
1 293
1 303
1 306
1 309
1 317
1 328
1 330
1 341
1 345
1 353
1 356
1 358
1 364
1 368
1 369
1 371
1 374
1 377
1 386
1 387
1 389
1 390
1 392
1 396
1 398
5 3
5 6
5 8
5 13
5 17
5 31
5 32
5 39
5 41
5 49
5 52
6 14
6 15
6 22
6 29
6 35
6 44
6 60
6 62
6 72
6 73
6 76
6 79
6 87
6 88
6 93
6 111
6 112
6 115
6 118
6 140
6 145
6 148
6 150
7 16
7 17
7 40
7 49
7 50
7 55
7 61
7 62
7 66
7 73
7 76
7 82
7 85
7 86
7 97
7 100
7 136
7 139
7 148
7 154
7 158
7 160
7 172
7 176
7 181
7 183
7 192
7 195
7 199
7 201
7 204
7 211
7 227
7 230
7 238
7 241
7 242
8 5
8 147
9 21
9 28
9 30
9 42
9 48
9 53
9 59
9 62
9 67
9 76
9 83
9 85
9 97
9 98
9 102
9 112
9 114
10 9
10 10
10 14
11 17
11 20
11 30
11 34
11 36
11 51
11 70
11 77
11 86
11 97
12 6
12 8
12 18
12 24
12 27
12 28
12 33
12 50
12 51
12 52
12 58
12 60
12 69
12 75
12 81
12 210
12 214
12 223
12 227
12 231
12 238
12 256
12 266
12 269
13 116
13 129
13 132
13 141
13 155
13 163
13 167
13 168
13 178
14 2
14 8
14 17
14 21
14 23
14 94
15 5
15 9
15 12
15 28
16 48
16 49
16 53
16 55
16 56
16 63
16 65
16 73
16 83
16 85
16 90
16 96
16 97
16 106
16 107
16 115
16 123
16 124
16 127
17 39
17 41
17 49
17 54
17 117
17 122
18 1
18 9
18 20
18 23
18 32
18 35
18 57
19 1
19 6
19 13
19 14
19 20
19 23
19 27
19 30
19 34
19 36
19 39
24 9
24 15
24 18
24 19
24 26
24 37
24 45
24 48
24 49
24 53
24 54
24 64
24 71
24 80
24 82
24 83
24 87
27 71
27 73
28 2
29 9
31 39
31 63
31 67
31 68
31 76
31 86
31 219
31 226
32 34
32 39
32 41
33 83
33 84
33 88
33 89
33 95
33 103
33 114
33 123
33 124
33 137
33 174
33 175
33 176
33 179
33 190
33 199
33 201
33 206
34 3
34 4
35 10
35 15
35 19
35 23
35 32
35 53
36 1
36 3
36 7
36 13
36 14
36 18
36 25
36 29
36 33
36 39
36 45
36 50
36 61
36 62
36 63
36 66
36 75
36 78
36 80
36 87
36 95
36 99
36 100
36 104
36 106
37 2
37 10
37 15
37 27
37 28
37 34
37 37
37 43
37 59
37 66
37 69
37 83
37 88
37 89
37 90
37 99
37 111
37 112
37 117
37 118
37 121
37 126
37 127
37 130
40 72
40 83
40 84
40 88
41 3
42 2
42 8
43 1
43 6
44 84
44 88
44 98
44 104
44 110
44 125
44 164
44 171
44 179
44 201
44 202
45 122
45 126
45 136
45 142
45 148
45 150
45 163
45 169
45 172
45 177
45 178
45 188
45 190
45 197
45 202
45 218
45 220
45 223
46 1
46 3
46 5
46 12
46 22
46 24
46 25
46 29
46 38
46 39
47 1
47 10
47 15
47 18
47 24
47 33
47 42
47 57
47 61
50 8
50 10
50 17
50 37
50 41
50 42
50 65
50 68
50 75
50 77
50 78
51 2
52 6
52 12
52 13
53 2
53 20
53 24
53 31
53 32
53 37
53 40
53 44
53 49
53 51
54 5
54 28
54 31
54 55
54 62
54 104
54 105
54 108
54 115
54 123
54 125
54 127
54 133
55 8
57 5
57 14
58 54
58 57
58 60
58 61
58 63
58 64
58 65
58 69
58 73
58 74
58 77
59 14
59 15
59 20
59 107
59 112
59 115
59 132
59 133
59 134
59 144
59 145
59 152
59 158
59 162
59 165
59 168
59 174
59 175
59 181
59 192
59 194
59 196
59 198
60 48
60 52
60 54
60 55
60 56
60 75
60 78
60 80
60 83
60 84
60 93
60 96
60 106
60 113
60 118
61 11
61 13
61 17
61 20
61 24
61 31
61 37
61 44
61 45
61 47
61 48
61 50
61 54
61 59
61 62
61 65
61 66
61 72
61 83
61 86
62 2
62 10
62 16
62 18
62 21
62 22
62 25
62 27
62 51
62 53
62 60
62 65
62 75
62 87
62 93
62 94
62 97
64 49
64 50
64 61
68 25
68 27
68 29
68 35
68 38
68 58
68 59
68 76
68 82
68 87
68 88
68 92
68 94
68 96
69 10
69 15
69 19
69 20
69 28
69 33
69 38
69 39
70 16
70 19
70 22
70 29
70 32
70 33
70 43
70 46
70 48
70 49
71 3
71 8
71 11
71 19
71 25
71 26
71 43
71 47
71 52
71 53
71 54
71 59
71 63
71 64
71 65
71 73
71 75
71 76
71 87
71 99
71 110
71 115
71 121
71 124
71 129
71 131
73 1
73 4
73 7
73 10
73 18
73 20
73 30
73 40
74 9
74 13
74 23
74 30
75 1
75 3
75 27
75 30
75 31
75 44
75 47
75 71
75 89
75 97
75 100
75 105
76 10
76 11
76 26
76 29
76 32
76 41
76 46
77 2
77 7
77 48
77 58
78 6
78 9
78 13
78 27
78 39
78 41
78 55
78 58
78 64
78 71
78 92
78 94
78 96
78 99
78 122
78 130
78 135
78 141
78 142
78 146
78 158
78 162
78 166
78 167
78 172
78 173
82 16
82 24
82 27
83 3
83 5
83 24
83 29
83 30
83 33
83 35
83 37
83 38
83 44
83 47
84 3
84 5
84 20
84 22
84 29
84 32
84 35
84 47
84 54
84 68
84 76
86 1
86 5
86 8
86 9
86 17
86 25
87 24
87 26
88 3
88 9
88 10
89 4
89 7
89 8
89 16
89 21
89 30
89 32
90 9
90 12
90 13
90 16
91 8
91 21
91 29
91 34
91 50
91 57
91 58
91 62
91 63
93 4
93 10
93 18
93 21
93 23
93 26
93 29
93 38
93 44
93 51
93 54
93 55
93 70
93 71
93 78
93 86
93 89
93 90
93 91
93 94
93 96
93 97
94 15
94 29
94 32
94 34
95 4
95 9
95 10
95 20
95 24
95 29
95 37
95 47
95 48
95 52
95 53
95 66
95 67
95 69
95 79
96 10
96 12
96 17
96 22
97 15
97 17
97 28
97 38
97 40
97 54
98 2
98 7
98 116
98 118
98 127
98 128
98 138
98 139
98 148
98 150
98 154
98 160
98 177
98 178
98 198
98 201
98 207
98 208
98 240
98 241
98 247
98 249
98 253
99 2
99 4
99 5
99 18
99 23
99 25
99 30
99 32
99 35
99 48
99 50
99 53
99 60
99 61
99 63
99 69
99 78
99 80
99 82
99 85
99 87
99 88
99 93
99 113
99 118
99 122
100 2
100 9
100 11
100 14
100 24
100 28
100 41
100 45
100 51
100 53
100 56
101 3
101 21
101 30
101 31
101 38
101 43
101 76
101 77
101 93
101 97
101 98
101 99
101 100
101 107
101 117
101 125
101 128
102 1
102 7
102 23
102 25
102 32
102 44
102 51
102 57
102 60
102 76
102 85
102 90
102 92
103 3
103 4
103 15
103 18
103 20
103 30
103 34
103 41
103 51
103 55
103 58
103 60
103 69
103 70
103 71
103 74
103 77
103 79
103 83
103 90
103 94
103 99
103 123
104 1
104 11
105 4
105 9
105 11
105 13
105 29
105 34
105 42
105 47
105 54
105 59
105 64
105 72
105 97
105 98
105 99
105 100
105 101
105 102
105 120
105 127
105 132
105 134
106 135
106 140
106 143
106 145
106 148
106 152
107 5
107 12
107 41
107 42
107 44
108 15
108 18
108 24
109 17
110 6
110 7
110 36
110 42
110 89
110 94
110 98
110 103
110 105
110 107
110 108
110 110
110 120
110 125
110 126
110 127
110 129
110 135
110 136
110 137
110 267
110 268
110 277
110 289
110 291
110 295
110 301
110 379
110 384
110 387
110 392
110 395
110 402
110 409
110 417
110 431
111 2
111 3
111 4
111 9
111 14
111 21
111 41
111 52
112 1
112 10
112 18
112 19
112 26
113 1
113 4
113 7
113 12
114 65
114 95
114 109
114 122
114 129
114 144
114 149
114 154
114 156
114 158
114 161
114 178
114 182
114 188
114 199
114 200
114 203
114 231
