1 2
1 4
1 7
2 5
2 7
2 20
2 32
2 35
2 40
2 50
3 16
3 22
3 25
3 29
3 37
3 38
3 45
3 55
3 56
3 59
4 4
4 14
4 25
4 36
4 39
4 42
5 91
5 92
5 93
7 6
7 137
7 139
7 159
7 166
7 167
7 172
7 177
7 179
7 190
7 197
7 199
8 5
8 12
8 15
8 22
8 26
8 29
8 38
8 39
8 53
8 54
8 59
8 66
8 67
8 69
8 85
8 87
8 88
8 107
10 26
10 38
10 41
10 42
10 45
10 54
11 3
11 4
11 12
11 14
11 24
11 32
13 3
13 8
14 8
16 40
16 43
16 50
16 53
16 62
16 65
16 71
16 73
16 90
16 99
16 104
17 2
17 10
19 3
19 5
19 6
19 18
19 20
19 21
19 24
19 57
19 68
19 70
19 78
19 85
19 86
19 93
19 111
19 112
19 115
19 122
19 128
22 20
22 22
22 42
22 44
23 16
23 20
23 30
23 32
23 36
24 5
24 57
24 58
24 69
24 74
24 87
24 107
24 108
24 109
24 116
24 117
24 118
24 120
24 123
24 129
24 157
24 158
24 161
24 169
24 189
24 193
24 205
24 209
24 218
24 219
24 221
24 231
24 232
24 234
24 264
24 274
24 275
24 282
24 283
24 289
24 297
24 298
24 300
24 307
24 308
24 323
24 329
24 330
24 351
24 352
24 354
24 366
24 377
24 382
24 390
24 397
24 400
24 402
24 406
24 410
24 411
24 413
24 423
24 424
25 18
25 26
25 27
25 28
25 29
25 31
25 38
25 51
25 55
25 56
25 61
25 62
25 63
25 65
25 68
25 69
25 77
25 78
26 21
26 27
26 35
26 37
26 39
26 44
26 48
26 64
27 117
27 119
27 122
27 125
30 61
30 66
30 69
30 75
30 82
30 90
30 114
30 121
30 133
30 148
30 149
30 151
30 154
30 159
30 160
30 164
30 168
31 42
31 55
31 62
31 63
31 65
32 21
32 22
32 25
32 30
32 32
32 41
32 44
32 51
32 55
32 58
32 69
32 71
33 7
33 10
33 13
33 22
33 33
33 38
34 4
34 10
34 13
34 17
34 27
34 31
34 32
37 33
37 34
37 37
37 41
37 52
37 57
37 58
37 60
37 66
37 70
37 74
38 26
38 29
38 30
38 37
41 23
41 24
41 29
41 35
41 40
41 48
41 50
41 60
41 66
41 71
41 74
41 90
41 91
42 2
42 4
42 8
43 13
44 2
44 47
44 49
44 52
44 58
44 64
44 65
44 90
44 95
44 100
45 1
45 2
45 7
45 14
45 20
45 96
45 105
45 107
46 15
46 18
46 19
46 23
46 25
46 36
46 38
46 41
46 50
46 53
46 58
46 59
46 60
47 12
47 16
47 27
47 29
47 35
48 10
48 11
48 17
48 20
48 21
48 40
48 50
48 53
48 59
48 61
48 63
48 64
48 68
49 2
49 15
49 18
49 21
49 25
49 26
49 29
49 36
49 38
49 43
49 86
49 106
49 108
49 124
49 135
49 145
50 5
50 14
50 16
50 18
50 19
50 21
50 40
50 41
50 46
50 53
50 60
50 72
50 75
50 76
51 2
52 42
52 44
54 5
54 18
54 25
54 35
54 39
54 43
54 47
55 113
55 119
55 134
56 72
56 75
56 92
56 99
57 1
57 3
58 4
58 13
58 14
58 16
58 28
58 29
58 36
58 38
58 52
58 54
58 57
58 69
59 9
59 19
60 15
60 26
61 24
61 32
61 40
61 60
61 61
61 71
61 76
61 80
61 82
61 84
61 85
61 101
61 102
62 6
62 11
62 12
62 73
62 74
62 81
62 95
62 97
62 115
62 117
62 123
64 6
64 18
64 23
65 8
65 18
65 26
65 43
65 56
65 59
65 61
65 73
65 85
65 88
65 141
65 147
65 176
65 178
65 190
65 194
65 195
65 200
65 208
65 210
65 223
65 224
66 1
66 6
66 7
66 12
66 14
66 31
66 38
66 48
66 50
66 52
66 61
66 68
66 71
66 79
66 80
66 82
66 85
66 97
66 99
66 197
66 217
66 218
66 220
66 225
66 238
66 243
66 249
66 265
66 281
66 284
66 286
66 294
66 302
66 306
66 311
66 320
66 322
66 323
66 326
66 332
66 339
66 341
68 8
68 9
68 19
68 21
68 23
68 27
68 31
68 36
68 41
68 42
68 44
68 45
68 48
68 53
68 63
68 80
68 85
68 88
68 91
68 95
68 96
68 100
68 106
68 109
68 126
68 127
68 137
68 139
68 143
68 147
68 148
68 151
68 155
68 162
68 165
68 166
68 180
68 181
68 182
68 184
68 201
68 205
68 207
68 213
68 215
68 219
68 222
68 230
68 240
71 63
71 64
71 65
71 117
71 119
71 125
71 129
71 135
71 145
71 264
71 275
72 12
72 20
73 2
73 12
73 13
73 21
73 24
73 30
73 33
74 4
74 11
74 16
74 23
74 25
74 32
74 36
74 37
74 38
74 44
74 46
76 2
76 5
76 6
76 9
76 11
76 16
76 20
76 29
76 31
77 5
78 13
78 15
79 5
79 9
79 17
79 20
79 31
80 2
80 8
80 10
80 12
80 31
80 40
80 44
80 46
80 52
81 11
84 5
84 7
84 9
84 19
84 23
84 27
84 33
84 34
84 43
84 60
84 88
84 98
84 105
84 110
84 113
84 119
84 121
84 130
84 133
84 138
84 149
84 151
84 161
84 163
86 15
86 18
86 20
86 30
86 35
86 117
86 118
86 120
86 121
86 129
86 137
86 142
86 149
86 151
86 153
86 155
86 160
86 163
86 165
86 234
86 237
86 243
86 246
86 250
86 252
86 260
86 264
86 272
86 273
87 3
87 5
87 16
87 17
87 30
87 31
88 76
88 77
88 79
88 95
89 3
89 8
89 19
89 21
89 27
89 36
89 38
89 41
89 44
89 60
89 61
89 63
89 71
89 72
89 79
89 83
89 89
89 96
89 101
89 120
89 127
89 133
89 140
89 141
89 145
90 6
90 66
90 69
90 71
90 78
90 81
90 91
90 96
92 41
92 42
92 46
92 60
92 68
92 78
92 79
92 84
92 85
92 89
92 221
92 223
92 227
92 310
92 311
92 314
92 320
92 394
92 397
92 413
92 414
92 426
92 427
92 443
92 444
92 450
92 471
92 472
92 479
92 483
92 503
92 511
92 518
92 524
92 528
92 542
92 549
93 37
93 44
93 47
93 49
93 75
93 79
93 85
93 87
93 102
93 104
94 5
94 7
94 10
94 12
94 18
94 21
95 1
96 2
96 15
96 22
97 7
97 10
97 11
97 17
97 20
97 23
97 31
97 35
97 36
97 40
97 42
97 54
97 64
97 66
97 74
97 83
97 84
97 87
97 89
98 1
98 2
98 13
98 19
98 29
98 31
98 52
98 55
98 69
98 71
98 76
98 77
98 85
98 91
98 92
98 94
99 10
99 15
99 18
99 19
99 21
99 30
99 39
99 40
99 48
99 53
99 55
99 62
99 66
99 69
99 71
99 76
99 83
99 97
99 99
99 100
99 107
99 118
99 125
99 130
99 134
99 148
99 149
99 156
99 157
99 160
99 165
99 169
99 171
99 175
99 178
99 186
99 198
99 199
99 201
99 203
99 205
99 207
99 217
99 218
99 221
99 222
99 228
99 237
99 240
99 243
99 244
99 291
99 296
99 306
99 308
99 319
99 349
99 350
99 353
99 359
99 364
101 1
103 60
104 103
104 109
105 21
105 24
105 28
106 11
106 14
107 3
107 7
107 9
107 11
107 20
107 21
107 26
107 30
107 43
107 50
107 51
107 56
107 61
107 64
107 67
107 72
107 78
107 79
107 89
107 92
107 104
107 105
107 109
107 117
107 125
107 131
107 138
107 142
108 2
108 4
108 9
108 18
108 19
108 165
108 166
108 168
109 10
