1 12
1 15
1 16
1 21
1 26
1 31
1 45
1 58
2 5
3 7
3 8
3 10
3 13
3 24
4 2
4 8
4 27
4 33
4 39
4 40
4 41
4 44
4 48
4 50
4 53
4 76
4 80
4 88
4 89
4 90
5 4
5 5
5 15
5 27
5 31
5 34
5 40
5 45
5 54
5 55
5 57
5 63
5 67
5 83
5 86
5 91
5 97
5 98
5 105
5 114
5 117
5 122
5 136
5 138
5 140
5 145
6 1
6 5
6 8
6 9
6 17
6 24
6 26
6 29
6 30
6 34
8 14
8 16
8 30
8 36
10 25
10 28
10 40
10 46
10 47
10 54
10 61
11 6
11 8
12 27
12 28
12 46
12 47
12 55
12 58
13 13
13 17
14 6
14 7
14 14
14 17
15 2
15 11
15 27
15 29
15 49
15 51
15 60
15 75
15 77
15 79
15 85
16 6
16 7
18 30
18 31
18 77
18 90
18 101
18 102
18 113
18 116
18 124
18 136
18 153
18 155
18 158
18 160
18 162
18 164
18 172
18 179
18 211
18 217
18 220
18 221
18 230
18 242
18 244
18 245
18 250
18 256
18 262
18 265
18 274
18 280
18 291
18 293
18 294
18 302
20 5
20 12
20 20
20 21
20 28
20 30
20 31
20 36
20 43
20 45
20 48
20 60
21 2
21 4
21 5
21 12
21 13
21 147
21 158
21 159
21 162
21 163
21 239
21 250
21 252
21 256
21 257
21 267
21 277
21 280
21 293
21 294
21 307
23 5
23 9
25 32
25 35
26 16
26 26
26 34
28 11
28 12
28 13
28 14
28 17
28 18
29 1
29 2
29 7
29 10
29 12
29 13
29 19
29 24
29 37
29 47
29 54
29 55
29 61
30 3
30 19
30 24
30 25
30 39
30 40
30 47
30 61
30 64
30 65
30 68
30 72
30 76
30 79
30 87
30 97
30 106
30 107
30 119
30 120
30 132
30 134
30 141
30 184
30 188
31 1
33 1
33 3
33 10
33 11
33 22
33 23
36 27
36 44
36 45
36 51
36 57
36 65
36 66
36 74
36 75
36 80
36 90
36 95
36 100
36 103
36 117
36 128
36 140
36 144
36 145
36 146
36 155
36 160
39 13
39 21
39 28
39 39
39 56
39 58
39 60
39 63
39 64
39 84
39 96
39 100
39 109
39 112
39 118
39 123
39 128
39 135
39 140
39 151
39 192
39 208
40 21
40 24
40 35
40 57
40 66
41 3
41 8
41 13
41 15
41 16
41 20
41 21
41 23
41 25
41 28
41 31
42 9
42 21
42 26
42 29
42 34
42 43
42 45
42 51
42 76
42 77
42 91
42 93
42 105
42 108
42 117
42 125
42 132
42 141
42 146
42 148
42 155
42 161
42 163
42 164
42 168
42 169
42 177
42 183
42 187
42 194
42 195
42 200
42 210
42 214
43 99
43 105
43 114
43 125
43 126
43 128
43 133
43 150
43 170
43 173
43 175
43 182
43 198
43 199
44 3
44 4
44 9
44 22
44 24
44 25
44 30
44 31
44 37
44 38
44 39
44 45
44 48
44 51
44 59
44 72
44 75
44 77
44 80
45 29
45 31
45 36
45 39
45 44
45 45
46 7
46 13
46 24
46 31
46 37
46 46
46 53
46 55
46 60
46 62
46 70
46 71
46 83
46 84
47 3
50 45
50 83
50 92
50 93
50 98
50 99
50 102
50 103
50 105
50 109
51 7
52 14
52 17
52 37
52 47
52 70
52 71
52 73
52 86
52 88
52 90
52 95
52 107
52 116
52 128
52 139
52 142
52 143
52 156
52 158
53 25
53 39
53 49
53 50
53 61
53 79
53 80
53 83
53 86
54 10
54 12
54 25
54 27
54 28
54 31
54 36
54 43
54 44
56 9
56 12
56 28
56 29
56 32
56 38
56 39
56 54
56 57
56 58
56 61
56 71
56 75
56 77
56 79
56 80
57 40
57 42
57 63
57 66
57 68
57 74
57 86
57 102
57 115
57 119
58 1
58 5
58 16
58 26
58 35
58 37
58 67
58 73
58 82
58 162
58 163
58 166
58 167
58 340
58 354
58 355
58 363
60 7
60 12
60 16
60 20
60 22
60 30
60 39
60 41
61 7
61 12
61 13
61 15
61 16
61 19
61 25
62 64
62 72
62 90
62 96
62 98
62 170
62 177
62 179
62 182
62 189
62 211
62 214
62 229
62 236
62 240
62 242
62 254
62 263
62 266
62 268
63 7
63 23
63 39
63 44
63 50
63 53
63 59
63 60
63 67
63 68
63 75
63 79
63 83
63 87
63 90
63 99
63 102
63 112
66 75
66 77
66 80
66 90
66 100
69 10
69 13
69 21
69 27
70 8
70 13
70 14
70 16
70 19
70 25
70 61
70 65
70 66
70 70
70 74
70 80
70 81
70 91
70 94
70 100
70 110
70 122
70 126
70 127
70 131
70 134
70 137
70 139
70 148
70 159
70 161
70 163
70 171
70 175
70 182
70 184
70 187
70 191
70 200
70 205
70 209
70 221
70 224
72 1
72 5
72 6
72 12
72 13
72 17
72 19
72 20
72 36
72 45
72 53
72 54
72 55
72 56
72 68
72 69
72 74
72 75
72 85
73 5
73 43
74 6
74 16
74 17
74 31
74 33
74 37
74 38
74 52
74 76
74 88
74 91
74 102
74 116
74 117
74 130
74 137
74 150
74 152
74 156
74 163
75 2
75 8
75 11
75 14
75 20
75 35
75 42
75 46
75 55
75 57
75 68
75 75
75 88
75 97
75 107
75 109
75 119
75 121
75 124
75 130
75 140
75 158
75 162
75 169
75 174
75 183
75 185
75 188
75 191
75 194
75 197
75 201
75 204
75 221
75 224
75 225
75 227
75 238
75 247
75 259
75 262
75 268
75 271
75 273
75 295
75 296
75 297
75 300
75 415
75 424
75 427
77 97
77 109
77 110
77 121
77 122
77 141
77 155
77 166
77 175
77 178
78 3
78 5
78 14
78 25
78 29
78 30
79 1
79 3
80 66
80 72
80 75
80 77
80 79
80 87
80 88
80 115
80 116
80 117
80 121
81 6
84 3
84 8
84 12
84 17
84 30
84 33
84 35
84 44
84 46
84 52
84 55
84 69
84 71
84 73
84 76
84 112
84 117
84 130
84 150
84 158
85 11
85 14
85 25
85 37
85 39
85 46
85 47
85 81
85 93
85 105
86 1
86 4
86 11
86 20
86 29
86 36
86 37
87 10
87 21
87 23
87 26
87 31
87 32
87 47
88 103
88 117
88 118
88 129
88 132
88 136
88 137
88 164
88 189
88 198
88 202
88 231
88 240
88 243
88 244
88 248
88 249
88 257
88 259
88 266
88 282
88 313
88 319
88 331
88 333
88 339
88 348
88 350
88 361
88 362
88 365
88 368
88 381
88 382
88 388
88 392
88 400
88 405
88 409
88 417
88 429
89 4
89 6
92 10
92 12
92 25
92 28
93 129
93 130
93 135
93 138
93 145
93 151
93 156
93 162
93 166
93 172
93 179
93 182
93 183
93 187
93 194
93 195
94 5
94 8
95 8
95 14
95 38
95 39
95 41
95 47
95 48
95 55
95 56
95 62
95 66
95 69
95 71
95 78
95 91
95 102
95 107
95 109
95 111
95 112
95 116
95 122
95 126
95 127
95 132
97 2
97 6
97 9
97 13
97 15
97 16
97 22
97 29
97 33
97 45
97 59
97 69
97 77
98 10
98 12
98 23
98 26
98 28
98 37
98 40
98 51
98 56
98 57
98 58
98 85
98 90
98 93
98 95
98 105
98 108
98 113
98 115
98 133
98 135
98 139
98 146
98 149
98 154
98 162
98 168
98 170
98 171
98 186
98 187
98 190
101 24
101 34
101 35
101 39
101 43
101 47
101 58
101 68
101 71
101 76
101 82
101 88
101 91
101 109
101 119
101 128
101 137
101 150
101 151
101 152
102 3
102 12
102 24
102 32
102 43
102 62
102 66
102 69
102 81
102 87
102 93
103 1
103 12
103 26
103 41
104 6
104 11
104 13
104 24
104 57
104 60
104 61
104 63
104 71
104 76
104 81
104 82
104 87
105 105
105 110
105 118
