1 1
1 4
2 5
2 18
2 20
2 22
2 27
2 30
2 31
2 36
2 49
2 50
2 52
2 54
2 58
2 60
2 63
2 77
2 79
2 82
2 88
2 100
2 101
2 103
2 104
3 9
3 13
3 14
3 19
3 21
3 23
3 27
3 29
4 3
4 4
4 6
4 8
6 7
6 11
6 59
7 3
7 11
7 14
7 17
7 19
7 20
7 24
7 28
7 44
7 47
7 51
7 55
7 72
7 81
8 11
9 4
9 14
9 17
9 20
9 23
9 26
9 27
9 35
10 5
10 9
10 22
10 26
10 29
10 42
10 45
10 47
10 61
10 68
10 76
10 78
10 79
10 81
10 89
10 91
10 95
10 97
11 4
11 5
11 10
11 11
12 7
12 13
12 15
12 23
12 25
12 26
12 27
12 29
12 30
12 38
12 42
12 50
12 52
12 71
12 72
12 77
12 81
12 108
12 109
12 110
12 118
12 120
12 126
12 127
12 137
12 138
12 145
12 147
12 166
12 176
12 189
12 190
13 11
13 19
13 47
13 67
13 70
13 71
13 74
13 76
13 81
13 92
13 94
13 95
14 2
14 5
14 8
14 11
14 15
14 27
14 30
14 58
14 59
14 60
14 67
14 73
14 75
15 6
15 7
15 9
15 11
15 12
15 15
15 16
15 27
15 28
15 34
15 41
16 7
18 64
18 66
18 67
18 79
18 89
18 95
18 96
18 97
18 99
18 105
18 117
18 118
18 121
18 140
18 148
20 87
20 102
21 16
21 17
21 26
21 41
21 45
21 46
21 73
21 76
21 83
21 85
21 86
21 88
21 94
21 95
21 97
21 105
21 107
21 108
21 110
21 117
21 124
21 130
21 145
21 147
21 154
21 157
21 158
21 161
21 163
21 164
22 1
22 3
22 10
22 19
23 3
24 1
24 5
24 21
24 24
24 29
24 35
24 36
24 37
24 38
24 47
24 49
24 51
24 54
25 65
25 79
25 83
25 95
25 225
25 226
25 230
25 240
25 242
25 244
25 251
25 258
26 65
26 66
26 76
26 77
26 82
26 96
26 102
26 104
26 110
26 117
26 122
26 124
26 127
26 129
26 132
28 96
28 100
28 102
28 112
28 114
29 3
29 7
29 15
29 17
29 18
29 21
29 22
31 4
31 8
31 15
31 16
31 25
31 45
31 47
32 19
32 25
32 30
32 32
32 43
32 44
32 51
32 61
32 73
32 75
32 82
32 85
32 88
32 97
32 98
32 108
33 5
33 14
33 25
33 28
33 30
33 33
33 55
33 75
33 77
33 78
33 89
33 91
33 92
33 97
33 98
33 111
33 125
33 133
33 135
33 148
33 151
33 160
33 164
33 166
33 172
33 175
33 178
33 181
33 201
33 211
33 215
33 216
33 223
34 2
34 9
34 12
34 14
34 31
34 40
34 42
34 50
34 72
34 73
34 75
34 77
34 79
34 82
34 89
34 90
34 97
34 104
34 106
34 114
34 119
34 125
34 127
34 130
34 140
34 144
34 157
34 160
34 173
34 175
34 179
34 182
34 183
34 188
35 67
35 71
35 76
35 93
35 94
36 4
36 12
36 20
36 23
36 25
36 26
36 32
36 43
36 51
36 53
36 54
36 55
36 67
36 72
37 3
37 8
37 14
37 15
37 19
37 23
37 24
37 33
37 39
37 47
37 53
38 3
38 8
38 13
38 16
40 1
40 13
40 15
40 17
40 23
41 50
41 58
41 61
41 105
41 111
41 115
43 1
43 9
43 12
43 14
43 15
43 25
43 26
43 30
43 35
44 1
44 5
44 11
44 19
44 20
45 4
45 10
45 15
45 17
45 30
45 34
45 47
45 50
45 52
45 53
45 58
45 59
45 65
45 66
45 73
46 63
46 68
46 71
48 14
48 40
48 49
48 51
48 59
48 60
48 62
48 65
48 69
49 14
49 21
49 22
49 27
49 32
49 69
49 77
49 79
49 83
49 86
49 88
49 100
49 104
51 10
51 16
51 37
51 56
51 61
51 63
51 65
52 1
52 6
52 65
52 67
52 92
52 94
52 98
52 103
52 104
52 112
52 113
52 116
52 118
53 2
54 1
56 59
56 63
56 65
60 24
61 4
61 6
61 10
61 26
61 31
61 32
61 33
63 9
63 64
63 65
63 67
63 73
63 74
63 75
63 81
63 85
63 93
63 114
63 129
63 133
64 1
64 30
64 45
64 46
64 52
64 73
64 75
64 77
64 79
64 81
64 82
64 95
64 98
64 99
64 112
64 114
64 122
64 127
64 128
64 131
64 149
64 151
65 2
66 1
66 9
66 54
66 65
66 66
66 73
66 79
66 97
66 100
66 108
66 118
68 4
68 5
68 10
68 13
68 15
68 20
68 22
68 37
68 38
68 39
68 44
68 46
68 90
68 91
68 165
68 177
68 178
68 237
70 41
70 48
70 54
70 58
70 59
70 62
70 63
70 70
70 74
70 79
70 82
71 2
71 10
71 14
71 25
71 29
71 41
71 42
71 44
71 65
71 68
71 70
71 85
71 89
71 90
71 92
71 103
71 113
71 117
71 134
71 146
72 6
73 5
73 10
73 12
73 15
73 17
73 23
73 32
73 37
73 44
73 47
73 52
74 68
76 5
76 7
76 9
76 10
76 28
76 36
76 51
76 57
76 67
76 79
76 151
76 155
76 163
76 175
76 177
76 179
76 181
76 187
76 189
76 194
76 195
79 24
79 36
79 44
79 51
79 56
79 60
79 69
79 84
79 87
79 88
79 120
79 124
79 126
79 130
79 133
79 134
79 139
79 142
79 144
79 149
79 152
79 174
79 177
79 192
80 9
80 10
80 22
80 33
80 37
80 50
80 63
80 66
80 71
80 72
80 77
80 80
80 88
80 90
81 1
82 4
82 6
82 8
82 9
82 14
82 51
82 52
82 61
82 66
82 99
82 105
83 48
83 58
83 77
83 79
83 80
83 88
83 96
83 98
83 105
83 110
83 118
83 123
83 126
83 130
83 133
85 32
86 1
86 6
86 7
86 20
86 26
86 34
86 38
86 47
86 50
86 68
86 89
87 32
87 35
87 129
87 137
87 143
87 148
87 151
87 158
87 251
87 280
87 293
87 298
87 301
87 302
89 69
89 71
89 90
89 97
90 15
90 21
90 22
90 25
90 38
90 43
90 45
90 50
90 51
91 21
91 31
91 32
91 62
91 67
91 73
92 1
92 9
92 11
92 29
92 30
92 35
92 51
93 116
93 158
93 159
94 105
94 121
94 125
94 138
94 150
94 156
94 157
94 163
94 164
94 173
94 187
94 196
94 199
94 200
95 2
95 8
95 12
95 17
95 23
95 24
95 27
95 31
96 10
96 14
96 16
96 18
96 24
96 37
96 56
96 61
96 68
96 76
96 77
96 78
97 4
98 46
98 50
98 54
98 67
98 68
98 69
99 1
99 5
101 58
102 1
104 36
104 47
104 50
104 53
104 54
104 76
104 85
104 93
104 96
104 99
105 2
105 6
105 23
105 29
105 32
106 103
106 110
106 119
106 122
106 127
106 134
107 1
107 3
107 6
107 24
107 28
107 29
107 34
107 36
107 39
107 41
107 65
107 66
108 82
108 84
108 90
108 92
110 28
110 33
110 34
110 64
110 69
110 82
110 84
110 85
111 3
111 6
111 8
111 19
111 21
111 24
111 25
111 28
111 37
111 38
111 51
111 56
111 64
111 71
111 73
111 74
111 83
111 84
111 85
111 88
111 92
111 93
111 104
111 124
111 128
111 130
111 132
111 139
111 144
111 146
111 150
111 153
111 155
111 156
111 157
111 159
111 162
111 166
111 169
111 172
111 179
111 182
111 192
111 193
111 296
112 14
112 18
112 21
112 22
112 33
112 41
112 42
112 48
112 54
112 58
112 63
112 85
112 89
112 124
113 2
115 50
115 51
115 60
115 61
115 62
115 64
115 68
115 72
115 79
115 81
115 90
115 95
115 105
115 113
115 115
115 119
115 122
116 1
116 7
116 16
116 22
116 23
116 34
116 40
116 48
116 49
116 61
116 72
116 73
116 76
116 78
116 84
116 98
116 102
116 107
116 119
116 127
116 131
116 133
116 136
116 144
116 153
116 155
116 156
116 158
116 161
117 6
117 8
117 9
117 24
117 26
