1 65
2 5
2 7
5 38
5 40
5 56
5 65
5 70
5 74
5 81
5 83
5 84
5 94
5 103
5 108
5 109
5 117
5 118
5 121
5 122
5 128
5 134
5 137
5 138
5 141
5 144
5 151
5 154
5 157
5 199
5 203
5 211
5 212
5 227
5 234
5 236
5 240
5 245
5 249
5 266
5 272
5 273
7 13
7 20
7 24
7 26
7 28
7 40
7 42
7 47
7 56
7 63
7 67
7 76
7 82
7 85
7 92
7 107
7 118
7 130
7 156
7 191
7 203
7 207
7 223
7 224
8 4
8 25
8 26
8 41
8 48
8 63
8 66
8 68
8 70
8 71
8 73
8 75
8 83
8 125
11 48
11 49
11 61
11 71
11 83
12 1
13 10
13 31
15 1
16 13
16 34
16 48
16 80
16 92
16 93
16 102
16 106
16 107
17 1
17 4
18 1
19 9
19 13
21 5
22 45
22 58
22 70
22 75
22 80
22 83
22 112
22 113
22 121
22 123
23 86
23 87
23 88
23 91
23 98
23 185
23 191
23 195
23 209
23 210
23 217
23 218
23 223
23 227
23 236
23 240
24 1
25 10
25 13
25 20
25 21
25 32
25 48
25 53
25 57
25 61
25 67
25 68
25 79
25 81
25 84
26 18
26 28
26 32
26 37
26 39
27 7
27 13
27 20
27 22
27 23
27 30
27 42
27 44
27 45
27 52
27 66
27 69
27 74
27 75
27 82
30 1
30 5
30 9
30 12
30 33
30 38
30 46
30 51
30 53
31 3
31 5
31 17
31 18
31 20
31 33
31 37
31 41
31 42
31 51
31 55
33 88
35 72
35 73
35 76
35 77
35 84
35 86
35 101
35 105
35 111
35 125
35 130
35 131
35 133
35 134
36 1
36 5
36 10
36 13
36 19
36 26
36 27
36 28
36 32
36 38
36 45
38 110
38 124
38 159
38 167
38 182
38 197
38 200
38 204
38 211
38 216
38 223
38 231
38 236
38 249
38 257
38 259
38 260
38 275
40 22
40 23
40 24
40 50
40 69
40 70
40 72
40 83
40 87
40 94
40 100
40 114
40 118
41 1
41 7
41 9
41 11
41 25
41 26
41 29
41 34
41 57
41 67
41 198
41 216
41 223
41 224
41 229
41 232
41 239
41 241
41 243
41 244
41 247
42 3
42 134
42 147
42 150
42 155
42 165
42 173
42 174
42 190
42 192
42 198
42 201
42 210
42 245
42 248
42 256
42 287
42 290
42 303
42 305
42 307
42 308
42 315
44 44
44 58
44 63
44 70
44 73
44 74
44 83
44 86
44 90
44 92
44 98
44 101
44 109
44 115
45 71
45 73
45 76
45 85
45 89
45 107
45 116
45 117
45 122
45 124
45 126
45 129
45 130
45 132
45 137
45 139
45 145
45 152
45 155
46 32
46 35
46 40
46 45
46 47
46 50
46 51
46 56
46 68
46 90
46 101
47 13
49 18
49 24
49 27
49 30
49 32
49 36
49 38
49 44
49 54
49 58
49 60
49 68
49 71
50 2
51 4
51 134
52 2
52 7
52 12
54 69
54 72
54 75
54 76
54 83
54 87
55 37
55 41
55 45
55 56
55 65
56 22
57 77
57 82
57 88
57 92
57 108
57 119
57 121
57 131
57 132
57 140
57 147
58 1
58 9
58 10
58 15
61 95
61 98
61 99
63 47
63 57
63 66
65 8
65 11
65 14
65 19
65 21
65 27
65 29
65 41
65 51
65 52
65 55
65 56
65 61
65 67
65 72
66 4
66 11
66 13
66 55
66 57
66 68
66 69
66 73
66 75
66 77
66 78
66 92
66 95
66 107
66 108
66 134
67 1
67 6
67 45
67 51
67 55
67 59
67 68
67 81
67 92
67 99
67 111
67 113
67 115
67 116
67 119
67 128
67 141
67 153
67 154
67 156
67 158
67 161
68 6
68 8
68 16
68 18
68 19
68 23
68 25
68 29
68 39
68 46
68 63
68 78
68 88
68 90
68 91
68 92
68 93
68 102
68 103
68 108
68 109
68 111
68 115
69 9
69 12
69 20
69 21
70 4
70 5
70 31
70 36
70 37
70 43
70 44
70 46
70 57
70 63
70 75
70 84
70 88
70 91
70 109
71 11
72 1
72 7
72 8
73 63
73 73
73 77
73 89
73 93
73 94
73 107
73 128
73 148
73 151
73 160
73 166
73 168
73 171
73 172
73 177
73 183
73 187
73 191
73 192
73 194
73 195
73 202
73 228
73 235
73 237
73 243
73 244
73 245
73 251
73 252
73 257
73 272
73 282
73 446
73 451
73 453
73 457
73 466
74 18
74 29
74 32
74 39
74 42
74 47
74 52
75 29
75 37
75 41
75 44
75 54
75 55
75 59
75 60
75 64
75 67
75 81
75 92
75 96
75 101
75 102
75 107
75 111
75 113
75 117
76 5
76 7
76 13
76 19
76 22
76 23
76 24
76 32
77 3
77 21
77 24
77 25
77 28
77 33
77 41
77 47
77 50
77 57
77 61
77 72
77 76
77 80
77 89
77 188
77 190
78 4
78 19
78 21
78 31
78 39
78 40
78 43
78 46
78 48
78 49
78 50
78 182
78 188
78 190
78 192
78 195
78 196
78 208
78 214
78 223
78 224
78 233
78 235
78 241
78 244
78 245
78 251
78 255
81 1
81 3
81 6
81 10
81 12
81 19
81 22
81 31
81 35
84 2
84 3
84 5
84 7
84 13
85 4
86 6
86 10
86 13
87 1
88 3
88 5
89 2
89 3
89 7
89 12
89 14
89 26
89 31
89 34
89 35
89 44
89 45
90 77
90 84
90 87
90 98
92 12
92 23
92 24
92 25
94 35
95 79
95 80
95 81
95 83
96 1
96 2
96 9
96 14
96 32
96 35
96 37
96 39
96 41
96 43
96 51
96 52
96 56
96 59
98 12
98 15
98 19
98 21
98 25
98 28
98 37
98 39
98 42
98 50
98 51
99 3
99 6
99 8
99 13
99 17
99 20
99 25
99 41
99 42
99 43
99 52
100 3
100 4
100 12
100 14
100 17
100 20
100 28
100 30
100 37
100 48
100 49
100 54
100 57
100 65
100 66
100 67
100 68
102 42
102 46
102 52
102 54
102 57
102 80
102 86
102 90
102 98
102 104
102 252
102 258
102 259
103 31
103 51
103 53
103 60
103 76
103 87
103 94
103 107
103 111
103 119
103 122
103 137
103 165
103 177
103 192
103 194
103 197
103 200
103 206
103 224
103 226
103 233
104 1
104 15
104 16
105 3
105 12
105 14
105 18
105 22
105 25
105 26
105 36
105 38
105 44
105 53
105 194
105 195
105 206
105 209
105 212
105 214
105 227
105 236
106 1
106 3
106 12
106 20
106 24
106 26
106 40
106 42
106 44
106 49
107 16
107 25
107 28
107 45
107 46
107 49
107 54
107 55
107 58
107 59
107 64
107 66
107 67
108 15
108 39
109 27
109 28
109 30
109 40
109 58
109 85
109 90
109 92
109 96
109 97
109 100
110 15
111 1
111 4
111 5
113 13
113 15
113 17
113 22
113 40
113 44
114 3
114 8
114 10
114 15
114 32
115 7
115 9
115 14
115 18
115 28
115 37
115 45
115 111
