1 2
1 11
1 14
1 16
1 32
1 38
1 40
1 90
2 1
2 3
2 8
2 10
2 11
2 12
3 18
6 19
6 22
6 29
6 33
6 40
6 46
6 51
6 52
6 62
6 65
6 67
6 72
6 73
6 80
6 87
6 92
6 93
6 105
6 113
6 114
7 1
7 4
7 9
7 13
7 14
7 17
8 18
8 22
8 37
8 46
9 48
9 55
9 56
9 57
9 59
9 69
9 82
9 85
9 90
9 92
9 108
9 110
9 113
9 115
9 121
9 125
9 132
9 134
9 140
9 143
9 146
9 147
9 149
9 155
9 164
9 178
9 185
9 213
9 214
9 225
9 231
9 239
9 240
9 265
9 271
9 292
9 295
9 305
10 1
10 10
10 13
11 4
11 6
11 8
11 9
11 15
11 17
11 18
11 19
11 20
11 23
11 30
12 1
12 6
12 13
12 14
12 21
12 22
12 25
13 9
13 18
13 28
13 34
14 4
14 6
14 7
14 20
14 28
14 31
14 34
14 39
14 40
14 54
14 57
14 59
14 63
14 67
14 76
14 81
14 84
14 89
14 91
14 98
14 111
14 121
14 150
14 151
14 204
14 207
14 210
14 213
14 221
14 223
16 15
16 16
16 27
16 39
16 52
16 54
16 56
16 118
16 126
16 127
16 130
16 133
16 138
16 140
18 72
18 75
19 28
19 32
19 33
19 40
19 50
19 52
19 53
20 45
20 48
20 51
20 62
20 66
20 68
20 71
20 79
20 89
21 42
21 53
21 54
21 63
21 66
21 70
21 134
21 137
21 145
21 147
21 170
21 171
21 183
21 188
21 200
21 210
21 213
21 226
21 232
21 233
21 243
21 246
21 280
21 288
21 292
21 295
21 298
21 300
21 304
21 309
21 332
21 333
21 340
21 341
21 343
21 350
21 358
21 362
21 363
21 368
21 376
21 379
21 393
21 487
21 492
21 495
23 29
23 30
23 49
23 57
23 73
23 113
25 72
26 3
26 16
26 19
26 21
26 31
26 34
26 36
26 44
26 95
26 104
26 107
26 109
26 110
26 202
28 16
28 18
28 20
28 30
28 32
28 33
28 40
28 45
28 54
28 61
28 64
28 65
28 67
28 74
28 77
28 82
28 90
28 98
28 103
28 116
28 117
28 128
28 137
28 153
29 47
29 103
29 104
29 108
30 7
30 8
30 11
30 17
32 18
32 21
32 29
32 34
32 39
32 48
32 49
32 55
34 20
34 160
35 5
35 15
35 20
35 24
35 43
35 56
35 57
35 66
35 67
37 3
38 3
38 5
38 6
38 7
38 8
38 17
38 24
38 28
38 30
38 32
38 44
38 49
38 55
38 56
41 24
41 25
41 36
41 44
41 51
41 53
41 64
42 4
42 5
42 16
42 20
42 24
42 38
42 40
42 46
42 54
42 56
42 63
42 67
42 75
42 76
42 81
43 1
45 20
46 1
46 5
46 14
46 22
46 26
46 27
46 33
46 34
46 35
47 11
49 4
49 11
49 15
49 16
49 24
49 32
49 34
49 36
49 38
49 40
49 42
49 152
49 156
49 158
49 164
49 168
49 177
49 179
49 182
49 189
49 192
51 28
51 72
51 75
51 78
51 89
51 92
51 101
51 103
51 106
51 140
51 269
51 270
51 271
51 273
51 276
51 277
51 278
51 282
51 291
51 294
51 299
51 304
51 308
51 309
51 316
51 317
51 326
51 330
51 338
51 341
51 345
51 349
51 355
51 358
51 380
51 383
51 385
52 17
52 22
52 30
52 38
52 45
52 50
52 53
52 62
52 64
52 81
52 83
52 85
52 88
52 89
52 103
53 8
55 26
55 30
55 38
55 48
55 55
55 58
55 59
55 83
55 87
55 89
55 103
55 105
55 106
55 107
55 109
55 117
55 118
56 3
56 4
56 12
56 35
56 39
56 44
56 49
56 53
56 55
56 58
56 63
56 66
56 77
56 86
56 91
56 95
56 112
56 115
56 128
56 132
56 142
56 145
56 149
56 154
57 72
57 85
57 86
57 91
57 106
57 113
57 127
57 138
57 145
57 147
57 166
57 181
57 182
57 188
57 190
57 194
57 195
57 201
57 203
57 210
57 212
57 213
58 5
58 6
58 22
58 56
58 58
58 59
58 60
58 68
58 73
58 75
58 104
58 118
58 119
58 120
58 125
58 133
58 139
58 143
58 148
59 3
59 4
59 9
59 12
59 14
59 15
59 22
59 31
59 32
59 44
59 46
59 50
59 58
59 60
59 61
60 11
60 15
60 24
60 46
60 48
60 51
60 55
60 58
60 59
60 65
60 80
60 83
60 86
60 90
60 92
60 105
60 108
60 110
60 111
60 117
60 126
60 131
60 132
60 139
60 143
60 145
60 153
60 155
60 157
60 160
60 169
60 170
60 174
60 184
60 185
60 195
60 201
60 202
60 216
60 230
60 241
60 246
61 10
61 15
61 26
62 1
62 3
62 4
62 5
62 29
62 37
62 39
62 40
62 43
62 57
62 59
62 62
62 66
62 67
62 77
62 78
62 83
62 161
62 163
63 2
63 4
63 10
63 19
63 31
63 36
63 46
63 53
63 64
64 23
64 25
64 27
64 34
64 66
64 68
64 76
64 81
64 104
64 109
67 47
67 48
67 51
67 52
67 64
67 74
67 76
67 95
67 96
67 100
67 101
67 102
67 104
67 109
67 123
67 137
67 142
67 151
67 164
67 174
67 179
67 184
67 189
67 190
67 196
68 3
68 5
68 9
68 21
68 22
68 23
68 34
68 37
70 50
70 57
70 58
70 59
70 61
70 69
70 70
70 76
70 81
71 13
71 14
71 22
71 24
71 28
71 30
72 26
73 3
73 7
73 10
74 1
74 20
74 21
74 26
74 28
76 1
76 27
76 28
76 32
76 33
76 34
76 35
76 38
76 49
76 50
76 54
76 58
76 61
76 62
76 67
76 70
76 80
77 3
77 20
78 4
78 7
78 17
81 50
81 58
81 68
81 71
81 74
81 81
82 32
82 48
82 50
82 51
82 52
82 62
83 3
83 6
83 8
83 27
83 43
83 52
84 2
84 4
84 16
84 17
84 25
84 35
84 37
84 39
84 43
84 49
84 52
84 80
84 85
84 86
84 94
84 105
84 106
84 107
84 109
84 112
84 116
84 117
85 47
85 49
85 63
86 24
86 25
86 30
86 37
86 59
86 62
86 79
86 80
86 81
86 85
87 4
88 2
88 3
88 14
88 25
88 32
88 33
88 44
88 51
88 53
88 63
88 108
88 109
88 110
88 113
88 115
88 116
88 119
88 121
88 125
88 126
88 131
88 140
88 144
88 153
88 155
88 160
88 172
88 173
88 177
88 179
88 191
88 192
88 198
88 205
88 206
88 209
88 217
88 224
88 226
88 229
88 232
88 239
89 76
90 3
91 1
91 2
91 9
91 21
91 23
91 35
91 49
91 59
91 62
91 76
91 77
91 219
91 227
91 229
91 252
91 253
91 257
91 258
94 83
94 88
94 92
94 99
94 100
94 109
94 116
95 18
95 23
95 26
95 30
95 31
95 32
95 39
97 14
97 22
97 30
97 33
97 34
97 40
98 26
98 31
98 36
98 40
98 47
98 49
98 51
98 56
102 21
103 20
103 25
103 41
103 46
103 49
103 50
103 56
103 62
103 65
103 79
103 98
103 107
103 123
103 124
103 125
103 135
103 136
103 138
103 147
103 154
103 157
103 165
104 16
104 17
104 22
104 23
104 51
104 54
104 55
104 60
104 63
105 1
105 11
105 12
105 15
106 3
107 3
107 5
107 7
107 14
107 17
107 19
107 22
107 26
107 29
107 38
107 39
107 46
107 52
107 54
107 55
107 63
107 65
107 75
107 78
107 83
107 84
107 92
107 95
107 101
107 104
109 52
109 54
109 55
109 60
109 61
109 62
109 63
109 65
109 69
109 85
109 90
109 93
109 95
109 101
109 102
109 104
109 105
109 117
109 118
109 120
109 126
109 132
110 12
110 15
110 19
110 20
110 22
110 28
110 38
110 39
110 47
110 49
110 50
110 52
110 58
110 59
110 61
110 68
110 88
110 89
110 94
110 95
110 98
110 108
110 109
110 111
110 120
111 4
111 35
111 38
111 48
111 51
111 52
111 62
111 66
112 33
112 41
112 69
113 30
