1 12
1 18
1 23
1 39
1 48
2 16
2 20
2 40
2 46
2 49
2 50
2 63
2 68
2 70
2 75
2 76
3 5
3 17
3 24
3 30
3 39
3 48
3 52
5 14
5 48
5 50
5 72
5 99
5 106
5 109
5 113
5 123
5 124
5 125
5 136
5 138
5 139
5 141
5 152
5 153
5 159
5 162
5 168
6 23
6 24
7 1
7 7
7 13
7 17
7 18
7 20
7 21
7 22
8 8
8 21
8 28
10 39
10 89
10 106
10 117
10 119
10 124
10 140
10 142
10 146
10 164
13 30
13 47
13 54
13 55
13 61
13 63
13 64
13 67
13 73
13 81
13 83
13 86
13 92
14 41
15 39
15 41
15 42
18 12
18 22
18 23
18 30
18 33
18 41
19 2
19 3
19 9
19 15
19 18
19 19
19 25
19 36
19 40
19 49
19 50
19 57
20 4
20 7
20 8
20 11
20 18
20 19
20 21
20 28
21 3
22 6
22 11
22 14
22 18
22 19
22 20
22 24
23 1
23 12
24 12
24 13
24 17
24 24
24 34
24 40
24 44
24 54
24 59
24 63
24 64
24 77
24 91
24 100
24 103
24 105
24 109
24 113
24 116
24 119
24 124
24 128
24 132
24 134
24 136
24 142
24 151
24 155
24 157
24 163
24 170
24 173
24 178
24 180
24 181
24 187
24 285
24 294
24 308
24 312
24 317
24 327
24 334
24 336
24 338
25 4
25 20
25 30
25 43
25 45
25 118
25 132
25 138
25 146
25 147
25 151
25 158
25 172
25 176
25 178
25 184
25 194
25 201
25 289
25 298
25 315
25 320
25 361
25 375
25 381
25 385
25 386
25 403
25 404
25 410
25 411
25 413
26 2
26 5
26 16
26 18
26 28
26 33
26 37
26 41
26 47
26 56
26 64
26 76
26 85
26 101
26 106
27 4
27 13
27 16
27 24
27 35
27 36
27 38
27 47
27 49
28 104
28 115
28 116
28 118
28 123
28 142
28 153
28 155
28 157
28 158
28 160
28 161
28 166
28 167
28 172
28 173
28 175
29 13
29 27
29 42
29 43
29 45
29 48
29 59
29 69
29 78
29 79
30 8
30 21
30 34
30 45
30 49
30 54
31 5
31 8
31 19
32 1
32 7
32 10
33 1
33 2
33 17
33 21
33 31
33 170
33 171
33 176
33 177
34 32
34 34
34 53
34 54
34 59
34 60
34 66
34 70
34 71
34 72
34 79
34 85
34 100
34 102
34 109
34 112
34 118
34 121
34 123
34 133
34 134
34 142
35 14
35 20
35 23
35 28
35 38
35 43
35 53
35 60
35 61
35 66
35 87
35 90
35 91
36 36
36 40
36 42
36 45
36 51
36 55
36 58
36 59
36 73
36 81
36 83
36 92
36 94
36 107
36 126
36 130
36 132
36 137
37 36
38 2
38 6
38 10
38 14
38 37
38 42
38 50
40 47
40 48
40 50
40 54
40 56
40 72
40 73
40 75
40 84
40 88
41 8
41 22
41 27
41 29
41 41
41 45
41 51
41 54
41 67
41 82
41 85
42 1
42 9
42 13
42 19
42 20
42 25
42 27
43 105
43 110
43 112
43 113
44 2
44 6
44 16
44 17
44 20
45 1
45 12
45 13
45 14
45 17
45 19
45 23
45 28
46 10
46 11
47 3
47 5
48 8
48 19
48 35
48 40
48 42
48 43
48 45
48 51
51 7
52 12
52 14
52 25
52 26
52 34
52 37
52 39
52 40
52 61
52 70
52 73
52 76
52 77
52 78
52 85
52 86
52 89
52 98
53 4
53 10
53 15
54 10
54 17
54 18
54 23
54 31
54 38
54 43
54 48
54 49
54 53
54 54
54 58
54 61
54 62
55 2
55 8
55 21
55 27
55 29
55 43
55 46
55 56
55 61
55 69
55 71
55 82
55 83
55 85
55 90
55 100
56 74
56 81
56 82
56 85
56 92
56 99
56 100
56 103
56 123
56 129
56 140
57 8
57 18
57 19
57 20
57 23
57 33
57 45
57 47
57 51
57 55
57 58
57 67
57 73
57 79
58 6
58 15
58 17
58 18
58 38
58 44
59 1
59 4
59 6
60 6
60 8
60 48
60 49
60 51
61 5
61 13
61 14
61 16
61 20
61 21
61 24
61 28
61 35
62 5
62 9
62 13
62 17
62 18
62 26
62 28
62 67
62 69
62 73
62 81
62 97
62 99
62 104
62 107
62 111
62 124
62 126
62 128
62 135
62 140
62 148
62 149
62 160
62 169
64 74
64 78
64 79
64 85
69 57
69 75
69 82
69 87
69 100
69 103
69 105
69 109
69 112
69 116
69 118
69 125
69 126
69 133
69 137
69 141
69 155
69 156
69 157
69 175
69 178
71 52
71 63
71 64
71 66
71 87
71 88
71 95
71 96
71 114
71 117
71 120
71 122
71 129
71 139
71 144
71 150
71 160
71 164
71 183
71 189
71 190
71 204
71 208
71 214
71 232
71 235
71 236
71 237
71 244
71 247
71 250
71 268
71 273
71 274
72 6
72 7
72 11
72 17
72 20
72 24
72 27
72 40
72 56
72 63
72 65
72 83
72 100
72 110
72 112
72 114
72 123
72 126
72 127
72 148
72 150
72 281
72 296
72 312
72 313
72 331
72 332
72 340
72 352
72 356
72 361
72 372
73 1
75 11
75 17
75 28
75 38
75 39
75 49
75 58
75 60
75 70
75 104
75 106
75 108
75 109
75 112
75 124
75 126
75 132
75 134
75 137
75 139
75 142
75 144
75 146
75 148
75 154
75 176
75 178
75 181
75 184
75 185
75 190
75 191
78 34
78 45
78 48
78 58
78 63
78 65
78 70
78 77
78 78
78 81
78 89
78 93
78 94
78 97
78 103
79 5
80 5
80 7
80 13
82 18
84 149
88 17
88 18
88 21
88 44
88 50
88 61
88 67
88 77
88 95
88 107
89 37
89 38
89 39
91 16
91 22
91 24
91 43
94 7
94 14
94 27
94 31
94 37
94 47
94 54
94 70
94 71
94 75
94 81
94 82
94 125
95 11
95 13
95 15
95 25
95 27
95 31
95 48
95 56
95 64
95 71
95 75
95 76
95 77
95 83
95 87
95 92
96 1
96 26
96 27
96 29
97 1
97 4
97 8
99 60
99 61
99 76
99 78
99 80
99 81
99 109
99 114
99 115
99 116
100 10
100 12
100 25
100 27
100 36
100 49
100 52
100 185
100 187
100 202
100 210
100 215
100 232
100 233
100 234
100 235
100 281
100 286
100 301
104 14
104 16
104 32
104 45
104 50
104 52
104 54
104 69
104 72
104 75
104 81
104 82
104 85
104 89
104 102
104 108
104 114
104 116
104 122
104 125
104 158
104 165
104 168
104 169
104 175
104 176
104 177
104 198
104 202
104 205
104 214
104 221
104 239
104 243
105 25
105 27
105 34
105 41
105 67
105 70
105 81
105 89
105 90
105 92
105 93
105 96
105 100
105 103
105 105
105 113
105 114
105 116
105 117
105 124
105 127
105 128
105 129
105 134
105 138
105 144
105 145
105 147
105 148
105 151
105 161
105 181
105 189
105 196
105 198
105 199
105 203
105 206
105 207
105 210
105 216
105 225
105 244
105 253
105 257
105 261
105 276
105 283
105 285
105 294
105 302
105 303
105 307
106 28
106 29
106 30
106 34
106 36
106 41
106 43
106 56
106 58
106 61
106 71
107 4
107 6
107 11
107 17
107 22
107 24
107 28
107 36
107 40
107 55
107 62
107 66
107 72
107 74
107 82
107 87
107 91
107 92
107 96
107 98
107 99
107 102
107 127
107 141
107 142
107 151
107 153
107 171
107 178
107 181
107 185
107 215
107 216
108 14
109 1
109 5
109 17
109 18
109 29
109 36
109 43
109 46
109 47
109 52
109 60
109 63
109 68
109 69
109 85
109 88
109 93
109 103
109 105
109 109
109 114
109 124
109 138
109 144
109 146
