2 3
2 4
2 19
2 27
2 32
2 36
2 42
2 46
2 55
2 57
2 58
2 62
3 1
3 12
3 14
3 15
3 16
3 28
3 60
3 90
3 95
6 32
6 38
6 46
6 53
6 55
6 56
6 59
6 67
7 28
7 41
7 42
7 55
7 56
7 64
7 68
7 72
7 78
7 80
7 81
7 85
7 86
7 87
7 92
7 97
7 98
7 108
7 115
7 119
7 135
7 148
7 151
7 152
7 158
7 161
7 169
7 172
7 185
7 186
7 192
7 197
7 205
7 210
7 211
7 214
7 221
7 227
7 228
7 230
7 236
7 237
7 238
7 240
7 243
7 249
7 256
7 259
7 267
7 268
7 273
7 277
7 287
7 289
7 298
8 1
8 12
8 16
8 19
8 36
8 46
8 85
8 98
10 9
10 17
10 22
10 31
10 35
10 46
10 54
10 63
10 64
10 80
10 84
10 85
10 104
11 66
11 70
12 52
12 71
12 86
13 2
13 6
13 7
13 44
13 51
13 52
13 54
13 60
13 64
13 69
13 87
13 88
13 93
13 94
13 97
13 98
13 100
13 102
13 103
13 120
13 127
13 128
13 141
13 149
13 150
13 153
13 161
14 7
14 9
14 12
15 47
15 59
15 65
15 70
15 73
15 76
15 81
15 86
15 88
15 89
16 1
16 3
16 19
16 21
16 25
16 27
16 35
16 37
16 48
16 49
16 61
16 65
16 77
16 79
16 82
16 83
16 89
16 91
16 122
16 125
16 126
16 131
16 133
16 137
16 142
16 152
16 155
16 158
16 159
17 44
17 58
17 60
17 62
17 69
17 70
17 74
17 76
17 78
17 81
18 1
18 3
18 6
18 7
19 11
19 14
20 3
20 14
21 5
21 9
21 17
21 19
22 1
22 8
22 10
22 18
22 19
22 27
22 30
22 33
22 118
22 119
23 2
23 9
24 7
24 21
24 28
24 45
24 76
25 1
25 3
26 1
26 3
26 10
26 21
26 22
26 23
26 24
26 32
26 35
26 55
26 57
26 58
26 59
26 72
26 80
26 87
26 94
26 98
26 111
26 113
26 117
26 118
26 125
26 131
26 132
28 68
29 1
29 2
29 5
30 14
30 18
30 21
30 23
30 24
30 28
30 30
31 6
31 8
32 1
32 8
32 10
32 11
32 15
32 37
32 105
32 110
32 117
32 125
32 127
32 129
32 140
32 146
32 156
33 16
33 22
34 15
34 23
34 27
34 29
34 30
34 44
34 62
34 63
34 65
34 72
34 82
34 86
34 98
35 10
35 15
35 19
35 20
35 21
35 29
35 31
35 33
35 38
35 39
35 50
35 59
35 67
35 80
35 81
35 89
35 94
37 88
37 101
37 108
37 109
37 126
37 127
37 142
37 150
37 151
37 154
37 155
38 39
38 43
38 49
38 67
38 71
38 75
38 137
38 138
38 148
38 176
39 4
39 7
39 20
39 24
39 49
39 66
39 80
39 95
39 101
39 104
39 109
39 121
39 123
39 125
41 3
41 17
41 20
41 26
41 27
41 29
41 32
41 34
41 38
41 52
41 88
41 96
42 17
42 19
42 23
42 26
42 27
42 29
42 34
42 39
42 43
42 53
42 62
42 107
42 110
42 114
42 119
42 121
42 124
42 130
43 1
43 26
43 28
43 34
43 43
43 58
43 82
43 85
43 94
43 96
43 98
43 100
43 103
43 116
43 118
43 151
43 157
43 158
44 28
44 29
44 39
44 40
44 46
44 48
44 49
44 54
44 59
44 63
44 66
44 67
44 69
44 79
44 81
44 85
44 86
44 154
44 156
44 161
44 185
45 1
45 8
45 16
45 24
45 33
45 34
45 36
45 41
45 114
45 115
46 2
46 10
46 33
46 34
46 35
46 48
46 62
46 88
46 92
46 93
46 101
46 110
46 112
46 121
46 123
46 126
47 1
50 59
50 68
50 69
50 91
50 125
50 135
50 140
50 155
53 55
53 59
53 67
53 70
53 79
53 83
53 87
53 89
53 99
53 101
53 105
53 116
54 5
54 7
54 11
54 12
54 15
54 17
54 21
54 31
54 33
54 35
54 37
55 7
55 9
55 17
56 9
56 10
56 15
56 19
56 23
56 36
56 40
56 41
56 53
56 57
56 60
56 63
57 4
57 7
57 13
57 21
59 7
60 6
60 8
61 3
61 4
61 8
61 9
61 13
61 22
61 24
62 1
62 4
62 12
62 33
62 39
62 41
62 62
62 71
62 177
63 20
63 24
63 26
63 28
63 30
63 39
63 54
63 57
63 60
63 61
63 62
63 78
63 82
63 94
63 102
63 103
63 119
64 1
64 18
64 19
64 27
64 28
64 45
64 47
64 58
64 64
64 79
64 84
64 91
64 92
64 98
64 99
64 100
64 104
64 267
64 271
64 283
64 286
64 290
64 293
64 299
64 302
64 309
64 314
64 318
65 52
65 145
65 146
65 157
65 168
65 171
65 260
65 267
65 276
65 281
65 289
65 311
65 333
65 347
65 357
65 372
65 375
65 401
65 410
65 413
65 426
65 436
65 442
65 451
65 458
65 485
65 488
65 489
65 492
65 494
65 499
65 509
65 511
65 512
65 516
65 517
65 523
65 531
65 532
65 547
65 548
65 553
65 556
65 572
65 579
65 581
65 583
65 587
65 605
65 610
65 612
65 614
65 622
65 634
65 636
65 637
65 644
65 648
66 7
66 15
66 16
66 17
66 21
66 23
67 2
67 5
67 8
67 18
67 32
67 33
67 41
67 50
68 16
68 18
69 1
69 3
69 4
69 9
70 2
70 3
70 4
70 7
70 8
70 9
70 15
70 18
70 28
70 32
70 37
70 41
70 42
70 43
70 52
70 54
70 59
70 65
70 69
70 72
70 73
70 102
70 104
70 105
70 107
70 170
70 171
70 172
70 180
70 182
70 183
70 191
70 198
70 203
70 206
70 222
70 227
70 228
70 235
70 242
70 254
70 258
70 259
70 264
70 265
70 267
70 270
70 273
70 274
70 281
70 350
70 352
70 355
71 3
71 10
71 31
71 32
71 37
71 43
71 45
71 50
71 58
71 65
71 68
71 71
71 81
74 20
74 27
74 29
74 31
74 46
74 47
74 53
74 55
76 6
76 12
76 13
76 26
76 27
76 29
76 33
76 40
76 42
76 44
76 46
76 50
76 69
76 84
76 85
76 88
76 90
76 93
76 100
76 110
76 111
76 125
76 126
76 168
76 178
77 8
77 13
77 20
77 21
77 35
77 44
77 50
77 51
77 52
77 55
77 59
77 70
77 76
77 78
77 85
77 86
77 92
77 94
77 98
77 103
77 110
77 112
77 118
77 119
77 122
77 123
77 136
78 2
78 5
78 11
78 12
78 16
78 18
78 20
78 39
78 45
78 48
78 50
78 55
78 59
78 74
78 84
78 86
78 89
78 100
78 117
78 118
78 120
78 127
78 142
78 143
78 155
80 1
80 15
80 17
80 18
80 24
80 27
80 36
80 38
80 46
80 52
80 59
80 68
80 81
80 85
80 87
80 89
80 91
80 109
80 114
80 117
80 124
80 129
80 186
80 193
80 267
80 271
80 275
80 396
81 15
81 18
81 19
81 21
81 24
81 26
81 38
81 49
82 6
82 8
82 10
82 17
82 28
82 31
82 32
82 36
82 38
82 42
82 45
82 48
82 65
82 76
82 91
82 105
82 109
82 114
83 20
83 28
83 30
83 37
83 40
83 42
85 48
85 59
85 63
85 66
85 86
85 88
85 94
85 99
85 100
86 1
86 21
86 43
86 46
86 50
86 66
87 9
87 14
87 16
87 18
87 20
87 21
87 22
87 25
87 34
88 6
88 8
92 5
92 8
92 21
92 23
92 27
92 49
92 50
92 53
92 56
92 69
92 71
92 73
92 84
92 99
92 100
92 102
92 107
92 110
92 111
92 112
92 122
92 125
92 126
92 127
92 133
92 137
92 141
92 146
92 149
92 152
92 153
92 165
92 168
92 173
92 183
92 184
92 188
92 190
92 203
92 206
92 207
92 211
92 230
93 6
93 11
93 15
93 17
93 21
93 152
93 155
93 157
93 162
93 163
93 175
93 176
93 178
93 260
94 1
94 5
94 10
94 11
94 13
94 15
94 21
94 22
94 27
94 28
94 30
94 40
94 45
94 50
94 62
94 71
94 82
94 84
94 93
94 97
94 99
94 101
94 124
94 133
94 137
94 144
94 149
95 23
95 26
95 30
95 35
95 39
95 49
95 50
95 57
95 60
95 63
95 67
95 71
95 72
95 78
95 102
95 237
95 242
95 243
95 244
95 245
95 252
95 253
95 256
95 257
95 262
96 3
96 9
96 25
96 27
96 32
96 33
96 42
96 43
96 57
96 66
96 74
96 77
96 87
96 92
96 94
98 45
98 63
99 71
