1 1
1 4
1 110
1 117
1 120
1 136
1 140
1 146
1 147
1 148
1 165
1 166
1 176
1 178
1 180
1 182
1 184
1 187
1 191
1 192
1 193
1 194
1 204
1 218
1 236
1 240
1 242
1 258
1 261
1 262
1 263
1 265
1 298
1 305
2 19
2 25
2 32
2 36
2 38
2 44
2 52
2 63
2 68
2 73
2 76
2 79
2 82
2 83
2 86
2 89
2 94
2 98
2 109
2 111
2 117
2 122
2 123
2 151
2 155
2 156
2 169
2 176
2 179
3 8
3 9
4 9
4 11
4 12
6 59
7 1
7 2
7 14
7 18
7 19
7 32
7 36
7 125
8 47
8 48
8 56
8 62
8 65
8 66
8 78
8 79
8 90
8 99
8 103
8 105
8 181
8 187
8 191
8 206
8 210
8 217
8 224
9 2
9 3
9 5
9 7
9 8
9 15
9 18
9 21
9 23
9 35
9 45
9 54
9 58
9 59
9 60
9 62
9 65
9 143
9 147
10 79
10 83
10 84
10 90
10 94
11 1
11 5
11 15
11 20
11 25
11 29
11 41
11 111
11 114
11 130
11 139
11 140
11 150
11 164
11 165
12 72
13 1
13 3
13 8
13 9
13 14
13 16
13 17
13 29
13 33
14 12
14 16
14 20
14 22
14 24
14 27
14 29
14 41
14 43
14 50
14 56
14 58
14 70
14 79
14 80
14 84
14 90
14 93
14 106
14 111
14 112
14 113
14 115
14 116
14 123
14 125
14 127
14 135
14 146
14 147
14 154
14 162
14 163
14 165
14 179
14 190
14 191
14 209
14 212
14 213
14 217
14 220
14 230
14 231
15 1
15 9
15 15
15 17
15 29
15 30
15 32
15 44
15 45
15 47
15 54
15 56
15 58
15 65
15 75
15 78
15 85
15 90
15 93
15 100
15 104
15 112
15 113
15 124
15 126
16 6
16 8
16 14
16 19
16 22
16 39
16 47
16 55
16 58
16 59
16 69
16 74
16 77
16 80
16 82
16 90
16 92
16 95
17 111
18 1
19 15
19 20
19 21
19 24
19 25
19 34
19 36
19 40
19 44
19 50
19 55
19 56
19 60
19 69
19 72
19 81
19 84
19 85
19 92
19 94
19 96
19 97
19 103
20 2
20 3
20 97
21 8
21 10
21 14
21 17
21 67
21 69
22 39
22 40
22 41
22 42
22 43
22 57
22 60
22 72
22 73
22 75
23 8
23 11
23 23
23 25
23 33
23 39
23 43
23 45
23 49
23 52
23 63
23 69
23 76
23 205
23 206
23 211
23 213
23 217
23 218
23 229
23 231
23 242
23 243
23 248
23 249
23 254
23 256
23 263
24 1
24 3
24 6
24 11
24 16
24 42
24 78
24 89
24 97
24 99
24 102
24 103
24 126
24 129
24 135
24 154
24 160
24 188
24 193
24 195
24 208
24 209
25 3
25 7
25 13
25 15
25 16
26 10
26 12
26 14
27 4
27 5
27 16
27 18
27 24
27 29
27 32
27 39
27 40
27 41
27 44
27 51
28 62
28 78
28 83
28 85
28 99
30 57
30 64
30 68
30 69
30 77
31 1
31 70
31 79
31 80
31 86
31 93
31 111
31 114
31 116
31 118
31 125
31 130
32 11
32 13
32 16
32 38
32 44
32 52
32 115
32 138
32 139
32 149
32 150
32 156
32 159
32 168
32 177
32 180
32 185
32 187
32 190
32 194
32 197
32 202
32 211
32 214
32 224
32 230
33 2
33 9
33 10
33 20
33 153
33 160
34 5
34 6
34 136
34 141
34 142
34 147
34 149
34 155
34 156
34 176
34 180
34 185
34 186
34 199
34 205
34 214
34 225
37 1
38 28
38 36
38 41
38 46
38 47
38 51
38 60
38 61
40 67
40 89
40 96
40 228
40 254
40 255
40 261
40 264
40 265
40 267
40 268
40 287
40 289
40 290
40 294
40 299
40 301
40 308
41 1
41 6
41 19
41 21
41 22
41 26
41 27
41 34
42 121
42 137
42 139
45 20
45 23
45 24
45 26
45 28
45 38
45 51
45 56
45 60
45 65
45 79
45 80
45 83
45 94
45 108
45 109
45 113
45 117
45 118
45 119
45 125
45 127
45 130
45 131
45 155
45 162
45 172
45 178
46 2
46 20
46 26
46 27
46 32
46 34
46 39
46 42
47 3
47 4
47 8
47 21
47 151
47 155
47 156
47 158
47 161
47 162
47 163
49 85
49 90
49 93
49 99
49 105
49 110
49 115
49 120
49 124
49 126
49 131
49 133
49 143
49 144
49 146
49 151
49 157
49 166
49 176
49 177
49 180
49 185
49 189
49 190
49 194
50 38
50 42
50 52
50 53
50 54
50 68
50 90
51 23
51 27
51 29
51 32
51 34
51 37
51 183
51 190
51 288
52 4
52 5
52 22
52 24
52 25
54 30
55 2
55 9
55 14
55 17
55 32
55 37
55 38
56 6
56 10
56 18
56 25
56 35
56 37
56 42
56 43
56 46
56 48
57 5
57 6
57 20
57 28
57 29
57 31
57 32
57 43
57 44
57 55
57 60
57 65
57 66
59 5
59 11
59 13
59 15
59 20
59 23
59 31
59 39
59 47
60 17
60 19
62 5
63 15
63 17
63 23
63 28
63 29
63 33
63 38
63 43
63 50
63 53
63 55
63 56
63 60
63 62
63 65
63 77
63 78
63 85
63 90
63 91
63 93
63 96
63 110
63 114
63 126
63 132
63 133
63 139
64 91
64 120
65 1
65 9
65 145
65 161
65 163
65 170
65 175
66 2
66 7
66 14
66 18
66 29
66 30
66 35
66 47
66 52
66 59
66 62
66 69
67 3
67 12
67 14
67 27
67 49
68 94
68 96
68 97
68 100
68 115
68 117
68 118
68 119
68 120
68 130
68 138
68 139
68 143
68 144
68 156
68 160
68 165
68 169
68 170
68 176
68 178
68 189
69 76
69 78
69 83
69 84
69 85
70 1
70 2
70 14
70 18
71 3
71 9
72 3
72 7
73 82
73 90
73 94
73 98
73 102
75 26
76 2
76 3
76 15
76 17
76 20
76 22
76 24
76 27
77 21
77 27
77 40
77 57
77 61
77 67
77 75
77 86
77 91
78 1
78 17
78 20
78 25
78 27
78 32
78 38
78 43
78 46
79 7
79 8
79 11
79 21
79 36
79 37
79 39
79 46
79 64
79 72
79 73
79 79
79 80
79 86
79 96
80 85
80 89
80 91
80 99
80 101
80 104
80 111
80 119
81 5
81 6
81 17
81 34
81 38
81 41
81 44
81 48
81 49
81 50
81 52
82 2
82 3
82 8
82 11
82 21
82 28
82 36
82 44
82 60
82 64
82 68
82 70
82 76
82 82
82 134
82 136
82 139
82 151
82 153
82 188
82 190
82 218
82 219
82 220
82 227
82 245
82 247
82 271
82 275
82 279
82 291
82 294
82 297
82 298
82 301
82 305
82 306
82 311
82 312
82 313
82 317
82 320
82 322
82 330
82 340
82 345
82 354
83 1
83 3
83 9
83 15
83 21
83 25
83 27
83 33
83 34
84 1
84 7
84 8
84 11
84 13
84 19
84 22
84 33
84 36
84 42
84 51
84 55
84 56
84 60
84 64
84 67
84 69
84 73
84 75
85 2
85 4
85 6
85 8
85 11
85 28
85 50
85 51
85 84
85 86
85 87
85 105
85 113
86 2
87 3
87 5
87 27
87 34
89 33
89 41
89 46
89 49
89 50
89 52
89 67
89 80
89 86
89 90
89 91
89 105
89 109
90 2
90 10
90 59
