1 5
1 8
2 2
2 7
2 22
2 26
2 43
2 46
2 55
2 56
2 59
2 64
2 84
2 87
2 95
2 101
2 104
2 112
2 115
2 118
2 122
2 129
3 10
3 14
3 21
3 24
3 34
3 56
3 63
4 1
4 4
4 6
4 9
4 30
4 36
4 43
4 48
4 62
5 7
5 9
5 10
5 11
5 31
6 12
6 17
6 19
8 13
8 17
8 28
8 31
8 32
8 47
8 52
8 54
8 57
8 59
8 62
9 83
9 85
9 87
9 92
9 93
9 94
9 97
9 101
9 107
9 116
9 122
9 126
9 133
9 136
9 139
9 173
9 181
9 185
9 195
10 1
10 8
10 12
13 1
13 3
13 6
13 7
13 9
13 12
13 15
13 24
13 29
13 39
13 40
13 51
13 53
13 58
13 72
13 83
13 86
13 87
13 89
13 91
13 102
13 112
13 121
13 123
13 125
13 131
13 140
13 145
13 147
13 156
13 164
13 165
13 169
13 176
13 182
13 183
13 194
13 209
13 213
13 215
13 229
13 231
13 235
14 2
14 16
14 17
14 20
14 25
14 29
14 34
14 48
14 53
15 1
15 4
15 16
15 18
15 23
15 27
15 28
15 30
15 31
15 33
15 38
15 50
15 65
15 66
15 69
15 73
15 79
15 81
15 85
15 89
15 91
15 109
15 119
15 123
15 126
15 127
15 167
17 37
17 40
17 41
18 4
18 19
18 21
18 24
18 26
18 38
19 1
19 4
20 2
20 5
20 7
20 11
20 16
20 17
20 18
20 20
20 39
20 45
20 46
20 73
20 76
20 77
20 86
20 91
20 95
20 106
21 110
21 122
21 146
21 155
21 157
21 161
21 162
21 173
21 181
21 192
21 197
21 199
22 21
22 26
22 28
22 29
22 30
22 34
22 35
22 37
22 45
22 49
24 2
25 7
25 13
25 19
25 33
25 38
25 56
25 62
25 129
25 132
25 136
25 138
25 190
25 191
25 192
25 196
25 197
25 199
25 201
25 204
25 211
25 216
25 221
25 222
25 224
25 227
25 234
25 265
25 266
25 275
25 279
25 291
25 307
25 313
25 317
25 320
25 324
25 326
25 328
25 330
26 2
27 15
27 23
27 24
28 30
28 34
28 38
28 42
29 10
29 11
29 15
29 16
29 18
29 22
29 31
29 34
29 36
29 39
29 43
29 44
29 47
29 89
29 91
29 103
29 107
29 108
29 131
29 138
29 140
29 145
29 155
29 167
29 169
29 179
30 27
30 31
30 34
30 36
30 46
30 55
30 59
30 60
30 65
30 92
30 105
30 118
30 131
30 145
30 148
30 151
30 164
30 172
30 176
30 180
30 187
30 190
30 196
30 197
30 200
30 201
30 202
30 203
30 207
31 9
31 15
31 19
31 37
31 39
31 41
33 14
33 17
33 24
33 31
33 50
33 56
33 58
33 68
34 1
34 6
34 7
34 17
34 24
34 25
34 36
34 44
34 45
34 46
34 53
34 70
34 73
34 75
34 78
35 6
36 10
36 19
36 31
36 34
36 36
36 41
36 54
36 63
36 68
36 73
36 88
36 95
36 96
36 100
36 101
36 110
36 121
36 126
36 135
36 139
36 142
36 146
36 148
36 149
36 155
36 158
36 189
36 190
36 191
36 196
36 200
36 202
36 206
36 210
36 227
36 229
36 233
36 246
36 264
36 273
36 274
36 276
36 288
36 294
36 297
36 301
36 304
36 312
36 322
36 327
37 5
37 6
37 9
37 10
37 13
41 16
41 25
41 28
41 29
41 158
41 160
41 347
41 363
41 366
42 1
42 5
42 12
42 15
43 8
43 19
43 21
43 32
43 56
43 66
43 69
43 73
43 77
43 78
43 80
43 86
43 95
44 1
44 2
44 4
44 6
44 10
44 11
44 19
44 28
44 43
44 46
44 47
44 51
44 57
44 68
45 3
45 4
45 12
46 1
46 9
46 32
46 34
46 44
46 56
46 64
46 70
46 72
46 74
46 92
46 95
46 97
46 101
46 103
46 106
46 110
47 2
47 3
47 5
48 5
48 8
48 9
48 10
48 15
48 20
48 25
48 27
48 29
48 31
48 41
48 44
48 47
48 48
48 51
48 58
48 64
48 67
48 68
48 72
48 74
48 75
48 78
49 3
49 10
49 11
49 18
49 20
49 21
49 22
49 26
49 35
49 68
49 71
49 76
49 78
49 82
49 84
50 4
50 7
50 9
50 17
50 22
50 23
50 26
50 28
50 31
51 8
51 18
51 29
51 30
51 32
51 65
51 72
51 73
51 76
51 82
51 83
51 92
51 129
51 134
52 37
52 44
53 1
53 26
53 34
54 50
54 52
54 55
55 4
55 16
55 17
55 23
55 24
55 25
56 63
56 66
57 4
57 6
57 33
57 39
57 45
57 49
57 56
57 57
57 59
57 61
57 76
57 82
57 84
57 99
57 103
57 108
57 118
57 123
57 125
57 130
57 135
57 157
57 161
57 165
57 169
57 171
57 175
58 11
58 16
58 22
58 25
58 27
58 34
58 36
58 44
58 45
58 48
58 49
58 50
58 54
58 56
58 70
58 76
58 77
58 82
58 84
58 88
58 97
58 105
58 114
58 117
58 125
58 129
58 133
58 135
58 136
58 146
58 147
58 149
58 169
58 177
58 185
58 189
58 190
58 191
58 196
58 207
58 227
58 228
58 231
59 5
59 9
59 11
59 17
59 19
60 2
60 8
60 11
60 13
60 24
60 33
60 35
60 36
60 39
60 45
60 47
60 61
60 68
60 77
60 79
60 85
60 88
60 91
60 96
60 102
61 2
61 6
61 9
61 13
61 14
61 19
61 21
61 143
61 158
63 71
63 73
63 87
63 97
63 99
63 102
63 107
63 111
63 113
63 123
63 127
63 131
63 132
63 141
63 146
64 3
65 3
66 7
67 98
67 103
67 105
67 106
67 123
67 131
67 141
67 148
68 18
68 30
68 42
68 66
68 71
68 74
68 75
68 89
68 91
68 93
68 95
71 2
71 8
71 9
72 8
72 12
72 15
72 27
72 31
72 37
72 41
72 50
73 6
73 9
73 12
73 15
73 24
73 28
73 30
73 33
73 42
73 53
73 58
73 61
73 63
74 2
74 3
74 9
74 11
75 3
76 10
76 11
76 14
76 15
76 28
76 31
76 33
76 43
76 48
76 56
76 57
76 59
76 68
76 69
78 32
78 34
79 124
79 135
79 141
79 143
79 146
79 150
79 152
79 153
80 2
80 5
80 14
80 20
80 27
81 3
81 4
81 13
81 19
81 29
81 30
81 32
81 42
81 72
81 73
81 85
81 88
81 94
81 95
81 103
81 113
81 183
81 191
81 204
81 207
81 208
81 212
81 217
81 230
81 235
81 244
81 245
81 272
81 280
81 291
81 300
81 303
81 304
81 308
81 310
81 313
81 320
81 327
82 17
82 23
82 24
82 26
82 38
83 14
83 15
83 25
83 29
83 35
84 6
84 8
84 14
84 15
84 18
84 19
84 20
84 21
84 23
84 28
84 44
84 47
86 97
86 98
86 102
86 114
86 119
86 130
86 135
86 137
86 142
86 160
86 165
86 169
86 171
86 175
86 199
86 200
86 215
86 217
86 218
86 227
86 230
86 239
87 107
87 111
87 113
87 116
88 1
89 18
89 19
89 20
89 25
89 30
89 37
89 51
89 57
89 59
89 62
89 66
89 70
90 3
90 12
90 13
90 15
90 16
90 35
90 37
90 40
90 46
90 48
91 3
91 4
91 6
91 18
91 21
91 24
91 29
91 42
91 48
91 57
91 59
91 70
91 73
91 82
91 86
91 88
91 96
91 104
91 115
91 117
91 120
91 135
91 138
91 140
91 142
91 146
91 154
91 155
91 167
91 168
91 174
91 176
91 177
91 180
91 185
91 193
91 196
91 204
91 208
91 212
91 224
91 225
91 228
91 230
91 232
91 247
91 251
91 259
91 264
91 265
91 266
91 268
91 271
91 274
91 283
91 289
91 290
91 293
91 296
91 299
91 308
91 317
91 318
93 16
93 114
93 122
93 123
94 5
95 1
95 5
95 33
95 34
95 36
95 44
95 54
95 64
95 83
96 1
96 15
96 17
96 27
96 37
97 5
97 19
97 27
97 34
99 25
99 26
99 35
99 37
99 42
99 51
99 57
99 64
99 68
99 69
99 104
99 108
99 110
100 32
100 35
100 45
101 11
101 41
101 48
101 57
101 59
101 61
101 88
101 89
101 90
101 93
101 95
101 101
101 121
101 122
101 143
101 148
101 161
101 180
102 3
102 9
102 28
102 29
103 1
103 2
103 3
103 9
103 36
104 1
104 6
104 17
104 22
104 26
104 29
104 30
104 33
104 42
104 44
104 46
104 50
105 4
105 15
105 25
105 26
105 27
105 29
105 34
105 46
105 49
105 54
105 62
105 71
105 87
105 88
105 89
105 91
105 102
105 110
105 111
105 119
105 136
105 141
106 1
106 4
106 8
107 15
107 27
108 12
108 20
108 44
108 47
108 48
108 52
108 69
108 71
108 78
108 80
108 82
108 92
108 94
108 97
109 1
110 13
110 20
110 24
110 32
110 43
110 44
110 45
110 47
110 60
110 61
110 62
110 63
110 69
110 75
110 76
111 72
