1 8
1 22
1 27
1 33
1 36
1 41
1 42
1 43
1 47
1 54
1 60
1 64
1 71
1 77
1 78
2 4
2 8
2 20
2 21
2 43
2 51
2 55
2 66
2 67
2 74
2 76
2 78
2 79
2 80
3 21
3 26
3 29
3 33
3 35
3 47
3 54
3 64
3 67
3 70
3 73
3 74
3 77
3 78
3 86
3 94
3 98
3 104
3 111
3 113
3 114
3 116
3 123
3 124
3 125
3 132
3 134
3 139
3 143
3 145
3 149
3 152
3 158
3 162
3 165
4 1
4 14
4 22
4 25
5 55
5 65
5 68
5 72
5 77
5 91
5 96
5 127
5 128
5 131
5 137
5 147
5 161
5 171
5 180
5 181
6 2
6 7
6 8
6 9
6 20
6 25
7 3
7 6
7 7
7 8
7 9
7 13
7 24
7 25
7 30
7 32
7 35
7 36
7 40
7 58
7 68
7 71
7 78
7 87
7 100
7 118
7 122
7 140
7 157
7 178
7 179
7 181
7 217
8 50
8 54
8 55
8 60
8 61
8 68
8 82
9 115
9 120
9 121
9 123
9 134
9 137
10 8
11 1
11 3
11 6
11 19
11 30
11 31
12 33
12 35
12 40
12 47
12 49
12 54
12 63
12 81
12 90
12 111
12 113
12 118
12 140
12 142
12 143
12 145
12 161
12 164
12 166
12 196
12 198
12 201
12 203
12 204
12 206
12 209
12 213
12 220
12 224
12 240
12 248
12 250
12 368
12 380
12 396
12 397
12 404
12 416
12 419
12 420
12 424
12 435
12 439
12 448
12 462
12 493
12 499
13 2
13 21
13 27
14 1
14 4
14 10
14 11
14 17
14 18
14 22
14 28
14 44
14 52
14 63
14 67
14 74
14 84
14 88
14 91
14 103
14 120
14 122
14 141
14 145
14 150
14 157
15 1
15 5
15 7
15 9
15 44
16 17
16 20
16 21
16 23
17 4
17 6
17 19
17 23
17 25
17 26
17 30
17 31
17 38
17 61
17 62
17 65
17 72
17 75
17 76
17 82
17 100
17 104
17 118
17 121
17 123
17 124
17 126
17 131
17 148
18 21
18 22
18 23
18 24
18 30
18 46
18 47
18 53
18 71
19 8
19 19
19 24
19 27
19 34
19 35
19 39
19 52
19 53
19 55
19 56
19 66
19 67
19 69
19 74
19 77
19 87
19 94
19 98
19 101
19 105
19 109
19 110
19 121
19 132
19 153
19 159
21 4
21 12
21 13
21 17
21 20
21 24
21 33
21 43
21 48
21 63
21 64
21 70
21 85
21 101
21 103
21 120
21 122
21 135
21 181
21 183
21 184
21 187
21 188
22 2
22 6
22 12
22 15
22 18
22 19
22 24
22 27
22 40
22 41
22 76
22 87
22 88
22 100
22 105
22 107
22 112
22 116
22 131
22 135
23 1
24 1
24 2
24 3
24 12
24 14
24 18
24 19
24 25
24 26
24 29
24 35
24 36
24 43
24 51
24 66
24 87
24 92
24 96
24 103
24 107
24 110
24 116
24 118
24 124
24 126
24 130
24 143
24 145
24 148
24 167
24 174
24 177
24 179
24 180
24 185
24 190
24 252
24 257
24 261
24 270
24 271
24 275
24 280
24 281
24 282
24 287
24 290
24 292
24 302
24 311
25 1
25 3
25 5
27 32
27 35
27 42
27 48
28 5
28 8
28 12
28 13
28 25
28 33
28 36
28 43
28 47
28 51
28 57
28 59
28 60
28 62
28 68
28 70
28 76
28 77
28 88
28 94
28 103
28 106
29 21
29 24
33 3
33 9
33 15
33 18
33 20
35 15
35 19
35 28
35 29
35 31
35 34
36 16
36 22
36 23
36 24
36 25
36 31
38 4
38 6
38 13
38 15
38 17
38 18
38 23
38 24
38 36
38 38
38 39
38 43
38 46
38 48
38 51
39 13
40 2
40 5
40 10
40 14
40 21
40 31
40 46
40 48
40 49
40 73
40 129
40 132
42 123
42 124
43 2
43 3
44 7
44 11
44 18
44 29
44 32
44 33
44 37
45 13
45 17
45 20
45 22
45 24
45 26
45 27
45 30
45 43
45 51
45 60
46 10
46 14
46 20
46 22
46 28
46 29
46 30
46 32
47 1
47 6
47 9
47 15
47 22
47 24
47 26
47 32
48 7
48 13
48 15
48 19
48 24
49 111
49 126
49 132
49 141
50 6
50 17
50 19
50 21
50 28
50 49
50 50
50 54
50 58
50 73
50 78
50 79
51 28
51 33
51 46
51 63
51 64
51 73
51 80
56 29
56 31
56 36
56 46
56 56
56 59
56 60
56 61
56 67
57 7
57 33
57 43
57 49
57 52
57 62
57 73
58 3
58 7
58 11
62 5
62 6
62 15
62 21
62 43
62 57
63 1
63 9
63 10
64 52
64 60
64 63
64 69
64 74
64 81
64 83
64 88
64 98
64 100
64 101
66 9
66 10
66 11
67 1
67 9
67 13
67 16
67 22
67 25
67 43
67 67
67 68
67 72
67 73
67 79
67 86
67 91
68 1
68 3
68 17
68 18
68 21
68 40
68 44
68 48
68 58
68 72
69 1
69 26
69 29
69 36
69 37
69 43
69 44
69 48
71 7
71 8
71 10
71 35
71 37
71 46
71 51
71 53
71 58
71 61
71 74
71 75
71 76
71 77
72 16
72 23
72 26
72 28
72 31
72 49
72 60
72 65
72 78
72 81
72 82
72 88
73 6
73 10
73 21
73 150
74 6
74 7
74 16
74 22
74 25
74 26
74 27
74 37
74 49
74 50
74 53
74 56
74 60
74 67
74 70
74 82
74 83
74 87
74 89
74 90
74 92
74 103
75 2
75 13
75 16
75 17
75 26
76 38
76 40
76 45
76 68
76 69
76 73
76 81
76 84
76 96
76 98
76 110
76 112
76 116
76 118
76 129
76 136
76 146
76 152
76 155
76 162
76 169
78 3
78 4
78 5
78 8
78 10
78 16
78 17
78 19
78 24
78 33
78 34
78 43
78 60
78 68
78 71
78 76
79 7
79 10
79 11
79 13
79 32
79 39
79 43
79 45
80 2
80 4
80 19
80 26
80 33
80 37
80 118
80 124
80 135
80 138
80 140
80 145
80 148
80 154
80 164
80 170
80 173
80 178
80 190
80 191
82 4
82 8
86 37
86 39
86 42
86 50
86 52
86 54
87 1
87 2
87 6
87 15
87 30
87 32
87 35
87 37
87 53
87 60
87 62
87 67
87 75
87 97
87 100
87 104
87 109
87 112
87 118
87 119
87 125
87 136
87 140
87 143
87 155
87 158
87 162
87 171
87 174
87 176
87 177
87 181
89 5
89 7
89 10
90 1
90 12
90 18
90 19
90 22
90 151
90 158
91 2
91 8
91 9
91 13
91 14
91 67
92 25
92 26
92 29
92 30
92 36
92 42
92 43
92 47
92 53
92 54
92 58
92 59
92 66
92 70
92 80
92 83
92 84
92 88
93 4
93 9
93 10
93 19
93 29
93 37
93 55
93 191
94 9
94 13
94 14
94 21
94 23
94 30
94 36
94 37
94 49
94 52
95 6
95 8
95 10
95 11
95 18
95 19
95 21
95 27
95 29
95 69
95 89
95 90
95 95
95 96
95 99
95 102
95 106
95 107
95 140
95 144
95 146
95 149
95 168
96 1
96 11
96 69
96 72
96 78
96 83
96 90
96 133
96 135
96 147
96 154
96 157
96 158
96 161
96 172
96 179
96 193
96 194
96 197
96 198
96 203
97 4
97 13
97 14
97 61
97 67
97 68
98 6
98 9
98 13
98 19
99 4
99 21
99 24
99 25
99 32
99 40
99 62
101 6
101 8
101 30
101 31
101 46
101 48
101 55
101 67
101 71
101 79
101 89
101 94
101 97
101 100
101 104
101 108
101 116
101 121
101 147
101 149
101 166
101 186
101 189
101 191
101 207
101 218
101 222
101 223
101 226
101 229
101 232
101 235
101 236
102 3
102 4
102 11
102 12
103 3
103 27
104 23
105 6
105 11
105 13
105 17
105 19
105 23
105 33
105 40
105 59
105 68
105 71
105 85
105 87
105 89
105 92
105 93
105 99
105 102
105 111
105 118
105 120
105 132
105 134
105 136
105 138
105 145
105 149
105 156
106 5
106 12
106 14
106 15
106 16
107 1
107 3
107 9
107 12
107 24
108 7
108 22
108 27
110 1
110 17
110 26
112 25
112 26
112 30
112 69
112 73
112 81
112 85
112 179
112 185
112 204
113 1
113 4
113 9
113 27
113 28
113 31
113 32
113 36
113 41
113 42
113 44
113 52
113 56
113 58
113 129
113 131
113 135
113 141
113 142
113 170
113 175
113 181
113 192
114 3
114 4
114 7
114 32
114 35
114 37
114 42
114 46
114 58
114 59
114 70
114 75
114 83
114 93
114 104
114 106
114 113
114 116
115 3
115 12
115 17
116 38
116 49
116 58
116 60
116 63
116 65
116 66
116 79
116 81
116 83
116 84
116 97
116 106
117 2
117 4
117 10
117 11
117 13
117 17
117 22
118 2
120 59
120 60
121 2
121 5
121 25
