1 2
1 7
1 9
1 12
1 22
1 26
1 28
1 40
1 43
1 49
1 52
1 57
1 59
1 86
1 88
1 96
1 117
1 129
1 141
1 151
1 168
1 173
1 175
1 193
1 211
1 220
1 221
1 225
1 226
1 229
1 232
1 236
1 239
1 247
1 253
1 264
1 271
2 5
2 7
2 151
2 155
2 156
2 158
2 160
2 162
2 168
2 214
2 221
4 31
4 40
4 44
4 46
4 58
4 63
4 75
4 79
4 84
4 85
4 101
4 107
4 110
5 8
5 14
5 171
5 185
5 194
5 203
5 206
6 3
6 4
6 5
6 6
7 18
7 22
7 29
7 42
7 51
7 53
7 61
7 63
7 64
7 81
7 82
9 9
9 12
10 1
10 6
10 9
10 17
10 18
10 28
10 33
11 13
11 33
11 35
11 40
12 49
14 2
14 3
14 7
14 9
14 11
14 16
14 18
14 27
14 39
15 5
15 55
16 4
16 28
16 33
16 41
16 45
16 48
16 49
16 53
16 64
16 67
17 5
18 1
18 5
18 11
18 17
18 20
18 25
18 35
18 36
18 47
18 48
18 52
19 4
19 7
19 8
19 13
19 20
19 21
19 26
20 38
20 55
20 57
20 62
20 67
20 69
20 71
20 72
20 83
20 85
20 89
20 183
20 188
20 190
20 194
20 199
20 210
20 222
20 223
20 229
20 233
20 234
20 235
20 236
20 239
20 244
20 245
20 250
20 261
20 264
20 279
20 281
20 287
20 288
20 290
20 311
20 312
20 317
20 319
20 326
20 327
20 329
20 330
20 346
20 377
20 399
20 400
20 404
20 406
20 410
20 412
20 429
20 435
20 440
20 443
20 453
20 456
20 471
20 473
20 474
20 478
20 508
20 510
20 519
20 525
20 560
20 562
20 566
20 620
20 645
20 648
20 651
20 675
20 677
20 688
20 690
20 692
20 694
20 697
20 712
20 717
20 719
20 724
20 734
20 781
22 32
23 50
23 58
23 63
23 65
23 69
23 71
23 82
23 87
24 2
25 1
25 5
25 18
25 20
25 27
25 28
25 38
25 47
25 83
25 86
25 93
25 101
25 139
26 2
26 4
26 16
27 9
27 11
27 19
27 25
27 31
31 27
31 47
31 48
31 54
31 55
32 12
32 19
32 31
32 32
32 34
32 42
32 43
33 6
33 21
33 23
33 26
33 28
33 32
33 43
33 45
34 3
34 8
34 16
34 22
34 25
34 29
34 36
34 46
35 3
35 13
35 14
35 15
35 21
35 22
35 23
35 25
35 42
35 49
35 50
35 54
35 61
35 62
35 78
35 81
35 84
35 85
35 92
35 94
35 104
35 109
36 15
36 16
36 19
36 26
36 34
36 44
36 48
36 50
36 51
36 54
36 61
36 77
36 78
36 84
36 86
36 91
36 93
40 3
40 12
40 16
40 19
40 22
40 26
40 35
40 39
40 40
40 48
40 50
40 63
40 66
40 67
40 68
40 71
40 72
40 74
40 76
40 84
40 88
40 97
40 108
40 114
40 137
40 146
40 155
40 171
40 173
40 180
40 184
40 193
40 197
41 2
41 3
41 6
42 2
42 3
42 22
42 23
42 37
43 10
43 15
44 24
44 38
44 39
44 59
44 61
46 15
48 4
48 138
48 169
48 170
48 172
48 177
48 184
48 188
48 190
48 193
48 219
48 220
48 223
48 227
48 230
48 231
48 239
48 246
48 247
49 6
49 12
50 2
50 6
54 54
54 64
54 69
54 71
54 72
54 77
54 82
54 88
54 95
54 97
54 101
54 114
54 116
54 119
54 121
54 127
54 130
54 133
54 134
54 136
54 138
54 145
54 150
54 159
54 164
54 170
54 183
54 185
54 192
55 11
55 12
55 17
55 22
55 32
55 33
55 82
55 84
55 85
55 93
55 106
55 107
55 108
55 128
55 129
56 45
56 46
56 49
56 51
56 54
56 58
56 61
56 63
56 66
56 71
56 72
56 73
56 80
56 81
56 83
56 84
56 87
56 89
56 97
56 101
56 102
59 2
59 5
59 16
59 20
59 36
59 38
59 42
59 43
59 44
59 49
59 52
59 57
59 61
59 62
59 67
59 70
59 202
59 204
59 209
59 212
59 217
59 225
59 230
59 237
59 242
59 243
59 244
60 15
60 23
60 25
60 26
60 29
60 34
61 4
61 5
61 7
61 8
61 10
62 8
62 18
62 19
64 3
64 9
64 12
64 15
64 18
64 24
64 35
64 37
64 46
64 47
64 58
64 64
64 65
64 67
64 71
64 75
64 78
65 92
65 105
65 120
65 126
65 129
66 86
66 90
66 93
66 102
66 144
66 148
66 205
66 208
66 211
66 217
66 223
66 228
68 38
68 40
68 47
68 50
68 53
68 54
68 59
68 60
68 75
68 76
68 77
68 105
69 5
69 7
69 8
69 12
69 20
69 23
69 26
69 29
70 10
70 25
70 35
70 36
70 42
70 49
70 50
71 4
71 102
73 81
73 83
75 38
75 45
75 51
76 8
76 10
76 11
76 18
76 44
76 47
76 50
76 63
76 75
76 77
76 96
76 97
76 99
76 100
76 115
76 129
76 133
76 139
76 141
76 148
76 151
76 156
76 231
76 241
76 254
78 13
82 56
84 40
84 41
84 42
84 44
84 50
84 53
84 54
84 56
84 63
85 1
85 2
85 4
85 12
85 33
85 41
85 45
85 67
85 69
85 78
86 8
86 20
86 27
87 1
87 2
87 6
87 14
87 23
87 30
87 31
87 34
87 39
87 49
87 54
87 60
87 71
87 73
87 77
87 78
87 79
87 80
87 94
88 9
88 11
88 13
89 6
89 9
89 18
89 22
89 32
91 11
91 22
91 25
91 28
91 35
91 36
91 55
91 59
91 63
92 5
92 7
92 21
94 67
94 69
94 70
94 75
94 77
94 85
94 88
94 91
94 92
94 103
94 104
94 110
94 114
94 116
94 119
94 120
95 36
95 38
95 67
95 69
95 77
95 82
95 114
95 121
95 126
95 135
95 137
95 150
96 5
96 19
96 21
96 25
96 29
96 34
96 40
96 42
96 47
96 48
96 81
96 91
96 100
96 104
96 108
96 110
96 114
96 119
96 126
97 6
97 24
98 4
98 6
98 7
98 13
98 14
98 15
98 18
98 21
98 22
98 24
98 26
98 31
98 33
98 36
98 43
98 54
98 62
98 65
98 67
98 68
98 76
98 99
98 101
98 103
98 119
99 27
99 42
99 47
99 48
99 55
99 62
99 65
99 142
99 156
99 160
99 165
99 191
99 197
99 202
99 203
99 213
99 235
100 3
100 12
100 56
100 62
100 65
101 6
101 10
101 12
101 16
101 25
101 26
102 10
102 97
102 99
102 101
102 132
102 135
102 137
102 138
102 142
102 144
102 161
102 168
102 170
102 172
102 183
102 184
102 186
103 2
103 10
104 130
105 5
105 7
105 14
105 41
105 56
105 59
105 67
105 73
105 83
105 85
106 7
106 8
107 56
107 72
107 85
107 88
107 95
107 105
107 109
110 3
110 10
110 32
110 37
110 51
110 54
110 57
111 3
111 7
111 10
111 16
111 19
111 30
111 38
111 49
111 53
111 63
111 69
111 82
112 2
112 27
112 35
112 36
113 3
113 7
113 13
115 6
