1 8
1 9
1 32
1 34
1 38
3 4
3 8
3 13
3 23
3 35
4 9
4 11
4 13
4 14
4 17
4 22
4 86
4 89
4 93
4 96
4 106
4 122
4 125
4 126
4 134
4 143
4 145
4 147
4 173
4 174
4 176
4 178
5 9
5 12
5 21
5 23
5 27
5 28
5 32
5 47
5 50
5 65
5 69
5 72
5 75
5 76
5 85
5 87
5 122
5 130
5 139
5 159
5 162
5 169
5 171
5 176
5 177
5 181
5 182
5 184
5 195
5 196
5 205
5 212
6 1
6 3
6 9
6 11
6 51
6 130
6 135
6 154
6 159
6 162
6 179
6 181
7 8
7 48
7 50
7 57
7 58
7 69
9 14
9 16
9 18
9 23
9 32
9 34
9 35
9 41
9 50
9 60
9 62
9 67
9 83
9 85
9 87
9 101
9 205
10 1
10 6
10 11
10 15
10 17
10 19
10 23
10 37
10 51
11 7
11 8
11 41
11 50
11 52
11 57
11 63
11 69
11 73
11 74
11 84
11 97
12 15
12 17
12 19
12 74
12 77
12 94
12 99
12 111
12 113
12 117
12 118
12 124
12 176
12 184
14 10
14 12
14 14
14 32
15 8
15 10
15 11
15 20
15 26
15 34
15 44
15 46
15 49
15 59
15 61
15 66
15 70
15 79
15 82
15 87
15 91
15 92
15 99
15 103
15 111
15 115
15 116
15 118
15 120
15 121
15 123
15 133
15 135
15 142
16 8
16 11
16 12
16 22
16 24
16 25
16 27
16 29
16 33
16 42
16 48
16 55
16 56
16 57
16 60
16 79
17 2
17 13
17 15
17 19
18 5
18 7
18 22
18 28
18 69
18 71
18 74
18 75
18 210
18 223
18 230
18 232
20 72
20 76
20 77
20 82
20 86
20 91
20 100
20 138
20 149
21 4
21 5
22 44
22 57
22 62
22 68
24 3
24 12
24 17
24 38
24 40
24 45
24 61
24 66
24 71
24 94
24 98
24 100
24 102
24 105
24 108
24 109
24 115
24 119
24 121
25 16
25 26
25 31
25 35
25 46
25 49
25 53
25 54
25 59
25 63
25 71
25 81
25 86
25 87
25 90
25 93
25 97
25 99
25 104
25 107
25 120
25 122
25 124
25 127
25 130
25 134
25 140
25 143
25 146
25 148
25 160
25 170
25 171
25 172
25 174
25 179
25 180
27 86
27 94
27 96
27 118
27 120
27 131
28 104
28 107
28 113
28 115
28 118
28 125
28 127
28 133
28 134
28 145
28 148
28 149
28 153
28 159
28 160
28 168
28 170
28 172
28 176
28 192
28 193
28 200
28 212
28 217
28 220
28 222
28 224
28 225
28 228
28 229
28 253
28 278
28 279
28 286
28 288
28 294
28 296
28 297
28 309
28 322
28 326
28 328
28 341
28 343
28 474
28 484
28 487
28 491
28 492
28 496
29 3
29 6
29 9
29 15
29 16
29 21
29 26
29 34
29 35
29 46
29 53
29 57
29 62
29 69
29 81
29 90
29 92
29 96
29 99
29 100
29 116
29 118
29 132
29 133
29 137
29 141
29 149
30 1
30 3
30 5
30 14
30 19
30 26
30 35
30 48
30 52
30 63
30 70
30 75
30 90
30 91
30 102
30 120
30 125
30 134
30 135
30 136
30 140
30 141
30 144
30 148
30 150
30 152
30 157
30 172
30 187
30 190
30 194
30 195
30 205
30 207
30 210
31 8
31 10
31 11
31 27
31 29
31 30
31 40
32 80
32 88
32 92
32 95
33 7
33 16
33 28
33 30
33 33
33 34
33 42
33 48
33 52
33 62
33 64
33 72
33 76
33 79
33 84
33 90
33 96
33 97
33 102
33 104
34 15
34 19
34 25
34 28
34 36
35 1
35 13
35 17
35 21
35 22
35 37
36 2
36 4
36 5
36 9
36 96
36 111
36 114
36 143
36 148
36 154
36 155
36 156
36 175
36 181
36 184
36 186
36 192
36 198
36 201
36 204
36 225
36 227
36 243
36 244
37 6
37 9
38 59
38 60
38 63
39 4
39 13
39 17
39 46
39 50
39 68
39 114
39 115
39 117
39 127
39 128
40 11
40 13
42 55
42 66
42 67
42 71
42 78
42 86
42 93
43 9
43 13
43 15
43 22
43 24
44 12
44 15
44 18
44 21
44 24
44 31
44 36
44 37
44 41
44 43
44 53
44 61
44 68
45 5
45 9
45 13
45 54
45 59
45 60
45 64
45 68
45 69
45 78
45 90
45 107
45 109
45 115
45 125
45 148
45 151
45 169
45 171
45 172
46 2
46 6
46 7
46 16
46 29
46 39
46 42
46 53
46 61
46 65
46 67
46 71
46 83
46 84
46 87
46 106
46 108
46 109
47 1
49 15
49 75
49 78
49 88
49 93
49 95
49 105
49 108
49 124
49 128
49 130
52 83
52 86
53 2
53 4
53 7
53 8
53 11
55 10
56 4
56 10
56 14
56 20
57 8
57 17
57 21
57 25
57 35
57 38
57 45
59 30
59 41
59 44
59 48
59 49
59 61
59 65
59 74
59 83
59 92
59 94
59 95
59 107
59 116
59 123
59 146
59 155
59 160
59 167
59 170
59 185
59 187
59 195
59 209
59 213
59 216
59 228
59 240
59 245
59 247
59 254
59 272
59 279
59 283
59 288
59 289
59 292
59 300
59 301
59 303
59 306
59 308
59 324
60 1
60 7
60 9
60 10
60 18
60 22
60 54
60 66
60 70
61 1
61 5
61 16
61 35
61 36
61 37
61 43
61 47
61 56
61 63
61 66
61 68
61 72
61 75
61 81
61 91
61 119
64 53
64 61
64 103
64 106
64 235
65 6
66 25
66 27
66 33
66 36
66 37
66 39
66 50
66 60
66 64
66 69
66 80
66 81
66 91
66 96
66 104
68 4
68 5
68 7
68 23
68 24
68 30
68 32
68 35
68 38
69 33
69 36
69 37
69 44
69 49
69 52
69 55
69 61
69 63
69 66
69 70
69 77
69 78
69 82
69 85
69 108
69 110
69 117
69 119
69 125
69 127
69 135
69 143
69 144
69 145
69 148
69 153
69 157
69 158
69 161
71 12
71 15
71 18
71 23
71 24
71 32
71 39
71 41
71 46
71 52
71 60
71 65
71 68
71 70
71 72
71 74
71 93
73 13
73 14
73 24
73 25
73 27
73 36
73 48
73 51
73 59
73 67
73 76
74 17
74 23
74 28
74 38
74 39
74 44
74 50
74 65
74 72
74 92
74 100
74 101
74 106
74 107
74 113
74 117
74 119
75 3
75 5
75 11
75 13
75 14
75 21
75 22
75 37
75 39
75 40
75 49
75 58
75 59
75 63
75 71
75 75
75 81
75 82
75 85
75 88
75 93
75 95
75 100
75 120
75 121
76 1
76 3
76 5
76 7
76 11
77 9
77 23
77 28
77 31
77 35
78 2
78 3
78 5
78 9
78 14
78 16
78 18
78 20
78 24
78 26
79 49
79 106
79 107
79 109
79 111
79 114
79 122
79 124
82 75
82 86
82 89
82 91
84 7
84 8
84 9
84 142
84 211
84 213
84 215
84 247
84 248
84 252
84 258
84 259
84 268
84 271
84 273
84 285
84 298
84 305
84 319
84 325
84 331
84 341
84 357
84 384
84 387
84 402
84 404
84 408
84 410
84 414
84 415
84 421
84 427
84 432
84 435
84 445
84 452
84 455
84 456
84 457
84 469
84 482
84 486
84 488
84 491
84 502
86 3
86 7
86 11
87 5
89 14
89 30
89 39
89 54
89 56
89 67
89 70
89 81
89 82
89 86
89 89
89 105
89 115
89 125
89 127
89 140
89 143
89 149
89 156
89 163
89 168
89 173
90 4
91 14
91 24
91 25
91 32
91 162
91 168
91 177
91 182
91 185
92 4
92 11
92 22
92 32
92 34
92 35
92 36
92 44
94 37
94 39
94 41
94 43
94 49
94 53
94 61
94 66
94 69
94 77
94 89
94 90
94 91
94 95
94 96
94 97
94 98
94 99
94 166
94 170
94 172
94 191
94 193
94 200
95 7
95 14
95 21
95 31
95 32
95 50
95 57
95 59
95 65
96 5
97 1
97 3
97 19
97 22
97 29
97 30
97 32
98 20
99 12
