1 38
1 49
2 26
2 31
2 36
2 38
2 40
2 41
3 4
3 9
3 11
4 7
4 13
4 16
4 19
4 23
4 24
4 25
4 29
4 36
4 43
4 48
4 52
4 54
4 63
4 68
4 82
4 86
4 88
4 97
5 8
5 27
5 31
5 38
5 41
5 47
5 49
5 132
5 138
5 140
5 145
5 146
5 149
5 150
5 159
8 8
9 4
9 5
9 12
9 23
9 27
9 28
9 34
9 42
9 48
9 50
9 58
9 61
10 1
10 7
10 8
10 13
10 15
10 16
10 25
10 28
10 30
10 32
10 39
10 41
12 8
12 11
12 13
12 20
12 22
12 27
12 32
12 34
12 36
12 40
12 44
12 46
12 62
12 63
12 64
12 71
12 73
12 75
12 77
12 156
12 172
12 174
12 175
12 178
12 188
12 203
12 207
12 212
12 217
12 224
12 225
12 247
12 251
12 263
12 266
12 269
12 282
12 290
12 293
12 294
12 309
12 319
12 324
12 325
12 327
12 328
12 329
12 333
12 341
12 343
15 4
16 1
16 6
16 8
16 17
16 21
16 59
16 60
16 63
16 82
16 86
16 95
16 102
16 109
16 118
17 93
17 95
18 2
19 2
19 7
19 9
19 22
19 30
20 12
20 23
20 24
20 28
20 31
20 38
20 43
20 61
20 69
20 71
20 76
20 78
20 79
22 100
22 105
22 106
22 115
22 116
23 20
23 21
23 22
23 28
23 31
24 5
24 14
24 22
24 32
24 34
24 36
24 80
24 91
24 92
25 1
25 22
25 24
25 26
25 31
25 34
25 37
25 49
25 180
25 191
25 199
25 214
25 215
25 219
25 225
25 226
25 230
25 238
25 252
25 256
25 260
25 263
25 266
25 276
25 277
25 282
25 321
25 322
25 330
25 332
25 343
25 356
25 357
26 5
26 7
27 5
27 33
27 35
27 36
27 53
27 77
27 81
27 86
27 95
27 107
27 114
27 125
27 158
28 3
28 5
28 7
28 12
28 17
28 22
28 23
28 34
28 36
28 37
28 40
28 52
28 56
28 58
28 66
28 75
28 103
28 104
28 113
28 248
28 276
28 280
28 283
28 286
28 291
28 303
28 312
28 314
28 317
28 323
28 325
29 6
29 10
31 29
35 10
35 11
35 16
35 28
35 31
37 12
37 14
37 15
37 17
37 19
37 38
37 44
37 55
37 57
37 63
37 73
37 84
37 90
37 92
37 97
37 99
37 100
37 102
37 107
37 112
37 152
37 155
37 158
37 160
37 290
38 4
38 21
39 1
39 3
39 12
39 16
39 18
39 33
40 49
40 56
40 60
42 2
42 10
42 11
43 1
44 2
45 10
45 11
46 12
46 23
46 30
46 32
46 35
46 45
46 55
46 61
46 194
46 200
46 204
46 214
46 223
46 224
46 231
46 246
46 250
46 252
46 253
46 265
46 275
46 286
46 288
46 294
46 301
46 303
46 305
46 306
47 12
47 13
48 4
48 8
48 11
48 17
48 32
48 36
48 38
48 39
48 41
48 53
49 1
49 11
49 19
50 1
50 3
50 17
50 18
50 20
51 3
51 13
51 20
51 24
52 6
52 10
52 13
52 22
52 28
52 48
52 49
52 52
52 62
52 63
52 66
52 77
52 86
52 101
52 118
52 119
52 122
52 130
52 131
52 148
52 149
52 150
52 152
52 156
52 164
52 166
52 179
52 200
52 206
52 207
52 221
52 227
52 231
52 235
52 239
52 244
52 245
52 262
52 272
52 276
52 279
52 285
52 287
52 288
52 293
52 300
52 313
52 314
52 331
52 332
52 386
52 390
52 392
53 44
53 45
53 56
53 60
53 63
53 65
53 66
53 73
53 80
53 83
54 4
54 6
54 8
54 22
54 26
54 33
54 34
54 39
54 44
54 45
54 52
54 58
54 65
54 70
54 75
55 1
55 3
55 13
55 29
55 30
55 32
55 34
55 41
55 44
55 47
55 53
55 58
55 59
55 71
55 73
55 74
55 97
55 99
55 101
55 102
55 103
55 107
55 108
55 113
55 115
56 32
56 35
56 42
56 52
57 3
57 8
57 9
57 16
57 21
57 22
60 2
60 4
60 11
62 2
62 7
62 16
62 18
62 36
62 46
62 48
62 54
62 57
62 67
62 69
62 74
62 86
62 88
62 89
62 91
62 119
62 141
62 143
62 148
62 151
62 155
62 164
62 167
62 179
62 184
62 186
62 202
63 1
63 7
63 9
63 16
63 17
63 18
63 23
63 27
63 31
63 36
63 46
63 48
63 52
63 54
63 57
63 63
63 79
63 84
63 86
63 93
63 97
63 109
63 111
63 128
63 130
63 138
63 139
63 141
63 183
64 2
64 15
64 64
64 69
64 71
64 73
64 75
64 96
64 103
64 104
64 105
64 109
64 123
64 127
64 129
64 132
64 134
64 139
64 140
64 145
64 148
64 149
64 151
64 156
64 163
64 165
64 168
64 170
64 190
64 200
64 220
64 230
64 238
64 242
64 275
65 21
65 23
65 25
65 29
65 33
65 37
65 43
65 47
65 48
65 68
65 71
65 76
65 83
65 86
65 90
65 92
65 95
65 96
65 100
66 5
66 10
66 11
66 17
67 4
67 9
67 11
68 2
68 3
68 13
68 24
68 29
68 30
68 42
68 46
68 51
68 57
68 70
68 71
68 74
69 1
69 11
69 19
69 22
69 28
69 31
69 32
69 35
69 38
69 40
69 134
69 136
69 137
69 141
70 104
70 109
70 113
70 120
70 122
70 123
70 125
70 127
70 135
70 141
70 142
70 145
70 150
70 152
70 153
70 155
70 157
70 158
70 168
70 171
70 184
70 188
70 191
70 196
70 197
70 221
70 223
70 227
70 319
70 323
70 333
70 334
70 339
70 347
70 352
70 356
70 358
70 373
70 377
70 380
70 383
70 391
70 394
70 402
71 1
71 13
71 14
73 13
73 17
77 11
77 14
77 23
77 24
77 29
77 31
77 35
77 38
77 45
77 51
77 57
77 60
77 64
77 76
77 78
78 14
78 23
78 26
78 30
79 1
79 3
79 9
79 15
79 37
79 54
79 58
79 63
79 65
79 67
80 2
80 9
80 10
80 13
80 40
80 47
81 1
81 8
81 9
81 15
81 16
84 2
84 7
84 10
84 13
84 16
86 82
86 101
86 119
86 131
86 135
86 141
86 142
86 145
86 151
86 154
86 155
86 157
86 161
86 163
88 8
88 11
88 24
88 27
88 32
88 34
89 101
89 102
90 15
90 16
90 28
90 43
90 47
91 2
91 5
91 38
91 55
91 58
91 59
91 68
91 71
91 75
91 77
91 79
91 93
91 104
91 109
91 115
91 117
91 123
91 135
91 136
91 144
91 161
91 268
91 269
91 270
91 275
91 277
91 287
91 290
91 298
91 303
91 313
91 314
91 315
91 426
92 2
92 3
92 8
92 10
92 12
92 16
92 21
92 27
93 15
93 16
93 18
93 19
93 25
93 30
93 34
93 38
93 44
93 45
93 51
93 56
93 60
93 62
93 64
93 65
93 73
93 76
93 80
93 84
93 88
93 92
93 98
93 106
93 108
94 36
94 39
94 41
94 45
94 46
94 57
94 61
94 63
94 85
94 99
94 100
94 106
96 13
96 18
96 83
96 86
96 88
96 90
96 93
96 153
96 156
96 162
96 167
96 173
96 303
96 318
96 319
96 326
96 334
97 8
97 9
97 14
97 15
97 18
97 29
97 38
97 39
97 41
97 42
97 56
97 61
97 62
99 7
99 9
99 13
99 21
99 23
99 32
100 8
100 45
100 58
100 62
100 64
100 70
100 71
101 3
101 5
101 7
101 8
101 11
101 14
102 2
102 9
102 13
102 26
103 33
103 35
103 36
103 40
103 45
105 28
105 30
105 65
105 69
105 90
105 96
106 7
106 14
106 21
106 23
106 32
106 35
106 36
106 52
106 59
107 90
107 92
107 100
107 102
107 114
107 127
107 129
107 176
107 178
107 179
107 250
107 252
107 262
107 265
107 266
107 279
107 281
107 283
107 290
107 293
107 294
108 5
108 7
108 10
108 31
108 33
108 44
108 78
109 5
109 9
109 13
