1 10
1 16
1 17
1 18
1 20
1 22
1 24
1 31
1 42
1 45
1 48
1 52
1 67
1 70
1 71
1 78
1 209
1 213
1 248
1 249
1 251
1 255
1 265
1 269
1 270
2 163
2 169
2 170
2 175
2 184
2 188
2 201
2 205
2 207
2 230
2 243
2 249
2 254
2 258
2 261
2 263
2 264
2 267
2 348
2 377
2 383
2 391
2 393
3 1
3 145
3 154
3 160
3 176
3 177
3 198
3 200
3 201
3 208
3 217
3 241
3 281
3 282
3 286
3 289
3 295
3 297
3 299
3 302
3 303
3 316
3 323
3 328
3 329
3 348
3 359
3 363
4 5
4 10
4 38
4 39
4 41
4 52
4 63
4 89
4 93
4 97
4 98
4 100
4 109
4 112
4 120
4 121
4 124
4 129
4 134
6 72
6 77
6 79
7 22
7 26
7 32
7 35
7 42
7 46
7 51
7 62
7 78
7 79
7 86
7 98
7 104
7 111
7 119
7 121
7 123
7 148
7 152
7 156
7 159
7 164
7 168
7 172
7 173
8 1
8 4
8 9
8 10
8 15
8 16
8 18
9 24
9 32
9 40
9 45
9 47
9 55
9 60
10 10
10 22
10 24
10 28
11 61
11 63
11 66
11 74
11 291
11 303
11 309
11 310
11 313
11 315
11 316
11 319
11 324
11 327
11 333
11 337
11 340
11 342
11 344
11 349
11 353
11 368
11 377
11 381
11 386
11 388
11 393
11 395
11 398
11 402
11 406
11 411
11 442
11 445
11 449
11 451
11 452
11 459
11 464
11 477
11 481
12 4
12 13
12 22
12 40
12 53
12 72
12 82
12 91
12 94
12 96
12 99
12 100
12 104
12 105
12 107
12 113
13 9
13 18
13 22
13 29
13 33
13 43
13 45
13 46
13 49
13 58
13 63
14 1
14 4
14 7
14 13
14 28
14 30
14 32
14 39
14 47
16 22
16 24
16 38
16 44
16 51
16 62
16 63
16 88
16 91
16 120
16 122
16 125
16 135
16 139
16 152
16 157
17 4
17 9
20 17
20 20
20 24
20 27
20 37
20 43
20 58
20 62
20 69
20 81
20 83
20 86
20 89
20 110
20 120
20 122
21 1
21 2
21 20
21 21
21 26
21 30
21 78
21 81
21 82
21 94
21 95
21 99
21 101
21 104
21 107
21 108
21 112
22 115
22 127
22 134
22 135
22 158
22 165
24 52
24 59
24 72
26 54
26 62
26 68
27 2
27 7
27 10
27 12
27 18
27 21
27 24
27 25
27 39
27 48
27 51
27 55
27 60
27 61
27 64
27 70
27 76
27 80
27 86
27 105
28 2
28 14
31 74
31 78
31 86
31 88
31 108
31 120
31 127
31 129
31 132
34 32
34 37
34 38
34 42
34 62
34 70
34 74
34 103
34 105
35 7
35 15
35 20
35 25
35 28
35 35
35 45
35 49
36 63
36 73
36 84
36 85
36 89
36 93
36 96
36 99
36 101
36 103
36 106
36 113
36 128
36 130
36 149
36 151
36 153
36 155
36 159
36 162
36 164
36 169
36 173
36 175
36 179
36 183
36 265
36 270
36 281
36 290
36 298
36 299
36 306
36 315
36 453
36 454
36 458
37 1
37 8
37 10
37 25
37 27
37 28
38 103
38 104
38 107
38 110
38 119
38 121
38 129
38 132
38 145
38 149
38 152
38 158
38 163
38 164
38 171
38 178
38 181
38 187
40 32
40 38
40 46
40 57
40 61
40 65
40 66
40 81
43 33
43 37
43 50
43 51
43 58
43 59
43 61
43 70
43 73
43 87
43 89
43 97
43 106
43 108
43 109
43 156
43 157
43 173
43 174
43 187
43 201
43 216
43 220
43 223
43 224
45 47
45 51
45 54
45 63
45 64
45 82
46 2
46 17
46 18
47 22
47 28
48 35
48 48
48 49
49 2
49 3
50 8
50 11
50 19
50 23
50 33
51 1
51 9
51 10
51 16
51 23
51 30
51 38
52 1
52 2
52 3
52 7
52 20
52 21
52 29
52 36
52 40
52 45
52 53
52 57
52 59
52 66
52 71
52 78
52 82
52 99
52 105
52 112
54 4
54 10
54 15
54 16
54 19
54 22
54 33
55 2
55 12
55 19
56 78
56 83
56 85
56 90
56 92
56 93
56 96
56 97
56 102
56 105
56 155
56 163
56 181
56 184
56 186
56 197
56 203
56 206
56 212
56 215
56 216
57 10
57 13
57 15
57 23
59 5
59 8
59 11
59 14
59 21
59 30
59 40
59 44
59 48
59 71
59 72
59 75
59 79
59 88
59 90
59 97
59 102
59 103
59 108
59 117
59 137
59 138
59 142
59 148
59 179
59 182
59 203
59 206
59 207
59 252
59 256
60 105
60 107
60 108
60 117
60 145
60 146
60 147
60 158
60 166
60 169
60 173
60 174
60 180
60 255
60 258
60 261
60 281
60 282
61 12
61 20
61 26
61 27
61 29
61 30
61 39
61 45
61 48
61 57
61 71
61 75
61 76
61 78
61 98
61 109
61 110
61 117
61 129
61 135
61 143
62 1
62 8
63 89
63 93
66 20
66 21
66 26
66 31
66 32
66 33
66 34
66 47
66 50
66 58
66 65
66 70
66 72
66 75
66 78
66 80
66 83
66 86
66 93
67 8
67 12
68 12
68 24
68 25
68 28
68 30
68 40
68 41
69 2
69 6
69 9
69 10
69 14
69 20
69 23
69 24
69 35
69 38
69 43
69 44
69 51
70 1
70 5
70 6
70 10
70 14
70 19
70 24
70 26
70 35
70 37
70 39
70 41
70 51
71 4
71 22
71 24
71 26
71 30
71 39
71 50
71 51
71 54
71 61
71 67
71 68
71 70
71 73
71 86
71 88
71 93
71 94
71 99
71 102
71 105
72 42
72 46
72 57
72 194
72 204
72 205
72 209
72 213
72 219
72 220
73 45
73 47
74 15
74 17
74 33
74 41
74 43
74 44
74 45
74 49
74 51
74 54
74 61
75 2
75 5
75 16
75 20
75 25
76 10
76 14
76 21
76 25
76 35
76 38
76 59
77 9
77 19
77 21
77 29
77 35
77 36
77 39
77 41
77 46
77 60
77 121
77 129
77 131
77 132
77 133
77 136
77 150
77 153
77 155
77 161
78 6
80 51
80 68
80 72
81 7
81 8
82 6
82 14
82 17
83 2
83 19
83 24
83 35
83 46
83 52
83 53
83 55
83 78
83 88
83 94
83 108
84 2
84 3
84 5
84 7
84 11
84 16
84 21
84 23
84 26
84 148
84 161
84 169
84 171
84 172
84 180
86 47
86 54
86 63
86 67
86 72
86 78
86 81
86 98
86 120
86 125
86 137
86 145
86 152
86 159
87 24
87 30
87 44
90 30
90 31
90 32
90 35
90 51
90 53
90 54
90 62
90 63
90 71
90 84
90 85
91 1
92 20
92 22
92 38
92 45
92 57
92 71
92 72
93 5
93 10
93 39
93 43
93 49
93 55
93 59
93 60
93 61
93 82
93 84
93 85
93 91
93 93
93 101
93 102
93 110
93 113
93 114
93 138
93 148
93 149
93 156
93 157
93 172
93 178
94 2
94 12
94 19
94 21
94 28
94 35
94 37
94 39
94 47
94 50
94 81
94 88
94 96
94 104
95 25
95 29
95 30
95 32
95 34
95 37
95 38
95 40
95 41
95 42
95 43
95 46
95 47
95 52
95 60
95 68
95 71
95 85
96 4
96 77
