1 13
1 14
1 16
1 17
2 9
2 55
2 56
2 59
2 65
2 87
2 92
2 93
2 95
2 97
2 102
2 110
2 111
2 117
2 130
2 131
2 138
2 142
2 143
2 154
2 158
2 173
2 175
2 178
2 181
2 187
2 190
2 194
2 219
2 224
2 237
2 240
2 260
2 263
2 266
2 267
2 270
2 274
2 276
2 278
2 295
2 298
2 305
2 306
2 309
2 310
2 318
2 356
2 366
2 380
2 384
2 388
2 399
2 401
2 402
2 411
2 414
2 415
2 421
2 427
2 439
2 440
2 443
2 444
2 448
2 464
2 469
2 471
2 475
2 477
2 488
2 492
2 496
3 1
3 5
3 7
3 8
3 24
3 41
3 43
3 48
3 50
3 58
3 61
3 73
3 78
3 96
3 156
4 5
5 41
5 50
5 54
5 55
5 57
5 68
5 75
6 37
6 38
6 42
6 47
6 178
6 199
6 202
6 222
6 236
6 238
6 239
6 241
6 248
6 249
6 254
6 259
6 261
6 274
6 277
6 283
6 303
6 304
6 308
8 11
8 141
8 147
8 153
8 155
8 156
10 65
10 67
10 78
10 83
10 93
13 11
13 12
13 13
14 7
14 10
14 24
14 34
14 36
14 37
14 42
14 53
14 55
14 56
14 58
14 60
14 64
14 65
14 70
14 74
14 81
14 82
14 87
14 95
14 98
14 101
14 107
14 116
14 122
14 126
14 131
14 133
14 147
14 149
14 152
14 160
14 162
14 171
14 173
14 179
14 213
14 216
14 218
15 104
15 123
15 125
15 130
15 150
15 151
15 154
15 161
15 166
15 275
15 277
15 304
15 306
15 310
15 330
15 336
16 2
17 4
17 9
17 10
18 5
18 8
18 9
18 18
19 7
19 22
19 23
19 24
19 27
19 30
19 39
19 40
19 48
19 50
19 58
19 62
19 67
20 2
20 8
20 10
20 11
20 27
20 29
20 36
20 86
20 90
20 93
20 104
20 108
20 111
20 113
20 121
20 124
22 2
22 3
22 13
22 25
22 27
22 29
22 35
22 36
22 45
23 49
23 59
23 70
23 71
23 76
23 78
23 79
23 80
23 85
23 93
23 94
23 142
24 1
24 5
24 7
24 10
24 11
24 14
24 23
24 26
24 38
24 43
24 44
24 176
24 180
24 182
24 210
24 212
24 217
24 225
24 227
24 229
24 238
24 240
24 241
24 253
24 254
24 384
24 387
24 404
24 406
24 408
24 410
24 411
25 11
25 16
25 39
26 3
26 10
28 1
29 11
29 12
29 15
29 36
29 44
29 50
30 2
30 12
30 13
30 14
31 1
31 6
32 17
32 19
32 25
32 31
32 48
32 49
32 55
32 64
32 67
33 62
33 64
33 66
33 71
34 5
34 8
34 15
34 26
34 29
34 32
36 9
41 29
41 41
41 43
41 45
41 46
41 61
41 79
41 80
41 84
41 88
41 89
41 93
41 112
41 115
41 123
41 125
42 71
42 76
42 85
42 89
42 102
42 145
42 149
42 167
42 171
42 175
42 179
42 184
42 189
42 194
42 206
42 211
42 292
42 294
42 318
42 320
42 325
42 327
42 329
42 332
42 335
42 336
42 337
42 345
42 360
42 361
42 367
42 372
42 374
42 385
42 393
42 397
43 5
43 14
43 16
43 19
43 24
43 31
43 32
43 40
43 74
43 78
43 79
43 82
43 83
43 99
43 100
43 109
43 115
43 123
43 129
43 132
43 144
43 149
43 153
43 154
43 159
43 185
43 190
43 191
43 195
43 202
43 267
43 278
43 285
44 8
44 9
44 15
44 17
44 22
44 24
44 33
44 36
44 40
45 12
45 13
45 24
45 37
45 40
45 45
45 49
45 58
45 64
45 85
46 4
46 6
46 39
46 44
46 60
46 62
46 71
46 75
46 90
46 98
46 106
46 117
46 123
46 124
46 127
46 132
46 137
46 148
46 166
46 174
46 184
46 194
46 195
46 205
46 216
46 221
46 225
46 228
47 1
47 12
47 14
47 15
47 16
47 19
48 40
48 44
48 52
48 63
48 67
48 68
48 83
48 85
48 87
48 90
48 95
52 59
52 60
52 78
52 111
52 113
53 9
53 13
53 20
53 29
54 12
54 33
55 9
55 13
55 19
55 24
55 29
55 32
56 71
56 79
56 93
56 95
56 99
56 104
56 105
56 111
56 113
56 114
56 116
56 125
56 197
56 204
56 208
56 220
56 225
57 8
57 12
57 13
60 33
60 137
60 138
60 143
60 146
60 147
61 49
61 56
61 62
61 73
61 77
61 78
62 2
62 7
62 12
62 14
63 6
63 10
63 12
63 17
63 25
64 44
64 49
64 50
64 51
64 58
64 60
64 62
65 6
65 16
65 27
65 161
65 164
65 165
65 166
66 5
66 9
67 2
67 9
67 10
67 20
67 27
68 9
68 12
68 14
68 17
68 35
68 39
68 41
68 42
68 52
68 58
68 145
68 148
69 3
69 7
70 65
70 66
70 75
70 78
70 81
70 83
70 84
70 90
70 97
70 133
70 147
70 149
70 155
70 158
70 171
70 185
70 203
70 206
70 209
70 210
70 211
70 214
70 217
70 220
70 222
70 227
70 232
71 4
71 6
71 9
71 14
71 19
71 23
71 25
71 26
71 32
71 36
71 40
71 47
71 48
72 23
73 2
74 2
74 9
74 16
74 24
74 26
74 32
74 33
74 37
74 50
74 60
77 47
77 52
77 69
77 74
77 83
77 87
77 89
77 94
77 98
77 105
78 5
78 7
79 7
79 9
79 10
79 11
79 13
79 17
79 22
80 1
81 9
81 25
81 26
81 30
81 36
81 65
81 70
82 4
82 8
82 22
82 37
82 47
82 53
82 56
82 65
82 66
82 72
82 75
82 82
82 88
82 100
83 49
83 54
83 58
83 74
83 75
83 80
83 83
84 9
84 16
84 19
84 24
84 25
84 33
84 34
84 44
84 47
84 50
84 53
84 57
84 77
84 79
85 1
85 5
85 6
85 18
85 19
85 23
85 24
85 29
85 32
85 43
85 54
85 63
85 64
85 73
85 74
85 83
85 102
86 1
86 2
86 7
87 46
87 57
87 60
87 77
89 1
89 10
89 31
89 35
89 36
89 48
90 122
91 98
91 103
91 107
91 111
91 127
91 154
91 160
91 169
93 84
93 111
93 112
93 115
93 117
93 118
94 1
94 2
94 13
94 25
97 52
97 53
97 57
97 58
97 87
97 93
97 99
97 112
97 115
97 118
97 135
97 136
97 140
97 146
97 151
97 155
97 159
97 161
97 163
97 165
97 168
98 3
98 4
98 9
98 10
98 25
98 27
98 36
98 37
99 1
99 7
99 12
99 15
100 1
100 4
100 21
100 23
100 26
100 30
100 31
100 34
100 39
100 44
100 45
100 61
100 65
100 67
100 72
100 75
100 77
101 3
102 1
102 4
102 6
102 7
102 8
103 1
104 11
104 19
104 21
104 25
104 29
104 35
104 40
104 41
104 43
104 44
104 51
104 73
104 74
104 81
104 82
104 102
104 127
104 135
104 145
104 152
104 159
104 165
104 167
104 170
104 176
104 185
104 187
104 189
104 207
104 215
104 217
104 222
104 233
105 1
105 10
105 12
105 13
105 18
105 22
105 23
105 34
105 37
105 39
105 43
106 13
106 14
106 15
106 23
106 33
106 35
106 48
106 60
106 65
106 69
106 71
106 73
106 90
106 92
106 100
106 111
107 1
107 43
107 53
107 55
107 62
107 64
107 66
107 71
107 75
109 1
110 8
110 17
110 20
110 21
110 24
110 37
110 42
110 44
110 45
110 47
110 49
110 59
110 73
110 82
110 83
110 85
110 94
110 96
110 101
110 102
110 103
110 107
110 110
110 115
110 118
110 250
110 252
110 258
110 260
111 2
111 23
111 25
111 73
