1 2
1 4
1 8
1 138
1 144
1 149
1 153
1 162
1 182
2 6
2 17
2 23
2 24
2 35
2 40
2 43
2 48
2 49
3 61
4 3
4 7
4 9
4 14
4 18
4 21
4 22
4 26
4 32
4 38
4 39
4 42
4 43
4 44
4 48
4 52
4 54
4 55
4 69
4 80
4 85
4 90
4 96
4 99
4 101
4 102
4 119
4 121
4 130
4 139
4 140
4 141
4 155
4 170
4 172
4 184
4 302
4 304
4 307
4 310
5 2
5 8
5 13
5 18
6 2
6 11
6 20
6 30
6 34
6 37
6 48
6 51
7 15
7 18
7 19
7 23
8 8
8 11
9 13
9 14
9 17
9 29
9 41
9 43
9 58
9 61
9 63
9 69
9 71
10 2
11 7
12 22
12 25
13 61
13 68
13 73
13 77
13 78
13 84
13 90
13 101
13 103
13 104
13 110
13 111
13 112
13 125
13 144
13 148
13 158
13 161
13 162
13 163
13 254
13 255
13 267
13 271
13 273
13 274
13 286
13 290
13 293
13 294
13 302
14 3
14 11
14 16
14 17
14 29
14 30
14 37
14 38
16 5
16 24
16 28
16 31
16 32
16 35
16 43
16 59
16 61
16 72
16 73
16 75
16 80
16 82
16 86
16 94
16 100
16 107
16 110
16 116
16 117
16 119
16 126
16 138
18 3
18 11
19 53
19 54
19 57
19 66
19 71
19 72
19 75
19 79
19 82
19 86
19 138
19 139
19 140
19 158
19 160
19 161
19 162
19 172
19 182
19 193
19 201
19 205
19 217
19 219
19 225
19 229
19 232
19 233
19 240
19 247
19 250
19 257
20 14
20 18
20 159
21 1
21 6
21 71
21 92
21 94
21 96
21 98
21 104
21 112
21 113
21 126
21 135
21 136
23 1
23 2
23 4
23 6
23 22
23 33
23 36
23 40
23 48
23 83
24 3
24 10
24 22
24 32
24 37
24 42
24 47
24 48
24 53
24 62
24 65
24 66
24 69
25 2
25 3
25 8
25 9
25 10
25 13
25 19
25 20
25 26
25 29
25 144
25 147
26 12
26 14
26 20
26 32
26 33
26 40
26 42
26 43
26 54
26 55
26 65
26 99
26 100
26 101
27 17
29 4
29 6
29 27
29 32
29 37
29 45
29 58
29 59
29 62
29 65
31 34
31 41
31 43
31 47
31 58
31 67
32 10
33 19
33 28
33 36
33 38
33 47
33 49
33 51
33 59
33 63
33 68
33 69
33 78
33 80
33 81
33 85
33 86
33 98
33 99
34 9
34 17
35 17
35 23
35 27
35 30
35 31
35 37
35 41
35 44
35 45
35 72
35 77
35 86
35 94
35 108
35 112
35 113
35 115
36 3
36 7
36 11
36 15
36 18
36 30
36 32
36 34
36 42
36 45
36 47
36 49
37 12
37 15
37 16
37 27
37 31
37 34
37 42
37 51
37 53
37 72
37 73
37 81
37 82
37 90
37 93
37 104
37 107
38 10
38 13
38 15
38 19
38 20
38 24
38 30
38 37
38 44
38 45
38 48
38 49
38 54
39 12
39 29
39 33
39 167
39 173
39 182
40 27
40 30
40 43
40 60
40 62
40 68
40 69
40 76
40 111
40 115
40 118
40 126
40 129
40 140
40 143
40 151
40 156
40 174
40 181
40 183
40 185
40 201
40 204
41 41
41 45
41 60
43 11
43 13
43 15
43 18
43 23
43 27
43 28
43 29
43 116
43 118
43 123
43 134
43 137
43 163
43 164
43 168
43 178
43 181
43 182
43 193
43 195
43 196
43 199
43 204
43 205
43 216
43 226
43 228
43 248
44 31
44 32
44 39
44 40
44 44
44 45
44 47
44 62
45 6
45 17
45 24
45 25
45 36
45 44
45 49
45 50
45 56
45 69
45 74
45 87
45 89
45 92
45 97
45 98
45 105
45 109
45 110
45 120
45 121
45 142
45 144
46 1
46 2
46 6
47 8
47 9
48 2
48 6
48 7
48 9
48 30
48 31
48 34
48 60
48 64
50 61
50 72
50 78
50 84
50 93
51 120
52 13
53 8
53 16
53 47
53 51
53 52
54 31
54 45
54 47
54 48
54 51
54 63
54 64
54 65
54 67
54 68
54 69
54 71
55 9
55 12
56 5
56 10
56 18
56 23
56 24
56 25
56 161
56 229
56 232
56 233
56 247
56 248
56 258
56 259
56 261
56 264
56 273
57 23
57 28
57 29
57 35
57 39
57 47
57 68
57 76
57 81
57 82
57 86
57 90
57 93
57 107
57 117
57 122
57 123
57 126
57 131
57 137
57 149
57 155
57 159
59 1
59 14
59 19
59 21
59 24
59 25
60 1
60 3
60 4
62 76
62 78
62 83
62 84
62 85
62 88
62 90
62 100
62 109
62 120
62 126
62 150
62 158
62 159
62 160
63 1
63 4
63 5
63 11
63 32
63 36
63 39
63 41
64 104
64 111
64 114
64 131
64 138
64 144
64 149
64 150
64 159
64 166
64 173
64 174
64 176
64 180
66 1
66 47
66 51
66 57
67 4
67 6
67 20
71 62
71 64
71 65
71 74
71 75
71 83
71 85
71 89
71 91
71 100
71 101
71 102
71 112
71 118
71 122
71 126
71 138
71 146
71 149
71 155
71 175
71 178
71 186
71 187
71 193
71 197
71 198
71 203
71 205
71 208
71 218
71 225
71 240
71 245
71 248
71 256
71 269
71 270
71 280
71 281
71 288
72 11
72 13
73 1
73 23
73 29
73 39
73 40
73 55
73 56
73 69
74 5
74 7
74 20
74 26
74 31
74 32
74 36
74 40
76 7
76 10
76 12
76 14
76 16
76 18
76 21
76 22
76 53
76 60
76 75
76 77
76 80
76 81
77 1
77 13
77 15
77 27
77 37
77 50
77 67
77 75
77 77
77 84
77 91
77 94
77 102
77 103
77 106
77 149
77 156
77 160
77 161
77 292
78 9
78 10
78 17
78 26
78 133
78 137
78 139
78 141
78 157
78 161
78 162
79 17
79 23
80 14
80 17
80 19
80 26
80 28
80 35
81 5
81 24
81 25
81 28
81 36
81 37
81 38
81 50
81 67
81 71
81 86
81 92
84 3
84 6
84 12
84 15
84 26
84 34
84 48
84 55
86 13
86 17
86 20
86 24
86 26
86 32
86 35
86 40
86 45
86 46
86 56
87 2
87 11
87 14
88 2
88 5
88 7
88 20
88 36
88 39
88 40
88 51
88 61
88 66
88 70
88 72
88 75
88 80
88 84
88 87
88 102
88 107
88 113
88 115
88 120
88 121
88 122
88 127
88 134
88 137
88 139
88 148
88 150
88 159
88 162
88 163
88 169
88 172
88 176
88 177
88 181
88 184
88 185
88 190
88 192
88 198
88 202
88 206
90 65
90 68
90 76
90 83
90 86
90 88
91 66
91 71
91 88
91 91
91 92
92 9
92 14
92 38
92 39
92 40
92 48
92 52
92 53
92 55
92 57
92 60
92 69
92 75
92 76
92 77
92 78
92 82
92 84
92 86
92 96
92 102
92 110
92 115
92 124
93 22
93 24
93 26
93 36
93 38
93 49
93 51
94 11
94 14
94 24
95 1
95 7
95 11
95 12
95 13
95 14
95 20
95 24
95 50
95 106
95 110
95 111
95 118
95 120
95 127
95 135
95 136
95 140
97 120
97 123
97 124
97 131
97 149
97 156
97 159
97 165
97 169
97 170
97 185
97 190
97 192
97 194
97 195
97 196
97 202
97 204
97 208
98 100
