1 14
1 34
1 61
1 67
1 73
2 5
2 6
2 13
3 24
3 26
3 29
3 138
3 149
3 159
3 167
3 168
3 170
3 172
3 175
3 181
3 188
3 190
3 193
3 195
3 196
3 206
3 211
3 212
3 215
3 216
3 229
3 230
3 237
3 238
3 248
3 256
4 3
4 5
4 12
4 19
4 23
4 49
4 50
4 57
4 59
4 70
4 82
4 95
5 114
5 116
5 117
5 122
5 128
5 129
5 132
5 146
5 147
5 150
5 152
5 155
5 156
5 158
5 168
7 45
7 52
7 56
7 57
7 69
7 72
7 75
7 78
7 94
7 95
10 33
10 38
10 39
10 48
10 49
10 57
10 60
10 69
10 72
10 83
10 90
10 98
10 105
10 111
10 119
10 120
10 122
10 126
10 129
10 130
10 152
10 153
10 155
10 170
10 174
10 179
10 198
10 227
10 230
10 237
10 251
10 256
10 258
10 260
10 262
10 263
10 264
10 271
11 3
11 4
11 16
11 19
12 19
12 20
12 27
12 44
13 47
13 182
13 185
13 186
13 194
13 198
13 200
13 203
13 213
13 218
13 261
13 264
13 272
13 273
13 280
13 288
13 290
13 300
13 345
13 347
13 355
13 356
14 13
14 15
14 27
14 32
14 45
14 46
14 53
14 54
14 74
14 98
14 99
14 111
14 114
14 118
14 123
14 132
14 135
14 142
14 143
14 157
14 163
14 167
14 171
14 177
14 179
14 255
14 260
14 270
15 58
15 72
15 79
15 82
16 1
16 11
16 13
16 14
16 23
16 25
16 27
16 29
16 33
16 34
16 44
16 60
17 10
17 23
17 25
17 26
17 27
17 35
17 39
17 40
17 41
17 46
17 50
17 60
17 64
18 8
18 10
18 13
18 14
18 15
18 23
18 36
18 37
18 42
18 43
18 44
18 46
18 47
18 57
19 8
19 12
19 19
19 22
19 26
19 29
19 35
19 41
19 43
19 48
19 57
19 59
20 7
20 8
20 16
20 18
20 19
20 35
20 36
20 38
20 40
21 7
21 16
21 26
21 32
21 33
21 42
21 50
22 3
22 8
22 16
22 19
22 24
22 26
22 27
22 32
22 33
25 13
25 16
25 122
25 127
25 134
25 138
25 139
28 20
28 35
28 50
28 57
28 61
28 82
28 83
28 107
28 122
28 125
28 126
28 134
28 151
29 14
29 20
29 21
29 69
29 71
29 72
29 85
29 91
30 1
30 3
32 51
32 53
32 69
32 73
32 101
32 115
32 125
32 126
34 73
36 3
36 11
37 6
37 22
37 26
37 29
37 168
37 169
37 176
37 184
37 186
37 190
38 7
38 11
40 44
40 47
40 52
40 64
40 68
40 71
40 74
40 109
40 110
40 113
40 131
40 133
40 134
40 135
40 136
40 137
40 152
40 156
40 161
40 165
40 177
41 10
41 19
41 28
41 40
41 43
44 87
44 91
44 92
44 94
44 96
44 99
44 102
45 1
45 7
45 9
45 42
45 43
45 44
45 47
45 48
45 56
45 57
45 73
45 79
45 81
45 82
45 86
45 89
45 91
46 4
46 7
46 11
46 13
46 19
46 28
46 29
46 33
46 34
46 39
46 40
46 59
46 66
46 82
46 86
46 97
46 102
46 105
46 122
46 129
46 139
46 150
46 151
46 162
46 165
46 166
46 175
46 177
46 178
46 187
46 188
46 192
46 195
46 196
46 197
46 215
46 227
47 8
47 10
47 12
47 15
47 20
47 25
47 30
47 38
47 48
47 62
47 66
47 77
47 79
47 91
47 96
47 99
47 107
47 109
47 113
47 122
48 3
48 14
48 15
49 3
49 19
49 26
49 27
49 34
49 37
49 42
49 45
49 47
49 60
49 76
49 77
49 82
49 85
49 89
49 94
49 105
49 120
49 121
49 123
49 139
49 145
49 148
49 152
49 156
49 162
49 175
49 176
49 178
49 182
49 196
49 198
49 199
50 37
50 46
50 47
50 49
50 57
50 64
50 69
50 74
50 75
50 78
50 81
50 86
50 90
50 93
50 97
50 111
50 116
50 118
50 120
50 123
50 133
51 3
52 9
52 16
52 24
52 25
52 37
52 38
52 39
52 40
52 47
53 62
53 69
53 73
53 82
53 83
53 90
53 97
53 105
53 117
53 120
53 122
53 132
54 4
54 12
54 24
54 39
54 41
56 14
56 16
56 24
56 33
56 60
56 70
56 78
56 80
56 124
56 130
57 2
57 4
57 8
57 19
57 20
57 22
57 40
57 43
57 48
57 55
57 56
57 59
57 63
57 132
57 136
57 142
58 6
58 27
58 28
58 29
58 37
58 41
58 42
58 45
58 51
58 60
58 70
58 74
58 84
58 102
58 103
58 107
58 112
58 125
58 126
58 130
58 132
58 140
58 144
58 145
58 146
58 148
58 151
58 178
58 185
60 5
60 6
60 8
60 15
62 13
62 16
62 20
62 23
62 25
63 2
63 4
63 7
63 8
63 29
63 34
63 41
63 52
63 53
66 13
66 15
66 16
66 18
66 19
66 23
66 25
66 36
66 39
66 40
66 43
66 44
66 46
67 1
67 4
67 9
67 11
67 18
67 28
68 1
68 7
68 13
68 20
68 24
69 5
69 8
69 11
69 12
69 14
69 17
69 38
69 39
69 41
69 46
69 63
69 64
69 68
69 82
69 84
69 92
69 96
69 98
69 108
70 2
70 11
70 17
70 26
70 33
70 35
70 54
70 59
70 72
70 75
70 76
70 77
70 81
70 89
70 97
70 99
70 106
70 109
70 121
71 2
71 7
71 13
71 15
72 5
72 31
72 32
72 34
72 39
72 50
72 52
72 63
72 69
72 70
72 75
72 79
72 80
72 81
72 87
72 90
72 100
72 102
72 103
72 105
73 9
73 17
73 24
73 29
73 33
73 39
73 40
73 50
73 60
73 74
73 77
73 79
73 89
73 97
73 115
73 121
73 145
73 147
73 151
73 156
73 158
74 3
74 4
74 7
74 9
74 16
74 20
75 27
75 32
75 33
75 34
75 39
75 43
75 48
75 55
75 57
75 64
75 68
75 72
75 74
75 82
75 83
75 92
75 103
75 111
75 122
75 124
75 126
75 129
75 137
75 145
75 149
75 152
75 153
75 158
75 166
75 177
75 179
75 180
75 182
75 190
75 195
75 205
75 207
75 208
75 210
75 213
75 215
75 263
75 264
75 282
75 293
76 11
76 15
76 147
76 156
76 158
76 160
76 188
76 190
76 191
76 200
76 203
76 204
76 206
76 210
76 213
76 214
76 215
76 227
76 237
76 243
76 246
76 248
76 249
76 266
76 267
76 274
76 278
76 282
76 286
76 292
76 293
76 312
76 327
76 334
76 337
78 1
78 4
78 10
78 12
78 26
78 29
79 3
79 10
79 15
79 21
79 23
79 25
79 26
79 31
80 1
80 2
80 3
80 4
81 3
81 7
81 11
81 12
81 16
81 19
81 41
81 53
81 57
81 62
81 69
81 75
82 3
82 8
82 16
83 5
83 6
87 24
87 28
87 53
87 54
87 80
87 83
87 84
87 88
87 99
87 100
87 103
87 125
87 133
87 139
87 140
87 146
87 148
87 152
87 158
87 159
87 165
87 166
87 168
87 170
87 175
87 179
87 180
87 184
87 189
87 190
87 200
87 201
91 7
91 19
91 20
91 24
91 32
91 38
91 40
91 46
92 1
92 5
92 7
92 9
92 14
92 24
92 32
92 36
92 41
93 5
93 20
93 23
93 27
93 33
93 35
94 97
94 109
94 112
94 115
94 116
94 128
94 131
94 134
94 137
94 144
94 151
94 153
94 155
94 166
94 169
94 171
94 179
94 180
94 183
95 5
95 13
95 19
95 27
95 40
97 24
98 1
98 2
98 5
98 8
98 14
98 16
99 1
99 3
99 8
99 11
99 19
99 20
99 25
99 27
99 51
99 56
99 66
99 88
99 102
99 104
99 110
99 111
99 129
99 153
100 70
101 4
101 12
101 18
101 21
101 29
101 31
101 34
101 42
101 194
101 195
101 199
102 3
102 6
102 9
102 17
103 1
103 2
104 3
105 125
106 38
106 40
106 52
106 56
106 61
106 62
106 63
106 64
107 3
107 15
107 22
107 30
107 31
107 33
107 39
107 40
107 49
107 50
107 52
107 63
107 77
107 78
108 21
109 5
109 6
109 9
109 16
109 45
109 54
109 59
109 73
110 7
110 25
110 29
110 171
110 179
110 182
110 184
110 190
110 196
110 211
110 213
110 217
110 225
110 238
110 247
110 370
110 375
111 5
111 15
