1 6
1 12
1 15
4 71
4 78
4 80
4 82
4 89
5 1
5 3
5 7
5 8
5 13
5 22
5 25
5 100
5 108
6 21
7 12
7 16
7 23
8 107
8 113
8 115
8 116
8 121
8 125
8 150
8 156
8 161
8 171
8 179
8 185
8 194
8 218
8 225
8 228
8 359
8 367
9 64
9 67
9 73
12 7
12 12
12 16
12 28
12 33
12 37
12 39
12 43
12 49
12 50
12 52
12 62
12 64
12 82
12 83
12 84
12 87
12 88
12 91
12 95
12 97
12 107
12 112
12 172
12 176
12 193
12 197
12 207
12 210
12 211
12 225
12 236
12 242
13 57
13 58
13 69
13 73
13 78
13 79
13 82
13 87
13 88
13 92
13 98
13 100
13 132
13 136
13 137
13 140
13 143
13 145
13 153
13 158
13 170
13 171
13 181
13 184
13 199
14 1
14 2
15 17
15 21
15 31
16 71
17 81
18 2
18 3
19 5
19 19
19 67
20 7
20 17
23 66
23 68
23 81
23 82
23 89
23 94
23 100
23 105
23 106
23 109
23 123
23 125
23 130
23 132
23 134
23 140
23 143
23 146
23 152
23 158
23 160
23 163
23 169
23 170
23 176
23 189
23 193
23 197
23 206
23 213
23 220
23 223
23 240
23 241
23 252
23 253
23 257
23 261
23 263
23 265
23 274
23 275
23 276
23 278
24 4
24 9
24 24
25 4
25 5
25 19
25 23
27 6
27 16
27 21
27 29
27 35
27 39
27 44
27 47
27 48
27 52
27 53
27 54
27 55
27 66
27 67
27 71
27 76
27 81
27 128
27 130
27 133
27 137
27 143
27 147
27 153
27 173
27 174
27 179
27 180
27 181
28 8
28 10
28 21
28 22
28 24
28 26
29 9
29 15
29 19
29 28
29 29
29 30
29 39
29 45
29 46
29 54
29 57
29 67
30 17
30 21
30 43
30 44
30 46
30 53
30 64
30 73
30 75
30 77
30 79
30 82
30 83
30 86
30 92
30 101
30 104
30 106
30 115
30 116
30 118
30 125
30 129
30 131
30 133
30 143
30 147
30 148
30 149
30 155
30 157
30 159
30 168
30 169
30 172
30 174
32 126
32 138
33 1
33 3
33 6
33 12
33 15
33 16
33 25
33 26
33 32
33 39
35 37
35 45
36 1
36 10
36 13
36 17
38 61
38 64
38 67
38 74
38 75
38 78
38 85
38 94
38 97
38 98
38 99
38 100
38 101
38 108
38 128
38 130
38 142
38 152
38 157
38 158
38 165
38 169
39 68
39 70
39 110
39 112
39 118
39 123
40 24
40 33
40 36
40 38
40 41
40 59
40 60
40 61
40 62
40 66
40 76
40 84
40 87
40 90
40 98
40 100
40 139
40 142
40 145
40 151
40 153
40 156
40 159
41 22
41 24
41 35
41 38
41 46
41 48
42 5
42 10
42 17
42 35
42 41
42 44
46 27
46 44
46 47
46 52
46 57
46 60
46 83
46 84
46 85
46 89
46 91
46 96
46 98
46 100
46 104
46 105
47 1
47 4
47 9
47 12
49 43
49 48
49 51
50 2
50 8
50 17
50 33
50 36
50 40
50 46
51 3
51 11
51 19
51 25
51 34
52 5
52 11
55 11
56 1
56 4
56 12
56 15
56 18
56 36
56 40
56 42
56 45
57 4
57 5
57 47
57 49
58 11
58 14
58 16
58 29
58 32
58 35
58 37
59 4
59 5
59 10
59 11
59 16
59 20
59 22
59 36
59 38
59 39
59 47
59 50
59 56
59 70
59 76
59 79
60 1
60 4
60 6
60 20
60 95
60 105
60 109
60 115
60 119
60 125
60 133
60 136
60 142
60 147
60 151
60 224
60 234
60 243
60 250
60 255
61 5
61 6
61 9
61 12
61 15
61 20
61 26
61 28
61 38
61 40
61 57
61 58
61 59
61 61
62 2
62 12
62 17
62 19
62 31
62 33
62 38
62 42
62 45
62 46
62 49
62 50
64 38
64 39
64 40
64 57
64 61
64 80
64 81
64 86
64 90
64 135
64 142
64 148
64 152
64 154
64 158
64 161
64 162
64 178
64 183
64 185
64 188
64 200
64 201
64 204
64 205
64 208
64 212
64 216
64 218
64 219
64 314
65 94
65 96
65 97
65 103
65 105
65 117
65 120
65 141
65 154
65 166
65 167
66 2
66 3
66 4
66 9
66 12
66 14
66 18
66 19
66 28
66 60
66 63
66 65
67 6
67 14
67 19
67 20
67 22
67 23
67 106
67 115
67 126
67 130
67 133
67 138
67 148
67 153
67 155
67 162
67 163
67 164
67 170
67 171
67 175
67 177
67 178
67 185
67 186
67 205
67 209
67 212
67 216
67 229
67 230
67 231
67 238
67 239
67 240
67 244
67 250
67 337
67 358
67 368
68 1
68 5
68 16
68 17
68 22
68 23
68 125
69 111
69 121
69 135
69 136
69 139
69 141
69 148
69 149
69 170
69 171
69 172
70 13
70 16
70 23
70 27
70 29
70 34
70 38
70 39
70 41
70 48
70 54
70 56
70 59
70 61
70 62
70 65
70 66
70 69
70 76
70 77
70 82
70 100
70 101
70 103
70 113
70 124
70 125
70 128
70 130
70 149
70 154
70 156
70 179
70 187
70 203
70 214
70 223
70 224
70 229
70 358
70 368
70 375
70 379
70 383
70 389
70 396
71 7
71 8
72 16
72 19
72 24
72 28
72 31
73 4
73 6
73 12
73 22
73 27
73 32
73 33
73 34
73 38
73 40
73 54
73 55
73 62
73 64
73 67
73 71
73 74
73 82
73 85
73 86
73 91
73 93
73 94
73 95
73 96
73 97
73 100
73 101
73 112
73 113
73 120
73 128
73 130
73 134
73 138
73 141
73 143
73 146
73 150
74 9
74 15
74 37
74 175
74 178
74 180
74 183
74 185
74 186
74 196
74 205
74 207
74 216
74 227
74 232
74 237
74 238
74 244
74 263
74 265
74 270
74 272
74 274
74 275
74 278
74 279
74 282
75 12
75 13
75 23
75 32
75 41
75 42
75 43
75 44
75 51
75 184
75 187
75 193
75 196
76 12
76 13
76 32
76 41
76 55
76 58
76 59
76 76
76 84
76 97
76 102
76 103
76 113
76 115
77 1
77 8
77 9
77 10
77 15
77 18
77 26
77 27
77 37
77 57
77 58
77 158
77 165
77 178
77 321
78 1
79 3
79 5
79 7
79 8
79 13
79 18
81 49
81 50
81 55
81 69
81 70
81 78
84 3
84 29
84 31
84 32
84 33
84 38
84 43
84 49
85 8
85 9
85 16
85 17
85 24
85 28
85 31
86 79
87 2
87 16
87 20
87 24
87 29
87 30
87 32
87 36
88 8
89 12
89 13
89 17
89 24
90 63
90 64
90 85
90 94
90 97
90 101
90 113
90 124
90 133
90 134
90 136
90 139
90 146
90 153
90 176
90 203
90 207
90 208
90 211
91 3
91 22
91 24
91 28
91 31
91 34
91 35
91 39
91 41
91 43
91 137
91 149
96 51
96 58
96 59
96 68
96 69
96 87
96 89
96 91
96 95
96 101
96 104
98 11
98 14
101 23
102 2
102 4
102 6
102 10
102 18
102 19
102 23
102 27
102 29
102 35
102 38
103 96
103 100
103 106
103 121
104 2
104 18
104 20
106 45
107 1
