1 4
1 12
1 13
2 3
2 7
2 10
3 20
3 36
3 42
4 73
4 79
4 94
4 98
4 100
4 103
4 109
4 111
4 122
4 127
4 128
4 129
4 131
4 138
4 155
4 164
4 173
4 174
4 177
4 180
4 184
4 196
5 48
5 61
5 65
5 75
5 82
5 84
5 118
5 120
5 128
5 129
5 131
5 136
5 138
5 147
5 149
5 151
5 159
5 161
5 164
5 165
5 167
5 171
5 177
5 181
5 194
5 196
5 197
5 200
5 205
5 207
5 218
5 220
5 222
5 223
5 226
5 227
5 233
5 234
5 239
5 242
5 255
5 260
5 265
5 292
6 1
6 16
6 19
7 7
7 19
7 24
7 25
9 113
9 137
9 138
9 139
9 148
9 162
9 182
9 183
9 184
9 192
9 193
9 196
9 202
9 210
9 212
9 214
9 215
9 223
9 229
9 232
9 233
9 234
9 235
9 237
9 242
9 249
9 258
9 271
9 274
9 276
9 277
9 305
9 306
9 314
9 324
9 325
9 326
9 329
9 334
9 337
9 338
9 340
10 5
10 8
10 11
10 12
10 14
10 16
10 25
11 7
12 4
12 7
12 15
12 17
12 18
12 21
12 22
12 23
12 41
12 59
12 60
12 61
12 86
12 90
12 94
12 105
12 107
12 122
12 128
12 138
12 141
13 58
13 60
13 61
13 62
13 72
13 100
13 243
13 252
13 255
13 286
13 291
13 293
13 295
13 296
13 314
13 315
13 399
13 400
13 403
13 426
14 2
14 6
15 2
17 7
17 23
17 28
17 29
17 40
17 41
17 44
17 48
17 49
17 51
17 55
17 59
17 74
17 77
17 87
18 6
20 15
20 17
20 20
20 22
21 9
22 12
22 17
22 37
22 41
22 45
22 62
23 4
23 141
24 1
24 2
24 4
24 10
24 14
24 24
24 36
24 40
24 41
24 45
24 62
24 79
24 85
24 87
24 88
24 89
24 102
24 109
24 111
24 120
24 125
24 127
24 129
24 132
24 133
24 140
24 143
24 150
24 153
24 154
24 160
24 161
24 163
24 165
25 5
25 15
25 19
25 22
25 26
25 31
25 32
25 34
25 41
26 3
26 5
26 7
26 9
26 16
26 17
26 67
26 69
26 76
29 46
29 48
29 53
29 62
29 64
29 67
29 69
29 81
29 90
31 14
31 15
31 16
31 18
31 19
31 21
31 23
31 25
31 27
31 42
31 94
31 128
31 133
31 134
31 145
31 156
31 157
33 28
33 29
33 33
33 44
33 46
33 48
33 54
33 90
33 101
33 102
33 105
33 135
33 140
33 142
33 145
33 148
33 154
33 167
33 175
33 184
33 194
33 200
33 201
33 204
33 209
34 1
34 3
34 17
34 22
34 31
34 32
34 34
34 38
34 40
34 46
34 51
36 3
36 9
36 16
36 20
36 22
36 26
36 45
36 48
36 52
36 58
36 70
37 1
37 12
37 14
37 15
37 18
37 26
37 29
37 125
37 142
37 143
37 148
37 152
38 92
38 98
38 101
38 104
39 10
39 14
39 20
39 22
39 37
39 39
39 42
39 50
39 51
39 61
39 62
39 66
39 74
39 76
39 84
40 2
40 7
40 10
40 13
40 16
40 24
40 30
40 31
40 35
40 36
40 43
40 46
40 48
40 55
40 69
40 72
40 73
40 77
40 83
40 87
40 96
40 99
40 100
40 109
40 114
40 133
40 139
40 154
40 158
40 177
40 179
40 180
40 198
40 203
40 204
40 206
40 208
40 212
40 214
40 219
40 221
40 249
40 278
40 280
40 286
40 288
40 289
43 57
44 2
44 3
44 6
44 9
44 29
44 31
44 42
44 48
45 27
45 54
45 59
46 2
46 4
46 7
46 9
46 14
46 15
46 23
46 24
46 27
46 37
46 42
46 56
46 58
46 67
46 83
46 86
46 90
46 94
46 96
46 98
46 103
46 105
46 107
46 117
47 6
47 18
47 23
47 27
47 28
47 35
47 38
47 58
47 59
47 61
47 73
48 51
48 100
48 102
48 104
48 106
48 107
48 114
48 124
49 6
49 11
49 20
49 23
49 42
49 52
49 55
49 73
49 78
49 80
49 81
49 125
49 140
50 1
51 14
51 20
51 23
51 24
51 26
51 30
51 35
51 39
51 48
51 54
51 60
51 63
51 66
51 71
51 77
51 79
51 80
51 88
51 89
51 95
51 101
51 104
51 105
51 110
51 119
51 128
51 138
51 139
51 142
51 147
51 158
51 160
51 165
51 171
51 179
51 181
51 182
51 183
51 187
51 196
51 199
51 200
51 201
51 203
51 210
51 216
51 218
51 230
51 233
51 241
51 243
51 256
51 262
51 265
51 268
51 276
51 284
51 295
51 298
51 299
51 302
51 305
51 309
52 11
52 12
52 13
52 16
52 17
52 23
52 29
52 32
52 49
52 52
53 53
54 36
54 53
54 54
54 68
54 82
54 88
55 7
55 15
55 33
55 74
55 76
56 9
56 10
56 21
56 24
56 29
56 32
58 23
58 29
58 42
58 48
58 57
58 69
59 8
59 12
59 15
59 25
59 27
59 28
60 4
60 12
60 14
60 16
60 18
60 20
60 24
60 26
60 28
60 40
60 46
60 51
60 55
60 56
60 72
60 73
60 77
60 106
60 112
60 113
60 117
60 121
60 134
60 145
60 147
60 148
60 158
60 180
60 181
60 184
60 189
60 199
60 217
60 347
61 13
61 19
61 23
61 25
61 156
62 1
62 18
62 22
62 26
62 35
62 37
62 73
62 87
62 88
62 98
62 99
62 100
62 102
62 106
62 113
62 114
62 115
62 119
63 103
63 126
63 129
63 130
63 133
63 142
63 143
63 153
64 1
64 11
68 14
68 19
68 31
68 33
68 42
68 62
72 33
72 38
72 48
73 4
73 6
73 7
73 15
73 18
73 21
73 22
73 25
73 27
73 30
73 31
73 47
73 51
73 61
73 62
73 68
73 71
73 79
73 80
73 93
73 99
73 102
73 106
73 108
75 40
75 49
75 51
75 54
75 61
75 84
75 94
75 110
75 116
75 122
75 140
75 141
75 143
75 144
75 148
75 150
75 160
75 161
76 1
76 4
76 8
76 13
76 19
76 20
76 31
76 34
76 36
76 41
76 42
76 52
76 53
76 56
77 1
78 1
79 4
79 7
79 9
79 10
79 36
79 53
79 56
79 60
79 70
79 76
79 77
79 86
80 4
80 7
81 3
82 1
83 9
83 17
84 2
84 21
84 25
84 37
85 6
86 15
86 16
86 22
86 37
87 129
87 131
87 135
87 142
87 147
87 276
87 288
87 297
87 302
87 303
87 309
87 317
87 318
87 322
87 375
87 378
87 383
87 402
87 404
87 415
87 419
87 421
87 438
87 439
87 443
87 448
87 465
87 467
87 471
87 473
87 485
88 2
88 5
88 6
88 11
90 9
90 10
90 11
90 50
90 60
90 66
90 71
92 12
92 19
93 8
94 4
94 10
94 18
94 22
94 23
94 24
94 32
94 33
94 39
94 43
94 48
94 66
94 74
94 75
94 85
94 87
96 22
96 38
96 42
96 47
96 49
96 51
96 54
96 56
96 60
96 68
96 72
96 74
96 85
96 94
96 95
96 97
96 99
96 136
96 138
96 140
98 22
98 23
98 28
98 30
98 88
98 92
98 93
98 94
98 96
98 102
98 104
98 111
98 121
99 4
99 13
99 16
99 17
99 20
99 23
99 29
99 34
99 36
99 40
99 44
99 45
99 62
99 64
99 68
99 69
99 82
99 90
99 103
99 104
99 154
99 158
99 159
99 162
99 169
99 173
99 178
99 180
99 185
99 188
102 5
102 6
102 19
102 68
102 71
102 77
102 79
102 84
102 85
102 91
102 93
102 94
102 95
102 97
102 112
102 117
102 147
102 149
102 155
102 156
102 160
102 161
102 172
102 173
102 177
103 3
103 7
103 52
104 59
104 60
104 71
104 74
105 8
105 22
105 29
105 30
105 40
106 2
106 3
106 9
106 17
106 20
106 26
106 28
106 35
107 7
107 8
107 9
107 11
107 13
107 21
107 23
107 31
107 34
107 48
107 54
107 56
108 3
108 5
108 9
108 12
108 14
108 19
108 21
108 64
