1 6
1 11
1 17
1 24
1 27
1 28
1 35
1 37
1 38
1 40
1 44
1 56
1 77
1 93
1 106
1 117
1 130
1 140
1 142
1 149
1 151
1 162
1 163
1 180
1 191
1 192
1 209
1 211
1 215
1 216
1 224
1 225
1 239
2 4
2 9
2 21
2 42
2 49
2 62
2 126
2 127
2 131
2 132
2 135
2 138
2 140
2 274
2 275
3 1
4 7
5 1
5 4
5 22
6 4
6 6
6 9
6 10
6 12
6 22
6 27
6 34
6 36
6 40
6 48
6 52
6 53
7 2
7 4
7 8
7 9
7 12
7 21
8 1
8 9
8 17
9 1
9 3
9 13
9 15
9 16
9 18
9 20
9 27
9 34
10 2
10 3
10 11
11 8
11 30
11 31
11 33
12 8
12 10
12 13
13 1
13 8
13 10
13 19
13 24
13 26
13 33
13 36
13 46
14 1
14 2
14 6
14 10
16 5
16 7
17 2
17 31
17 44
17 56
17 57
17 59
17 76
17 77
17 78
17 81
20 11
20 16
20 27
20 65
20 69
20 71
20 74
20 75
20 93
20 118
20 122
20 125
20 128
20 132
20 139
20 148
20 149
24 33
24 47
24 48
24 52
24 57
24 59
25 3
25 9
25 10
25 13
25 19
25 20
25 23
25 26
25 61
25 64
26 8
26 11
26 13
26 15
26 24
26 35
26 36
26 44
26 47
26 48
26 71
26 75
26 80
26 106
26 108
28 4
28 138
28 139
28 152
29 10
29 11
29 17
29 29
29 32
29 34
29 41
32 12
32 28
32 34
32 84
32 88
32 89
32 92
32 94
32 97
32 98
32 111
32 119
32 126
32 130
34 12
34 33
34 39
34 40
34 50
34 53
34 54
34 69
34 79
34 84
34 218
34 219
34 225
34 238
34 367
34 370
35 1
35 8
36 21
36 26
36 32
36 37
36 38
36 40
36 44
36 49
36 58
37 5
37 6
37 20
37 23
37 30
37 56
37 57
37 58
38 7
38 9
38 12
38 15
38 36
38 37
39 3
39 4
39 17
39 145
39 154
39 156
39 157
39 160
39 171
39 172
39 175
39 176
39 183
39 188
39 207
42 49
45 14
46 4
46 9
46 10
46 16
46 25
46 26
46 27
46 28
47 6
47 16
48 2
48 3
48 15
48 20
48 25
48 34
48 36
48 48
48 118
48 123
48 139
48 146
48 150
48 152
48 156
48 177
48 181
52 7
53 3
53 7
54 23
54 24
54 46
54 47
55 4
55 8
55 12
55 21
55 22
55 24
55 25
57 55
57 58
57 84
57 85
57 87
57 104
57 110
57 113
57 119
57 125
57 196
57 202
57 208
58 2
58 11
58 14
58 21
58 22
58 23
58 28
58 43
58 54
58 58
58 66
58 78
58 83
58 93
58 94
58 104
58 119
59 9
59 18
59 24
60 7
60 15
60 23
60 26
60 33
60 34
61 1
61 2
61 3
61 4
61 9
61 10
61 12
62 1
62 7
62 12
62 17
62 26
62 31
62 32
62 52
62 53
62 56
62 60
62 63
62 69
62 83
62 88
62 89
62 91
62 120
62 121
62 129
62 131
62 141
62 144
62 156
62 169
62 176
62 180
62 181
62 184
62 187
62 194
62 199
62 204
62 206
62 213
62 215
62 224
62 231
62 232
62 237
62 244
63 16
63 24
63 27
63 49
63 51
63 55
63 63
63 64
63 66
63 70
63 71
63 88
63 93
63 96
63 101
63 110
63 115
63 116
63 120
64 5
64 6
64 8
64 10
64 18
64 152
64 159
64 162
64 163
64 165
64 180
64 181
64 237
64 261
64 262
64 264
64 271
64 277
64 280
64 308
64 309
64 313
64 315
64 340
64 342
64 359
64 364
64 431
64 433
65 2
66 12
66 20
66 28
66 35
66 40
66 42
66 43
67 4
67 7
67 11
67 12
67 58
67 197
67 201
67 203
67 205
67 207
67 215
68 9
68 12
68 21
68 26
68 27
68 39
69 6
69 22
69 38
69 44
69 54
69 55
69 57
69 58
69 63
69 69
69 78
69 85
69 100
69 101
69 103
69 107
69 111
69 113
69 116
69 119
69 129
69 132
69 134
69 139
70 11
70 15
70 20
70 25
70 28
70 29
70 33
70 34
70 41
70 44
70 59
70 63
70 75
70 80
70 86
70 102
70 103
70 107
70 109
70 118
70 122
70 125
70 134
70 139
70 140
70 150
70 157
70 158
70 159
70 163
70 179
70 181
70 182
71 2
71 10
71 14
72 3
72 8
72 13
72 14
72 20
72 23
72 27
72 29
72 47
72 52
72 53
72 54
72 58
72 59
72 68
72 69
72 71
72 81
72 82
72 83
72 92
72 101
72 105
72 106
72 109
73 1
73 6
74 3
74 7
74 11
75 2
76 5
76 6
76 15
76 20
76 41
76 49
76 54
76 55
76 69
76 71
76 74
76 75
76 94
76 95
76 97
76 98
76 109
76 114
76 120
76 121
76 125
76 126
76 134
78 32
78 42
78 47
78 69
78 70
78 81
78 88
78 91
78 93
78 99
78 100
78 102
78 109
78 114
78 123
78 125
78 126
79 4
79 5
79 7
79 13
79 21
79 22
79 29
79 33
79 39
79 41
79 45
79 49
79 52
79 55
79 56
79 61
79 73
79 74
79 85
79 92
79 93
80 40
80 43
80 44
80 47
80 52
80 55
80 62
80 64
80 69
80 71
80 74
80 201
80 202
80 209
80 211
80 220
80 222
80 223
80 224
80 226
80 232
80 235
80 236
80 237
80 238
80 242
80 253
81 1
81 2
81 15
81 21
81 23
81 27
81 29
81 35
81 38
81 44
81 51
81 57
83 11
83 13
83 14
83 18
83 19
83 46
83 52
83 55
83 65
83 69
83 90
83 91
83 111
83 115
83 119
83 127
83 128
83 157
83 172
83 182
84 6
84 27
84 30
84 32
84 35
84 60
84 61
85 3
85 5
86 6
86 10
88 12
88 20
88 65
88 71
88 72
88 79
88 82
88 104
88 107
88 109
88 112
88 113
88 116
88 118
88 128
88 129
88 130
88 135
88 138
89 24
89 27
89 32
89 41
89 43
89 57
89 58
89 62
89 67
90 1
90 12
90 15
90 17
90 29
90 32
90 46
91 2
94 32
94 33
94 35
94 47
94 51
94 66
94 68
94 72
94 74
94 80
94 88
94 96
94 104
94 108
94 113
94 133
94 156
94 161
94 167
94 173
94 175
94 176
94 178
94 218
94 225
94 232
94 234
94 235
95 14
95 21
95 22
95 26
95 29
95 31
95 32
95 41
95 44
95 50
95 56
95 57
95 63
96 1
96 2
96 5
96 8
96 10
96 20
96 22
96 23
96 33
98 7
98 55
98 60
98 61
98 68
98 70
98 73
98 81
98 87
98 88
98 96
98 98
98 99
99 2
100 8
100 27
100 30
102 22
102 24
102 26
103 2
103 3
103 8
103 10
103 20
104 15
104 28
104 29
104 30
104 50
104 52
104 54
104 55
104 58
104 61
104 62
104 63
104 66
104 83
104 87
104 89
104 93
104 95
104 98
105 1
105 3
105 9
105 10
105 23
105 25
105 26
105 32
105 33
105 35
105 46
105 48
105 62
105 64
105 65
105 66
105 70
105 86
105 93
105 94
105 101
105 104
105 107
105 108
105 139
105 140
105 150
105 159
105 160
105 162
105 163
105 169
106 1
106 3
106 15
106 20
106 21
107 1
107 11
107 13
107 14
107 17
107 34
107 37
107 62
107 63
107 66
107 69
107 76
107 80
107 82
107 90
107 91
108 7
108 9
108 26
108 29
108 30
108 37
109 2
109 8
109 21
109 26
109 52
109 55
109 61
109 70
109 72
109 77
109 82
110 2
110 3
110 6
110 9
110 13
110 30
110 41
110 50
110 64
110 79
110 101
110 112
110 118
111 4
115 42
115 43
115 45
115 46
115 48
115 55
117 2
117 4
117 5
117 17
117 24
117 25
117 35
117 36
117 41
117 54
117 57
117 60
117 69
117 72
117 90
117 91
117 97
117 105
117 106
117 108
117 116
118 11
118 26
118 32
118 35
118 43
118 44
118 54
119 2
119 11
119 12
120 4
120 13
121 65
121 68
121 70
121 71
121 75
121 77
121 82
121 84
121 92
121 93
121 105
121 106
121 113
121 114
121 116
121 124
121 125
121 127
121 128
121 133
121 148
121 152
121 153
122 13
122 16
122 20
122 21
122 35
122 38
122 43
122 48
122 55
122 58
122 63
122 82
122 89
122 97
122 104
123 1
123 7
123 15
123 21
123 22
123 30
125 102
125 103
125 107
125 114
125 117
125 119
