1 5
1 8
1 13
1 22
1 24
1 32
1 44
1 49
1 61
1 66
1 72
1 74
1 78
1 90
1 92
3 21
3 31
3 32
3 53
3 56
3 59
3 72
4 24
4 29
4 30
4 39
4 44
4 49
4 50
4 51
4 53
4 54
4 70
4 79
5 1
5 4
5 6
5 7
5 11
5 24
5 30
6 1
6 5
6 7
6 8
6 13
7 34
7 35
7 36
7 41
7 197
7 198
7 205
7 206
7 208
7 219
8 6
8 9
8 16
8 26
8 40
8 41
8 62
9 2
9 3
9 6
9 8
9 15
9 21
10 1
10 2
11 1
11 7
11 10
11 12
11 17
11 24
11 29
11 31
11 33
12 41
12 48
12 50
13 71
13 73
13 81
13 113
13 114
13 117
13 119
14 4
14 5
14 6
16 89
16 118
16 126
16 129
16 137
16 138
16 151
16 154
16 161
16 167
16 171
16 189
16 196
16 199
16 205
16 210
16 230
16 256
16 259
16 268
16 271
16 272
16 275
16 277
16 297
16 301
16 303
16 310
16 314
16 319
16 330
16 339
16 344
16 345
16 349
16 353
16 354
16 357
16 374
16 386
16 387
16 393
16 401
16 410
16 412
17 7
17 8
17 12
17 17
17 26
17 45
17 47
17 49
17 50
17 62
17 75
17 76
17 77
17 93
17 101
17 106
17 108
17 110
19 9
19 11
20 8
20 22
20 27
20 29
20 49
20 55
20 58
20 60
20 68
20 72
20 178
20 180
20 185
20 192
20 193
20 198
20 204
20 205
20 214
20 222
20 232
20 235
20 262
20 265
22 8
22 16
22 18
22 20
22 23
22 27
22 159
22 167
22 171
22 179
22 183
22 199
22 204
22 211
22 213
22 219
22 220
22 222
23 13
23 15
23 33
23 36
23 41
23 43
24 4
24 11
24 16
24 26
24 28
24 35
24 38
24 41
24 48
24 49
24 58
24 71
24 74
24 84
24 90
24 100
24 104
24 107
24 110
24 112
24 115
24 118
24 122
24 123
24 129
24 130
24 153
24 154
24 166
24 168
24 180
25 87
28 26
28 56
28 57
28 66
28 72
28 82
28 87
28 90
28 95
28 98
28 100
28 102
28 105
28 111
28 116
28 122
28 140
28 141
28 142
28 144
28 277
28 283
28 288
28 290
28 310
28 322
28 332
28 334
28 342
28 471
28 475
28 482
29 3
29 6
29 20
29 42
29 50
29 52
29 61
29 66
29 78
29 79
29 80
29 85
29 88
29 91
29 98
29 105
31 31
31 35
31 51
31 52
31 56
31 61
31 64
32 3
32 5
32 7
32 9
32 28
32 33
32 36
32 44
32 48
32 50
32 53
32 63
32 67
32 69
33 2
33 14
33 16
33 21
33 23
33 24
33 29
33 30
33 34
34 105
34 106
34 110
34 123
34 136
34 138
37 14
37 17
37 21
37 22
37 26
37 28
37 30
37 39
37 51
38 3
38 17
38 31
38 32
38 35
38 36
38 38
38 50
38 67
38 79
38 89
38 93
38 101
38 109
39 7
39 17
39 20
39 22
39 24
39 29
39 30
40 3
40 9
40 14
40 16
40 21
41 10
41 11
41 12
41 15
41 17
41 20
41 54
42 8
42 9
42 14
42 15
42 17
42 23
42 25
42 30
42 41
42 55
43 1
43 7
43 8
44 2
44 4
44 6
44 8
44 11
44 18
44 24
44 37
44 39
44 44
48 24
48 28
48 29
49 9
49 16
49 22
49 27
49 31
49 35
49 45
49 51
49 55
49 60
50 9
50 22
50 28
50 31
50 33
51 4
51 9
51 14
51 15
51 31
51 36
52 7
52 8
52 12
52 16
52 18
52 30
52 65
52 66
53 10
53 49
53 51
53 52
53 63
53 67
53 76
53 78
53 83
53 91
53 98
53 105
53 120
54 6
54 8
54 10
54 18
54 20
54 22
54 25
54 32
54 36
55 1
56 1
56 3
56 4
56 6
56 9
56 25
56 32
56 61
56 65
56 75
56 78
56 86
56 89
56 98
56 160
56 162
56 182
56 189
56 197
56 198
56 199
56 204
56 207
56 211
56 215
56 223
56 237
56 245
56 253
56 254
56 261
56 279
56 284
59 5
59 15
59 16
59 26
59 29
59 31
59 49
60 2
62 1
62 8
62 9
62 14
62 42
62 44
62 45
62 48
62 53
62 54
62 68
62 78
62 83
62 84
62 97
62 105
62 112
62 115
62 117
62 118
62 120
62 125
62 127
62 128
63 35
63 44
63 47
63 50
63 62
63 66
63 68
63 69
63 89
64 1
64 13
64 19
64 24
67 52
67 56
67 58
67 64
67 69
67 71
67 76
68 100
68 111
68 114
68 116
68 120
68 131
69 119
69 122
69 124
69 138
69 145
69 148
69 151
69 152
69 156
69 166
69 168
69 170
69 171
69 175
69 200
69 208
69 210
69 212
69 214
69 220
69 226
69 230
69 232
69 237
69 240
69 241
69 249
69 264
69 272
69 273
69 277
69 278
69 282
69 286
70 4
70 8
70 12
70 16
70 28
70 31
70 32
70 37
70 42
70 74
70 77
70 78
70 79
70 86
70 91
70 97
70 107
70 108
70 110
70 122
70 139
70 141
70 145
70 149
71 119
71 123
71 125
71 126
71 129
71 135
71 138
71 142
71 146
71 149
71 152
71 153
71 154
71 183
71 190
71 195
71 196
71 199
71 201
71 204
71 208
71 214
71 216
71 218
72 8
72 18
72 26
73 14
73 17
73 42
73 52
73 58
73 59
73 76
73 79
73 86
73 94
73 95
73 96
73 98
73 101
73 103
73 106
73 107
73 110
73 118
73 130
74 1
74 3
74 11
74 145
74 151
74 152
74 156
74 160
74 170
74 176
74 179
74 219
74 221
74 225
74 233
74 239
74 241
74 244
74 250
74 269
75 15
75 23
75 26
75 29
77 27
77 31
77 34
77 40
77 47
77 48
77 50
77 51
77 58
77 73
77 74
77 78
77 96
77 100
77 106
77 108
77 219
77 232
77 233
77 243
77 254
77 256
77 263
78 26
78 36
78 54
78 63
78 64
82 32
82 34
82 53
82 65
83 2
83 9
83 12
83 13
83 35
83 47
83 50
83 56
83 57
83 64
83 70
83 73
83 78
83 79
83 82
83 85
83 86
83 98
83 113
83 117
83 119
84 1
84 15
84 17
84 19
84 25
84 30
84 37
84 41
84 45
85 9
85 13
85 16
85 23
89 28
89 32
89 40
89 65
89 72
89 75
89 87
89 94
89 103
89 107
89 111
90 2
90 8
90 10
90 14
90 15
90 32
90 35
90 36
90 37
90 43
90 48
90 51
90 56
90 59
90 60
90 69
90 70
90 81
90 90
90 92
90 101
90 106
90 109
91 2
91 5
91 18
91 24
91 27
91 39
95 69
95 70
95 72
95 77
95 103
95 109
95 120
97 2
97 4
97 7
97 9
97 13
97 14
97 17
97 20
97 35
98 12
98 14
98 19
98 26
98 30
98 34
98 47
98 51
98 52
98 56
100 101
100 102
101 1
101 12
101 21
101 33
101 36
101 39
101 44
101 54
101 57
101 65
101 72
101 74
101 214
101 232
101 238
101 240
101 245
101 246
101 249
101 252
101 255
101 257
102 24
102 26
102 29
102 30
102 170
102 277
102 279
102 288
102 291
102 292
102 297
102 303
102 304
102 311
102 327
102 351
102 355
102 374
102 379
102 382
102 385
102 392
102 394
102 422
102 423
102 427
102 460
102 462
102 465
102 483
102 490
102 491
102 495
102 497
102 498
102 512
102 514
102 516
102 517
102 522
102 532
102 540
102 542
102 546
103 5
103 6
103 8
103 11
103 18
103 62
103 66
103 74
103 75
103 76
103 79
103 88
103 92
104 8
104 9
104 17
104 23
104 24
104 31
104 40
104 49
104 54
104 69
104 71
104 88
104 89
104 93
104 97
104 99
104 104
104 105
104 114
104 129
104 134
104 136
104 141
104 145
104 152
104 162
104 163
104 170
104 173
105 50
105 53
105 57
105 61
105 68
105 71
105 74
105 75
105 77
105 82
105 84
105 97
105 98
105 101
105 191
105 194
105 195
105 196
