1 9
1 14
1 17
2 3
2 51
2 56
2 66
2 74
2 79
2 80
2 88
2 89
2 94
3 8
3 12
3 18
3 23
3 26
3 27
3 32
3 42
3 43
3 44
3 53
3 58
3 63
3 64
3 67
3 82
3 88
3 95
3 101
3 103
3 107
3 112
3 113
3 121
3 130
3 134
3 154
3 163
3 165
3 168
3 174
4 32
4 43
4 50
4 52
4 58
4 66
4 101
4 106
4 110
4 111
4 136
4 139
4 140
10 5
11 7
11 12
11 22
11 23
11 27
11 31
11 44
11 53
11 78
11 98
11 99
12 8
12 11
12 13
12 16
12 18
12 19
12 20
12 23
12 27
12 31
12 40
12 42
12 44
12 45
12 53
12 67
13 1
14 1
14 7
14 11
14 16
14 38
14 43
14 46
14 47
14 48
14 51
14 58
14 60
14 63
14 67
14 68
14 71
14 75
14 77
14 78
14 89
15 4
15 7
15 10
16 6
16 7
16 27
16 31
16 37
16 38
16 39
17 8
17 15
17 30
17 32
17 33
17 38
17 48
18 13
18 15
18 27
18 32
19 39
19 47
19 55
19 61
19 63
19 64
19 69
19 71
19 72
21 5
21 6
21 8
21 14
21 15
21 21
21 80
21 81
21 87
21 88
21 91
21 111
21 119
23 34
23 41
23 42
26 70
26 72
26 78
26 85
26 87
26 89
26 113
26 115
26 119
27 3
28 6
28 8
28 10
29 22
29 24
32 24
32 28
32 37
32 48
33 23
33 31
33 46
33 50
34 55
34 61
34 69
35 14
36 3
36 8
36 10
36 17
36 19
36 25
36 28
36 36
36 39
36 45
36 59
38 12
38 27
38 29
38 32
38 35
38 37
38 46
38 49
38 50
38 71
38 79
39 99
39 102
42 21
42 22
42 33
42 41
42 46
42 47
42 52
43 1
43 7
44 15
44 24
44 29
44 31
44 33
44 43
44 49
44 54
44 55
44 56
44 57
44 59
44 64
44 65
44 72
44 73
44 88
44 93
44 97
44 101
44 109
45 2
45 6
45 7
45 10
45 13
45 23
45 24
45 27
45 38
46 95
46 97
46 103
46 108
46 123
46 124
46 137
46 141
46 147
46 149
46 150
46 154
46 157
46 185
46 188
46 196
46 210
46 211
46 212
46 216
46 217
47 20
47 31
47 36
47 134
47 137
47 138
47 139
47 153
47 158
47 167
47 180
47 182
47 184
49 6
49 9
49 11
49 14
49 15
49 19
49 23
49 24
49 25
49 29
49 30
50 7
50 13
50 14
50 22
50 26
50 29
50 41
50 43
50 57
50 59
50 69
50 75
50 77
50 81
50 84
50 90
50 106
50 115
50 124
51 16
51 20
51 21
51 29
51 52
52 1
52 9
52 25
52 28
52 38
52 43
52 46
52 47
52 53
52 57
52 58
52 60
52 73
52 80
52 92
52 93
52 97
52 114
52 126
52 127
52 137
52 143
52 146
52 149
52 153
52 156
52 162
52 163
52 164
52 167
52 172
52 174
54 28
54 35
54 40
54 43
54 44
54 46
54 49
54 50
54 60
54 65
55 2
55 7
55 20
56 6
56 9
56 12
56 13
56 25
56 28
56 32
57 69
57 78
58 43
58 48
58 73
58 81
58 92
58 94
58 102
58 109
58 125
58 129
59 6
59 8
59 10
59 12
60 2
60 23
60 31
60 34
60 37
60 38
60 40
60 43
60 55
60 64
60 75
60 77
60 82
60 87
60 88
60 90
60 103
60 107
60 110
61 9
61 13
62 1
62 7
62 17
62 21
62 25
62 29
62 31
62 33
62 36
62 82
62 96
62 105
62 110
62 129
62 133
62 134
62 140
62 142
62 146
63 5
65 36
65 39
65 46
65 61
65 63
65 64
66 36
66 37
66 39
66 42
66 43
66 89
66 91
66 102
66 106
66 118
66 129
66 135
66 148
66 149
66 150
66 166
66 169
66 175
66 179
66 182
66 184
66 186
66 191
66 195
66 214
66 215
67 6
67 7
67 9
67 14
67 15
67 17
67 61
67 62
67 69
67 80
67 83
67 94
67 98
67 120
67 123
67 141
67 144
67 154
67 168
67 170
69 1
69 21
69 35
69 38
69 44
69 56
69 63
69 65
70 42
70 54
71 110
71 115
71 117
71 129
71 130
71 147
71 148
71 159
71 160
71 172
72 4
72 26
72 31
72 32
72 129
73 34
73 41
73 44
73 49
73 50
73 54
73 59
73 63
73 69
73 75
73 87
73 88
73 91
73 102
73 107
73 111
73 116
73 121
74 2
74 6
74 10
75 2
75 4
75 5
75 6
75 18
75 19
75 29
75 32
75 37
75 41
75 46
75 59
75 67
75 69
75 70
76 3
76 15
76 19
76 24
76 39
77 119
77 121
77 123
77 129
77 138
77 148
77 248
77 249
77 274
77 275
77 279
77 289
77 293
77 299
77 300
77 301
77 309
77 314
77 317
77 324
77 327
77 329
77 333
78 3
78 5
79 82
79 90
79 93
79 94
79 98
79 132
79 178
79 181
79 184
79 186
79 188
79 193
79 212
79 215
79 224
79 234
79 238
79 239
79 241
79 245
79 246
79 253
79 260
79 262
79 263
79 282
80 16
80 20
80 28
80 37
80 41
80 43
81 1
81 3
81 4
81 5
81 13
81 15
81 16
81 29
81 30
82 107
82 109
82 111
82 120
82 129
82 132
82 141
82 145
82 148
82 154
82 174
82 185
85 10
85 21
85 22
85 29
85 34
85 48
85 59
85 60
85 62
85 63
85 65
85 66
85 75
85 84
85 88
85 95
86 2
86 4
87 8
87 16
87 22
87 30
87 32
88 3
88 5
88 15
88 32
88 36
88 37
88 39
88 40
88 47
88 52
88 53
88 60
88 65
88 66
88 68
88 71
88 72
92 2
92 5
92 8
92 13
92 15
92 18
92 24
92 31
92 36
93 14
93 23
93 29
93 32
93 37
93 50
94 3
94 6
94 13
94 16
94 18
94 24
94 28
94 36
94 37
97 2
97 11
97 12
98 7
98 23
98 28
98 39
98 45
98 49
98 76
100 33
100 48
100 95
100 98
100 107
100 117
100 119
101 49
101 50
102 79
102 80
102 81
102 89
102 90
102 114
102 128
102 130
102 144
102 149
102 152
102 155
102 164
102 174
102 178
102 180
102 182
102 186
102 188
102 193
102 202
102 203
102 212
102 223
102 236
102 239
102 241
102 244
102 249
103 1
103 4
104 1
104 3
104 13
105 2
105 4
105 7
106 2
106 6
107 23
107 29
107 37
107 43
107 44
108 8
109 8
109 15
112 47
112 49
112 50
113 21
113 22
113 24
113 33
113 35
113 46
114 110
114 113
114 119
114 120
114 139
114 142
114 230
114 280
114 281
115 1
115 4
115 16
115 21
115 22
115 24
115 92
115 96
115 99
115 109
115 117
115 123
115 125
115 126
115 128
116 1
116 3
116 5
116 20
116 34
116 51
116 67
116 75
117 2
119 24
119 27
119 35
119 45
119 51
119 54
119 63
119 66
119 85
122 47
122 59
122 61
122 62
122 66
122 70
122 74
123 4
123 18
123 41
123 43
123 45
123 47
123 51
