1 1
1 2
1 9
1 15
1 23
1 41
1 47
1 50
1 52
1 53
1 64
1 74
1 88
1 94
4 1
4 13
4 14
4 15
4 17
4 21
4 29
4 32
4 33
4 35
4 39
4 40
4 44
4 46
4 49
4 52
4 68
4 75
4 80
4 92
4 94
4 96
4 97
4 103
4 108
4 111
4 115
4 116
4 135
4 140
4 141
4 143
4 147
4 170
4 175
4 181
4 187
4 292
6 1
6 3
6 20
6 26
6 28
6 29
6 32
6 38
6 40
6 52
6 54
6 66
6 100
6 105
6 108
6 114
6 124
6 125
6 131
6 132
6 133
7 15
7 22
7 23
7 25
8 5
8 137
8 145
8 148
8 162
8 165
10 17
10 18
10 30
10 32
10 37
10 48
10 55
10 58
11 5
11 7
11 14
11 15
11 77
11 87
11 89
11 93
11 163
11 166
11 171
11 173
11 184
11 188
11 189
11 195
11 203
11 213
12 6
12 7
12 20
12 24
12 36
12 44
12 45
12 59
12 62
13 1
13 2
13 11
13 13
13 24
13 43
13 48
14 11
14 14
14 15
14 17
14 18
14 19
14 21
14 22
14 54
14 63
14 67
14 112
14 129
14 135
14 144
14 163
14 168
14 175
14 177
14 179
14 181
14 182
14 198
14 202
14 205
14 209
14 215
14 219
14 221
14 226
14 238
14 245
15 3
15 11
16 88
16 99
16 106
16 112
16 116
16 125
16 129
16 130
16 134
16 146
16 150
16 164
16 165
16 167
16 174
16 179
16 180
16 185
16 187
16 188
16 201
16 204
16 209
16 218
16 219
16 230
16 233
16 237
16 238
16 240
16 242
16 245
16 246
17 5
17 13
17 19
17 23
17 27
17 28
17 29
17 42
17 51
17 52
17 71
17 73
18 8
18 9
18 11
18 39
18 56
18 60
18 77
18 79
19 1
19 10
19 11
19 15
19 17
19 107
19 112
21 17
21 20
21 22
21 24
22 13
22 20
22 23
22 26
22 39
22 42
22 49
22 52
22 55
22 59
22 71
22 76
22 78
22 79
22 85
22 87
22 93
23 72
23 81
23 89
23 91
23 95
23 97
23 101
23 103
23 107
23 108
23 109
23 112
23 113
23 118
23 121
23 124
23 125
23 128
23 134
23 135
24 3
24 4
24 6
24 11
24 18
24 37
24 38
24 56
24 63
24 64
24 77
24 85
24 89
24 97
24 98
25 2
25 24
26 2
26 3
26 6
26 10
26 35
26 37
26 44
26 49
26 51
26 55
26 58
26 62
26 66
26 78
26 89
26 94
26 100
27 9
27 14
27 20
27 23
27 24
28 3
28 5
28 10
28 11
29 7
29 10
29 21
29 25
29 33
31 23
31 31
31 35
31 39
31 42
31 45
32 5
32 18
32 29
32 30
33 117
33 119
33 120
33 121
33 124
34 13
34 14
34 15
34 24
34 27
34 29
34 36
34 42
34 51
34 54
34 55
35 1
35 9
35 11
35 15
36 2
36 3
37 3
37 5
37 50
37 71
37 73
37 76
37 77
37 86
37 92
37 94
37 113
37 122
37 128
37 133
37 140
37 141
37 154
37 161
37 171
37 183
37 187
37 189
37 193
37 209
37 221
37 224
37 227
37 237
37 244
37 247
37 254
38 1
38 5
38 15
38 16
38 19
38 20
38 22
38 27
38 28
38 31
38 32
38 34
38 44
38 47
38 56
38 57
39 63
39 64
39 72
39 92
40 2
40 5
40 6
40 9
40 10
40 11
40 14
40 15
40 17
40 20
40 22
40 36
40 37
41 1
41 14
41 24
41 25
41 30
41 45
42 33
42 34
42 36
42 39
42 40
42 43
42 48
42 51
42 55
42 58
42 59
42 75
42 78
42 85
42 94
42 101
42 102
42 106
42 108
43 3
44 1
45 16
45 17
45 19
45 23
45 41
45 44
45 180
46 3
46 4
46 13
46 19
46 20
46 22
46 24
46 36
46 42
46 47
46 48
46 57
46 59
46 64
46 68
46 73
47 27
47 28
47 43
47 47
47 48
48 4
48 14
48 15
48 31
48 38
48 41
48 50
48 55
48 59
48 63
48 67
48 73
48 74
48 78
48 83
49 1
49 4
50 6
50 7
50 9
50 17
50 18
50 22
50 30
50 61
50 63
50 65
50 68
50 73
50 74
50 81
50 83
51 1
51 5
51 13
51 44
51 53
51 56
51 60
51 63
51 69
51 70
51 82
51 88
51 89
51 98
51 99
51 111
51 119
51 122
51 123
51 129
51 133
51 134
51 139
51 141
51 146
52 13
52 16
52 17
53 9
53 11
53 12
53 16
53 27
53 31
53 41
53 44
53 50
53 56
53 61
53 63
53 64
53 67
53 71
53 73
53 77
53 79
53 81
53 83
53 84
53 86
53 87
53 94
53 95
53 99
53 105
53 123
53 129
53 143
53 144
54 1
54 3
54 11
54 14
55 1
55 2
55 16
55 21
55 23
55 36
55 40
55 52
55 58
55 83
55 112
55 123
55 127
55 137
55 149
55 160
55 162
55 165
55 172
55 179
55 180
55 182
55 187
55 197
55 198
55 219
55 226
55 241
55 244
55 247
56 6
56 11
56 14
56 20
56 22
56 30
56 39
56 42
56 54
56 63
56 74
56 77
56 78
57 10
57 23
57 26
57 27
58 1
58 14
58 15
58 17
58 19
58 23
58 24
58 27
59 2
59 8
59 9
59 13
59 17
59 20
59 23
59 31
60 2
61 4
61 8
62 21
62 25
62 27
62 34
62 54
62 56
62 65
62 67
62 73
62 75
62 76
62 77
62 81
62 97
62 99
62 105
62 108
62 111
62 114
62 116
62 182
62 192
62 203
64 10
64 11
64 14
64 38
64 39
64 42
64 53
64 89
64 90
64 91
64 100
64 104
64 110
64 111
64 120
64 133
64 142
64 148
64 149
64 150
64 153
64 161
64 175
64 195
64 200
64 201
64 202
64 203
64 207
66 54
66 73
66 82
66 92
66 109
66 112
66 113
66 128
67 23
67 25
67 26
67 45
67 49
67 50
67 55
67 71
67 74
67 75
67 76
67 77
67 84
67 111
68 3
68 5
68 7
68 10
69 21
69 22
69 24
69 33
69 35
69 39
69 51
69 55
69 72
69 81
69 83
69 94
69 95
69 100
69 120
70 7
70 12
70 17
70 21
70 29
70 44
70 48
70 53
71 13
71 15
71 16
71 28
71 30
71 32
71 35
71 38
71 45
71 49
71 146
71 148
71 153
71 161
71 172
71 181
71 192
71 198
71 200
71 208
71 209
74 5
74 10
74 17
74 28
74 37
75 2
75 5
76 3
76 8
76 10
76 11
76 13
76 19
76 21
76 22
76 31
77 3
77 5
77 6
77 13
77 18
77 23
77 34
77 35
77 38
77 59
77 73
77 169
77 184
77 185
77 201
77 203
77 205
77 207
77 214
77 217
77 228
77 232
77 233
77 364
77 372
77 380
78 2
78 7
78 11
79 1
79 2
79 5
80 2
81 4
81 5
81 16
81 19
81 24
81 26
81 30
81 34
81 110
81 113
81 117
81 120
81 155
81 160
81 161
81 169
81 170
81 198
81 202
81 240
81 251
81 259
81 261
81 262
81 268
81 280
81 295
81 302
81 325
81 326
81 335
81 343
81 346
81 350
81 356
81 358
81 364
81 366
81 369
81 375
81 376
81 394
81 395
81 402
81 409
81 413
81 422
81 426
81 431
83 4
83 9
83 10
83 11
83 14
84 5
84 12
85 2
85 3
85 10
85 12
85 15
85 17
86 15
86 16
86 18
86 20
86 24
86 33
86 35
86 53
86 60
86 68
86 72
86 77
88 4
88 6
88 20
88 89
88 90
88 94
88 96
88 111
88 112
88 123
88 126
88 127
88 135
89 1
89 2
89 3
89 10
89 14
89 19
89 20
89 24
89 33
89 55
89 68
89 84
89 85
89 93
89 94
89 97
89 101
89 113
89 118
89 126
89 127
89 132
89 135
89 138
89 143
89 145
89 148
89 149
89 159
89 171
89 173
89 203
89 207
89 217
89 218
89 227
89 237
89 246
89 260
89 271
89 273
89 282
89 283
89 295
89 300
89 306
89 311
89 318
89 321
89 327
89 329
89 335
89 354
89 356
89 359
89 361
89 370
89 375
89 377
89 389
89 395
89 399
89 400
89 401
89 441
89 446
89 465
89 467
89 472
89 477
89 478
89 483
89 487
89 500
89 501
89 507
89 508
89 512
89 513
89 514
90 1
90 15
90 18
91 28
91 29
91 31
91 61
91 80
91 81
91 92
92 2
92 10
92 12
92 27
92 29
92 39
93 19
93 28
94 4
99 7
99 14
99 20
99 22
99 27
99 41
99 47
99 57
99 59
99 62
99 63
99 67
99 77
99 84
99 92
99 105
99 106
100 5
100 6
100 10
100 17
100 28
100 38
100 42
100 46
100 52
101 7
101 14
101 22
101 28
101 29
101 31
102 12
102 16
102 17
102 21
102 22
102 25
102 29
102 35
102 50
102 51
102 53
102 65
103 21
103 24
104 1
104 4
104 25
104 28
105 35
105 38
105 40
105 42
105 49
105 55
105 64
105 97
105 103
105 111
105 116
105 124
105 126
105 128
107 16
107 21
107 35
107 38
107 50
108 14
108 15
108 16
108 36
108 37
108 44
108 47
108 49
108 55
108 60
108 68
108 77
109 14
109 32
110 10
110 12
110 17
110 20
