1 2
1 3
1 4
1 5
1 9
1 11
1 16
2 1
2 12
2 13
2 14
2 25
2 27
2 28
2 58
2 64
2 72
2 74
2 90
2 91
2 92
2 94
2 102
2 112
2 116
2 117
2 132
2 137
2 149
2 159
2 164
2 169
2 173
2 174
2 186
2 187
2 188
3 2
3 10
3 11
3 13
3 16
3 26
3 29
3 35
3 40
3 47
3 107
3 116
3 118
3 125
4 5
4 39
4 50
4 51
4 67
4 73
4 79
4 84
4 85
4 90
4 91
4 96
4 104
4 112
4 122
4 123
5 19
5 35
6 4
8 19
8 22
8 45
8 50
8 54
8 186
8 190
8 198
8 207
8 222
8 234
8 235
8 242
8 254
8 255
8 262
8 264
8 267
8 268
8 270
8 275
8 277
8 281
8 283
8 301
8 309
8 330
8 340
8 344
9 1
9 40
9 53
9 64
9 65
9 67
9 71
10 9
10 71
10 73
10 77
11 10
11 14
11 15
11 21
11 31
11 32
11 40
11 45
11 50
11 58
11 73
11 78
11 82
11 85
11 88
11 92
11 95
11 115
11 119
11 121
11 122
11 133
11 134
11 135
11 140
11 145
11 146
11 152
11 156
11 162
11 175
11 180
11 182
11 183
11 185
11 194
11 199
11 202
12 2
12 29
12 32
12 33
12 43
12 47
12 49
12 55
12 56
19 9
19 10
19 11
19 34
20 25
20 31
20 32
20 38
20 44
20 47
21 1
22 6
22 12
22 16
22 30
22 37
22 52
22 60
22 64
22 67
22 68
22 77
22 78
22 80
22 84
22 90
22 91
22 94
22 100
22 105
22 106
22 110
22 114
22 119
22 120
22 123
22 124
22 127
22 134
22 137
22 192
22 195
22 197
22 199
22 201
22 207
22 208
22 210
22 212
22 217
22 218
22 221
22 225
22 229
22 232
22 235
22 240
22 242
22 244
24 88
24 93
24 101
24 105
24 108
24 117
24 126
24 130
25 4
25 10
26 42
26 45
26 46
26 54
26 58
26 60
26 61
26 70
26 71
26 72
26 74
26 79
26 80
26 81
26 82
26 85
26 90
26 91
26 93
26 95
26 112
26 115
26 118
26 145
26 146
26 150
26 152
26 162
26 178
26 181
26 182
26 190
26 191
27 4
27 19
27 24
27 27
27 32
27 36
28 14
29 4
29 8
29 34
29 37
29 38
29 48
29 50
29 56
29 57
29 67
29 73
29 80
32 1
32 6
32 7
32 13
32 17
32 21
33 10
33 24
33 25
33 31
33 38
33 67
33 69
33 70
33 76
33 81
33 100
33 102
33 107
33 119
34 6
34 14
34 15
34 17
34 18
34 19
34 20
34 23
34 37
34 38
34 47
34 54
34 64
34 67
34 72
34 73
34 80
34 87
34 89
34 95
34 99
34 105
34 116
34 117
34 121
34 138
34 141
34 143
34 151
34 159
34 168
34 171
34 178
34 179
34 207
34 208
34 210
34 214
34 220
34 257
34 261
34 287
34 294
34 295
34 303
34 305
34 309
34 335
34 337
34 339
34 340
34 349
34 352
34 355
34 359
34 360
34 367
36 3
36 5
36 11
36 13
37 1
37 7
37 20
41 24
41 27
41 30
41 71
41 72
41 75
41 77
41 79
41 85
41 88
41 89
41 91
41 97
41 100
41 103
42 2
42 11
42 52
42 53
42 66
42 75
42 92
44 42
44 52
44 53
44 55
44 56
44 59
44 62
44 66
44 68
44 71
44 79
44 88
44 94
44 99
44 118
44 123
44 125
44 128
45 3
47 25
47 26
47 41
48 117
48 124
48 129
48 130
48 133
48 138
48 139
50 11
50 21
50 23
51 1
51 4
51 16
51 31
51 32
51 34
51 54
51 66
51 71
51 92
51 93
51 94
51 97
51 101
51 107
51 115
51 121
51 124
52 48
53 1
53 3
54 16
54 17
54 18
54 24
54 28
54 35
54 136
54 166
54 172
54 181
54 184
54 196
54 198
54 217
54 218
54 229
54 310
54 323
54 325
54 326
54 337
54 341
54 349
54 352
54 353
54 354
55 1
55 12
55 17
55 30
55 37
55 38
55 42
55 47
55 49
55 59
55 63
55 66
55 69
55 70
55 75
55 78
55 88
55 101
55 102
55 106
55 107
55 116
55 119
55 120
56 3
56 10
56 11
56 13
56 19
56 24
56 28
56 29
56 107
56 112
56 117
56 118
56 121
56 128
56 141
56 142
56 148
56 149
56 169
56 176
56 178
56 193
56 200
56 212
56 220
56 221
56 229
56 232
56 246
56 255
56 257
57 3
58 9
58 11
58 17
59 33
60 1
60 4
60 7
60 13
60 14
60 17
61 7
61 12
61 13
61 15
61 16
61 26
61 30
61 36
61 37
61 43
61 45
61 59
61 60
62 6
62 10
62 14
62 15
62 20
62 22
62 25
62 30
62 34
62 37
62 41
62 52
62 53
62 56
63 43
63 46
64 2
64 23
64 25
64 35
64 39
64 42
64 45
64 48
64 53
64 56
64 104
64 105
64 114
64 116
64 122
67 3
67 7
67 9
67 12
67 14
67 15
67 59
67 63
67 74
67 84
67 101
67 106
67 109
67 113
67 114
67 125
67 154
67 155
67 159
67 160
67 163
67 166
67 167
67 171
67 174
67 178
67 179
68 7
68 9
68 18
68 21
68 29
71 21
71 22
71 23
71 25
71 26
71 35
71 36
71 57
71 72
71 103
71 113
71 119
71 130
71 131
71 134
71 141
71 147
72 56
72 58
72 69
72 71
72 80
72 81
72 83
72 86
72 94
72 101
72 113
72 115
73 3
73 5
73 12
73 13
73 15
73 17
73 19
73 22
73 28
73 34
73 36
73 41
73 54
74 1
74 5
74 10
74 13
74 18
74 20
74 22
74 25
74 29
74 36
74 38
74 42
74 48
74 50
74 60
74 67
74 68
74 78
75 12
75 14
75 20
75 26
75 37
75 46
75 52
75 65
75 196
75 214
75 215
75 248
75 250
75 251
75 253
75 256
75 312
75 316
75 322
75 332
75 338
76 2
76 5
76 27
76 36
76 44
76 51
76 54
76 66
76 67
76 74
76 75
76 76
76 77
76 79
76 80
76 82
76 91
76 92
76 96
76 109
76 110
76 117
76 118
76 123
76 128
76 134
76 141
76 147
76 149
77 1
77 45
77 48
77 52
77 67
78 55
78 57
80 41
80 45
80 62
80 84
80 88
80 96
80 103
80 121
80 122
80 123
80 126
80 127
80 135
82 67
82 68
82 74
82 84
82 86
83 9
83 15
84 29
84 37
84 40
84 46
84 55
84 58
84 59
84 61
84 64
84 69
84 78
84 79
84 80
84 85
84 88
84 93
84 110
84 130
84 134
84 148
84 150
84 155
84 156
84 167
84 186
84 269
84 272
85 14
85 15
86 2
86 6
86 11
86 12
86 13
86 23
86 31
86 45
87 5
87 112
87 117
87 124
87 126
87 131
87 134
87 144
88 2
88 7
88 58
88 64
88 84
88 92
88 94
88 96
88 212
88 214
88 221
88 225
88 239
89 6
89 13
89 18
89 43
89 49
89 57
89 65
89 67
89 69
89 86
89 104
89 105
89 108
89 111
89 118
89 121
90 1
90 5
90 26
90 29
90 49
90 55
90 57
90 61
90 76
90 87
90 92
91 3
94 13
94 15
94 17
94 28
94 30
94 31
95 19
95 20
95 24
95 34
96 3
96 6
96 13
96 16
96 20
96 22
96 24
96 37
96 42
97 2
97 10
97 14
97 15
97 22
97 151
97 152
97 162
97 165
97 170
97 172
97 173
97 177
97 180
97 190
97 191
97 195
97 200
97 204
97 208
97 210
97 211
97 218
97 219
97 230
97 236
97 241
98 7
98 15
98 25
98 48
98 49
98 53
98 57
98 61
98 62
98 67
98 69
98 74
98 75
98 76
98 79
98 87
98 92
98 101
98 187
98 193
98 194
98 196
98 200
98 213
98 215
98 218
98 219
98 226
98 227
98 229
98 231
98 233
98 298
98 301
98 308
98 309
98 313
99 15
99 18
99 23
100 2
100 4
100 7
100 24
100 27
100 95
100 96
100 101
100 102
100 103
100 105
