1 1
1 19
1 24
1 35
1 38
1 40
1 51
1 56
1 59
1 70
1 71
1 75
1 77
1 80
1 91
1 100
1 107
1 110
1 111
1 116
1 117
1 130
2 1
5 20
5 21
5 31
5 44
5 45
5 49
5 53
6 69
6 75
8 20
8 32
8 37
8 39
8 51
8 53
8 54
9 7
9 8
9 22
9 23
9 67
9 72
9 82
9 90
9 93
9 94
10 9
11 9
11 13
11 20
11 35
11 45
11 46
11 50
12 1
12 8
12 11
12 25
12 31
12 33
12 38
12 41
12 43
12 47
12 62
12 72
12 73
12 76
12 81
12 83
12 84
12 95
12 100
12 103
12 107
12 112
12 115
12 148
12 167
12 177
12 178
12 180
12 183
12 196
12 204
12 221
12 223
12 231
12 235
12 237
12 243
12 245
12 246
12 255
12 260
12 261
12 267
12 272
12 290
12 291
12 292
12 301
13 2
13 16
13 18
13 32
13 33
13 35
13 49
13 53
13 54
13 62
13 67
13 69
13 97
13 121
13 127
13 128
13 132
13 133
15 3
15 4
15 12
15 22
15 23
15 29
15 32
15 35
15 49
15 53
15 56
15 61
15 68
15 74
15 79
15 81
15 82
15 84
16 28
16 50
16 57
16 59
16 60
16 67
16 77
16 81
16 86
16 93
17 1
17 3
17 17
17 25
17 27
17 34
17 35
17 43
17 45
17 50
17 64
17 68
17 74
17 101
17 111
17 117
17 121
17 124
17 129
17 137
17 141
17 144
17 150
18 40
18 42
18 48
18 50
18 51
19 11
19 26
19 32
19 36
19 39
19 40
19 43
20 37
20 38
20 39
20 41
20 51
20 72
20 74
21 8
21 15
21 19
21 31
21 33
21 35
21 45
23 1
24 12
24 15
24 17
25 5
25 34
25 55
25 56
25 62
25 66
25 75
25 77
25 80
25 86
25 87
25 95
25 102
25 104
25 106
25 110
25 111
25 118
25 127
25 131
25 132
25 166
25 169
25 175
25 181
25 182
25 183
25 185
25 191
25 202
25 204
25 205
25 209
25 216
26 9
28 5
28 13
28 16
28 32
28 56
28 61
28 65
28 71
28 94
28 96
28 100
28 105
28 240
28 247
30 11
30 12
30 23
30 26
30 29
30 36
30 50
30 53
31 54
31 55
31 57
31 58
31 60
31 68
31 70
32 5
33 3
34 10
34 18
34 22
34 26
34 28
34 31
34 35
34 43
35 2
35 4
35 12
35 19
35 24
35 26
35 27
35 34
36 12
36 21
37 2
37 16
38 3
38 5
38 12
38 18
38 19
38 39
38 40
38 43
38 44
38 61
38 63
39 2
39 9
39 11
42 34
42 124
42 130
42 132
42 145
42 146
42 154
42 168
42 169
42 176
42 185
42 189
42 195
42 203
42 211
43 9
43 29
43 38
43 44
43 84
44 4
44 8
44 17
44 34
44 38
44 40
44 42
44 43
44 47
44 51
44 55
44 64
44 71
44 73
45 10
45 12
45 17
45 19
45 21
45 26
45 33
45 43
45 44
45 46
45 50
45 58
46 1
46 4
49 7
49 12
49 13
50 11
50 14
50 22
50 23
51 10
51 11
53 50
55 1
55 3
55 7
55 8
55 15
55 16
55 18
55 20
55 33
55 36
55 37
55 44
55 46
55 51
55 59
55 62
55 69
55 77
55 78
55 80
55 83
55 84
55 86
56 4
56 8
56 12
56 17
56 20
56 26
56 28
56 38
56 40
56 44
56 47
56 48
56 67
56 77
56 78
56 84
56 86
56 94
56 95
56 124
56 143
56 149
56 156
56 170
56 172
56 176
56 185
56 191
56 200
56 217
56 229
56 302
56 306
58 18
58 31
58 35
58 38
58 46
58 49
58 62
58 64
58 67
58 77
58 81
58 82
58 89
58 95
58 96
58 114
58 116
58 122
59 9
59 10
60 22
60 23
61 1
61 3
61 23
61 27
61 29
61 32
61 140
61 150
61 157
61 166
61 169
61 189
61 190
61 193
61 200
61 218
61 239
61 240
61 241
61 243
61 245
61 255
61 270
61 272
61 276
62 1
62 7
62 8
63 2
63 3
63 7
63 9
63 12
63 14
64 3
64 6
64 12
64 80
64 82
64 83
64 85
64 91
64 93
64 97
64 102
64 103
64 119
64 122
64 137
64 145
64 153
64 157
64 161
64 172
64 177
64 183
64 186
64 197
64 209
64 212
64 213
64 215
64 226
64 230
64 237
64 238
64 250
64 256
66 17
66 112
66 115
66 118
66 120
66 126
66 133
66 142
66 144
66 147
66 149
66 151
66 153
66 154
66 155
66 161
66 168
66 181
66 186
67 7
67 23
67 29
67 40
67 47
67 59
67 81
67 84
67 86
67 89
67 90
67 95
67 104
67 112
67 116
67 121
67 133
67 136
69 1
69 2
69 13
69 18
69 21
69 34
69 37
69 48
69 51
69 52
69 53
69 57
69 66
69 68
69 71
69 74
69 85
69 86
69 88
70 6
70 14
70 28
70 31
70 46
70 62
70 64
70 67
70 83
70 85
72 40
72 41
72 43
72 47
72 48
72 57
72 59
72 62
72 68
72 73
72 78
72 83
72 86
72 95
72 98
72 99
72 108
72 110
72 122
72 123
72 125
73 19
73 20
73 27
73 36
73 117
73 118
73 120
73 124
73 131
73 137
73 139
75 42
75 45
75 105
75 109
75 111
75 113
75 133
75 138
75 140
75 146
75 152
75 161
75 170
75 175
75 182
75 195
75 199
75 203
75 213
75 216
75 219
75 222
75 225
75 244
76 11
76 16
76 17
76 18
76 21
77 14
77 20
77 23
77 30
78 3
79 32
79 33
79 42
79 54
79 63
79 65
79 66
79 74
79 75
79 77
79 78
79 89
79 97
79 98
80 21
80 31
81 4
81 16
81 20
81 21
82 6
82 7
82 15
82 22
82 29
83 24
83 34
83 38
83 39
83 46
83 49
83 50
84 7
84 10
84 17
84 27
84 31
84 33
84 34
84 38
84 39
84 44
84 45
84 46
84 63
84 67
84 70
84 72
84 73
84 80
84 85
84 86
84 98
84 109
84 115
86 72
86 73
86 75
86 76
86 78
86 82
86 110
86 114
87 1
87 16
87 22
87 23
87 29
87 33
87 46
87 59
87 61
87 69
87 74
87 82
87 83
87 87
88 2
88 14
88 18
88 41
88 42
88 49
88 50
88 59
88 67
88 72
88 78
88 83
88 84
88 87
88 106
88 111
88 114
88 117
88 128
88 136
88 137
88 144
88 162
88 168
88 174
88 176
88 179
88 181
88 190
88 194
89 27
89 28
89 31
89 37
89 41
89 50
89 63
89 67
89 71
89 73
89 75
92 39
92 41
92 44
92 48
94 13
94 14
94 15
94 17
98 24
98 25
98 33
98 38
98 39
98 46
98 70
98 116
98 121
98 131
99 1
99 133
99 136
99 140
99 157
99 165
99 175
99 181
99 187
100 2
101 6
101 7
101 10
101 12
101 14
101 20
102 1
102 9
102 106
102 111
102 122
102 133
102 137
102 147
102 152
102 200
102 202
102 204
102 210
102 220
102 225
102 227
102 230
102 237
102 241
102 243
102 247
102 347
102 360
102 364
103 46
103 47
103 57
103 60
103 67
103 117
103 118
103 119
103 121
103 128
104 6
104 14
104 36
104 38
104 42
104 45
104 50
104 51
104 55
104 61
104 69
104 71
104 72
104 74
104 75
104 81
104 83
104 86
104 89
104 98
104 104
104 121
104 125
104 126
104 131
104 132
104 137
105 2
105 4
105 7
105 8
105 9
106 7
106 11
106 19
107 6
107 13
107 14
107 24
107 25
107 35
107 55
107 56
107 74
107 85
107 87
107 89
107 94
108 6
108 37
108 39
108 46
108 50
108 54
109 67
109 68
109 70
109 77
109 78
109 81
109 87
109 100
113 18
113 25
113 26
113 28
113 29
113 36
113 40
114 4
114 8
114 10
114 11
114 34
114 53
114 58
114 62
114 64
114 83
114 215
114 218
114 222
114 226
114 234
114 259
114 260
114 262
