1 3
1 6
1 10
3 70
3 71
3 74
3 75
3 76
3 87
4 4
4 9
4 14
4 15
4 18
5 3
5 6
5 34
5 35
5 56
5 57
5 63
5 66
5 69
5 81
5 82
5 83
6 9
6 10
6 14
9 10
9 17
9 150
9 155
9 158
14 33
15 5
15 9
15 24
15 28
15 36
16 1
16 8
16 12
16 14
16 18
16 20
16 34
16 50
16 52
16 53
16 54
16 55
17 16
17 23
17 51
17 52
17 53
17 67
17 70
17 76
17 77
17 86
17 99
17 100
17 115
17 116
17 246
17 256
17 384
17 393
17 401
17 402
17 407
17 412
17 421
17 430
17 439
17 450
17 463
17 475
17 482
17 493
17 495
17 504
17 505
17 517
17 521
17 567
17 573
17 584
17 587
17 589
17 591
17 594
17 596
17 599
17 603
17 606
17 611
17 613
18 1
18 2
18 11
19 115
19 120
19 130
19 185
19 188
19 197
19 199
19 206
19 207
19 208
19 212
19 215
19 222
19 223
19 234
19 235
19 241
20 1
21 13
21 14
21 22
21 34
24 37
24 41
24 52
24 68
24 104
24 108
25 5
25 6
25 16
25 17
25 19
25 28
26 2
26 3
26 4
26 135
26 138
26 149
26 151
26 156
26 161
26 163
28 45
29 3
29 12
29 13
29 18
29 30
29 38
29 74
29 93
29 102
29 106
29 109
29 121
29 124
29 126
29 128
29 130
29 131
30 5
30 10
30 19
30 22
30 29
30 36
30 51
30 57
30 156
30 165
30 180
30 182
30 184
30 194
30 248
30 256
30 261
30 262
30 265
30 266
30 268
30 272
31 6
31 10
31 14
31 15
31 16
31 17
31 18
31 23
31 24
31 27
31 29
31 31
31 34
31 35
32 55
32 58
32 60
32 61
32 62
32 67
32 69
32 71
32 74
32 80
32 93
32 95
32 98
33 1
33 3
33 6
33 8
33 16
33 17
33 23
33 45
33 46
33 50
33 53
33 57
33 62
33 64
33 76
33 85
33 100
33 172
34 28
34 33
34 35
35 3
35 5
35 6
35 9
36 9
36 25
37 4
37 24
37 29
37 30
38 7
38 20
38 26
38 29
38 30
38 34
38 35
38 40
38 41
39 5
39 17
39 38
39 39
39 41
39 42
39 52
39 53
39 59
39 61
39 64
39 69
39 71
39 72
39 74
39 75
39 89
39 90
39 98
39 110
39 111
39 112
39 117
39 119
39 125
39 129
39 133
39 135
39 139
39 144
39 157
39 158
39 163
39 171
39 172
39 174
39 175
39 177
39 182
39 197
39 209
39 211
39 212
39 221
39 225
39 226
39 228
39 229
39 251
40 3
40 9
40 14
40 19
41 4
41 6
41 7
41 8
41 16
41 20
41 23
41 29
41 30
41 36
41 37
43 3
43 7
43 11
43 15
43 28
43 29
43 33
43 34
43 175
43 176
43 191
43 196
43 201
43 215
43 218
43 222
43 223
43 227
43 246
43 250
43 252
43 254
43 256
43 258
43 260
43 261
43 265
43 270
43 276
44 21
44 24
44 27
44 45
44 56
44 59
45 6
45 8
45 9
45 10
45 12
45 22
46 1
46 15
47 2
48 8
48 10
48 11
48 12
48 18
49 48
50 82
50 86
50 88
50 94
50 157
50 161
50 163
50 165
51 33
51 35
51 44
51 52
51 55
51 57
51 63
51 192
51 193
51 198
51 201
52 12
52 16
52 20
52 23
52 35
52 36
52 49
52 55
52 58
52 61
52 67
52 74
52 77
52 79
52 82
52 96
52 97
52 109
52 116
52 120
53 54
53 56
53 62
53 63
53 70
53 78
53 80
53 85
53 86
53 87
53 97
54 14
54 15
54 22
54 24
54 40
55 24
55 29
55 36
55 40
55 41
55 49
55 61
55 63
57 10
57 14
58 5
58 6
58 22
58 23
58 29
59 4
60 2
60 4
60 14
60 19
60 29
60 30
60 46
60 49
60 51
61 10
62 87
62 89
62 97
62 104
62 118
62 130
62 136
62 144
62 159
62 160
62 166
63 10
63 12
63 24
63 25
63 29
63 30
63 34
63 43
63 65
63 72
63 74
63 94
63 96
63 98
64 30
64 37
64 38
64 56
64 57
64 64
65 6
65 38
65 43
65 44
65 49
65 53
65 54
65 59
65 67
65 71
65 75
66 27
66 28
66 31
66 35
66 37
66 47
66 52
66 58
66 59
66 65
66 70
66 73
66 94
66 95
66 104
66 114
66 117
66 121
66 125
66 130
67 4
67 5
67 14
67 25
67 29
67 34
67 36
67 48
67 53
67 60
67 70
67 71
67 80
67 83
67 84
67 95
67 99
67 100
67 104
67 106
67 122
67 125
67 131
67 132
67 185
68 3
68 17
68 21
68 24
68 26
68 41
68 43
68 46
68 62
68 66
68 77
68 79
68 83
69 2
69 9
69 10
69 12
69 16
69 18
69 22
69 30
70 1
70 6
70 15
70 19
70 20
70 40
70 41
70 58
70 62
70 76
70 77
70 87
70 93
70 95
70 97
70 112
70 114
70 119
70 121
70 126
70 265
70 266
70 393
70 396
70 406
70 422
70 423
70 430
70 434
71 8
71 9
71 18
71 20
71 24
71 47
71 48
71 58
71 64
71 69
71 74
71 75
71 93
71 102
73 71
73 73
73 78
73 81
73 83
73 93
73 97
73 99
73 100
73 115
73 125
73 128
73 131
73 139
73 142
73 149
73 157
74 38
74 42
74 45
74 53
75 18
75 23
75 28
75 31
75 32
75 39
75 48
75 143
75 169
76 6
76 13
76 15
76 24
76 26
76 82
76 84
77 93
77 111
78 33
78 58
78 63
78 80
78 88
78 111
78 117
78 119
80 21
80 27
80 33
80 53
80 67
80 111
80 114
80 116
80 125
80 127
80 132
80 143
80 150
80 190
80 215
80 220
80 223
80 225
81 4
81 8
81 10
81 46
81 51
81 66
81 67
81 71
81 79
81 90
81 91
81 105
81 119
81 122
81 126
81 148
81 149
81 158
81 162
81 177
82 10
82 16
82 20
82 21
83 1
84 2
84 9
84 10
84 15
84 31
84 32
84 34
84 35
84 46
84 47
84 48
84 49
84 65
84 73
84 77
84 84
84 85
84 87
84 93
84 99
85 2
85 3
85 16
85 21
86 39
86 40
90 83
90 90
90 97
90 98
90 104
90 107
90 114
90 196
90 203
90 211
91 105
91 118
91 123
91 127
91 134
91 135
91 146
91 148
91 149
91 160
92 9
92 17
92 30
92 31
92 33
93 5
93 6
93 18
93 22
93 26
93 27
93 30
93 42
93 49
93 56
94 7
94 12
94 17
94 21
94 29
94 36
95 8
95 14
95 18
95 35
95 59
95 61
95 65
95 77
95 87
95 91
95 93
95 101
99 37
100 3
100 6
100 8
101 89
101 90
101 91
101 106
101 107
101 115
101 117
101 118
101 122
101 126
101 128
101 131
101 136
101 147
101 154
101 157
101 161
101 162
101 293
101 295
101 306
102 2
103 74
103 79
103 80
103 81
103 82
104 3
104 20
104 31
104 36
104 60
104 68
