1 4
1 8
1 10
1 16
1 22
1 42
1 47
1 48
1 53
1 63
1 92
1 93
1 95
1 109
1 114
1 116
1 121
1 122
1 125
2 16
2 24
2 43
2 44
2 73
2 81
2 83
2 87
2 93
2 94
3 11
3 16
3 19
3 20
4 46
4 50
4 57
4 58
4 63
4 72
4 83
5 20
5 24
6 29
6 32
6 34
6 37
6 43
6 44
6 48
7 84
8 1
8 15
8 146
9 78
9 81
9 82
9 85
9 115
9 121
9 124
9 146
9 147
9 150
9 159
10 2
10 8
10 19
10 20
10 28
10 31
10 42
10 46
10 48
10 49
10 58
10 60
10 63
10 68
10 69
11 10
11 17
11 39
11 42
11 109
11 112
11 122
12 10
12 21
12 25
12 44
12 61
13 1
13 2
13 4
13 8
13 17
13 36
13 43
13 48
13 50
13 84
13 94
13 95
13 102
13 105
13 110
13 113
13 116
13 120
14 16
14 21
14 26
14 40
14 45
14 51
14 52
14 69
14 81
14 83
14 92
14 98
14 125
14 128
14 131
14 132
15 2
15 5
15 11
15 25
15 26
15 46
15 63
15 65
15 67
15 78
15 81
15 89
15 97
15 98
15 109
15 121
15 123
15 138
15 139
15 144
15 145
15 146
16 4
16 32
16 145
16 147
16 150
16 152
16 153
17 1
17 2
17 3
17 8
20 14
20 18
20 25
20 29
20 42
20 55
20 64
20 70
20 71
20 90
20 95
20 128
20 135
20 148
20 149
20 152
20 153
20 169
20 180
20 182
20 185
21 7
21 10
21 17
21 18
21 23
21 29
21 31
21 34
21 35
21 39
21 43
21 44
21 48
21 49
21 51
21 88
21 93
22 28
22 31
22 37
22 40
22 45
22 51
22 53
22 65
22 66
22 69
22 71
22 73
22 82
22 87
22 90
22 168
22 169
22 173
22 180
22 183
22 187
22 190
22 193
22 194
22 196
22 203
22 219
22 222
22 224
22 229
23 17
23 18
24 12
27 40
27 45
27 48
27 51
27 52
27 56
27 62
27 64
27 68
27 70
27 73
27 77
27 80
27 81
27 84
27 91
27 93
27 98
27 100
29 36
29 44
29 51
29 53
29 57
30 3
30 11
30 14
31 5
31 17
31 21
31 24
31 26
31 35
31 40
31 44
31 67
31 83
31 94
31 110
31 120
31 122
31 124
31 135
31 136
31 138
32 10
32 11
33 1
33 6
33 8
33 10
33 11
33 16
33 26
33 35
33 42
33 45
34 69
34 70
34 81
34 85
34 88
34 92
35 1
35 3
35 5
36 11
36 12
36 22
36 26
36 27
36 40
36 48
36 49
36 53
36 64
36 68
37 3
37 6
37 14
37 21
37 29
37 35
37 50
37 57
37 69
37 76
37 79
37 89
37 98
37 102
37 110
37 115
37 123
37 128
39 3
39 4
39 5
39 10
39 13
40 14
40 17
40 19
40 33
40 39
40 41
40 47
40 64
40 81
40 85
40 87
40 90
40 100
41 4
41 23
41 25
42 1
42 3
42 4
42 7
42 15
42 46
42 49
42 50
43 3
43 5
43 11
43 22
43 24
43 29
43 37
43 39
43 44
43 48
43 49
43 51
43 66
44 4
44 18
44 22
44 96
44 110
44 116
44 124
45 1
45 10
45 11
45 13
45 20
45 36
45 50
45 53
45 59
45 63
45 100
45 101
45 115
45 117
45 119
45 131
45 136
45 142
48 8
48 26
48 29
48 35
50 11
50 22
50 27
50 40
50 49
50 66
50 67
50 72
50 74
50 80
50 90
52 9
52 10
52 12
52 13
52 16
52 32
52 40
52 63
53 1
53 4
53 6
53 11
53 13
53 15
53 23
53 27
53 32
53 36
53 41
53 45
53 46
53 56
53 64
53 103
54 1
54 13
54 16
55 22
55 25
55 29
55 35
56 4
56 7
56 8
56 16
57 3
57 6
57 9
57 10
57 12
57 16
57 26
57 36
57 37
57 43
58 3
58 9
58 146
58 166
58 171
58 179
58 204
58 205
58 212
58 213
58 220
58 226
58 229
58 233
58 236
59 1
61 3
61 4
61 8
61 10
61 16
61 20
61 25
61 89
61 96
61 99
61 113
61 116
61 126
61 143
61 148
61 150
61 153
61 154
61 157
61 163
61 174
61 176
61 189
61 190
61 208
61 214
61 215
61 218
61 225
61 236
61 239
61 240
61 245
61 261
61 265
61 270
61 275
61 278
61 290
61 302
62 1
62 3
62 4
62 11
62 14
62 15
62 22
62 27
62 38
62 39
62 44
63 12
63 21
63 35
63 37
63 49
63 50
63 51
63 55
63 72
63 76
63 81
63 84
63 95
63 112
63 124
63 127
63 137
65 57
65 58
65 70
65 74
65 76
65 87
65 98
65 102
65 103
65 104
65 107
65 114
65 127
65 131
65 135
65 237
65 250
66 6
66 8
66 9
66 10
66 84
66 89
66 94
67 6
67 7
67 16
67 20
67 22
67 26
67 28
67 30
68 15
68 17
68 25
68 31
69 1
69 11
69 17
69 25
69 30
69 37
69 38
69 39
70 37
70 47
70 49
70 64
70 71
70 77
70 80
70 90
70 92
70 98
70 161
70 183
70 187
70 196
70 200
70 201
70 204
70 206
70 217
71 94
71 96
71 102
71 107
71 113
71 120
71 122
71 126
71 128
71 129
71 131
71 141
71 152
71 155
71 156
71 157
72 62
72 72
72 73
72 91
72 92
72 100
73 8
73 9
73 13
73 20
73 30
73 34
73 47
74 5
74 141
74 163
74 164
74 165
74 170
74 171
74 174
74 180
74 189
74 191
75 1
75 2
75 11
76 6
76 7
76 9
76 23
76 41
76 45
76 47
76 48
76 54
76 65
76 68
76 118
76 192
76 194
76 199
76 200
76 204
76 206
76 207
76 209
76 235
76 254
76 264
76 273
76 282
76 284
76 295
76 301
76 306
76 311
76 319
78 17
78 21
78 22
78 29
79 9
79 21
79 36
79 40
79 43
79 50
79 60
79 78
79 81
79 90
79 91
79 92
79 95
79 101
79 103
79 105
79 112
79 117
79 128
79 134
80 6
80 21
80 26
80 28
80 65
80 68
80 74
80 80
80 83
80 85
80 87
80 88
80 90
80 92
80 96
80 99
80 115
80 116
80 120
80 122
80 126
80 135
80 138
80 151
80 154
80 168
80 173
80 174
80 189
80 190
80 196
80 253
82 20
82 26
82 27
82 38
82 47
82 51
83 1
83 5
83 11
83 17
84 15
88 6
88 8
90 31
90 33
90 35
90 40
90 52
90 55
90 66
90 67
91 47
91 61
91 64
91 65
91 76
91 78
91 81
91 82
91 90
91 91
91 101
91 103
92 5
92 13
92 20
92 23
92 72
92 73
92 77
92 93
93 3
93 4
93 18
93 24
93 26
93 34
93 41
93 47
93 48
93 50
93 53
93 55
93 64
93 77
93 79
93 101
93 111
93 116
93 118
93 122
93 123
93 128
93 136
93 143
93 144
93 146
93 155
93 160
94 3
94 6
94 7
94 8
95 10
95 23
95 29
95 31
95 34
96 2
96 4
96 8
96 12
96 17
96 22
96 43
97 54
97 56
97 57
97 76
97 80
97 85
97 86
98 4
99 2
99 3
99 4
99 7
99 19
100 7
101 18
101 24
101 40
101 41
101 43
101 47
101 62
101 192
102 3
102 9
102 13
104 34
104 35
104 44
104 46
104 47
104 64
104 72
104 80
104 82
104 90
104 96
104 97
104 99
104 101
104 112
104 113
104 119
104 123
104 125
104 151
104 154
104 160
104 166
104 168
104 171
104 179
104 182
104 184
106 26
106 28
106 29
106 45
107 5
107 8
107 10
107 23
107 28
108 4
108 17
108 18
108 27
108 29
108 36
108 39
108 40
108 41
108 43
108 70
108 71
109 1
