1 2
4 24
4 27
4 28
4 32
4 34
4 43
4 44
4 48
4 56
4 76
4 79
4 96
4 98
4 100
4 102
4 110
4 111
4 114
4 124
4 127
4 138
4 141
4 150
4 155
4 157
4 173
5 94
5 104
5 105
5 113
5 115
5 126
7 16
7 23
7 24
7 28
7 47
7 48
7 58
7 65
7 72
7 77
7 84
7 91
7 98
7 113
7 119
7 129
7 131
7 135
7 141
7 143
8 1
8 3
8 8
8 43
8 48
8 50
8 64
9 2
9 3
9 31
9 32
9 35
9 36
9 37
9 39
9 122
9 124
9 133
9 135
9 136
9 138
9 140
9 169
9 170
9 171
9 173
10 13
10 19
10 21
11 2
11 6
12 2
12 7
12 9
13 4
13 7
13 12
13 16
13 29
13 34
14 1
15 2
15 16
15 23
15 28
15 34
15 35
15 42
15 49
15 68
15 71
15 82
15 92
16 5
16 11
16 15
16 32
16 44
16 46
16 64
17 4
17 40
17 42
17 46
20 1
20 3
20 7
20 19
20 20
20 25
20 34
20 38
20 39
20 43
20 57
20 58
20 68
20 77
20 81
20 85
20 86
20 88
20 107
22 111
22 112
22 114
22 118
22 131
22 138
22 142
22 144
22 145
22 146
22 151
22 169
22 177
22 179
22 316
22 326
22 333
22 336
22 342
23 3
23 8
23 12
23 13
23 17
23 18
23 20
23 24
23 31
24 2
24 13
24 23
24 24
24 25
24 45
24 50
24 55
24 56
24 61
24 67
24 71
24 78
24 79
24 95
24 103
24 121
24 122
24 144
24 159
24 160
24 165
26 36
26 38
26 51
27 5
27 18
27 22
27 134
27 207
27 212
27 215
27 224
27 225
27 231
27 236
27 237
27 239
27 240
27 242
27 249
27 259
27 272
27 273
27 280
27 287
27 288
28 2
29 103
29 108
29 109
29 111
29 117
29 123
29 129
29 135
29 143
29 159
29 164
29 165
29 172
29 188
29 190
29 193
29 194
29 212
29 214
29 221
29 231
29 232
29 239
29 241
29 244
29 254
31 10
31 20
31 21
31 29
31 32
31 33
31 36
31 43
31 74
31 76
31 78
31 91
31 111
31 113
31 114
31 119
32 3
32 5
32 13
32 19
32 30
33 76
33 78
33 154
33 160
33 162
33 171
33 177
33 178
33 182
33 184
33 185
33 187
34 2
34 5
34 6
34 7
34 20
34 34
34 37
34 41
34 64
34 65
34 71
34 73
34 76
34 85
34 95
34 101
34 102
34 111
34 114
34 120
34 124
34 139
34 149
34 152
34 155
34 159
34 163
34 165
34 166
34 173
34 175
34 186
35 5
35 7
35 8
35 10
35 12
35 23
35 25
35 42
37 20
38 3
38 9
38 10
38 16
38 22
38 26
38 27
38 29
38 43
38 48
38 53
38 64
38 65
38 74
38 75
39 11
39 14
39 27
39 32
39 33
40 1
40 2
40 4
40 69
40 76
40 79
40 83
40 84
40 91
40 92
40 95
42 14
43 3
43 8
43 14
43 15
43 26
43 28
43 33
43 49
43 51
43 55
43 67
45 2
46 15
46 24
46 77
46 81
46 94
46 96
46 99
46 107
48 23
48 28
48 32
48 38
48 47
48 49
49 2
49 14
49 16
49 18
49 27
49 33
49 44
49 45
49 53
49 56
49 75
50 1
50 5
50 7
50 8
50 11
50 13
50 20
50 22
50 31
50 36
50 38
50 39
50 40
50 45
50 46
50 58
50 64
50 69
50 70
50 76
50 77
50 87
50 88
50 91
50 100
52 35
53 4
54 76
55 8
55 20
55 21
55 25
55 47
55 51
55 67
55 95
55 103
55 108
55 109
55 113
55 115
55 117
56 2
56 7
56 33
56 35
56 41
56 44
56 51
56 69
56 71
56 143
56 162
56 164
56 167
57 5
58 72
58 91
60 107
60 110
60 119
60 136
60 137
60 144
60 153
61 1
61 5
61 6
61 16
61 20
61 24
61 27
61 29
61 32
61 33
61 37
61 40
61 54
61 65
61 69
61 73
61 86
61 98
61 100
61 103
61 106
61 111
62 1
62 4
62 11
62 23
64 59
64 65
64 78
64 79
65 6
65 25
65 31
65 32
66 9
66 16
66 18
66 32
66 38
66 47
66 51
66 53
66 56
66 72
66 74
66 88
66 92
66 101
66 102
66 109
66 115
67 120
67 121
67 122
68 28
68 31
68 33
68 35
68 42
68 45
68 46
68 61
68 62
68 69
68 70
68 72
68 79
68 85
68 88
68 95
68 96
68 104
68 105
68 106
68 112
68 117
68 118
68 144
68 145
69 5
69 6
69 12
69 15
69 35
69 40
69 58
69 61
69 62
69 63
69 66
69 77
70 8
70 16
70 35
70 41
70 52
70 53
70 63
70 65
70 69
70 94
70 95
70 117
70 131
70 132
70 137
70 138
74 12
74 16
74 24
74 28
74 34
74 38
74 40
74 42
74 44
74 45
74 70
74 79
74 81
74 88
75 3
75 9
75 11
75 19
75 75
75 77
75 85
75 86
75 100
75 101
75 103
75 105
75 109
75 111
75 112
75 117
75 120
75 127
75 128
75 264
75 270
75 271
75 279
75 281
75 283
75 284
75 298
75 301
76 7
76 22
76 28
76 34
76 39
76 40
76 43
76 52
76 58
76 83
76 84
76 89
77 20
77 30
77 36
77 39
77 46
77 50
77 117
77 127
77 139
80 29
80 33
80 34
80 37
80 46
80 47
80 53
80 57
80 64
80 74
80 81
80 94
80 97
81 1
81 5
81 7
81 14
81 27
81 37
81 42
81 44
81 46
81 50
81 58
81 60
81 77
81 82
81 90
81 92
81 94
81 106
81 109
81 116
81 118
81 120
81 125
81 129
81 154
81 157
81 163
82 163
82 164
82 190
82 192
82 200
82 208
82 209
82 210
82 219
82 221
82 222
83 1
83 93
84 2
84 3
84 13
84 18
84 20
85 7
85 11
85 16
85 35
85 37
85 57
85 61
85 66
85 68
85 71
85 73
85 78
85 106
85 110
85 113
85 127
85 130
85 143
85 154
85 166
85 167
86 5
86 9
86 12
86 15
86 19
87 1
88 2
88 9
88 11
88 12
88 14
88 15
88 22
88 26
88 35
88 38
88 43
88 47
88 49
88 53
88 57
88 60
89 3
89 4
89 15
89 27
89 31
89 36
89 38
89 48
89 49
89 52
89 53
91 5
91 9
91 11
91 15
91 41
91 43
91 48
91 59
91 63
91 72
91 79
91 88
91 90
91 92
91 114
91 117
91 122
91 123
91 136
91 256
91 260
91 264
92 13
92 19
92 29
92 46
92 50
93 15
93 28
93 42
93 43
93 50
93 62
93 65
93 68
94 15
94 17
95 2
95 9
95 15
95 37
95 38
95 43
96 5
96 9
96 14
96 27
96 30
96 33
96 48
96 52
96 56
96 58
96 59
96 61
96 63
96 166
96 172
96 180
96 183
96 199
96 200
96 231
96 233
96 239
96 243
96 245
96 254
96 258
96 260
96 266
96 313
96 314
96 444
98 1
98 3
99 7
99 10
99 11
99 21
99 48
99 52
99 58
99 61
100 10
100 12
100 30
100 39
100 42
100 43
100 52
100 56
100 58
100 69
100 71
100 75
101 21
101 24
103 78
103 82
103 85
103 91
103 95
103 100
103 105
103 115
104 21
104 22
104 32
104 37
104 52
105 6
105 17
105 19
105 20
105 24
106 12
106 18
106 21
106 25
106 30
106 37
106 38
106 52
106 54
106 65
106 67
106 71
106 72
106 76
106 215
106 217
106 222
106 233
106 234
106 235
106 236
106 237
106 238
106 239
106 242
106 246
106 257
106 266
106 269
106 273
106 287
106 288
106 301
106 302
106 308
106 386
106 390
106 391
