1 3
1 8
1 14
1 17
1 21
3 90
3 93
3 100
3 108
3 109
3 111
3 115
3 138
3 143
3 144
3 150
3 151
3 152
3 157
3 169
5 51
5 54
5 60
5 62
5 69
5 73
5 77
6 2
6 5
6 33
6 43
6 45
6 47
6 48
6 49
6 52
6 58
6 59
6 64
6 67
6 73
6 82
7 55
7 56
7 58
7 60
8 2
8 3
10 8
10 9
10 14
10 25
10 35
10 37
10 40
10 46
10 50
10 90
10 100
10 107
11 1
11 6
12 1
13 1
13 3
13 5
13 7
13 9
13 11
13 103
13 106
13 112
13 117
13 128
13 129
13 132
14 1
14 7
14 13
14 16
14 19
14 22
14 59
15 65
15 66
15 79
18 57
18 59
18 62
18 69
18 70
18 73
18 85
18 94
20 39
20 44
20 57
20 61
20 71
20 73
20 86
20 92
20 96
20 100
20 103
20 122
20 124
21 13
23 43
23 46
23 51
23 61
23 69
23 72
23 90
23 91
23 92
23 96
23 97
23 106
24 10
24 11
24 15
24 19
24 24
24 36
26 12
26 20
26 36
26 47
26 72
27 7
27 10
27 11
27 22
27 27
27 30
27 33
27 36
27 47
27 48
27 51
27 52
27 55
27 58
27 64
27 72
28 9
28 16
28 24
28 58
28 62
28 63
28 65
28 201
28 202
28 204
28 205
28 207
28 210
28 212
29 3
29 15
29 27
29 36
29 46
29 51
30 5
31 56
31 68
31 78
31 82
31 84
31 89
31 90
31 94
31 97
31 103
31 107
32 5
32 10
32 14
32 16
32 19
33 17
33 20
35 18
35 22
35 28
35 31
35 40
35 44
35 50
36 10
37 1
37 8
37 9
37 12
37 16
37 20
37 22
37 34
37 36
37 40
37 42
37 47
37 54
37 62
37 67
37 74
37 77
37 79
37 86
37 92
37 96
37 99
37 100
37 102
37 114
37 246
37 251
37 254
37 267
37 284
37 285
37 288
37 289
37 301
37 302
37 331
37 339
37 344
37 353
37 360
38 15
38 17
38 19
38 22
38 26
38 30
38 42
38 43
38 52
38 55
38 56
38 72
38 80
38 88
38 89
38 97
38 105
38 108
39 3
39 23
41 5
41 13
41 16
41 34
41 38
41 55
41 59
41 71
41 73
41 80
41 81
41 96
41 98
41 102
44 56
44 61
44 73
44 79
44 81
44 88
44 93
44 105
44 110
44 254
44 255
44 262
44 264
45 14
47 7
47 51
47 54
47 69
48 10
52 4
52 5
52 13
52 14
52 23
52 26
52 30
52 43
53 4
53 13
53 22
53 25
53 32
53 41
53 44
53 45
53 48
53 51
53 52
54 11
55 7
55 41
56 9
56 10
56 13
56 16
57 53
57 54
57 68
57 71
57 73
57 74
57 78
58 4
58 15
58 17
58 23
58 29
58 35
60 7
60 18
60 28
60 33
60 45
60 49
60 50
60 57
60 189
60 191
60 204
60 210
60 213
60 220
60 224
62 20
62 21
62 27
62 38
62 45
62 46
62 51
62 63
62 77
62 78
62 80
62 84
62 86
62 88
62 113
62 161
64 5
64 7
64 8
64 9
64 17
64 21
64 31
64 38
64 42
64 48
64 50
64 59
64 67
64 72
64 73
64 75
64 80
65 8
65 34
65 35
66 1
66 5
66 18
66 102
68 11
68 18
71 63
71 64
71 78
71 80
71 87
71 102
71 103
71 109
71 110
71 116
71 117
71 124
71 128
71 136
71 137
71 159
71 171
71 181
71 187
71 199
72 1
72 3
72 13
72 17
72 19
72 30
72 46
72 55
72 59
72 67
72 69
72 85
72 87
72 91
72 94
72 101
72 105
72 106
72 112
72 119
73 32
73 34
73 36
73 40
73 48
73 51
73 58
73 66
75 3
75 5
75 12
75 13
75 19
75 21
75 22
75 29
75 30
75 44
75 55
76 10
76 13
76 27
76 48
76 63
78 7
78 9
78 27
78 48
78 57
78 60
78 88
78 94
78 106
78 107
79 3
79 11
79 17
79 18
79 25
79 26
79 27
79 35
79 36
79 47
79 48
79 55
79 56
80 2
81 5
81 9
81 16
81 19
81 22
81 25
81 30
81 44
81 46
81 68
81 75
81 78
81 91
81 92
81 95
83 3
83 12
83 14
83 15
85 8
85 19
85 55
85 56
85 66
85 79
85 80
85 81
85 85
85 87
85 96
85 110
85 111
85 113
85 122
85 128
85 131
85 137
85 140
85 143
85 150
85 151
85 155
85 156
85 161
85 164
85 165
85 168
85 169
85 171
85 182
85 192
85 207
85 211
85 216
85 218
85 222
85 225
85 228
85 231
85 237
85 247
85 248
85 249
85 254
85 269
85 276
85 321
85 322
85 346
85 350
85 354
85 360
85 361
85 363
85 367
85 368
85 372
85 375
85 377
85 379
85 387
85 394
85 397
85 399
85 406
85 486
85 488
85 503
85 508
85 509
85 517
85 518
85 525
85 529
85 554
85 559
85 566
85 569
86 21
86 34
86 36
86 52
87 3
87 4
87 13
87 28
87 29
87 31
87 34
87 36
87 53
87 57
87 63
88 7
88 16
88 26
88 31
88 37
88 38
88 40
88 41
88 46
88 54
88 58
88 59
88 72
88 108
88 110
88 116
88 118
89 3
89 15
89 29
89 31
89 32
89 35
89 45
89 46
90 4
90 6
90 10
90 11
90 29
90 30
90 32
90 37
90 39
90 41
90 49
90 52
90 54
91 13
91 21
91 24
91 25
91 29
91 48
91 58
96 4
96 7
96 16
96 19
96 21
98 59
98 64
98 205
98 207
98 208
99 27
99 40
100 3
100 7
100 11
100 12
100 17
100 34
100 51
100 57
100 60
102 3
102 4
102 9
102 13
102 17
103 1
103 5
106 6
106 7
106 10
106 13
106 15
106 29
106 41
106 44
106 45
106 46
106 52
106 55
106 58
107 1
107 5
107 6
107 17
107 20
107 71
107 77
107 80
107 101
107 103
107 104
107 105
107 120
107 122
107 123
107 132
107 133
107 135
107 136
107 146
107 148
107 150
107 156
107 159
107 167
108 2
108 8
108 13
108 15
108 24
108 28
108 63
108 66
108 67
108 68
108 74
108 85
108 86
108 95
109 3
109 10
109 15
109 17
109 23
109 27
109 35
109 38
109 41
109 62
109 68
111 16
111 20
111 31
111 111
111 112
111 118
111 119
111 125
111 127
111 130
111 133
113 19
113 29
113 30
113 48
113 52
113 56
113 59
115 4
115 9
115 10
115 12
115 14
115 20
115 30
115 31
115 43
115 46
115 48
115 54
115 59
115 75
115 77
116 12
116 17
116 30
116 32
116 38
117 18
117 24
117 25
117 31
117 34
118 2
118 5
118 11
118 21
118 26
118 27
118 29
118 30
118 33
118 48
118 55
118 63
118 64
118 68
120 8
120 12
120 13
120 16
120 18
120 22
120 23
120 25
120 35
120 40
120 42
120 46
120 47
120 49
120 50
120 54
120 57
120 60
120 66
120 68
120 78
120 79
120 82
120 83
120 85
121 8
121 10
121 13
121 17
121 19
121 23
121 25
124 12
124 15
125 1
125 9
125 10
125 11
125 13
125 14
125 20
125 32
125 42
125 48
125 49
125 62
125 71
125 93
125 234
125 236
125 241
125 251
125 252
125 265
125 268
125 270
125 271
125 273
125 274
125 278
125 280
125 282
125 284
125 286
125 297
125 299
126 5
126 6
127 1
127 2
127 16
127 26
127 34
127 63
