1 1
1 8
1 17
2 10
2 18
2 21
2 24
2 32
2 33
2 34
2 44
2 53
2 57
2 59
2 69
2 73
2 77
3 6
3 12
3 19
3 29
3 30
6 2
6 4
6 8
6 9
6 10
6 13
6 21
6 22
6 35
6 36
6 43
6 46
6 50
10 20
10 23
10 28
10 36
10 37
10 38
10 44
10 46
10 48
10 52
10 60
10 68
10 69
10 73
10 74
10 75
10 83
11 76
11 81
11 87
11 100
11 103
12 1
12 2
12 4
12 8
12 17
12 19
12 22
12 27
12 34
12 43
12 50
12 51
12 52
12 56
12 63
12 73
12 79
12 82
12 83
12 84
12 85
12 116
12 117
12 121
12 123
12 134
12 135
12 145
12 146
12 147
12 158
12 161
12 163
13 1
13 11
13 18
13 20
13 26
13 36
13 49
13 50
13 70
13 77
13 83
13 88
13 90
13 92
13 98
13 100
13 123
13 125
13 129
13 132
13 145
13 148
13 156
13 161
13 168
13 172
13 182
13 187
13 192
13 207
13 217
13 219
13 220
13 233
13 235
13 239
13 240
13 241
13 278
13 280
13 282
13 291
13 300
13 305
15 16
15 17
15 42
15 49
15 51
15 52
15 56
15 65
15 68
15 69
15 79
16 1
16 5
16 11
16 15
19 82
19 99
19 103
19 105
19 106
19 109
19 124
19 130
19 131
19 148
19 150
19 165
19 167
19 169
19 173
20 5
20 6
20 7
20 12
20 13
20 14
20 17
20 24
20 26
20 28
20 33
20 36
20 40
20 41
20 46
20 48
20 113
20 116
20 126
20 211
20 234
20 243
20 255
20 283
20 297
20 321
22 27
23 84
23 85
23 91
23 108
23 126
23 143
23 162
23 164
23 184
24 3
24 7
24 10
24 67
24 68
24 72
24 73
24 88
24 91
24 141
24 142
24 152
24 177
24 181
24 182
24 183
25 120
25 123
25 124
25 128
25 178
25 183
27 1
27 6
27 10
27 15
27 16
27 26
34 3
34 10
34 12
34 15
34 19
34 26
34 30
34 34
34 44
34 50
34 59
34 71
34 88
34 92
34 93
34 96
34 102
34 105
34 117
34 130
34 140
34 148
35 20
35 21
35 38
35 66
35 80
36 6
36 13
36 17
37 60
37 62
38 5
38 6
38 9
38 11
38 17
38 18
38 21
38 22
38 28
38 30
38 35
38 49
38 52
38 125
38 128
38 141
38 142
38 145
38 146
38 149
38 153
38 166
38 167
38 178
38 187
38 197
38 202
38 203
38 206
38 213
38 215
38 225
38 227
38 230
38 236
38 247
38 250
38 257
38 262
38 263
38 264
38 397
38 409
39 3
39 4
39 8
39 12
39 26
39 27
39 34
39 36
39 39
39 48
40 1
41 19
41 20
41 22
42 52
42 54
42 60
42 68
42 70
42 79
42 85
43 2
43 4
43 16
43 19
43 22
43 55
43 58
43 70
43 89
43 101
43 105
43 110
43 114
43 122
43 126
43 143
43 148
43 152
43 160
43 161
43 163
43 173
43 175
43 181
43 184
43 192
43 194
43 199
43 207
43 208
43 216
43 218
44 8
44 33
44 37
44 42
44 58
44 60
45 91
45 97
45 102
45 108
45 132
45 144
45 145
45 147
45 151
45 171
45 174
45 303
45 305
45 307
45 308
45 317
45 320
45 349
45 353
45 362
45 364
45 373
45 386
45 393
45 395
45 397
45 416
45 424
45 427
45 431
45 432
45 434
45 435
45 438
45 445
45 462
45 463
45 466
45 469
45 476
45 487
45 490
45 498
45 499
45 510
45 514
45 519
45 539
45 541
45 546
45 558
45 561
47 2
47 12
47 13
47 18
47 19
47 24
47 31
47 34
47 36
47 41
47 53
47 55
47 60
47 61
47 64
48 19
48 21
48 24
48 29
48 30
48 34
48 41
48 54
48 64
48 66
48 68
49 198
49 199
49 202
49 205
49 208
49 209
50 48
52 33
52 41
52 54
52 61
52 73
52 76
52 78
53 5
53 10
53 12
53 14
53 33
53 35
53 36
53 50
53 57
53 62
53 70
53 73
53 76
54 6
54 7
54 12
54 14
54 18
54 32
54 45
54 48
54 53
54 68
54 69
54 91
54 92
54 95
54 96
54 103
54 108
54 109
54 112
54 116
54 120
54 127
54 139
54 142
54 145
54 146
54 147
54 149
55 27
55 46
56 7
56 12
56 16
56 73
56 76
56 81
56 82
56 83
56 86
56 89
56 93
56 95
56 163
56 167
56 170
56 171
56 173
56 177
56 183
57 98
57 99
57 105
57 235
58 1
58 22
58 26
58 27
58 31
58 34
58 46
58 53
58 54
58 60
58 64
58 74
58 75
58 77
59 1
59 11
60 3
60 4
60 8
61 5
61 10
61 11
61 14
61 35
61 37
61 43
61 50
61 57
61 66
61 67
61 70
61 80
61 85
61 88
61 93
61 98
61 103
61 109
61 120
61 125
61 128
61 129
61 135
62 23
62 25
62 33
62 34
62 46
62 47
62 52
62 58
62 59
62 60
62 63
62 64
62 72
62 73
62 87
62 90
62 95
62 102
63 11
63 15
63 22
63 25
63 28
63 34
63 38
63 40
63 49
63 56
63 67
63 87
63 90
63 97
63 100
63 101
64 64
64 87
64 91
64 96
64 107
65 54
65 56
65 65
65 89
65 95
65 101
65 105
65 108
65 124
65 127
65 128
65 134
65 143
66 16
66 23
66 43
66 47
66 48
66 56
66 57
66 65
66 87
66 98
66 104
66 109
66 112
66 114
66 115
66 117
66 121
66 131
66 136
67 34
67 35
67 39
67 49
67 51
67 56
67 57
67 59
67 79
67 80
67 86
67 126
67 135
67 136
67 146
67 147
67 150
67 152
67 155
68 138
68 140
68 144
68 145
69 12
69 27
69 48
69 54
69 64
69 71
69 125
69 132
69 136
69 143
69 153
69 154
69 157
69 162
69 166
69 168
69 177
69 182
69 184
70 19
70 48
71 89
71 90
71 91
71 93
71 98
71 99
71 106
71 108
71 109
71 110
71 114
71 132
71 134
71 135
71 137
71 150
71 242
71 254
71 256
71 264
71 268
71 269
71 283
71 288
71 408
71 416
72 9
72 21
72 22
73 22
73 29
73 37
73 51
73 52
74 10
74 11
74 14
74 16
74 19
74 33
74 36
74 46
74 53
75 83
75 84
75 90
75 95
77 15
77 18
77 20
77 26
77 48
77 50
77 128
77 132
77 148
77 150
78 89
80 32
80 38
80 39
80 41
83 124
83 144
83 150
83 157
83 166
83 169
83 171
83 179
83 181
83 189
83 190
83 197
83 199
83 208
85 10
86 2
86 4
86 5
86 18
86 20
86 26
86 29
86 33
86 36
86 38
86 44
86 51
87 3
87 10
87 15
87 17
87 32
87 50
87 62
87 95
87 96
87 107
87 109
87 115
87 120
87 121
87 124
87 137
87 138
87 158
87 167
