1 1
1 7
1 8
1 18
1 21
2 8
2 9
2 31
2 35
2 48
2 56
2 58
2 72
2 76
2 88
2 103
5 18
5 26
5 30
5 37
5 44
5 58
5 60
7 15
7 16
7 22
7 23
8 41
8 43
8 59
8 62
8 63
8 69
9 10
9 12
9 14
9 25
9 118
9 123
9 126
9 136
9 140
9 151
9 178
9 180
9 186
9 192
9 197
9 200
13 5
15 6
15 14
15 21
15 32
15 37
16 8
16 10
17 2
17 5
18 1
18 3
18 19
18 30
18 31
18 49
18 57
18 67
18 72
18 73
18 81
19 106
19 107
19 122
19 130
19 131
19 135
19 136
19 137
19 147
19 152
19 161
19 165
19 171
19 181
19 182
19 292
19 299
19 304
19 306
19 315
19 321
19 338
19 339
19 342
19 350
19 356
19 360
19 362
20 7
20 10
20 12
20 13
20 19
21 12
21 14
21 18
21 20
21 21
22 2
22 4
23 6
23 68
23 74
23 81
23 85
23 86
23 87
24 5
24 9
24 13
24 14
24 21
26 8
26 11
26 12
26 15
26 16
26 17
26 19
26 35
26 49
26 51
26 56
26 58
26 59
26 60
28 15
28 16
28 19
28 20
28 23
28 26
28 29
29 18
29 19
31 34
31 35
31 38
31 41
31 52
31 54
31 55
31 57
31 58
31 59
31 77
31 80
31 81
32 66
32 68
32 81
32 86
33 2
33 3
33 14
33 18
35 4
35 18
35 19
35 22
35 25
35 34
35 37
35 39
37 14
37 34
37 41
37 49
37 67
37 68
37 72
37 75
37 77
37 78
37 79
37 81
37 84
37 85
37 93
37 99
37 102
37 103
37 104
37 114
37 126
37 133
38 7
40 72
40 96
41 7
41 9
41 10
41 27
41 39
43 1
43 92
43 98
43 108
43 110
43 116
43 119
43 120
43 121
43 124
43 131
43 133
44 73
45 11
45 15
45 20
45 23
45 34
45 39
45 42
45 46
45 50
45 57
46 81
46 90
47 7
47 20
47 39
47 43
47 52
47 55
47 56
47 64
47 69
47 76
47 83
47 84
50 14
50 16
50 19
50 23
50 25
50 27
50 31
50 35
50 37
50 52
50 56
50 59
50 63
50 65
50 99
53 18
53 36
53 37
53 40
53 47
53 50
53 58
53 63
54 1
54 18
54 22
55 2
55 5
55 7
55 17
55 29
55 35
55 44
55 45
55 55
55 66
55 68
55 75
55 85
55 86
55 92
55 100
55 105
56 119
56 122
56 129
56 133
56 146
56 149
56 151
56 165
56 168
56 186
56 195
56 204
56 205
56 213
56 221
56 224
56 334
56 337
56 343
56 348
56 349
56 352
56 354
56 364
56 366
56 372
56 374
56 384
56 396
56 408
56 409
56 410
56 429
59 51
59 56
59 62
60 3
60 11
60 12
60 19
60 25
60 43
60 47
60 48
60 60
60 66
60 68
60 74
60 79
60 89
60 95
60 122
60 127
60 128
60 129
60 131
61 87
61 90
61 96
62 2
62 12
62 13
62 14
62 19
62 21
62 30
64 60
64 65
64 70
64 73
64 77
64 78
64 86
64 87
64 95
64 96
64 100
64 113
64 118
65 1
65 10
65 27
65 29
65 41
66 23
66 26
66 27
66 28
66 31
66 39
66 48
66 105
66 160
66 162
66 166
67 101
69 4
69 7
69 11
69 14
69 16
69 18
69 19
69 22
69 23
69 30
69 32
69 44
69 54
69 55
69 56
69 61
69 64
70 2
71 2
71 6
71 13
71 18
71 26
71 30
72 5
72 11
72 21
72 38
72 44
72 139
72 143
72 149
72 184
72 189
73 32
73 46
73 49
73 56
73 62
73 65
73 92
73 96
73 107
73 113
73 115
73 116
73 122
73 126
73 130
73 133
73 140
73 141
73 146
73 150
73 156
73 160
73 162
74 6
75 1
75 19
75 22
75 24
75 28
75 31
75 40
76 1
76 2
76 4
76 18
76 27
76 36
76 48
76 50
76 52
76 67
76 125
76 128
76 130
77 4
77 12
77 15
77 19
77 20
77 32
77 33
77 36
77 43
77 47
77 61
77 67
77 72
77 77
77 80
77 87
77 96
77 97
77 105
77 112
77 115
77 120
77 131
77 134
77 135
77 141
77 146
77 153
77 181
78 1
78 5
78 8
78 12
78 22
78 28
78 35
78 36
78 52
78 64
78 65
78 69
78 84
78 86
79 3
79 4
79 9
79 22
80 2
80 3
80 7
80 8
80 9
80 19
80 20
80 23
80 45
80 50
80 62
81 15
81 16
81 17
81 20
81 24
81 30
82 76
82 77
82 82
82 84
82 89
82 91
82 97
82 106
82 109
82 110
82 111
82 116
83 4
83 16
83 17
83 20
83 21
83 25
83 28
83 30
83 34
83 37
83 38
83 44
83 48
85 23
85 25
85 28
85 30
85 31
85 36
85 54
85 61
85 65
85 76
85 81
85 84
85 101
85 102
85 107
85 115
85 121
85 252
85 255
85 259
85 265
85 274
85 295
85 296
85 313
85 319
85 324
87 102
89 3
89 5
89 16
89 19
89 23
89 40
90 6
90 9
90 20
91 1
91 10
91 23
91 28
91 30
91 32
91 38
91 39
91 46
91 112
91 113
91 188
91 192
91 198
91 204
91 206
91 209
91 211
91 212
91 220
91 226
91 242
91 247
91 251
91 254
91 263
91 264
91 268
91 273
91 279
91 353
91 356
92 10
92 20
92 21
92 42
92 67
93 1
93 5
93 7
93 14
93 17
93 47
94 8
94 73
96 4
96 23
96 48
96 56
96 58
96 59
96 65
96 76
96 88
97 5
97 10
97 11
98 7
98 10
98 11
98 13
98 15
98 19
98 28
98 29
98 47
98 58
98 67
98 68
98 71
98 79
98 87
98 88
99 11
99 29
99 35
99 37
99 42
99 44
99 63
99 64
99 66
99 74
99 75
99 83
99 87
100 24
100 31
100 39
100 40
100 48
100 53
100 54
100 55
100 68
100 78
100 84
100 93
100 94
100 100
100 101
100 112
100 121
100 126
100 131
100 137
100 140
100 143
100 144
100 148
100 157
100 161
100 166
100 181
100 185
100 195
100 196
100 200
101 10
102 4
102 5
102 8
102 9
103 5
103 8
103 16
103 24
103 27
103 29
103 32
103 36
103 38
103 43
103 44
103 60
103 62
103 78
103 83
103 89
103 90
103 94
103 95
104 2
104 8
104 11
104 25
104 29
104 41
104 48
105 4
105 10
105 12
105 13
105 18
105 36
105 42
105 51
105 53
106 3
106 4
106 12
107 1
107 19
107 26
107 27
107 60
107 64
107 71
107 72
107 77
107 88
107 95
107 115
107 123
107 134
107 138
107 143
108 4
108 8
108 23
108 46
108 47
108 50
108 57
108 66
108 67
108 75
108 83
108 91
109 135
109 136
109 138
109 141
109 145
109 147
109 156
109 157
109 160
110 79
110 104
110 105
110 107
110 118
110 124
110 128
110 129
112 61
112 65
112 74
112 75
112 81
112 85
112 89
112 93
112 101
112 109
112 148
112 149
112 151
112 154
112 161
112 162
112 169
112 173
113 1
114 4
114 14
114 16
114 24
114 40
114 41
114 62
114 63
114 68
114 73
114 86
114 92
114 93
114 95
114 103
114 106
114 119
114 122
114 125
114 131
114 144
114 148
114 155
115 76
115 77
115 110
115 114
115 116
115 128
115 129
115 130
115 142
115 144
115 150
115 152
115 154
115 171
115 178
115 180
115 188
115 195
115 201
116 2
116 9
116 11
116 18
116 24
116 27
116 31
116 34
116 49
116 57
116 60
117 2
117 3
117 9
119 65
119 69
119 70
119 78
119 83
119 96
119 100
