1 6
1 7
1 11
1 13
1 14
1 23
1 24
2 6
2 12
2 15
2 16
2 21
2 29
2 30
2 36
3 8
3 12
3 13
3 21
4 9
4 12
4 13
4 27
4 32
4 34
4 44
5 2
5 3
5 7
5 8
5 17
5 20
5 23
5 30
5 32
5 39
5 42
5 43
5 46
5 68
5 73
5 84
5 87
5 88
5 92
5 94
5 95
5 105
5 107
5 109
5 117
5 122
5 131
5 152
5 160
5 164
5 169
5 172
5 175
5 176
5 183
5 194
5 197
5 203
5 205
5 217
5 219
5 220
5 229
5 237
6 16
6 19
6 21
6 23
6 35
6 65
6 67
6 72
6 78
6 79
6 80
7 2
7 7
7 9
7 19
7 24
7 43
7 54
8 14
8 31
8 41
8 43
8 46
8 57
8 59
8 76
8 78
8 82
8 86
8 88
8 100
8 101
8 131
8 148
8 153
8 159
8 172
8 176
8 189
8 192
8 200
8 204
8 207
8 208
8 217
9 1
9 9
9 14
9 21
9 27
9 32
9 33
9 38
9 45
9 149
9 155
9 157
9 158
9 172
9 188
9 190
9 215
9 221
9 228
9 229
10 1
10 4
10 13
10 22
10 58
10 60
10 68
10 79
10 82
10 87
10 99
10 109
10 123
10 126
10 127
10 131
10 132
10 138
10 141
10 148
10 149
10 150
10 161
10 178
10 182
10 184
10 188
10 217
11 4
11 15
11 20
11 25
11 29
11 39
11 49
11 50
12 3
16 12
16 14
16 24
16 27
16 50
17 2
17 9
17 14
17 150
17 158
21 37
21 42
21 45
21 48
21 51
21 53
21 54
21 60
21 64
21 87
21 89
21 96
21 105
21 107
21 108
22 10
22 13
22 55
22 59
22 61
22 67
22 69
22 71
22 73
22 77
22 82
22 84
22 85
22 96
23 8
23 11
24 23
24 31
24 34
24 36
24 40
24 41
24 51
25 2
25 7
25 12
26 5
27 3
27 8
27 12
27 28
27 37
27 39
27 59
27 78
27 79
27 94
27 99
27 108
27 118
27 119
27 127
27 132
27 139
28 10
28 13
28 17
28 18
28 24
28 26
28 28
28 32
28 34
28 44
28 45
28 52
28 59
28 61
28 73
28 77
28 91
28 92
28 99
28 102
28 111
28 115
28 119
28 122
28 131
28 132
28 133
28 136
28 140
28 141
28 143
28 161
28 166
28 172
28 179
28 191
28 192
28 213
28 214
28 218
28 249
28 250
28 251
31 6
31 8
31 17
31 20
31 22
31 23
31 24
31 28
32 6
32 8
32 12
33 2
33 8
33 27
33 39
33 40
33 47
33 52
33 55
33 57
33 68
33 80
33 87
33 88
33 91
33 102
33 109
33 114
33 115
33 123
33 125
33 134
33 137
33 138
33 139
33 146
34 3
34 13
34 18
34 24
34 38
34 43
34 45
34 58
34 65
34 67
34 70
34 73
34 80
35 7
35 14
37 95
37 106
37 107
37 109
37 113
37 115
37 122
37 141
37 153
37 154
37 156
37 165
38 49
38 64
38 84
38 86
38 90
38 96
39 1
39 2
39 8
39 15
39 27
39 31
39 33
39 40
39 58
39 59
39 80
39 81
39 84
39 86
39 97
39 102
39 105
39 108
39 109
39 111
39 117
39 120
39 125
39 128
39 131
39 260
39 278
39 280
39 281
39 282
39 301
39 309
39 311
39 314
39 315
40 3
40 5
41 13
41 33
41 50
41 54
41 57
41 79
41 81
41 90
41 91
41 95
41 97
41 113
41 120
42 18
42 65
42 69
42 88
42 102
42 113
42 114
42 122
42 127
42 133
42 136
42 149
42 151
42 162
42 164
42 171
42 183
42 187
42 195
42 207
42 211
42 212
42 213
42 222
42 225
42 228
42 231
42 232
43 3
43 6
43 7
43 26
43 27
44 1
44 2
45 10
45 12
45 13
45 14
45 28
45 30
46 10
46 18
46 26
46 27
46 36
46 38
46 55
46 57
50 51
50 59
50 62
50 67
50 68
50 71
50 83
50 85
50 88
50 93
50 104
50 107
50 109
50 113
50 120
50 121
50 130
50 132
50 209
50 216
50 224
51 1
51 6
51 9
51 28
51 31
51 37
52 4
52 25
52 33
52 41
52 44
52 45
52 59
52 71
52 74
52 75
52 80
52 87
52 89
52 91
52 163
52 175
52 199
52 212
52 220
52 223
52 227
52 316
52 320
52 324
52 337
52 338
52 345
52 350
52 356
52 358
52 363
52 366
52 370
52 372
52 374
52 375
52 393
52 400
53 20
53 27
53 34
53 36
53 40
53 56
53 59
53 62
53 65
53 75
53 88
54 1
54 2
55 11
55 12
55 14
55 17
55 20
55 27
55 29
55 34
55 38
55 79
55 82
56 1
56 2
56 3
56 12
56 13
56 19
56 20
56 26
56 31
56 35
56 36
56 40
56 46
56 60
57 11
58 5
58 6
58 7
58 9
58 13
58 15
58 28
58 33
58 38
58 42
58 54
58 55
58 66
58 67
58 73
58 80
58 81
58 85
58 87
58 90
58 98
58 101
58 110
58 113
58 116
58 123
58 133
58 140
58 144
58 161
58 168
58 178
58 181
59 5
59 12
59 13
62 16
62 23
62 25
62 28
62 30
62 42
62 48
62 54
62 58
62 63
63 6
63 10
63 11
63 25
63 40
63 51
63 53
63 58
63 65
63 66
63 68
63 71
63 75
64 4
64 24
65 7
65 13
65 14
65 26
65 29
66 2
66 6
66 7
66 9
66 28
66 30
66 52
66 59
66 61
66 62
66 72
66 83
67 2
67 103
67 140
67 149
67 153
67 160
67 183
67 191
67 193
67 194
67 199
67 212
69 2
69 5
69 6
69 8
69 11
69 15
69 25
69 43
70 16
70 17
70 24
70 31
70 38
70 40
70 41
70 44
70 50
70 55
70 59
70 68
70 69
71 40
71 43
71 50
71 54
71 55
71 57
71 154
71 160
71 166
71 174
72 80
72 88
72 92
72 93
72 95
72 117
72 129
72 141
72 142
72 146
72 147
72 150
72 152
72 155
72 168
72 173
72 185
73 17
73 28
73 30
73 35
73 37
73 41
76 42
76 46
76 52
76 59
77 9
77 15
78 48
79 23
79 27
79 33
80 4
80 6
80 8
80 16
80 17
80 18
80 21
80 25
80 48
82 31
82 32
82 37
82 276
82 298
82 301
82 302
82 304
82 306
82 333
82 344
83 7
83 10
83 14
83 16
83 18
83 31
83 42
83 43
83 47
83 48
83 49
84 65
84 66
84 70
84 86
84 87
84 113
84 116
84 125
84 127
84 145
84 146
84 274
84 276
85 4
85 11
85 13
85 15
85 49
85 50
85 57
85 60
85 64
85 67
85 82
85 94
85 100
85 104
85 106
85 107
85 108
85 109
85 111
85 113
85 115
87 4
87 6
87 7
87 9
87 16
87 18
87 21
87 26
87 28
87 29
87 37
87 39
87 40
87 43
87 49
87 53
87 57
87 62
87 74
87 84
87 91
87 97
89 2
89 3
89 13
89 22
89 40
89 45
89 47
89 54
89 55
89 69
89 77
89 79
89 83
90 3
90 14
90 15
90 18
90 30
90 39
90 40
91 1
91 4
91 21
91 39
91 42
92 7
92 8
92 15
92 20
92 35
92 38
92 40
92 45
92 47
92 50
92 55
92 62
92 73
92 88
92 89
92 93
92 98
92 120
92 125
92 127
92 132
92 139
92 141
92 143
92 144
93 32
93 36
94 8
94 26
94 29
94 41
94 52
94 54
94 55
94 66
94 69
94 70
94 72
94 84
94 85
94 87
94 99
94 101
94 104
95 106
95 109
95 119
95 126
95 128
95 135
95 139
95 146
95 155
95 165
95 171
95 179
95 234
95 239
95 243
95 254
95 265
95 269
95 271
95 276
96 6
99 26
99 27
99 35
99 38
99 39
99 43
99 49
99 51
100 10
100 18
100 20
100 32
100 36
100 42
100 43
100 46
100 58
100 80
100 82
100 84
100 101
100 102
100 116
100 119
101 6
101 24
101 29
101 38
101 41
101 45
101 56
101 57
101 61
101 76
101 80
102 1
103 1
103 6
103 10
103 12
103 37
103 43
103 46
103 57
103 63
103 66
103 69
103 77
104 5
104 6
105 4
105 10
106 1
106 2
106 4
106 5
106 6
106 39
107 8
107 9
107 11
107 13
107 16
107 19
107 33
107 36
107 38
107 44
107 48
107 50
107 59
107 65
107 80
107 102
107 105
108 92
108 93
108 95
108 97
108 109
108 138
108 139
108 143
108 146
108 150
108 152
108 162
108 163
108 164
108 165
108 181
