1 2
1 4
1 5
1 7
1 12
1 19
1 21
1 24
1 33
1 41
1 45
1 48
1 49
1 50
1 58
1 60
2 10
2 11
2 15
2 22
2 24
2 28
2 30
2 31
2 38
3 2
3 11
3 23
3 27
3 29
3 36
3 41
3 42
3 60
3 61
3 65
3 72
3 78
3 85
3 88
3 99
4 3
4 9
4 12
4 17
4 26
4 32
4 38
6 9
7 1
8 4
8 13
8 15
8 18
8 22
8 25
8 34
8 35
8 37
8 39
8 47
9 36
9 37
9 49
9 53
9 59
9 60
9 65
9 66
9 80
9 81
9 86
9 92
9 101
9 184
9 186
9 189
9 191
9 198
9 199
10 18
10 19
10 24
10 25
10 34
12 17
12 30
12 31
12 33
12 38
12 39
12 41
12 44
12 56
13 98
13 101
13 107
13 114
13 117
13 124
13 131
13 133
13 134
13 146
13 151
13 163
14 26
14 30
14 33
16 84
16 88
16 89
16 113
16 116
16 117
16 126
16 133
16 134
17 74
17 75
17 81
17 92
17 99
17 120
17 124
17 128
17 135
17 138
17 139
17 142
17 157
17 159
17 168
17 183
18 5
18 6
18 7
18 9
18 16
18 23
18 30
18 36
18 38
18 50
19 6
19 9
19 20
19 22
19 28
19 38
19 60
19 64
19 67
19 82
19 87
19 94
19 95
19 106
19 107
19 108
19 110
19 116
19 117
19 122
19 123
19 126
19 137
19 139
19 141
19 143
20 39
20 43
20 52
20 73
20 93
20 100
20 104
20 113
20 118
20 128
20 130
20 135
20 141
20 144
20 147
20 165
21 62
21 63
22 68
22 75
22 80
22 81
22 92
22 95
22 96
22 102
22 111
22 146
22 154
22 162
22 186
22 195
22 197
22 225
22 226
22 235
23 6
23 25
23 32
23 34
23 35
23 37
23 39
23 44
23 46
23 47
23 54
23 55
23 66
23 76
23 77
23 84
23 93
23 94
23 95
23 98
23 101
23 103
23 105
23 106
23 108
23 113
23 115
23 117
23 131
23 134
23 136
23 137
24 3
24 4
24 6
24 7
24 11
24 13
24 18
24 20
25 8
25 9
25 10
25 17
25 27
25 29
26 8
26 9
26 13
26 19
26 22
26 57
27 2
27 9
27 15
27 20
27 27
27 31
27 39
27 44
27 45
27 49
27 51
28 72
28 78
28 121
28 123
28 130
28 131
28 216
28 220
28 224
29 6
29 7
29 11
29 14
29 24
29 31
29 34
29 39
29 40
29 42
29 46
29 68
29 69
29 82
30 9
30 13
30 14
30 17
30 21
30 26
30 28
32 5
34 4
34 7
34 12
34 18
34 29
34 47
35 9
35 14
35 18
35 148
35 155
35 165
35 169
35 170
35 174
35 180
35 187
37 16
37 20
37 71
37 78
37 160
37 163
37 164
37 218
37 219
37 224
37 227
37 228
37 231
37 239
37 245
37 256
37 267
37 272
37 274
37 278
37 287
37 289
37 290
37 296
37 297
37 303
37 306
37 314
37 315
37 321
37 325
37 328
37 329
37 330
37 334
37 336
37 341
37 355
37 362
37 376
37 379
40 37
40 43
40 46
40 50
43 38
43 50
43 51
43 52
43 53
46 6
46 8
46 11
47 36
47 46
47 55
47 60
47 63
47 69
47 70
47 71
47 86
47 87
47 88
48 1
48 11
48 13
48 14
48 20
48 28
48 31
49 2
49 7
49 21
49 27
49 32
49 40
49 48
49 58
49 70
49 71
49 78
49 85
49 87
49 88
49 91
49 99
49 112
49 123
49 125
49 149
49 156
50 21
50 23
50 43
50 45
50 51
50 55
50 63
50 67
50 70
50 71
50 74
50 85
50 89
50 93
50 98
50 99
50 113
50 114
50 124
50 126
50 130
50 133
50 135
50 141
50 145
50 147
50 149
50 161
50 170
50 186
50 194
50 207
50 217
50 222
50 248
50 249
50 270
50 272
50 278
50 290
50 292
50 301
50 310
50 324
50 342
50 376
50 388
50 389
50 391
50 458
50 463
50 465
50 469
50 471
50 473
50 490
50 496
51 13
51 19
53 69
53 76
53 79
53 84
53 89
53 90
53 96
54 1
54 11
54 15
54 150
55 27
55 90
55 101
55 111
55 129
55 130
55 134
55 145
55 163
55 165
55 173
55 174
55 186
55 197
55 210
56 4
56 7
56 13
56 16
56 25
56 29
56 32
56 34
56 45
56 48
56 65
56 79
56 80
57 2
57 7
57 8
57 13
57 14
57 16
57 17
57 19
57 31
57 38
57 39
57 42
57 49
57 76
57 99
57 101
57 104
57 105
57 107
57 261
57 262
58 109
58 117
58 119
58 135
58 145
58 150
58 153
58 161
58 174
58 177
58 178
58 181
58 182
58 183
58 185
58 190
59 2
59 7
59 22
59 42
59 43
65 18
65 21
66 13
66 20
66 23
66 26
66 29
66 33
66 34
68 35
68 38
68 172
68 175
68 181
68 182
68 191
68 193
68 201
69 7
69 8
69 9
69 16
69 21
69 29
69 41
69 173
69 174
71 7
71 16
71 27
71 40
72 11
72 13
72 24
72 35
72 36
72 54
72 58
73 49
73 51
73 57
73 64
73 65
73 77
73 83
74 4
74 9
74 33
74 42
74 50
74 52
74 62
75 6
75 13
75 16
75 17
75 18
75 19
77 20
77 24
77 25
77 27
77 42
77 58
77 67
77 71
77 73
77 76
77 83
77 86
77 87
77 88
77 90
77 102
77 200
77 214
77 215
77 222
77 235
77 246
77 247
77 260
77 264
77 274
77 278
78 7
78 10
78 33
78 35
78 48
78 55
78 61
78 71
78 74
78 76
78 83
79 5
79 9
79 16
79 18
79 19
79 22
79 29
79 34
79 39
79 48
79 49
79 53
79 64
79 75
79 77
80 2
80 7
80 21
80 31
80 34
80 67
80 82
80 85
80 89
80 90
80 91
80 104
80 108
80 115
80 119
80 120
80 122
80 123
80 133
80 136
80 141
80 145
80 151
80 154
80 162
80 169
80 175
82 28
82 37
82 40
82 46
82 63
82 68
82 72
82 73
82 93
82 95
82 96
82 97
82 114
82 116
82 130
82 135
82 138
82 142
82 144
82 146
82 148
82 151
82 157
82 172
82 225
82 226
82 237
82 242
82 250
82 255
82 258
82 259
82 261
82 264
82 275
82 281
82 290
82 292
82 301
82 303
82 307
82 313
82 314
82 329
82 330
82 335
82 343
82 345
82 348
82 353
82 362
82 368
82 370
83 1
83 4
83 11
83 16
83 17
83 21
83 27
83 29
83 33
83 34
83 39
83 41
83 43
83 48
83 50
84 62
84 64
84 67
84 68
84 70
87 60
87 61
87 69
87 70
87 71
87 72
87 86
87 100
87 109
87 112
87 225
87 227
87 244
87 281
87 286
87 288
87 293
87 295
87 297
87 319
87 335
87 339
87 341
87 349
87 354
87 356
87 359
87 365
87 369
87 379
87 386
87 389
87 391
87 394
87 400
87 402
87 411
87 420
87 424
87 426
87 433
88 2
88 12
88 16
88 38
88 50
88 60
88 61
88 75
89 1
90 9
93 42
93 43
93 46
93 47
93 52
93 54
94 1
94 8
94 20
94 22
94 24
94 26
94 30
94 37
94 39
94 43
96 11
96 13
96 21
99 82
99 84
99 95
99 97
99 98
99 100
99 158
