1 10
2 110
2 116
2 117
2 119
4 5
4 6
4 8
4 9
4 11
4 24
6 26
6 27
6 29
6 30
6 35
6 41
6 42
6 45
6 47
6 49
6 61
6 62
6 65
6 69
6 75
6 81
8 66
8 69
8 76
8 92
8 93
8 98
8 103
8 105
8 106
8 107
8 110
8 113
8 119
8 123
8 133
8 148
8 149
8 152
8 159
8 166
9 4
9 8
9 14
10 3
10 14
10 19
10 24
10 25
11 3
11 7
11 9
12 4
12 6
12 15
12 25
12 30
12 36
12 38
13 2
13 7
13 42
13 53
14 1
14 3
14 4
14 15
14 16
14 19
14 22
14 24
14 25
14 42
14 43
14 51
14 56
14 58
14 72
14 73
14 83
14 85
14 87
14 99
14 114
14 116
14 125
14 126
15 4
15 5
15 11
15 19
15 32
15 37
15 38
15 44
15 45
17 2
17 10
17 11
17 17
17 25
17 26
17 39
17 151
17 153
17 157
19 1
19 2
19 6
19 8
19 24
19 27
19 28
19 35
19 36
19 40
19 42
20 5
20 136
20 146
20 147
20 160
20 161
20 172
20 186
20 195
20 197
20 200
20 201
20 216
20 279
20 291
20 302
20 317
20 318
20 323
20 330
20 343
20 344
20 346
20 348
20 352
20 358
20 370
20 371
20 372
22 24
22 30
22 31
22 38
22 44
22 55
22 56
23 103
23 117
23 127
23 135
23 139
23 146
23 169
23 179
23 180
23 187
24 1
24 5
25 2
25 4
25 125
25 136
25 148
25 149
26 1
26 2
26 5
26 8
26 16
26 22
26 24
26 29
26 32
26 35
26 37
26 40
26 47
26 52
26 83
26 87
26 93
26 96
26 102
26 106
26 111
26 113
26 133
26 147
26 150
26 153
27 5
27 8
27 16
27 23
27 26
27 34
27 39
27 43
27 44
27 48
27 50
27 55
27 59
27 70
27 86
27 93
27 96
27 99
27 110
27 126
27 130
27 133
27 135
27 136
27 145
27 157
27 158
27 162
27 165
27 173
27 179
27 187
27 194
27 202
27 204
27 208
27 210
27 211
27 212
27 221
28 74
28 78
28 119
28 128
28 136
28 150
28 156
28 159
28 168
28 176
28 177
28 185
28 186
28 196
28 199
28 200
28 217
29 4
29 6
29 22
29 28
29 31
29 32
29 33
29 35
29 45
29 71
29 120
29 129
29 133
29 135
29 146
29 150
29 169
29 172
29 173
29 195
29 199
29 200
29 205
29 206
29 209
31 18
31 108
31 110
31 113
31 121
32 6
32 7
32 9
32 10
32 12
32 19
32 20
34 66
34 68
34 72
34 79
34 80
34 94
34 98
34 100
34 109
34 111
34 123
34 133
34 134
34 139
34 145
34 153
34 169
34 171
34 173
34 184
35 10
35 11
35 15
35 20
35 38
35 40
35 41
35 153
36 3
36 7
36 23
36 34
36 36
36 42
36 50
36 57
36 61
36 67
36 70
36 95
36 103
36 112
36 115
36 116
36 117
36 119
36 122
36 132
36 143
36 146
36 148
39 23
39 26
39 32
39 45
40 1
40 10
40 13
40 15
40 20
40 25
40 26
40 33
40 35
40 39
40 153
40 155
40 157
40 169
40 177
40 183
40 188
40 190
40 204
40 208
40 210
40 216
40 221
42 7
42 12
42 26
42 31
42 47
44 43
44 45
44 52
44 54
44 57
44 60
46 32
46 35
46 38
46 48
46 50
46 58
46 62
46 67
46 81
46 84
46 86
46 91
46 99
46 103
46 108
46 110
46 111
47 60
47 65
47 66
47 67
47 69
47 75
48 20
48 26
48 34
48 36
48 63
48 65
49 1
49 2
49 10
49 99
49 106
49 110
49 112
49 115
49 123
49 136
49 137
49 140
49 147
49 152
49 155
49 168
49 169
51 10
51 12
51 14
51 17
51 19
51 25
51 46
51 56
51 63
51 64
52 111
52 112
52 117
52 123
52 131
52 138
52 139
52 141
52 155
52 159
52 165
53 4
53 5
53 11
53 13
53 14
53 16
53 21
53 30
53 33
54 16
54 18
54 23
55 27
55 32
55 36
55 41
57 47
57 54
57 57
57 66
57 73
57 84
57 89
57 91
57 95
57 97
57 102
57 106
57 112
57 114
57 121
58 2
58 4
58 10
58 14
58 17
58 18
58 23
58 24
58 26
58 27
58 34
58 36
58 37
58 47
58 55
58 59
58 86
58 89
58 90
58 91
58 94
58 95
58 97
58 103
58 104
58 111
58 115
58 116
58 127
58 130
58 133
58 152
58 155
58 184
58 185
58 195
58 197
59 35
59 40
61 14
61 23
61 31
61 38
61 41
61 42
61 53
61 57
61 60
61 62
61 69
62 11
62 13
62 14
62 23
62 30
63 37
63 38
64 5
64 7
64 18
64 21
64 55
64 57
64 61
64 67
64 71
64 75
65 14
65 15
65 19
65 21
65 29
65 34
65 38
65 44
65 45
65 55
65 71
65 73
65 74
65 88
65 89
65 96
65 101
65 105
65 108
65 121
65 129
65 131
65 136
66 11
66 12
66 18
66 22
66 24
66 30
66 37
66 39
67 1
67 9
67 10
67 17
67 18
67 20
67 28
67 49
67 51
67 52
67 63
67 64
67 74
67 83
67 92
68 108
68 112
68 117
69 7
69 27
69 36
72 11
72 16
72 22
72 39
72 43
72 48
72 52
72 55
72 56
72 59
72 62
72 77
72 87
73 2
74 2
74 7
74 13
74 14
74 22
74 26
74 27
74 37
74 54
74 63
74 73
74 78
74 81
74 102
74 107
74 109
74 110
74 111
74 122
74 135
74 142
74 145
74 157
74 160
74 167
74 169
74 174
75 30
75 32
75 38
75 42
75 45
75 59
75 61
75 72
75 76
75 79
76 7
76 9
76 14
76 19
76 25
77 2
77 4
77 14
77 15
77 31
77 33
77 47
77 49
77 50
77 54
77 60
77 72
77 75
77 95
77 102
77 108
78 16
78 18
78 26
79 6
79 10
79 12
79 14
79 22
79 26
79 31
79 32
79 34
79 39
79 48
79 49
79 66
79 69
79 73
79 80
79 81
79 87
79 89
79 127
79 133
79 138
79 143
79 144
79 148
79 151
79 152
81 23
81 25
81 30
81 35
82 75
82 78
82 85
82 102
82 104
82 109
82 114
82 116
82 118
82 122
82 123
82 124
82 127
82 134
83 1
84 8
84 62
84 67
84 81
84 82
84 83
84 91
84 92
84 94
84 96
84 104
84 117
84 124
84 132
84 133
84 145
84 160
86 2
86 5
86 7
86 10
86 13
86 15
86 19
87 2
87 15
87 23
87 30
87 34
87 35
87 37
87 42
87 46
87 47
87 101
87 121
87 122
87 133
87 135
87 140
87 146
87 159
87 184
87 185
87 188
87 201
87 202
87 205
87 215
87 220
87 221
87 223
87 236
87 238
87 271
87 275
87 288
87 300
88 2
88 7
88 9
88 23
88 35
88 39
88 51
88 59
88 62
88 79
88 84
89 86
89 87
89 93
89 94
89 102
89 107
89 109
89 111
89 112
89 116
89 120
89 139
89 140
91 26
91 33
91 34
91 41
91 43
91 47
91 48
91 62
93 78
93 88
93 91
93 110
93 118
93 125
93 127
93 140
93 141
93 161
93 164
93 169
93 197
94 8
94 12
94 23
94 24
94 32
94 45
94 50
95 2
95 39
95 43
95 46
95 51
95 53
95 55
95 57
95 60
95 62
95 88
95 92
95 100
95 117
96 78
96 87
96 97
96 105
96 106
97 4
98 8
98 10
98 24
98 27
98 30
98 37
98 41
98 48
98 50
98 51
99 1
99 13
99 41
99 42
99 45
100 3
100 10
100 20
100 25
100 39
100 41
100 48
100 49
100 51
100 55
100 62
101 3
101 6
101 27
101 28
101 30
101 32
102 2
104 57
104 68
105 2
105 3
105 9
105 20
105 28
105 31
105 32
105 36
105 40
105 50
105 59
105 67
105 83
105 85
105 86
105 89
105 98
105 126
107 50
107 56
107 61
107 83
107 85
107 86
107 88
107 112
107 113
107 125
107 127
107 129
107 130
107 147
107 148
107 157
107 158
107 161
107 163
107 164
107 172
110 30
