1 2
1 3
2 7
2 9
2 22
2 32
3 28
3 29
3 35
3 38
3 46
3 50
3 51
3 56
3 57
3 76
3 79
3 81
3 82
3 83
3 84
3 94
3 111
7 1
7 2
7 5
7 32
7 40
7 46
7 55
7 123
7 130
7 132
7 140
7 141
7 142
7 149
7 163
7 177
7 180
7 198
7 205
7 206
7 208
7 211
7 217
7 230
7 236
7 240
7 242
7 248
7 251
8 16
8 18
8 23
8 28
8 34
8 35
8 41
9 44
9 72
9 73
9 77
9 83
12 44
12 49
12 52
12 54
12 60
12 70
12 88
12 90
12 91
12 92
12 96
12 105
12 112
12 118
12 128
15 49
15 50
15 54
15 57
15 58
15 60
15 67
15 72
15 82
15 83
15 85
18 55
18 58
18 63
19 1
19 12
19 15
19 22
20 12
20 14
20 15
20 16
20 18
20 39
20 42
20 45
21 1
21 5
22 1
22 11
23 9
23 24
23 44
24 2
24 6
24 7
24 10
24 16
24 48
24 49
24 58
24 64
24 70
24 72
24 73
24 76
24 80
24 92
24 96
24 98
24 100
24 101
24 111
27 37
27 42
27 44
27 48
27 89
28 8
28 13
29 7
29 18
29 26
29 36
29 42
29 44
29 48
30 1
30 3
31 17
31 18
31 19
31 23
31 27
32 20
32 31
32 32
32 51
32 53
32 54
32 60
32 62
33 2
33 3
33 6
33 7
33 20
33 24
33 26
33 31
33 36
33 40
33 45
33 48
33 56
33 59
33 64
34 49
34 54
34 57
34 58
34 69
34 72
34 73
34 75
34 79
34 82
35 2
35 3
35 4
35 8
35 10
35 12
35 63
35 70
35 72
35 78
36 6
36 12
36 14
36 15
36 21
36 25
36 29
36 30
37 1
37 2
37 11
37 12
37 28
37 33
37 36
37 43
37 47
37 49
37 52
37 56
37 58
37 60
37 66
37 67
37 71
37 132
37 140
37 147
37 150
37 157
37 158
37 159
37 161
37 167
37 171
37 196
38 6
38 17
38 18
38 28
38 34
38 38
38 39
38 41
39 24
39 26
39 33
39 43
39 154
39 155
39 160
39 165
39 169
39 187
39 191
39 199
39 268
39 311
39 314
39 317
39 323
39 326
39 329
39 330
39 334
39 345
39 347
39 348
39 351
39 360
40 1
40 6
40 15
40 31
40 41
40 45
40 53
40 65
40 69
40 72
40 82
40 84
40 93
40 98
42 3
42 6
42 8
42 21
42 22
42 26
42 29
42 37
42 43
42 47
42 48
42 58
42 63
42 68
42 73
42 75
42 81
42 82
42 95
42 96
42 103
42 157
42 158
42 163
42 176
42 185
42 187
42 191
42 192
42 195
42 196
42 208
42 217
46 10
46 12
46 16
46 19
46 27
46 34
46 36
46 48
46 67
46 209
46 211
46 214
46 216
46 219
46 227
46 235
46 240
46 242
46 244
46 249
46 274
46 393
46 397
47 13
47 22
47 23
47 25
47 29
47 37
47 42
47 47
48 4
48 7
48 9
48 11
48 16
48 25
48 26
48 30
48 45
48 46
48 51
48 52
48 79
48 114
48 121
48 139
48 144
48 160
48 171
48 173
48 184
48 189
48 190
48 199
48 201
48 207
48 210
48 211
48 225
49 6
49 7
49 13
49 18
49 21
49 27
50 186
50 187
50 197
50 200
50 202
50 203
51 6
51 10
51 17
51 18
51 29
51 31
51 35
51 39
51 52
51 53
51 66
51 90
51 91
51 92
51 100
51 102
51 112
51 120
51 123
51 124
51 129
51 132
51 134
52 1
52 2
52 5
52 9
54 40
54 41
54 44
54 49
54 50
54 51
55 2
55 7
55 10
55 34
55 46
55 48
56 48
56 56
58 90
58 98
58 101
58 103
58 106
58 107
58 109
58 110
58 113
58 114
58 118
58 122
58 142
58 145
58 151
58 209
58 214
58 217
58 227
58 233
58 235
58 238
58 305
58 314
58 315
58 317
58 320
58 321
58 325
58 340
58 359
58 368
58 369
58 370
58 376
58 380
58 385
58 402
58 405
58 409
58 413
58 414
58 553
58 555
58 566
58 568
58 571
58 574
58 591
58 593
58 600
58 605
60 47
60 53
60 63
60 64
60 69
60 73
60 87
60 91
60 93
60 94
60 95
60 98
60 104
60 105
60 107
60 109
60 118
60 125
60 128
60 131
60 134
60 141
60 142
60 144
60 146
60 159
60 161
60 169
60 176
60 186
60 191
60 325
60 332
60 344
61 4
61 16
61 21
61 22
61 24
61 28
61 36
61 37
61 44
61 63
61 65
61 68
64 16
64 41
64 56
64 66
64 70
64 74
64 79
64 82
64 83
64 92
64 102
64 104
64 116
64 118
64 132
64 143
64 144
64 158
64 159
64 165
64 167
64 175
64 189
64 196
65 8
65 21
65 27
65 32
65 38
65 53
65 65
65 69
65 73
66 17
66 32
66 34
66 40
66 44
67 41
67 43
67 51
67 105
68 3
68 7
68 8
68 10
68 13
68 15
70 57
71 1
71 6
71 9
71 16
72 1
72 3
72 26
72 28
72 33
72 37
72 43
72 44
72 49
72 53
72 59
72 76
72 80
72 85
72 89
72 100
72 101
72 102
72 104
72 107
73 83
73 85
73 101
73 103
74 28
74 40
74 41
75 57
75 58
75 67
75 69
75 71
75 72
75 79
75 85
75 100
75 103
75 104
75 126
75 127
75 137
75 156
75 158
75 159
75 164
75 180
75 184
75 189
75 211
75 217
75 219
75 220
75 222
75 235
75 237
75 239
75 242
76 4
76 16
76 20
76 23
76 25
76 28
76 33
76 45
76 49
76 50
76 162
76 163
76 170
76 171
76 173
76 174
76 182
76 185
76 187
76 192
76 197
76 200
76 207
76 213
76 234
77 1
77 4
78 4
81 72
81 78
81 81
81 88
81 93
82 1
82 7
82 12
82 13
82 17
82 20
82 21
82 23
82 24
82 37
82 39
82 42
83 9
83 14
83 16
83 17
83 23
84 9
84 11
84 15
84 31
84 33
84 38
84 41
85 2
85 11
85 16
85 19
85 20
85 39
85 56
85 87
85 88
85 105
85 127
85 133
85 134
86 2
86 8
86 11
86 12
86 15
86 19
86 23
86 27
86 32
86 37
86 58
86 66
86 67
86 68
86 89
86 124
86 139
87 7
88 14
88 19
88 24
88 25
88 31
88 42
88 43
88 55
88 62
88 66
88 71
88 78
89 11
89 14
89 16
89 18
89 22
89 24
89 28
89 36
90 1
90 8
90 9
90 15
90 17
90 20
90 24
90 27
91 2
93 85
93 86
93 88
93 89
93 90
93 96
93 102
93 110
93 118
93 123
93 124
94 15
94 21
94 25
96 7
96 10
96 22
96 33
96 44
96 54
96 66
96 67
96 69
96 70
96 173
96 175
96 179
96 185
96 201
97 1
97 6
97 7
97 13
97 14
97 25
97 27
97 33
97 38
97 48
97 55
97 60
97 67
98 3
98 7
99 2
99 10
99 30
99 38
99 43
99 55
99 77
99 85
99 86
99 100
99 101
99 115
99 126
99 139
100 54
100 55
100 64
100 66
100 75
100 78
100 79
100 99
100 117
100 124
101 16
101 23
101 24
101 31
101 40
101 41
101 44
101 45
101 46
101 58
101 60
104 122
104 123
104 125
104 128
104 131
106 13
107 42
