1 14
1 18
1 20
1 21
1 27
1 28
1 31
2 9
4 6
4 13
4 24
4 29
4 30
4 32
4 39
4 41
4 73
4 74
4 78
4 79
4 84
5 2
7 32
7 64
7 67
8 5
8 12
8 16
10 1
10 5
10 8
10 136
10 137
10 147
10 150
10 154
10 157
10 172
10 174
10 192
10 198
10 204
10 207
10 208
10 221
10 227
10 242
10 245
10 246
10 248
10 254
10 270
10 279
10 285
10 292
10 303
10 309
10 312
10 313
11 4
11 11
11 14
11 15
11 18
15 21
15 27
15 28
15 33
15 42
15 49
15 50
15 52
15 57
15 59
15 66
15 67
15 69
15 149
15 158
15 162
15 172
15 183
15 195
15 204
15 212
15 229
15 241
15 246
15 249
15 256
15 258
15 259
15 395
15 402
16 16
16 18
16 32
16 37
16 39
18 10
18 14
18 17
18 21
18 23
19 6
19 10
19 16
23 12
23 13
23 15
23 19
23 26
23 29
23 30
23 35
23 36
23 38
23 44
23 45
24 10
24 11
24 13
25 2
25 5
25 19
25 24
25 28
25 47
25 51
25 53
25 54
25 59
25 63
25 89
25 90
26 25
26 26
26 31
26 35
27 11
27 19
27 20
27 38
27 42
27 47
27 49
27 50
27 61
27 63
27 76
27 77
27 80
27 84
27 86
27 88
27 95
27 102
27 104
27 105
27 106
27 108
27 111
27 113
27 115
27 116
27 119
27 122
27 124
27 125
27 127
27 129
27 136
27 140
27 145
27 147
27 150
27 152
27 156
27 158
27 163
27 168
27 241
27 256
27 275
27 286
27 295
27 302
27 303
27 307
27 312
27 318
27 326
27 332
27 335
27 336
27 343
27 346
27 347
27 356
27 357
27 363
27 365
27 366
27 377
27 381
27 393
27 399
27 407
27 410
27 416
27 425
27 438
27 439
27 440
27 442
27 444
27 450
27 451
27 467
27 468
27 485
27 487
27 488
27 504
27 506
27 507
27 508
27 512
27 519
27 551
27 556
27 561
28 4
28 9
28 10
28 30
28 35
28 51
28 52
29 2
29 6
29 7
29 9
29 18
29 31
29 42
29 51
29 60
30 7
30 14
30 18
31 5
31 15
31 23
31 27
32 84
32 88
32 90
32 104
32 106
32 115
32 116
32 127
32 132
32 145
33 8
33 11
33 12
33 16
33 18
33 23
33 27
33 42
33 47
33 52
33 55
33 79
33 81
33 85
33 90
33 95
33 103
33 106
33 113
33 117
33 122
33 138
33 144
33 146
33 151
33 152
33 162
33 170
33 171
33 176
33 178
33 180
33 181
33 183
33 208
33 209
33 212
33 213
33 217
34 2
34 7
34 15
34 22
34 24
35 13
35 18
35 21
35 38
35 44
36 47
36 62
36 80
36 83
36 154
36 156
36 157
36 162
36 168
36 171
36 188
36 209
36 215
36 218
36 220
36 229
36 230
36 233
36 253
36 258
36 261
36 272
36 274
36 275
36 283
36 285
36 288
36 290
36 291
36 304
36 309
36 346
36 365
36 369
36 375
36 378
37 10
37 12
37 14
37 22
37 33
37 34
37 59
37 62
37 64
37 71
37 77
37 96
37 99
37 105
37 109
37 118
37 119
37 121
37 130
37 137
37 151
37 157
38 13
38 15
38 17
38 21
38 22
40 24
40 25
40 27
40 28
40 35
40 49
40 52
40 57
40 63
40 66
40 78
40 90
40 94
40 97
40 111
40 128
40 147
40 154
40 157
40 158
40 161
40 163
40 167
40 211
40 221
41 4
41 7
41 11
41 23
41 26
41 31
41 36
41 39
41 42
41 45
41 47
41 51
41 58
41 59
41 64
41 74
41 85
41 86
41 88
41 95
41 96
41 104
41 108
41 122
41 124
41 126
41 127
41 131
41 134
41 140
41 145
41 159
41 172
41 188
41 190
41 334
41 338
41 339
41 346
41 348
41 351
41 374
41 376
41 384
41 386
41 387
41 395
41 397
41 406
41 416
41 419
41 430
41 432
42 116
42 120
42 129
43 1
43 8
43 43
43 48
43 49
43 61
44 3
44 8
45 2
45 4
45 15
45 22
45 23
45 28
45 33
45 46
45 55
45 59
45 62
45 76
45 83
45 89
45 100
45 108
45 133
45 136
45 138
45 140
45 143
45 146
45 158
47 2
47 5
47 8
47 18
47 21
49 1
49 11
49 15
49 24
49 30
49 34
49 40
49 49
49 50
49 68
50 3
50 15
50 27
50 28
50 29
50 34
50 35
50 47
50 51
50 52
50 53
50 64
50 68
50 74
50 82
50 87
50 89
50 90
50 96
50 97
50 99
50 100
50 104
50 110
51 23
51 27
51 34
51 38
51 42
51 54
51 71
51 78
52 1
52 4
52 11
52 19
52 27
52 37
53 5
53 13
53 17
56 33
56 35
56 49
56 62
57 2
57 15
57 18
57 20
57 24
57 39
57 43
57 45
57 49
57 50
58 4
58 15
58 18
58 20
58 26
58 27
58 30
58 31
58 33
58 35
58 49
58 59
58 60
58 63
58 72
59 5
59 7
59 9
59 15
59 23
59 24
59 33
60 1
60 6
60 9
60 20
60 28
60 32
60 48
60 51
60 184
60 185
60 191
60 202
60 206
60 224
60 228
60 230
60 231
61 3
61 6
61 8
61 11
61 12
61 27
61 28
61 33
61 34
61 36
61 52
61 71
61 72
61 79
61 82
61 85
61 86
62 5
62 6
62 21
62 29
62 30
62 33
62 45
62 52
62 58
62 75
62 76
62 95
62 103
62 110
62 117
62 145
62 161
62 166
62 171
62 182
62 191
62 196
62 199
62 203
62 204
62 209
62 214
62 220
62 246
62 250
62 254
62 257
62 260
62 263
62 269
62 280
62 282
62 283
62 293
62 294
62 301
62 308
64 12
64 26
64 27
64 30
64 33
64 34
64 134
64 138
64 141
64 142
64 165
64 171
64 176
64 177
64 185
64 192
64 198
64 200
64 210
64 213
64 220
65 4
65 9
65 88
65 91
65 99
65 100
65 101
65 109
65 110
65 119
65 121
65 122
66 33
66 37
66 43
66 48
66 49
66 58
66 62
66 68
66 78
66 85
66 88
66 95
66 96
66 102
66 119
66 120
66 122
66 126
67 1
67 2
67 5
67 7
67 24
67 35
67 36
67 39
67 52
67 55
67 57
68 69
68 70
69 2
69 3
69 7
69 26
69 29
69 43
69 44
69 48
69 65
69 67
69 79
69 95
69 96
69 98
69 99
69 101
69 113
69 129
69 130
69 263
69 266
69 284
69 285
69 288
69 299
69 306
70 20
70 86
70 89
70 95
70 102
70 107
70 112
70 132
70 137
70 138
70 151
73 19
73 36
73 51
73 64
73 67
73 70
73 85
74 22
74 26
74 32
74 33
74 39
74 45
74 47
74 50
75 2
75 6
75 11
75 17
76 13
76 26
76 27
76 63
76 65
77 3
77 7
77 12
77 13
77 17
77 26
77 28
77 32
77 35
78 11
79 5
80 2
80 8
80 9
80 21
81 8
81 9
81 15
81 28
82 1
82 9
82 17
82 27
82 38
82 39
82 44
82 64
82 66
82 67
82 69
82 73
82 87
82 88
82 90
82 97
82 104
82 109
82 116
82 120
82 132
82 133
82 146
82 160
82 161
82 175
82 184
82 192
82 193
82 245
82 254
82 259
82 271
82 371
82 383
82 388
82 389
82 394
82 396
82 405
82 410
83 1
83 10
83 66
83 67
83 70
83 71
83 72
83 75
83 76
83 83
83 93
84 1
84 5
85 1
85 8
85 10
85 14
85 19
85 28
85 32
85 35
85 38
86 77
86 80
86 82
86 84
86 87
86 89
87 5
87 61
87 64
87 66
87 73
87 75
87 76
87 114
87 116
87 119
87 128
87 134
87 135
87 137
87 142
87 161
87 166
87 167
87 183
87 186
87 188
87 193
87 197
87 205
87 206
87 219
87 237
87 248
87 249
87 293
87 298
87 306
87 315
87 316
87 328
87 338
87 339
87 356
87 364
87 365
87 390
87 427
87 429
87 435
87 443
87 446
87 449
87 452
87 454
87 466
87 515
87 516
87 517
87 525
88 16
88 17
88 24
88 29
89 1
89 9
89 11
90 6
91 4
91 11
91 14
91 21
91 27
91 28
91 31
91 44
91 46
91 51
92 29
93 9
93 12
93 17
93 24
93 29
93 36
93 40
93 45
93 47
93 55
93 62
94 5
95 1
95 3
95 7
95 9
95 19
95 25
95 36
95 55
96 1
96 6
96 8
96 16
96 21
96 25
96 32
96 37
96 42
96 46
96 55
96 63
96 70
96 72
96 80
96 81
96 83
96 99
96 101
96 102
96 122
96 132
96 136
99 32
