1 6
1 11
1 17
1 18
1 25
1 46
1 47
1 52
2 9
2 19
2 24
2 31
4 1
4 2
4 3
4 4
4 7
4 8
5 48
6 27
6 31
6 33
6 36
6 38
6 40
6 44
6 49
6 51
6 57
6 60
6 63
7 130
7 145
8 2
8 18
9 7
9 18
9 19
9 20
9 25
9 26
10 101
10 108
10 110
10 111
10 112
11 3
11 11
11 13
11 27
11 33
11 38
11 50
11 52
12 5
12 7
13 1
14 76
14 79
14 81
14 86
14 92
14 94
14 95
14 98
14 112
14 123
14 156
14 164
14 168
14 170
14 174
14 175
14 178
14 181
14 183
14 185
14 187
14 201
14 215
14 217
14 226
14 230
14 237
14 244
14 249
14 254
14 262
14 276
14 279
14 286
14 302
14 303
14 305
14 306
15 1
15 4
15 7
15 8
15 9
15 24
15 31
15 44
15 48
15 50
15 54
15 58
15 59
15 62
15 68
15 74
15 76
15 79
15 81
15 109
15 110
15 113
16 59
16 70
16 76
16 81
16 88
16 91
17 9
17 11
17 15
18 1
18 2
18 6
18 7
18 13
19 55
19 57
19 58
19 67
19 72
19 78
19 80
19 82
19 89
19 110
19 111
19 114
19 118
19 122
19 129
19 133
21 23
21 29
21 113
21 130
21 131
21 136
21 137
21 216
21 217
21 230
21 231
21 232
21 234
21 236
21 245
22 15
22 20
22 35
22 38
23 6
23 7
23 9
23 16
24 2
24 4
24 85
24 90
24 94
24 98
24 104
24 106
24 113
24 117
24 123
24 126
24 127
24 132
25 26
25 32
25 53
25 54
25 61
25 117
25 123
25 164
25 174
25 178
25 283
25 287
25 290
25 297
25 299
25 301
25 308
25 317
25 321
25 322
25 323
25 325
25 326
25 350
25 365
25 367
25 377
25 509
25 523
25 660
25 661
25 662
25 667
25 668
25 677
25 688
25 690
25 697
25 701
25 702
25 703
25 710
25 712
25 714
25 722
25 723
25 729
25 734
28 34
28 40
28 51
28 55
28 65
28 71
28 73
28 88
28 94
28 95
28 99
28 102
28 104
28 107
28 120
28 131
28 132
28 136
28 137
28 141
28 147
28 154
28 156
28 171
28 176
28 187
28 196
28 197
28 201
28 202
28 209
28 219
28 224
28 225
28 245
29 14
29 22
29 24
29 25
29 29
29 36
29 38
29 42
30 2
30 12
30 15
30 18
30 22
31 4
31 11
32 12
32 20
32 21
32 31
32 43
32 47
33 101
33 102
34 8
34 13
35 6
35 9
35 15
35 29
35 30
35 31
35 33
35 40
35 51
35 55
35 56
35 58
35 71
35 121
35 133
35 136
35 139
35 140
35 153
35 159
36 3
36 4
36 7
36 11
36 18
36 19
36 42
36 51
36 54
36 59
36 60
37 1
37 4
37 16
37 20
38 16
38 22
38 42
39 3
39 10
39 11
39 88
40 8
40 11
41 5
41 8
41 11
41 30
41 36
41 43
41 45
41 46
41 56
41 59
41 67
41 159
41 175
41 176
41 182
41 183
42 5
42 6
42 11
42 13
42 25
42 27
42 30
42 39
44 37
44 40
44 44
44 57
44 63
44 67
44 75
44 76
44 94
44 97
44 99
44 105
44 107
44 111
44 112
44 120
44 124
44 125
44 129
44 134
44 136
44 145
44 146
44 150
44 156
44 164
44 176
44 305
44 306
44 307
44 316
45 1
45 5
45 8
46 1
46 4
46 26
46 33
46 42
46 44
46 48
46 59
46 67
46 68
47 3
47 14
47 15
47 17
47 24
47 25
47 34
47 42
47 47
47 53
47 54
47 57
47 58
47 82
47 93
47 96
47 105
47 121
47 147
47 150
47 155
47 156
47 161
47 180
48 9
48 21
48 22
48 24
48 29
48 37
48 39
48 45
48 53
48 59
48 62
48 64
48 69
48 77
48 82
48 98
48 102
48 107
48 122
48 133
48 140
48 142
48 147
48 148
48 150
48 153
48 159
48 160
48 170
48 179
48 182
48 188
48 190
49 5
49 14
49 15
49 17
49 22
49 25
49 31
49 36
49 37
49 45
49 63
49 71
49 75
49 80
49 97
49 100
49 101
49 103
50 10
50 24
50 33
50 34
50 37
50 51
50 55
50 57
51 6
52 2
52 14
53 9
53 11
53 23
53 29
54 6
54 11
54 14
54 30
54 42
54 48
54 55
54 57
54 63
54 64
54 68
54 69
54 71
54 200
54 215
54 220
55 10
55 11
57 7
57 10
57 11
62 12
62 14
62 15
62 18
62 25
62 29
62 33
62 36
62 49
62 51
62 123
62 130
62 145
64 2
64 14
64 18
64 21
64 24
64 25
64 27
64 29
64 31
66 68
66 78
66 89
66 101
66 103
66 109
66 117
66 126
66 130
66 134
66 136
66 139
66 147
66 150
66 156
66 165
66 175
67 1
67 6
67 18
67 20
67 30
67 37
67 42
67 43
67 45
67 49
67 56
67 71
67 73
68 2
68 3
68 4
68 6
68 7
68 19
68 27
68 32
68 50
68 51
68 53
68 56
68 60
68 65
68 76
69 2
69 7
69 43
69 50
69 53
69 59
69 62
69 71
69 144
69 149
69 150
69 151
69 160
69 164
69 166
69 172
69 175
69 180
69 200
70 49
70 51
70 55
70 64
70 73
70 77
70 79
70 94
70 105
71 5
71 14
72 8
74 4
74 6
74 16
74 22
74 29
74 41
74 43
74 44
74 67
74 75
74 86
74 87
74 88
74 96
74 98
74 99
74 104
74 108
74 110
74 113
74 118
74 121
74 123
75 1
75 2
75 3
75 13
75 29
75 48
75 49
75 51
75 56
75 57
75 58
75 60
75 71
75 73
75 85
75 92
76 109
76 124
76 128
77 9
77 18
77 20
77 25
77 34
77 35
77 43
77 44
77 48
77 51
77 53
77 61
77 64
77 68
77 70
77 81
77 88
77 97
77 101
77 106
77 119
77 128
77 132
78 1
78 3
78 4
78 9
78 10
78 13
78 25
78 29
79 2
79 4
79 7
79 8
79 12
79 16
79 24
79 30
79 31
79 50
79 51
79 61
79 75
79 81
79 84
79 89
79 92
79 97
79 110
79 114
79 115
79 122
80 38
80 40
80 45
80 46
80 58
80 66
80 67
80 69
80 83
80 84
80 85
80 87
80 101
81 3
81 13
81 17
81 25
82 6
82 11
82 15
83 7
83 24
83 39
83 42
83 52
83 54
83 55
84 7
84 19
84 26
84 38
84 43
84 47
84 55
85 2
85 5
86 1
86 9
86 10
86 24
86 32
86 38
86 40
86 43
86 52
86 57
86 61
86 66
86 85
86 99
86 100
86 121
86 123
86 131
86 132
86 134
86 135
86 139
86 141
86 144
86 152
86 153
86 155
86 157
89 38
90 1
90 4
90 5
90 36
90 37
90 39
90 47
90 60
90 67
90 68
90 73
90 74
90 82
90 89
90 94
90 96
90 118
90 127
90 130
90 137
90 155
94 18
94 19
94 32
94 36
94 41
94 44
94 52
95 2
95 7
96 5
96 8
96 19
96 20
96 24
97 6
97 8
97 35
97 37
97 40
97 43
97 53
97 54
97 59
97 78
97 79
97 80
97 81
97 83
97 87
97 95
97 96
97 101
97 102
97 116
97 124
97 129
97 132
97 135
98 106
98 107
98 118
98 123
98 127
99 5
99 9
100 5
100 9
100 21
100 28
100 43
100 47
100 52
100 55
100 58
100 63
100 66
100 74
100 76
100 78
100 80
100 83
100 86
100 88
100 91
100 92
100 98
100 100
100 116
100 125
100 126
100 139
101 6
102 26
102 44
102 49
102 50
102 124
102 136
102 143
102 156
102 158
102 164
102 169
102 174
105 46
105 50
