1 6
1 14
1 20
1 22
2 2
2 8
2 9
2 12
2 16
2 23
2 31
2 35
2 39
2 40
2 42
2 47
2 50
2 57
2 67
2 86
2 90
2 91
2 93
2 102
2 104
2 111
2 112
2 113
2 115
2 117
2 119
2 124
2 163
2 167
2 171
2 174
2 185
2 187
2 188
2 197
2 201
2 203
2 210
2 216
2 227
2 245
2 248
2 251
2 254
2 258
2 266
2 271
2 285
2 290
2 291
2 293
2 296
2 299
2 301
2 310
3 3
3 6
3 8
3 9
3 21
3 26
3 30
3 39
3 47
3 49
3 50
3 59
3 84
3 85
3 86
3 95
3 111
3 120
3 123
3 131
3 140
3 144
3 149
3 157
3 158
4 1
4 5
4 17
4 22
4 41
4 44
4 45
4 47
4 56
4 69
5 4
5 11
5 21
5 25
5 26
5 49
5 51
5 54
5 56
5 71
5 76
5 89
5 90
5 93
5 94
5 101
5 124
6 17
7 5
7 8
7 13
7 15
7 20
7 25
7 121
7 123
7 153
8 5
10 5
10 9
10 28
10 35
10 36
10 44
10 51
10 53
10 59
10 75
10 76
10 77
10 79
10 82
11 74
11 75
11 92
11 95
11 96
11 97
12 1
12 4
12 5
12 11
12 13
12 15
12 23
12 25
12 35
12 36
12 43
12 60
12 190
12 191
12 195
12 203
12 207
12 220
12 221
12 224
12 227
12 229
12 231
13 4
13 10
13 12
13 17
13 18
13 22
13 152
13 159
13 168
14 1
14 2
14 6
14 14
14 15
14 19
14 32
14 47
14 52
14 58
15 56
15 59
15 61
15 66
15 72
15 73
15 116
15 117
15 121
15 128
15 130
16 5
16 30
16 51
16 65
16 78
16 85
16 106
17 2
17 8
17 11
17 13
17 24
17 47
17 56
20 12
20 13
20 16
20 18
20 22
20 25
20 35
20 37
20 49
20 50
20 55
20 64
20 85
20 92
20 93
20 95
20 97
20 98
20 113
20 114
20 116
20 118
20 119
20 137
20 193
20 197
20 200
21 9
21 13
21 15
21 16
21 34
21 48
21 54
21 56
21 59
21 63
21 73
21 77
21 80
21 83
21 84
21 85
21 88
21 89
21 94
22 1
22 4
23 43
23 46
23 50
23 66
23 72
23 75
23 80
23 100
23 102
24 5
24 6
24 15
24 19
24 39
24 42
24 49
24 70
24 73
24 86
24 96
24 102
24 112
24 125
24 133
24 143
24 146
24 150
24 151
24 155
24 156
24 163
24 168
24 184
24 192
24 214
24 220
24 222
24 227
24 231
24 233
24 250
24 260
24 277
24 279
24 281
25 1
25 2
25 3
25 11
25 13
25 19
25 29
25 72
25 82
25 88
25 89
25 92
25 95
25 98
25 111
25 115
25 131
25 137
25 141
25 154
25 162
25 165
25 168
26 2
26 4
26 6
27 9
27 16
27 23
27 28
27 32
27 36
27 43
27 53
27 56
27 58
28 6
28 21
28 30
28 35
28 40
28 62
28 67
28 75
28 86
28 90
28 101
28 105
28 107
28 110
28 111
29 2
29 6
29 7
29 17
29 19
29 31
29 39
29 46
29 52
29 62
29 70
29 77
29 81
29 91
29 95
29 101
29 116
29 121
29 122
29 128
29 130
29 135
29 136
29 139
30 16
30 18
30 28
30 44
30 47
30 51
30 52
30 53
30 57
30 60
30 64
30 68
30 82
30 83
30 93
30 118
30 119
30 121
31 59
31 60
31 63
31 72
31 74
36 11
36 21
36 22
36 43
37 37
37 40
37 51
38 1
38 9
38 11
38 21
38 23
38 29
38 35
38 43
38 46
38 52
38 76
38 80
38 85
38 88
38 89
38 91
38 96
38 101
38 104
38 109
38 119
38 120
38 125
38 129
38 133
38 138
38 150
38 151
38 156
38 157
38 158
38 162
38 177
38 178
39 68
39 73
40 64
40 69
40 76
40 83
40 94
40 95
40 98
40 101
40 115
40 152
40 158
40 176
40 184
40 204
40 206
40 209
40 215
40 217
40 223
40 226
41 3
42 3
42 7
42 9
42 19
42 21
42 26
42 27
42 36
42 37
44 7
44 16
44 21
44 36
44 39
44 48
44 51
44 57
44 60
45 9
45 11
45 20
45 34
45 38
45 47
46 3
46 4
46 5
46 7
46 13
46 17
46 19
46 31
46 34
46 36
46 41
46 45
46 46
46 47
46 50
46 59
47 9
47 26
47 32
47 40
47 43
47 67
47 71
47 78
47 79
47 82
47 207
47 210
47 213
47 219
47 225
47 322
47 333
47 340
47 341
47 346
47 349
47 354
47 357
47 358
47 361
47 364
47 367
47 370
47 376
47 380
47 381
47 386
47 395
47 398
47 399
47 400
47 403
47 408
47 412
47 413
47 415
47 416
49 2
49 3
49 8
51 21
51 28
51 29
51 30
51 32
51 33
51 36
51 40
51 47
51 48
51 59
51 63
51 65
51 69
52 9
52 51
52 60
52 61
52 73
52 76
52 79
52 84
52 85
52 90
52 91
52 100
52 101
52 103
52 107
53 62
53 66
54 3
54 5
54 22
54 47
54 71
54 79
54 81
54 88
54 93
54 95
54 97
54 102
54 105
54 110
54 115
54 129
54 134
54 142
54 147
54 150
54 157
54 162
54 164
54 166
54 167
54 186
54 187
54 193
54 196
54 205
54 208
54 209
54 213
54 223
54 225
55 11
55 18
55 28
55 33
55 43
55 44
55 48
55 56
56 4
56 6
56 7
56 9
56 11
56 15
56 25
56 39
56 40
56 55
56 59
56 70
57 12
57 27
57 28
57 29
57 30
57 31
57 47
57 50
57 59
57 60
57 74
57 75
57 80
58 4
58 6
58 8
61 7
61 9
61 15
61 16
61 19
63 1
63 4
63 6
63 7
63 12
63 17
63 18
63 23
63 29
63 33
63 35
63 41
63 48
63 49
63 50
63 53
63 87
63 91
63 96
64 5
64 9
64 13
64 17
64 19
64 20
64 27
64 29
64 41
64 55
64 57
64 58
64 64
64 72
64 77
64 87
64 93
64 96
65 1
65 6
65 21
65 22
66 1
66 8
66 11
66 14
66 17
66 20
66 21
66 22
68 9
68 10
68 12
68 19
68 21
68 26
69 3
69 4
69 5
69 20
69 22
69 32
69 44
69 48
69 50
69 53
69 57
69 85
69 86
69 87
69 89
69 97
69 103
69 109
71 57
71 60
71 72
71 77
74 14
74 26
74 44
74 47
74 48
74 54
74 64
74 67
75 32
76 22
76 24
76 34
76 36
76 39
76 43
76 44
76 106
76 107
76 109
76 114
76 118
76 120
76 124
76 126
76 128
76 129
76 131
76 134
76 141
76 142
76 146
76 156
76 158
76 161
77 1
77 2
77 4
77 5
77 8
77 10
78 5
78 13
78 15
78 16
79 3
79 13
79 24
79 25
79 29
79 33
79 41
79 42
79 43
79 45
79 47
79 61
79 76
79 77
81 19
81 27
81 28
81 29
81 41
81 49
81 58
81 63
81 64
81 65
82 2
82 9
82 19
82 21
82 26
82 34
82 87
82 95
83 6
83 8
83 9
83 15
83 16
83 18
83 23
83 24
83 27
83 28
83 37
83 81
83 82
83 83
83 90
83 92
83 98
83 102
83 104
83 105
83 111
83 129
83 131
83 134
83 146
83 153
84 2
85 13
85 26
85 28
85 32
85 35
85 39
85 45
86 21
86 23
86 25
86 29
86 41
86 50
86 55
86 62
86 66
86 78
86 79
86 81
86 88
86 92
86 99
86 101
86 106
87 3
87 4
87 7
88 2
88 6
88 16
88 44
88 49
88 52
88 69
89 8
89 12
89 16
89 17
89 36
89 41
89 52
89 53
89 61
89 74
91 33
91 34
92 2
92 3
92 4
92 5
92 17
92 21
92 22
92 24
92 28
92 29
92 30
92 41
92 44
92 70
92 75
92 78
92 94
92 109
92 110
92 122
92 136
92 138
92 139
92 146
92 147
92 182
92 193
92 197
92 198
92 200
92 203
92 204
92 205
92 221
92 225
93 60
93 62
93 72
93 74
93 85
93 93
93 99
93 103
93 115
93 119
94 2
94 7
94 16
94 22
94 26
94 73
94 78
94 83
94 97
95 5
95 146
95 148
95 159
95 164
95 169
95 172
95 174
95 175
95 185
95 193
95 194
95 202
96 3
96 14
96 17
96 20
96 30
96 35
97 53
97 54
97 65
97 74
97 78
97 80
97 100
98 12
98 21
98 24
99 7
99 25
99 28
99 29
99 32
99 33
99 44
99 50
99 54
99 58
99 69
99 70
99 74
99 79
99 85
99 88
99 90
101 23
101 32
101 33
101 59
101 69
101 71
101 87
101 91
101 94
101 100
101 102
101 105
101 108
101 112
101 115
101 117
101 121
101 123
101 145
101 147
101 149
101 152
101 153
101 155
101 175
101 196
101 199
101 204
101 211
101 212
101 232
102 6
102 17
102 20
102 22
103 3
103 14
103 16
103 19
103 29
103 33
103 36
103 41
103 43
103 44
104 16
104 31
104 38
