1 7
1 31
1 32
1 39
1 46
1 80
1 90
2 25
2 26
2 31
2 33
2 35
3 1
3 3
3 8
3 15
3 16
3 25
3 63
3 98
3 103
3 106
4 35
4 41
4 42
4 44
4 46
4 48
4 95
4 110
4 115
4 127
4 135
4 149
4 154
4 158
4 161
4 172
4 180
4 184
4 193
4 196
4 200
4 237
4 251
6 16
6 27
7 1
8 3
8 12
8 125
8 127
9 2
9 10
9 19
9 27
9 28
9 29
9 30
9 31
9 34
9 47
9 51
9 52
9 65
9 67
9 72
9 79
9 85
9 86
9 90
9 91
9 103
9 127
9 133
9 139
10 28
10 35
10 43
10 50
10 55
10 58
10 63
10 64
10 80
10 82
10 87
10 89
10 90
10 93
10 94
10 95
10 99
10 101
10 102
10 103
10 105
11 8
11 10
11 11
11 12
11 19
11 25
11 38
11 40
11 42
11 44
11 117
11 126
11 132
11 133
11 134
11 143
11 145
11 149
11 156
11 157
11 159
11 165
11 166
11 172
11 192
11 193
11 200
11 202
11 204
11 214
11 217
11 219
11 225
11 227
11 236
11 237
11 240
11 251
11 254
11 261
12 6
13 1
14 3
14 9
14 46
14 47
15 7
15 22
15 28
15 29
16 5
16 6
16 12
16 13
16 14
16 17
16 24
16 27
16 33
16 45
16 46
16 74
16 115
16 117
16 124
16 129
16 131
16 143
16 144
16 155
16 159
16 162
16 164
16 165
16 168
16 170
16 173
16 178
16 182
17 1
17 10
18 14
18 23
18 33
18 34
18 37
18 38
18 39
19 7
19 8
19 18
19 20
19 26
19 27
20 88
20 90
20 93
20 96
21 2
21 5
21 7
21 10
21 12
21 13
21 14
21 16
21 19
21 23
21 24
21 35
21 37
21 38
21 39
21 41
21 45
21 59
21 62
21 64
21 68
22 2
22 5
22 8
22 9
22 31
23 2
23 4
23 9
23 11
23 12
24 7
24 10
24 12
24 20
24 22
24 27
24 33
24 38
24 39
24 41
24 42
24 48
24 51
24 54
24 55
24 58
24 78
24 80
24 92
24 104
24 106
24 112
24 117
24 120
24 133
24 136
24 146
24 242
24 249
24 250
24 253
24 260
24 276
24 277
24 284
24 285
24 293
24 304
24 307
24 309
24 313
24 314
24 319
24 322
24 323
24 329
24 335
24 338
24 342
24 351
25 110
25 121
25 127
25 131
25 133
25 267
25 269
25 270
25 273
25 276
25 278
25 285
25 296
25 299
25 305
25 312
25 317
25 321
25 327
25 425
25 430
25 437
25 438
25 441
25 442
25 443
25 449
25 451
26 3
26 8
27 2
27 16
27 19
27 23
28 1
28 6
28 7
28 9
28 12
28 23
29 13
29 17
29 32
29 33
29 34
29 39
29 42
29 44
29 45
29 58
29 61
30 15
30 23
30 25
30 30
30 35
30 76
30 87
33 28
33 29
33 32
33 41
33 44
33 46
33 47
33 50
33 51
33 57
33 58
33 61
33 80
33 87
33 89
33 90
33 98
33 101
33 105
34 12
34 14
34 24
34 28
34 30
34 33
36 60
36 61
36 89
36 91
36 106
36 111
36 112
36 115
36 118
36 125
36 127
36 133
36 140
36 153
36 155
36 216
36 217
36 227
36 228
36 244
36 255
36 266
36 268
37 4
37 8
37 9
37 11
37 14
37 16
37 19
37 29
37 41
37 54
38 1
38 8
38 9
38 12
38 17
38 24
38 27
38 40
38 44
38 53
38 59
38 60
38 63
38 64
38 68
38 69
39 6
39 16
39 31
39 40
39 43
39 53
39 65
39 66
39 67
39 92
39 99
39 104
39 105
39 113
39 114
39 115
39 116
39 125
39 132
39 138
40 1
40 5
40 120
40 128
40 147
40 149
40 175
40 179
41 2
41 3
41 4
41 23
41 29
41 31
41 34
41 35
41 39
41 43
41 57
41 63
42 11
42 24
42 32
42 34
42 41
42 57
42 62
42 68
43 4
43 5
43 14
43 17
43 19
43 21
43 36
45 37
45 45
46 11
46 13
46 16
48 2
48 3
48 4
48 8
48 11
48 17
48 19
48 21
48 24
48 26
48 34
48 172
48 173
48 175
48 176
48 178
49 49
49 50
49 53
49 54
49 57
50 15
50 16
50 25
50 26
50 150
50 166
50 175
50 179
50 193
50 204
50 205
52 3
52 4
52 6
52 9
52 11
52 12
52 23
52 25
52 28
52 38
54 5
54 7
55 5
55 7
55 21
55 22
55 24
55 29
55 85
55 114
55 115
55 117
55 130
55 131
55 134
55 137
55 150
55 163
55 164
55 188
55 193
55 201
55 204
55 207
55 211
55 214
55 224
55 225
55 231
56 140
56 146
56 155
56 161
56 172
56 175
57 2
57 3
57 21
57 33
58 10
58 11
58 21
58 24
59 3
59 7
59 8
59 11
59 16
59 131
59 132
59 133
59 135
59 136
59 148
59 152
59 156
59 157
59 165
59 166
59 170
59 175
60 4
60 10
60 37
63 5
65 6
65 10
65 17
65 28
65 37
65 96
65 99
65 116
65 130
65 160
65 161
65 163
65 173
65 175
65 186
65 195
65 198
65 203
65 204
65 206
65 230
65 231
65 241
65 242
65 244
66 2
66 3
66 7
66 11
66 17
66 26
66 28
66 33
66 34
66 35
66 37
66 42
66 44
66 137
66 139
66 144
67 2
67 4
67 5
67 8
67 9
67 15
67 21
67 24
67 31
67 36
67 46
67 48
68 4
68 11
68 13
68 17
68 32
68 34
70 45
70 54
70 55
70 58
70 178
70 179
70 184
70 186
70 187
70 190
70 192
70 204
70 211
70 216
70 218
70 225
70 226
70 231
70 236
70 238
70 243
70 247
70 253
70 255
70 258
70 259
70 261
70 279
70 280
70 299
70 303
70 308
70 311
70 312
70 317
71 42
71 59
71 63
72 3
72 11
72 12
72 14
72 24
72 28
72 31
72 37
72 47
72 48
72 59
72 60
72 62
72 63
72 69
72 72
72 76
72 82
72 84
72 87
72 93
72 95
74 82
74 89
74 101
74 102
74 104
74 105
74 115
74 120
74 125
74 129
74 131
74 136
74 140
74 143
74 149
74 153
74 158
74 180
74 181
74 188
74 191
74 195
74 196
74 206
74 207
74 216
74 232
74 235
74 236
74 241
74 249
74 252
74 255
74 264
74 267
74 271
74 273
74 283
74 292
74 299
74 301
74 436
74 443
74 444
74 454
74 455
74 463
74 484
74 485
74 488
74 489
74 496
74 511
74 516
75 1
75 5
75 13
75 17
75 35
75 47
75 48
75 55
75 57
75 59
75 60
75 97
75 99
75 103
75 106
75 113
75 116
76 115
76 120
76 196
76 218
76 221
76 222
76 223
76 227
76 239
76 246
76 247
76 266
76 268
76 283
76 290
76 294
76 299
76 302
76 306
76 321
76 322
76 330
76 332
76 334
76 336
76 337
76 338
76 345
76 348
76 354
77 2
77 7
77 14
77 19
77 20
77 24
78 13
78 19
78 24
78 29
78 79
78 83
78 85
78 90
78 91
78 96
79 15
79 33
79 35
79 43
79 64
79 73
80 7
80 9
80 13
80 14
80 18
80 19
80 20
80 48
80 59
80 63
80 66
80 67
80 69
80 72
80 81
80 82
80 83
80 85
80 86
80 87
80 98
80 117
81 1
81 6
81 8
81 22
81 23
81 26
81 29
81 32
81 37
81 38
81 44
82 43
82 61
82 66
82 69
82 251
82 257
82 273
82 284
82 344
82 345
82 350
82 352
83 62
83 76
83 92
83 99
84 3
84 4
84 6
84 10
84 26
84 46
84 48
84 53
84 56
84 62
84 71
84 76
84 105
84 118
84 134
85 4
85 15
85 29
86 2
86 4
86 12
86 14
86 15
86 25
86 164
86 172
