1 3
1 5
1 6
1 9
1 17
1 31
1 44
1 48
1 49
1 56
1 59
1 77
2 4
2 7
2 8
2 12
2 18
2 20
2 27
2 29
2 38
2 53
2 58
4 50
4 64
4 91
4 95
4 107
4 109
4 113
4 122
4 124
4 125
4 141
4 162
5 55
5 58
5 59
5 68
6 20
6 23
6 27
6 33
6 35
6 36
6 37
6 44
6 48
6 50
6 51
6 53
6 57
6 63
6 64
6 67
6 84
6 88
6 104
6 113
6 123
6 137
6 169
6 171
7 103
7 109
7 110
7 242
7 247
8 7
8 8
8 15
8 16
9 23
9 30
9 35
9 44
9 45
9 54
9 60
9 83
9 84
9 85
9 93
10 90
10 98
11 4
11 7
11 16
11 17
11 35
11 39
11 47
11 180
11 181
11 184
13 167
13 171
13 176
13 177
13 181
13 195
14 2
14 4
14 38
14 41
14 42
14 62
14 67
14 71
14 77
14 91
14 94
14 96
14 100
14 101
15 6
15 11
15 12
15 17
15 18
15 22
15 28
15 34
16 13
16 17
17 5
17 12
17 17
17 19
17 20
17 26
17 30
17 31
17 33
17 38
17 41
17 42
17 43
17 47
17 59
17 65
17 78
17 82
17 93
17 97
17 100
17 104
17 129
17 131
17 153
17 160
17 162
17 184
17 187
17 192
17 215
17 221
17 222
17 223
17 239
17 241
18 2
18 4
18 9
18 12
18 13
18 15
18 24
18 43
18 45
18 48
18 52
18 58
18 62
19 8
19 13
19 20
19 22
19 44
19 46
19 47
19 51
19 57
19 59
19 65
19 75
19 76
19 78
19 83
19 84
19 86
19 96
19 97
19 99
19 100
19 116
19 121
19 128
19 133
20 79
20 93
20 97
20 102
20 104
20 116
20 124
20 130
20 133
20 134
21 1
21 7
21 8
21 21
21 34
21 44
21 58
21 63
21 66
22 2
22 4
22 22
22 25
22 110
22 111
24 3
24 16
24 22
26 78
26 97
26 107
26 110
26 112
26 114
26 121
26 227
26 234
27 4
27 11
27 16
27 17
27 25
27 28
27 38
27 40
27 43
27 48
28 2
28 6
28 8
28 12
28 18
29 90
29 91
29 96
29 97
29 98
29 100
29 103
29 115
29 117
29 125
29 128
29 138
29 140
29 148
29 150
29 155
29 159
29 160
29 164
29 173
30 6
30 7
30 11
30 17
30 18
30 20
31 8
31 9
31 10
31 17
31 28
31 29
32 3
32 11
32 13
33 3
33 4
33 7
33 8
33 51
33 59
33 63
33 64
36 29
36 33
36 35
36 36
36 38
36 42
36 56
36 59
36 80
36 87
36 130
36 136
36 137
36 142
36 144
36 150
37 43
37 44
37 46
37 50
37 54
37 85
37 87
37 92
37 106
38 15
38 17
38 38
38 41
38 47
38 51
38 56
38 69
39 5
39 8
39 14
39 20
40 3
40 4
40 8
40 11
40 13
40 21
40 22
40 24
40 29
40 46
40 47
40 49
40 53
41 129
41 132
41 134
41 145
41 279
41 281
41 282
41 289
41 292
41 293
41 296
41 302
41 308
41 310
41 318
41 321
41 328
41 338
41 339
41 353
41 359
41 364
41 383
41 391
42 10
42 12
42 13
42 15
42 146
42 202
42 203
42 205
42 207
42 212
42 214
42 312
42 318
42 320
42 327
42 336
42 338
42 344
42 345
42 348
42 358
42 365
42 366
42 372
42 373
42 374
42 375
42 376
42 379
42 390
45 1
45 5
45 6
45 10
45 17
45 30
45 35
45 36
45 47
45 51
45 54
45 70
45 76
45 78
45 81
45 82
45 87
45 104
45 108
45 111
45 116
45 117
45 121
45 135
45 146
45 150
45 154
46 1
46 5
46 6
46 10
46 21
46 28
46 29
46 31
46 36
46 40
46 57
46 60
46 62
46 66
46 90
46 92
46 103
47 10
47 23
47 24
47 25
47 27
47 38
47 40
47 50
47 55
47 61
47 70
47 73
47 83
47 103
47 107
47 108
47 156
47 160
48 5
49 73
49 88
49 96
49 112
49 138
49 140
49 146
49 147
49 148
49 157
49 159
49 167
49 201
49 202
49 209
50 4
50 10
51 2
51 3
51 19
51 21
52 12
52 14
52 25
52 29
52 31
52 33
52 36
52 42
52 49
52 51
53 2
53 7
53 14
53 19
54 3
54 6
54 8
54 23
54 25
54 26
54 28
54 31
54 32
54 84
54 87
54 88
56 83
56 85
56 108
56 111
56 116
56 122
56 132
56 134
56 148
56 150
56 152
56 154
56 162
56 163
56 168
56 181
57 34
57 41
57 47
58 25
58 26
58 28
58 29
58 36
58 38
58 41
61 33
61 36
61 40
61 41
61 47
61 105
61 110
62 3
62 6
62 7
62 18
62 19
62 20
62 22
62 26
62 30
62 38
62 42
62 44
62 48
62 49
62 52
62 55
62 57
62 72
62 74
62 77
62 80
62 82
62 87
63 45
63 50
63 51
63 60
63 66
63 71
63 155
63 159
63 162
63 164
64 5
64 9
64 15
64 17
64 30
64 35
64 38
64 43
64 48
65 5
65 7
65 10
66 2
66 3
66 16
67 22
67 23
67 48
67 52
67 53
67 62
67 63
67 74
67 75
67 83
67 97
67 105
67 106
67 125
67 136
67 140
67 141
67 148
67 151
67 154
67 155
67 159
67 166
67 176
67 187
67 190
67 193
67 198
67 201
67 203
67 205
67 208
67 211
67 213
67 237
67 242
67 246
67 257
69 21
69 27
69 47
69 48
69 53
69 54
69 56
69 60
69 62
69 65
69 67
69 73
69 74
69 75
69 77
69 95
69 98
69 99
69 102
69 107
69 114
69 117
69 120
69 129
69 130
69 138
69 142
69 144
69 145
69 157
69 160
70 1
70 2
70 4
70 8
70 14
70 17
71 2
71 5
71 9
71 24
71 34
71 40
71 45
71 48
71 50
71 62
71 66
71 67
72 9
72 10
72 28
72 53
72 61
72 83
72 85
72 87
72 90
72 92
72 102
72 104
72 106
74 57
74 58
74 70
74 83
74 86
75 4
75 9
75 12
75 19
75 75
75 76
75 79
75 82
75 84
75 91
75 100
78 9
78 22
78 30
78 32
78 37
78 46
78 57
78 61
78 66
78 75
78 77
78 84
78 86
78 93
78 102
78 107
78 110
78 112
78 117
78 118
78 120
78 134
78 193
78 194
78 205
78 207
78 210
78 214
78 224
80 18
80 21
80 22
80 30
80 31
80 104
80 107
80 108
80 111
80 112
80 127
80 129
80 134
80 153
80 158
80 160
80 171
80 175
80 188
80 195
80 200
80 206
80 210
80 215
80 221
80 229
80 230
81 15
81 19
81 29
81 30
82 4
82 8
82 9
82 13
82 14
82 21
82 23
82 30
82 31
82 160
82 163
82 194
82 198
82 201
82 202
82 203
82 210
82 211
82 212
82 215
82 227
83 1
83 5
83 13
83 14
83 23
83 24
83 29
83 30
83 45
83 46
83 52
83 59
83 63
83 67
83 69
83 90
83 103
83 104
83 113
83 114
83 116
83 127
83 128
83 129
83 133
83 137
83 148
84 4
84 15
84 16
84 24
84 25
84 31
84 39
84 52
84 64
84 73
84 75
84 81
84 95
84 96
84 98
84 100
84 101
84 109
84 112
84 117
84 126
84 130
84 132
84 136
84 137
84 140
84 143
84 145
84 146
84 149
84 154
84 159
84 160
84 163
84 215
84 222
84 230
85 3
87 17
87 33
88 1
88 2
88 3
88 13
88 18
88 30
88 36
88 42
88 73
89 33
89 49
89 76
89 83
89 88
89 100
90 4
90 5
90 15
90 16
90 27
90 28
91 5
91 7
91 22
91 50
