1 18
1 22
1 23
2 12
2 19
2 20
2 55
2 160
2 162
2 165
3 5
3 18
3 21
3 24
3 27
3 32
3 38
3 39
3 40
3 42
3 44
3 50
4 2
4 3
4 9
4 13
4 14
4 16
5 14
5 37
5 48
5 54
5 56
5 60
5 67
5 68
5 71
5 87
5 97
5 107
5 113
5 114
5 116
5 119
5 131
5 141
5 147
5 148
5 153
5 168
5 169
5 174
5 214
5 216
5 235
5 236
5 242
5 244
5 264
5 273
5 279
5 364
5 365
5 387
5 397
5 401
5 405
5 407
6 10
9 28
9 38
9 39
9 49
9 55
9 75
9 79
9 94
9 101
9 106
9 111
9 114
9 119
9 120
9 125
9 137
9 150
9 151
9 158
9 160
9 161
9 171
10 1
10 8
10 10
10 11
10 19
10 25
10 26
10 30
10 35
10 36
10 39
10 44
10 45
10 50
10 55
10 56
11 2
11 89
11 93
11 101
11 104
11 235
11 248
12 1
12 9
12 90
12 94
12 98
12 99
12 100
12 103
12 112
12 115
12 116
12 120
12 128
13 2
13 5
13 12
13 19
16 5
16 19
16 20
16 22
16 31
16 35
16 39
16 42
17 106
17 109
17 119
17 120
18 12
18 21
18 22
18 24
18 45
18 47
18 48
18 59
18 63
18 64
18 65
19 7
19 18
19 85
19 87
19 90
19 108
19 113
19 119
19 127
19 150
19 151
19 156
19 157
19 162
19 184
19 186
19 190
19 194
20 3
20 10
20 15
20 18
20 26
20 31
21 1
21 10
21 27
21 34
21 42
21 56
21 71
21 72
21 77
21 86
21 101
21 103
21 106
21 107
21 108
22 2
22 3
22 10
22 15
22 17
22 21
22 24
22 32
22 33
23 4
23 5
23 6
23 8
23 10
23 14
23 18
23 19
23 22
24 3
24 6
24 11
25 3
25 5
25 7
25 9
25 12
25 19
25 20
25 24
26 2
26 12
26 20
26 21
26 24
26 26
26 28
26 29
27 25
27 32
27 35
27 44
27 46
27 47
27 55
28 7
29 3
29 8
29 14
29 19
29 22
29 27
29 30
29 39
29 43
30 28
31 1
31 6
31 25
31 41
31 43
31 45
31 64
31 80
31 81
31 86
31 88
31 92
31 99
31 109
31 120
31 122
31 129
31 138
31 142
31 143
31 145
31 154
31 158
31 162
33 19
33 26
35 6
35 9
35 15
35 16
35 18
35 19
35 29
35 31
35 38
35 40
35 52
35 60
36 1
36 3
36 5
36 6
36 12
36 15
36 23
36 35
36 70
36 74
38 42
38 67
38 68
38 73
39 7
39 12
40 2
40 5
40 7
40 9
40 11
41 1
41 5
41 6
41 8
41 9
41 12
41 20
41 27
41 32
41 35
41 37
41 44
41 46
41 52
41 53
41 54
41 55
41 61
41 65
41 66
41 70
43 37
43 39
43 63
43 65
43 68
43 76
45 1
46 12
46 14
46 22
46 31
46 36
46 38
47 24
47 26
47 47
47 52
47 57
47 59
47 62
47 63
47 71
47 77
47 93
47 98
47 102
47 112
48 1
48 2
48 3
48 4
48 5
48 6
48 8
48 16
48 17
48 18
48 22
48 23
48 27
48 36
48 44
48 48
50 5
50 7
50 10
50 15
50 16
50 69
51 43
51 45
51 49
51 68
51 69
51 77
51 85
51 95
51 96
51 101
51 105
53 64
53 65
53 73
53 80
53 86
53 89
54 2
54 6
54 18
54 24
54 25
54 27
54 28
56 20
56 24
56 35
56 40
56 48
56 50
56 57
56 60
56 67
56 75
56 77
56 79
56 80
56 85
57 35
57 46
57 53
57 55
57 68
57 72
57 77
57 80
57 95
57 104
57 113
57 123
57 125
57 138
57 142
57 146
57 152
59 41
59 45
59 52
59 56
59 59
60 8
60 12
60 13
60 16
60 18
60 19
60 22
60 38
60 49
60 67
60 72
60 187
60 192
60 201
60 208
60 211
60 213
61 1
61 5
61 16
61 17
61 24
61 26
61 30
61 43
61 54
61 65
61 77
61 79
61 85
61 89
61 96
61 106
61 111
61 117
61 118
61 119
61 127
61 128
61 135
61 149
62 3
62 7
62 11
62 17
62 70
63 2
63 18
63 20
63 33
63 36
63 45
63 47
63 49
64 92
64 94
64 95
64 100
64 102
64 108
64 119
66 25
66 41
66 43
66 52
66 57
66 63
67 5
67 12
67 16
67 17
67 19
67 20
68 10
68 13
68 19
68 24
68 32
68 36
68 45
68 47
68 50
68 52
68 76
69 9
69 10
69 17
69 23
69 30
69 32
69 41
69 43
69 72
69 73
69 75
69 78
69 79
69 82
69 84
69 98
69 99
69 115
69 116
69 121
69 123
69 126
69 136
69 149
69 154
69 158
69 162
69 172
69 173
70 23
70 29
70 41
70 43
70 49
70 52
70 55
70 64
70 65
70 67
70 85
70 88
70 93
70 101
70 102
70 110
70 112
71 3
71 4
71 6
71 11
71 22
71 25
72 92
72 94
73 57
73 58
73 59
73 72
73 76
73 80
73 84
73 86
73 93
74 7
74 14
74 19
74 23
74 31
74 40
74 53
75 4
75 5
75 8
75 17
75 18
75 26
76 4
76 8
76 14
76 22
76 34
76 46
76 49
76 50
76 56
76 66
76 73
76 80
76 83
76 85
76 87
77 1
78 34
78 38
78 41
78 51
78 53
79 19
79 27
79 35
79 36
79 42
79 46
79 55
79 60
79 65
80 65
80 71
80 72
80 88
80 89
80 108
80 112
80 123
80 132
81 1
81 5
81 7
81 8
81 12
81 20
81 27
81 32
81 33
81 34
81 36
81 40
82 1
82 3
82 5
82 7
82 14
82 25
82 27
82 38
82 39
82 40
82 62
82 64
82 69
82 72
82 76
82 93
82 95
82 99
82 106
82 107
82 111
82 126
82 130
82 143
82 151
82 152
83 3
84 8
84 13
84 19
84 21
84 30
84 32
84 33
84 43
84 51
84 55
84 60
84 61
84 68
84 73
84 80
84 94
84 98
84 99
84 102
84 106
84 108
84 112
84 123
84 127
84 129
84 133
84 134
85 132
85 136
85 150
85 159
85 173
85 177
85 265
85 267
87 1
87 6
87 11
87 15
89 5
89 25
89 32
90 1
90 3
90 4
90 13
90 18
90 26
90 29
90 36
90 43
90 58
91 46
91 54
91 61
92 133
92 134
92 142
92 147
92 148
92 151
92 154
92 161
92 163
92 174
92 176
92 179
94 73
95 6
95 25
96 8
96 10
96 19
96 22
96 28
96 52
96 53
96 57
96 58
96 61
96 68
96 69
96 72
96 95
96 99
96 106
96 117
96 123
96 131
99 10
99 11
99 21
99 23
99 29
99 42
99 45
99 51
99 63
99 79
99 208
99 209
99 214
99 222
99 224
99 228
100 11
100 16
100 18
100 24
100 25
100 26
100 36
100 39
100 40
100 52
100 60
100 74
100 83
100 92
100 94
100 95
100 99
100 100
100 104
100 106
100 111
100 141
100 157
100 158
100 174
100 179
100 183
100 198
100 212
100 306
100 311
100 313
100 314
100 316
100 317
100 324
100 332
101 1
102 77
102 87
102 91
102 95
102 102
103 2
103 3
103 6
103 27
103 29
103 35
103 36
103 39
103 45
103 48
103 50
103 51
103 61
103 64
103 67
103 69
103 91
103 103
103 105
103 114
103 127
103 133
104 13
104 19
104 32
104 33
104 35
104 55
104 64
104 66
104 71
104 79
104 82
104 94
104 97
105 4
105 6
105 10
105 23
105 24
105 29
106 9
106 13
106 14
106 15
106 18
106 30
106 34
106 40
107 1
107 40
107 49
107 50
107 63
107 69
107 76
107 78
107 81
107 84
107 97
107 99
107 101
107 109
107 113
107 114
107 120
108 1
108 107
108 111
108 117
108 147
108 151
108 156
108 157
108 159
108 164
108 165
108 166
109 15
109 23
109 32
