1 13
1 17
1 39
1 40
1 49
1 51
2 1
2 4
2 12
2 20
3 1
3 4
3 19
3 21
3 27
4 2
4 5
5 73
5 77
5 78
5 79
5 93
5 99
6 1
6 25
6 33
6 35
6 37
6 44
7 54
7 55
7 56
7 65
7 72
7 73
7 94
7 96
7 102
7 110
7 111
7 115
7 116
7 129
7 130
7 132
7 134
7 138
7 152
7 157
7 159
7 167
7 169
8 2
9 1
9 11
10 8
11 6
11 14
11 19
11 22
11 30
12 2
12 9
12 11
12 13
13 12
13 14
13 25
13 37
13 38
13 44
13 50
13 51
13 52
13 60
13 67
13 75
13 80
13 87
13 95
13 99
13 105
13 106
13 113
13 117
13 118
13 124
13 126
13 133
13 138
14 30
14 33
14 42
14 48
14 51
14 57
14 58
14 60
16 1
16 21
16 22
18 1
18 6
18 8
18 10
18 13
18 15
18 28
18 54
18 56
18 59
18 64
18 65
18 68
18 69
18 78
18 80
18 89
18 92
18 96
18 100
20 25
20 28
20 40
20 43
20 51
20 53
20 62
20 74
21 3
21 12
21 13
21 33
21 43
21 47
21 51
21 54
21 58
21 62
22 6
22 13
22 16
22 18
22 35
22 39
22 41
22 44
22 52
22 54
22 59
22 60
22 65
22 66
22 72
22 73
24 55
25 4
25 16
25 36
26 7
26 12
27 50
27 52
27 56
27 75
29 1
29 9
29 15
29 19
29 22
29 23
29 30
29 38
29 44
29 48
29 65
29 66
29 83
29 85
29 91
29 94
29 97
29 99
29 100
29 101
29 102
29 105
29 108
29 110
29 112
29 119
30 10
30 14
30 16
30 26
30 29
30 33
30 35
30 37
30 38
30 43
30 47
31 7
31 10
31 11
31 21
31 25
31 27
31 35
31 42
31 49
31 50
32 1
32 3
32 20
32 25
32 35
32 37
32 41
32 42
32 44
32 47
32 50
32 56
34 18
34 20
34 22
34 25
35 2
35 6
35 9
35 17
35 24
35 25
35 60
35 72
35 87
35 91
35 94
35 97
35 99
35 102
35 106
35 109
35 110
35 118
35 132
35 137
35 141
35 143
35 145
35 148
35 164
35 166
35 195
35 200
35 202
35 203
35 205
35 207
35 209
35 219
35 222
35 225
35 233
35 235
35 247
35 250
35 251
35 258
35 268
35 270
35 271
35 274
35 277
35 279
35 342
35 346
35 364
35 368
35 381
35 393
35 395
35 397
35 421
36 4
36 12
36 14
36 18
36 22
36 31
36 43
36 45
36 58
36 59
36 63
36 69
37 4
37 9
37 18
37 21
37 35
37 36
37 38
37 52
37 54
37 83
37 85
37 92
37 103
37 121
37 132
37 134
37 142
37 148
37 151
37 158
37 165
37 169
37 176
37 195
37 196
38 5
38 15
38 16
38 21
38 24
38 25
38 26
38 30
38 31
38 43
38 48
38 49
38 51
38 56
38 60
38 73
38 77
38 88
38 96
38 97
39 7
39 57
39 58
39 60
39 64
39 67
39 88
39 101
40 12
40 14
40 36
40 38
40 40
40 45
40 54
40 58
40 69
40 72
42 15
42 19
42 20
42 21
42 22
42 25
42 27
42 45
42 49
42 56
42 61
42 63
42 76
42 80
42 82
42 85
42 88
42 90
42 94
42 108
42 112
42 113
42 117
42 119
42 124
42 130
42 134
42 138
42 141
42 145
43 2
43 15
43 16
43 24
43 31
43 34
43 36
43 43
43 54
43 72
43 73
43 83
43 84
43 88
43 97
43 98
44 88
44 93
44 95
45 1
45 4
45 17
45 32
45 37
45 39
45 40
45 44
45 54
45 59
45 68
46 1
46 3
46 6
46 12
46 16
46 20
46 24
46 35
46 42
46 46
46 52
46 60
46 65
46 75
46 76
46 77
47 7
47 12
47 14
47 24
47 25
47 27
47 34
47 35
47 43
47 57
47 60
47 61
47 63
47 68
47 69
47 73
47 75
49 54
49 63
49 65
49 72
49 81
49 91
49 98
49 101
49 102
50 3
50 17
50 18
50 35
50 44
50 193
50 196
50 203
51 4
53 1
53 2
53 9
53 13
53 15
53 19
53 23
53 24
53 33
53 48
55 6
55 37
55 46
55 49
55 51
55 73
55 75
56 11
56 13
56 22
56 24
56 32
56 33
57 5
57 7
57 8
57 14
57 15
57 23
57 28
57 36
57 38
57 54
57 56
57 61
57 63
59 49
59 55
59 56
59 58
59 59
59 65
59 79
59 80
59 89
59 90
59 92
60 21
60 22
62 39
63 1
63 5
63 6
63 15
63 16
63 25
63 32
63 34
63 45
63 47
63 54
63 57
63 64
64 2
64 4
64 7
64 12
64 14
64 22
64 35
64 39
65 28
65 33
65 41
65 50
65 54
65 56
65 59
65 66
65 70
66 6
66 19
67 19
67 25
67 42
67 52
67 54
67 57
67 64
67 66
67 67
67 71
67 79
68 5
68 20
68 23
68 31
70 83
70 84
70 85
70 95
70 96
70 102
70 110
70 119
70 127
70 133
70 138
70 139
70 145
70 147
71 3
72 26
72 27
72 37
72 45
72 51
72 53
72 54
72 59
72 63
72 64
72 68
76 39
76 47
76 48
76 54
76 57
76 59
76 62
78 46
78 54
78 58
78 73
78 76
78 78
78 81
78 86
78 93
78 99
78 100
78 105
78 116
78 121
79 2
79 3
79 5
80 74
80 79
80 91
81 5
81 6
81 27
81 38
81 41
81 44
81 55
81 65
81 69
81 81
81 88
81 92
81 94
81 96
81 100
81 105
81 115
81 116
81 117
81 122
81 130
81 140
81 142
81 144
82 43
83 1
84 8
84 20
85 89
86 9
86 11
86 72
86 80
86 85
86 99
86 107
86 130
86 133
87 1
87 4
88 4
88 11
88 14
88 20
89 12
89 17
90 25
90 28
90 32
90 36
90 43
90 46
91 5
91 6
91 10
91 14
91 22
91 25
91 29
91 30
92 57
92 59
92 63
92 66
92 76
92 80
93 96
94 10
94 11
94 19
94 21
94 26
94 36
94 37
94 53
94 57
94 58
94 83
94 88
94 95
94 100
94 106
94 107
94 109
94 117
94 132
94 140
95 3
95 10
95 13
95 30
95 33
95 34
95 57
95 60
97 19
97 22
97 23
97 24
97 29
97 42
97 47
97 49
97 63
97 65
97 75
97 76
97 79
97 82
97 84
97 93
97 101
99 1
100 4
100 5
100 6
100 11
101 1
101 16
101 23
101 29
101 32
101 40
101 44
101 47
101 49
101 57
101 58
101 66
101 74
101 77
101 78
101 83
101 106
101 119
101 121
101 123
102 88
102 101
102 106
102 116
102 136
102 137
102 150
102 154
102 157
102 158
103 3
103 15
103 21
103 22
103 26
103 30
103 39
103 45
103 56
103 70
103 72
103 78
104 4
104 15
104 27
104 28
104 31
104 37
104 41
104 44
104 45
104 47
104 51
104 76
104 77
104 106
104 116
104 123
104 126
104 127
104 142
104 144
104 151
104 158
104 168
104 169
104 179
104 195
104 198
104 202
104 205
104 206
104 215
104 218
104 226
104 227
104 231
104 236
104 239
104 247
104 251
104 263
104 266
104 267
104 269
104 270
104 284
104 287
104 289
104 300
105 7
105 13
105 20
105 21
105 24
105 155
105 158
105 164
105 170
105 183
105 189
106 2
106 4
106 5
106 15
106 16
106 20
106 41
106 53
106 58
106 79
106 84
106 90
106 94
106 99
106 104
106 107
106 121
106 135
106 146
106 150
106 164
106 166
106 171
106 174
106 198
106 201
106 203
106 205
107 126
107 133
107 135
107 143
107 159
107 166
107 169
107 172
107 182
107 316
107 344
108 2
109 9
109 13
109 15
109 17
109 31
109 32
109 36
109 38
109 40
109 46
110 2
110 17
110 20
110 26
110 29
110 38
110 48
110 55
110 61
111 7
111 15
111 20
111 25
111 160
111 169
111 177
111 178
111 183
111 186
111 191
111 193
111 201
111 207
111 208
111 214
111 215
111 218
111 225
111 231
116 5
118 2
119 130
119 218
119 219
119 229
119 234
119 239
119 242
119 248
119 251
119 252
119 254
119 271
119 274
119 278
119 284
120 2
120 8
120 11
