1 8
1 10
1 14
1 17
1 23
1 26
1 36
1 39
1 41
1 42
1 112
1 114
1 133
1 138
1 140
1 143
1 170
1 171
1 175
1 178
1 188
6 27
6 39
6 43
6 44
6 57
6 61
6 66
6 84
6 88
6 94
7 1
7 11
7 14
7 18
7 21
7 22
7 26
7 27
7 31
7 32
7 35
7 75
7 80
7 93
7 94
7 128
7 137
7 140
7 145
7 148
7 153
7 178
7 183
7 184
8 2
8 3
8 11
8 15
8 17
8 25
9 10
9 21
9 25
9 31
9 33
9 34
9 48
9 49
9 60
9 71
9 74
9 78
9 81
9 89
9 90
9 92
9 104
9 120
9 133
9 134
9 135
9 141
9 142
9 150
9 152
9 154
9 157
9 172
10 29
10 31
10 34
10 37
10 53
10 62
10 66
10 67
10 85
10 86
10 98
10 101
12 4
12 6
12 7
12 9
12 10
12 13
12 16
13 3
14 3
14 22
14 44
14 49
16 1
16 65
16 67
16 71
16 74
17 107
17 108
18 1
19 7
19 29
19 31
20 4
20 7
20 13
20 15
20 19
20 24
20 25
20 28
20 29
20 33
20 48
20 57
20 71
20 80
20 81
20 83
20 85
20 99
20 103
20 104
20 121
21 2
21 4
21 7
21 12
21 13
21 26
21 52
21 54
21 68
22 2
23 89
23 110
23 117
23 121
23 137
23 138
23 142
23 157
24 5
24 7
24 20
24 21
24 95
24 98
24 99
24 110
24 111
24 137
24 138
24 144
24 149
24 150
24 153
24 159
24 166
24 167
24 169
24 171
24 173
24 303
24 304
24 308
24 315
24 320
24 325
24 327
24 471
24 473
25 1
25 3
25 6
25 12
25 17
25 19
25 23
25 28
25 29
25 33
25 37
26 6
26 37
26 50
26 71
26 73
26 76
26 77
26 81
26 86
26 90
26 96
26 97
26 99
26 104
26 117
26 125
26 130
26 140
26 145
26 147
26 149
26 153
26 164
26 175
26 182
26 184
26 193
26 195
27 2
27 9
27 15
27 37
27 40
27 41
27 42
27 44
27 50
27 59
27 67
27 69
27 74
27 75
27 76
27 78
27 92
27 97
27 98
27 99
27 108
27 109
27 119
27 123
27 126
27 130
27 141
27 143
27 146
27 147
27 149
27 160
27 164
27 169
27 172
27 174
28 11
28 27
28 33
28 34
28 36
28 39
28 44
28 46
28 47
29 1
29 2
29 3
29 4
29 7
29 9
29 11
29 13
29 17
29 21
29 23
29 30
29 35
29 37
29 38
29 63
29 64
29 73
29 75
29 113
32 35
32 38
32 39
32 40
32 45
32 58
32 62
32 67
32 68
32 74
32 77
32 79
32 80
32 85
32 87
32 89
32 93
32 95
32 98
32 113
32 126
32 129
32 131
34 7
34 59
34 83
34 92
34 93
34 98
34 114
34 115
34 119
34 121
34 126
34 129
34 135
34 149
34 151
34 152
34 161
34 162
34 174
34 183
34 184
34 189
34 196
34 202
34 214
34 219
34 223
36 101
36 107
36 108
36 113
36 116
36 133
36 137
36 143
36 145
36 146
36 152
36 158
36 161
37 19
37 20
37 21
37 23
37 30
37 31
37 47
37 60
37 62
37 73
37 74
38 16
38 20
38 38
38 43
38 45
38 59
38 66
38 74
38 75
38 80
38 82
38 85
38 96
38 107
39 1
39 3
39 4
39 8
39 10
39 22
39 28
39 30
39 35
39 39
39 57
39 74
39 82
39 83
41 39
41 41
42 22
42 35
43 9
43 31
44 2
44 6
44 8
44 13
44 15
46 27
46 49
46 51
46 59
46 60
46 63
46 69
46 74
46 86
46 90
46 92
46 93
46 95
46 102
46 106
46 107
46 111
47 3
47 21
47 25
47 29
47 31
47 45
47 50
47 51
47 56
48 104
48 109
48 114
48 115
48 118
48 121
49 1
49 2
49 10
49 12
49 17
49 24
50 13
50 23
50 25
50 42
51 1
51 5
51 10
51 16
51 31
51 37
51 43
51 46
51 62
51 68
51 78
51 79
51 87
51 90
52 4
53 3
53 82
53 91
54 2
54 5
56 75
56 78
56 80
56 83
56 84
56 88
56 89
56 93
58 16
58 19
58 27
58 39
58 48
58 50
58 72
58 78
59 3
59 4
59 12
59 23
59 25
59 28
59 39
59 42
59 48
59 52
59 60
59 65
59 77
59 94
59 103
59 105
59 114
59 117
59 186
59 189
60 1
60 3
60 4
60 9
60 10
60 16
60 26
60 39
60 49
60 62
60 63
60 77
60 170
60 171
60 173
60 185
60 186
60 192
60 201
60 206
60 209
60 217
60 223
60 228
60 230
60 232
60 235
60 252
60 267
60 272
60 274
60 277
60 281
60 285
60 292
60 294
60 299
60 302
60 308
60 318
60 322
60 325
60 330
60 333
60 341
60 342
60 348
60 349
60 362
60 365
60 368
60 372
60 375
61 6
61 20
61 22
61 23
61 28
61 34
61 42
61 43
61 48
62 14
62 29
62 39
62 42
62 43
62 46
62 54
62 55
62 57
62 68
62 83
62 86
62 186
62 190
62 193
65 6
65 11
65 18
65 21
65 22
65 27
65 31
67 44
67 46
67 47
67 52
67 53
67 55
67 58
67 65
67 66
67 68
67 72
67 77
67 87
67 90
67 95
67 104
67 106
67 107
67 116
67 121
67 122
67 126
67 200
67 201
68 3
68 5
68 8
68 9
68 10
68 12
68 13
68 19
68 21
68 26
68 37
69 2
69 11
69 14
69 17
70 111
70 115
70 116
70 119
70 139
71 1
71 5
71 20
72 8
72 16
72 25
72 29
72 32
72 145
72 153
72 155
72 157
72 160
72 164
72 175
72 177
72 184
72 204
72 206
73 9
73 21
73 23
73 24
73 50
74 1
74 8
74 9
75 25
75 28
75 30
75 31
75 36
75 37
75 46
75 60
75 70
75 73
75 74
75 82
75 87
75 90
75 92
75 108
75 114
75 117
75 122
75 123
75 124
76 7
76 9
76 35
76 60
76 70
76 72
76 74
76 76
76 83
76 99
77 12
77 17
77 30
79 5
79 14
80 7
80 12
80 29
80 34
80 38
80 40
80 48
80 49
80 52
80 54
80 61
80 105
80 129
80 131
80 134
80 141
80 142
80 162
80 165
80 167
80 185
80 186
80 203
80 209
80 211
80 224
80 225
80 240
80 258
81 12
81 16
81 18
81 19
81 21
81 40
81 45
82 4
82 14
82 18
82 19
82 42
82 45
82 46
82 54
82 61
83 2
83 25
83 33
83 37
83 39
83 44
83 120
83 124
83 129
83 130
83 134
83 137
83 144
83 152
83 154
83 160
83 165
84 4
85 5
85 17
85 18
85 27
85 34
85 38
85 39
85 44
85 45
85 50
85 51
85 54
85 59
85 60
85 63
85 77
85 78
85 80
85 81
85 83
85 91
85 93
85 96
85 100
85 103
85 110
85 119
85 131
85 143
85 148
85 150
86 10
86 11
86 22
86 26
86 28
86 33
86 49
86 73
86 100
86 103
86 108
86 110
86 113
86 118
86 129
86 144
86 146
86 148
86 154
86 155
86 161
86 163
86 167
86 181
86 191
87 3
87 4
87 5
87 9
88 14
88 21
88 27
89 5
89 13
90 8
90 25
90 28
90 37
90 40
90 41
90 44
90 49
90 50
91 3
91 8
91 20
91 21
91 22
91 30
91 46
91 47
91 49
91 50
91 78
91 83
91 86
91 96
91 98
91 99
91 100
91 109
91 110
91 122
91 124
91 125
91 133
91 149
91 152
91 170
91 190
91 206
91 208
91 222
91 223
91 224
91 233
91 244
91 246
91 272
91 283
91 289
92 3
92 4
92 6
92 8
92 17
92 42
92 79
92 218
92 240
93 47
95 2
95 3
95 7
95 22
95 32
95 34
95 36
95 37
95 39
95 46
95 53
95 54
95 58
95 68
95 80
95 83
95 84
95 87
95 88
96 1
96 3
96 9
96 15
96 16
96 18
96 20
96 26
96 27
96 31
96 34
96 36
97 3
98 134
98 140
98 142
98 144
98 148
98 153
98 158
98 160
98 165
98 174
98 189
98 192
98 198
98 200
98 203
98 204
98 209
98 276
98 283
98 289
98 296
98 311
98 314
98 325
98 327
98 328
98 333
98 340
98 357
98 359
98 360
