1 4
1 10
1 13
1 15
1 42
1 57
1 58
1 64
1 76
1 77
1 78
1 86
1 89
1 95
2 2
2 8
2 9
2 12
2 13
2 21
2 40
2 42
2 45
2 48
2 50
2 54
2 55
2 61
2 66
3 6
3 10
3 13
5 31
5 35
5 39
5 46
5 52
5 56
5 64
7 52
8 4
8 6
8 9
8 11
8 12
8 13
9 4
9 7
9 8
9 13
9 22
9 35
9 38
10 4
10 7
10 17
10 22
10 32
10 35
10 38
11 2
13 29
13 30
13 31
13 35
13 37
13 42
13 69
14 15
14 19
14 20
14 21
14 22
14 25
15 3
15 20
15 22
15 153
15 157
15 162
15 168
15 189
15 204
15 213
15 223
15 234
15 236
15 243
15 244
15 247
15 308
15 323
15 327
15 333
16 15
16 19
16 21
16 30
16 39
16 44
16 54
16 55
16 63
16 64
16 66
16 69
17 6
17 14
17 15
17 21
17 22
17 27
18 8
18 10
18 11
18 18
18 19
18 36
18 55
18 63
18 65
18 79
18 82
18 223
18 225
19 5
19 15
19 22
19 39
19 49
20 1
20 42
20 171
20 176
20 178
20 188
20 201
20 207
20 211
20 220
20 221
20 222
20 230
20 232
20 236
20 237
20 252
20 256
21 1
21 17
22 8
22 10
22 13
23 2
23 4
23 16
23 24
24 10
24 15
24 16
24 23
24 27
24 29
24 32
24 36
24 40
24 43
24 51
24 52
24 62
27 8
27 13
27 20
27 26
27 40
27 42
27 47
27 50
27 60
27 65
27 79
27 85
27 87
27 89
27 90
27 91
27 95
27 98
27 102
27 106
27 111
27 119
27 127
27 134
27 136
27 153
27 157
27 168
27 170
27 175
27 176
27 180
28 24
28 33
28 34
28 36
28 65
28 67
28 70
28 76
28 77
28 79
28 82
28 88
28 91
30 6
30 9
30 12
30 20
30 21
30 22
30 25
30 26
30 31
31 2
31 11
31 17
31 23
31 25
31 35
31 39
31 40
31 49
31 64
32 5
32 8
33 5
33 50
33 52
33 60
33 149
33 153
33 157
33 172
33 174
33 195
33 196
33 203
33 210
33 212
33 217
34 1
34 2
34 3
34 4
34 6
34 7
34 28
34 32
34 42
34 44
34 61
34 73
34 74
34 78
34 81
34 84
34 85
34 90
34 98
34 103
34 108
34 119
34 120
34 130
34 136
34 138
34 147
34 149
34 150
34 158
34 160
36 103
36 110
36 112
36 115
36 122
36 128
36 132
36 133
36 144
36 147
36 149
36 153
36 156
36 157
37 1
38 1
38 19
38 20
38 31
38 36
38 44
38 46
38 48
38 55
38 56
38 67
38 76
38 90
38 98
38 102
38 116
38 122
38 125
38 133
38 141
38 149
39 7
39 13
39 28
39 34
39 58
39 61
39 72
39 73
39 92
39 96
39 97
39 102
39 103
40 16
41 1
41 17
41 23
41 25
41 26
41 32
41 35
41 40
41 57
41 59
41 88
41 91
41 93
41 97
41 98
41 114
41 117
41 120
41 124
41 126
41 129
41 131
41 133
41 154
41 158
41 160
41 167
41 177
41 196
42 1
42 3
42 10
42 12
42 16
42 20
42 30
42 43
42 46
43 1
44 6
44 8
44 12
44 15
44 17
46 7
46 10
47 10
47 15
47 22
47 25
47 39
47 42
48 15
48 28
48 29
48 38
48 43
48 44
48 47
48 49
48 50
48 56
48 62
48 69
48 78
48 90
48 100
48 106
48 108
48 118
48 122
48 128
48 135
48 143
48 149
48 152
48 154
48 159
48 163
48 167
48 169
48 171
48 172
48 174
48 180
48 198
48 200
48 204
48 208
48 225
49 99
49 105
49 109
51 3
51 6
51 23
51 25
51 31
51 35
51 40
51 42
51 45
51 47
51 54
51 56
51 62
51 71
51 79
51 86
51 89
51 99
51 103
51 114
51 115
51 121
51 124
51 126
51 127
51 138
52 1
52 8
52 9
52 19
53 1
53 6
53 11
53 34
53 36
53 40
53 49
54 81
54 84
54 91
54 99
54 102
54 107
54 111
54 112
54 115
54 122
54 131
54 147
54 150
54 282
54 285
54 290
54 291
54 297
54 305
54 317
54 324
54 333
55 69
55 76
55 85
55 89
57 120
57 124
57 132
57 140
57 144
57 149
57 152
57 157
57 158
59 27
60 117
60 123
60 127
61 1
61 15
61 18
61 23
61 27
61 29
61 48
61 58
61 60
61 69
61 83
61 86
61 114
61 123
61 134
62 14
62 19
62 35
62 36
62 45
62 57
62 65
62 73
62 80
62 81
62 82
63 1
63 6
63 9
63 15
63 17
63 26
63 27
63 35
63 39
63 43
63 44
64 134
64 164
64 181
64 186
64 199
64 203
64 211
64 214
64 221
64 226
64 228
64 240
64 308
64 316
64 317
64 325
64 332
64 345
64 346
64 348
64 355
64 362
64 365
64 372
64 374
64 382
64 385
64 387
64 391
64 396
64 405
65 12
65 13
65 19
65 27
65 34
65 35
65 49
65 51
65 58
65 60
65 64
65 71
65 95
65 109
65 115
65 116
65 126
65 130
65 131
65 135
65 143
65 150
65 151
65 163
65 190
65 203
66 3
66 16
66 18
66 35
67 18
68 11
68 15
68 17
68 24
68 26
68 30
68 32
68 34
68 45
68 56
68 58
68 59
68 68
68 79
70 5
70 7
70 9
70 14
70 16
70 31
71 41
71 47
72 3
72 45
72 52
72 57
72 58
72 69
72 73
72 81
72 82
72 84
72 94
72 98
72 102
72 111
72 118
72 130
72 137
72 139
72 145
72 147
72 148
72 155
72 156
72 159
72 161
72 166
72 169
72 172
72 178
72 189
72 194
72 199
72 201
72 210
72 219
72 232
72 236
72 241
72 243
72 251
72 254
72 255
72 258
74 63
74 75
74 76
74 78
74 82
74 85
74 96
74 102
74 104
74 109
74 112
74 115
74 119
74 131
74 137
74 142
75 5
75 16
75 17
75 19
75 24
75 25
75 29
75 33
75 35
75 37
75 71
76 6
76 10
76 16
76 23
76 32
76 33
76 37
76 42
76 45
76 53
76 54
76 73
76 78
76 84
76 90
76 91
76 113
77 15
77 18
77 20
77 22
77 26
77 29
77 32
77 38
77 41
77 48
77 57
77 63
77 69
79 40
79 43
79 44
79 48
80 1
80 6
80 18
80 26
80 41
80 125
80 129
80 131
80 138
80 139
80 153
80 161
80 162
81 5
81 6
81 9
81 16
81 18
81 20
81 22
81 29
81 33
81 37
81 50
81 51
81 55
81 56
81 62
81 73
81 78
81 82
81 85
81 86
81 87
81 88
81 93
82 3
83 9
83 10
83 24
83 29
83 33
83 35
83 37
85 12
85 27
86 3
86 14
86 20
86 26
86 29
86 37
86 38
86 41
86 47
86 49
86 53
86 56
86 63
86 68
86 70
86 72
86 73
86 76
87 3
87 6
87 8
87 9
87 14
87 18
87 24
87 25
87 27
87 30
87 36
87 61
87 62
87 66
87 67
87 76
87 85
87 123
87 124
87 129
87 136
87 147
87 152
87 153
87 154
87 159
87 168
87 173
87 182
87 191
87 195
87 197
87 204
87 308
87 312
87 316
87 325
87 344
87 347
87 348
87 425
87 426
87 433
87 439
87 450
87 454
87 457
87 463
87 492
87 493
87 494
87 495
87 501
87 503
87 505
87 509
87 512
87 515
87 525
88 7
88 12
88 16
88 17
88 28
88 30
88 39
88 44
88 48
88 55
88 57
88 72
88 77
88 80
88 84
88 92
88 102
88 107
88 109
88 111
88 117
88 118
88 127
88 130
88 149
88 154
88 156
88 162
88 164
88 173
88 182
88 184
88 191
88 196
88 198
88 211
88 215
88 217
88 221
90 1
90 13
90 24
90 35
90 84
90 91
90 92
90 110
91 2
91 15
94 6
94 13
94 21
95 5
95 13
95 14
95 18
95 21
95 25
95 42
95 44
95 47
95 53
95 61
95 96
96 12
96 22
96 23
96 26
96 30
96 46
97 2
97 7
97 8
97 145
97 148
97 156
97 158
97 159
97 161
98 2
98 19
98 20
98 23
98 26
98 28
98 29
98 32
98 38
98 46
98 53
98 56
98 60
98 63
98 74
98 76
98 78
98 95
98 97
98 98
98 102
98 107
98 110
98 131
98 134
98 140
98 142
98 145
98 155
98 158
99 2
99 7
99 9
99 11
99 37
99 43
99 48
99 57
99 64
99 72
99 74
99 78
99 81
100 29
100 31
100 36
100 39
100 52
101 9
101 11
101 16
101 18
101 24
101 26
101 27
101 31
101 40
101 54
101 62
101 69
101 84
101 103
102 10
103 100
103 110
103 112
103 116
103 117
103 121
103 123
103 129
103 133
103 134
103 141
103 143
103 155
103 162
103 173
103 177
103 182
