1 4
2 5
2 11
2 15
2 16
2 121
2 132
2 133
2 135
2 150
2 155
2 160
2 165
2 167
2 175
2 198
3 1
3 7
3 19
4 35
4 39
4 100
4 115
4 119
4 128
4 129
4 134
4 135
5 1
6 5
6 10
6 14
6 24
6 25
6 36
6 45
6 52
6 53
6 55
6 58
6 61
6 65
6 73
6 75
6 90
6 93
6 100
6 101
6 107
6 109
6 111
6 116
6 120
6 122
6 135
6 136
6 139
6 143
6 144
6 145
6 159
7 6
7 8
7 37
7 38
7 64
7 69
7 75
7 83
7 97
7 111
7 125
7 130
7 131
7 133
8 2
9 5
9 12
9 47
9 49
10 3
11 10
12 16
12 17
13 1
13 48
13 53
13 55
13 68
13 71
13 74
13 79
13 83
13 91
13 106
13 121
14 15
14 24
14 31
15 14
15 20
15 21
15 91
15 108
15 110
15 114
15 267
15 276
15 291
15 294
15 302
15 304
15 310
15 315
15 316
15 318
15 320
15 329
15 345
15 346
15 355
15 356
16 4
16 9
16 18
16 23
16 24
16 38
16 44
18 1
18 2
18 8
18 13
18 15
18 28
18 32
18 33
18 37
18 38
18 41
18 47
18 51
18 53
18 56
18 57
18 59
18 75
18 76
18 80
18 82
18 95
18 103
18 113
18 119
18 126
18 130
18 136
18 156
18 160
18 162
19 5
19 30
21 59
21 61
21 63
21 74
21 80
21 82
21 91
21 101
21 103
21 108
21 113
21 118
21 130
22 5
22 12
23 11
24 4
24 7
24 15
24 19
24 22
24 37
24 47
24 59
24 65
24 67
26 83
26 87
26 93
26 99
26 120
26 122
26 124
26 129
27 131
27 135
27 138
27 145
27 177
27 179
27 181
27 184
27 197
27 207
27 216
27 220
27 241
27 242
27 251
29 19
29 23
29 26
29 27
29 29
29 35
29 38
29 40
29 48
29 53
29 54
29 60
29 62
29 70
29 71
30 5
30 18
30 21
30 29
30 30
30 35
30 40
30 42
30 47
30 54
30 64
30 72
30 86
30 89
30 90
30 92
30 96
31 4
31 9
31 10
32 1
32 70
32 80
32 82
32 88
32 89
32 90
32 95
32 96
32 98
32 100
32 101
32 111
32 114
32 119
32 120
32 127
32 144
33 4
34 6
35 15
35 16
35 17
35 20
35 21
35 25
35 27
35 29
35 31
35 34
35 36
37 25
37 27
37 28
37 31
37 41
37 44
37 58
37 64
37 65
37 74
37 81
38 1
38 10
38 11
38 19
38 49
38 60
38 68
38 74
38 80
38 84
38 85
38 138
38 140
38 146
38 152
38 157
38 159
38 164
38 174
38 178
38 200
39 2
39 7
40 2
41 6
41 16
41 20
41 21
41 27
41 37
41 40
41 43
41 46
41 60
42 8
42 10
42 15
42 25
42 38
43 6
43 11
43 56
43 57
43 64
43 78
43 83
43 84
43 87
43 89
43 95
43 100
43 103
44 3
44 21
44 23
44 24
44 27
44 124
44 132
44 141
44 143
44 152
44 153
44 158
44 165
44 166
44 168
44 181
44 185
44 191
44 260
44 262
44 263
44 265
44 282
44 286
44 287
44 294
44 306
44 311
44 312
44 313
45 11
45 17
45 39
45 42
45 46
45 52
45 57
45 63
45 68
45 74
45 75
45 86
45 88
45 102
45 103
45 109
45 111
45 115
45 126
45 128
45 129
45 139
45 141
45 142
45 147
46 16
46 20
46 43
46 45
46 46
46 47
47 4
47 7
47 9
47 26
47 35
47 51
47 58
47 59
47 91
48 9
48 14
48 55
48 71
48 75
48 89
48 99
48 102
48 105
48 111
49 6
49 15
49 25
49 26
49 38
49 42
49 48
49 51
49 55
49 59
49 61
49 65
49 66
49 75
49 87
49 95
49 98
49 101
49 107
49 112
49 119
49 128
50 1
50 5
50 13
50 23
50 26
50 31
50 33
50 38
50 43
50 58
50 68
50 69
50 105
50 112
50 120
50 121
50 123
50 138
50 139
50 141
50 143
50 146
50 147
53 1
53 3
58 26
58 34
58 35
58 51
59 3
59 6
59 53
59 58
59 66
59 70
59 71
59 73
59 74
59 76
59 80
59 81
59 87
59 105
59 111
59 113
59 117
59 120
60 8
60 12
60 16
60 18
60 26
60 28
60 37
60 38
60 44
60 60
60 62
60 66
60 142
60 145
60 150
60 151
60 159
60 166
60 171
60 173
60 176
60 190
60 191
60 201
60 209
60 212
60 215
60 221
60 222
60 238
60 246
60 250
60 254
60 255
60 268
60 269
60 303
60 306
60 320
60 328
60 462
61 8
61 9
61 10
61 13
61 16
61 17
62 3
64 27
64 28
64 30
64 38
64 61
64 66
64 68
64 72
64 75
64 76
64 77
64 78
64 79
65 1
65 13
65 16
65 22
65 32
65 33
65 37
65 39
65 40
65 50
65 65
65 66
65 70
66 18
66 22
66 25
66 34
66 40
66 42
67 68
67 138
67 148
68 6
68 9
68 25
68 45
68 48
68 66
68 67
70 93
70 97
70 104
70 107
70 125
70 137
70 138
70 143
70 155
70 157
70 163
71 23
71 27
71 28
71 43
71 48
71 50
72 2
72 14
72 21
72 25
72 27
72 31
72 39
72 41
72 50
72 53
72 57
72 62
72 63
72 99
72 104
72 111
72 112
74 98
74 99
74 108
74 117
74 125
74 126
74 131
74 150
74 153
74 156
74 165
74 173
75 19
75 72
75 80
75 86
75 88
75 94
75 96
75 97
75 102
75 103
75 110
75 112
75 117
78 29
78 32
78 53
79 4
80 2
80 18
80 26
80 27
80 32
80 38
82 57
82 61
82 70
82 74
82 76
82 79
82 85
82 86
82 87
82 88
82 96
82 105
82 155
82 162
82 167
82 170
82 177
82 178
83 88
83 93
83 100
83 103
83 109
83 114
83 117
83 121
84 87
84 94
84 110
84 122
84 125
84 137
85 1
85 15
85 26
85 34
85 42
85 43
85 45
85 51
85 56
85 94
85 97
85 123
85 136
85 138
85 143
85 154
85 165
85 174
85 176
85 182
86 2
86 6
86 10
88 61
88 65
88 75
88 82
88 92
88 96
88 108
88 110
88 114
90 16
90 20
90 26
90 32
90 34
91 2
91 8
91 9
91 13
91 19
91 21
91 22
91 27
91 32
91 37
91 41
91 43
91 49
91 56
91 71
91 85
91 90
91 105
91 109
91 128
91 131
93 15
93 17
94 6
94 8
94 11
94 16
94 18
94 22
94 27
94 29
95 1
95 7
95 8
95 14
95 21
96 1
96 5
96 6
96 8
96 18
96 22
97 14
97 19
97 21
97 31
97 34
97 39
97 42
97 43
97 44
97 47
97 48
97 49
98 8
98 10
98 18
98 23
98 26
98 29
98 30
98 33
98 38
98 42
98 43
98 53
98 71
98 76
98 80
99 3
99 19
99 24
99 25
99 29
99 30
99 32
99 33
99 34
99 38
99 41
99 42
100 69
100 73
100 75
100 80
100 82
100 83
100 93
100 94
100 97
100 104
100 119
100 122
100 123
100 132
101 2
101 7
101 9
101 10
101 15
101 16
101 17
101 18
101 23
101 25
101 26
101 30
101 32
101 113
101 114
101 117
101 120
101 137
101 140
101 142
101 146
101 150
101 152
101 157
101 159
101 180
101 188
101 190
101 192
101 202
101 203
101 212
101 216
101 242
101 247
101 250
101 255
101 257
101 259
101 267
101 268
101 279
101 280
101 293
101 297
101 299
101 301
101 306
101 311
101 313
101 322
101 336
101 348
101 352
101 358
101 359
101 368
101 371
101 383
101 396
101 408
101 409
101 411
101 416
102 1
102 8
102 12
102 15
102 18
102 20
102 26
102 35
102 37
102 41
102 43
102 46
102 48
102 63
102 72
102 89
103 35
103 48
103 49
105 3
105 5
105 6
105 17
105 24
105 29
105 32
105 33
105 35
105 36
108 13
108 15
108 16
108 19
108 22
108 26
108 27
108 51
108 52
108 106
108 110
108 122
108 131
108 133
108 134
108 136
109 2
109 4
110 6
110 24
110 27
110 28
110 29
110 31
110 38
110 41
110 56
110 57
110 63
