1 9
1 10
1 19
1 25
1 29
1 30
1 33
1 34
1 37
1 58
1 61
1 68
1 83
1 85
1 92
1 93
1 96
1 103
1 108
1 112
1 116
1 124
1 138
1 142
1 146
1 160
1 167
2 1
2 4
2 7
3 8
3 15
3 19
3 32
3 35
3 43
3 49
5 7
5 20
5 122
5 129
5 144
5 145
5 147
5 298
5 316
5 322
5 325
5 333
5 357
5 359
5 365
5 384
5 391
5 408
5 409
5 416
5 423
5 430
5 437
5 441
5 452
5 453
5 463
5 471
5 473
5 475
5 479
5 481
5 482
5 501
5 509
5 515
5 516
5 518
5 523
5 524
5 526
5 538
5 551
5 556
5 561
5 563
5 566
6 2
6 7
6 9
6 13
6 14
6 15
6 22
6 133
7 6
7 15
7 19
8 12
8 20
8 30
8 31
8 36
8 41
9 10
9 12
9 14
9 18
9 20
9 24
9 26
9 28
9 34
9 37
9 39
9 42
9 79
9 96
9 106
10 2
10 4
10 9
10 10
11 13
11 23
11 36
11 40
11 43
11 49
11 75
11 85
11 116
11 117
11 123
11 125
11 138
11 149
11 155
11 170
11 181
11 186
12 108
12 111
12 117
12 118
12 123
12 124
12 129
12 133
12 266
12 271
12 278
12 291
12 292
12 303
12 314
12 324
12 330
12 333
12 339
12 341
12 345
12 349
12 355
12 375
12 378
12 388
12 394
12 408
13 6
13 7
13 12
14 24
14 28
14 30
14 32
14 38
14 39
14 53
14 55
14 59
14 60
14 86
14 92
14 102
14 103
15 4
15 8
15 15
15 18
15 26
15 27
15 33
15 35
15 66
15 77
15 85
15 90
15 100
15 112
15 113
15 119
15 122
15 123
15 131
15 134
15 140
15 142
15 147
15 148
15 149
15 154
18 10
18 18
18 20
18 21
18 24
18 26
18 27
18 30
18 31
18 52
18 54
18 56
19 2
19 5
19 6
19 10
19 11
19 24
19 29
19 36
19 66
19 67
19 99
19 112
19 113
19 174
19 179
19 181
19 190
19 193
19 205
19 206
19 213
19 224
19 236
19 237
19 243
19 261
20 27
20 31
20 49
20 50
20 142
20 144
20 152
20 157
20 158
20 163
20 165
20 168
20 169
20 170
21 2
21 16
21 30
21 38
21 43
21 53
21 57
21 58
21 75
21 80
21 86
21 100
21 110
21 174
23 2
23 4
23 19
23 27
26 14
26 18
26 22
26 27
26 35
26 44
26 54
26 58
26 68
26 70
26 80
26 84
27 79
27 82
27 83
27 84
27 100
27 116
27 126
27 127
27 128
27 132
27 138
27 157
28 1
29 7
29 9
29 17
29 19
30 91
30 92
30 94
30 96
30 101
30 103
30 108
30 109
31 2
31 3
31 5
31 7
31 8
31 10
31 17
31 25
31 26
31 29
31 33
31 35
32 81
32 87
34 5
34 10
34 11
34 12
34 18
34 19
34 22
34 27
34 33
34 57
34 60
34 62
34 64
34 71
34 73
34 81
34 82
34 84
34 92
34 98
34 102
34 103
35 11
35 24
35 25
35 26
35 33
35 34
35 45
35 55
35 57
35 63
35 66
35 70
35 71
36 5
36 14
36 34
36 35
36 44
36 45
36 63
36 66
36 68
36 69
36 72
36 75
36 77
36 78
36 82
36 83
36 95
36 98
36 101
36 108
36 109
36 123
36 124
37 3
37 4
37 6
37 12
37 13
40 32
40 49
40 52
40 54
42 26
42 27
42 29
42 31
42 32
44 24
44 26
44 29
44 34
45 1
45 10
45 16
45 20
45 25
46 5
46 6
46 14
46 19
46 24
46 25
46 26
46 29
46 34
46 43
46 46
46 53
46 65
46 73
46 75
46 80
46 86
46 97
46 101
46 109
46 115
46 125
46 144
46 145
46 157
46 164
46 174
46 177
46 185
46 186
46 192
46 193
46 197
46 219
47 5
47 11
47 28
47 44
47 82
47 91
47 113
48 1
48 9
48 14
48 16
48 17
49 15
49 20
49 28
49 43
49 48
49 57
49 61
49 65
49 67
50 2
50 11
51 2
51 27
51 31
51 35
51 37
51 47
51 58
51 59
51 67
51 91
51 92
51 94
51 95
51 101
51 105
51 110
51 118
51 122
51 123
51 130
51 131
52 1
52 9
52 17
52 18
52 21
52 27
52 28
52 30
52 74
53 53
53 55
53 61
53 95
53 102
53 104
53 112
53 116
53 117
53 119
53 142
53 143
53 145
53 153
53 156
53 158
53 161
53 165
53 177
53 232
53 234
53 238
53 245
53 249
53 250
53 259
53 260
55 5
55 7
55 12
55 17
55 26
55 28
56 1
56 4
56 13
56 28
56 30
56 33
56 34
56 38
56 39
56 43
56 44
56 54
58 85
58 90
58 92
58 93
58 97
58 100
58 102
58 104
58 107
58 125
58 133
58 136
58 151
58 156
58 171
58 173
60 3
60 12
61 1
61 8
61 9
61 13
61 16
61 17
61 19
61 28
61 29
61 37
61 71
61 79
61 128
61 129
61 147
61 148
61 157
61 164
61 166
61 167
61 172
61 180
61 183
61 186
61 189
61 190
61 193
61 196
61 197
61 210
61 215
61 225
61 227
61 240
61 245
61 250
61 259
61 265
61 267
61 272
61 278
61 280
61 286
63 13
63 16
63 26
64 93
64 102
64 106
64 108
64 109
64 117
64 131
64 138
64 146
64 159
64 161
64 164
64 165
64 260
64 261
64 264
64 268
64 279
64 283
64 287
64 291
64 293
64 301
64 313
64 316
64 321
64 323
64 333
66 62
66 66
67 63
67 68
67 70
67 74
67 86
67 92
67 93
67 97
67 101
67 103
67 113
67 114
67 152
67 154
67 164
70 29
70 35
70 46
70 47
70 49
70 51
70 52
70 79
70 90
70 94
70 106
70 107
70 112
70 113
70 117
70 190
70 201
71 41
71 43
71 45
71 52
71 64
71 70
71 74
71 79
71 82
75 34
75 39
77 6
77 8
77 16
77 22
77 23
78 23
78 24
78 31
78 36
78 51
79 22
79 26
79 28
79 36
79 39
79 42
79 47
80 13
80 16
80 17
80 22
80 24
80 42
80 49
80 52
80 54
80 58
80 60
80 62
80 183
80 186
80 192
80 225
80 254
80 255
80 257
80 265
80 266
80 268
80 281
80 283
80 301
80 320
80 323
80 325
80 328
80 332
80 338
80 339
80 428
80 438
80 442
80 445
80 448
80 450
80 451
80 456
80 458
80 464
80 470
80 472
80 483
80 484
80 501
80 626
80 628
80 630
80 637
80 638
80 641
80 642
80 656
80 663
80 664
80 669
80 673
80 674
80 679
80 683
80 695
80 726
80 727
80 740
80 745
81 8
81 20
81 22
81 25
81 31
81 34
81 67
81 72
81 82
82 10
82 22
83 75
83 78
84 3
84 5
84 8
84 10
84 16
84 22
84 23
84 31
84 32
84 35
84 42
84 47
84 48
84 50
84 52
84 69
84 85
84 87
85 12
85 23
85 26
85 28
85 31
85 46
85 48
85 50
85 54
85 58
85 59
85 62
85 115
85 118
85 126
85 130
85 132
85 134
85 136
85 138
85 156
85 167
85 170
85 173
85 176
85 177
85 179
85 194
85 195
86 4
86 12
86 86
86 87
86 91
86 97
86 100
86 102
86 104
86 125
86 134
86 135
86 144
86 146
86 151
87 7
87 9
87 14
87 18
87 21
87 23
87 32
87 37
87 39
87 43
87 44
87 48
88 12
88 23
88 24
88 45
89 13
89 15
89 19
89 31
89 44
89 45
89 52
89 55
89 56
89 142
89 146
90 42
90 43
90 44
90 47
90 48
90 50
90 68
90 69
90 75
90 91
90 92
90 106
90 107
90 109
90 117
90 118
90 120
92 32
92 33
92 37
92 54
92 61
92 71
92 98
