1 1
1 5
1 16
1 125
1 131
1 133
1 135
1 136
1 137
1 140
1 145
1 151
1 156
3 3
3 4
3 11
3 19
3 22
3 24
3 33
3 36
3 43
5 45
5 50
5 57
5 60
6 12
6 25
6 29
6 33
6 43
6 63
6 67
6 69
6 71
6 82
6 86
6 91
6 95
6 102
6 107
6 121
6 125
6 133
6 135
6 137
6 138
6 150
6 152
6 153
6 159
6 169
6 170
6 173
6 183
8 20
8 31
8 32
8 44
8 50
8 56
8 59
8 63
9 1
9 8
9 11
9 20
9 21
9 22
10 9
10 14
11 5
11 6
11 11
11 12
11 16
11 24
11 29
11 31
11 36
11 37
11 39
11 41
11 171
11 176
11 179
11 187
11 199
11 216
11 235
11 240
11 251
11 252
11 254
11 261
11 263
11 264
11 266
11 268
11 276
12 1
12 6
12 12
12 13
12 17
14 70
14 79
14 80
14 87
14 89
14 91
14 106
14 107
14 109
14 114
14 204
15 11
15 13
15 15
15 17
15 21
16 3
16 4
16 39
16 40
16 44
16 45
16 47
16 55
16 62
16 65
16 66
16 68
16 74
16 76
16 81
16 82
16 214
16 215
16 217
16 220
16 226
16 228
16 232
16 235
16 240
16 241
16 245
16 256
16 261
16 265
18 1
18 9
18 19
18 28
18 34
18 35
18 38
18 41
18 42
18 49
18 54
18 64
18 69
18 82
18 86
18 103
18 110
18 128
18 132
18 139
18 140
18 152
18 153
18 155
18 156
18 160
18 163
18 164
18 165
19 5
19 97
19 109
19 128
19 130
19 132
20 8
20 9
20 12
22 25
22 26
22 28
22 29
22 39
23 1
23 2
23 9
23 12
23 20
23 30
23 38
23 47
23 48
23 49
24 5
24 9
24 24
24 25
24 35
24 45
24 52
24 56
24 62
24 67
24 74
24 90
24 99
24 106
24 109
24 111
24 113
24 125
24 128
24 135
24 137
24 145
24 148
24 150
24 161
24 164
25 1
25 5
25 36
26 1
26 11
26 19
26 45
26 48
26 49
26 53
26 65
26 72
26 77
26 84
26 95
26 97
26 101
26 106
26 109
26 134
26 140
26 145
26 154
26 161
26 170
26 267
26 283
26 284
26 287
26 292
26 296
26 301
26 306
26 309
26 347
26 353
26 355
26 370
26 410
26 411
26 420
26 421
26 439
26 441
26 442
26 443
26 444
26 456
26 465
26 474
26 488
26 490
26 494
26 495
26 501
26 507
26 514
26 515
26 530
26 534
26 546
26 551
27 2
27 6
27 17
27 18
27 23
27 24
27 67
27 72
27 73
27 85
27 88
27 89
27 93
27 102
27 130
28 10
28 11
28 15
28 16
28 18
28 22
29 91
29 99
29 114
29 116
30 15
31 1
32 11
32 22
33 3
33 10
33 17
33 21
33 35
34 1
34 2
34 5
34 12
34 20
34 21
34 26
35 1
35 6
35 9
35 18
35 19
35 26
35 27
35 30
35 31
37 32
37 53
37 66
38 3
38 4
38 5
38 7
38 60
38 66
38 74
38 75
38 76
38 78
38 81
38 85
38 87
39 2
39 10
39 12
41 59
41 60
41 65
41 72
41 73
41 74
42 4
42 5
42 15
42 27
42 37
43 4
43 5
43 6
43 10
43 14
43 15
43 17
43 19
45 81
45 82
45 83
46 1
46 2
50 1
50 5
50 15
50 16
50 42
50 44
50 45
54 1
54 2
54 4
54 5
54 6
54 13
54 16
54 25
54 37
54 41
54 42
54 43
54 55
54 72
54 77
54 84
54 89
54 90
54 95
54 101
54 105
54 126
54 131
54 136
56 6
57 4
57 8
57 9
57 12
57 15
57 28
57 29
57 32
57 43
57 46
57 51
57 52
57 64
57 66
57 71
57 72
57 87
57 105
57 111
57 112
57 113
57 119
57 122
57 144
57 147
57 152
57 158
57 161
57 173
57 190
57 191
59 15
59 18
59 24
59 35
59 36
59 40
59 52
59 57
59 69
59 74
59 78
59 82
59 86
59 87
59 89
59 96
59 98
59 99
59 101
59 102
59 109
59 116
59 119
59 122
59 123
59 131
59 140
59 163
59 168
59 187
59 202
59 211
59 213
59 220
59 224
59 225
59 226
59 227
59 232
59 234
59 237
59 240
59 241
59 248
59 377
59 378
59 383
59 392
59 407
59 419
59 420
59 421
59 426
59 428
59 431
59 433
59 434
59 435
59 441
59 446
59 447
59 448
59 459
59 553
59 554
59 556
59 558
59 563
59 566
59 569
59 573
59 578
59 584
59 598
59 601
59 602
59 610
59 652
59 668
59 669
59 672
59 676
59 679
59 682
59 686
59 700
59 703
60 11
60 13
60 22
60 24
60 25
60 37
60 61
60 65
61 43
61 46
61 47
61 48
61 51
61 54
61 117
61 120
63 1
67 61
67 72
68 1
69 7
69 12
69 14
69 17
69 19
69 26
69 27
69 34
69 50
69 52
69 75
69 76
69 78
70 2
70 6
70 15
70 16
70 19
70 24
70 25
70 29
70 31
70 36
70 39
70 48
70 60
70 64
70 69
70 71
70 73
70 78
70 82
70 86
70 95
70 116
71 5
71 13
71 19
71 92
71 100
71 102
71 106
71 108
72 1
72 2
72 5
72 7
72 8
72 9
72 10
72 12
72 34
72 56
72 61
72 65
72 67
72 68
73 1
73 2
73 28
73 31
73 34
73 37
73 46
73 52
73 57
73 58
73 61
73 76
73 81
73 90
73 93
73 120
73 121
73 124
73 128
73 133
73 134
73 136
73 138
75 1
75 43
75 45
75 49
75 55
75 57
75 58
75 60
75 61
75 62
75 71
75 76
75 83
75 100
75 101
75 106
75 129
75 140
75 142
75 144
75 148
75 149
75 155
75 158
75 161
75 164
76 7
76 10
76 13
76 18
76 19
76 24
76 27
76 38
76 42
76 45
77 1
77 4
77 6
78 1
78 7
78 14
78 15
78 22
78 26
82 30
82 32
82 52
82 53
82 54
82 58
82 68
82 70
82 73
82 75
82 84
82 86
82 94
82 98
82 99
82 104
82 248
82 254
82 261
82 266
82 267
82 271
82 272
82 276
82 286
82 302
82 303
82 304
82 313
82 319
82 321
82 323
82 330
82 334
82 352
82 356
82 358
82 361
82 362
82 371
82 398
82 402
82 404
82 463
82 464
82 466
82 467
82 476
82 485
82 488
82 493
82 498
83 15
83 18
83 19
83 22
83 27
83 40
83 43
83 47
83 55
83 58
83 62
83 67
83 78
83 86
83 91
83 102
83 114
84 58
84 74
84 81
84 97
84 103
84 105
84 106
84 112
84 113
84 135
84 145
85 6
85 18
85 31
85 43
85 44
86 3
86 4
86 8
86 13
86 18
86 19
86 36
86 63
86 83
87 72
87 76
87 85
87 90
87 91
87 98
88 7
89 4
89 11
89 15
89 25
89 32
89 35
89 36
89 37
89 41
89 43
89 48
89 50
89 99
90 5
90 20
90 23
90 49
90 52
90 56
90 60
90 68
90 75
91 34
91 68
91 73
91 79
91 80
91 81
91 87
92 3
92 4
93 2
93 26
93 29
93 30
93 32
93 40
93 41
93 43
93 44
93 50
93 60
93 65
93 76
94 5
94 26
94 35
94 38
94 61
94 65
94 66
94 123
94 138
94 140
94 142
94 155
94 157
94 164
94 168
94 175
94 177
94 186
94 188
94 192
94 195
95 1
96 2
96 5
96 146
96 147
96 149
96 153
96 154
96 155
96 160
96 183
96 184
96 188
96 195
96 204
96 206
96 207
96 211
97 1
97 14
97 37
97 39
97 52
97 56
97 63
97 65
97 70
98 4
98 6
99 5
99 7
99 11
100 9
100 10
100 12
100 13
100 15
100 18
101 22
101 25
101 29
101 34
101 43
101 44
101 55
101 64
101 70
102 6
102 28
102 31
102 32
102 36
102 44
102 45
103 11
103 15
103 25
103 26
103 37
103 40
103 44
103 50
103 51
103 53
103 141
103 145
103 152
103 157
103 158
103 161
103 168
103 176
103 195
103 196
103 198
103 200
103 212
104 20
104 29
105 17
105 19
105 22
105 46
105 48
105 52
105 54
105 94
105 96
105 100
106 6
106 8
107 138
107 139
108 1
108 11
108 14
108 15
108 18
108 19
108 24
108 34
108 41
108 47
