1 3
1 8
1 26
1 31
1 32
1 34
1 39
1 49
1 52
1 58
1 72
1 73
1 80
2 8
2 13
2 24
2 29
3 5
3 7
3 13
3 25
3 33
3 35
5 26
5 28
5 38
5 49
5 51
5 61
5 62
5 64
5 66
5 67
5 69
5 73
5 75
6 2
6 3
7 25
7 27
8 7
8 9
8 16
8 17
8 37
9 11
10 1
11 2
11 5
11 7
11 11
11 35
11 45
11 46
12 12
12 20
12 21
12 31
12 35
12 36
12 45
12 55
13 34
13 35
13 36
13 37
13 40
13 52
13 54
13 66
13 67
13 74
16 21
16 40
16 41
16 55
16 56
16 59
19 43
19 49
19 57
19 62
19 66
20 174
20 180
20 182
20 187
22 11
22 30
22 31
22 174
22 175
22 182
22 203
22 218
22 225
22 239
23 15
23 20
23 21
23 27
23 29
23 53
23 69
23 78
23 81
23 88
23 97
23 99
23 100
23 102
23 106
23 120
23 125
23 130
23 138
23 140
23 141
23 142
23 151
23 156
23 161
23 174
23 180
23 193
23 217
23 225
23 226
23 228
23 235
23 245
23 250
23 296
24 28
24 34
24 36
24 65
24 73
24 81
24 87
24 91
24 92
24 95
24 107
24 167
24 168
24 169
24 175
24 185
24 186
24 193
24 197
25 3
25 5
25 12
25 16
25 25
25 28
26 9
26 10
26 11
26 15
26 19
26 33
26 36
26 39
26 40
26 47
26 49
26 51
26 55
26 70
26 85
27 3
27 13
27 23
27 24
27 28
27 34
27 35
27 43
27 64
28 12
29 85
29 88
29 94
29 97
29 103
31 1
31 6
31 14
31 18
31 19
32 23
32 31
32 43
32 48
32 62
32 64
32 68
32 71
32 74
32 75
32 78
32 82
32 90
32 91
32 92
32 96
32 97
32 99
32 107
34 107
34 108
34 115
34 122
35 88
35 95
35 104
35 115
35 122
35 127
35 132
35 138
35 142
36 3
36 26
36 40
36 41
36 45
36 55
36 68
36 74
36 76
37 2
37 62
37 82
37 86
37 90
37 92
37 98
37 103
37 104
37 106
37 117
37 128
37 137
37 139
38 3
38 8
38 15
38 24
38 26
38 27
38 33
38 36
38 37
38 40
38 41
38 50
38 60
38 61
38 69
38 73
38 80
38 84
38 87
38 94
38 217
39 4
39 16
39 21
39 27
39 28
39 29
39 32
39 33
39 36
39 41
39 53
41 7
41 16
41 25
41 27
41 35
41 44
41 47
41 55
42 9
42 14
42 15
42 16
42 23
42 25
42 26
42 90
42 111
42 112
42 116
42 118
42 120
42 135
42 174
42 176
42 179
42 193
44 2
44 9
44 12
44 16
44 22
44 35
44 75
44 84
44 89
44 106
44 108
44 123
44 131
44 139
45 94
45 96
45 98
45 100
45 105
45 115
45 132
46 7
46 8
46 12
46 13
46 19
46 26
46 33
46 39
46 40
46 43
46 44
46 66
46 86
46 90
46 102
46 111
46 119
46 120
46 130
46 150
46 151
46 159
46 160
46 176
46 177
46 185
46 186
46 187
46 197
46 205
46 226
46 229
46 237
46 239
46 245
46 250
47 48
47 58
47 70
48 11
49 2
49 40
50 15
51 5
51 11
51 39
51 40
51 80
51 84
51 88
51 93
51 100
51 102
51 104
51 105
51 112
51 113
51 116
51 132
51 134
51 140
51 141
51 150
51 157
51 158
51 159
51 161
54 36
54 56
54 57
54 58
54 65
54 69
54 74
54 79
54 138
55 6
56 10
58 82
58 83
58 91
58 93
58 100
58 104
58 108
58 121
58 125
58 135
58 138
58 142
58 157
58 187
58 188
58 192
58 194
58 195
58 196
58 198
58 201
58 207
58 215
58 224
58 228
58 239
58 241
59 2
59 5
60 1
60 5
60 16
60 17
60 69
60 72
60 76
60 77
60 79
60 82
60 83
60 99
60 101
60 103
60 104
60 111
60 113
60 117
60 120
60 122
60 124
60 128
61 6
61 7
61 9
61 11
61 17
61 19
61 21
61 51
62 11
62 16
62 21
62 22
62 40
62 43
62 47
62 53
62 57
62 61
62 63
62 64
62 77
62 79
62 91
62 96
62 99
62 107
62 110
62 123
62 126
62 127
62 129
62 140
62 149
62 160
62 161
62 166
62 176
62 181
62 316
62 326
62 328
63 24
63 26
63 28
63 30
63 36
64 76
64 87
64 89
64 92
64 100
64 107
64 117
64 125
64 130
64 133
64 135
64 141
64 143
64 152
64 153
64 164
64 166
64 168
64 177
64 190
64 196
64 198
64 199
64 202
64 204
64 210
64 231
64 236
64 238
64 241
64 249
64 251
64 252
64 278
64 282
64 298
64 305
64 307
64 313
64 314
64 319
65 1
65 6
65 8
65 23
65 25
65 54
65 58
65 66
65 68
65 88
65 93
65 98
65 100
65 127
65 134
65 138
65 139
65 145
65 148
65 149
65 153
65 155
65 164
65 165
65 171
65 173
65 187
65 188
65 192
65 193
66 3
67 1
67 6
67 8
67 30
67 36
67 42
67 62
67 65
67 67
67 78
67 79
67 103
68 1
68 4
68 6
68 7
69 4
69 6
69 8
69 9
69 26
70 16
70 17
70 22
71 7
71 8
71 9
71 10
71 19
71 20
71 25
71 27
71 28
71 31
71 44
71 49
71 50
71 53
72 5
72 6
73 3
73 6
73 13
73 158
73 162
73 164
73 186
73 199
73 220
75 3
75 7
75 24
75 25
75 29
75 34
75 38
76 5
76 19
76 23
76 34
76 40
76 46
76 48
76 49
76 58
76 59
76 62
76 73
76 74
76 78
76 80
76 116
76 120
76 122
76 130
76 134
77 15
77 16
77 20
78 16
78 17
78 18
79 39
79 42
79 47
79 56
79 61
79 65
79 66
79 72
79 76
79 137
79 140
80 55
80 56
80 61
80 63
80 67
80 79
80 82
80 83
80 88
80 91
80 103
80 105
82 11
82 24
82 29
82 37
82 52
82 53
82 60
82 62
82 63
82 66
82 80
82 81
82 89
83 2
83 6
83 17
83 21
83 22
83 30
83 35
83 53
83 56
83 58
83 65
83 79
84 9
84 10
84 12
84 21
84 28
84 39
84 43
84 47
84 52
84 53
84 60
84 61
84 79
84 80
84 87
84 93
84 102
84 111
84 121
84 124
84 128
84 174
84 178
84 199
84 203
84 214
84 222
84 234
84 235
84 236
84 237
84 243
84 258
84 393
84 395
84 397
84 403
84 407
84 423
84 439
84 440
84 448
84 452
84 459
84 471
84 473
84 482
84 612
84 614
84 631
84 632
84 637
84 663
84 670
84 678
84 683
84 684
84 686
84 707
84 712
84 716
84 845
84 852
84 854
84 866
84 873
84 877
84 879
84 881
84 891
84 895
84 898
85 2
85 11
85 14
85 22
85 25
86 2
86 8
86 12
86 19
87 33
87 39
88 12
88 18
88 21
88 30
88 32
88 40
89 8
89 10
89 20
89 21
89 30
89 37
89 44
89 49
89 61
89 65
90 6
91 17
91 19
91 21
91 37
92 5
93 71
93 92
93 93
93 99
94 6
94 7
94 14
94 18
94 19
94 50
94 53
94 60
95 28
97 43
98 1
98 2
98 23
98 25
98 29
98 30
99 7
99 10
99 11
99 14
99 20
99 21
99 22
99 24
99 26
99 32
99 43
99 49
99 53
99 56
99 71
99 75
99 76
99 83
99 90
99 93
99 101
99 104
99 106
99 109
99 114
101 38
101 53
101 59
101 63
102 20
