1 4
1 25
1 26
1 37
1 47
1 49
1 50
1 56
1 63
1 65
1 70
1 79
1 87
1 89
1 90
1 91
1 97
1 100
2 1
2 3
2 9
2 19
2 23
2 24
2 30
2 31
2 36
2 37
2 46
2 49
2 54
2 58
2 63
2 65
2 67
2 74
2 91
2 95
2 106
2 118
2 121
2 123
2 127
2 128
2 134
2 136
2 273
2 275
2 283
2 284
2 287
2 288
2 302
2 326
2 327
2 331
2 342
2 346
2 347
2 348
2 355
3 1
3 2
3 18
3 23
3 27
3 32
3 37
4 1
4 2
4 3
4 63
4 64
4 82
4 83
4 88
4 98
4 100
4 102
4 107
4 110
4 111
4 125
4 139
4 142
4 156
4 164
4 171
4 181
4 186
4 188
4 191
4 195
4 201
4 205
4 220
5 4
5 37
5 46
5 51
5 59
5 60
5 64
5 73
5 77
5 82
5 89
5 96
5 102
8 95
8 111
8 118
8 133
8 135
8 138
8 141
8 143
8 147
8 149
8 171
8 178
8 193
8 195
8 196
8 207
8 212
8 218
8 219
8 221
8 223
8 224
8 241
8 243
8 249
8 285
8 287
8 295
8 309
8 327
8 329
8 407
9 1
9 5
9 6
9 12
9 18
9 20
9 22
9 30
9 33
9 35
9 39
9 42
10 13
10 17
10 18
10 20
10 34
10 35
10 45
10 70
10 71
10 77
10 83
10 87
10 90
10 94
10 98
10 103
10 107
10 111
10 114
10 117
10 121
11 51
11 54
11 59
11 61
11 64
11 66
11 69
11 72
11 202
11 205
11 206
11 337
11 346
11 358
11 366
11 379
11 383
11 391
11 424
11 427
11 436
11 440
11 455
11 459
11 464
11 472
11 476
11 483
11 485
11 491
11 498
11 499
11 500
11 511
11 520
11 537
11 538
11 544
11 545
11 546
11 555
11 556
11 558
11 565
11 598
11 602
11 603
11 611
12 8
13 4
13 17
13 18
13 21
13 22
13 26
14 12
14 15
14 23
14 26
14 66
15 7
15 20
16 12
16 19
16 27
16 36
16 48
16 59
16 61
16 63
16 71
16 85
16 94
16 99
16 104
16 112
16 114
16 142
16 153
16 162
16 165
16 167
16 175
16 187
16 193
16 195
16 208
16 209
16 212
16 231
16 237
16 240
16 241
16 243
16 246
16 250
16 256
16 268
16 270
16 271
16 280
16 286
19 78
19 79
19 86
19 88
19 95
19 104
19 109
19 112
19 117
19 118
19 128
19 129
19 134
19 135
22 64
22 213
22 221
22 228
22 237
22 240
22 244
22 254
22 255
22 344
22 348
22 352
22 364
22 372
22 379
22 399
22 409
22 410
22 419
22 428
22 432
22 440
24 26
24 28
24 33
24 36
24 54
24 57
25 5
25 7
25 8
25 13
27 2
27 6
27 8
27 11
27 15
27 19
27 32
27 33
27 38
27 48
27 53
27 55
27 87
27 89
31 2
32 6
32 14
32 16
32 17
32 24
34 4
34 5
34 7
34 9
35 7
35 12
35 13
36 2
36 6
36 8
37 9
37 10
37 16
37 24
37 26
37 29
37 34
37 37
37 38
37 39
37 48
37 53
37 64
37 66
37 68
38 41
38 42
39 24
39 25
39 29
39 31
39 34
39 36
39 37
39 49
39 55
39 57
39 72
39 73
39 93
39 140
39 141
39 153
39 163
39 171
39 175
39 176
39 178
39 179
42 56
43 1
43 9
43 13
43 17
44 6
44 17
44 19
45 1
45 4
45 20
45 30
45 31
45 38
45 41
45 170
45 231
45 245
45 262
45 266
45 267
45 270
46 4
46 6
46 13
46 21
46 22
46 31
46 34
46 38
46 39
46 43
46 47
46 52
46 56
46 58
46 59
46 67
46 77
46 78
46 79
46 85
46 87
46 88
46 89
46 104
47 27
47 53
47 59
47 76
47 86
47 95
47 96
47 97
47 100
47 101
47 104
47 108
47 247
47 259
47 275
47 277
48 3
48 9
48 10
48 11
48 14
48 22
48 23
48 24
48 38
48 171
48 228
48 231
48 270
48 272
48 274
48 280
48 282
50 2
50 19
50 24
50 29
51 16
51 23
51 25
51 39
51 41
51 60
51 64
51 65
51 74
51 77
51 93
51 97
51 99
51 113
51 114
51 117
51 118
51 121
51 122
51 126
51 127
51 130
51 145
51 152
51 155
51 159
51 163
52 4
52 6
52 13
52 16
52 18
52 21
52 24
52 32
54 13
57 2
57 8
58 14
58 15
58 23
58 37
58 38
58 40
59 10
59 11
59 12
60 50
60 93
60 96
60 110
60 114
60 116
60 120
60 121
60 124
60 130
60 131
60 136
60 139
60 147
60 156
60 159
60 178
60 182
60 185
61 2
62 1
62 10
62 14
62 17
62 18
62 32
62 36
62 37
62 41
62 42
62 55
62 60
62 81
62 99
62 101
62 106
62 108
62 117
62 130
62 132
62 141
62 142
62 146
62 147
62 153
62 155
62 157
62 162
62 164
62 165
62 166
62 173
62 176
62 178
62 180
62 181
62 186
62 198
63 1
63 2
63 15
63 18
63 29
63 30
63 34
63 36
63 40
65 9
65 10
65 13
65 22
65 24
65 27
65 29
65 40
65 48
65 49
65 57
65 61
65 73
65 74
66 1
66 8
66 18
66 22
66 27
66 28
66 34
66 163
66 174
66 175
66 184
66 191
66 200
66 213
67 132
67 136
67 144
67 163
67 168
67 171
67 183
67 185
67 187
67 205
67 207
67 280
67 283
67 284
67 296
67 300
67 307
67 311
67 320
67 321
68 40
68 48
68 50
68 51
68 52
68 66
68 71
68 75
68 83
68 88
68 92
68 99
69 15
69 20
69 28
69 30
69 39
69 54
69 59
69 69
69 71
69 74
69 79
69 87
69 88
69 90
69 91
69 97
69 110
70 2
70 8
70 9
70 12
70 21
70 22
70 23
70 34
70 45
70 48
70 53
70 57
70 61
71 2
71 5
71 7
71 8
72 3
72 9
72 10
72 23
72 28
72 32
72 39
72 42
72 48
72 53
72 64
72 77
72 78
72 81
72 82
72 83
72 98
72 100
72 109
72 115
72 117
72 120
72 121
72 124
72 132
73 4
73 14
73 36
73 51
74 10
74 11
74 13
74 39
74 40
74 42
74 51
74 58
74 61
74 71
74 75
74 81
74 83
75 2
75 5
75 11
75 25
76 1
76 3
76 9
76 11
76 14
76 15
76 19
76 28
76 29
76 159
76 160
76 180
76 181
79 54
79 57
79 60
79 62
79 68
79 74
79 78
79 85
79 93
79 97
79 106
79 108
79 110
79 111
79 120
79 127
79 138
79 143
79 145
79 154
79 158
79 163
79 183
79 191
79 192
80 10
80 12
80 32
80 37
80 39
80 175
80 180
80 186
80 187
80 190
80 195
80 197
80 200
80 231
80 236
80 244
80 249
80 252
80 261
80 264
80 271
80 275
80 279
80 287
80 291
80 303
80 306
80 373
80 379
80 380
82 1
82 9
82 10
82 17
82 21
82 26
82 30
82 31
82 32
82 43
82 49
82 53
82 54
82 57
82 74
83 2
83 7
83 9
84 1
84 7
84 8
84 14
84 23
84 24
84 29
84 30
84 31
86 2
86 4
86 7
86 13
86 29
86 50
86 51
87 7
87 8
87 14
87 16
87 17
88 29
89 3
89 4
90 1
90 11
90 43
90 50
91 68
91 101
91 103
91 106
91 108
91 113
91 126
91 132
91 143
91 145
91 147
91 149
91 150
91 161
91 166
91 179
91 180
92 5
92 6
92 12
92 13
92 41
92 43
92 44
92 51
92 71
94 5
94 14
94 53
94 56
94 57
94 61
95 7
95 8
95 11
95 12
95 25
95 26
95 27
95 34
95 46
95 49
96 6
96 31
96 38
96 42
96 56
96 75
97 7
97 9
97 12
97 16
97 18
97 19
97 20
97 26
97 30
97 91
