1 5
1 7
1 11
1 25
1 28
1 42
1 57
1 61
1 69
1 76
1 78
1 98
1 120
1 129
1 131
1 136
1 137
1 145
1 151
1 153
1 155
1 158
2 3
2 7
2 12
2 13
2 15
2 31
2 34
2 35
7 48
7 52
7 62
7 65
7 66
8 1
8 2
8 98
8 100
8 103
9 1
9 4
9 5
9 11
9 12
9 15
9 19
9 22
9 25
9 32
9 42
9 44
9 46
9 50
9 60
9 73
9 80
9 85
9 87
9 88
9 92
9 101
9 102
9 112
9 117
9 132
9 138
9 151
9 159
9 161
9 163
10 51
10 61
10 64
10 67
10 69
10 81
10 87
10 88
10 90
10 100
10 106
10 112
10 126
10 137
10 146
10 211
10 218
10 223
10 232
10 234
10 239
10 377
10 380
10 382
10 386
10 392
10 394
10 397
10 401
10 409
10 412
10 414
10 416
10 424
11 1
11 4
12 4
13 1
13 3
14 2
15 9
16 1
16 3
16 4
16 7
16 25
16 40
16 44
16 47
16 53
16 57
16 67
16 74
16 76
16 84
16 96
17 3
17 6
17 18
17 22
17 23
17 24
17 26
17 31
17 32
18 7
18 17
19 45
19 47
19 49
19 53
19 74
19 84
19 86
19 88
19 92
19 93
19 97
19 111
19 127
19 128
19 138
19 141
19 147
20 3
20 6
20 8
20 9
21 24
21 26
21 36
21 42
21 48
21 49
22 54
22 70
22 72
22 76
22 78
22 80
22 81
24 3
24 4
24 23
24 33
24 38
24 40
24 43
24 49
24 58
24 59
24 62
24 69
24 72
24 76
24 81
24 86
24 90
25 13
28 3
28 5
30 31
30 49
30 58
30 60
31 3
31 12
31 17
31 21
31 23
31 27
31 31
31 33
31 34
32 4
32 6
33 12
33 15
33 32
34 1
34 6
34 9
34 12
34 18
34 19
34 22
34 23
35 6
35 7
35 15
35 23
35 28
35 35
35 43
35 173
36 10
36 20
36 26
36 44
37 1
37 7
37 8
38 2
38 7
38 67
38 69
38 77
38 81
38 84
38 89
38 97
38 101
39 2
39 3
39 5
39 19
40 11
40 13
42 77
42 91
43 37
44 4
44 5
44 18
44 21
44 22
44 37
45 7
45 26
45 35
46 5
46 6
47 5
47 9
47 15
47 16
47 26
47 39
47 55
47 74
47 76
47 79
47 81
47 82
47 86
47 92
47 95
47 98
47 99
47 101
47 105
47 108
47 110
49 39
49 41
49 57
49 60
49 65
49 67
49 71
50 3
51 3
51 4
51 70
51 78
51 80
51 81
51 82
51 108
51 117
51 120
51 122
51 128
51 132
51 135
51 141
55 9
55 14
55 25
55 28
55 33
55 49
55 59
55 63
55 71
55 75
55 79
56 1
56 9
56 10
56 12
58 103
58 121
58 127
58 139
58 152
58 155
58 156
58 159
59 4
59 11
59 12
59 18
59 19
59 80
59 86
60 5
60 15
60 21
60 28
60 39
60 45
60 53
60 69
60 86
60 87
60 88
60 89
60 90
60 94
60 98
60 106
60 108
60 109
60 112
60 119
60 126
60 128
60 141
60 142
60 144
60 146
60 159
60 162
60 163
60 166
60 173
60 175
60 176
60 179
60 180
60 182
60 184
60 197
60 201
60 202
60 278
60 284
60 291
60 293
60 316
60 319
60 323
60 324
60 327
60 371
60 372
62 11
62 13
62 20
62 131
63 4
63 8
63 11
63 12
63 17
63 21
63 31
63 36
63 37
63 42
66 38
66 41
66 58
66 131
66 144
66 145
66 226
66 228
66 230
66 231
66 236
66 239
66 260
66 267
66 271
66 272
66 277
66 279
66 287
66 291
66 295
66 311
67 2
67 13
67 14
67 33
67 38
68 5
68 11
68 16
68 20
68 36
68 38
68 39
68 54
68 55
68 59
68 64
68 80
68 82
68 84
68 89
68 90
68 94
68 95
68 104
68 106
68 110
68 116
68 118
68 207
68 209
68 215
68 216
68 218
68 219
68 229
68 231
68 232
69 2
70 1
70 2
70 5
70 13
70 16
70 146
70 158
70 179
70 232
70 235
73 18
73 24
73 28
73 30
76 4
76 5
76 7
76 9
76 24
76 25
76 35
76 44
76 47
77 117
77 125
78 7
78 12
81 37
81 40
81 46
82 10
82 12
82 21
82 23
82 28
82 36
82 49
82 137
82 140
82 145
82 149
82 150
82 153
82 167
82 181
82 183
82 190
84 125
84 126
84 220
88 10
88 12
88 23
88 24
88 27
89 4
89 24
89 25
89 30
89 34
91 40
91 43
91 44
91 45
91 46
92 3
92 5
92 6
92 13
92 15
92 16
92 17
92 18
92 26
92 38
92 41
92 42
92 44
92 143
93 42
93 48
93 49
95 56
98 86
98 93
98 114
98 116
98 126
98 129
98 134
98 136
98 138
98 142
98 152
98 154
98 155
98 159
98 163
98 164
98 167
98 170
99 4
102 22
102 24
102 26
102 28
102 29
102 36
102 41
102 48
102 51
102 55
102 59
102 66
102 74
102 75
102 76
102 93
102 98
102 100
102 102
102 109
102 113
102 142
102 147
102 191
102 203
102 214
102 223
102 225
102 234
102 239
102 240
102 248
102 253
103 1
103 12
103 19
103 29
103 30
103 37
103 53
103 54
103 57
104 44
104 50
105 7
105 8
105 10
105 23
105 25
105 27
105 36
105 38
105 49
105 54
105 63
105 70
105 74
105 79
105 86
106 1
107 14
107 16
107 18
107 19
108 60
108 64
109 13
109 22
109 25
109 26
109 32
109 38
109 46
109 47
109 51
109 58
109 61
109 66
109 73
109 74
109 77
109 78
109 83
110 2
110 12
111 4
111 12
111 14
111 17
111 24
111 28
111 32
111 35
111 46
111 52
111 56
111 60
111 64
111 65
111 68
111 84
111 91
112 83
112 84
112 94
112 95
112 103
112 105
112 107
112 109
112 112
112 119
112 120
112 124
112 132
112 135
112 140
112 143
112 145
112 146
112 305
112 309
112 315
112 317
112 326
112 327
112 336
112 344
112 345
112 346
112 350
112 352
112 353
113 96
113 99
113 104
113 106
113 115
113 130
113 136
113 154
113 156
113 159
113 162
113 166
113 177
113 178
113 186
113 192
113 193
113 197
113 200
113 207
113 213
114 4
115 10
115 17
115 18
115 30
115 35
115 37
115 49
115 55
116 14
116 18
116 19
116 20
116 157
116 163
116 167
116 173
116 174
116 182
117 102
