1 2
1 3
1 4
1 8
1 16
1 18
1 19
1 33
1 38
2 1
2 8
2 20
2 24
2 32
2 34
2 44
2 53
2 66
2 69
2 80
2 210
2 211
2 219
2 222
2 223
2 233
2 245
2 251
2 253
2 263
2 345
2 349
2 355
2 365
2 367
2 372
2 377
2 380
2 384
2 385
2 390
2 394
2 395
2 398
2 414
2 424
2 425
2 427
3 11
3 12
3 19
3 20
3 29
3 32
3 35
3 36
3 52
3 61
3 63
3 68
3 73
3 77
3 81
3 89
3 90
3 93
3 102
3 106
3 111
3 122
3 127
3 261
3 267
3 274
5 26
5 32
5 46
5 50
5 51
5 61
5 67
5 68
6 1
6 9
6 13
6 14
6 97
6 98
6 102
6 105
6 108
6 122
6 137
6 140
6 151
6 163
6 173
6 174
6 181
6 241
6 258
6 260
6 267
6 268
6 271
7 37
7 45
7 48
7 53
7 55
7 57
7 60
7 83
7 86
7 89
7 94
7 98
7 102
7 116
7 125
7 132
7 138
7 150
8 1
8 3
8 6
8 9
8 13
8 20
8 22
8 24
8 25
8 33
8 36
8 39
8 72
11 34
11 63
11 65
11 68
11 77
11 81
11 82
11 90
11 91
11 93
11 97
11 101
11 106
11 114
11 121
11 122
11 126
11 127
11 128
11 131
11 141
11 146
11 150
11 165
11 172
12 1
12 6
12 9
12 11
12 12
12 15
12 25
12 28
12 29
12 37
12 50
12 54
12 59
12 63
12 75
12 81
12 82
12 86
12 108
12 159
12 161
12 163
12 166
12 175
12 176
12 179
12 182
12 195
12 196
12 197
12 230
12 234
12 235
12 241
12 250
12 257
12 268
12 269
12 272
12 278
12 282
12 288
12 289
12 293
12 300
12 315
12 317
12 324
12 339
12 341
12 344
13 3
13 5
13 8
13 9
13 17
14 2
15 22
15 24
15 26
15 32
15 37
15 38
15 41
15 53
15 57
15 68
15 101
15 103
15 107
15 114
15 115
15 118
15 119
15 144
15 151
15 153
15 154
15 156
15 157
15 160
15 167
15 173
15 196
15 209
15 210
15 212
15 231
15 234
15 236
15 274
15 276
15 277
16 2
16 3
16 9
16 24
16 33
16 34
16 37
16 39
16 47
17 1
17 3
17 15
17 105
17 107
17 109
17 118
17 131
17 132
17 135
17 141
17 164
17 165
17 184
17 185
17 189
17 194
17 198
17 213
17 216
17 217
17 222
17 234
17 257
20 22
20 41
20 43
20 64
20 68
20 80
20 96
20 97
20 101
20 107
20 118
20 120
20 123
20 126
20 132
20 139
20 143
20 175
22 90
23 13
23 20
23 23
25 2
25 4
25 9
25 17
26 8
26 11
26 12
26 15
26 30
26 38
26 50
26 52
26 56
26 57
26 160
26 168
26 171
26 196
26 203
26 208
26 216
26 218
26 223
28 63
28 65
28 76
28 84
28 89
29 7
29 10
29 14
29 24
29 28
29 30
29 32
29 35
29 36
29 82
29 88
29 92
29 97
29 98
29 100
29 104
29 109
29 113
29 115
29 122
29 134
29 141
29 143
29 161
30 6
30 9
30 16
30 23
30 24
30 26
30 48
30 49
30 51
30 59
30 62
30 110
30 113
30 115
30 116
30 122
30 129
30 136
30 176
30 182
30 195
30 203
30 205
30 206
30 213
30 215
30 217
30 230
30 235
30 249
30 256
30 264
30 270
30 273
30 284
30 291
30 292
30 298
30 304
30 330
31 95
31 109
31 112
31 113
31 130
31 133
31 135
31 140
31 149
31 159
31 163
32 4
32 6
32 17
33 3
33 17
33 19
35 21
35 24
35 29
35 70
35 76
35 86
35 95
35 115
35 116
35 175
35 185
35 200
35 203
35 207
35 208
35 213
35 217
35 223
35 227
35 233
35 234
35 242
35 243
35 246
35 247
40 1
40 4
40 23
40 29
41 5
41 23
41 24
41 32
44 8
44 16
44 22
44 26
44 29
44 31
44 34
44 40
44 46
44 52
44 61
45 1
45 3
45 10
46 6
46 8
46 9
46 14
46 28
47 1
47 9
47 10
47 11
47 14
47 15
47 16
47 17
47 24
47 31
47 34
47 51
47 52
47 56
47 64
48 66
48 69
48 102
48 116
48 120
48 129
48 130
48 133
48 147
48 149
48 154
48 167
48 169
48 174
48 177
48 179
48 186
48 192
48 202
48 210
49 3
49 5
49 6
49 9
49 18
49 22
49 31
49 46
49 50
49 54
50 4
50 13
50 15
50 32
50 36
50 38
50 42
50 62
50 67
50 76
50 101
50 110
50 119
50 125
50 127
50 132
50 155
50 162
50 165
50 166
50 168
50 175
50 190
51 65
51 66
51 118
51 129
51 131
51 153
51 156
51 161
51 170
51 175
51 178
51 182
51 187
51 192
51 195
51 196
51 201
51 209
51 214
51 215
51 226
51 230
51 231
51 235
53 9
53 10
53 13
53 17
53 19
53 20
54 9
54 16
55 2
55 5
55 17
55 149
55 151
55 153
55 155
55 295
55 298
55 301
55 303
55 305
55 312
55 314
55 316
55 321
55 322
55 325
55 327
55 331
55 344
55 345
55 364
55 365
55 370
55 379
56 9
56 10
56 16
56 29
57 7
57 14
57 45
58 1
58 10
58 12
58 15
58 21
58 36
58 37
59 3
59 7
59 12
59 18
59 19
59 38
59 47
59 48
59 50
59 51
60 1
60 8
60 11
60 17
60 19
60 43
60 50
60 193
60 198
60 200
60 201
60 203
60 204
60 217
60 223
60 227
60 229
60 236
60 238
60 241
61 22
61 29
61 32
61 33
61 37
61 38
61 40
62 39
62 49
62 51
63 84
63 86
63 89
63 90
63 92
63 102
64 53
64 54
64 60
64 63
64 89
64 95
64 101
64 110
64 115
64 119
64 120
64 121
64 123
64 140
64 148
64 157
64 160
64 164
64 172
64 185
64 186
64 187
64 196
64 197
64 201
64 206
64 210
65 10
65 30
65 38
65 46
65 47
65 49
65 55
65 59
65 64
65 79
65 81
65 83
65 84
65 86
65 91
65 93
65 98
65 99
66 69
66 72
66 78
66 83
66 103
66 105
66 106
66 107
66 114
66 115
66 117
66 119
66 120
66 122
66 125
66 127
66 130
66 135
66 138
66 152
66 153
66 213
67 21
67 28
67 29
67 31
67 39
67 43
67 46
67 50
67 52
67 60
67 62
67 64
67 66
67 67
67 71
67 77
67 84
67 92
67 93
67 153
67 154
67 161
67 166
67 176
67 180
67 185
67 194
67 203
67 206
67 212
67 221
67 223
67 224
67 228
67 237
67 241
67 242
67 243
67 246
67 257
67 260
67 262
67 264
67 281
67 283
67 289
67 290
67 297
68 2
69 22
69 23
69 27
69 41
69 44
69 46
69 58
69 60
69 61
69 72
69 73
69 78
69 80
69 87
69 89
69 90
69 101
69 112
69 121
69 127
69 136
69 143
69 145
69 148
69 280
69 282
69 290
69 292
70 26
70 27
70 37
70 88
70 89
70 93
70 100
72 44
72 52
72 54
72 61
72 67
72 68
72 76
72 79
72 83
72 87
72 88
72 89
72 92
72 113
73 4
73 18
73 21
73 24
73 31
73 34
73 37
73 41
73 159
73 170
73 172
73 173
73 175
73 180
73 184
73 187
74 17
74 21
74 25
74 34
74 36
74 40
74 42
74 49
74 59
74 74
74 79
76 100
76 102
76 115
76 118
76 137
77 1
77 8
77 9
77 15
77 24
77 26
77 28
77 33
77 39
77 58
77 63
77 74
77 76
78 3
78 11
78 12
78 15
78 20
78 24
78 28
78 34
78 37
78 57
78 61
78 67
78 71
78 74
79 13
79 14
79 19
79 24
79 29
79 38
79 40
