2 3
2 5
2 7
2 8
2 9
2 12
2 17
2 20
2 24
2 26
2 33
2 34
2 37
2 39
2 45
2 48
2 51
2 52
2 69
2 70
2 71
2 83
2 85
2 88
2 89
2 94
2 95
2 106
2 108
2 115
2 116
2 131
2 136
2 144
2 156
3 7
3 8
3 11
3 27
3 31
3 42
3 52
3 53
3 57
3 99
3 101
3 102
4 2
4 21
4 22
4 23
4 157
4 158
4 164
4 167
4 170
4 174
4 179
4 184
4 187
4 188
4 190
4 192
4 203
4 206
4 215
4 218
4 282
4 284
4 285
5 21
6 4
6 6
6 9
6 10
6 11
6 19
7 6
7 61
7 68
7 70
7 82
7 97
7 102
7 117
7 122
7 123
7 126
7 127
7 133
7 141
7 148
7 163
7 165
7 169
7 178
8 13
8 16
8 17
8 23
8 30
8 39
9 4
9 8
9 10
9 11
9 12
9 19
10 2
10 3
14 7
14 16
14 22
14 23
14 26
14 47
14 50
14 53
14 59
14 61
14 62
14 64
14 65
14 66
14 68
15 6
15 7
15 14
15 15
15 24
15 37
15 39
15 40
15 177
15 199
15 209
16 3
16 13
17 113
17 128
17 133
17 136
17 141
17 150
17 153
17 155
17 162
17 163
17 167
17 184
17 189
17 193
17 198
17 199
17 201
17 205
17 210
17 220
17 351
17 360
17 363
17 379
17 384
17 389
17 410
17 416
17 438
17 442
17 447
17 452
17 455
17 476
19 2
19 9
20 4
20 10
20 11
20 13
20 15
20 18
20 22
20 37
20 43
20 45
20 48
20 49
20 51
20 52
20 53
20 64
20 81
20 84
20 220
20 226
20 239
21 6
21 12
21 14
21 43
21 47
21 51
21 57
21 61
21 63
21 64
21 70
21 75
21 76
21 100
21 102
21 103
21 111
21 125
22 7
22 11
22 21
22 40
22 83
22 84
22 90
22 95
22 102
22 104
22 111
22 114
22 118
23 1
23 11
23 13
23 15
23 18
23 22
23 28
23 32
23 43
23 45
23 72
23 75
23 77
24 5
24 16
24 19
24 25
24 29
24 30
24 36
24 40
24 43
24 53
24 61
24 69
24 71
24 85
24 87
24 88
24 90
24 94
24 97
24 98
24 105
24 106
24 111
24 120
25 4
25 5
25 17
25 21
25 25
25 26
25 31
25 38
25 41
25 42
26 9
26 13
26 22
26 23
26 32
26 35
26 36
26 41
26 47
26 49
26 55
26 58
26 62
26 67
26 79
26 80
26 85
26 89
26 105
26 115
26 116
26 119
26 126
26 133
26 135
26 145
26 146
26 154
26 165
26 173
26 183
26 188
26 196
26 198
26 202
26 205
26 211
27 3
27 11
27 18
27 19
27 20
27 24
27 26
27 41
27 53
27 56
27 61
27 63
27 68
27 88
27 93
27 106
27 107
27 111
27 114
27 122
27 123
27 124
27 127
27 141
27 144
27 151
27 154
27 155
27 166
27 173
27 174
27 181
27 183
27 196
27 197
27 200
27 204
27 205
27 208
27 212
27 213
27 219
28 21
28 45
28 50
28 51
28 67
28 71
28 76
28 78
28 83
28 85
28 93
28 94
28 99
28 103
28 114
28 116
28 135
28 145
28 151
28 156
28 157
28 219
28 222
28 224
30 46
30 48
30 56
30 71
30 72
32 3
32 6
32 18
32 20
32 26
32 33
32 53
32 54
33 5
33 15
33 16
33 19
33 21
33 30
33 160
33 165
33 199
33 215
33 216
34 2
34 8
34 9
34 21
34 32
34 42
34 44
34 47
34 49
34 53
34 56
34 57
34 59
34 64
34 73
35 10
35 13
35 20
35 25
35 27
35 46
35 52
35 56
35 57
35 63
35 89
35 93
35 94
35 105
35 126
35 142
35 162
35 165
35 169
35 178
35 180
35 185
35 195
35 202
35 209
35 212
35 219
35 220
35 223
35 227
35 229
35 231
35 234
35 237
35 238
35 241
35 244
35 248
35 249
35 250
35 253
35 255
35 256
35 259
35 269
35 270
35 273
35 277
35 278
35 287
35 288
35 295
35 296
35 298
35 300
35 301
35 318
35 326
35 327
36 1
36 3
36 5
36 7
37 5
37 21
37 34
37 44
37 46
37 50
37 51
37 53
37 79
37 86
39 27
39 30
39 35
39 37
39 53
39 60
39 71
39 74
39 77
39 78
39 118
39 127
39 132
39 144
39 185
39 188
39 194
39 197
39 200
39 201
39 202
39 215
39 228
39 234
39 240
40 4
40 8
40 9
40 19
40 24
40 37
40 50
40 56
40 58
40 61
40 62
40 72
40 74
41 2
41 6
41 15
41 16
41 18
41 38
41 41
41 42
41 43
41 44
41 48
41 51
41 53
41 54
41 57
41 62
41 64
41 65
41 68
41 75
41 78
41 79
43 98
43 101
43 104
43 113
43 115
43 125
43 129
43 144
43 147
43 149
43 152
43 158
43 159
43 173
44 89
44 96
44 102
44 105
44 113
44 118
44 124
44 125
44 130
44 134
45 1
45 3
45 10
45 12
45 13
45 20
45 27
45 28
45 31
45 52
45 54
45 69
45 71
45 81
45 86
45 88
45 93
45 108
45 112
45 114
45 122
45 125
45 126
45 130
45 133
45 134
45 135
45 149
45 154
45 156
45 167
45 169
45 183
45 187
45 191
45 192
45 195
45 202
45 210
45 211
45 220
45 225
45 226
45 227
45 229
45 242
45 244
45 251
45 258
45 259
45 267
45 272
45 274
45 275
45 288
45 314
45 446
45 450
46 5
46 16
46 21
46 31
47 77
47 90
47 94
47 101
47 109
47 111
47 123
47 127
47 128
47 130
47 133
47 139
47 142
47 147
47 151
47 161
47 170
47 171
48 25
48 27
48 33
48 38
48 47
48 50
48 93
48 95
49 1
49 2
49 11
49 17
49 18
49 37
49 39
49 48
49 49
49 60
49 71
49 75
49 88
49 94
49 97
49 100
49 102
49 103
52 67
52 70
52 71
52 73
52 76
52 79
52 85
53 6
53 135
53 139
53 143
53 144
53 148
53 149
53 164
53 177
53 178
53 182
53 188
53 192
53 194
53 197
53 199
53 205
54 1
54 12
55 4
55 9
55 46
56 5
56 10
56 16
56 19
56 20
56 154
56 158
57 4
57 18
57 20
57 32
57 63
57 64
57 74
57 106
62 25
62 27
62 28
62 30
62 36
62 39
62 40
62 47
62 51
62 60
62 83
62 85
62 99
62 102
62 104
63 47
63 52
63 53
63 54
63 56
63 57
63 63
63 66
63 67
63 72
63 73
63 75
63 79
63 85
63 100
63 101
63 213
64 43
64 49
64 53
64 68
64 75
64 87
64 93
64 97
64 99
64 102
64 104
64 106
64 113
64 119
64 120
64 123
64 126
64 136
64 143
64 154
64 157
64 158
64 159
64 246
64 261
65 7
65 14
65 15
65 36
66 6
66 12
66 20
66 34
66 45
66 47
67 7
67 20
67 21
67 28
67 34
68 2
68 7
68 8
68 13
68 18
68 19
68 23
68 24
68 38
68 39
68 46
68 48
69 1
69 11
69 16
69 44
70 9
70 13
71 50
71 53
71 68
71 74
71 80
71 89
71 90
72 55
72 117
72 122
72 126
73 6
73 9
73 63
73 70
73 71
73 76
73 79
73 87
73 88
73 90
73 98
73 108
73 117
73 121
73 125
73 137
73 141
73 146
73 149
73 152
73 154
73 162
73 163
73 165
75 1
75 7
76 1
77 6
77 8
77 17
78 84
78 90
78 92
78 97
78 102
78 105
78 111
78 117
78 128
78 146
78 150
78 156
78 186
78 188
78 189
78 198
78 214
78 215
78 218
78 220
78 224
78 231
78 236
78 243
78 244
78 249
78 255
78 256
78 261
79 5
79 60
79 69
79 70
80 1
81 3
81 7
81 8
81 10
82 15
82 17
82 23
84 91
84 92
85 5
85 10
85 29
85 40
85 49
85 56
86 51
86 60
86 199
86 213
86 214
86 220
86 221
86 235
86 248
86 256
86 261
86 270
87 11
87 13
87 25
87 31
87 34
87 40
87 49
88 93
88 113
88 119
88 121
88 123
88 128
88 130
88 134
88 138
88 142
88 147
88 154
88 158
89 6
89 10
89 81
90 31
90 35
90 38
90 42
90 43
90 44
90 46
90 48
90 49
91 3
91 10
92 5
92 8
92 10
92 12
92 18
92 19
92 22
92 26
92 38
92 42
92 43
92 44
92 50
92 54
92 58
92 60
92 72
92 75
92 81
92 90
92 103
