1 4
1 7
2 30
2 42
2 45
2 52
2 53
2 137
2 147
2 153
2 159
2 163
2 166
2 169
2 184
2 203
2 206
2 210
2 217
2 231
3 9
3 10
3 19
3 25
3 27
4 35
4 62
4 71
4 75
4 80
5 5
6 173
6 176
6 183
6 187
8 26
8 43
8 47
9 4
9 44
9 50
9 54
9 55
9 58
9 59
9 60
9 88
9 99
9 102
9 103
9 111
9 112
9 113
9 115
9 119
9 120
14 10
14 11
14 12
14 14
14 19
14 20
14 24
14 33
14 34
14 39
14 45
14 57
14 67
14 72
14 73
14 78
15 9
15 12
15 13
15 16
15 27
15 36
15 97
16 4
16 7
17 8
17 18
17 22
17 152
18 4
18 7
18 19
18 22
18 32
18 33
18 34
18 47
18 58
18 68
18 77
18 80
18 84
18 87
18 88
18 98
18 101
18 113
18 120
18 121
18 122
18 131
18 133
18 142
18 147
18 149
18 153
18 159
18 170
18 172
19 4
19 11
19 16
19 28
19 31
19 37
19 43
19 45
19 48
19 62
19 70
19 74
19 83
19 86
19 87
19 90
19 101
21 3
21 6
21 7
22 8
22 12
22 18
22 20
22 30
23 2
23 4
23 12
23 13
23 24
23 36
23 42
23 43
23 53
23 59
24 113
24 114
24 117
24 122
25 1
25 2
25 4
25 5
25 9
25 12
25 14
25 15
25 16
26 5
26 8
26 25
26 29
27 25
28 1
28 6
28 10
28 40
28 49
28 53
28 57
28 58
28 63
28 66
28 86
28 88
28 89
28 93
28 97
28 108
28 114
28 119
28 128
28 141
28 143
28 145
28 147
28 148
28 158
28 159
28 162
28 164
28 168
29 8
29 12
29 16
29 19
29 35
29 43
29 45
29 51
29 56
29 138
29 142
29 144
29 146
29 161
29 170
29 183
29 214
29 235
29 237
29 238
29 244
29 261
29 263
29 274
29 275
29 303
29 306
29 308
29 311
29 312
29 376
29 380
29 388
29 393
29 394
29 395
29 401
29 404
29 413
30 32
30 40
30 47
30 52
30 53
30 54
30 59
30 60
30 72
30 73
32 11
32 14
32 21
32 23
32 24
32 27
32 36
32 39
32 41
32 47
33 2
33 5
33 7
33 11
33 19
33 24
33 26
34 13
34 15
34 16
34 33
34 34
35 5
35 9
35 14
35 16
35 29
35 38
35 40
35 41
35 49
35 57
35 62
36 2
36 4
36 7
36 11
36 17
36 19
36 26
36 37
36 47
36 61
36 62
36 68
36 70
36 83
36 88
36 142
36 151
36 154
36 156
36 160
36 162
37 3
37 5
37 25
39 2
39 5
39 18
39 21
39 28
39 29
39 65
39 91
39 99
39 101
39 233
39 237
39 242
39 259
39 266
39 268
39 271
39 275
39 277
39 285
39 286
39 292
39 296
39 299
39 301
39 303
39 309
39 325
39 326
39 331
39 350
39 354
39 361
39 363
39 377
39 385
39 391
39 393
39 409
39 425
39 429
39 432
40 1
40 8
40 9
41 16
41 66
41 196
41 197
41 198
41 199
41 202
41 209
41 217
41 220
41 223
41 224
41 225
41 228
41 254
41 272
41 277
41 280
42 1
42 10
42 12
42 18
42 24
42 25
42 26
42 38
42 48
43 2
43 3
43 4
43 6
44 12
44 21
44 29
44 32
44 39
44 45
44 47
44 70
44 77
44 81
44 87
44 89
44 113
44 117
45 109
45 111
47 33
47 35
47 39
47 54
47 66
47 90
47 104
47 106
47 112
47 119
47 140
47 142
47 143
47 146
47 154
47 156
49 18
49 30
49 31
49 38
49 42
49 76
49 88
49 93
49 105
51 91
51 95
51 97
51 102
51 111
51 113
51 120
51 125
52 1
52 6
52 14
52 16
52 19
52 23
52 29
53 25
53 31
53 37
54 5
54 7
54 19
54 31
54 42
54 48
55 1
56 6
56 30
56 39
56 41
57 63
57 78
57 161
57 163
57 170
57 175
57 181
57 184
57 185
57 191
57 193
58 97
58 100
58 133
58 155
58 156
60 8
60 12
60 16
60 20
60 25
60 26
60 29
60 31
60 37
60 47
60 53
60 56
60 60
60 63
60 74
60 87
60 88
60 90
60 96
60 106
60 115
60 121
60 126
60 130
60 144
60 154
60 174
60 178
60 186
60 195
60 200
61 143
61 145
63 34
63 35
63 37
63 39
64 9
64 10
64 11
64 92
64 96
64 99
64 101
65 4
65 8
66 66
66 67
67 2
67 13
67 17
67 18
67 25
67 29
67 35
68 31
69 12
69 14
69 23
69 30
69 31
69 36
69 39
69 41
69 64
69 69
69 70
69 77
70 1
70 7
70 16
70 19
72 1
72 5
72 10
72 11
72 16
72 31
72 37
72 41
72 48
72 55
72 57
72 171
72 172
72 177
73 30
73 31
73 32
73 36
73 37
73 40
74 6
74 7
74 43
74 48
74 55
75 1
75 5
75 8
75 9
75 13
75 16
75 29
75 165
75 168
75 170
76 13
76 19
76 21
76 22
76 25
76 45
76 51
76 127
76 134
76 139
76 141
76 168
76 169
76 181
76 184
76 186
76 197
76 198
76 201
76 204
76 241
76 250
76 253
76 257
76 262
76 277
76 281
76 286
76 294
76 300
76 306
76 312
76 315
76 316
76 322
76 364
76 367
78 102
78 104
78 107
78 113
79 5
79 8
79 9
79 17
79 18
79 22
79 30
79 33
79 34
79 35
79 46
79 55
79 56
79 77
79 89
79 95
79 100
79 102
79 103
79 108
79 117
79 121
79 131
79 135
79 153
79 166
80 1
80 3
80 4
82 57
82 58
85 26
85 28
85 33
85 36
85 52
85 56
85 59
85 60
85 63
85 64
85 65
85 69
85 70
85 80
86 1
86 8
86 9
86 13
86 17
86 20
86 26
86 32
86 35
86 46
86 47
86 115
87 16
87 18
88 3
88 9
89 4
89 6
90 28
90 32
90 33
90 36
90 43
90 44
90 45
91 38
91 47
91 52
91 59
91 64
91 71
91 73
91 79
91 80
91 84
91 85
91 87
91 92
91 94
91 96
91 97
91 103
91 104
92 1
92 3
95 77
95 78
95 91
95 97
95 106
95 109
95 115
95 118
95 140
95 144
95 146
95 150
95 169
95 178
95 182
95 199
95 205
95 207
95 213
95 217
95 223
95 227
95 232
95 233
96 60
96 61
96 62
96 69
96 71
96 138
96 148
98 31
98 42
99 57
99 65
99 66
99 74
99 79
99 82
99 84
99 85
99 89
101 1
101 5
104 3
104 9
104 14
104 15
104 43
