1 1
1 2
2 1
2 6
2 15
2 53
3 5
3 6
3 7
3 9
3 18
4 2
4 7
5 1
5 12
5 17
5 25
5 33
5 36
5 40
5 41
5 44
5 59
5 61
5 62
5 69
5 70
5 71
5 82
5 83
5 91
5 100
5 103
5 109
5 111
6 3
6 4
6 11
6 91
6 98
6 100
6 111
6 117
6 120
6 143
6 159
6 161
6 170
6 171
6 175
6 179
6 187
6 192
6 194
6 208
6 210
6 218
6 225
6 245
6 249
6 250
6 263
7 1
7 3
7 5
7 6
7 10
7 11
7 14
7 17
7 30
7 31
7 35
7 41
9 18
9 22
9 24
9 31
9 36
10 2
10 14
10 16
10 24
10 25
10 30
10 34
10 44
10 60
10 71
11 5
11 10
11 13
11 16
11 24
11 35
12 9
12 11
16 55
16 57
16 199
16 211
16 229
16 230
16 335
16 345
16 351
16 355
16 361
16 362
16 370
17 3
17 6
17 21
17 32
17 34
18 55
18 58
18 80
18 88
18 96
18 100
19 6
19 8
19 11
19 14
19 15
19 25
20 3
20 6
21 3
21 5
21 7
21 8
22 2
22 3
23 2
23 3
23 9
23 14
23 32
23 35
23 43
23 59
24 3
24 12
24 16
24 17
24 23
24 32
24 36
24 40
24 42
24 44
24 48
24 50
24 54
24 67
24 70
25 13
26 8
26 10
27 14
27 18
27 21
27 31
27 33
27 34
27 38
27 48
27 49
27 50
28 72
28 75
28 80
28 85
28 89
28 91
28 96
28 98
28 100
28 101
28 102
28 108
28 111
28 114
28 115
28 122
28 132
28 134
28 138
28 148
28 152
28 156
28 158
28 169
28 170
28 179
28 185
28 192
28 195
28 203
28 206
28 208
28 211
28 228
28 233
28 235
28 237
28 239
28 245
28 248
28 253
28 255
28 266
28 270
29 6
29 9
29 12
29 22
29 25
29 26
29 36
29 39
29 40
29 67
29 69
29 73
29 82
29 88
29 91
29 92
30 8
30 15
30 23
33 11
33 23
33 28
34 4
34 5
34 7
34 13
35 136
35 138
35 141
35 142
35 146
35 149
36 13
36 20
37 110
37 111
37 113
37 120
37 137
37 138
37 143
38 4
38 8
38 10
38 11
38 17
38 19
38 24
38 28
38 32
38 33
38 37
38 38
38 52
38 56
38 58
38 61
38 73
38 75
38 77
38 83
39 4
39 18
39 19
39 22
39 25
40 12
41 4
41 57
41 64
41 66
41 72
41 77
41 78
41 85
41 92
41 98
41 112
41 129
41 136
41 141
41 146
41 149
41 155
41 156
41 157
41 158
41 163
41 168
41 173
41 314
41 315
41 318
41 323
41 324
41 332
41 334
42 63
42 65
42 68
42 79
42 85
42 92
42 95
42 103
42 109
42 111
42 113
42 120
42 121
42 123
42 131
42 132
42 134
44 2
44 8
45 182
45 189
45 208
45 210
45 218
47 23
47 25
47 30
47 33
47 43
47 47
47 50
47 56
47 60
47 69
47 72
47 75
47 79
47 83
47 87
47 89
47 90
47 113
47 119
47 130
47 139
47 147
47 148
47 166
47 167
47 199
47 200
47 201
47 208
48 3
48 9
48 12
48 29
48 32
48 43
48 45
48 49
48 51
48 60
48 83
48 107
48 116
48 130
48 148
49 6
49 10
49 20
49 21
49 27
49 57
49 62
49 72
49 75
49 76
49 78
49 101
49 105
49 129
49 142
49 158
49 180
49 183
49 193
49 202
49 212
49 217
49 225
49 227
49 228
50 1
50 13
52 79
52 87
52 96
52 104
52 113
52 124
52 166
52 168
52 172
52 220
52 230
52 231
52 232
52 234
52 240
52 242
52 256
52 257
52 264
52 272
52 276
52 278
52 287
52 294
52 295
52 302
52 305
52 348
52 351
52 353
52 354
52 356
52 358
52 359
52 375
54 25
54 28
54 36
54 37
54 41
54 42
54 46
54 57
54 63
54 70
54 72
54 78
54 84
54 93
54 94
54 106
54 118
54 129
54 137
54 138
54 139
54 141
54 143
54 145
54 147
54 150
54 154
54 164
54 175
54 184
54 185
54 187
54 201
54 207
54 209
54 210
54 216
54 217
54 221
54 230
54 236
54 238
54 245
54 248
54 251
54 253
54 256
54 263
54 395
54 405
56 65
57 1
57 11
58 9
58 15
58 22
58 24
58 25
58 31
58 34
58 41
58 52
58 59
58 62
58 63
58 86
59 4
59 11
59 36
59 41
59 46
59 66
59 71
59 72
59 75
59 83
59 93
59 103
59 105
59 106
59 108
59 110
59 115
59 121
59 125
59 128
59 131
59 138
59 146
59 154
59 156
59 163
59 164
59 168
59 171
61 1
61 12
61 19
61 22
61 23
61 41
61 42
61 46
61 49
61 60
61 61
61 75
61 78
61 81
61 106
61 116
61 246
61 259
61 264
61 268
61 276
61 293
61 300
62 1
62 5
62 11
62 13
62 16
62 17
62 30
62 35
62 37
62 45
62 48
62 49
62 53
62 54
63 61
63 65
63 71
63 82
63 83
63 88
63 89
63 104
63 107
64 94
65 7
65 13
65 14
65 26
65 30
65 46
65 51
65 53
65 64
65 69
65 71
65 81
65 82
65 83
65 85
65 94
65 99
65 100
68 38
68 44
68 95
68 100
68 101
68 103
68 105
68 114
68 116
68 127
69 105
69 106
69 107
69 119
69 127
69 130
69 140
69 142
69 147
69 164
69 176
69 177
69 199
69 202
69 211
69 213
69 215
69 223
69 224
69 242
70 4
70 5
70 10
70 14
70 18
70 21
70 30
70 35
71 9
71 13
71 14
71 30
71 31
71 38
71 39
71 42
71 45
71 47
71 48
71 51
71 55
72 12
72 21
72 25
72 38
72 41
72 49
72 52
72 54
72 56
72 71
72 72
72 74
72 83
72 88
72 90
74 14
74 15
75 19
75 20
75 23
76 12
76 14
76 21
76 25
76 28
76 50
76 52
76 56
76 64
76 71
76 81
76 163
76 166
76 172
76 176
76 177
76 184
76 188
76 198
76 204
76 208
76 209
76 215
76 221
76 225
76 226
78 26
78 29
78 32
78 34
78 42
78 46
78 131
78 153
78 155
78 166
78 170
78 171
78 174
78 175
78 176
78 190
78 202
78 216
78 222
78 231
78 243
78 244
78 245
78 256
78 260
78 261
78 263
78 271
78 272
78 277
78 280
79 13
79 15
79 19
79 23
79 29
79 30
80 17
80 27
81 121
82 9
82 12
82 35
82 37
82 43
82 44
84 23
84 48
84 61
84 63
84 64
84 65
84 78
84 87
84 93
84 99
84 107
84 121
84 124
84 130
84 137
84 152
84 162
84 163
84 165
84 166
84 167
84 169
84 175
84 181
84 190
84 203
84 204
84 211
84 213
85 5
85 18
85 20
87 1
87 2
87 7
87 15
87 19
87 23
87 32
88 33
88 42
88 43
88 49
88 54
88 63
88 77
88 90
88 98
88 108
88 112
88 127
88 134
88 136
88 138
88 139
88 152
88 161
88 170
88 172
88 173
88 174
88 185
88 192
88 194
88 222
88 230
89 4
89 83
89 84
90 39
91 10
91 13
91 16
91 20
91 28
91 41
91 44
91 46
91 49
92 8
92 18
92 20
92 21
92 27
92 29
92 30
92 37
92 39
92 42
92 44
92 47
92 48
93 2
93 7
93 9
93 17
93 27
94 1
94 7
94 9
94 12
94 18
94 19
94 24
94 26
94 29
95 2
95 6
95 11
95 24
95 30
95 40
95 43
95 44
95 46
95 47
95 51
95 59
95 60
95 65
95 70
95 80
95 82
95 92
95 95
95 101
95 102
95 127
95 132
95 136
95 139
95 142
97 18
97 39
97 45
97 48
97 49
97 58
97 59
97 70
99 73
99 74
99 76
99 82
99 84
99 86
99 87
99 105
99 112
99 125
99 133
99 134
99 138
99 145
