1 12
1 28
2 2
2 16
2 37
2 39
2 52
2 53
2 57
2 73
2 84
2 85
2 87
2 90
3 2
3 6
3 10
3 13
3 14
4 1
4 9
4 22
4 23
4 34
4 36
4 43
4 47
4 52
4 56
4 58
4 65
4 74
4 75
4 89
4 90
4 104
4 114
4 121
4 128
4 142
4 150
4 152
4 157
4 158
4 160
4 164
5 31
5 32
6 3
6 7
6 11
7 6
7 10
7 14
7 17
7 19
7 22
7 24
7 25
7 28
7 34
7 35
7 36
8 4
8 7
8 18
8 22
9 6
9 9
9 11
9 16
9 20
9 27
9 35
9 37
9 46
9 57
10 10
10 20
10 22
10 28
10 35
10 37
10 43
10 45
10 46
11 2
11 3
11 7
11 13
11 19
11 21
11 27
12 43
12 49
12 56
12 61
12 63
12 65
12 80
12 86
12 92
12 94
12 100
12 102
12 106
13 16
13 22
13 30
13 31
13 32
13 33
13 37
13 40
13 41
14 4
14 5
14 15
14 20
14 21
14 25
14 30
14 32
14 161
14 165
14 168
14 175
14 184
14 199
14 204
14 205
14 206
14 209
14 224
14 232
15 7
15 23
16 1
16 8
16 21
17 2
17 13
17 24
17 36
17 39
17 45
17 46
17 51
17 55
17 66
17 69
17 74
17 92
17 96
17 114
17 123
19 20
19 23
20 1
20 22
20 24
20 27
20 35
20 37
20 49
20 68
20 78
20 79
20 87
20 90
20 91
20 92
20 95
20 104
20 105
20 113
20 114
20 158
20 160
20 162
20 171
21 9
21 11
22 6
22 8
22 11
22 12
22 14
22 17
22 23
22 33
22 37
22 39
22 40
22 54
22 65
22 69
22 76
22 87
22 90
22 93
22 104
22 115
22 122
22 135
22 137
22 138
22 145
22 153
22 164
22 167
22 173
22 200
22 211
22 218
22 220
22 222
22 223
22 228
22 236
22 241
22 242
24 1
24 9
24 21
24 30
24 32
24 42
24 46
24 49
24 54
24 57
24 64
24 70
24 71
24 75
24 80
24 81
24 92
24 95
24 103
24 117
24 119
24 123
24 133
24 134
24 145
24 147
24 148
24 151
24 152
24 154
24 157
25 11
25 12
25 15
25 22
25 29
25 39
25 45
25 46
25 52
25 53
25 58
25 64
25 65
25 66
25 68
26 8
26 10
26 14
26 15
26 17
26 21
26 23
26 27
26 28
26 39
26 40
27 32
27 33
27 39
27 41
27 48
27 53
27 62
27 66
27 70
27 78
27 80
27 83
27 90
27 92
27 96
28 34
28 44
28 46
28 47
28 50
28 60
28 64
29 35
29 48
29 49
29 67
29 78
29 90
29 96
30 32
30 37
30 50
30 57
30 58
30 60
31 4
31 5
31 6
31 11
31 30
31 35
31 41
31 42
31 44
31 51
31 58
31 71
31 94
32 2
33 13
33 21
33 26
34 20
35 40
35 48
35 51
36 8
36 12
36 22
36 30
36 33
36 38
36 40
37 18
37 22
37 24
37 31
37 32
38 2
38 13
38 18
38 21
38 23
38 30
38 32
38 61
38 62
38 66
38 67
39 6
39 12
39 14
39 20
39 25
39 41
39 46
39 47
39 50
39 60
39 61
40 5
40 13
40 15
40 20
40 29
41 21
41 25
41 31
41 84
41 85
41 90
41 94
42 4
42 7
42 10
42 11
43 5
44 3
44 19
44 24
44 35
44 36
44 42
44 50
44 53
44 55
44 56
44 58
44 60
44 61
44 62
45 40
45 41
45 44
46 26
46 34
46 36
46 41
46 45
46 49
46 50
46 53
47 6
47 7
47 10
47 22
47 23
47 48
47 52
47 57
47 109
47 128
47 135
47 136
47 149
47 150
47 159
47 163
47 189
47 201
47 214
47 294
47 295
48 2
48 18
48 23
48 29
48 162
48 175
48 181
48 182
48 183
48 186
49 1
49 2
49 16
49 65
49 71
49 78
49 79
49 81
49 88
49 91
49 103
51 39
51 41
51 42
51 48
51 50
51 52
51 53
51 54
51 58
51 68
51 75
51 79
52 34
52 38
52 42
53 5
55 8
55 9
55 13
55 21
55 26
55 30
55 32
55 44
55 46
55 52
55 58
56 5
56 11
56 12
56 20
56 23
56 46
56 47
58 2
58 5
58 8
58 39
58 41
58 42
58 48
58 52
58 55
58 59
58 60
58 72
58 82
58 83
59 11
60 4
60 7
60 9
60 21
60 40
60 59
60 63
60 66
60 68
60 71
60 73
61 7
61 8
61 10
61 39
62 8
63 14
63 30
63 31
63 38
63 39
63 43
63 50
63 62
63 73
65 30
65 46
65 58
65 68
65 71
65 77
66 5
66 6
66 8
66 13
66 20
66 26
66 40
66 42
66 45
66 52
66 68
66 78
66 80
66 82
66 84
66 93
66 107
66 111
66 118
66 123
66 138
66 145
66 158
66 162
66 165
66 168
66 180
68 8
68 11
68 23
68 25
68 28
68 30
68 33
69 10
69 19
70 5
70 8
70 13
70 16
70 27
70 31
70 33
70 34
70 36
70 38
70 45
70 58
70 65
70 94
70 97
70 103
70 105
70 114
70 120
71 2
71 3
71 5
71 12
71 16
71 18
71 25
71 36
71 37
71 46
72 3
72 12
72 14
73 20
73 29
73 33
73 35
73 36
74 2
74 6
74 14
74 17
74 20
74 25
74 26
74 29
74 30
74 36
74 39
74 47
74 57
74 65
74 67
74 69
75 1
75 2
76 4
76 5
76 13
76 63
76 66
76 78
76 91
76 92
76 93
76 98
76 111
76 112
76 124
76 132
76 135
76 140
76 152
76 153
76 158
76 165
76 168
76 171
77 1
77 11
77 18
77 25
77 28
77 29
77 49
77 55
77 64
77 65
77 78
77 83
77 87
77 92
77 96
77 97
77 103
77 104
77 235
77 246
77 260
77 264
77 267
77 269
77 272
77 273
77 275
77 293
77 294
77 302
77 333
77 334
78 1
79 10
79 12
79 21
79 28
79 29
79 33
79 73
79 75
79 80
79 92
79 95
79 99
79 102
80 5
81 29
81 32
81 39
81 47
81 52
81 60
81 66
81 70
81 71
81 73
81 75
81 83
81 88
81 92
81 97
81 106
81 127
81 129
81 135
81 139
81 143
81 150
81 155
81 156
81 162
81 171
81 192
81 194
81 195
82 6
82 123
82 131
82 138
82 144
82 146
82 148
82 152
82 156
82 160
82 162
82 163
82 176
82 177
83 11
83 17
83 42
83 48
83 50
83 58
83 63
83 68
83 71
83 82
83 88
83 101
83 102
83 103
83 123
83 147
84 7
84 36
85 27
85 83
85 84
85 89
86 10
86 14
86 20
86 22
86 23
86 33
86 34
87 2
87 3
88 2
88 7
88 28
88 31
88 32
88 42
88 43
88 57
89 4
89 8
89 10
89 11
89 19
89 21
89 27
89 57
89 59
89 60
89 61
89 62
89 67
89 73
89 90
89 93
90 4
90 21
90 43
90 49
90 50
90 51
90 55
90 60
90 67
90 69
90 70
90 71
90 83
90 84
90 99
90 100
90 102
90 104
90 106
90 118
90 121
90 128
90 129
90 130
90 153
90 157
90 168
91 2
91 11
91 17
91 29
91 35
91 36
91 38
91 41
91 49
91 53
91 64
91 70
91 102
91 105
91 107
91 114
91 123
92 2
92 8
92 14
92 15
92 29
92 35
92 40
92 49
92 52
92 54
92 55
92 67
92 73
92 86
94 4
94 7
94 136
94 137
94 138
94 139
94 143
95 45
95 50
95 56
95 60
95 63
95 143
95 150
95 151
95 159
95 172
95 173
95 175
95 178
95 281
95 294
96 45
96 46
96 52
96 55
96 56
96 64
96 69
96 73
96 80
96 81
96 84
96 85
96 90
96 93
96 94
96 106
96 109
96 112
96 125
96 131
96 133
96 134
96 137
96 139
96 145
96 148
96 149
96 163
98 20
98 49
98 56
98 59
98 62
98 76
98 111
98 112
98 124
98 126
98 127
98 134
98 143
98 154
98 157
98 189
98 199
98 201
98 203
98 205
98 211
98 212
98 216
98 234
98 252
98 261
98 265
98 266
98 291
98 308
98 317
98 325
98 385
98 387
98 399
98 400
98 402
98 406
98 408
98 413
98 422
98 437
98 438
98 443
98 444
98 446
98 449
98 454
98 472
98 473
98 476
99 11
99 41
99 43
99 49
99 56
99 57
99 80
99 222
99 226
99 228
99 234
99 241
99 246
99 258
99 263
99 274
99 277
99 278
99 285
99 289
99 290
99 294
99 298
99 307
100 10
100 11
100 18
100 19
100 29
100 158
100 166
100 170
100 174
102 35
102 38
102 41
105 19
105 20
105 41
105 46
106 8
106 9
106 16
106 33
106 38
106 40
106 42
106 49
107 1
107 6
108 3
108 12
108 27
108 139
109 5
109 7
109 14
109 22
109 24
109 29
109 32
