1 7
1 12
1 18
1 23
1 26
1 28
6 7
6 8
7 12
7 14
7 20
7 21
7 31
7 32
7 33
7 37
7 38
7 43
7 44
8 11
8 13
8 17
8 22
8 42
8 45
8 48
11 54
11 56
11 62
11 72
11 73
11 77
11 78
11 90
11 92
11 94
11 97
11 98
11 107
11 109
11 111
11 114
11 117
11 128
12 53
12 54
12 57
12 58
12 65
12 75
12 102
12 114
12 117
12 120
12 124
12 125
12 131
13 9
13 14
13 16
13 17
13 26
13 36
14 6
14 9
14 15
14 17
14 27
14 28
14 34
14 36
14 43
14 47
14 55
14 59
14 65
14 77
14 80
14 81
14 91
14 96
15 5
15 11
15 15
15 74
15 81
15 89
15 94
15 108
15 142
15 147
16 7
16 8
16 19
16 22
16 41
16 43
16 57
16 60
16 67
16 79
16 80
16 81
16 87
16 90
16 94
16 96
16 97
16 104
16 106
16 114
17 2
17 13
17 18
17 25
17 40
17 52
17 57
17 58
17 61
17 68
17 76
17 86
19 5
19 6
19 7
19 10
21 64
21 67
21 73
21 77
21 90
21 110
21 112
21 113
21 115
21 116
21 117
21 119
21 126
21 137
21 197
21 203
21 205
21 206
22 8
22 10
22 14
22 31
22 32
22 36
22 53
22 54
22 56
22 59
23 1
24 1
24 5
24 11
24 12
24 14
24 15
24 16
24 17
24 18
24 19
24 20
24 21
24 73
24 76
24 89
24 226
24 251
24 253
24 254
24 256
24 258
24 269
24 270
24 290
24 297
24 299
24 300
24 305
24 307
24 310
24 313
24 315
24 321
24 322
24 330
24 379
24 388
25 131
25 133
25 146
25 147
25 151
25 152
25 155
25 156
25 160
25 165
25 167
25 169
25 177
25 191
25 192
25 211
26 53
26 192
27 3
27 5
27 17
27 18
27 19
27 22
27 27
27 30
27 59
27 60
27 62
27 84
27 86
28 28
28 30
28 38
28 41
28 89
28 95
30 101
30 141
30 152
30 153
31 2
32 7
32 8
32 16
33 2
33 5
33 11
34 1
34 7
34 8
34 12
34 15
35 4
36 5
36 9
36 30
36 47
36 53
36 56
36 64
36 65
36 77
36 79
36 81
36 84
36 95
36 102
36 115
36 116
36 118
36 119
36 121
36 132
36 137
36 138
36 139
37 30
37 43
38 12
38 21
38 24
38 25
38 31
38 35
38 39
38 42
38 49
38 58
38 62
38 68
38 70
38 72
38 82
38 83
38 91
38 95
38 107
38 111
38 112
38 115
38 119
38 123
38 124
38 131
38 150
38 163
38 169
38 183
38 185
38 192
38 193
38 239
38 247
38 249
38 253
38 264
38 265
39 9
39 14
40 17
40 19
40 27
40 30
40 33
40 36
40 42
40 44
40 51
40 53
40 74
40 85
40 106
40 107
40 113
40 116
40 122
40 124
40 126
40 132
40 151
40 160
40 163
40 165
40 167
40 174
40 179
40 181
40 185
40 194
40 195
40 199
40 200
40 201
40 224
40 226
40 227
40 313
40 321
40 325
42 61
42 62
42 63
42 64
42 66
42 67
42 69
42 70
42 72
42 76
42 84
42 86
42 90
42 128
42 133
42 136
42 137
42 138
42 158
42 164
42 178
42 184
42 191
42 196
42 230
42 244
42 255
42 275
42 277
42 298
42 300
42 305
42 308
42 314
42 318
42 321
42 323
42 324
42 325
43 2
43 4
43 5
43 6
43 12
43 105
43 108
44 6
45 32
45 35
45 60
46 3
46 5
46 14
46 19
46 33
46 36
46 41
46 42
46 45
46 48
46 56
46 62
46 65
46 84
46 92
46 101
46 106
46 109
46 113
46 116
46 120
47 53
48 71
48 73
48 84
48 93
48 94
48 97
48 98
48 101
48 106
48 108
48 109
48 118
48 120
48 132
48 134
48 136
48 137
48 139
48 142
48 148
48 151
48 152
48 164
48 173
48 194
48 198
48 208
48 209
48 213
48 226
48 234
48 235
48 241
48 247
49 42
49 43
49 44
49 61
49 65
49 67
49 70
49 76
49 88
49 111
49 114
49 117
49 126
51 1
51 7
51 14
51 16
51 18
51 22
51 26
51 27
51 31
51 38
51 46
51 54
51 57
52 143
52 165
52 167
52 178
53 10
53 14
53 18
53 33
53 43
53 56
53 59
53 64
54 124
54 126
54 127
54 129
54 139
54 146
54 149
54 150
54 152
55 23
55 27
55 41
56 1
56 10
56 20
56 36
56 52
56 53
56 56
56 65
57 22
57 30
57 36
57 42
58 1
58 4
58 13
58 17
58 24
58 26
58 32
58 42
58 43
58 50
58 52
58 60
58 63
58 65
58 66
58 70
58 84
58 88
58 91
58 100
58 110
58 118
58 119
58 127
59 4
59 12
59 13
59 19
59 44
59 47
59 52
60 2
61 2
61 12
61 25
61 27
61 35
61 41
61 48
61 55
61 64
61 68
61 80
61 83
61 88
61 94
61 95
61 99
61 101
62 1
62 2
62 4
62 13
62 17
64 81
64 94
64 99
64 102
64 103
64 117
64 121
64 138
64 172
64 182
64 188
64 191
64 192
64 195
64 197
64 205
64 214
64 225
64 226
66 127
66 128
66 137
66 139
66 160
66 163
66 172
66 174
66 179
66 181
66 184
67 1
67 5
67 10
67 12
67 20
67 24
67 32
68 60
69 2
69 11
69 14
69 15
69 25
69 29
69 38
69 41
69 45
69 56
69 57
69 62
69 198
69 210
69 212
69 214
70 57
70 58
70 61
70 64
70 68
70 69
70 78
70 81
70 83
70 94
70 109
70 110
70 111
70 117
70 125
70 132
70 135
70 146
70 157
70 168
70 173
70 181
70 193
70 199
70 211
70 212
70 213
70 220
70 226
70 229
70 234
70 244
70 249
70 258
70 265
70 273
70 282
71 2
71 6
71 10
71 13
71 14
71 18
71 29
71 30
73 40
73 42
74 11
74 26
74 32
74 46
74 47
74 50
74 56
74 60
74 66
74 73
74 203
74 207
74 208
74 226
75 7
75 8
75 10
75 21
75 24
76 1
76 51
76 54
76 57
76 64
76 68
76 71
76 74
76 76
76 77
76 91
76 92
76 95
76 102
76 104
76 105
76 106
76 122
76 123
76 127
76 130
76 146
76 151
76 153
76 156
76 167
76 169
76 170
76 172
76 178
76 180
76 189
76 192
76 193
76 204
76 209
76 318
76 330
76 340
76 346
76 354
76 355
76 356
76 367
78 26
78 34
78 37
78 65
78 77
78 81
78 88
78 91
78 98
78 100
78 101
82 9
82 11
82 16
82 19
82 20
82 25
82 32
82 33
82 42
83 35
83 36
83 37
84 1
84 6
84 9
84 17
84 19
84 21
84 25
84 28
87 18
87 43
87 58
87 60
87 71
87 73
87 80
87 91
88 36
88 40
88 47
90 33
90 35
90 37
90 47
90 55
90 56
90 60
90 61
90 68
90 69
90 72
90 98
91 8
91 12
91 13
91 14
91 17
91 35
91 40
91 43
91 46
91 49
91 53
91 58
91 64
91 65
91 71
91 76
91 86
92 6
92 12
92 26
93 22
94 1
94 5
94 6
94 7
94 8
94 11
94 20
94 25
94 28
94 31
95 1
95 7
95 14
95 29
95 49
95 53
95 55
95 57
95 65
95 72
95 77
95 82
97 29
97 33
97 34
98 1
98 3
98 4
98 13
98 24
98 34
98 36
98 70
98 84
98 89
98 92
98 100
98 103
98 112
98 114
100 25
100 30
100 46
101 3
101 4
101 14
101 20
101 23
101 27
101 31
101 38
101 52
101 53
101 58
101 59
101 65
101 68
101 69
102 2
102 6
102 16
102 25
102 27
102 39
102 47
102 49
102 59
102 60
102 62
103 11
