1 8
1 11
1 12
2 133
2 135
2 138
2 142
2 143
2 144
2 151
2 154
2 155
2 170
2 171
2 181
2 184
2 186
2 187
2 188
3 100
3 102
3 111
4 44
4 54
4 64
4 68
4 71
4 96
4 97
4 99
4 102
4 109
4 125
4 129
4 135
4 140
4 168
4 175
4 176
4 178
4 183
5 6
5 8
5 17
7 26
7 30
7 36
7 43
7 44
8 12
10 64
10 67
10 69
10 78
11 9
11 29
13 9
13 20
13 21
13 29
14 5
14 6
14 15
14 17
14 22
14 29
14 40
14 51
14 55
14 56
14 68
14 69
14 72
15 1
15 6
15 8
16 6
16 7
16 8
16 34
16 36
16 37
16 44
16 45
18 5
19 2
19 3
19 11
19 21
19 23
19 25
19 32
19 36
19 37
19 49
19 50
19 52
19 61
19 65
19 71
19 72
19 74
19 78
19 83
19 93
21 8
21 9
22 4
22 5
22 12
22 73
22 74
22 75
22 88
22 90
22 91
23 1
25 1
25 5
25 9
25 12
25 16
25 21
25 22
25 33
25 36
25 44
25 47
25 48
25 50
25 52
25 57
27 1
27 4
27 9
27 12
28 2
28 9
28 12
28 13
28 24
28 26
28 28
28 29
28 43
28 44
28 45
28 47
28 52
31 4
31 12
31 13
31 15
31 23
31 38
31 41
32 9
32 25
32 41
32 42
33 2
33 3
34 2
34 6
34 11
34 28
34 32
34 34
34 36
34 39
34 46
34 56
34 60
34 68
34 76
34 82
34 97
34 98
34 102
34 104
34 106
34 114
34 121
34 122
34 133
34 145
34 156
34 157
35 8
35 11
35 13
35 23
36 1
36 2
36 4
36 5
36 21
36 24
36 28
36 32
36 34
36 47
36 57
36 61
36 67
36 71
36 161
36 163
36 165
36 167
36 171
36 175
39 25
39 27
39 28
39 32
39 37
39 46
39 50
39 52
39 59
39 67
39 69
39 74
39 80
39 81
39 82
39 83
39 90
39 93
39 95
39 96
39 99
39 100
39 119
39 126
39 144
39 151
39 180
39 182
39 183
39 201
40 3
40 7
41 5
41 13
41 39
41 44
41 100
41 104
41 110
41 130
41 132
41 134
41 138
42 1
42 15
42 19
42 21
42 35
42 40
42 50
42 63
42 71
42 83
42 90
42 95
42 104
42 108
42 112
42 114
42 117
42 121
42 142
42 157
42 159
42 174
42 177
42 212
42 224
44 10
44 16
44 21
44 36
44 38
46 16
46 20
46 29
46 31
46 34
46 36
46 39
47 87
48 7
48 13
48 16
48 17
48 19
48 20
48 68
48 102
48 105
48 107
48 108
48 112
48 118
48 132
48 133
48 135
48 142
48 144
48 149
49 6
49 8
49 14
49 15
49 20
49 27
49 33
49 38
49 40
49 41
49 42
49 48
49 54
49 57
49 66
49 148
50 2
50 6
50 7
50 12
50 25
50 27
50 28
50 31
51 1
51 22
51 24
51 38
51 46
51 47
51 49
51 52
52 1
52 6
53 98
53 104
53 108
53 112
53 121
53 125
53 127
53 130
53 138
53 143
53 158
53 160
53 169
53 171
53 175
53 183
53 188
53 189
53 198
53 219
53 221
53 222
54 12
54 18
54 20
54 27
54 29
54 31
54 39
54 48
54 50
54 58
54 64
54 66
54 72
54 74
54 88
54 102
54 132
54 137
54 173
54 184
54 187
54 188
54 197
54 198
54 205
54 208
54 215
55 2
55 5
55 7
55 12
55 16
55 22
55 28
55 29
55 34
55 41
55 47
56 3
58 58
58 63
58 72
58 78
58 99
58 100
58 101
58 105
58 107
58 109
58 114
58 118
58 129
58 156
58 157
58 207
58 208
58 212
58 215
58 226
58 228
58 237
58 239
59 2
59 4
60 7
60 17
60 29
60 36
60 39
60 42
61 4
62 6
62 7
62 17
63 114
63 120
63 122
63 124
63 134
64 5
64 6
64 11
64 18
64 23
64 34
64 37
64 38
64 49
65 3
65 8
65 9
65 11
65 15
65 18
65 24
68 3
68 8
69 54
69 55
69 60
69 63
69 76
69 84
69 96
69 107
69 110
71 1
71 6
71 7
71 8
71 14
71 23
71 24
71 37
71 52
71 54
71 61
71 63
71 66
71 68
74 6
74 8
74 12
74 14
74 36
74 37
74 43
74 49
74 55
74 57
74 61
74 67
74 68
74 70
74 74
74 78
74 80
74 104
74 122
74 126
74 133
74 135
74 142
74 143
74 145
74 147
74 151
74 154
74 157
74 161
74 166
74 168
74 175
74 177
74 180
74 182
74 184
74 186
75 6
75 8
75 24
75 25
75 36
75 52
75 58
75 60
75 62
75 65
75 68
75 73
75 81
75 89
75 96
75 98
75 104
75 105
75 119
75 131
75 136
76 3
76 6
76 12
76 20
76 21
76 26
76 35
76 44
76 46
76 54
76 65
76 72
76 77
76 80
76 81
76 153
76 155
77 4
77 25
77 30
77 37
77 43
77 48
77 49
77 72
77 81
77 88
77 90
77 91
77 94
77 102
77 110
77 111
77 121
77 131
77 132
77 135
77 136
77 141
78 4
78 18
78 21
78 24
78 28
78 34
78 38
78 41
78 47
78 52
81 6
81 14
82 5
83 1
83 10
83 14
83 21
83 31
83 46
83 48
83 53
83 61
87 6
87 7
87 8
87 14
87 18
88 3
88 5
88 110
88 126
88 132
88 137
88 138
88 144
88 148
88 151
88 157
88 162
88 166
90 70
90 82
90 91
90 95
90 98
90 101
90 105
90 107
90 114
90 118
90 126
92 11
92 12
92 13
92 28
92 29
92 44
92 50
92 52
92 57
92 62
92 69
92 88
92 108
93 2
93 6
93 14
93 17
93 23
95 29
95 43
95 46
95 54
95 56
95 60
95 63
95 70
95 71
95 74
95 83
95 102
96 6
99 1
99 13
99 18
99 20
99 22
100 8
100 9
100 12
100 13
100 20
100 27
100 30
100 34
100 46
100 52
100 62
101 7
101 12
101 13
101 16
101 25
101 27
101 35
101 45
101 160
101 163
101 164
101 169
101 174
101 175
102 1
102 3
102 4
102 7
102 12
102 13
102 27
102 28
102 29
102 33
103 7
104 1
104 25
104 33
104 45
104 51
104 52
104 70
104 73
104 84
104 88
104 89
107 48
107 73
107 74
107 80
107 93
107 129
107 130
107 131
107 135
107 192
107 194
107 198
107 201
107 203
107 221
107 222
108 3
108 6
108 12
108 14
108 61
108 67
108 70
108 72
109 92
109 104
109 151
109 153
110 5
110 9
111 25
111 28
111 35
111 46
111 48
111 50
111 67
111 69
111 70
111 73
112 2
112 17
112 18
112 22
112 23
112 24
113 2
113 4
115 43
115 48
115 61
115 67
115 68
115 73
115 88
115 93
116 6
116 10
116 18
116 28
116 30
116 49
116 56
116 57
116 163
116 164
116 166
119 45
119 51
119 57
119 59
119 63
119 64
119 66
119 81
119 85
119 86
120 1
120 3
120 5
120 6
120 9
120 15
120 20
121 42
121 52
121 54
121 59
121 63
121 68
121 77
122 1
122 7
122 8
122 11
122 23
122 26
122 28
122 31
122 32
122 39
122 45
122 51
123 2
123 3
123 5
123 20
123 23
123 31
123 43
123 52
123 66
123 68
123 80
123 84
123 85
123 86
123 90
123 91
124 16
124 18
124 24
124 30
124 34
124 48
124 58
124 64
124 70
124 71
124 80
124 82
125 61
125 71
125 73
125 83
125 88
125 92
125 93
125 94
127 2
127 14
127 26
127 27
127 33
127 39
127 44
127 50
127 51
127 53
127 54
127 74
127 76
127 90
127 108
127 112
127 113
127 116
127 126
127 130
127 140
127 143
127 152
127 153
127 156
128 8
129 5
129 6
129 17
129 28
129 40
129 44
129 54
129 59
129 63
129 78
129 79
129 89
129 93
129 96
129 101
129 102
129 106
129 113
129 116
130 3
130 6
130 13
131 83
