1 13
1 16
2 1
2 3
2 6
2 73
2 84
2 86
2 90
2 91
2 94
2 106
2 111
2 114
2 115
2 118
2 120
2 121
2 124
2 128
2 132
2 143
2 147
2 148
3 2
3 3
3 7
6 53
7 2
7 8
7 9
8 6
8 66
8 69
8 83
8 114
8 117
8 132
8 133
8 137
8 153
8 164
8 169
8 175
8 177
8 179
9 3
9 4
9 8
9 12
9 14
9 27
9 31
9 32
9 41
9 43
9 44
9 47
9 57
9 60
9 62
9 68
9 79
9 175
9 177
9 185
9 186
9 203
9 212
9 219
9 223
9 224
10 5
11 3
12 2
12 3
12 5
12 13
12 26
12 51
12 58
12 65
13 6
13 22
13 24
14 8
14 14
14 15
14 20
14 25
14 40
14 72
15 16
15 24
15 25
15 41
15 42
15 43
15 49
16 29
16 36
16 39
16 40
16 42
16 46
16 49
16 58
16 59
16 72
16 73
16 84
16 86
16 93
16 96
16 106
16 148
16 159
16 160
16 170
16 177
16 180
16 187
17 10
17 14
17 19
17 22
17 24
17 29
17 31
17 32
17 35
17 36
17 38
17 41
17 50
17 53
17 57
17 58
17 60
17 72
17 74
17 75
17 84
17 88
17 199
17 204
17 205
17 207
17 212
18 5
18 11
18 27
18 31
18 35
18 44
18 45
18 55
18 57
18 58
18 59
18 60
19 65
19 68
19 81
19 85
19 92
19 98
19 104
19 106
19 107
20 4
20 8
20 12
20 16
20 29
20 31
20 33
20 40
20 56
20 58
20 59
21 9
21 24
21 27
21 30
21 33
23 4
23 6
23 11
23 43
23 47
23 55
23 59
23 67
23 69
23 71
23 79
23 85
23 90
23 91
23 100
23 106
23 111
23 118
23 124
23 133
23 147
23 154
23 161
23 163
23 173
23 177
23 180
23 182
23 184
23 185
24 55
24 56
24 64
24 69
24 71
24 75
24 80
25 5
25 8
25 13
25 18
25 20
25 22
25 23
25 32
25 36
25 39
25 43
25 55
25 59
26 1
27 1
27 4
27 119
27 130
27 137
27 141
27 155
27 163
27 168
27 169
27 170
27 172
27 179
27 194
27 197
27 199
27 200
27 210
28 4
28 6
28 10
28 12
28 13
28 24
30 28
30 39
31 1
32 10
32 11
32 19
32 23
32 27
32 34
32 38
32 62
32 64
32 65
32 79
32 80
32 85
32 88
32 89
32 91
32 96
32 98
32 104
32 111
32 125
32 126
32 135
32 144
32 151
32 153
32 179
32 184
32 197
32 212
32 221
32 239
32 240
32 241
36 3
36 9
36 12
36 15
36 27
36 29
36 33
36 37
36 45
36 51
36 56
36 63
36 65
36 66
36 83
36 87
36 89
36 98
36 99
37 7
37 20
37 28
37 36
37 45
37 48
37 49
37 59
37 75
37 89
37 110
37 111
37 119
37 163
37 182
37 187
37 189
37 269
37 275
37 277
38 1
38 20
38 23
38 34
38 57
38 63
40 24
40 39
40 43
40 61
40 63
40 66
40 71
40 78
40 92
40 99
40 101
40 110
40 113
40 116
40 117
41 11
41 12
41 19
41 77
42 4
42 13
42 14
42 15
42 19
42 26
42 31
42 39
42 54
43 4
43 9
44 7
44 10
45 4
45 8
45 10
45 26
45 52
45 59
45 62
45 73
45 74
45 81
45 92
46 5
46 7
46 12
46 18
46 23
46 27
46 30
46 33
46 44
46 45
46 52
46 53
46 66
46 70
46 71
46 89
46 111
46 126
46 128
46 137
46 157
46 160
46 166
46 169
46 170
46 175
46 176
46 180
47 6
47 11
47 13
47 18
48 3
48 9
48 17
50 19
50 39
50 47
50 48
50 50
51 43
51 50
51 52
52 111
52 112
52 117
52 120
52 140
52 151
52 152
52 155
53 5
53 8
53 9
53 18
53 23
53 24
53 29
53 31
53 34
53 36
53 38
53 41
54 8
54 10
54 12
54 15
54 17
54 19
54 22
54 28
54 33
54 46
54 49
54 108
54 109
54 118
54 119
54 124
54 125
54 130
54 134
54 136
54 149
54 151
54 155
54 164
54 166
54 167
55 3
55 15
55 17
56 8
56 17
56 21
56 24
56 25
56 33
56 39
56 54
57 8
57 14
57 36
57 38
57 40
57 42
57 47
57 50
57 59
57 60
57 62
57 67
57 74
57 76
57 81
57 87
57 92
57 94
57 95
57 102
57 105
57 118
57 120
57 122
57 128
57 165
58 3
58 4
58 6
58 22
58 27
58 33
58 36
58 38
58 42
58 44
58 48
58 51
58 52
58 54
58 66
58 75
59 30
59 31
59 42
59 55
59 57
59 60
60 4
60 9
60 12
60 16
60 21
60 26
60 27
60 44
60 45
60 48
60 53
60 67
60 70
60 72
60 74
60 75
60 84
60 89
60 93
60 96
60 97
60 100
60 107
61 8
61 13
61 15
61 23
61 25
61 28
61 34
61 40
61 47
61 49
61 51
61 59
61 65
61 79
62 6
62 16
62 17
62 19
62 20
62 23
62 24
62 30
62 32
62 36
62 40
62 47
62 50
62 67
62 72
62 79
62 86
62 104
63 1
63 3
63 6
63 10
64 1
64 4
64 12
64 24
64 32
64 52
64 54
64 67
64 69
64 70
64 78
64 79
64 83
64 89
64 105
64 121
64 125
64 138
64 142
64 144
64 152
64 160
64 165
64 167
64 180
64 181
64 187
64 199
64 207
64 210
64 217
65 26
65 33
65 40
65 45
65 52
65 55
65 60
65 63
65 71
65 74
65 76
65 78
65 88
65 91
65 97
67 96
67 97
68 2
68 10
68 16
68 17
68 24
68 26
68 31
68 33
68 45
68 49
68 52
68 54
68 58
68 60
68 70
68 72
68 75
68 76
68 78
68 82
68 95
70 110
70 119
70 148
70 151
70 152
70 161
70 165
70 169
70 181
70 183
70 186
70 190
70 192
70 193
70 196
70 197
70 220
70 222
70 224
70 227
70 228
70 241
70 244
70 246
70 248
70 249
70 260
70 274
70 278
70 356
70 359
70 365
70 392
70 465
70 474
71 35
71 48
71 68
71 70
71 76
71 77
71 86
71 88
71 221
71 222
71 230
72 2
72 4
73 6
73 8
76 3
76 4
77 9
77 15
77 23
77 27
77 29
77 31
77 33
77 43
77 45
78 2
79 50
79 64
79 65
79 76
79 77
79 80
79 95
79 98
79 102
79 104
79 108
79 109
80 78
80 80
80 83
80 85
80 89
80 107
80 111
80 114
80 118
80 119
80 128
80 143
80 147
81 5
81 7
81 9
81 13
81 23
81 28
81 46
83 93
83 99
83 104
83 109
83 112
83 115
84 11
84 12
84 13
84 17
84 30
84 38
84 39
84 45
84 47
84 50
84 51
84 55
84 60
84 199
84 201
84 202
84 209
84 210
84 222
84 236
84 237
84 244
84 256
84 275
84 281
84 349
84 351
84 366
84 370
84 372
84 384
84 389
84 392
84 397
84 408
84 409
84 412
84 422
84 423
84 429
84 431
84 449
84 453
84 460
84 480
84 488
84 491
84 500
84 502
84 515
84 525
84 532
84 533
84 535
84 536
84 540
84 546
84 548
85 40
85 41
85 58
86 14
86 17
86 24
86 25
86 28
86 46
86 49
88 45
88 49
88 62
88 63
88 75
91 19
91 20
91 31
91 32
91 37
91 53
91 64
91 68
91 73
91 79
91 81
92 1
92 9
92 10
92 16
92 25
92 27
92 28
92 38
92 58
92 66
92 88
92 93
92 104
92 107
92 117
92 131
93 17
93 19
93 33
93 38
93 57
93 73
93 74
93 75
93 88
93 89
93 93
93 108
93 125
93 144
93 148
93 151
93 157
94 9
94 19
94 28
94 29
96 27
97 1
97 4
97 7
97 13
97 25
97 37
97 41
97 43
97 48
97 49
97 50
97 52
97 55
97 57
97 58
97 76
97 79
97 102
97 118
97 120
97 121
97 135
97 145
97 146
97 157
97 165
97 174
97 182
97 183
97 184
97 187
97 196
98 19
98 22
98 33
98 37
99 1
99 5
99 26
99 33
99 47
99 54
100 10
100 13
100 17
100 18
100 33
100 41
100 51
100 59
100 65
100 73
101 8
102 3
102 4
102 16
102 17
102 28
102 30
102 41
102 42
102 44
102 45
102 55
102 57
102 58
102 62
102 64
103 4
103 12
103 19
103 21
103 26
103 30
103 38
104 77
104 79
104 80
105 43
105 44
105 45
105 55
105 57
105 67
105 68
105 71
105 75
105 78
105 86
105 99
