1 4
1 15
1 20
2 3
2 5
2 6
2 9
2 10
2 12
2 15
2 22
3 10
3 11
3 15
3 23
3 33
3 34
3 36
3 37
3 48
3 50
4 7
4 9
5 138
5 142
5 147
6 2
6 5
6 6
6 16
6 21
6 28
6 42
6 51
6 54
7 34
7 36
7 40
7 51
7 54
8 8
8 12
9 89
9 91
9 95
9 98
9 99
9 109
9 110
9 111
9 114
10 1
10 4
10 11
10 12
10 16
10 19
11 2
11 7
11 11
11 12
11 15
11 42
11 44
11 49
11 56
11 65
11 76
11 101
11 115
11 116
11 126
11 127
11 128
11 130
11 131
11 137
12 2
12 6
12 10
12 16
12 29
12 31
12 33
12 52
12 64
12 66
12 70
12 71
12 83
12 86
12 88
12 90
12 94
12 98
12 99
12 114
12 116
12 119
12 121
12 123
12 127
12 128
12 131
12 134
12 135
12 138
15 3
15 4
15 6
15 8
15 9
15 12
15 13
15 14
15 17
15 20
15 21
15 23
15 24
15 39
15 41
15 47
15 52
15 54
15 55
15 58
15 63
15 65
16 8
16 9
16 10
16 15
16 16
16 20
16 25
18 62
18 68
18 85
18 87
18 89
18 97
18 99
18 101
18 102
18 107
18 108
18 110
18 112
18 115
18 116
18 117
18 121
18 125
18 127
18 128
18 132
18 138
18 253
18 294
18 297
18 308
18 310
18 318
18 343
18 351
18 352
18 354
18 362
19 6
19 7
19 9
19 14
19 19
19 24
19 88
19 92
19 95
19 104
19 107
19 109
19 111
19 112
19 128
19 137
19 138
19 162
19 164
19 261
19 263
19 277
19 286
19 287
19 288
19 329
19 338
19 342
19 351
19 353
19 355
20 5
20 9
20 10
20 19
20 27
20 28
20 30
20 35
20 42
20 43
20 55
20 57
20 63
20 64
20 71
20 74
20 79
20 200
20 205
20 213
21 46
21 53
21 57
21 58
21 61
21 64
21 67
21 68
21 87
21 103
21 129
22 20
24 1
24 5
24 6
24 14
24 33
24 36
24 39
24 42
24 51
24 53
24 57
24 58
24 61
24 67
24 70
24 72
24 73
24 78
25 14
25 30
26 10
26 11
26 18
26 20
26 22
26 33
26 37
26 39
26 40
26 66
26 68
26 73
26 75
26 79
26 84
26 87
26 88
26 92
26 94
26 99
26 100
26 102
26 112
26 116
26 125
26 128
26 130
27 2
27 18
27 32
27 39
27 40
27 42
27 59
27 79
27 83
27 90
27 98
27 106
27 109
27 110
27 111
28 105
28 107
28 110
30 31
30 35
30 54
30 56
30 63
30 64
30 67
30 73
30 74
30 78
30 95
31 3
31 4
31 5
31 7
31 10
31 15
31 20
31 24
31 26
31 32
32 20
32 30
32 43
32 49
32 70
32 77
32 78
32 83
32 85
32 99
32 105
32 112
32 124
32 138
32 139
33 10
35 6
35 31
35 33
35 41
35 57
35 61
35 68
35 71
35 83
37 17
37 24
37 31
37 40
37 51
37 55
37 60
38 7
38 8
38 11
38 12
39 11
39 12
39 25
39 26
39 28
39 37
39 48
39 57
39 59
39 68
39 80
39 89
39 96
39 109
39 117
39 120
39 125
39 127
39 132
39 133
40 4
40 6
40 9
40 18
40 35
40 36
40 45
40 51
40 58
40 64
40 74
40 78
40 79
40 80
41 14
41 16
41 20
41 22
41 26
41 27
41 28
41 33
41 44
41 46
41 49
41 57
41 69
41 116
42 27
42 46
42 47
42 62
42 64
42 77
42 82
42 96
42 100
42 104
42 123
42 125
42 133
42 135
42 243
42 244
42 250
42 253
42 254
42 256
42 267
42 273
42 277
42 295
43 2
43 6
43 12
43 25
43 28
43 30
43 31
43 63
43 67
43 68
43 69
43 73
43 80
43 88
43 103
43 109
43 114
43 121
44 1
44 6
44 12
44 14
44 15
44 20
44 26
44 34
44 35
44 40
44 51
45 7
45 8
46 11
46 15
46 24
46 34
46 35
46 37
46 38
46 40
46 41
46 46
46 66
46 70
46 78
46 92
46 93
46 97
46 100
46 115
46 123
46 124
46 140
46 142
46 148
46 153
46 156
46 161
46 169
46 381
46 382
46 383
46 405
46 414
46 419
46 421
46 425
46 426
46 431
46 446
46 449
46 457
46 459
46 461
46 477
47 9
48 28
48 29
48 163
48 165
48 168
48 170
48 191
48 196
48 199
48 200
48 204
48 220
48 221
48 226
48 231
48 238
48 239
48 241
48 246
49 1
49 3
49 9
49 76
49 78
49 88
49 89
49 91
49 109
49 115
49 119
49 121
49 136
49 144
49 148
49 153
49 156
49 158
50 98
50 101
50 105
50 106
50 116
50 123
50 124
50 127
50 128
50 131
50 134
50 137
50 140
52 56
52 64
52 69
52 70
52 79
52 82
52 88
52 93
52 97
52 108
52 113
53 2
53 3
53 19
53 23
53 31
53 32
53 34
53 38
53 42
53 43
53 48
53 65
53 73
53 74
53 88
53 93
53 95
53 102
53 103
55 1
55 27
55 28
55 32
55 52
55 61
55 63
55 72
55 78
55 89
55 92
55 222
55 227
55 228
55 234
55 238
55 241
56 20
56 23
56 25
56 30
56 42
57 10
57 12
57 24
57 28
57 29
57 50
57 65
57 72
57 76
57 80
57 82
57 86
57 133
57 144
57 147
57 152
57 154
57 166
57 179
58 3
58 18
58 23
58 35
59 4
59 5
59 7
59 15
59 25
59 27
59 40
59 43
59 48
61 15
61 16
61 18
61 21
61 26
61 35
61 37
61 40
61 41
61 47
61 49
61 52
61 53
61 66
61 118
61 119
61 127
61 157
61 164
61 165
61 167
61 182
61 185
61 190
61 201
61 207
61 216
61 221
61 227
61 236
61 247
61 257
61 258
61 270
62 88
62 95
62 97
64 97
64 98
64 103
64 104
64 110
64 113
64 120
64 122
64 148
64 150
64 287
64 298
64 302
64 304
64 308
64 311
66 15
66 16
66 20
66 33
66 34
66 36
66 37
66 45
66 49
66 53
66 57
66 67
66 68
66 71
66 74
66 84
66 87
66 91
66 104
66 107
66 117
66 126
66 132
66 172
66 174
67 1
67 6
67 7
67 8
67 10
67 12
67 13
67 33
67 37
67 38
67 48
67 51
67 125
67 160
67 166
68 4
68 9
68 10
68 16
68 21
68 24
68 34
69 6
69 12
69 19
70 3
70 17
70 18
70 25
70 26
70 35
70 39
71 121
71 125
71 131
71 132
71 135
71 136
71 137
71 154
71 170
71 178
71 184
71 186
71 190
71 193
71 195
71 199
71 212
71 213
71 242
71 246
71 247
71 248
71 256
71 299
71 321
71 324
71 349
71 356
71 367
71 368
71 375
71 385
71 388
71 393
71 395
71 406
72 17
72 18
72 20
72 21
72 25
72 28
72 32
72 44
72 58
73 16
73 17
73 23
73 28
73 34
73 46
73 57
73 58
73 59
73 60
73 64
73 65
73 66
74 9
74 10
74 17
74 22
74 30
74 35
74 39
74 40
74 49
74 55
75 4
75 5
75 12
75 13
75 23
75 33
75 50
75 51
75 53
75 54
75 55
75 56
75 60
75 70
75 71
75 82
75 91
75 99
76 4
77 9
77 14
77 19
77 30
78 6
78 7
78 10
78 23
78 31
78 37
78 38
78 41
78 50
78 53
78 69
78 73
78 76
79 6
80 89
80 92
80 100
80 110
80 113
80 118
80 123
80 125
80 137
80 140
80 141
80 274
80 279
81 1
81 18
81 19
81 23
81 25
81 68
81 71
81 72
81 74
81 79
82 5
83 3
83 18
83 29
83 31
85 49
86 4
86 21
86 30
86 32
86 40
86 48
88 44
88 45
88 47
88 51
88 52
88 55
88 57
88 130
89 1
89 3
89 9
89 13
89 21
89 24
89 25
89 26
89 28
89 30
90 1
90 5
91 23
91 90
91 93
91 98
91 100
92 12
93 9
94 1
94 12
95 58
95 59
95 63
