1 5
1 6
1 11
1 19
1 20
1 21
1 24
1 33
1 34
1 45
1 47
1 49
1 58
1 62
1 63
1 67
1 71
1 73
1 75
1 89
1 92
1 93
1 99
1 100
1 103
1 115
1 128
1 132
1 134
1 135
1 139
1 144
1 147
1 148
1 153
1 160
1 166
1 168
2 2
2 19
3 1
3 8
3 14
3 15
4 93
4 95
4 103
4 104
5 32
5 33
5 36
5 44
5 51
5 57
5 77
5 85
5 87
5 88
5 91
5 96
5 101
5 106
5 107
5 111
5 112
5 117
5 119
5 120
5 121
5 127
5 128
5 130
5 133
5 134
5 142
6 5
6 11
6 12
6 15
6 16
6 23
6 24
6 27
6 29
6 63
6 64
6 66
6 80
6 82
6 83
6 87
6 104
6 105
6 108
6 109
6 113
6 116
6 119
6 123
8 3
8 5
8 6
8 9
8 55
8 56
8 60
8 69
8 74
8 75
8 78
8 88
8 91
8 114
8 117
8 126
8 130
8 150
8 154
8 156
9 7
9 9
9 17
9 23
9 24
9 26
9 33
9 43
9 58
9 65
9 72
9 80
9 83
9 87
9 93
9 95
9 97
9 107
9 114
9 117
9 136
9 139
9 144
9 145
9 147
9 153
9 156
9 162
9 174
9 193
11 9
11 10
11 13
12 9
12 10
12 21
12 31
12 33
12 37
12 43
13 1
13 13
14 2
14 5
14 22
14 25
14 30
15 1
15 8
15 9
15 12
16 4
16 5
16 19
17 3
17 4
17 6
17 9
17 20
17 36
18 2
18 8
18 9
18 16
18 18
18 23
18 29
18 34
18 41
18 48
18 52
18 54
19 82
19 83
19 89
19 92
19 95
21 6
21 15
21 19
21 25
21 31
21 32
21 35
21 36
21 39
21 49
21 58
21 69
22 17
22 23
22 27
22 28
23 17
24 10
24 19
24 30
24 31
24 42
24 44
24 52
24 60
24 62
24 66
24 67
24 68
24 72
24 73
24 76
24 77
24 78
24 88
24 89
24 99
24 109
24 111
24 114
24 115
25 1
25 2
25 8
25 23
25 27
26 8
27 5
27 13
27 23
27 24
27 43
27 52
27 56
27 59
27 61
27 63
27 75
27 81
27 103
28 1
28 9
29 2
29 4
29 8
29 14
29 22
29 24
29 43
30 7
30 18
30 150
30 151
30 156
30 178
30 179
30 188
31 24
31 27
31 32
31 34
31 35
31 39
32 11
32 14
32 15
32 17
33 1
34 56
34 60
34 63
34 65
34 69
34 71
34 74
34 86
34 91
36 17
36 21
36 31
36 42
36 52
37 1
37 3
37 7
37 11
37 12
37 15
37 21
37 24
37 28
37 38
37 47
37 49
37 51
37 53
37 54
37 60
37 69
37 81
37 94
37 96
37 101
37 102
37 116
37 119
37 122
37 135
37 142
38 112
38 115
38 127
41 88
41 92
41 95
43 36
43 41
43 49
43 51
43 58
43 61
43 67
43 68
43 77
43 87
43 88
43 96
43 111
43 113
43 127
43 141
43 147
43 149
43 150
43 166
43 171
43 282
43 287
43 306
43 312
43 314
43 324
43 329
44 2
44 3
44 16
45 3
45 4
45 7
45 14
45 24
45 29
45 30
45 40
45 43
45 45
45 121
45 130
45 142
45 154
45 155
45 162
45 169
45 173
45 184
45 186
45 190
45 197
45 210
45 220
45 237
45 238
45 257
46 49
46 55
46 57
46 63
46 64
46 66
46 74
46 79
47 2
47 5
47 9
47 11
47 14
47 18
47 19
47 27
47 35
48 1
48 9
48 13
48 17
48 18
48 19
48 28
48 34
48 36
48 43
48 45
48 47
52 38
52 54
52 66
52 68
52 79
53 8
53 12
53 13
53 18
53 26
53 32
53 40
53 42
53 52
54 3
54 34
54 40
54 45
54 46
54 49
54 54
54 57
54 58
54 59
54 67
54 73
54 75
54 87
56 6
58 47
58 52
58 60
58 69
58 70
58 81
58 83
58 89
58 105
58 115
58 120
58 121
58 139
58 140
58 158
58 162
58 165
58 168
58 169
58 172
58 185
58 187
58 190
58 191
58 198
58 207
58 210
58 225
58 229
59 2
59 8
60 1
61 5
61 7
61 10
61 13
61 14
61 20
61 39
61 40
61 51
61 55
61 68
61 78
61 81
62 118
62 249
62 250
62 252
62 256
63 3
63 11
63 24
63 32
63 42
63 46
63 47
63 81
64 3
64 10
64 18
64 23
64 24
64 26
66 6
66 17
66 23
66 28
66 33
66 38
66 52
66 54
67 8
68 2
68 6
68 7
68 8
68 10
68 11
68 24
68 25
69 1
69 7
69 12
69 20
69 24
69 37
69 45
69 47
69 52
69 63
69 75
69 76
69 79
69 97
70 22
70 41
71 4
71 8
71 20
71 37
71 43
71 47
71 53
71 55
71 57
71 84
71 91
71 93
71 105
71 110
71 115
71 116
71 119
71 121
71 137
72 5
72 6
72 7
72 43
72 47
72 49
72 58
72 70
72 73
72 77
72 84
72 87
72 90
72 93
72 107
72 115
72 118
72 122
72 126
72 172
72 183
72 190
72 195
72 197
72 201
72 203
72 204
72 210
72 220
72 221
72 226
72 233
72 235
72 238
72 246
72 249
72 251
72 266
72 269
72 270
72 272
72 277
72 371
72 372
72 382
72 387
72 389
72 417
73 33
73 53
73 60
74 5
74 14
74 22
74 32
75 1
75 7
75 12
76 6
79 33
79 34
79 36
79 58
79 60
79 159
79 163
79 165
79 167
80 6
81 2
81 5
81 19
81 30
81 33
81 34
81 36
81 41
82 6
82 30
82 32
82 37
82 39
82 51
82 53
82 70
82 71
82 74
82 75
82 77
82 82
82 87
82 88
82 89
82 95
82 104
82 105
82 109
82 111
82 125
82 128
82 134
82 136
82 142
84 4
84 13
84 14
84 15
84 19
84 23
84 26
84 27
84 34
84 35
84 41
84 53
84 56
84 59
84 62
84 63
84 69
84 71
84 77
84 78
84 81
84 89
87 4
87 5
87 7
87 24
87 25
87 31
87 35
87 37
87 56
87 131
87 133
87 150
87 156
87 167
87 169
87 178
87 180
87 201
87 203
87 207
87 208
87 210
88 10
88 11
88 18
88 30
88 48
88 60
88 63
88 70
88 71
88 73
88 79
88 80
88 96
88 99
88 102
88 105
88 109
88 124
88 129
88 217
88 274
88 281
88 287
91 61
91 89
91 90
91 92
94 8
94 19
95 1
95 6
95 12
95 14
95 17
95 18
95 21
95 34
95 39
95 41
95 46
95 55
96 7
96 9
96 10
96 15
96 18
96 31
96 32
96 39
96 49
96 57
96 59
96 66
96 69
96 73
96 200
96 201
96 204
96 206
96 207
96 222
96 224
96 230
96 233
96 234
96 238
96 240
96 247
96 254
96 258
96 260
96 261
96 262
96 266
96 275
96 282
96 291
96 292
96 293
96 296
96 311
96 314
96 317
96 318
96 330
96 332
96 342
96 345
96 346
96 350
96 352
96 356
96 360
96 366
96 367
96 368
96 390
96 392
96 401
96 425
96 438
96 443
96 445
96 453
96 454
96 465
96 466
96 470
96 476
96 484
96 485
96 487
96 491
96 509
96 513
96 515
96 522
96 525
96 531
96 534
96 538
96 540
96 543
96 552
96 554
97 3
97 40
98 11
98 20
98 34
98 45
98 50
98 53
98 72
98 77
98 80
98 83
98 84
98 87
99 2
99 7
99 20
99 24
99 29
99 31
99 33
99 39
99 45
99 47
100 10
100 12
100 22
101 14
101 15
101 17
101 19
101 33
101 43
101 46
101 49
101 50
101 56
101 57
101 59
101 67
101 71
101 73
101 75
101 77
101 78
101 81
101 86
101 87
101 90
101 95
102 2
102 6
102 14
102 21
102 28
102 40
102 48
102 50
102 62
102 69
102 75
102 80
102 89
102 91
102 99
102 149
102 158
102 162
103 6
103 8
103 9
103 15
103 24
103 26
103 31
103 42
103 44
103 45
103 53
103 189
103 190
103 199
103 208
103 211
103 213
103 217
103 219
103 225
103 235
103 236
103 244
103 252
103 265
103 269
103 275
103 288
103 301
103 317
103 338
103 348
103 352
103 353
103 356
103 357
103 360
103 363
105 13
105 24
