1 9
1 36
1 55
1 56
1 60
1 62
1 68
1 73
1 75
1 79
1 97
1 104
1 107
2 57
2 61
2 64
2 65
2 67
3 132
3 147
3 148
4 1
4 8
4 12
4 18
4 23
4 73
4 75
4 80
4 222
4 223
4 225
4 228
4 238
4 241
4 249
4 257
4 394
5 4
5 23
5 24
6 46
6 49
6 53
6 54
6 57
7 5
7 6
7 7
7 10
7 12
7 14
7 16
7 26
7 31
7 35
7 38
7 40
7 41
7 48
7 75
7 78
7 81
7 90
7 91
7 105
7 109
7 117
7 127
7 147
7 148
7 153
7 158
7 178
7 181
7 189
7 193
7 196
9 57
9 72
9 73
9 81
9 82
9 83
9 95
9 104
9 106
10 33
10 49
10 50
10 51
10 58
10 64
11 15
11 19
11 22
11 23
11 30
11 49
12 3
12 15
12 18
12 25
12 27
12 28
12 31
12 37
12 44
12 47
12 59
12 61
12 66
12 74
13 2
13 3
13 10
13 19
13 21
13 25
13 26
13 29
13 43
13 52
13 58
13 62
13 65
13 70
13 77
13 79
13 83
13 106
13 113
14 2
14 9
14 16
14 18
14 19
14 20
14 30
14 36
14 43
14 44
14 53
14 54
14 61
14 63
14 64
14 66
14 72
14 76
14 77
14 88
14 99
14 114
14 118
14 122
14 131
14 151
14 156
14 159
14 171
14 173
14 174
14 181
14 192
14 194
14 196
14 208
14 209
14 227
14 230
14 233
14 246
14 247
14 250
14 259
14 260
14 274
14 278
14 279
14 290
14 295
14 296
14 298
14 313
14 325
14 327
14 332
14 334
14 340
14 346
14 349
15 12
15 41
15 54
15 55
15 59
15 70
15 74
16 3
16 4
16 7
16 8
16 10
17 9
17 19
17 23
17 36
17 48
17 53
17 56
17 57
17 60
17 66
17 75
17 79
17 80
17 87
17 90
17 99
17 102
17 106
18 12
18 114
18 116
18 118
18 122
18 137
18 140
19 4
19 5
19 15
19 16
19 24
19 27
19 38
19 42
19 45
19 80
19 81
19 85
19 92
19 107
21 9
21 11
21 15
21 21
21 28
22 20
22 24
23 8
23 14
23 16
23 30
23 34
23 41
23 44
23 47
23 54
23 58
23 61
23 62
23 63
23 66
23 67
23 68
23 70
24 11
24 16
24 17
24 22
24 28
24 34
24 35
25 1
25 5
25 14
25 15
26 10
26 17
26 19
26 21
26 22
26 34
26 35
26 37
26 40
26 56
26 57
26 58
26 66
26 83
26 85
26 95
26 96
26 108
26 109
26 112
26 116
27 2
28 2
28 3
28 7
28 11
28 15
28 17
28 24
28 28
28 29
30 9
30 10
30 11
30 18
30 23
30 26
30 58
30 60
30 62
30 71
30 79
30 80
30 83
30 84
30 244
30 249
30 255
30 256
30 258
30 262
30 263
31 15
31 21
31 24
31 31
31 40
31 46
31 48
31 55
31 62
34 4
35 55
35 56
35 66
35 69
35 78
35 83
38 11
38 16
38 17
38 26
38 29
38 31
38 32
38 38
38 44
38 50
38 51
38 52
38 53
38 57
39 2
39 6
39 11
39 12
39 13
39 25
39 38
39 42
39 61
39 62
39 64
39 65
39 69
39 72
39 73
39 74
39 79
39 89
39 91
39 94
39 115
39 123
39 124
39 125
39 132
39 134
39 137
39 140
39 142
39 143
39 145
40 4
40 6
40 12
40 13
40 15
40 33
40 38
40 39
40 42
40 43
40 47
40 62
40 66
40 67
40 71
40 85
40 92
40 96
40 106
40 240
40 243
40 247
40 264
40 270
40 276
41 5
41 6
41 12
41 13
41 15
41 17
41 27
41 28
41 35
41 37
41 43
41 51
41 55
41 63
41 65
41 66
41 71
41 73
41 75
41 79
42 6
43 31
43 33
43 38
43 41
43 43
43 44
43 50
43 53
43 57
43 90
44 6
44 9
44 10
44 11
44 12
44 13
44 14
44 16
44 17
44 24
44 25
44 34
44 44
44 52
44 56
44 58
44 60
44 63
45 3
45 14
45 16
45 19
45 37
45 38
45 39
45 50
45 57
45 60
45 67
45 69
45 81
45 101
45 103
45 106
45 108
45 113
45 118
46 69
46 72
46 75
46 81
46 84
46 87
46 89
46 95
47 1
47 18
47 19
47 26
47 34
47 43
47 63
47 72
47 76
47 81
47 85
47 87
47 88
47 90
47 96
47 100
47 140
48 2
48 28
48 72
48 124
48 127
48 130
48 134
48 167
48 171
48 177
49 2
49 8
49 9
49 18
49 19
49 20
49 33
49 36
49 40
49 52
49 57
49 82
49 90
49 96
49 108
49 112
49 113
49 114
49 170
49 175
49 203
49 210
49 232
49 235
49 238
49 239
49 265
50 1
51 19
51 20
52 1
52 6
52 11
52 12
52 15
52 21
52 23
52 31
52 38
52 42
52 43
52 45
52 54
52 57
52 72
52 82
52 89
52 94
52 95
52 96
52 100
52 101
52 108
52 125
52 135
53 25
53 28
53 30
53 35
53 37
54 11
54 12
54 20
55 4
55 5
55 7
55 17
55 25
55 26
55 35
55 36
55 38
55 42
55 178
56 3
56 5
56 7
56 49
56 59
56 72
56 77
56 87
57 4
57 10
57 11
57 22
57 24
57 29
57 35
57 42
57 47
57 49
57 52
57 53
57 56
57 62
57 69
57 82
57 85
57 86
59 96
59 98
59 111
59 126
59 138
59 143
59 145
59 154
59 169
59 186
59 193
59 198
59 215
59 216
59 218
59 223
59 255
59 259
59 272
59 281
59 285
59 288
59 293
59 300
59 322
59 325
59 328
59 354
59 360
59 365
59 367
59 369
59 373
59 382
59 388
59 403
59 407
59 408
59 411
59 422
59 426
59 429
59 442
59 443
59 446
59 447
59 448
59 453
59 454
59 455
59 458
59 461
59 464
59 466
59 480
59 486
59 487
59 490
59 491
59 495
59 499
59 506
59 509
59 513
59 514
59 517
59 522
59 524
59 653
59 660
59 662
59 707
59 711
59 712
59 714
59 715
59 717
60 1
60 2
60 9
60 17
60 25
60 29
60 45
60 47
60 48
60 51
60 52
61 10
61 14
61 19
61 29
61 42
61 45
61 47
61 53
61 55
61 73
61 89
61 107
61 109
61 120
61 126
61 137
61 143
62 4
62 9
62 10
62 12
62 13
62 20
62 25
62 32
62 33
62 40
62 41
65 9
65 14
67 2
67 3
67 4
67 5
67 19
67 24
67 29
67 36
67 42
67 43
68 3
68 7
68 11
68 17
68 30
68 35
68 50
69 2
69 7
69 21
71 87
71 89
71 90
71 95
71 112
72 106
72 107
72 108
74 14
74 16
74 19
74 30
75 3
75 9
75 11
75 20
75 21
76 5
76 7
76 22
76 26
76 35
76 55
76 56
76 58
76 60
76 63
76 67
76 69
76 74
77 1
77 27
77 29
77 38
77 41
77 43
78 13
79 121
79 122
79 125
79 130
79 134
79 135
79 139
79 142
79 146
80 11
80 14
80 38
80 39
80 41
80 47
80 53
80 55
80 58
80 63
80 65
80 72
80 79
82 61
82 65
82 67
82 75
82 77
82 78
82 82
82 86
82 92
83 12
83 23
83 26
83 30
83 31
83 37
83 38
83 47
83 59
83 61
83 65
83 66
83 78
83 88
83 107
83 111
84 38
84 43
84 44
85 3
86 4
86 37
86 38
86 51
90 11
90 14
90 27
90 31
90 43
90 44
90 46
90 51
90 54
91 6
91 20
92 15
92 23
92 39
92 40
92 49
92 50
92 56
92 61
92 74
92 84
92 87
92 88
92 108
92 114
92 116
92 123
92 136
92 139
92 151
92 156
92 158
92 166
92 173
92 174
92 176
92 177
92 178
92 179
92 181
92 185
92 186
92 187
92 201
93 1
93 5
93 7
93 12
93 32
93 33
93 35
93 42
93 67
93 71
93 84
93 91
93 92
93 97
93 103
93 109
93 110
93 122
93 127
93 134
93 144
93 152
93 154
93 156
93 161
93 163
93 175
93 181
93 182
93 190
93 207
93 210
93 211
93 215
93 217
93 218
94 2
94 7
94 8
95 108
97 12
97 141
97 144
97 145
97 154
97 156
97 164
97 172
97 178
97 179
97 198
97 200
97 201
97 208
97 217
97 225
97 231
97 232
97 234
97 244
97 246
97 292
97 294
97 371
