1 6
1 10
1 18
2 10
2 29
2 32
2 48
2 53
2 56
2 57
2 59
2 63
2 64
2 65
2 69
2 71
2 77
2 83
2 86
2 90
2 100
2 101
2 103
2 115
2 116
2 118
2 126
2 131
2 134
2 135
3 4
3 13
3 18
3 21
3 23
3 31
4 5
4 8
4 15
4 26
4 28
4 36
4 37
4 46
4 64
4 73
4 82
4 86
4 151
4 153
5 3
5 12
5 19
5 28
5 30
5 32
5 40
6 16
6 22
6 24
6 32
6 34
6 35
6 48
7 5
7 7
7 33
7 39
8 5
8 17
8 21
8 23
8 49
8 63
8 65
8 69
8 75
8 83
8 89
8 101
8 102
8 105
8 114
8 118
9 3
9 7
9 9
9 10
9 28
9 36
9 40
9 48
9 49
9 50
9 53
9 59
9 66
11 25
11 42
11 57
11 61
11 63
11 64
11 68
11 69
11 74
11 76
11 79
11 87
11 90
13 83
13 98
13 106
13 111
13 114
13 117
13 120
14 22
15 1
15 3
15 7
15 9
15 20
15 31
15 32
15 35
15 43
15 45
15 48
17 19
17 22
17 32
17 38
17 41
18 19
18 22
18 23
18 30
18 31
19 2
19 16
19 19
19 42
19 47
19 51
19 55
19 56
19 57
19 61
20 1
20 9
21 1
21 6
21 13
21 15
21 21
21 29
21 31
21 36
21 39
21 48
21 49
21 52
21 54
21 59
21 69
21 74
21 78
22 38
23 3
23 25
23 29
23 33
24 1
24 9
24 15
24 22
24 48
24 54
24 62
24 73
24 74
24 84
24 89
24 94
24 104
24 105
24 111
24 119
24 127
24 129
24 138
24 205
24 224
24 228
25 5
25 15
25 23
25 26
25 51
25 52
25 55
25 58
25 65
25 66
25 71
25 83
25 110
25 114
25 123
26 17
26 18
26 23
26 31
26 33
26 51
26 53
26 61
26 70
26 79
26 90
27 1
27 7
27 18
27 20
28 2
28 5
28 9
28 16
28 24
28 38
28 59
28 73
28 74
28 89
28 116
29 2
30 2
30 5
30 28
30 32
30 136
30 140
30 143
30 145
30 146
30 151
30 152
30 166
30 174
30 175
30 180
30 183
30 192
30 194
30 197
30 198
30 235
30 243
31 2
31 3
31 5
31 7
31 9
31 15
31 18
31 116
31 141
31 149
31 155
32 10
32 15
32 16
32 21
32 24
32 28
32 36
32 40
32 44
32 84
32 89
32 100
33 5
33 7
33 11
33 17
33 20
33 24
33 25
33 30
33 38
33 41
33 51
33 53
33 64
33 73
33 80
33 84
33 86
33 98
33 99
33 102
33 105
33 107
33 108
33 110
33 112
33 113
33 117
33 129
33 136
33 140
33 141
33 154
33 158
33 161
33 164
33 166
34 1
34 5
34 8
34 15
34 25
34 34
34 45
34 46
34 59
36 81
36 83
36 85
37 5
37 7
37 17
37 19
37 34
38 1
38 5
38 8
38 12
38 23
39 2
39 9
39 18
39 21
39 22
39 26
39 30
39 31
39 33
39 35
39 36
39 37
40 6
40 10
40 17
40 27
40 29
40 41
42 1
42 4
42 39
42 47
45 34
45 51
45 53
45 55
45 64
45 68
46 74
46 78
46 83
46 87
46 94
46 95
46 126
46 129
46 131
46 133
46 137
46 146
46 148
46 156
47 2
47 12
47 29
47 38
47 41
47 48
47 49
47 54
47 63
47 65
47 66
47 68
47 70
48 2
48 10
48 11
48 26
48 28
48 33
48 36
48 38
48 116
48 129
48 154
48 165
48 166
48 169
48 177
48 181
48 183
48 191
48 202
49 10
49 11
49 16
49 24
49 38
49 53
49 78
49 86
49 99
50 3
50 7
50 8
50 11
51 2
51 3
51 14
51 15
52 37
52 42
52 45
52 48
52 54
52 56
52 59
52 60
52 63
52 65
52 66
53 6
53 7
53 19
53 25
53 28
55 2
55 9
55 10
55 19
55 27
55 45
55 58
55 62
55 69
55 70
55 84
55 89
55 101
55 111
55 118
55 120
55 124
55 126
55 130
55 138
55 146
55 151
55 152
55 154
55 163
55 169
55 171
55 172
55 177
55 179
55 183
55 191
55 192
55 201
55 202
58 37
58 46
58 68
58 69
58 81
58 85
58 102
58 107
58 114
58 121
58 123
58 125
58 128
58 134
58 135
58 137
58 142
58 163
58 175
58 183
58 184
58 186
58 188
58 193
58 204
58 210
58 212
58 219
58 220
58 221
58 227
58 230
58 235
59 11
61 1
61 11
61 141
61 144
64 20
64 21
64 27
64 33
64 36
64 44
64 47
64 49
64 60
64 67
64 68
64 69
64 75
64 76
64 77
64 86
64 100
64 103
65 4
65 9
65 17
65 24
65 25
66 11
66 12
66 15
66 16
66 17
66 19
66 26
66 38
66 57
66 61
66 63
66 66
66 67
66 80
66 87
66 93
66 97
66 104
66 105
67 2
67 12
67 21
67 22
67 31
67 37
67 42
67 45
67 46
67 53
67 58
67 62
67 68
67 93
67 94
67 101
67 105
67 110
67 138
67 233
67 240
67 248
67 255
67 274
67 275
67 289
67 290
67 292
68 6
68 13
68 20
68 93
68 95
68 97
68 99
68 100
68 112
68 115
68 121
68 123
69 7
69 22
69 29
69 39
69 42
70 2
70 5
70 7
70 9
70 23
70 25
70 35
70 38
70 42
70 45
70 48
70 51
70 55
70 56
70 60
70 61
70 63
70 66
70 71
71 5
72 32
72 44
72 46
73 1
73 25
73 30
73 33
73 41
73 42
73 51
73 58
73 68
74 1
74 6
74 10
74 12
74 15
74 19
74 22
74 26
74 29
74 37
74 41
74 53
74 55
74 65
76 51
76 54
76 56
76 59
76 64
76 70
76 75
76 78
76 80
76 97
76 99
76 113
76 119
76 122
76 124
76 126
76 129
76 132
76 135
76 142
77 11
77 60
77 62
77 72
77 79
79 3
79 9
80 3
80 7
80 13
80 17
80 23
81 1
81 6
81 7
81 9
81 30
81 38
81 42
81 43
81 46
81 56
81 58
81 64
81 66
81 70
81 74
81 76
81 77
81 79
82 31
83 9
83 11
83 29
83 38
83 57
83 62
83 63
83 73
83 127
83 130
83 132
83 133
83 136
83 144
83 147
84 7
84 10
84 16
84 22
84 23
84 26
84 36
84 37
84 43
84 49
84 52
84 64
84 77
84 78
84 81
84 87
84 99
84 105
84 108
84 114
84 117
84 120
84 123
84 124
84 126
84 129
84 133
84 143
84 146
84 149
84 153
84 161
84 165
85 106
85 117
85 120
85 123
86 8
86 13
86 15
86 17
86 18
86 22
86 26
86 35
86 37
87 2
87 4
87 9
87 10
87 17
87 23
87 25
87 38
87 40
87 45
87 50
87 56
87 68
87 70
87 71
87 74
87 77
87 78
90 7
90 18
90 24
90 29
90 35
90 36
90 38
90 39
90 43
90 51
90 53
90 55
90 61
90 82
90 87
90 90
90 91
90 195
90 201
90 208
90 211
92 8
92 10
93 29
93 30
93 70
93 88
93 90
93 96
93 97
93 98
93 101
94 1
94 3
94 6
95 2
95 6
95 7
95 8
95 20
95 21
95 25
95 26
95 29
95 36
95 41
95 45
95 47
95 66
97 29
97 46
97 47
97 50
97 52
97 53
97 55
97 67
97 75
97 77
97 84
97 91
97 96
97 127
97 144
97 154
97 160
97 166
97 167
97 173
97 176
97 201
97 210
97 214
97 222
97 224
97 225
100 12
100 17
100 30
100 38
100 56
100 63
100 82
100 86
100 99
100 101
100 102
100 104
100 106
100 112
100 117
100 132
100 146
100 148
100 151
100 154
100 162
100 172
100 173
100 177
100 192
100 193
100 195
100 198
100 199
100 200
100 210
100 212
100 219
100 220
100 225
100 231
100 235
100 238
100 253
100 254
100 255
100 274
100 285
100 286
100 296
100 301
100 312
100 317
100 323
100 325
100 326
101 6
101 10
101 11
101 15
101 21
101 61
101 62
101 69
101 70
101 87
101 89
101 90
101 91
101 98
101 101
101 103
101 124
101 132
101 135
101 143
101 152
101 157
101 163
101 165
102 3
102 14
102 78
102 127
102 129
102 130
102 139
102 157
102 172
103 3
103 4
103 8
103 14
103 15
103 23
103 25
103 43
103 44
103 49
103 54
103 63
103 64
103 66
103 69
103 70
103 71
103 78
103 100
103 105
103 108
103 114
103 124
103 128
103 132
103 137
103 138
103 141
103 150
103 151
103 156
104 31
104 36
104 45
105 4
105 10
105 15
105 22
105 25
105 42
105 58
106 17
106 18
106 26
106 29
106 31
106 34
106 165
106 172
106 177
106 179
106 210
106 212
106 223
106 225
106 234
106 238
