1 1
1 3
1 5
1 6
1 24
1 27
1 40
1 41
1 43
1 52
1 54
2 12
2 13
2 19
2 21
2 23
2 25
4 1
5 2
5 4
5 12
5 16
5 24
5 26
5 29
5 32
5 33
5 61
5 67
5 79
5 84
5 85
5 89
6 2
6 10
6 13
6 18
6 20
6 25
6 27
6 34
6 91
6 92
6 93
6 94
6 98
6 99
6 101
6 109
6 125
6 133
7 6
7 11
7 24
7 29
7 37
7 38
7 41
7 44
7 52
7 54
8 1
8 9
8 13
8 14
8 15
8 19
8 38
8 42
8 48
8 55
8 58
8 61
8 72
10 124
10 128
10 129
10 132
10 136
10 149
11 6
11 11
11 14
11 21
11 24
11 25
11 29
11 32
11 35
11 37
11 52
11 56
11 63
11 65
11 71
11 89
11 95
11 99
11 100
11 109
11 111
11 123
11 180
11 196
11 199
12 2
12 13
12 19
12 20
12 25
12 34
12 35
14 24
14 26
14 30
14 32
14 42
14 45
14 49
14 52
14 55
14 56
14 57
14 72
14 73
16 27
17 1
17 3
17 11
17 12
17 20
17 31
17 36
17 37
18 26
19 3
19 11
19 17
19 22
19 28
19 31
19 38
19 39
19 40
19 42
19 46
19 49
19 55
19 56
19 68
19 70
20 20
21 7
21 10
21 18
21 25
21 27
21 28
21 29
22 1
22 14
22 18
22 29
26 55
26 58
26 70
27 3
27 4
27 21
27 34
27 45
27 54
28 4
28 17
28 19
28 33
28 43
28 56
28 61
28 63
28 64
28 72
28 85
28 89
28 92
28 100
28 112
28 121
28 125
28 131
28 133
28 134
28 136
28 157
28 168
28 175
28 179
30 22
30 26
30 33
30 41
30 45
30 46
30 50
30 56
30 71
30 73
30 77
30 79
30 88
30 92
30 102
30 108
30 109
30 113
30 212
30 213
30 224
30 225
30 228
30 231
30 234
30 241
30 242
30 244
33 81
33 85
33 100
33 107
33 113
33 118
33 119
33 124
33 130
33 144
33 149
33 156
33 163
33 169
33 187
33 196
33 218
34 9
34 10
34 15
34 16
34 20
34 26
34 27
34 30
34 39
34 45
34 51
34 52
34 57
34 61
34 68
34 73
35 3
37 33
37 34
37 44
37 46
37 50
37 51
37 53
37 56
37 63
37 198
37 204
37 205
37 210
37 211
37 223
37 243
37 244
38 28
38 29
38 32
38 76
38 149
38 152
38 153
38 168
38 175
38 180
38 184
38 188
38 189
38 195
38 207
38 215
38 217
38 218
38 223
38 224
38 229
38 243
38 245
38 250
38 258
38 281
38 282
38 308
38 317
38 331
38 332
38 361
38 379
38 389
38 398
38 400
38 401
38 404
38 405
38 414
38 415
38 418
38 432
38 433
38 437
38 453
38 471
39 16
40 2
40 8
40 11
40 14
40 52
42 7
42 14
42 32
42 42
42 52
42 54
42 67
42 74
42 75
42 80
42 81
42 83
42 84
42 88
42 90
42 94
42 95
42 101
43 1
43 22
43 31
44 1
44 5
44 11
45 6
45 8
47 4
47 10
47 11
47 12
47 32
48 42
48 48
48 58
48 80
48 88
48 91
48 93
49 15
49 16
49 36
50 3
50 9
50 17
50 23
50 38
50 48
50 51
51 59
51 60
52 21
52 25
52 26
53 1
53 5
53 8
53 12
53 19
53 22
53 32
53 36
53 45
53 61
53 65
53 69
53 83
53 98
53 104
53 119
53 124
53 125
53 128
54 2
54 3
54 9
54 12
54 21
54 24
54 27
54 29
54 31
54 32
54 43
54 51
58 5
58 6
58 8
58 9
58 13
58 30
58 31
58 35
58 43
58 55
58 57
59 11
59 26
59 34
59 35
59 45
59 46
60 8
60 21
60 26
60 31
60 33
61 2
61 4
61 8
61 144
61 146
61 147
62 2
63 10
63 15
63 19
63 20
63 21
63 25
63 30
64 7
64 17
64 18
64 22
64 27
64 31
64 36
64 41
64 44
64 47
65 5
65 12
65 13
65 14
65 16
65 24
65 34
65 38
65 47
65 48
65 50
65 54
65 58
65 61
65 65
65 69
65 74
65 75
66 19
66 24
66 32
66 39
66 55
66 61
66 68
66 70
66 75
66 81
66 89
66 130
66 133
68 19
68 24
68 25
68 29
69 10
69 11
69 12
69 14
69 28
69 30
69 32
69 33
69 35
70 2
75 31
75 32
75 33
75 36
75 50
75 56
76 22
76 27
76 28
76 29
76 35
76 39
76 42
76 44
76 50
76 52
76 62
76 66
76 68
76 88
76 90
76 92
76 94
76 98
76 100
76 102
76 116
76 118
76 127
77 11
77 12
77 14
77 15
77 18
77 21
77 23
77 30
77 31
77 32
77 34
77 41
78 2
78 3
78 5
78 14
78 24
78 36
78 39
78 41
79 7
79 10
79 11
79 12
79 15
79 26
79 31
79 81
79 82
79 83
79 85
79 87
79 90
79 97
79 98
80 5
80 6
80 14
80 21
83 14
83 19
83 24
83 25
83 26
83 29
83 35
83 41
83 45
83 48
83 50
83 56
83 59
83 60
83 69
83 71
83 73
84 1
84 13
84 21
84 28
84 42
85 11
85 19
85 31
85 44
85 47
85 48
85 54
85 58
85 61
85 65
85 84
85 86
85 89
85 96
85 103
86 21
86 31
86 32
86 34
86 42
86 120
86 132
86 133
86 141
86 149
86 150
86 151
86 157
86 245
86 253
86 254
87 30
87 41
87 46
87 47
87 49
87 50
87 51
87 57
87 59
87 64
87 65
87 67
87 70
87 77
87 86
87 94
87 101
88 2
88 8
88 12
88 16
88 17
88 21
88 22
88 30
89 55
89 113
89 115
89 128
90 7
90 9
90 47
90 48
90 54
90 60
90 66
90 72
90 83
90 99
90 103
90 105
90 111
90 112
90 216
90 219
90 222
90 223
90 226
90 337
90 339
90 340
90 345
91 19
91 20
92 1
92 3
92 73
92 76
92 78
92 87
92 100
92 103
92 105
93 8
93 13
93 16
94 7
94 8
94 11
95 2
95 5
95 6
95 9
95 13
95 14
96 2
96 5
96 14
96 17
96 21
96 23
96 36
96 44
96 54
96 61
96 66
96 68
96 70
96 76
96 93
96 96
96 97
96 103
96 106
96 110
96 111
96 112
96 116
96 117
96 125
96 130
96 140
96 145
96 148
96 153
96 160
96 165
96 170
96 186
96 188
96 212
96 217
96 227
96 240
96 252
96 259
97 1
97 6
97 7
97 19
98 11
98 14
98 21
98 35
98 38
98 45
98 47
98 49
99 74
99 79
99 83
99 86
99 89
99 94
99 96
100 10
100 11
100 17
100 23
100 33
101 3
101 5
101 10
101 18
101 29
101 49
101 54
101 60
101 65
101 80
101 97
101 106
101 111
101 124
101 216
101 217
101 218
101 227
101 233
101 242
101 268
101 274
101 278
101 279
101 281
101 284
102 4
102 13
102 24
102 28
102 36
103 26
103 28
103 31
103 33
103 36
103 44
103 49
103 69
103 70
103 76
103 78
103 79
103 83
103 89
103 97
103 101
103 107
103 110
103 121
103 127
103 142
104 29
104 33
104 34
104 47
104 54
104 60
106 4
106 6
106 7
106 13
106 73
106 77
106 78
106 86
106 88
106 91
106 92
106 93
106 97
106 106
106 108
107 54
107 63
107 70
107 71
107 75
107 80
107 84
107 86
107 94
107 103
107 105
107 106
107 109
107 111
108 94
108 97
108 110
109 3
109 9
109 21
109 43
109 55
109 59
109 68
109 77
109 80
109 81
109 83
109 93
109 99
109 110
109 119
