4 19
4 20
4 24
4 25
4 31
4 32
4 33
4 37
4 45
4 64
4 65
4 68
4 69
4 70
4 71
4 74
4 75
4 76
4 78
4 80
5 5
5 10
5 11
5 16
5 22
5 34
5 35
6 7
6 8
6 21
6 22
6 24
6 25
6 26
8 2
8 14
8 16
8 41
8 57
9 6
9 10
9 13
9 15
9 24
10 5
11 10
11 112
11 114
11 115
11 116
11 121
11 124
11 125
11 157
11 158
11 161
11 162
11 165
11 169
11 181
11 187
11 189
11 190
11 192
11 195
11 202
11 215
11 219
11 221
11 239
11 242
11 250
11 251
11 252
11 253
11 256
11 261
11 268
11 270
11 271
12 12
12 19
12 22
12 28
12 31
12 37
12 43
12 45
12 49
12 55
12 56
12 59
13 16
13 20
13 151
13 161
14 1
14 3
14 5
14 6
14 7
14 11
14 14
14 17
14 31
14 32
14 39
14 49
14 52
15 3
15 10
15 14
15 15
15 22
15 35
17 5
17 13
17 16
17 26
17 27
17 29
17 30
17 38
17 47
17 51
17 53
17 66
17 72
17 81
17 82
17 89
17 93
17 98
17 106
18 1
18 2
18 10
19 2
19 4
19 6
19 18
19 21
19 22
19 23
19 42
19 52
19 57
19 58
19 59
19 62
19 63
19 70
19 82
20 4
20 19
20 20
20 27
20 40
20 41
20 42
20 46
20 47
20 53
20 67
20 70
21 13
21 14
21 22
23 2
23 7
23 11
24 10
24 11
24 15
25 2
25 16
25 19
25 23
25 27
25 31
25 35
25 38
25 41
25 48
25 50
25 59
25 66
26 6
26 7
26 29
26 42
26 53
27 5
27 14
27 50
27 52
27 60
27 81
27 90
27 95
27 98
31 57
31 63
31 94
31 95
31 96
33 1
33 24
33 25
33 51
33 55
33 71
33 83
33 90
33 91
33 92
34 49
34 53
34 55
34 57
34 73
34 80
34 81
35 45
35 51
35 62
35 66
35 72
35 81
35 83
35 84
35 100
35 101
35 105
35 109
35 114
35 124
35 127
35 131
35 133
35 136
35 142
35 148
35 161
35 162
35 165
37 37
37 42
37 43
38 2
39 50
39 51
39 52
39 65
39 66
39 72
39 74
39 75
40 6
40 7
40 16
40 19
40 20
40 27
40 57
40 59
40 60
40 73
40 83
40 84
40 91
40 94
40 97
40 101
40 108
40 114
40 116
40 120
40 127
40 132
40 136
40 137
40 140
40 142
40 143
40 144
40 147
40 148
40 149
40 152
41 3
41 5
41 6
41 9
41 15
41 24
41 25
41 39
41 41
41 42
41 49
41 56
42 66
42 69
42 74
43 5
43 9
43 14
43 18
43 24
43 44
43 52
43 53
43 54
43 65
43 67
43 68
43 70
43 86
44 8
44 9
44 10
44 17
44 29
44 32
44 44
44 52
44 71
44 84
44 87
44 91
44 96
45 1
45 3
45 8
45 12
45 14
45 15
45 19
45 23
45 25
45 27
45 38
45 46
45 49
46 1
46 3
46 5
46 10
46 11
46 17
47 6
47 7
47 11
47 13
47 20
47 25
47 27
47 41
47 42
49 2
51 8
51 9
51 18
51 19
51 27
51 35
51 40
51 41
51 57
51 71
51 81
51 82
51 84
54 43
54 49
56 15
56 17
60 41
60 49
60 50
60 51
60 54
60 58
60 60
60 61
60 62
60 76
60 88
60 89
60 90
60 92
60 93
60 98
60 101
60 107
60 108
60 112
60 113
60 116
60 125
61 3
61 9
61 13
61 15
61 17
61 25
61 28
61 33
61 36
61 42
61 44
61 119
61 127
62 1
62 3
64 22
64 25
64 28
64 34
64 57
64 60
64 61
65 1
65 8
65 12
66 9
66 10
66 11
66 17
66 23
66 29
66 31
66 33
66 34
66 36
66 38
66 41
66 42
66 54
66 55
66 58
66 60
66 66
66 80
66 85
66 91
66 92
66 118
66 120
66 125
66 133
66 139
66 147
66 155
66 166
66 205
66 206
66 212
66 230
66 237
66 238
66 246
66 248
66 251
66 253
66 254
66 255
66 270
66 283
66 284
66 285
66 287
66 299
66 310
66 312
67 29
67 30
67 32
67 33
67 40
67 45
67 47
67 57
67 59
67 70
67 75
67 92
67 96
68 11
68 14
68 23
68 42
68 52
68 60
68 70
68 77
68 80
69 5
69 14
69 15
69 17
69 22
69 27
69 37
72 22
72 30
72 42
72 45
72 48
72 50
72 156
72 158
73 2
73 5
73 10
73 20
73 22
73 26
73 36
73 43
73 46
73 49
73 52
73 54
73 108
73 109
73 111
73 114
73 146
73 173
73 174
73 179
73 186
73 187
73 189
73 193
73 201
74 2
74 3
74 21
74 23
74 30
74 35
74 36
74 48
76 75
76 80
76 85
76 100
76 103
76 107
76 111
76 122
76 135
76 141
77 2
77 14
77 17
77 41
77 54
77 56
79 9
79 34
79 36
79 38
79 40
79 43
79 44
79 48
80 35
80 55
80 56
80 57
80 76
80 86
80 88
80 89
80 101
80 110
80 111
80 261
80 265
80 268
80 346
80 350
80 362
80 365
80 368
80 371
80 412
80 416
80 419
80 509
80 511
80 515
80 535
81 1
81 8
81 28
81 46
81 53
81 58
81 61
81 67
81 73
81 80
82 8
82 9
82 11
82 13
82 19
82 31
82 32
82 36
82 39
84 52
84 65
84 76
84 77
84 80
84 86
85 8
85 11
85 16
85 24
85 34
85 36
85 37
85 40
86 33
86 35
86 44
86 51
86 52
86 53
86 61
86 63
86 64
86 67
86 71
86 73
86 74
86 78
86 91
86 96
86 103
86 111
86 131
86 134
86 141
86 151
88 24
88 27
88 37
89 1
89 7
89 11
89 15
89 18
89 21
89 30
89 33
89 38
89 58
89 59
89 62
89 69
89 73
89 78
89 80
89 90
89 92
89 93
89 116
89 117
89 123
90 3
90 7
90 14
90 16
90 18
90 21
90 26
90 35
90 37
91 5
92 3
92 4
93 12
93 13
95 12
95 21
95 22
95 23
95 25
95 27
95 34
95 39
95 51
95 54
95 55
95 60
95 77
95 213
95 214
95 215
95 217
95 220
95 221
95 224
95 243
95 246
95 249
95 251
95 259
95 265
95 275
95 276
95 278
95 285
95 293
95 296
95 297
95 321
95 322
95 328
95 333
95 335
96 38
96 49
96 62
96 64
96 65
96 69
96 70
96 72
96 88
96 101
96 105
96 109
97 1
97 3
97 26
97 34
98 10
98 26
98 28
99 8
99 9
99 10
99 11
99 13
99 14
99 28
100 1
102 104
102 106
102 112
102 114
102 141
102 144
102 145
102 149
102 155
102 157
102 167
102 171
102 177
102 185
102 187
102 189
102 202
102 207
102 208
102 221
102 223
102 234
102 235
102 238
102 240
102 241
102 248
102 251
102 261
102 262
103 6
103 14
103 16
103 21
103 37
103 41
103 69
103 70
103 75
103 76
103 83
103 85
105 57
105 74
105 80
105 82
105 85
105 88
105 89
105 94
105 95
105 97
105 103
105 116
105 117
105 129
105 139
105 142
105 149
105 164
105 167
105 175
105 176
105 180
105 190
105 199
105 200
105 211
105 217
105 220
105 234
105 240
105 243
106 9
106 11
106 21
106 29
106 30
106 33
106 42
106 45
106 47
106 68
106 73
106 74
106 81
106 85
106 87
106 94
106 99
106 112
106 113
106 124
106 125
107 13
107 28
107 33
107 38
107 48
107 50
107 51
107 53
107 54
107 64
108 9
108 14
108 16
108 22
108 59
109 6
109 29
109 35
109 41
109 46
109 57
109 58
109 73
109 74
109 82
109 86
109 87
110 1
110 5
110 28
111 4
111 7
111 9
111 13
111 22
111 23
111 27
111 29
112 5
112 11
112 20
112 26
112 27
112 34
112 42
112 51
112 55
112 56
112 60
112 63
112 74
112 81
112 82
113 2
113 5
113 7
113 22
113 33
113 40
113 45
113 66
113 67
114 1
114 10
114 13
115 2
115 3
115 6
115 12
115 14
115 24
115 26
115 41
115 44
115 76
115 77
115 84
115 89
115 93
115 99
115 107
115 136
115 144
115 207
115 231
116 2
116 9
116 15
116 18
116 33
116 43
116 48
116 49
116 50
116 52
116 62
117 57
120 51
120 72
120 82
120 83
120 84
120 91
120 93
120 98
120 99
120 103
120 105
121 7
122 16
122 20
122 22
