1 3
1 6
1 10
1 15
1 25
1 28
1 31
1 34
1 37
2 77
2 91
5 4
5 5
5 16
5 19
5 20
5 24
5 25
5 29
5 33
5 38
5 40
5 47
5 52
5 55
5 56
5 63
5 67
6 1
6 3
6 7
6 10
6 14
6 23
6 25
6 40
6 44
6 45
6 48
6 71
6 86
6 216
6 221
6 229
6 231
6 232
6 241
6 245
6 256
6 269
6 272
7 38
7 51
8 1
8 10
9 4
9 11
9 15
9 18
9 26
9 31
9 34
9 35
10 2
10 16
10 17
10 33
10 36
10 41
10 45
11 6
11 7
11 8
11 9
11 14
11 21
11 27
11 30
11 36
11 72
11 77
11 80
11 91
11 94
11 97
11 103
11 109
11 113
11 115
11 116
11 117
11 146
11 147
11 157
12 10
12 11
12 15
12 18
12 19
13 5
13 11
13 14
13 19
13 21
13 25
13 27
13 28
14 16
14 20
16 10
16 14
16 16
16 21
16 23
16 28
16 34
16 38
16 45
16 48
16 52
16 59
16 63
16 65
16 66
16 73
16 78
16 87
16 91
16 93
16 96
16 99
16 103
16 106
16 115
16 121
16 124
16 128
17 1
17 4
17 7
17 10
17 13
17 20
17 37
18 9
18 20
18 23
18 33
18 40
18 61
19 5
19 14
19 19
19 29
19 32
19 35
21 10
21 15
21 21
21 32
21 36
21 42
21 50
21 52
21 54
21 63
21 69
21 71
21 73
21 77
21 79
21 80
23 11
23 16
23 20
23 24
23 28
23 29
23 30
23 33
23 42
23 43
23 55
23 68
23 80
23 92
23 102
23 132
23 253
23 262
24 2
24 3
24 6
24 9
24 12
24 14
24 15
24 21
24 28
24 33
25 3
25 7
25 10
26 43
26 48
26 49
26 51
26 53
26 54
26 55
26 56
26 60
26 61
26 68
26 75
26 84
26 93
26 97
26 110
26 116
26 119
28 17
28 22
28 33
28 38
28 43
28 44
28 45
28 46
28 47
28 58
28 59
28 68
29 2
29 11
29 16
29 18
29 20
29 28
29 32
29 41
29 48
29 52
29 53
29 55
29 56
29 59
30 3
30 5
30 8
30 11
30 13
30 15
30 17
30 21
30 22
30 24
31 1
31 5
31 21
31 26
31 30
31 35
31 41
31 42
31 46
31 48
31 51
31 53
31 55
31 63
31 65
31 71
31 81
31 85
31 114
31 130
31 133
31 134
31 137
31 149
31 157
31 158
31 161
31 164
31 174
31 176
32 38
32 47
32 53
32 57
32 72
32 74
32 84
32 92
32 100
32 108
32 113
32 115
32 126
32 149
32 155
33 126
33 132
33 134
33 135
33 137
34 1
34 9
34 24
34 57
34 65
34 75
34 78
34 87
34 88
34 94
34 105
34 107
35 8
35 9
37 38
37 44
37 46
37 54
37 58
37 68
37 82
37 92
37 96
37 100
37 115
37 124
37 145
37 153
38 48
38 55
38 58
38 67
38 71
38 73
38 79
38 85
38 87
38 90
38 93
38 94
38 95
38 97
38 99
38 102
38 123
38 128
38 131
38 145
38 151
38 154
38 156
38 163
38 172
38 183
38 185
38 191
39 44
39 45
39 50
39 87
39 93
39 94
39 96
39 106
39 110
39 115
39 122
39 124
39 128
39 129
39 141
39 142
39 148
39 160
40 1
40 4
40 7
40 8
40 15
40 18
41 92
41 97
41 98
41 104
41 114
41 117
41 118
41 122
41 126
41 134
41 135
41 137
41 147
41 148
41 159
41 163
43 1
43 2
43 5
43 7
43 12
43 15
43 17
43 19
43 22
43 30
43 41
43 42
43 46
43 47
43 51
43 52
43 53
43 62
43 64
43 66
43 73
43 85
43 98
43 106
43 117
43 124
43 125
43 129
43 131
43 135
43 136
44 1
44 2
45 4
45 13
45 24
45 36
45 37
45 44
45 49
45 51
45 53
45 55
47 63
47 70
47 73
47 74
47 78
47 84
47 85
47 94
47 96
47 98
48 12
48 16
48 25
48 31
48 35
48 37
48 40
48 44
48 49
48 50
48 53
48 54
48 55
48 63
48 66
51 8
52 1
52 7
52 9
52 16
52 17
55 9
55 11
55 13
55 22
55 25
55 36
55 37
56 18
56 26
56 27
56 38
56 40
56 44
56 48
56 55
56 56
56 98
56 103
56 105
56 106
56 108
57 4
57 6
57 13
57 16
57 20
57 22
57 24
57 28
57 32
57 41
57 43
57 46
57 52
57 56
57 57
57 60
57 66
57 68
57 72
57 82
57 102
57 103
57 122
57 137
57 138
57 143
57 146
57 160
57 169
57 186
57 188
57 195
57 196
57 197
57 200
57 222
57 226
57 245
57 265
57 269
57 273
57 276
57 277
57 278
58 16
58 17
58 19
59 2
59 5
59 13
59 28
60 4
61 37
61 57
61 64
61 69
61 70
61 81
61 87
61 88
61 92
61 230
61 236
61 243
61 248
61 249
61 252
61 259
61 276
61 277
61 282
62 14
62 17
62 18
62 27
62 28
62 30
62 39
62 40
62 48
62 52
62 64
62 70
62 76
62 78
62 79
62 80
62 94
62 99
62 101
62 105
62 121
62 137
62 144
62 145
62 156
62 161
63 4
63 10
63 29
63 31
63 32
63 35
63 39
63 40
63 41
63 42
63 54
63 56
63 66
63 81
63 96
63 99
64 1
66 5
66 10
66 12
67 12
67 20
67 24
67 29
67 32
67 40
67 53
67 54
67 55
67 56
67 67
68 5
68 15
68 18
68 36
68 37
68 47
68 49
68 111
68 113
68 116
68 124
68 136
68 140
68 147
68 170
68 171
68 174
68 175
68 185
68 186
68 192
68 194
68 210
68 240
68 252
68 261
68 262
68 265
68 266
68 270
68 274
68 292
68 300
68 325
68 367
68 369
68 371
68 378
68 381
68 391
68 412
69 6
69 8
69 26
69 27
69 29
69 33
69 37
69 38
69 45
69 57
69 64
71 2
71 9
71 14
71 25
71 33
71 44
71 46
71 52
72 2
72 8
72 13
72 20
72 22
72 27
72 46
72 49
72 77
72 84
72 86
72 87
72 91
73 4
73 14
73 21
73 22
73 23
73 25
73 32
73 33
73 36
73 38
74 70
74 75
74 88
76 43
76 45
76 47
76 48
76 59
76 62
77 1
77 11
77 12
77 16
77 18
77 21
77 25
77 26
77 27
77 28
77 29
78 4
78 11
78 12
79 1
79 12
79 19
80 23
80 24
80 28
80 33
80 34
80 36
80 43
80 45
80 50
80 52
80 63
80 65
80 77
80 79
80 81
80 97
80 99
80 108
80 117
80 118
82 9
82 19
83 4
83 5
83 21
83 24
83 28
83 31
83 38
83 42
83 43
83 46
83 139
83 161
83 182
83 185
83 188
83 189
83 193
83 197
83 212
83 241
83 246
83 260
83 270
83 275
83 277
84 1
85 3
85 14
85 21
85 27
85 28
85 41
85 44
85 49
85 53
85 55
85 62
85 139
85 140
85 142
86 20
86 24
86 26
86 29
86 34
86 35
86 38
86 43
86 56
86 58
86 61
86 62
86 111
86 117
86 126
87 4
87 7
87 13
87 15
87 23
87 24
87 31
87 40
87 46
87 55
87 57
87 60
87 62
87 64
87 69
87 71
87 74
87 80
87 82
87 84
87 87
87 93
87 96
87 99
87 105
87 107
87 110
87 111
87 113
87 123
87 129
87 139
88 2
88 3
88 9
88 12
88 13
88 14
88 21
88 23
88 26
88 28
88 29
88 40
88 41
88 44
88 48
88 52
88 54
88 64
88 65
88 197
88 199
89 67
89 81
89 92
89 93
89 94
89 106
89 112
89 115
89 116
89 117
89 118
89 123
89 152
89 155
89 162
89 168
89 172
90 4
90 10
90 32
90 33
90 35
90 36
90 38
90 47
90 55
90 63
91 10
94 59
94 61
94 62
94 66
94 70
94 74
94 79
94 80
95 2
95 10
95 26
95 28
95 31
95 34
95 45
95 52
95 59
95 110
95 123
95 131
95 273
97 19
97 29
97 31
97 33
97 45
97 60
97 67
97 70
97 73
97 78
97 86
99 22
99 24
99 27
99 30
99 38
99 40
99 42
99 46
99 99
99 110
99 116
99 122
100 6
100 7
100 22
100 28
100 35
103 23
103 32
103 35
103 38
103 41
103 42
103 48
103 53
103 57
103 58
103 60
103 71
103 81
103 82
103 84
103 98
105 60
105 62
105 71
105 72
105 104
105 108
105 110
105 111
105 118
