1 4
1 9
2 1
2 19
2 44
2 47
2 48
2 54
2 56
2 58
3 12
4 5
4 21
4 41
4 43
4 44
4 47
4 51
4 53
4 54
4 62
4 69
4 94
4 96
5 5
5 8
6 4
6 15
6 50
6 52
6 53
7 2
7 33
7 35
7 52
7 59
8 58
8 67
8 69
8 79
8 80
8 87
8 103
8 104
8 115
8 121
8 123
8 130
8 134
8 145
9 1
10 6
10 17
10 20
10 22
10 23
10 29
10 32
10 35
10 50
11 12
11 14
11 16
11 26
11 34
11 36
12 17
12 21
12 27
13 88
13 94
13 95
13 96
13 118
13 124
13 128
13 189
13 195
13 196
13 200
13 204
13 206
13 208
13 218
13 222
13 223
16 17
16 18
16 25
16 26
17 9
17 20
17 21
17 29
17 30
17 37
17 39
17 44
17 64
18 1
18 5
18 29
18 32
18 44
18 45
19 7
19 12
19 13
19 15
19 18
19 20
19 24
19 36
19 40
19 43
19 46
19 58
19 67
19 79
20 4
21 14
21 18
21 27
21 31
21 46
21 47
21 51
21 66
22 6
22 7
22 15
22 18
22 33
22 35
22 46
22 48
22 57
22 59
22 61
23 74
23 93
23 94
23 102
23 106
23 107
23 116
23 120
23 123
24 11
26 111
26 120
27 73
27 150
27 151
27 160
27 163
29 38
29 41
29 65
29 73
29 81
29 89
29 90
29 93
29 95
29 98
29 111
29 112
29 116
29 119
29 122
29 124
29 126
29 133
29 134
29 139
29 153
29 158
29 174
29 175
29 176
29 183
29 187
29 189
29 197
29 202
29 215
29 216
29 242
29 256
29 265
29 269
29 270
29 272
29 274
29 276
29 286
29 288
29 302
29 304
29 307
29 321
29 337
29 338
29 341
29 342
29 365
29 377
29 378
29 386
30 3
30 7
30 8
30 9
30 17
30 31
30 35
30 36
30 42
31 7
31 11
31 12
31 23
31 24
31 27
31 32
31 47
31 54
32 4
32 7
32 10
32 16
32 17
32 19
32 20
32 40
32 43
32 47
32 48
32 50
32 51
32 186
32 188
32 195
32 209
32 214
32 220
32 249
32 252
32 262
32 265
32 279
32 284
32 289
32 295
32 296
32 305
32 313
32 322
32 330
32 337
32 381
32 384
32 392
32 405
32 413
32 423
32 424
32 429
32 431
32 458
32 460
33 5
33 43
33 45
34 9
34 14
34 15
36 48
37 22
38 4
38 5
38 18
38 20
38 26
38 27
39 13
39 15
39 21
39 27
39 40
39 42
40 4
40 14
40 18
41 29
41 33
41 36
41 41
41 45
41 50
41 59
41 61
42 1
42 18
42 19
42 21
42 28
42 32
42 33
42 45
42 53
42 62
42 74
42 75
42 81
42 93
42 98
42 112
42 122
42 123
42 128
42 130
42 131
42 133
42 148
42 152
42 153
42 161
42 163
42 169
42 171
42 175
42 178
42 188
42 192
42 194
42 196
43 4
43 6
43 8
43 11
43 146
44 1
44 9
44 14
44 17
44 20
44 35
44 37
44 39
44 55
44 60
44 64
44 73
44 77
44 79
44 86
44 88
44 92
45 1
45 3
45 9
45 10
45 18
47 34
47 35
47 41
47 50
47 52
47 108
47 112
48 1
48 8
48 9
48 20
48 24
48 25
48 28
48 39
48 53
48 58
48 59
48 64
48 68
48 69
49 5
49 6
49 7
49 8
49 11
49 13
49 23
49 27
49 28
49 33
49 34
49 38
49 49
49 66
49 71
50 14
50 17
50 23
50 31
50 38
50 45
50 46
50 49
50 50
50 53
50 56
50 57
50 61
50 62
50 64
50 65
50 68
50 74
50 81
51 5
51 6
51 52
51 54
51 59
51 61
51 62
51 64
51 65
51 73
51 76
51 83
51 85
51 88
51 99
51 103
51 106
51 236
51 237
51 241
51 248
51 258
51 264
51 265
51 271
51 272
51 282
51 283
51 287
51 307
51 310
51 325
51 340
51 343
51 344
51 347
51 349
51 350
51 351
51 354
51 378
52 8
52 15
52 33
52 34
52 35
52 37
52 38
52 39
52 45
52 59
52 83
52 88
52 89
53 1
53 2
53 7
53 14
53 18
53 20
53 22
53 55
53 58
53 78
53 79
53 101
53 109
53 115
53 117
53 134
53 140
53 144
53 145
53 148
53 161
53 162
53 166
53 172
53 184
54 3
54 5
54 18
54 30
54 31
54 47
54 59
54 60
55 8
55 16
56 9
56 24
56 26
56 27
57 5
57 7
57 10
57 14
58 13
58 19
58 23
64 9
64 27
64 35
64 51
64 53
65 1
67 17
68 5
68 28
68 31
68 34
68 39
68 43
68 45
69 3
69 5
69 6
69 18
69 37
69 38
69 51
69 72
69 76
69 80
69 82
69 85
69 148
69 161
69 165
69 168
69 182
69 183
69 186
69 193
69 200
69 205
69 208
69 213
69 214
69 215
69 220
69 221
69 350
69 357
69 358
69 367
69 368
72 25
72 27
72 31
72 32
72 40
72 42
72 59
72 61
72 67
72 69
72 71
72 72
72 81
72 84
72 90
72 97
72 98
72 105
72 106
72 107
72 111
72 115
72 116
72 122
72 125
72 128
72 131
72 133
72 143
72 148
72 186
72 196
72 200
72 201
72 204
72 220
72 221
72 295
72 298
72 305
72 315
72 317
72 323
72 329
72 332
72 335
72 336
72 347
72 349
72 350
72 356
72 358
72 362
72 364
72 366
72 377
73 1
73 7
73 8
74 2
74 4
74 10
74 19
74 23
74 35
74 38
74 41
74 42
74 43
74 48
74 52
74 54
74 55
74 58
74 69
74 82
75 1
78 37
78 83
78 84
78 88
78 92
78 96
78 98
78 112
80 7
80 19
80 32
80 33
80 41
80 51
80 54
80 55
80 76
80 79
80 80
80 82
81 21
81 30
81 44
82 5
82 10
82 18
82 85
82 87
82 99
82 102
82 107
82 112
82 114
82 116
82 117
82 125
82 126
82 129
82 136
82 139
82 145
82 154
82 167
82 172
82 178
82 179
82 181
82 314
82 319
82 352
82 365
82 366
82 369
82 371
82 375
82 383
83 7
83 9
83 10
83 19
85 5
85 8
85 25
85 36
85 48
85 84
85 85
85 95
85 101
85 106
85 111
85 112
85 114
85 117
85 121
85 124
86 3
86 4
86 5
86 17
86 34
86 37
86 40
86 42
86 43
86 46
87 3
87 7
87 10
87 13
87 15
87 18
88 63
89 8
89 13
90 8
90 17
90 18
90 20
90 21
90 27
91 1
91 3
91 7
91 8
91 16
93 100
93 107
93 108
94 4
94 9
95 2
95 8
95 9
95 19
95 22
95 24
97 11
97 17
97 19
97 28
97 37
97 47
97 51
97 53
97 55
97 56
97 58
97 63
97 65
97 66
97 74
97 83
98 138
98 159
98 165
98 173
98 179
98 181
99 1
99 3
99 5
99 9
99 12
100 2
100 11
100 12
100 14
101 4
102 10
102 13
102 17
102 19
102 27
102 29
102 33
102 38
102 45
102 48
102 50
102 64
102 70
102 78
102 91
102 112
102 113
102 118
102 128
102 145
102 148
102 152
102 158
102 161
102 165
102 166
102 167
102 174
102 175
102 180
104 46
104 50
104 52
104 56
104 59
105 5
105 13
105 23
105 27
105 29
105 31
108 2
108 3
108 11
108 22
108 24
108 27
109 9
109 12
109 13
109 23
109 26
109 27
109 28
109 31
110 5
110 12
110 16
110 17
110 30
110 39
110 40
110 42
110 44
110 59
110 74
110 92
111 1
111 35
111 46
111 49
112 59
112 60
