2 1
2 3
2 16
2 20
2 21
2 28
2 29
3 15
3 16
3 21
3 24
3 32
3 33
4 7
4 11
4 13
4 14
4 29
4 35
4 37
5 10
5 12
5 14
5 21
5 22
5 28
5 36
5 38
5 45
5 52
5 54
5 55
5 60
5 73
6 4
8 51
8 59
8 68
8 79
8 80
8 84
8 94
8 98
8 102
9 13
9 36
9 49
9 52
9 67
9 73
9 74
9 79
9 130
9 132
9 136
9 144
9 145
9 146
9 147
9 153
9 157
9 177
9 188
9 191
9 193
9 197
9 202
9 203
11 77
11 78
11 91
11 92
11 97
11 103
11 109
12 51
12 54
12 63
12 77
12 79
12 87
12 92
12 109
12 115
12 117
14 7
14 18
14 30
14 32
14 40
15 8
15 9
15 10
15 11
15 13
15 17
15 20
15 24
15 26
15 31
15 32
15 41
15 42
15 45
15 50
15 51
15 54
15 56
15 63
15 64
15 70
15 74
15 76
15 78
15 81
15 84
15 85
15 91
15 102
15 104
15 112
15 127
15 128
15 134
15 144
15 161
15 165
15 173
16 8
16 11
16 14
16 16
16 23
16 25
16 31
16 35
16 38
16 56
16 65
16 72
16 81
16 82
16 85
16 91
16 93
16 103
16 104
16 110
16 116
16 119
17 65
17 66
17 72
17 77
17 79
17 95
17 96
17 97
17 209
17 218
17 223
18 18
18 27
18 29
18 94
18 96
18 101
18 107
18 109
18 111
18 120
19 4
19 5
19 8
19 10
19 17
19 18
19 28
19 36
19 38
19 47
19 48
19 51
22 2
22 13
22 14
22 22
22 24
22 61
22 62
22 65
22 69
22 84
22 86
22 87
22 91
22 94
22 95
22 98
22 99
22 100
22 102
22 112
22 122
22 129
22 139
22 145
22 159
22 218
22 221
23 5
23 6
23 14
23 19
23 28
24 8
24 19
24 33
24 41
24 62
24 69
24 77
24 80
24 210
24 214
24 218
24 219
24 221
24 236
24 237
24 244
24 251
25 5
25 6
25 7
26 4
26 8
26 10
26 12
26 16
26 18
26 36
26 37
26 48
26 56
26 58
26 60
26 62
26 63
26 70
26 72
28 5
28 7
28 8
28 12
28 19
28 21
29 63
29 69
29 75
29 92
29 97
31 17
31 18
31 21
31 25
31 27
31 28
31 33
31 35
32 8
32 13
32 15
32 19
32 21
32 24
32 28
32 42
32 46
32 176
32 198
32 202
33 82
33 84
33 91
34 25
34 30
34 33
34 41
34 106
34 118
34 119
34 122
34 130
34 134
34 148
34 149
34 153
34 155
34 163
34 170
34 180
34 192
34 193
34 208
34 222
35 5
35 16
35 17
35 19
35 22
35 24
36 1
36 5
36 6
36 12
36 13
36 15
36 20
36 33
36 34
36 39
36 68
36 69
36 74
36 82
36 83
36 100
36 102
36 104
36 107
36 109
37 1
37 2
37 4
37 8
37 11
37 19
37 34
37 37
37 41
37 48
37 51
37 59
37 61
37 67
37 85
37 92
37 95
37 225
37 292
37 297
37 307
37 309
37 310
37 312
37 315
37 320
38 1
38 2
39 1
39 5
39 9
39 17
39 18
39 21
39 33
39 35
39 36
39 38
39 39
39 42
39 48
39 65
39 70
39 72
39 88
39 95
39 103
39 109
39 122
39 125
39 132
39 145
39 147
39 151
39 155
39 166
39 177
39 182
39 188
40 3
40 9
40 18
40 19
40 21
40 27
40 29
40 31
40 34
40 39
40 40
41 74
41 78
41 82
41 84
41 86
41 92
41 94
41 102
41 105
41 118
41 126
41 131
41 146
41 152
41 156
41 165
44 5
44 9
44 12
44 14
44 22
44 25
44 53
44 55
45 5
45 6
45 13
45 14
45 21
45 22
45 26
45 30
45 32
45 37
45 42
46 5
46 6
46 7
46 13
46 14
46 16
46 20
46 24
46 27
46 39
46 48
46 50
46 51
46 62
46 102
46 103
46 104
46 117
46 119
46 121
46 138
46 144
46 149
46 155
46 161
46 169
46 184
46 197
46 201
46 205
46 207
46 208
46 215
46 224
46 231
47 98
47 101
47 102
47 103
47 104
47 110
47 113
47 116
48 6
48 21
48 33
48 36
48 46
48 52
48 63
48 64
48 71
48 73
48 74
48 75
48 80
48 81
48 99
48 107
48 112
48 115
48 118
48 119
48 121
48 122
48 124
48 125
48 135
48 139
49 4
49 5
49 9
49 26
49 37
49 51
49 52
49 58
49 68
49 69
49 72
49 76
49 92
49 98
49 104
50 9
50 11
50 12
50 25
50 27
50 41
50 44
50 45
50 51
50 52
50 55
52 3
52 6
53 7
53 10
53 12
53 13
53 14
53 16
53 22
53 29
53 33
56 34
56 54
56 69
56 72
56 84
56 88
56 89
56 93
56 101
56 110
56 111
57 7
58 4
58 8
59 5
59 8
59 21
59 36
59 37
59 45
59 46
59 58
59 61
59 62
59 83
59 84
60 1
61 1
61 7
61 13
61 29
61 43
61 47
61 52
61 62
61 69
61 81
61 84
61 95
61 96
61 97
61 101
64 14
64 16
64 26
64 29
64 33
64 35
65 2
65 4
65 61
65 78
65 80
65 81
65 88
65 89
65 90
65 95
65 99
65 103
65 113
65 115
65 126
65 136
65 137
65 156
65 158
65 160
65 161
65 162
65 171
65 172
67 12
67 14
67 19
67 21
67 22
67 33
67 38
68 2
68 7
69 6
69 7
69 9
69 10
69 13
69 21
69 38
69 41
69 45
69 46
69 62
69 66
69 71
70 38
70 45
70 49
70 51
70 53
71 1
71 5
71 16
72 2
72 9
72 12
72 22
73 8
73 12
73 50
73 61
73 63
73 65
73 66
73 68
73 76
73 86
73 93
73 96
73 99
73 199
73 205
73 212
73 215
73 232
73 238
74 2
74 10
74 14
74 18
74 23
74 28
74 30
74 32
74 36
74 41
74 48
74 180
74 181
74 190
74 193
74 196
74 197
75 4
75 15
75 18
75 26
75 35
75 36
75 41
75 51
75 52
75 53
75 59
75 60
75 65
75 71
75 73
75 80
76 7
76 19
76 22
76 31
76 33
76 36
78 6
78 13
78 14
78 23
78 25
78 26
78 28
78 30
79 9
79 16
79 26
79 28
79 36
79 48
79 52
79 55
79 56
79 71
79 149
79 155
79 179
79 185
79 186
79 189
79 190
79 191
79 208
79 219
79 222
79 228
79 229
79 230
79 236
79 238
79 239
79 242
79 255
79 260
79 265
82 26
82 27
84 1
84 5
84 8
84 10
84 14
84 30
84 37
84 38
84 53
84 65
84 66
84 70
84 72
84 73
84 77
84 79
84 85
84 86
84 98
84 106
84 118
84 129
84 131
84 138
84 141
84 144
84 147
84 155
84 156
84 157
84 161
86 27
86 32
86 36
86 44
87 8
87 130
87 137
87 138
87 139
88 18
89 1
90 1
90 61
90 63
90 69
90 71
90 76
90 83
90 88
91 6
91 13
91 17
91 19
91 22
93 4
93 9
93 10
93 13
93 15
93 17
93 20
93 21
93 26
93 33
93 39
93 42
93 45
93 48
93 53
93 56
93 57
93 59
95 1
95 7
95 12
95 18
95 19
95 21
95 23
95 26
95 48
95 49
95 54
95 55
95 60
95 63
95 67
95 73
95 76
95 78
95 81
95 84
95 86
95 90
95 104
95 124
95 128
95 135
95 136
95 137
95 141
95 143
95 152
96 4
96 8
96 10
96 12
99 15
99 154
99 156
99 159
99 162
99 170
99 304
99 307
99 309
99 317
99 321
99 322
100 8
100 19
100 20
100 23
101 26
101 32
101 33
102 11
102 15
102 16
102 17
102 23
102 34
103 3
103 15
103 16
104 59
104 64
104 68
104 72
104 83
104 97
104 101
104 107
104 110
104 130
104 139
104 144
104 150
104 151
104 162
104 169
104 171
104 178
104 183
104 184
104 185
104 189
104 191
104 193
104 195
105 3
105 5
105 10
105 12
105 16
105 18
105 23
105 39
105 42
105 48
106 18
106 20
107 11
107 14
107 17
108 5
108 10
108 15
108 37
108 41
108 57
108 65
108 70
108 76
108 78
108 83
108 84
108 91
109 20
110 3
110 8
110 9
110 17
110 19
110 24
110 26
110 30
110 32
110 40
110 43
110 47
110 51
111 2
111 4
112 5
112 11
112 15
112 16
112 18
113 12
113 17
113 24
113 26
114 22
114 26
114 32
114 33
114 37
114 42
114 44
114 47
114 52
114 54
114 55
114 58
114 60
114 68
114 69
114 74
114 78
115 1
115 5
115 11
115 15
115 16
115 25
115 28
