2 3
2 14
2 16
3 2
3 7
3 10
3 13
3 16
3 28
3 39
3 43
3 46
3 48
3 49
3 59
3 62
3 68
3 70
3 72
3 79
3 80
3 83
3 84
3 98
3 104
3 105
3 109
3 115
4 11
4 14
4 15
4 16
4 31
4 33
4 39
4 53
4 55
4 71
4 73
4 89
4 98
4 100
4 105
4 110
4 114
4 117
4 127
4 128
4 137
4 139
4 140
4 147
6 3
6 6
6 12
6 19
6 25
6 54
6 59
6 62
6 64
6 68
6 78
7 9
7 19
8 4
8 6
8 14
8 42
8 55
8 63
8 64
8 65
8 67
8 69
8 76
8 82
8 86
8 93
8 103
8 126
8 131
8 142
8 147
8 151
8 154
10 74
10 84
10 86
10 89
11 32
11 44
11 50
11 54
11 70
11 76
11 81
11 82
14 5
14 7
20 8
20 37
20 39
20 46
20 52
20 62
20 71
21 3
21 5
21 14
21 17
21 20
21 27
22 1
22 3
22 5
22 9
22 15
22 22
22 23
22 32
23 10
23 106
23 110
23 113
23 115
23 117
23 125
24 7
24 10
24 13
24 19
24 21
24 23
24 29
24 33
24 45
24 55
28 16
28 18
29 1
29 5
29 7
29 12
29 17
29 35
29 38
29 45
29 47
29 52
29 61
29 64
29 66
29 77
29 79
29 83
30 2
30 16
30 19
32 21
32 24
32 26
32 47
32 56
32 57
32 68
32 74
32 84
32 85
32 89
32 91
33 1
33 2
33 15
33 23
33 24
33 26
33 27
33 30
33 38
33 43
33 46
33 62
33 64
33 69
34 2
34 5
34 6
34 8
34 10
34 13
34 18
34 19
34 20
34 38
34 39
35 7
35 9
35 13
35 14
35 15
35 17
35 36
36 13
36 26
36 32
36 33
36 36
39 23
39 24
39 26
39 28
39 30
39 39
39 44
39 46
39 53
39 56
39 75
39 95
39 97
39 101
39 107
39 109
39 122
39 127
39 128
39 137
40 4
40 6
40 13
40 16
40 19
40 20
40 22
40 23
41 4
41 6
41 11
41 23
41 24
41 40
41 41
41 43
42 10
42 13
42 16
42 20
42 59
42 62
42 67
42 68
42 69
42 83
42 88
42 92
42 93
43 62
44 1
44 4
44 7
44 10
44 16
44 19
44 20
44 22
44 28
44 35
44 43
44 48
44 54
44 64
44 66
44 72
44 192
44 193
44 195
45 8
45 21
45 22
47 27
48 1
48 2
48 3
48 8
48 12
48 16
48 20
48 28
48 29
48 30
48 32
50 1
50 5
51 1
51 2
51 8
51 12
51 15
51 26
51 27
51 31
51 33
51 36
51 39
51 41
51 49
51 61
51 62
51 65
51 70
51 81
51 88
51 89
51 92
51 95
53 13
53 16
53 18
53 26
53 27
54 17
54 21
54 23
54 28
54 37
54 39
54 52
54 62
54 64
54 68
54 81
54 82
54 90
54 92
54 100
54 106
54 120
54 121
55 27
55 30
55 36
55 53
55 56
55 57
55 117
55 127
55 145
55 164
55 165
55 167
55 168
55 178
55 180
57 31
57 33
58 1
58 3
58 11
58 12
58 19
58 25
58 26
58 35
58 41
58 50
58 67
59 2
59 7
59 11
59 98
59 115
59 117
59 121
59 123
59 127
59 128
59 129
59 131
59 132
59 133
59 143
59 161
60 14
60 25
60 28
60 32
60 47
60 69
60 77
60 80
61 3
61 20
61 23
61 33
61 36
62 2
62 12
62 16
62 24
62 25
62 29
62 35
62 39
62 41
63 11
63 13
63 14
63 16
63 21
63 28
63 29
63 34
63 36
63 46
63 49
63 56
64 68
64 69
64 71
64 72
64 73
64 76
64 77
64 78
64 114
64 115
64 127
67 14
67 18
67 21
67 22
67 30
67 41
67 47
67 54
67 74
67 77
68 15
68 16
68 18
68 21
68 22
68 23
68 30
68 166
68 170
68 171
68 179
68 180
68 188
68 189
68 205
68 321
68 322
69 3
69 4
69 19
69 20
69 24
69 25
69 37
69 39
69 40
69 49
69 55
69 57
69 67
69 72
70 23
70 35
70 37
70 44
70 49
70 53
70 55
70 56
70 63
70 75
70 79
70 84
70 87
70 88
70 90
70 96
70 106
70 107
70 115
71 1
71 2
71 8
71 9
71 13
71 26
71 31
71 56
71 60
71 62
71 66
71 67
71 81
71 84
71 89
71 94
71 98
71 101
73 12
73 13
73 25
73 27
73 37
73 49
73 53
73 54
73 60
73 62
73 66
73 195
73 198
73 199
73 202
73 218
73 226
73 228
73 234
73 240
73 256
73 263
73 265
73 269
73 272
73 276
73 277
73 281
73 282
73 287
73 289
73 292
73 293
73 368
73 369
73 372
73 373
73 375
73 377
73 387
73 392
73 394
74 10
74 70
74 77
74 81
74 82
74 91
74 119
75 5
75 14
75 20
75 25
75 34
75 40
75 56
75 66
75 72
75 81
75 82
75 84
75 85
75 89
75 90
75 94
75 100
75 102
75 107
75 112
75 113
75 114
75 116
75 124
75 129
75 131
75 147
75 149
75 154
75 163
75 260
75 278
75 296
75 307
75 311
75 312
75 328
78 3
81 51
81 52
81 59
81 64
81 72
81 77
81 80
81 90
81 105
81 118
81 120
81 122
81 130
81 132
81 135
81 139
81 140
81 147
81 158
81 174
81 188
81 194
81 196
81 204
81 207
81 225
82 2
82 4
82 7
82 8
82 11
82 18
82 22
84 2
84 8
84 11
84 19
84 24
84 42
84 55
84 68
84 80
84 82
85 42
85 44
85 64
85 65
85 67
85 106
85 112
85 116
85 117
85 125
85 128
85 132
85 139
85 143
85 162
86 2
86 13
86 28
86 33
86 36
86 38
86 39
86 45
86 52
86 64
86 71
86 75
86 91
86 109
86 123
86 132
86 151
86 159
86 162
87 5
87 9
91 5
94 14
94 19
94 30
94 37
94 57
94 61
94 63
94 74
94 75
94 81
94 101
94 104
94 105
94 112
94 114
94 116
94 117
94 135
94 148
94 154
94 157
94 161
94 163
95 15
96 8
96 11
96 12
96 16
96 22
96 24
96 29
96 36
96 47
97 2
97 5
97 20
97 22
97 24
97 25
97 29
97 37
97 43
98 15
98 23
98 153
98 200
99 1
99 72
99 80
99 81
99 86
99 87
99 222
99 224
99 229
99 231
99 243
99 252
99 270
99 280
99 281
99 286
99 287
99 295
99 302
99 313
99 315
99 316
102 12
102 17
102 19
102 20
102 22
102 28
102 32
102 37
102 47
103 4
103 10
103 17
103 28
103 30
103 32
103 33
103 36
103 37
103 42
103 51
103 52
103 61
103 64
103 69
103 70
104 5
108 16
108 21
109 10
110 1
110 9
110 11
110 20
110 22
110 25
110 34
110 38
110 181
110 183
110 185
110 190
111 1
111 6
111 7
111 23
111 25
111 30
111 33
111 37
112 1
112 37
112 40
112 46
112 47
112 53
112 54
112 59
114 2
114 3
116 42
116 46
117 7
117 11
117 18
117 22
117 23
117 40
117 42
117 56
117 63
117 64
117 79
117 80
117 87
117 101
117 108
117 117
117 119
117 132
118 3
118 5
118 9
119 4
119 5
119 6
119 9
119 12
120 1
120 12
120 17
120 24
120 31
120 32
120 35
120 42
120 50
120 60
120 82
120 84
120 86
121 2
121 4
121 8
121 9
121 24
121 29
122 5
122 9
122 15
122 27
122 30
122 36
122 40
122 70
122 71
123 13
123 15
123 17
123 47
123 49
123 50
123 54
123 60
123 72
123 83
123 88
123 92
123 94
123 109
123 119
123 122
123 129
123 131
123 132
123 141
124 7
124 8
125 2
125 15
125 22
125 27
125 29
126 2
126 3
126 17
126 20
126 29
126 37
126 48
126 50
126 51
126 56
126 58
126 59
126 62
126 66
126 74
126 79
126 82
126 84
126 85
126 88
126 92
126 106
126 113
126 117
126 118
126 122
126 126
126 131
126 133
126 233
126 234
126 242
126 243
126 249
126 252
126 253
126 266
126 267
126 268
126 271
126 272
126 275
126 286
126 292
126 299
128 6
130 7
130 13
130 16
130 22
130 27
130 30
130 31
130 44
130 61
130 64
130 65
130 69
130 80
130 81
130 89
130 101
130 103
130 114
130 131
130 143
130 144
130 145
130 147
130 154
130 156
130 163
130 170
130 172
130 176
130 181
130 182
130 189
130 190
130 193
130 199
130 200
130 203
131 1
131 4
131 7
131 8
131 20
131 29
131 31
131 32
131 37
131 43
131 51
131 54
131 56
131 57
131 60
131 61
131 64
131 71
131 78
131 81
131 89
131 95
131 100
131 106
131 115
131 117
131 119
131 121
131 122
131 126
131 127
131 136
131 138
131 153
131 157
131 169
131 177
131 192
131 199
131 200
131 207
131 210
131 212
131 214
131 226
131 227
131 236
131 241
131 242
131 252
131 258
131 265
131 267
131 269
132 8
132 12
