1 1
1 4
1 13
1 14
1 15
1 18
1 24
5 34
5 59
5 64
5 68
5 83
5 86
5 89
5 95
5 96
5 98
5 101
5 140
5 141
5 146
5 151
5 156
5 159
5 169
5 176
5 182
5 184
5 205
5 206
5 211
5 220
5 221
5 224
5 235
5 237
5 238
5 240
5 245
5 248
5 251
5 260
5 261
5 268
5 310
5 315
5 322
6 1
6 8
6 10
7 85
7 91
7 108
9 11
9 20
9 22
9 33
9 38
9 39
9 51
10 32
11 2
11 136
11 142
11 145
11 146
11 149
11 154
11 159
11 167
11 174
11 192
11 194
11 195
11 202
11 206
11 207
11 209
12 60
12 67
12 75
12 121
12 123
12 131
12 160
12 161
12 162
12 170
12 199
12 207
12 210
12 213
12 215
12 216
12 219
12 222
12 224
12 226
12 229
12 339
12 340
12 352
12 354
12 359
12 366
12 370
12 375
12 398
12 406
12 408
12 417
12 433
12 439
12 441
12 444
12 454
12 466
12 467
12 469
12 476
12 485
12 525
12 527
12 536
12 543
12 544
12 545
12 547
12 549
12 554
12 571
12 580
13 109
13 113
13 115
13 119
14 1
14 6
14 19
14 25
14 27
14 34
14 44
14 46
14 70
14 72
14 75
14 78
14 81
14 82
14 89
14 90
14 93
14 98
14 102
14 105
15 2
15 12
15 21
15 22
15 24
15 25
15 39
15 42
15 43
15 46
15 48
15 52
15 59
15 60
15 69
15 72
15 78
15 79
15 83
15 91
15 93
16 8
16 14
16 16
16 22
18 13
18 16
18 24
18 27
18 30
18 31
18 89
18 96
18 110
18 112
18 115
18 122
18 127
18 129
18 132
18 135
18 142
18 150
18 155
18 163
18 187
18 189
18 194
18 256
18 257
19 5
19 6
19 9
19 16
19 21
19 26
19 27
19 33
19 35
19 46
19 49
19 54
19 59
19 74
19 80
19 93
19 118
19 126
19 130
19 138
19 141
19 144
19 149
19 156
19 161
20 22
20 23
20 26
21 16
21 32
21 53
21 55
21 58
21 77
21 114
21 115
21 118
21 126
21 129
21 132
21 140
24 5
24 7
24 10
24 16
24 20
24 21
24 33
24 34
24 36
24 37
24 39
24 51
24 58
24 63
24 65
24 82
25 25
25 31
25 41
25 50
25 52
25 53
25 57
25 58
25 61
25 62
25 63
25 70
25 93
25 100
25 120
25 134
25 139
25 147
25 148
25 154
25 156
25 158
25 162
25 164
25 166
25 172
25 183
25 187
25 191
25 198
25 199
25 201
25 202
25 207
25 208
26 1
26 11
26 13
26 15
26 18
26 20
26 29
26 32
26 34
26 40
26 52
26 53
26 55
26 59
27 37
27 40
27 49
27 50
30 20
30 28
30 29
30 36
30 48
30 49
30 50
30 61
30 62
30 65
30 66
30 68
30 69
30 70
30 76
30 98
30 99
30 103
30 128
30 130
30 138
30 164
30 174
30 186
30 195
30 196
30 202
30 242
30 244
30 259
30 267
30 268
30 280
30 286
30 294
30 298
30 308
30 317
30 325
30 336
30 349
30 350
30 353
30 369
30 378
30 382
30 390
30 400
30 401
30 404
30 405
30 413
30 419
30 420
30 437
30 439
30 444
31 85
31 86
31 91
31 107
31 108
32 39
32 42
32 48
32 55
33 31
33 33
33 34
33 39
33 54
33 68
33 69
33 76
33 83
33 84
33 99
33 101
33 106
33 107
33 117
33 124
33 129
33 131
33 137
33 138
33 163
34 4
34 6
34 18
34 26
34 36
34 41
34 44
34 48
34 49
34 60
34 65
34 68
34 69
34 73
34 74
34 80
34 81
34 82
34 96
34 97
34 99
34 100
34 106
34 108
34 110
34 113
34 117
34 118
34 119
34 126
34 133
35 11
35 14
35 19
35 21
35 29
35 31
35 32
35 33
35 36
35 49
35 50
35 60
35 63
35 71
35 72
35 74
36 2
38 104
38 109
38 111
39 7
39 12
39 24
39 25
39 29
39 36
39 39
39 42
39 44
39 62
40 21
40 24
40 28
40 30
40 33
40 34
40 48
40 56
40 62
40 66
40 69
40 80
40 83
40 189
41 1
41 4
41 15
41 17
41 20
41 25
41 106
41 107
42 1
42 2
42 3
42 14
43 3
44 5
44 6
44 7
44 22
44 26
48 41
49 1
49 2
49 8
49 10
49 13
49 21
49 25
49 29
49 36
49 39
49 41
49 55
49 66
49 78
49 80
49 90
49 96
49 108
49 116
49 123
49 130
49 135
49 146
49 157
49 166
49 177
50 4
50 5
50 30
50 32
50 39
51 18
51 19
51 24
51 37
51 38
51 40
51 41
51 42
51 51
51 55
51 75
51 78
51 82
51 92
51 98
51 108
51 110
51 112
51 115
51 121
51 122
51 128
52 1
52 20
52 34
52 50
52 61
52 64
52 65
52 72
53 7
53 22
53 26
53 28
53 29
53 31
53 35
53 36
53 40
53 55
53 59
54 1
54 9
54 21
54 27
54 31
55 1
55 4
55 8
55 14
55 20
55 21
55 23
55 24
55 33
55 34
55 35
55 42
55 63
55 64
55 66
55 68
55 79
55 83
55 87
55 93
55 102
55 114
55 121
55 125
55 130
57 4
57 27
57 29
57 39
57 48
57 52
57 58
57 72
57 78
57 79
57 80
57 94
57 97
57 103
57 104
57 114
58 13
58 18
58 27
58 37
58 40
58 48
58 49
58 62
58 66
58 67
58 76
58 79
58 85
58 87
58 99
58 101
58 115
58 118
59 3
59 5
59 7
59 9
59 14
59 16
59 31
59 33
59 42
59 46
59 47
60 1
60 25
62 4
62 13
62 43
62 44
62 69
63 3
63 4
63 7
63 8
63 12
63 14
64 2
64 3
64 5
64 9
64 11
65 1
65 11
65 13
65 17
65 21
65 32
65 34
65 41
65 44
65 52
65 60
67 10
67 12
67 144
67 145
67 148
67 166
67 169
67 178
67 220
67 229
67 250
67 255
67 264
67 265
67 266
67 273
67 275
67 277
67 288
67 295
67 296
67 303
67 317
67 321
67 324
67 326
67 327
67 330
67 356
67 362
67 371
67 377
67 381
67 395
67 404
67 405
67 430
67 435
67 436
68 2
68 4
68 5
68 14
68 15
70 15
70 20
70 32
70 36
70 42
70 45
70 69
71 4
71 7
71 16
71 20
71 28
71 49
71 50
71 51
71 55
71 61
71 64
71 73
71 76
72 2
72 8
72 20
72 22
72 25
72 30
72 32
75 90
75 95
75 102
75 108
75 113
75 115
75 122
75 140
75 141
75 145
75 150
75 154
75 241
75 249
75 253
75 257
75 261
75 272
75 274
75 287
75 290
76 1
76 5
76 24
76 25
76 37
76 40
76 50
76 51
76 61
76 65
76 83
76 96
76 97
76 105
77 28
77 29
77 34
77 42
77 52
77 59
77 64
77 66
77 93
77 94
78 1
78 6
78 8
78 17
78 25
78 26
78 31
78 32
78 37
78 93
78 96
78 97
78 99
78 108
78 128
78 166
78 185
78 186
80 13
80 21
80 29
80 32
80 39
80 41
80 46
80 50
80 53
80 55
80 65
80 75
80 116
81 1
81 9
81 24
81 28
82 100
82 102
82 104
82 119
82 120
82 123
83 4
83 7
83 13
83 16
83 17
83 18
83 20
84 5
84 10
84 11
84 18
84 19
84 24
84 26
84 35
84 38
84 39
84 47
84 48
84 52
85 23
85 25
85 27
85 29
85 36
85 39
85 43
85 47
85 48
85 51
85 57
86 3
86 8
86 10
86 15
86 18
86 22
86 164
89 10
89 17
89 19
89 29
89 30
89 32
89 35
89 37
89 38
89 39
89 43
89 45
89 56
89 58
89 70
89 73
89 137
89 142
89 144
89 145
89 149
89 156
89 157
89 158
89 159
89 166
89 167
89 169
89 170
89 173
89 175
89 182
89 187
89 189
89 193
89 195
89 196
90 5
90 7
90 13
90 22
90 30
90 34
90 35
90 62
90 63
90 68
90 74
90 79
90 82
90 87
90 94
90 100
90 105
90 106
90 107
90 116
90 117
90 118
90 120
90 121
90 130
90 145
93 5
93 10
93 18
93 19
93 21
93 24
93 32
93 36
93 39
93 44
93 64
93 65
93 69
93 75
93 92
93 95
93 98
93 101
93 105
93 109
93 117
93 118
93 122
93 138
93 141
94 61
94 145
94 146
94 150
95 9
95 17
95 28
95 37
95 39
95 171
95 172
95 175
95 179
95 182
95 197
96 5
96 9
96 11
96 12
96 16
96 21
96 24
96 25
96 27
96 34
96 37
96 40
