1 3
1 4
1 7
1 9
1 16
1 21
1 22
1 35
1 36
2 9
2 10
2 18
2 23
2 25
2 30
5 65
5 79
5 81
7 13
7 19
8 109
8 117
8 127
9 109
9 113
9 118
9 119
9 122
9 134
9 141
9 150
9 153
9 154
9 156
9 161
9 173
9 174
9 178
9 183
11 10
11 20
11 21
12 3
12 4
12 6
12 22
14 13
14 16
14 18
14 21
14 22
14 37
14 40
14 41
14 44
14 48
14 49
14 53
14 71
14 81
14 82
14 88
14 89
14 110
14 112
14 113
14 119
14 121
14 126
14 149
14 151
14 162
14 168
14 170
14 171
14 194
14 201
14 205
14 209
15 17
15 25
15 27
15 29
16 5
16 11
16 12
16 15
17 12
17 13
17 147
17 148
17 153
17 166
17 167
17 181
17 183
17 258
17 259
17 260
17 283
17 290
17 295
17 298
17 304
17 308
17 309
17 311
17 314
17 315
18 9
18 16
18 36
18 49
19 1
19 10
19 17
19 24
19 25
19 40
19 43
19 50
19 53
19 55
19 56
20 1
20 13
20 16
20 18
20 22
20 23
20 29
20 39
20 41
21 17
21 18
21 19
21 21
21 27
21 34
21 50
21 53
21 60
21 64
21 65
21 71
22 2
22 7
22 16
22 24
22 27
22 31
24 5
24 8
24 13
24 15
24 16
24 18
24 23
25 3
25 6
25 11
28 13
28 16
28 33
28 36
28 40
28 41
28 51
28 58
29 12
29 13
29 17
29 19
29 20
29 23
29 24
29 41
29 42
29 56
29 70
29 72
29 80
29 81
29 90
29 94
29 109
29 114
29 127
29 133
29 141
29 147
29 172
29 175
29 188
29 189
29 205
29 210
29 212
29 218
29 222
29 229
29 231
30 32
30 36
30 42
30 46
30 53
30 60
30 61
30 63
30 68
30 79
30 81
30 82
30 95
30 96
30 100
30 103
30 105
30 108
30 112
30 114
30 115
30 123
30 125
30 133
30 146
30 147
30 155
30 161
31 10
31 11
31 27
34 33
34 34
35 1
35 3
35 5
35 7
35 15
35 18
35 21
35 26
35 29
35 84
35 86
35 89
35 93
35 94
35 100
35 101
35 102
35 104
35 109
35 110
35 112
35 114
35 116
35 118
35 120
35 124
35 125
35 139
35 143
35 146
35 154
35 157
35 159
35 160
35 163
35 165
35 167
37 24
37 26
37 33
37 48
37 61
37 67
38 6
38 12
38 13
38 18
38 20
38 22
38 28
38 30
38 34
38 47
38 59
38 61
38 70
38 71
38 76
38 79
38 81
38 87
38 91
38 92
38 97
38 100
39 109
39 138
39 141
39 143
39 146
40 1
40 8
40 15
40 22
40 28
40 31
41 2
41 12
41 14
41 20
41 22
42 4
42 6
42 7
42 15
42 19
42 32
42 80
42 83
42 88
42 90
42 98
44 58
44 67
45 12
45 18
45 22
45 26
45 35
45 37
45 39
45 40
45 47
45 65
45 70
45 88
45 89
46 3
47 6
47 10
47 12
47 16
47 26
47 27
48 2
49 8
49 20
49 28
49 34
49 36
49 37
49 41
49 42
49 52
49 53
49 57
49 79
49 82
49 97
50 113
50 119
50 121
50 135
50 150
50 152
50 162
50 165
50 179
50 183
51 32
51 41
51 54
51 55
51 58
51 63
51 70
51 89
51 101
51 105
51 110
51 116
51 117
51 119
51 122
51 123
51 128
51 140
51 146
51 149
51 151
51 157
51 159
51 161
52 48
52 57
52 63
52 66
52 77
52 80
52 83
52 87
52 88
52 97
52 103
52 105
53 1
53 2
53 6
53 15
53 25
53 31
53 34
53 35
53 44
53 49
53 61
53 70
53 75
53 91
54 8
54 15
54 16
54 19
54 20
54 61
54 62
54 75
54 76
54 93
54 96
54 98
55 8
55 9
55 15
55 21
55 23
55 26
55 38
55 92
55 109
57 42
57 48
57 56
57 57
57 60
58 12
58 16
60 3
61 11
61 18
61 28
61 29
61 38
61 47
61 56
61 59
61 73
61 87
61 99
62 5
62 7
62 17
62 18
62 19
62 35
62 41
62 47
62 48
62 56
62 64
62 83
62 91
62 96
62 107
62 115
62 117
62 120
62 123
62 131
62 132
62 135
62 140
62 153
62 154
62 173
62 175
62 176
62 178
62 180
62 185
62 187
62 193
62 206
62 211
62 223
62 227
62 230
62 238
62 323
62 324
62 327
62 333
62 334
62 340
62 348
62 352
62 353
62 362
62 369
62 370
62 373
62 374
62 377
62 378
62 385
62 386
62 389
62 401
62 410
62 411
62 430
63 4
63 9
63 12
63 16
63 19
63 33
63 47
63 51
63 56
63 62
64 14
64 15
64 18
64 22
64 30
64 51
64 54
64 71
64 75
64 82
64 107
64 109
64 244
64 360
64 363
64 366
64 372
64 378
64 380
64 386
64 387
64 391
64 398
64 402
64 405
64 424
64 434
64 437
64 438
64 441
64 450
64 451
64 458
64 459
64 466
64 478
65 23
65 25
65 41
65 42
65 129
65 130
65 147
65 149
65 165
65 167
65 184
65 188
65 189
65 198
66 5
66 7
66 8
66 10
66 11
66 12
66 14
66 17
69 40
69 42
69 43
69 50
69 55
69 60
71 5
71 58
71 61
71 64
71 71
71 73
71 82
71 84
71 97
71 98
71 103
72 69
72 101
72 122
72 123
72 125
72 139
72 140
75 20
75 21
75 22
75 34
75 43
75 51
75 58
75 64
76 1
76 13
76 15
76 17
76 21
76 22
76 32
76 35
76 36
76 41
76 44
76 51
76 66
77 60
78 4
78 5
80 18
80 32
80 41
80 43
80 46
81 112
81 130
81 133
83 27
83 29
83 32
83 33
83 39
83 52
83 57
83 60
83 61
83 69
83 73
83 78
83 79
83 81
83 89
83 90
83 99
83 111
83 118
83 121
83 122
83 126
83 127
83 128
83 130
83 143
83 162
83 166
83 168
83 173
83 188
83 216
83 221
83 234
83 240
83 243
83 248
83 249
83 254
83 258
83 259
83 262
83 273
83 299
83 303
83 308
83 326
83 327
83 335
83 337
83 338
83 342
83 351
83 357
83 362
83 378
83 379
84 3
84 5
84 13
84 14
84 29
84 38
84 41
84 43
84 45
84 51
84 56
84 79
84 97
84 100
85 4
85 5
85 9
85 10
85 13
85 28
85 46
85 48
85 51
85 66
85 67
85 70
85 81
85 84
85 86
85 87
85 92
85 105
85 107
85 108
85 109
86 1
86 2
86 4
86 10
86 25
86 40
86 42
87 4
87 5
87 15
87 25
87 30
87 35
87 41
87 42
87 47
88 74
88 81
88 82
88 87
88 89
88 92
88 100
88 111
88 123
88 134
89 6
89 18
89 20
89 24
89 30
89 34
89 38
89 39
89 43
89 51
89 55
89 56
89 68
89 72
89 75
89 76
90 31
90 36
90 38
90 44
90 45
90 52
90 59
90 65
90 68
90 69
90 76
90 79
90 93
90 94
90 96
90 98
90 100
92 68
92 76
92 79
92 80
92 84
92 85
92 87
92 93
95 29
95 31
95 34
95 35
95 37
95 38
95 40
95 41
95 42
95 53
95 58
95 61
95 64
96 19
96 21
96 32
97 4
97 7
97 8
98 3
98 5
98 6
98 8
99 25
99 28
99 44
99 48
99 51
99 53
99 55
99 56
99 59
99 61
99 64
99 66
99 70
99 71
99 78
99 81
99 88
99 98
99 111
99 114
99 115
99 134
99 147
99 149
99 194
99 199
99 201
99 206
99 211
99 215
99 230
99 231
99 235
99 238
100 7
100 15
101 6
101 22
101 27
101 34
101 38
101 44
101 52
103 23
103 26
103 32
103 46
104 24
104 28
105 5
105 18
105 33
105 34
105 40
105 51
105 56
106 2
106 10
106 16
106 22
106 23
106 30
106 31
107 4
107 8
107 11
107 13
107 14
107 17
107 22
107 24
107 25
107 26
107 28
107 36
107 38
107 60
107 86
107 90
108 1
108 19
108 26
108 36
108 43
108 51
108 56
108 62
108 64
108 67
108 68
108 77
108 80
108 81
110 3
110 4
110 7
110 13
110 32
111 75
111 80
111 87
111 88
111 91
111 95
111 96
111 99
112 1
112 7
112 10
112 11
112 13
112 20
112 23
112 26
112 29
112 84
113 1
113 9
113 11
113 13
113 14
113 29
