1 1
1 10
1 40
1 53
1 80
1 82
1 89
1 90
1 97
1 104
1 106
1 118
1 121
1 128
1 129
1 148
1 149
1 157
1 158
1 290
1 292
1 296
1 297
2 3
2 10
2 12
2 18
2 21
2 37
2 119
2 133
2 136
2 138
2 145
2 148
2 153
2 155
2 161
2 162
2 165
2 173
2 174
2 195
2 212
2 215
2 220
3 2
3 12
3 17
3 18
3 20
3 22
3 63
4 2
4 7
4 9
4 10
4 13
4 17
4 27
4 31
4 32
4 47
4 61
4 69
4 72
4 74
4 76
6 6
6 7
7 4
7 38
7 42
7 44
7 45
7 51
7 53
7 68
7 80
7 81
7 95
7 97
7 98
7 115
7 120
7 122
7 125
7 127
7 136
7 146
8 1
8 4
8 11
9 4
9 20
10 54
10 61
10 65
10 75
10 84
10 85
10 97
10 98
10 105
10 109
10 110
10 122
10 124
10 141
10 144
10 146
10 149
11 9
11 23
12 99
12 172
12 173
12 180
13 5
13 16
13 22
13 23
13 24
13 33
13 34
13 36
13 40
13 44
15 26
16 63
16 65
16 73
16 87
16 93
16 102
16 103
16 111
16 131
16 140
16 142
16 147
16 165
16 179
17 9
17 11
17 29
17 42
17 49
17 62
17 63
18 8
18 10
18 13
18 17
18 20
18 23
18 27
18 41
18 56
18 59
18 60
18 61
18 65
18 80
18 114
18 115
18 117
19 4
19 6
19 30
20 4
20 10
20 11
20 23
20 24
20 28
20 37
20 38
20 42
21 1
21 9
21 10
22 13
22 16
22 19
22 22
22 31
22 37
22 43
22 47
22 53
22 54
22 56
22 62
22 69
22 70
22 76
22 79
22 92
22 98
22 100
22 104
22 105
22 120
22 130
22 133
22 139
22 145
22 149
22 150
22 169
22 175
22 178
22 181
22 193
22 196
22 213
22 215
22 216
22 218
22 226
22 247
22 254
22 255
22 258
22 295
22 296
22 298
22 302
23 10
23 11
23 12
23 16
26 69
27 5
27 21
27 22
27 29
27 34
27 35
27 52
27 59
27 61
27 63
27 76
27 79
27 80
27 82
27 84
27 97
27 104
27 105
27 112
27 115
27 121
27 122
27 149
27 153
27 158
27 164
27 166
27 167
27 170
27 176
27 178
27 183
27 201
28 2
28 7
28 9
28 10
28 14
28 23
28 30
28 32
28 37
28 42
28 96
28 101
28 104
28 108
28 113
28 118
28 125
28 131
28 137
28 141
30 72
32 29
33 37
33 41
33 46
33 51
33 59
33 67
36 27
36 35
36 36
36 46
36 49
36 50
36 51
36 54
36 55
36 66
36 67
36 73
36 81
37 1
37 6
37 7
37 32
37 53
37 186
37 187
37 189
37 190
37 202
37 203
37 210
37 214
37 221
37 222
37 232
37 240
37 241
37 261
37 272
37 276
37 282
37 291
37 292
37 295
37 306
37 312
37 318
37 321
37 328
37 334
37 347
37 350
37 353
37 356
37 363
37 370
37 374
37 383
38 101
38 112
38 117
38 119
38 125
38 129
38 133
38 150
38 156
38 157
38 162
38 167
39 10
39 16
39 30
39 31
40 1
40 19
40 28
40 42
40 45
40 47
40 52
40 53
40 60
40 64
40 71
40 78
40 82
40 94
40 108
40 119
40 120
42 1
42 7
42 8
43 33
43 123
43 129
43 139
43 141
43 142
43 145
43 149
43 153
43 157
43 161
43 163
43 170
43 183
43 218
43 220
43 223
43 234
44 28
45 4
47 9
48 1
48 5
48 7
48 19
48 21
48 36
48 38
48 67
48 84
48 97
48 100
48 105
48 109
48 110
48 124
48 128
48 138
48 185
48 189
48 203
48 205
48 209
50 2
50 3
50 13
50 17
50 25
50 27
50 29
50 37
50 48
50 52
50 54
50 55
50 58
50 62
50 72
50 74
50 78
50 79
50 83
50 94
50 103
50 110
50 111
50 115
50 117
50 121
50 125
50 130
50 132
50 134
50 139
50 140
50 143
50 145
50 150
50 151
50 162
50 199
50 201
50 215
50 232
50 235
50 236
50 240
50 251
50 334
50 341
50 349
50 357
50 359
50 366
50 390
50 392
50 419
50 429
50 432
50 435
50 437
50 442
50 455
50 458
50 459
50 468
50 480
50 499
50 500
50 506
50 508
50 517
50 520
50 531
50 532
50 540
50 554
50 564
50 565
50 696
50 699
50 700
51 2
51 29
51 34
51 48
51 49
51 60
51 62
51 65
51 71
51 74
51 76
51 89
51 101
51 110
53 44
53 48
53 50
53 62
53 64
53 68
53 71
53 72
53 90
53 93
53 98
53 100
54 5
54 14
54 41
54 43
54 50
54 53
54 57
54 190
54 202
54 203
54 204
54 211
54 238
54 244
54 247
55 4
55 7
55 8
55 14
55 21
55 27
55 33
55 45
55 51
56 2
56 8
56 16
56 25
56 26
56 27
56 30
56 70
56 78
56 86
56 94
56 95
56 130
56 134
57 1
57 3
57 8
57 93
57 98
57 105
57 107
57 112
57 121
57 131
57 138
57 150
57 163
57 164
57 167
57 169
57 180
58 4
58 8
58 13
58 14
58 23
58 25
58 49
58 53
58 56
58 60
58 64
58 83
58 89
59 1
59 6
59 7
59 9
59 16
59 19
59 22
59 29
59 30
59 34
59 51
59 65
59 66
59 76
59 81
59 82
59 85
59 87
59 89
59 90
60 11
60 14
60 25
60 28
60 29
60 50
62 13
63 5
63 14
63 20
63 25
63 26
63 44
63 48
63 49
63 54
63 62
63 64
63 67
63 69
64 1
64 5
65 37
65 42
65 44
65 46
65 47
65 48
65 58
65 59
65 74
65 88
65 90
65 91
65 92
65 97
65 107
65 113
65 117
65 122
65 128
65 130
65 136
66 1
66 10
66 12
66 15
66 19
66 47
66 48
66 51
66 69
66 72
66 78
66 101
66 106
66 107
67 2
67 3
67 6
67 7
67 8
67 18
67 21
67 23
67 27
67 30
67 38
67 39
67 169
67 172
67 179
68 6
68 7
68 10
68 19
68 25
68 30
68 32
68 37
68 43
69 22
69 24
69 29
69 30
69 31
69 33
69 38
70 1
70 3
70 13
70 19
70 21
70 38
71 1
71 132
71 139
71 146
74 34
74 41
74 54
74 67
74 76
74 90
74 95
74 96
74 98
74 100
74 106
74 110
74 111
74 112
74 122
74 125
74 130
74 133
74 141
74 142
74 144
74 149
74 150
74 152
74 153
74 159
74 170
74 174
74 176
75 1
75 10
75 24
75 28
75 29
75 36
75 53
75 55
75 60
75 62
75 68
75 69
76 2
76 5
76 6
76 26
77 1
78 2
78 5
78 14
78 19
78 23
78 29
78 31
78 44
78 51
78 64
78 71
78 78
79 1
79 4
79 8
79 26
79 32
79 34
79 38
79 39
79 44
79 45
79 47
79 54
79 58
80 80
81 1
81 6
81 16
81 19
81 20
81 23
81 27
81 33
81 34
81 41
82 4
82 7
82 9
82 29
82 36
82 44
82 65
82 69
83 2
83 6
83 7
83 9
83 14
83 20
83 27
83 32
83 47
83 48
83 57
84 7
85 1
85 13
85 17
85 44
85 50
85 55
85 65
85 81
85 84
85 90
85 98
85 112
85 114
85 115
85 118
85 120
85 126
86 20
86 41
86 49
86 50
86 75
86 81
86 103
87 88
87 90
87 92
87 97
87 109
87 116
87 117
87 118
87 119
87 128
87 136
87 141
87 211
87 215
87 221
88 109
88 111
88 113
88 114
88 117
88 123
88 125
88 139
88 142
88 148
88 149
88 162
88 178
88 186
89 5
89 136
90 1
90 2
90 5
90 10
90 17
90 19
90 20
90 27
90 28
90 32
90 34
90 41
90 69
90 80
91 35
91 55
92 118
92 123
92 125
92 135
92 137
92 138
92 141
92 144
92 145
92 149
92 152
92 160
92 165
92 166
92 169
92 170
92 171
92 172
92 186
92 198
93 1
93 7
93 12
93 29
93 30
94 2
97 15
97 17
97 42
97 44
97 46
97 49
97 50
97 51
97 53
97 54
98 2
98 4
98 9
98 10
98 15
98 16
98 17
98 18
98 26
98 35
98 40
