1 4
1 10
1 14
1 16
1 23
1 24
1 31
1 35
1 53
1 57
1 61
1 68
1 74
1 94
4 6
4 13
4 15
4 17
4 19
5 16
5 29
6 75
6 76
6 81
6 87
6 108
6 112
6 121
6 126
6 131
6 132
6 137
6 143
6 144
6 157
6 167
6 168
6 182
6 186
6 188
6 189
7 1
7 7
7 10
7 14
7 15
7 19
7 23
7 25
7 26
8 13
8 15
8 25
8 29
8 35
8 48
8 52
8 65
8 66
8 68
8 76
8 93
8 103
9 2
9 5
9 7
12 85
12 90
12 93
12 105
12 108
12 117
12 119
12 123
13 2
13 5
13 7
13 34
13 38
13 39
13 44
13 46
13 90
13 96
13 105
13 106
13 108
13 109
13 111
13 113
13 124
15 97
15 99
15 110
15 112
15 138
15 139
16 2
16 9
16 23
16 36
16 46
16 47
17 11
17 17
17 21
17 25
17 26
17 41
17 43
17 46
17 47
17 49
17 50
17 61
17 65
17 102
17 239
17 251
17 261
17 262
17 264
17 272
17 273
17 275
17 281
17 282
17 289
17 295
17 299
17 301
17 310
17 319
17 326
17 333
17 337
17 339
17 342
17 350
17 351
18 62
18 65
18 72
19 5
19 9
19 10
19 23
19 25
19 26
19 33
19 42
19 43
19 46
20 1
20 76
20 79
20 83
20 88
20 89
20 93
20 95
20 96
20 107
21 14
21 20
21 22
21 23
21 27
21 31
21 35
21 37
21 38
21 42
21 51
21 55
22 17
22 20
22 21
23 32
23 33
23 40
23 45
24 1
24 4
24 5
24 16
24 17
24 20
24 27
24 28
24 32
24 43
24 46
25 20
25 23
25 30
25 33
25 34
25 35
25 41
25 46
25 55
25 56
25 57
25 60
25 61
25 76
25 95
25 99
25 109
25 110
25 113
25 118
25 126
25 130
25 132
25 140
25 142
25 144
25 149
26 1
26 18
26 22
26 29
26 46
26 50
26 60
26 61
26 72
26 75
26 77
26 81
26 86
26 92
26 101
27 117
27 119
27 120
27 127
27 132
27 134
27 135
27 141
27 142
27 144
28 57
28 59
28 74
28 81
28 85
28 86
28 89
29 4
29 6
30 1
30 4
30 8
30 11
30 12
30 18
30 21
30 34
30 40
30 46
30 67
30 70
30 71
30 72
30 74
30 75
30 78
30 93
30 94
30 106
30 117
30 120
30 124
30 126
30 138
30 142
30 147
30 158
30 162
30 166
30 173
30 178
30 198
30 200
30 207
30 212
30 213
30 229
30 237
30 263
30 265
30 271
30 272
30 274
30 291
30 300
30 306
31 16
31 17
31 25
31 26
31 114
31 116
31 121
31 123
31 134
31 137
31 141
31 142
31 149
32 8
32 15
32 20
32 27
32 38
32 45
32 51
32 56
32 88
32 117
32 119
32 121
32 125
32 130
32 138
32 139
32 157
32 162
32 166
32 169
32 179
32 182
32 189
32 205
32 206
32 208
32 214
32 215
32 216
32 223
32 227
32 239
33 18
33 26
33 27
33 30
33 34
33 46
33 48
33 53
33 57
33 64
33 65
33 71
33 73
33 78
33 83
33 88
33 90
33 98
33 114
33 123
33 127
33 129
33 131
33 134
33 135
33 143
33 151
34 2
34 3
34 26
35 13
35 18
35 19
35 28
35 30
35 38
35 45
35 51
35 53
35 65
35 67
35 73
35 91
35 96
35 98
35 100
35 107
35 109
35 110
35 119
35 123
35 124
35 135
35 137
35 145
35 146
35 147
35 161
35 172
35 173
35 184
35 190
35 214
35 229
35 230
35 231
35 234
35 241
35 242
35 245
35 247
35 250
35 253
35 255
35 259
35 268
35 269
35 282
35 284
38 21
38 26
38 27
38 33
38 36
38 43
38 50
38 60
38 65
38 70
38 73
38 79
38 80
38 82
38 84
39 8
39 16
39 17
39 26
39 94
39 98
39 99
39 109
39 120
39 129
39 131
39 136
39 144
39 145
39 154
39 156
39 161
42 100
42 104
42 111
43 3
43 5
43 11
43 23
43 24
43 35
43 36
43 45
43 47
43 49
43 50
43 57
43 62
43 66
43 68
43 73
43 77
43 91
43 94
43 100
43 107
43 113
43 116
43 131
43 145
43 146
43 150
43 151
44 32
44 33
44 38
44 50
44 52
44 54
44 57
44 59
44 61
44 64
44 68
44 71
44 72
44 157
44 159
45 13
45 28
45 44
45 50
45 55
45 56
45 61
45 63
45 69
45 80
45 95
45 101
45 126
45 129
46 2
48 111
48 112
48 114
48 125
48 139
48 142
48 146
48 147
48 152
48 181
48 185
48 186
48 284
48 288
48 289
48 291
51 29
53 2
53 4
53 5
53 11
55 7
55 41
55 54
55 55
55 64
55 73
55 77
55 83
55 85
56 2
56 5
56 11
56 16
56 18
56 23
56 28
56 37
56 40
56 42
56 50
56 51
56 52
57 8
57 18
57 19
57 20
57 43
57 53
57 55
57 56
57 58
57 59
58 2
58 19
58 20
59 6
59 9
59 10
59 19
59 25
59 33
59 38
59 43
59 46
59 68
59 71
59 78
59 90
59 95
60 4
60 7
60 8
60 11
60 19
60 31
60 67
60 75
60 92
60 93
60 97
62 58
62 62
62 63
62 73
62 81
63 6
63 12
63 16
63 17
63 23
63 26
63 34
63 64
63 67
63 69
63 81
63 85
63 86
63 89
64 2
64 4
64 11
64 16
64 22
64 42
64 51
64 53
64 81
64 84
64 86
64 92
64 101
64 113
64 114
65 3
65 8
65 12
65 15
65 17
65 18
65 25
65 26
65 36
65 38
65 41
65 44
65 52
65 53
65 55
66 1
66 3
66 11
66 18
66 24
66 32
66 33
66 34
66 37
66 38
66 42
66 46
66 47
66 56
66 63
66 66
66 73
66 74
66 83
66 86
66 88
66 100
66 102
66 105
66 106
66 114
66 121
66 122
66 152
66 169
66 177
66 180
66 187
67 4
67 10
67 12
67 18
67 22
67 30
67 33
67 49
67 53
67 54
67 57
67 59
67 62
69 14
69 16
70 61
70 64
70 71
70 72
70 77
70 85
70 92
70 93
70 103
70 106
70 110
70 114
70 116
70 118
70 119
70 124
71 86
71 88
71 96
72 7
72 18
72 30
72 46
72 52
72 54
72 64
72 71
72 75
72 77
72 82
72 90
72 115
72 118
74 25
74 29
74 30
74 59
74 61
74 62
74 84
74 85
74 90
74 92
74 95
74 102
75 3
75 5
75 8
75 18
75 60
75 64
75 65
75 67
75 72
75 81
75 82
75 94
75 96
75 97
75 113
75 138
75 139
75 140
75 144
75 153
75 155
75 156
75 164
75 168
75 181
75 207
76 3
76 4
76 5
76 12
76 17
76 20
76 21
76 35
76 36
76 38
76 52
76 58
76 67
76 71
76 72
76 79
76 88
76 93
76 98
76 106
76 117
76 125
79 27
79 33
79 36
79 37
79 42
79 46
79 48
79 52
79 53
79 59
79 65
79 75
79 81
79 88
80 82
80 85
80 86
80 90
80 96
80 98
80 105
80 150
80 220
80 235
80 237
80 247
80 248
80 272
80 278
80 288
80 291
81 114
81 117
81 118
81 122
81 126
81 130
81 144
81 145
81 146
81 157
82 45
82 48
82 92
82 95
82 99
82 109
82 112
82 113
83 1
83 2
84 1
84 140
84 146
84 147
84 150
84 177
85 44
85 47
85 55
85 57
85 61
85 73
85 80
85 89
85 219
85 221
85 226
85 232
85 241
86 1
86 10
86 15
86 17
86 19
86 41
86 42
86 45
86 46
86 94
86 107
86 108
87 1
87 13
87 15
87 25
87 33
87 43
87 48
87 49
89 8
89 10
89 15
89 20
89 29
89 32
90 3
90 7
90 18
90 23
90 28
90 29
90 37
90 57
90 59
90 66
90 71
90 88
90 90
91 17
91 21
91 26
91 27
91 33
91 61
91 64
91 65
91 72
91 87
91 89
91 103
91 104
91 110
91 116
91 123
95 13
95 23
97 95
97 102
97 114
97 118
97 128
97 130
97 134
97 146
97 153
98 4
99 1
99 13
99 15
99 18
99 20
