1 2
1 4
1 5
1 6
1 20
1 22
1 23
1 26
1 36
1 37
1 41
1 43
1 48
1 67
1 82
1 84
1 91
1 94
3 2
3 10
3 16
3 23
3 30
3 35
3 37
5 5
5 12
5 18
5 29
5 32
5 33
6 2
6 3
6 6
6 7
6 21
6 22
6 25
6 28
6 30
6 43
6 44
6 56
6 72
6 76
6 81
6 92
6 95
6 103
6 159
6 170
6 177
6 180
7 2
7 5
7 8
7 9
7 17
7 18
7 29
7 34
7 41
7 44
7 56
7 57
7 60
7 64
7 65
7 73
7 75
7 81
7 139
7 141
7 144
7 147
7 151
7 160
7 170
7 171
7 173
7 178
7 183
8 4
8 18
8 19
8 22
8 27
8 28
8 48
8 52
8 53
9 33
9 36
9 46
9 55
9 66
9 68
9 70
9 73
9 76
9 81
9 86
9 103
9 106
9 124
9 127
9 130
9 132
9 136
9 139
9 155
9 156
9 158
9 172
9 180
9 183
9 212
10 1
10 10
10 11
11 5
11 8
12 2
12 4
12 9
12 10
12 20
12 23
12 31
12 39
12 44
12 47
12 49
12 60
12 61
12 83
12 88
12 103
12 113
12 121
12 122
12 124
12 131
12 134
12 141
12 146
12 148
12 149
12 150
12 154
13 54
13 66
13 78
13 79
13 89
13 94
13 101
13 103
14 2
14 12
14 19
14 23
14 25
14 31
14 35
14 36
14 37
14 38
14 41
14 43
15 7
15 19
15 23
15 39
15 48
15 49
15 52
15 53
15 61
15 64
15 73
15 74
15 80
15 87
15 101
15 103
15 105
15 121
16 7
16 8
16 19
16 25
16 32
16 36
17 94
17 100
17 117
17 118
19 3
19 8
19 14
19 16
19 19
19 29
19 37
19 40
19 46
19 55
19 70
19 79
19 82
19 83
19 88
19 99
19 103
19 105
19 108
19 116
19 117
19 118
19 119
19 122
19 123
19 129
19 136
19 143
19 146
20 2
20 11
20 14
20 23
20 28
20 38
20 40
20 46
20 52
20 53
20 57
20 58
20 61
20 74
21 2
21 3
22 44
22 45
24 4
24 10
24 16
24 24
24 25
24 29
24 34
24 39
24 44
24 47
24 48
25 1
25 4
25 5
25 8
25 18
25 22
25 28
26 12
26 13
26 15
26 20
27 1
27 5
27 8
27 11
27 12
27 18
27 25
27 28
27 45
27 65
27 70
27 74
27 86
27 94
27 100
27 104
27 107
27 109
27 114
27 119
27 124
27 127
27 129
27 134
27 135
27 137
27 153
27 155
27 158
27 159
27 165
27 166
27 169
27 178
27 183
27 187
27 190
27 196
27 204
27 205
27 210
27 211
27 232
27 235
27 236
27 240
28 2
28 4
28 7
28 10
28 11
28 24
28 34
28 35
28 47
28 49
28 53
29 5
29 28
29 39
29 49
29 50
29 53
29 58
29 60
29 64
32 29
32 32
32 60
32 62
32 66
32 69
36 1
36 2
36 4
36 20
36 40
36 43
36 57
36 59
36 66
36 68
36 76
36 100
36 102
36 109
36 112
36 113
37 47
37 54
37 57
37 72
37 75
37 78
37 86
37 90
37 92
37 93
39 6
39 13
39 17
39 18
40 25
40 26
40 29
40 161
40 178
40 190
40 198
40 200
40 204
40 211
40 219
40 223
40 224
40 231
40 232
40 241
40 255
40 264
40 267
40 270
40 273
40 277
40 278
40 302
40 312
40 322
40 323
40 335
40 337
40 343
40 350
40 360
40 361
41 2
42 1
42 7
42 10
42 22
42 29
42 32
42 33
42 38
42 51
42 67
42 76
42 77
42 89
42 90
42 99
42 110
42 140
42 144
42 145
42 150
42 154
42 155
42 162
42 166
42 169
42 172
43 1
43 13
43 18
43 23
43 28
43 32
43 34
43 36
43 52
43 62
43 64
43 72
43 75
44 9
44 17
44 19
44 20
44 26
48 8
48 9
48 17
48 25
48 29
48 30
48 43
48 45
48 47
48 58
48 60
49 5
49 12
49 53
49 54
49 59
49 64
49 68
49 72
49 75
49 76
49 78
49 79
49 99
49 106
49 110
49 112
49 116
49 125
49 126
52 33
52 44
52 53
52 54
52 60
52 65
52 85
52 103
52 105
52 107
52 108
52 110
52 115
52 116
53 45
53 51
53 61
55 2
55 9
55 10
55 22
55 25
55 27
55 40
55 43
55 46
55 64
56 20
56 22
56 23
56 38
56 41
56 108
56 110
56 122
56 134
56 154
56 155
56 158
56 160
56 166
56 168
57 1
57 8
57 10
57 14
57 17
57 29
58 8
58 10
58 31
58 32
58 34
58 38
58 41
58 42
58 58
58 70
58 73
58 79
58 103
58 109
58 113
58 116
58 129
58 131
58 132
58 140
58 141
58 145
58 156
58 157
58 165
58 168
58 169
58 171
58 174
58 180
58 188
58 190
58 205
58 212
58 217
58 219
58 227
58 256
58 259
58 262
58 268
58 270
58 273
58 280
58 283
58 298
58 299
58 300
58 303
58 305
58 309
58 310
58 390
58 402
58 412
58 422
58 425
58 430
58 434
58 437
58 438
58 466
58 494
58 496
58 497
58 499
58 504
58 506
58 508
58 509
58 511
59 65
59 68
59 76
59 77
59 288
59 295
59 307
59 320
59 337
59 338
59 347
59 348
61 2
61 9
61 41
61 43
61 46
61 47
61 57
61 59
61 63
61 66
61 96
61 100
61 102
61 111
61 117
61 126
61 128
61 136
61 137
61 138
61 146
61 155
61 160
61 161
61 163
61 180
61 193
61 196
61 205
61 210
61 219
61 233
61 245
62 4
62 6
63 111
63 124
63 126
63 127
63 140
63 147
63 149
63 161
63 172
63 176
65 9
65 13
65 14
65 19
65 21
65 23
65 24
66 2
66 3
66 7
66 12
66 18
66 21
66 26
66 28
66 29
66 35
66 36
67 7
67 45
67 63
67 64
67 68
67 74
67 75
70 19
70 20
70 21
70 27
70 30
70 32
70 36
70 42
70 43
72 2
72 10
72 18
72 19
72 30
73 48
73 49
73 51
73 53
73 54
73 56
73 57
73 59
73 69
73 70
73 79
74 5
74 13
74 14
74 18
74 19
74 21
74 23
74 25
74 29
74 30
74 32
74 38
74 42
74 46
74 56
74 58
74 65
74 66
74 67
74 75
74 80
74 87
74 90
75 116
75 117
75 126
75 131
75 132
77 9
77 11
77 12
77 15
77 18
77 21
77 24
77 31
79 15
79 19
81 22
81 23
81 30
81 38
81 46
81 53
81 61
81 63
81 80
81 81
82 24
82 25
82 28
82 36
82 39
82 53
82 65
83 9
83 10
83 20
83 28
84 4
84 10
84 12
84 14
84 15
84 18
84 19
84 21
85 66
85 78
85 79
85 83
85 87
85 91
85 104
85 107
85 124
85 126
85 129
85 132
85 137
85 157
85 161
88 29
88 33
88 50
88 51
88 73
88 77
88 83
88 84
89 1
89 7
89 8
89 10
89 13
89 16
89 23
89 27
89 28
90 6
90 9
91 8
91 10
91 22
91 25
91 27
91 34
91 38
91 42
91 44
91 46
91 57
91 60
94 28
94 35
94 40
94 41
94 46
94 49
95 2
95 5
95 13
95 25
95 31
95 35
96 7
96 15
96 22
96 23
96 28
96 40
96 59
96 66
96 68
96 69
96 88
96 89
96 91
96 92
96 97
96 104
96 107
96 109
96 111
96 114
96 126
96 142
97 3
97 6
97 12
97 14
97 30
97 33
97 41
97 46
97 48
97 51
97 55
98 1
98 2
98 4
98 16
99 1
99 3
102 11
102 22
102 23
102 165
103 2
104 1
104 6
104 10
104 12
104 15
104 21
104 25
104 26
104 30
106 15
106 16
106 21
106 22
107 76
107 78
107 86
107 89
107 91
107 99
107 102
107 103
107 119
107 120
107 124
108 5
108 10
108 15
108 18
108 21
108 85
108 109
108 134
108 135
108 159
108 160
108 162
108 173
108 199
108 200
108 202
108 207
108 208
108 210
108 215
108 218
108 221
109 27
109 28
109 32
109 34
109 36
109 50
109 57
109 58
109 59
109 61
109 62
109 74
109 100
109 101
109 104
109 105
109 119
109 120
109 125
109 147
109 156
109 165
109 170
109 171
109 173
111 46
112 10
112 13
112 22
112 35
112 44
112 57
112 62
112 66
112 75
113 33
113 37
113 38
113 39
113 52
113 60
113 78
113 94
113 95
113 98
113 99
113 102
113 104
113 109
113 115
113 116
113 123
113 124
113 136
113 147
113 149
