1 17
1 25
1 26
1 35
1 36
2 2
2 10
2 11
2 13
2 21
2 22
2 23
2 28
3 49
4 4
4 12
4 13
4 14
4 19
4 20
4 29
4 42
4 50
4 57
4 60
4 61
4 64
4 66
4 74
4 81
4 82
4 107
4 111
4 118
4 135
4 154
5 48
7 120
7 124
7 125
7 136
7 137
7 143
7 149
7 154
7 164
7 167
7 171
7 177
7 182
7 185
11 7
11 10
11 11
11 17
11 19
11 23
11 149
11 151
11 152
11 158
11 170
11 176
11 182
11 186
11 188
11 195
11 200
11 212
12 2
12 3
12 11
12 14
12 18
12 25
12 26
12 37
12 44
12 46
12 53
12 54
13 21
13 23
13 27
13 31
13 33
14 5
14 7
14 9
14 11
14 16
14 28
14 31
14 34
15 89
15 99
15 109
15 122
15 128
15 129
15 130
15 134
15 139
15 190
15 192
15 201
16 16
16 25
16 27
16 31
16 37
16 66
16 72
16 73
16 78
16 90
16 91
16 92
16 97
16 105
16 126
16 128
16 133
16 142
16 146
17 10
18 5
18 11
18 12
18 15
18 16
18 17
18 23
18 26
18 27
18 28
18 30
18 40
18 54
18 58
18 63
18 66
18 78
18 86
18 99
18 101
19 1
19 5
19 6
19 39
19 46
19 49
21 28
22 7
22 10
22 18
22 22
22 25
22 29
22 83
22 85
22 88
22 90
22 93
22 99
22 104
22 107
22 111
22 122
22 130
22 138
22 140
22 142
22 163
22 169
22 171
22 175
22 178
22 186
22 193
22 197
22 198
22 205
22 211
22 214
22 217
22 220
22 247
22 249
23 6
23 8
23 21
23 22
23 31
23 44
23 51
23 53
23 68
24 5
24 10
25 5
25 8
25 19
25 28
25 33
25 49
25 60
25 62
25 84
25 85
25 96
25 98
25 102
25 105
25 107
25 112
25 123
25 128
25 132
25 139
25 148
25 152
25 153
26 6
26 15
26 16
27 1
27 3
27 5
27 6
27 27
27 41
27 42
27 56
27 57
27 59
27 60
27 69
27 75
27 76
27 79
27 80
27 84
27 91
27 99
27 107
27 110
27 113
27 114
27 119
27 120
27 125
28 1
28 5
28 6
28 9
28 10
28 27
28 29
28 37
28 52
28 53
28 57
29 4
29 7
29 14
29 15
29 22
29 23
29 39
29 42
29 43
29 48
29 49
29 52
29 54
29 58
29 60
29 66
29 72
29 75
30 6
30 7
30 24
30 32
30 37
31 1
31 4
31 5
33 14
33 27
33 32
33 43
33 47
33 48
33 55
33 58
33 63
33 67
33 68
33 71
34 14
34 15
34 19
34 21
35 22
35 34
35 39
35 49
35 53
35 54
35 59
35 62
35 64
36 1
36 20
36 29
36 31
36 38
36 48
37 15
37 37
37 39
37 40
37 48
37 55
37 187
38 5
38 20
38 24
38 26
38 34
38 40
38 45
38 50
38 54
38 63
39 6
39 26
39 33
39 41
39 49
39 50
39 51
39 73
39 74
39 79
39 85
39 86
39 96
39 98
39 115
39 126
39 141
39 146
39 149
39 159
39 167
39 173
39 174
39 176
39 185
39 186
40 3
41 32
41 38
41 49
41 58
41 59
41 61
41 64
41 72
41 74
41 80
42 19
42 20
42 23
42 41
42 52
43 8
43 11
43 12
43 30
43 39
43 48
43 66
43 69
43 72
43 79
43 82
43 86
43 87
43 94
43 95
43 102
43 107
43 216
43 223
43 228
43 237
45 71
45 72
45 88
45 89
45 92
45 93
45 114
45 116
45 120
45 123
45 131
45 133
45 145
45 153
45 165
45 171
45 174
45 184
45 189
45 318
45 319
45 327
45 340
45 349
45 356
45 364
45 365
45 374
45 376
45 384
45 390
45 392
45 408
45 413
45 414
45 415
45 428
45 430
45 433
45 435
45 451
45 453
45 456
45 460
45 461
45 470
45 473
45 483
45 484
45 488
45 490
45 493
45 503
45 514
47 66
47 67
47 74
47 77
47 89
47 91
47 92
47 94
47 104
47 106
47 114
47 118
47 128
47 130
47 131
48 35
48 40
48 47
48 48
48 49
48 67
48 72
48 73
48 75
48 82
48 84
50 8
50 14
50 28
50 46
50 47
50 57
50 68
50 71
50 76
50 92
50 93
50 94
50 102
50 104
50 106
50 107
50 119
50 120
50 133
53 8
53 15
53 18
53 19
53 21
53 28
53 29
53 34
53 35
53 39
53 44
53 94
53 101
53 106
53 112
53 174
54 5
54 13
54 15
54 18
54 27
54 34
54 48
54 50
54 52
54 66
54 73
54 77
55 4
55 7
55 14
55 18
55 25
55 30
55 39
55 45
55 48
55 49
55 53
55 54
55 61
55 69
55 73
55 84
55 92
55 94
55 101
55 230
56 3
56 10
56 12
56 14
56 17
57 6
57 8
57 10
57 12
57 13
57 14
57 15
57 21
57 29
57 33
57 35
57 40
57 43
57 51
57 52
57 63
57 167
57 168
57 179
57 181
57 183
57 215
57 221
57 222
57 232
57 233
57 258
57 261
57 262
57 263
57 266
57 273
57 280
57 285
57 297
57 306
57 313
57 314
58 2
58 17
58 22
58 29
58 163
58 175
58 178
58 180
58 189
58 193
58 198
58 208
58 224
58 225
58 230
58 233
59 2
59 20
60 4
60 18
60 19
60 26
60 29
60 32
60 47
60 54
61 1
61 17
61 21
61 24
61 25
61 30
61 53
61 60
61 190
64 3
64 6
64 14
64 16
65 8
65 15
65 34
65 54
65 65
65 66
66 1
66 8
66 10
66 13
66 34
66 38
66 39
66 53
66 95
66 106
67 1
67 9
67 14
67 15
67 19
67 20
67 24
67 28
69 25
69 37
69 39
70 2
70 6
70 10
71 3
71 5
71 9
71 14
71 87
71 150
71 151
71 157
71 158
71 159
71 167
71 173
71 178
71 179
71 183
71 189
71 200
71 229
71 230
71 232
71 237
71 245
71 251
71 253
71 269
71 276
72 60
72 67
72 75
72 78
72 86
72 87
72 90
72 95
73 3
73 23
73 25
73 26
73 30
73 31
73 36
73 39
74 3
74 5
74 7
74 8
74 152
74 155
74 157
74 172
74 182
74 198
74 199
74 202
75 1
75 2
75 4
75 9
75 11
75 15
75 16
75 57
75 60
75 62
75 65
75 68
75 69
75 72
75 73
75 75
75 86
76 1
76 13
76 21
76 33
76 42
76 43
76 47
76 56
76 60
76 73
76 83
76 84
76 89
76 98
76 107
76 118
76 122
76 123
76 129
76 130
77 9
77 10
77 18
77 21
77 22
77 29
77 39
77 41
77 58
77 62
77 71
77 73
78 8
78 55
78 61
82 28
82 29
82 30
82 38
82 40
82 43
82 46
82 51
82 68
82 72
82 76
82 93
82 101
82 105
82 107
82 114
85 27
85 30
85 41
85 49
85 52
85 56
85 57
85 58
85 63
85 66
85 76
85 82
85 94
85 99
85 115
85 116
85 129
85 140
85 147
86 1
86 10
86 14
86 17
86 18
87 1
87 3
87 45
87 46
87 51
87 67
87 72
87 78
87 83
87 88
87 91
87 94
87 96
87 98
87 99
87 108
87 116
87 125
87 128
87 134
87 135
87 157
88 26
88 27
88 29
88 32
88 43
88 47
88 49
88 55
88 61
88 63
88 77
88 78
88 84
88 93
88 100
88 105
88 108
88 110
88 112
88 117
89 8
89 12
89 17
89 24
89 25
89 28
89 39
89 41
89 55
89 64
89 69
89 87
89 88
89 95
90 105
90 107
90 128
90 142
90 143
90 145
90 152
90 153
90 161
90 175
90 188
90 217
90 228
90 236
91 93
91 96
91 97
91 113
91 120
91 130
92 15
93 3
93 6
94 13
94 16
94 19
94 27
94 28
94 35
94 41
94 45
94 48
95 12
95 13
96 9
96 12
96 21
96 24
96 28
96 30
96 37
96 40
96 50
96 66
96 70
96 74
96 76
96 81
96 86
97 16
97 24
97 38
97 41
97 44
97 48
97 54
97 58
97 61
97 69
97 75
97 78
98 6
98 12
98 16
98 19
98 20
98 22
98 34
98 36
98 44
98 50
98 55
98 58
98 62
98 77
98 78
98 83
99 5
99 14
99 34
99 41
99 50
101 5
101 11
101 26
102 16
102 19
103 9
