1 3
1 14
1 25
1 38
1 40
1 43
1 44
1 55
1 59
1 62
1 67
1 75
1 76
1 79
1 81
1 84
1 85
1 92
1 99
2 3
2 14
2 15
2 42
2 45
2 48
2 49
2 53
2 57
2 61
2 78
2 88
2 90
2 97
2 108
3 1
3 3
3 11
5 9
5 35
5 62
5 69
5 70
5 81
5 91
7 56
7 58
7 59
7 63
7 67
8 6
8 11
8 12
8 19
8 21
8 23
8 25
8 30
8 32
10 4
10 7
10 9
10 10
10 18
10 30
10 35
10 36
10 65
10 77
10 99
10 105
10 111
10 122
10 127
10 136
10 141
10 144
10 146
11 1
11 2
11 6
11 7
11 20
12 4
12 5
12 15
12 16
12 24
12 26
12 27
12 31
12 32
12 34
12 39
12 44
12 45
12 49
12 69
12 80
13 121
13 125
13 128
14 80
14 82
14 83
14 97
14 103
14 104
14 112
14 116
14 117
14 123
14 147
14 156
14 162
14 163
14 165
14 166
14 179
14 180
14 181
14 185
14 186
14 265
14 266
14 271
14 274
16 30
16 38
16 174
16 182
16 183
16 197
16 201
16 205
16 210
16 213
16 215
16 227
17 2
17 4
17 7
17 11
17 27
17 33
17 42
17 48
18 3
19 95
19 105
20 5
21 5
21 12
21 23
21 34
21 40
21 45
21 49
21 50
21 59
21 80
21 86
21 87
21 95
21 98
21 100
21 102
21 103
21 105
21 115
21 121
21 124
21 126
21 148
21 153
21 157
21 161
21 174
21 176
21 180
21 190
21 191
21 196
21 199
21 203
21 206
21 220
21 223
21 225
21 228
21 232
21 236
21 238
21 258
21 266
21 279
21 282
21 286
21 289
21 290
21 294
21 306
21 308
21 309
21 319
21 322
21 323
21 324
21 328
21 329
21 333
21 341
21 366
21 371
22 6
22 13
22 15
22 20
22 21
22 24
22 35
22 38
22 40
22 44
22 56
22 69
22 81
23 3
23 12
23 17
23 25
23 27
24 5
24 9
24 13
24 14
24 23
24 29
24 40
24 46
24 52
24 59
25 8
25 43
25 50
25 54
25 66
25 67
25 78
25 144
25 145
25 156
25 157
25 158
25 189
25 191
25 206
25 208
25 211
25 226
25 233
25 235
25 238
26 8
26 12
26 15
26 25
26 35
26 37
26 42
26 46
26 59
27 2
28 35
28 37
28 55
28 74
28 79
28 81
28 91
28 94
28 100
29 6
29 10
29 11
29 17
29 18
29 23
30 6
30 8
30 10
30 28
30 29
30 33
30 35
30 46
30 51
30 60
30 79
31 20
31 22
31 28
31 35
31 53
33 1
33 4
33 8
33 9
33 13
33 27
33 34
33 38
33 39
33 45
33 50
33 51
33 52
33 66
33 87
33 101
33 106
33 107
33 112
33 117
33 121
33 122
33 135
33 145
33 151
33 153
33 164
33 169
33 174
33 177
33 183
33 184
33 187
33 189
33 190
33 201
33 205
33 227
33 237
33 242
33 243
33 249
33 256
33 270
33 271
33 275
33 276
33 286
33 288
33 292
33 308
33 310
33 319
33 326
33 328
33 333
33 339
34 5
34 15
34 16
34 18
34 21
34 26
34 32
35 15
35 17
35 18
35 30
35 32
35 50
35 55
35 71
35 73
35 74
35 75
36 1
37 7
37 11
38 3
38 18
38 27
38 30
38 32
38 37
38 45
38 47
38 177
38 179
38 184
38 185
38 187
38 193
38 200
38 202
38 207
38 218
38 221
38 222
38 233
38 236
38 239
38 254
38 255
38 258
38 259
38 271
39 28
39 34
39 37
39 45
39 48
39 53
39 55
39 62
39 72
39 79
39 83
39 94
39 96
39 97
39 105
39 107
39 108
39 110
39 111
39 118
39 124
39 127
39 146
39 148
40 3
40 13
40 20
40 31
40 54
40 57
40 64
40 67
40 73
40 74
41 41
42 19
43 5
43 8
44 2
44 7
44 21
44 23
44 34
44 35
44 39
44 61
44 65
44 67
44 72
44 74
44 78
44 85
44 89
44 92
44 107
44 108
44 111
45 4
45 9
45 14
45 17
45 18
47 49
47 50
47 54
47 56
47 60
47 90
47 106
47 111
47 118
47 120
48 7
48 14
48 20
48 38
48 52
48 54
48 60
48 64
48 67
48 68
48 71
48 77
48 79
48 80
48 87
48 97
48 99
48 101
48 103
48 120
48 121
48 122
48 131
48 141
49 12
49 14
50 5
50 6
50 10
50 12
50 14
50 17
50 25
50 30
50 40
50 45
50 46
50 47
50 48
50 143
50 145
50 156
50 157
50 163
50 170
50 173
50 182
50 187
50 192
50 193
50 210
50 215
50 216
50 222
50 224
50 225
50 233
50 234
51 39
51 41
52 76
52 81
52 83
52 86
52 87
52 90
52 105
52 106
52 110
52 118
52 125
52 126
52 129
53 21
53 26
53 31
53 32
54 1
54 2
54 5
54 6
54 20
54 29
54 30
54 100
54 107
54 108
54 109
54 117
54 120
54 122
54 131
54 133
54 145
54 147
55 3
55 23
55 29
55 34
57 1
57 6
57 8
57 12
57 21
57 34
57 50
57 59
57 61
57 62
57 69
57 75
58 4
58 8
58 13
58 14
58 22
58 23
58 25
58 29
58 40
58 44
58 51
58 53
58 58
58 69
58 77
58 78
58 81
58 89
58 93
58 97
58 99
58 100
58 102
58 103
58 110
58 115
58 118
58 122
58 139
58 143
58 146
58 147
58 165
58 166
58 172
58 182
58 184
58 186
58 187
58 203
59 1
59 10
60 3
60 6
60 7
60 15
60 25
60 32
60 40
60 41
60 43
60 113
60 114
60 122
60 126
60 127
60 131
60 132
62 1
62 3
62 25
62 45
62 52
62 60
62 66
62 74
62 77
62 79
62 80
62 91
63 4
63 7
63 44
63 54
64 2
64 41
64 43
64 47
64 71
64 72
64 74
64 82
64 83
64 89
64 91
64 96
64 104
64 105
64 123
64 126
64 128
64 158
64 172
64 184
64 186
64 190
64 193
64 196
64 201
66 20
66 22
66 38
66 42
66 43
66 51
66 53
66 56
66 57
66 66
66 74
66 79
66 84
66 87
66 107
66 111
67 16
67 17
67 41
67 176
67 178
67 180
67 188
67 190
67 195
67 196
67 199
67 201
67 202
67 266
67 273
67 294
67 300
67 301
67 303
67 304
67 310
67 321
67 325
67 327
67 335
67 338
67 347
67 348
67 352
67 353
67 354
67 356
67 357
67 363
67 364
67 376
67 380
67 381
70 66
70 70
70 71
70 76
70 78
70 81
70 91
71 4
71 5
71 8
71 15
71 18
71 22
71 23
71 40
71 41
71 44
71 50
72 6
72 9
72 16
72 20
72 22
72 25
72 39
72 42
72 43
72 45
72 47
72 49
73 4
73 14
73 24
73 32
73 33
74 6
74 12
74 14
74 16
74 18
74 30
74 32
74 54
74 55
74 59
74 63
74 75
74 76
74 79
74 86
75 106
75 110
75 111
75 112
75 113
75 131
75 132
75 134
75 138
75 145
78 83
78 89
78 92
78 223
78 225
78 227
78 230
78 240
78 242
78 243
78 254
78 255
78 257
78 259
79 9
79 11
79 14
79 16
79 20
79 31
79 36
79 41
79 49
79 50
79 51
79 55
80 4
80 12
80 13
80 16
80 26
80 30
80 34
80 35
80 39
80 42
80 47
80 51
80 54
80 56
80 61
80 63
80 71
80 79
80 91
80 94
80 99
80 108
80 115
80 120
80 126
80 128
80 131
80 133
80 135
80 137
80 138
80 142
83 9
83 94
83 100
83 108
83 117
83 123
83 132
83 165
83 166
83 167
83 168
83 173
83 176
83 178
83 182
83 188
83 190
83 192
83 193
83 201
83 208
83 210
83 211
83 219
83 223
83 227
83 228
83 235
83 237
83 240
83 241
83 245
83 249
83 250
83 251
83 253
83 256
83 258
83 260
83 349
83 355
83 358
83 399
83 401
84 4
86 39
86 40
87 4
87 6
87 8
88 124
88 129
88 136
89 9
90 2
90 6
90 13
90 14
90 18
90 22
90 33
90 37
90 38
90 40
90 41
90 50
90 52
90 55
91 1
91 4
91 20
91 21
91 23
91 30
91 32
91 35
91 37
92 1
92 6
92 8
92 15
92 19
92 28
92 36
92 41
92 42
92 44
92 46
92 47
92 51
92 54
92 62
92 70
92 90
92 92
92 114
92 120
93 26
93 29
93 31
93 43
94 1
94 5
94 10
94 16
94 19
94 29
94 30
94 41
94 67
94 74
94 76
95 126
96 2
96 7
96 18
96 27
96 31
98 68
98 70
98 76
98 80
100 2
100 5
100 18
103 1
103 2
103 6
103 8
103 21
103 37
103 49
103 58
103 62
104 47
104 48
104 51
104 53
104 57
104 60
104 62
104 65
104 76
104 81
105 2
105 7
105 13
