1 3
1 9
3 9
3 16
3 20
3 33
3 37
3 39
3 42
3 43
3 45
3 49
3 51
3 54
3 55
3 58
3 60
3 61
3 62
4 5
4 6
4 7
4 12
4 16
4 21
4 26
4 29
4 33
4 34
4 35
4 45
4 46
4 47
5 8
5 16
5 27
5 28
5 42
5 43
5 49
6 63
9 39
9 46
9 51
9 64
9 67
9 72
9 75
9 77
10 2
10 13
11 2
11 9
11 14
11 16
11 28
11 34
11 39
11 53
11 62
11 74
11 76
11 87
11 93
11 96
11 101
11 114
11 116
11 118
11 119
11 123
12 1
12 18
12 19
12 21
12 23
16 14
16 17
16 19
16 21
16 22
16 26
17 6
17 7
18 5
18 12
18 14
18 56
18 61
19 2
19 4
19 13
19 16
19 20
19 35
20 32
20 34
20 39
20 40
20 41
20 43
20 90
20 98
20 104
20 107
20 109
20 113
20 124
20 129
20 136
20 142
21 1
21 7
21 24
21 26
21 27
21 30
21 32
21 40
21 120
21 125
22 4
22 5
23 3
23 11
23 19
23 25
25 45
25 50
26 63
28 1
28 4
28 14
29 131
29 138
29 152
29 153
29 166
29 179
29 191
29 194
29 200
29 208
29 214
29 216
29 218
29 220
29 223
29 241
29 254
29 268
29 281
32 10
32 16
32 19
32 21
32 26
32 27
32 29
32 36
32 37
32 177
32 181
32 183
32 196
32 197
32 207
32 217
32 348
32 352
32 356
32 359
32 362
32 367
32 375
32 378
32 384
32 403
32 426
32 440
32 449
32 452
32 465
32 474
32 481
32 500
32 504
32 506
36 99
36 106
37 4
37 11
37 17
37 31
37 32
37 33
37 43
37 50
37 52
37 86
37 94
37 96
37 106
42 19
42 23
45 11
45 15
45 18
45 20
45 23
45 30
45 35
46 60
46 70
46 76
46 83
46 88
46 116
46 117
46 123
46 130
46 134
46 149
46 152
46 154
46 155
46 164
46 166
46 175
46 182
46 183
46 186
46 188
46 191
46 200
46 204
47 89
47 94
47 98
47 100
47 107
47 123
47 138
47 144
47 148
47 158
47 164
47 169
47 172
47 180
47 181
47 183
47 189
47 192
47 193
47 194
47 199
47 200
47 203
47 220
47 225
47 229
47 238
47 252
47 254
47 262
47 264
47 266
48 2
49 1
49 9
49 23
49 24
49 43
49 44
49 47
49 49
49 57
49 64
49 70
49 74
49 81
49 109
50 1
51 2
55 12
55 14
55 15
55 18
55 27
55 38
55 39
55 42
55 173
58 7
58 8
58 12
58 119
58 120
58 140
58 141
58 145
58 146
58 148
58 155
58 157
58 160
58 162
62 29
62 30
62 41
62 48
62 50
62 53
62 54
62 56
62 61
64 43
64 57
64 70
64 71
64 85
64 86
64 87
64 90
65 2
65 8
66 1
66 12
66 19
66 20
66 25
66 26
66 30
66 31
66 34
66 35
66 44
66 52
66 58
66 74
66 90
66 102
66 111
66 113
66 120
66 123
66 129
66 132
66 133
66 138
67 77
67 78
67 148
67 156
67 157
67 165
67 170
68 12
68 19
68 20
68 28
68 34
68 47
68 52
68 56
68 58
68 59
68 61
68 62
68 69
68 95
68 98
68 114
68 127
68 132
68 135
68 136
68 144
68 148
68 159
68 174
68 176
68 179
68 310
68 313
68 316
68 323
68 332
68 347
68 351
68 352
68 358
68 363
68 368
68 375
68 376
68 377
68 379
68 381
68 385
68 388
68 389
68 396
68 398
68 403
68 413
69 62
69 69
69 76
70 5
70 24
70 25
70 28
70 32
70 33
70 37
70 44
70 90
70 93
70 94
70 96
70 102
71 5
71 9
71 10
71 11
71 15
71 24
71 26
71 29
71 30
72 8
72 28
72 29
73 1
73 100
73 105
73 108
73 111
73 115
73 116
73 118
73 121
73 123
73 128
73 129
73 130
73 147
73 148
74 3
74 6
74 8
74 9
74 12
74 17
74 18
74 20
74 21
74 36
74 49
74 50
75 13
75 149
78 2
78 9
78 10
78 14
78 21
78 26
78 27
78 34
78 35
78 39
78 40
78 44
80 18
81 32
81 34
81 41
81 46
81 47
81 48
81 59
81 61
81 80
81 84
81 102
81 116
81 126
81 128
81 129
81 135
81 138
81 171
81 179
81 183
81 215
81 219
81 229
81 239
81 250
81 254
81 260
81 262
81 264
81 281
81 291
81 300
81 301
81 313
81 317
81 318
81 323
81 327
81 328
81 333
81 338
81 345
81 346
81 348
81 364
81 385
81 410
81 411
82 7
82 8
82 10
82 20
82 21
82 32
82 36
82 41
82 42
82 52
82 64
82 75
82 76
82 81
82 82
82 84
82 89
82 96
82 97
82 112
83 7
83 22
83 86
84 6
84 9
84 16
84 17
84 24
84 29
84 31
84 40
84 43
84 45
84 49
84 58
84 72
84 76
84 83
84 88
84 89
84 106
84 109
84 138
84 143
84 144
84 152
84 154
84 158
84 203
85 3
85 5
85 10
85 11
85 12
85 31
85 43
85 47
85 55
85 56
85 61
85 70
85 71
85 74
85 81
85 89
85 103
85 107
85 117
85 119
85 128
85 133
85 138
87 5
90 62
91 3
91 6
91 13
91 16
93 82
93 93
93 103
93 112
93 128
93 132
93 135
93 137
93 151
93 155
93 166
93 175
94 5
94 17
94 19
94 23
94 38
94 44
94 45
94 47
94 72
95 45
95 73
95 80
95 81
95 93
95 115
95 126
95 127
95 133
95 140
95 142
95 143
95 150
95 158
95 171
95 176
95 181
95 183
95 184
95 185
95 207
95 218
95 224
96 8
96 14
96 17
96 22
96 27
96 28
96 37
96 38
96 44
96 49
96 50
96 53
96 54
96 63
96 66
96 68
96 71
96 76
96 77
96 79
96 82
96 85
96 92
96 95
96 98
96 107
96 114
97 1
97 5
97 22
97 32
97 33
97 34
97 36
97 37
97 38
97 49
97 63
97 74
97 83
97 213
97 214
98 2
98 6
98 13
98 23
98 26
98 35
98 44
98 46
98 53
98 57
98 85
98 90
98 95
98 97
98 98
98 99
98 100
98 106
98 109
98 110
101 1
101 6
101 8
101 9
101 11
101 12
101 14
101 18
101 31
101 41
101 46
101 48
101 49
101 51
101 57
102 2
102 5
102 32
102 33
102 37
102 42
102 50
102 64
102 77
102 153
103 6
103 7
103 9
103 18
103 20
103 25
103 38
103 46
103 47
106 2
106 5
106 6
106 7
107 2
107 4
107 18
107 23
107 24
107 33
107 53
107 56
107 63
107 71
108 111
108 118
108 124
108 127
108 133
108 143
108 145
108 151
108 154
109 9
109 13
109 16
109 17
109 22
109 31
110 10
110 11
110 17
111 7
111 9
111 17
111 20
111 21
111 30
111 32
111 35
111 36
111 38
112 3
112 6
112 8
112 20
112 23
112 24
112 28
112 30
113 1
113 2
113 11
113 16
113 24
113 26
113 36
