1 11
1 13
1 27
1 33
1 36
1 41
1 44
1 46
1 85
1 89
1 93
1 94
1 104
1 109
1 114
1 119
1 120
1 127
1 131
1 133
1 136
1 141
1 150
1 152
1 154
1 162
1 170
1 173
1 177
1 185
1 191
1 192
1 195
1 199
1 201
1 209
1 212
1 268
1 271
1 275
1 276
1 286
2 3
2 10
2 13
3 3
3 8
3 11
3 20
3 26
3 27
3 47
3 66
3 69
3 71
3 94
3 96
3 98
3 99
3 102
3 108
3 109
3 122
4 114
4 115
5 5
6 1
6 13
7 3
7 5
7 6
8 3
8 8
8 86
8 94
8 106
8 110
8 116
8 123
8 128
9 70
10 1
10 23
10 26
10 28
10 32
11 3
11 7
11 10
11 20
11 29
11 38
11 50
11 54
11 70
11 111
11 119
11 120
11 125
11 126
11 127
11 137
11 138
11 142
11 148
11 149
11 155
11 158
11 201
11 206
11 213
12 1
12 2
12 4
12 23
12 56
12 58
12 63
12 67
12 68
12 69
12 82
15 51
15 65
15 66
15 98
15 99
15 106
15 116
15 117
15 132
16 6
16 8
17 73
17 80
17 142
17 148
17 159
17 163
17 164
17 165
17 184
17 189
17 190
17 191
17 204
17 217
17 223
17 236
18 2
18 7
19 7
19 16
20 11
20 12
22 5
22 9
23 1
23 4
23 6
23 13
23 16
23 18
23 24
23 29
23 50
23 53
23 55
23 56
23 58
23 60
23 63
23 72
23 73
23 75
23 79
23 80
23 82
23 86
23 93
23 96
23 97
23 100
23 101
23 104
23 105
23 112
23 125
23 127
23 128
23 130
23 136
23 137
23 146
23 150
24 5
24 6
24 9
24 16
25 2
25 15
25 29
25 32
25 191
25 194
25 227
25 243
25 245
25 249
25 251
25 254
25 269
25 271
25 272
25 276
25 296
25 300
26 1
26 5
27 6
27 7
27 13
27 30
27 43
27 50
27 60
27 62
27 78
27 85
27 89
27 90
28 2
28 14
28 15
28 25
28 156
28 157
30 20
30 23
30 26
30 31
30 42
30 44
30 53
30 64
30 156
30 163
30 242
30 247
30 260
30 280
30 287
30 288
30 290
30 294
30 301
30 308
30 318
30 323
30 333
30 334
30 340
30 341
30 385
30 388
30 398
32 30
32 32
32 37
32 39
32 49
32 54
33 80
33 84
33 88
33 89
34 3
34 6
34 23
34 45
36 79
36 80
36 81
36 83
36 85
36 91
36 95
36 113
36 122
36 126
36 128
36 132
36 133
36 135
36 152
37 15
37 20
37 24
37 78
37 81
37 87
37 88
37 90
37 91
37 98
37 103
37 104
37 107
37 110
37 117
37 118
37 125
37 126
37 128
37 261
38 2
38 3
38 4
38 6
38 15
38 31
38 35
38 39
38 47
38 53
38 54
38 62
39 1
39 6
39 28
39 29
39 30
39 34
39 41
39 47
39 57
39 63
39 66
39 78
39 79
39 82
39 92
39 93
39 111
39 118
39 120
39 123
40 9
40 10
40 17
40 23
40 26
40 36
40 37
40 49
40 53
41 5
41 15
41 16
41 18
41 20
41 25
41 26
41 54
41 55
41 57
41 58
41 65
41 70
41 82
41 91
41 94
41 95
41 122
41 144
41 149
41 156
41 159
41 161
41 165
41 166
41 170
41 175
41 176
41 177
41 181
41 184
41 189
42 22
42 24
42 27
42 30
42 34
42 41
42 78
43 4
43 16
43 20
43 23
43 33
43 35
43 54
43 58
43 62
43 65
43 70
43 72
43 76
43 84
43 88
43 94
43 98
44 20
44 25
44 28
44 36
44 37
44 38
44 41
44 57
44 69
44 72
44 77
44 78
44 80
44 81
44 85
44 102
44 106
44 108
45 12
45 14
45 16
45 17
45 24
45 44
45 47
45 52
45 54
48 16
48 18
48 25
48 27
48 31
48 34
50 2
50 3
50 10
50 13
50 15
50 17
50 19
50 20
51 14
51 16
51 19
51 34
51 36
51 37
51 45
51 51
51 57
51 58
51 67
51 72
51 78
51 80
51 84
52 23
52 32
52 33
52 52
52 55
52 57
54 2
54 3
54 20
54 21
54 28
54 35
55 8
55 22
55 35
55 50
55 52
55 54
55 56
55 57
55 71
55 72
55 74
55 76
55 91
55 97
55 103
55 113
55 119
55 123
55 132
55 133
55 134
55 141
55 142
56 55
56 59
56 66
56 67
56 69
56 70
56 80
56 81
56 97
56 107
56 115
56 135
56 156
56 166
56 183
56 184
56 193
56 205
56 211
56 239
56 241
56 257
56 273
56 275
56 276
56 280
56 311
56 317
56 378
57 7
58 24
58 39
59 1
59 3
59 8
59 20
59 66
59 72
59 74
59 75
59 80
59 84
59 89
61 8
61 11
61 12
61 34
61 36
62 7
62 12
62 30
62 37
62 38
62 42
62 59
62 60
63 79
63 81
63 95
63 99
63 102
63 116
63 120
63 166
63 168
63 193
63 198
63 203
63 205
63 214
63 215
63 222
63 227
63 245
63 247
63 257
63 259
63 260
63 264
63 267
63 270
63 273
63 278
63 282
63 286
63 287
64 21
64 23
64 24
64 25
64 34
64 35
64 46
64 48
64 56
64 60
64 63
64 70
64 71
64 73
64 75
64 78
66 59
66 67
66 72
66 77
66 82
66 86
66 90
66 98
66 99
66 124
66 131
66 137
66 141
67 10
67 16
67 20
67 24
67 29
67 57
67 58
67 66
67 80
67 85
67 92
67 93
67 96
67 97
67 110
67 111
67 117
67 118
67 119
68 19
68 22
68 38
68 39
68 40
68 52
68 71
68 75
68 79
68 83
68 87
69 8
69 10
69 14
69 16
69 20
69 21
69 23
69 26
69 48
70 11
70 16
70 19
70 21
71 72
71 85
71 89
71 90
71 97
71 98
71 116
71 119
71 127
71 138
71 139
71 140
71 142
71 148
71 150
72 63
72 64
72 67
72 70
72 130
72 136
72 140
72 146
72 150
72 151
72 161
72 165
72 181
72 189
73 5
75 41
76 31
76 37
76 169
76 245
76 248
76 255
76 260
77 19
77 32
77 35
77 52
77 54
77 57
77 58
77 60
77 70
77 71
77 78
77 88
77 100
77 102
77 118
77 124
77 129
78 5
78 6
78 8
78 19
78 22
78 25
78 26
78 29
78 33
78 40
78 45
78 49
78 54
78 57
78 64
78 65
78 70
78 71
79 1
79 3
79 21
79 28
79 32
79 43
79 75
79 76
79 85
79 87
79 95
79 120
79 121
79 128
79 130
79 135
79 138
80 1
81 1
81 5
81 21
81 27
81 34
82 3
82 4
82 9
82 10
82 17
82 22
82 23
82 40
82 50
82 55
82 57
82 73
82 79
82 81
82 89
82 94
82 96
82 103
82 105
82 110
82 111
82 118
82 119
82 125
82 131
82 136
82 139
82 141
82 143
82 148
82 149
82 156
82 161
82 162
82 165
82 167
83 13
83 14
83 15
83 16
84 33
84 36
84 46
84 51
84 54
84 57
84 63
84 71
84 89
84 90
84 112
84 120
84 129
84 131
84 136
84 138
84 142
85 11
85 13
85 20
85 31
85 34
85 40
86 7
86 33
86 35
86 36
86 37
86 40
86 44
86 46
86 58
86 61
86 65
88 16
88 23
88 29
89 14
89 23
89 26
89 30
89 32
89 47
89 49
89 51
89 71
89 73
89 75
89 82
89 90
89 91
89 99
89 103
89 140
89 143
89 148
89 151
89 157
89 169
90 10
90 11
90 23
90 28
90 32
90 36
90 40
90 49
90 52
90 55
90 58
90 59
90 65
90 70
90 72
90 73
90 85
90 88
90 95
90 103
90 104
90 109
91 9
91 51
91 72
91 76
91 86
91 92
91 170
91 181
91 191
91 194
92 4
92 31
92 33
92 35
92 37
92 50
92 54
92 61
92 65
92 68
92 71
92 73
92 79
92 91
92 92
92 104
92 113
92 118
92 120
92 133
92 134
93 6
95 6
95 12
95 28
95 34
95 43
95 46
95 65
96 5
96 6
96 14
96 20
96 37
96 39
96 41
97 1
98 10
98 13
98 14
98 16
