1 7
1 9
1 19
1 28
1 31
1 37
1 40
1 41
1 50
1 54
1 77
1 82
1 88
1 91
1 94
1 95
1 99
1 100
1 103
1 118
1 148
1 167
1 171
1 176
2 20
2 23
2 29
2 34
2 41
2 43
2 56
2 59
2 61
2 64
2 65
2 68
2 82
2 90
2 114
2 119
2 126
2 128
3 8
3 14
3 20
3 24
3 32
3 38
3 42
3 48
3 51
3 56
3 59
3 85
3 88
3 90
6 53
6 56
6 63
6 68
6 70
8 24
8 25
8 32
8 36
9 23
9 35
9 37
9 47
9 56
9 61
9 67
9 81
9 82
9 84
9 97
9 99
9 103
9 127
9 129
9 134
9 137
9 140
9 144
9 148
10 4
10 8
10 11
10 117
10 128
10 134
10 137
10 138
10 147
10 149
10 196
10 197
10 203
10 243
10 253
10 269
10 281
10 290
10 291
12 81
12 84
12 85
12 88
12 90
12 92
12 93
12 97
12 109
12 112
12 115
12 122
12 123
12 133
13 3
13 14
13 17
13 24
13 33
14 14
15 18
15 19
15 28
15 32
15 34
15 35
15 43
15 53
15 64
15 69
15 81
15 87
16 6
16 7
16 11
16 28
16 29
16 33
16 37
16 53
16 63
16 65
16 71
16 75
18 6
18 20
18 24
18 90
18 99
21 22
21 25
21 29
21 38
21 46
21 52
21 54
22 2
22 4
22 10
22 13
22 14
22 20
22 36
22 39
22 41
22 47
22 56
22 57
22 61
22 72
22 73
22 93
22 96
22 98
22 100
22 104
22 106
22 108
22 116
22 119
22 120
22 125
22 127
22 136
22 141
22 160
22 164
22 180
22 182
22 184
22 185
22 189
22 190
22 192
22 203
22 204
22 207
22 208
22 216
22 223
23 87
23 90
23 93
23 95
23 109
23 113
23 122
24 130
24 145
24 147
24 162
24 167
24 186
24 189
24 195
24 196
24 203
24 205
24 206
24 213
24 308
24 313
24 316
24 318
24 358
24 360
24 376
24 390
24 395
24 401
24 403
24 404
24 406
24 407
24 416
25 7
25 8
25 18
25 29
25 32
25 35
25 40
25 48
25 80
25 82
26 23
26 25
26 38
26 39
26 40
26 42
26 63
26 64
26 67
26 79
26 80
27 3
27 6
27 8
28 11
28 12
28 24
29 57
29 64
29 71
29 75
30 7
30 9
30 15
30 150
30 154
30 167
30 235
31 6
31 80
31 83
31 86
32 17
32 19
32 41
32 49
32 60
32 64
32 65
32 77
32 78
32 82
32 83
32 91
32 97
32 98
32 101
32 104
32 236
32 239
32 244
32 252
33 3
33 7
33 10
33 17
33 19
33 22
33 40
33 42
33 46
33 47
33 60
33 75
33 76
33 85
33 87
33 91
33 93
33 108
33 116
33 117
33 126
33 130
33 133
33 140
33 164
33 170
33 176
33 182
33 190
33 195
33 215
33 217
33 218
33 222
33 225
33 230
33 231
33 234
33 241
33 260
33 261
33 267
33 268
33 269
33 281
33 287
33 288
33 289
35 79
35 91
35 95
35 96
35 99
35 116
35 117
35 121
35 124
35 130
35 131
37 13
37 18
37 27
37 28
37 38
37 53
37 61
37 70
37 76
37 80
37 91
37 105
37 115
37 116
37 118
37 119
37 121
37 122
37 147
37 152
37 157
37 160
37 172
37 174
37 180
37 187
37 188
37 189
37 194
37 195
37 208
38 2
38 6
38 8
38 15
38 16
38 22
38 34
38 41
38 43
38 45
38 46
38 53
38 56
38 59
38 64
38 73
38 75
39 10
39 17
39 18
39 23
39 30
39 49
39 55
39 57
39 66
39 73
39 74
39 75
39 76
40 146
40 158
40 174
40 178
40 189
40 200
40 208
41 8
41 14
41 78
41 86
41 87
41 99
41 104
41 109
41 111
41 114
41 115
41 123
41 125
41 133
42 131
42 146
42 166
42 168
42 177
42 178
42 185
42 187
42 190
43 11
43 32
43 35
43 36
43 38
44 4
44 13
44 17
44 21
44 27
44 35
44 36
44 37
44 41
44 44
44 46
44 48
44 49
44 57
44 73
44 83
44 89
44 105
44 111
44 113
44 118
44 126
44 130
44 131
44 136
44 141
44 164
44 178
44 180
44 188
44 194
44 196
45 53
45 55
45 57
45 60
45 75
45 78
45 83
45 91
45 96
45 102
45 112
45 117
45 121
46 5
46 11
47 6
47 8
47 12
47 28
48 11
48 13
48 14
48 24
50 9
52 2
52 36
52 39
52 47
52 51
52 53
52 54
52 61
52 64
52 65
52 67
52 72
52 89
52 90
52 113
52 123
52 125
52 128
52 130
52 131
52 136
52 139
52 142
52 151
52 154
52 157
52 158
52 162
52 163
52 166
52 174
52 179
52 184
52 187
52 189
52 193
52 197
52 201
52 286
52 299
52 304
52 329
52 339
52 340
53 2
53 19
53 21
53 23
53 25
53 27
53 37
53 39
53 129
55 15
55 28
55 104
55 114
55 117
55 121
55 124
55 140
55 146
55 152
55 153
55 161
55 167
56 7
56 9
56 16
56 24
56 34
56 43
56 44
56 48
56 68
56 69
56 80
57 4
57 6
57 7
57 11
57 15
58 2
60 25
60 49
60 51
61 15
61 17
61 20
61 22
61 24
61 37
61 57
61 59
61 60
62 5
62 45
62 47
62 49
62 58
62 68
62 71
63 96
63 102
64 117
64 121
64 131
64 140
64 143
64 148
64 151
64 155
64 156
64 161
64 170
64 171
64 180
64 182
64 190
64 195
64 204
64 207
64 223
64 224
64 239
64 240
65 3
65 4
65 19
65 24
65 26
65 39
66 5
66 14
66 18
66 37
66 55
66 58
66 64
66 65
66 167
66 169
66 175
66 176
67 54
67 55
67 70
67 72
67 74
68 11
68 19
68 20
68 26
69 42
69 45
69 48
69 59
72 11
72 14
72 30
72 34
72 35
72 52
72 56
72 57
72 66
72 67
72 87
72 89
72 90
72 94
73 17
73 19
73 20
73 22
73 45
73 49
73 50
73 59
73 60
73 77
73 79
73 81
73 86
73 106
73 107
73 110
73 118
73 123
73 252
73 257
73 264
73 268
73 270
73 274
73 284
73 295
73 296
73 300
73 307
73 316
73 330
74 62
74 74
74 76
74 77
74 82
74 83
74 84
74 92
74 95
74 96
74 102
74 103
74 114
74 117
74 134
74 136
74 140
74 144
74 152
74 153
77 13
77 14
77 82
77 86
78 1
78 4
78 9
78 12
78 18
78 21
78 25
81 66
81 72
81 94
81 98
81 99
81 106
81 115
81 126
81 129
81 188
81 190
81 194
81 209
81 224
81 235
81 236
81 239
82 3
82 7
82 11
82 21
82 27
82 28
82 32
82 36
83 2
83 6
83 8
83 10
83 26
83 28
83 36
83 41
83 42
83 46
83 47
83 60
83 61
84 8
84 10
84 13
84 14
84 16
84 18
84 19
84 20
84 26
84 34
84 67
85 1
85 5
86 2
86 4
86 46
86 48
86 54
86 61
86 69
86 70
86 74
86 86
86 87
86 90
86 94
86 98
86 100
87 8
87 12
87 30
87 33
87 39
87 44
87 50
87 52
87 55
87 57
87 58
88 1
88 39
88 40
91 42
