1 1
1 4
1 5
1 7
1 28
1 34
1 60
1 63
1 73
1 78
1 88
1 92
1 97
1 99
1 102
1 126
1 135
1 139
2 14
2 23
2 28
2 31
2 34
2 39
2 40
2 50
2 58
2 59
3 1
3 5
3 7
3 11
3 26
3 28
3 30
3 34
3 35
3 42
3 48
4 16
4 20
4 23
4 24
4 31
4 32
4 36
4 48
4 51
5 50
5 57
5 69
5 71
5 75
5 81
5 86
5 89
5 94
5 175
5 180
5 182
5 193
5 202
5 203
5 211
5 215
5 217
5 219
5 231
8 34
8 35
8 38
8 56
8 57
8 131
10 60
10 61
10 83
10 87
10 92
10 95
10 99
10 106
10 109
12 42
12 52
12 65
12 72
12 78
12 79
12 87
12 129
12 262
12 267
12 274
12 276
15 49
15 53
15 72
15 75
15 92
15 95
15 97
15 98
15 102
15 103
15 105
15 107
16 77
16 87
16 100
16 102
16 104
16 105
20 14
20 26
20 27
20 29
20 43
20 45
20 48
20 49
20 61
20 83
20 85
20 92
20 102
20 106
20 111
20 112
20 128
20 134
20 135
20 142
20 146
20 147
20 157
20 159
20 174
20 178
20 180
20 187
20 190
20 199
21 5
21 9
21 12
21 16
21 19
23 19
23 25
23 106
23 109
23 110
23 113
23 118
23 120
24 7
24 14
24 24
24 26
24 33
24 35
24 36
25 12
25 13
25 17
25 31
25 33
25 79
25 89
25 111
25 112
25 128
25 136
25 148
25 293
25 295
25 319
25 334
26 61
26 66
26 67
26 70
26 76
26 78
26 91
26 174
26 179
27 22
27 31
27 33
27 35
27 40
27 44
27 45
27 55
27 66
28 1
28 12
28 14
28 19
28 21
28 25
28 29
28 30
29 55
29 63
29 69
29 70
29 71
29 74
29 76
29 77
29 82
30 2
30 5
31 17
31 30
32 6
32 8
32 11
32 12
32 18
32 19
32 24
32 25
32 30
32 31
32 38
32 46
32 72
32 73
32 79
32 85
32 88
32 92
32 93
32 94
32 99
32 105
32 107
32 112
32 123
32 124
32 128
32 130
33 13
33 19
33 32
33 38
34 38
34 41
34 45
34 49
34 50
34 75
34 81
34 87
34 88
34 143
34 154
34 157
34 164
34 170
34 180
34 181
34 193
34 199
34 205
34 221
34 230
34 237
34 238
34 243
34 244
34 246
34 250
34 257
34 261
34 267
34 373
34 376
34 377
34 378
34 382
34 384
34 390
34 391
35 7
35 16
35 28
35 34
36 8
36 9
36 16
36 24
36 26
36 33
36 38
36 42
37 4
37 13
37 14
37 19
37 21
37 23
37 25
37 45
37 49
38 1
39 6
39 7
39 9
39 12
39 14
40 3
40 5
41 14
41 29
41 34
42 17
42 20
42 21
42 28
42 33
42 35
42 41
42 43
42 46
43 1
43 9
43 18
43 35
43 39
43 54
43 72
43 77
43 90
44 8
44 27
44 35
44 49
45 8
45 17
45 28
45 31
45 36
45 40
45 49
45 63
45 67
45 68
45 80
45 91
45 93
45 94
45 96
45 107
45 112
46 9
47 4
47 22
47 24
47 25
47 44
47 55
47 66
47 72
47 209
47 213
47 219
47 220
47 221
47 225
48 1
48 3
48 11
48 17
48 19
48 28
48 41
48 50
48 52
48 55
48 65
48 66
48 76
48 78
48 82
48 85
48 90
48 101
48 109
48 111
48 114
48 122
48 130
48 139
48 142
48 145
49 1
49 4
49 15
49 17
49 21
49 28
49 29
49 30
49 34
49 38
49 48
49 61
49 84
49 94
49 108
49 110
49 117
49 119
49 123
49 128
49 143
49 145
49 147
49 153
49 170
49 180
49 181
49 183
49 191
49 192
49 194
49 202
49 204
49 208
49 209
49 219
49 222
49 223
49 225
49 231
49 237
49 249
49 253
49 264
49 270
49 281
49 287
49 289
49 302
49 307
49 316
49 321
49 344
49 347
49 355
49 359
49 363
49 364
49 367
49 370
50 9
50 11
50 14
50 18
50 26
50 39
50 40
50 42
50 53
50 55
50 58
50 70
50 81
50 87
50 89
50 104
50 105
50 110
50 133
50 135
50 143
50 149
51 7
51 9
51 13
51 18
51 33
51 36
51 40
51 41
52 120
52 123
52 125
52 139
52 148
52 163
52 192
52 198
54 40
54 45
54 50
54 52
54 66
54 68
54 73
54 75
54 79
54 87
54 91
54 97
55 5
55 7
55 16
55 24
55 25
55 26
55 31
55 36
55 37
55 48
56 26
56 31
56 39
56 41
57 1
57 5
57 10
57 15
57 60
57 75
57 90
57 91
57 229
57 237
57 239
57 271
57 288
60 6
60 16
60 19
60 22
60 27
61 2
61 6
61 7
61 8
61 18
61 20
61 23
61 25
61 26
61 31
61 33
61 50
61 60
61 66
61 76
61 77
61 80
61 88
61 90
63 56
63 57
63 60
63 63
63 72
63 75
63 76
63 78
63 80
63 86
63 94
63 105
63 109
63 111
63 113
63 121
63 123
63 135
63 139
64 19
64 20
64 22
64 23
64 25
64 26
65 1
65 4
65 15
65 20
65 27
65 30
65 33
65 38
65 57
66 14
67 21
67 24
67 25
67 27
67 28
67 39
67 41
67 42
67 44
68 3
68 4
68 6
68 7
69 1
69 9
70 5
70 8
71 7
73 3
73 4
73 9
73 13
73 16
73 22
74 1
74 3
74 12
74 16
74 31
74 33
74 34
74 37
74 42
74 48
74 51
74 53
74 56
74 60
74 62
74 64
74 66
74 67
74 78
74 80
74 81
74 85
74 88
74 89
74 105
74 106
74 107
74 108
74 123
74 136
74 139
74 142
74 148
75 92
75 192
75 193
75 194
75 197
75 198
75 200
75 209
75 217
75 220
75 221
75 233
75 234
76 36
76 37
76 44
76 48
76 49
78 31
78 34
78 47
78 55
78 68
78 69
78 74
78 88
78 94
78 97
78 103
78 108
78 110
78 111
78 123
78 129
78 132
78 144
78 150
78 152
78 158
78 162
78 173
79 1
79 131
79 132
79 134
79 136
79 145
79 157
79 159
79 165
79 176
79 185
79 195
79 197
79 204
79 221
79 223
79 227
79 237
79 238
79 242
79 243
79 318
79 327
79 329
79 334
79 342
79 346
79 347
79 349
79 351
79 367
79 374
79 387
79 389
79 391
79 403
79 412
79 413
79 426
79 431
79 439
79 441
79 452
79 458
79 469
80 51
80 56
80 57
80 192
80 198
80 200
80 202
80 211
80 225
80 229
80 237
80 241
80 242
80 251
80 262
80 268
81 3
81 14
81 51
81 141
81 150
81 156
81 158
81 169
81 170
81 171
81 179
81 185
81 187
81 190
81 208
81 214
81 219
81 232
81 233
81 236
81 255
81 260
81 266
81 271
81 274
81 288
81 293
81 388
81 396
81 398
81 401
81 413
81 418
81 419
81 420
84 11
84 12
85 20
85 21
85 27
85 37
85 40
85 57
85 74
85 76
85 83
86 9
86 14
86 21
86 32
86 38
86 41
86 54
86 56
86 62
86 71
86 82
86 91
86 102
86 107
87 2
87 3
87 10
87 30
87 31
88 1
88 7
88 8
88 9
89 24
89 32
89 36
89 38
89 43
90 5
91 2
91 4
91 5
91 10
91 14
91 17
91 18
91 33
91 35
91 36
91 42
91 45
91 47
91 52
91 53
91 55
91 61
91 65
91 70
93 7
93 14
93 16
93 21
93 61
