1 5
2 2
2 5
2 133
2 143
2 145
2 146
2 151
2 152
3 22
3 32
3 38
3 48
3 52
3 56
3 60
3 64
4 1
4 83
5 16
5 19
5 68
6 4
6 6
6 7
7 9
7 11
7 14
7 15
7 23
7 26
7 28
7 32
7 35
7 43
7 44
7 55
7 56
7 62
7 66
7 68
7 71
7 73
7 84
8 6
8 17
8 20
8 23
8 24
8 25
8 28
8 34
8 45
8 50
8 59
8 61
8 67
8 77
8 80
8 84
8 87
8 94
8 99
8 110
8 111
8 115
8 121
8 130
8 131
8 148
8 150
8 154
9 18
9 19
9 23
9 28
9 33
9 36
9 44
9 48
9 49
9 59
9 66
11 81
11 89
11 90
11 94
11 97
11 100
11 101
12 1
12 5
12 14
12 15
12 19
12 21
12 23
13 16
13 35
13 36
14 8
14 17
14 18
14 21
14 50
14 53
14 61
14 67
14 68
14 80
14 82
14 90
14 93
14 100
14 102
14 103
14 105
14 206
14 211
14 213
14 218
14 227
14 228
14 233
14 238
14 243
14 244
14 269
14 275
14 283
14 284
14 289
14 295
14 301
14 307
14 322
14 323
14 327
15 3
15 13
15 18
15 22
15 23
15 32
15 36
15 39
15 41
15 44
15 51
15 57
15 63
15 74
15 75
15 78
15 84
15 89
16 101
16 102
16 111
16 134
16 139
16 140
16 151
16 155
16 180
16 182
16 189
16 191
17 10
17 12
17 27
17 32
17 46
19 12
19 17
19 28
19 31
19 117
19 120
20 5
20 18
20 20
20 23
20 27
20 29
20 44
20 57
20 58
21 6
21 15
21 16
21 24
21 25
22 3
22 17
22 18
22 35
22 49
22 59
22 61
22 64
22 69
22 80
23 6
23 13
23 26
23 32
23 33
23 38
23 42
23 54
23 61
23 62
23 65
23 66
23 74
23 79
23 80
23 107
23 117
23 118
23 123
23 128
23 130
23 133
23 136
23 140
23 141
23 142
24 7
24 12
24 18
24 26
24 31
25 2
26 20
26 24
26 29
26 32
26 36
26 37
26 38
26 42
26 50
26 60
26 61
26 64
26 65
26 68
26 87
26 91
26 92
26 98
26 99
26 104
26 107
26 110
26 112
26 118
26 126
26 135
26 144
26 148
26 149
26 158
26 159
26 161
26 164
26 298
28 30
28 32
28 39
28 57
28 64
28 69
30 43
30 51
30 54
34 3
34 9
37 3
37 6
37 10
37 23
37 24
37 40
37 47
37 51
37 61
37 67
37 71
37 73
37 78
37 97
37 102
37 107
37 113
37 115
37 116
37 121
37 129
37 141
37 146
37 160
37 161
37 164
37 165
37 170
37 191
37 195
37 200
37 202
37 211
38 3
38 4
38 8
38 9
38 13
39 2
40 1
40 5
40 7
40 8
41 6
41 7
41 12
41 13
41 20
41 32
41 34
41 38
42 3
43 1
43 5
43 32
43 41
43 60
43 190
43 196
43 197
43 198
43 204
43 215
43 216
43 219
43 220
43 226
43 229
43 261
43 262
43 267
43 274
43 281
43 297
43 299
43 308
44 1
44 11
44 18
44 26
45 1
45 22
45 26
45 29
45 34
46 107
46 116
46 118
46 122
46 128
46 132
46 136
46 151
46 154
46 156
46 162
46 164
46 180
46 184
46 191
46 193
47 1
47 6
47 11
47 12
47 24
48 1
48 3
48 6
48 7
48 9
48 15
48 20
48 23
48 35
48 42
48 54
48 65
48 75
48 89
48 90
48 99
48 104
48 112
48 120
48 121
48 124
48 125
48 128
48 131
49 1
49 12
49 44
49 53
49 56
49 60
49 63
49 65
49 69
49 85
49 86
49 95
49 102
49 104
49 128
49 131
49 136
49 144
49 146
49 148
49 158
49 161
49 165
49 167
49 169
49 170
49 172
49 175
49 176
50 7
50 18
50 23
53 22
54 13
54 14
54 19
54 29
54 32
54 34
54 37
54 39
54 41
54 45
54 49
54 53
54 59
54 60
54 64
54 67
54 69
54 73
54 77
54 80
54 83
54 88
54 93
54 94
54 114
54 115
54 122
54 123
54 125
54 128
54 134
54 137
54 144
54 145
54 147
54 155
54 161
54 168
54 177
54 179
54 183
54 184
54 208
54 209
54 214
55 2
55 18
55 23
55 32
55 33
55 42
55 52
55 55
55 60
55 65
55 70
55 74
55 81
55 89
55 91
55 92
55 94
56 1
56 2
56 3
56 11
56 19
56 20
56 23
56 25
56 34
56 37
56 42
60 43
60 44
60 46
60 48
60 54
60 56
60 67
60 76
61 5
61 9
61 30
61 32
62 2
63 21
63 25
63 34
63 35
63 42
63 44
63 52
63 62
63 64
63 73
63 77
63 88
64 13
64 15
64 17
64 32
64 35
64 38
64 46
64 47
64 53
65 2
65 3
65 4
65 5
65 7
65 12
66 82
66 84
66 86
66 91
66 94
66 95
66 103
66 111
66 118
66 124
66 128
67 4
67 5
67 16
67 18
67 21
67 22
67 24
67 26
67 31
67 44
68 4
68 8
68 13
68 14
68 22
71 28
71 38
71 55
71 57
71 71
71 87
71 88
71 105
71 122
71 133
71 135
71 137
71 138
71 162
71 166
71 168
71 172
71 175
71 180
71 184
71 195
71 196
71 205
71 212
71 215
71 234
71 237
71 238
71 240
71 243
71 246
71 247
71 256
71 259
71 262
71 265
71 266
71 277
71 279
71 289
72 2
72 13
72 18
72 19
72 31
72 57
72 78
72 83
72 97
72 99
72 102
72 177
72 183
72 186
72 190
72 194
72 197
72 201
72 216
72 219
72 224
72 227
72 246
74 26
74 34
74 35
74 36
74 47
74 51
74 67
74 73
74 103
74 107
74 108
74 113
74 123
74 126
74 129
74 146
74 183
74 187
74 191
74 192
74 204
74 206
74 209
74 238
74 247
74 252
74 264
74 265
74 272
74 278
74 280
74 293
74 296
74 297
75 3
75 6
75 10
75 11
75 23
75 24
75 34
75 35
75 41
75 42
75 44
75 45
75 46
75 63
75 66
75 68
78 8
78 17
78 20
79 5
79 6
79 7
79 12
79 20
79 25
79 26
79 132
79 133
79 136
79 138
81 5
81 10
81 14
81 17
81 23
81 24
81 30
81 35
81 38
81 40
81 46
81 49
81 53
82 7
82 18
82 26
82 27
82 31
82 44
82 46
82 49
82 53
82 57
82 61
82 63
82 73
82 75
82 76
82 77
82 103
82 104
82 109
82 113
82 117
82 121
82 126
82 130
82 147
82 152
82 154
82 155
82 200
83 9
83 14
83 19
83 21
83 22
83 34
83 45
83 57
83 65
83 77
83 87
83 89
83 96
85 1
85 5
85 18
85 23
85 24
86 6
86 10
86 11
87 7
87 15
87 19
87 32
87 35
87 42
87 48
87 53
87 55
87 57
87 58
87 61
88 7
88 8
90 307
90 315
90 323
90 325
90 330
90 342
90 343
90 351
90 353
90 356
90 370
90 376
90 377
90 379
90 381
90 387
90 398
90 413
90 414
90 417
90 422
90 424
90 426
90 436
91 10
92 8
92 12
92 17
92 20
92 24
93 5
93 7
94 8
94 12
94 16
94 17
94 24
94 57
94 58
94 60
95 8
95 9
95 17
95 22
95 28
95 29
95 47
95 54
95 58
95 69
95 70
95 73
95 75
95 79
95 93
95 95
95 97
96 3
96 7
96 19
96 22
96 39
96 51
97 23
97 24
97 36
97 37
97 38
97 41
97 44
97 45
97 48
97 61
97 68
97 71
97 77
97 80
97 93
97 95
97 96
97 106
97 107
97 113
98 3
99 1
99 11
99 28
99 31
99 46
99 47
99 49
99 51
99 60
99 63
99 64
99 80
99 81
99 87
99 132
99 133
99 137
100 2
100 4
100 7
100 13
100 16
100 29
100 44
100 45
100 47
100 49
100 183
100 184
102 48
102 61
102 64
102 66
102 70
102 82
102 90
102 93
102 95
102 98
102 107
102 108
102 119
103 58
103 60
103 61
103 69
103 70
104 12
104 15
104 18
104 26
104 28
105 1
105 4
105 14
105 28
105 41
106 33
106 39
106 49
107 4
107 14
108 8
108 12
108 30
108 55
109 2
109 11
110 55
110 57
110 59
110 65
111 103
111 105
111 119
111 137
111 176
111 177
111 179
111 180
111 182
113 1
