1 7
1 10
1 19
1 20
1 24
4 8
4 11
4 16
4 18
4 22
5 5
5 19
5 22
5 38
5 39
5 57
5 58
5 81
5 91
5 111
5 122
5 125
5 131
5 134
5 135
5 140
5 147
5 151
5 155
5 163
5 166
5 168
5 169
5 171
5 173
5 176
5 188
5 190
5 197
5 200
5 203
6 3
6 15
6 22
7 7
7 11
7 56
7 66
7 75
8 7
9 4
9 9
9 14
9 15
9 19
9 22
9 23
9 27
9 44
9 45
9 54
9 57
9 68
9 69
9 80
9 84
9 129
9 133
9 139
9 140
9 145
9 146
10 20
10 25
10 27
11 5
11 32
11 34
11 35
11 38
11 42
11 45
11 50
11 56
11 61
11 67
11 69
13 5
13 12
14 2
14 4
14 9
14 20
14 36
14 37
14 38
14 62
14 67
14 75
14 89
14 91
14 93
14 104
14 107
14 120
14 121
14 128
14 143
14 146
14 147
14 176
14 186
14 193
14 194
14 197
14 208
14 223
15 72
15 81
15 83
15 97
15 110
15 115
15 117
15 119
15 120
15 130
15 139
15 148
16 1
16 2
16 9
16 17
16 158
16 159
16 163
16 165
16 173
16 176
16 181
16 183
16 188
16 191
17 6
17 12
17 24
17 29
17 31
17 36
17 37
17 45
17 48
17 59
17 65
17 66
18 3
18 18
18 20
18 23
18 24
18 29
18 30
18 36
18 37
18 51
18 52
18 58
18 62
18 90
18 93
18 94
18 112
18 115
18 126
18 129
18 135
18 136
18 137
18 152
18 153
18 159
18 164
18 170
18 177
18 189
21 36
21 48
23 2
23 17
23 18
23 19
23 21
23 27
23 39
23 40
23 44
24 24
24 33
24 38
24 46
24 55
24 56
24 63
24 67
24 68
24 80
24 83
24 86
25 7
25 9
26 5
26 20
26 24
26 25
26 30
26 32
26 35
26 36
26 42
26 139
26 141
26 142
26 149
26 165
26 173
28 49
29 15
29 17
29 32
29 44
29 52
29 53
29 59
29 68
29 73
29 80
29 83
30 3
30 9
30 13
30 16
30 22
30 23
30 50
30 51
30 55
30 61
30 63
30 65
30 66
31 3
31 11
31 16
31 20
31 24
31 29
31 30
31 35
31 37
31 53
31 66
31 70
31 74
31 87
31 90
31 92
31 98
31 107
31 109
31 119
32 1
32 10
32 11
32 26
32 29
32 43
32 49
32 60
32 63
32 64
32 70
32 71
32 74
32 78
32 83
33 9
33 11
33 23
33 24
34 1
34 79
34 81
34 82
34 92
35 1
35 11
35 23
35 27
35 31
35 38
35 39
35 46
35 48
35 54
35 109
35 110
35 111
35 118
35 124
35 132
35 140
35 145
35 149
37 5
37 9
37 15
37 17
37 26
37 28
37 36
37 43
37 44
37 49
37 52
39 67
39 74
39 79
39 80
39 138
40 12
40 15
40 24
40 25
40 33
40 38
40 49
43 22
43 23
43 31
43 38
43 43
43 45
43 49
43 51
44 4
44 11
44 13
44 15
44 25
44 43
44 45
44 48
44 49
44 65
45 5
45 15
45 22
45 41
45 49
45 50
45 60
45 73
45 92
46 82
47 87
47 91
48 7
48 9
48 14
48 23
49 3
49 9
49 14
49 18
49 21
49 54
49 56
49 64
49 74
49 77
49 80
49 86
49 90
50 112
50 115
50 118
50 134
50 140
51 2
51 5
51 9
51 10
51 11
51 16
51 18
52 1
53 6
53 11
53 12
53 23
53 32
53 41
53 51
53 55
53 62
53 64
54 1
54 12
54 18
54 23
54 26
54 34
54 35
54 44
54 64
54 66
54 68
54 69
54 84
54 111
55 130
55 164
55 174
55 182
56 5
57 4
57 13
57 14
57 24
57 26
57 29
57 32
57 38
57 40
57 42
57 43
57 55
58 4
58 7
59 7
59 16
59 21
59 23
59 29
59 38
59 91
59 92
60 4
61 1
61 17
62 23
62 27
65 54
65 57
65 60
65 65
65 70
65 75
65 79
65 81
65 82
65 86
65 87
66 24
66 32
66 60
66 65
66 67
66 70
66 74
66 75
66 77
66 84
66 97
67 2
67 14
67 20
67 24
67 64
67 75
67 76
67 83
67 95
67 96
67 99
67 102
68 9
68 10
68 11
68 14
68 37
68 43
68 51
68 52
68 54
68 63
68 82
68 85
68 107
68 112
68 119
69 11
69 13
69 14
69 15
69 18
69 19
69 81
69 83
69 87
69 89
70 32
71 2
71 12
71 20
71 22
71 37
71 47
71 51
71 52
71 57
71 59
71 103
71 104
71 105
71 112
71 113
71 122
71 123
71 124
71 126
71 133
71 134
72 108
72 114
72 115
72 118
73 32
73 35
74 4
74 6
74 8
76 5
76 30
76 35
76 37
76 43
76 68
76 69
76 73
76 79
76 80
76 141
76 142
76 147
76 150
76 158
76 173
76 175
76 185
76 186
76 190
76 197
76 201
76 207
76 209
76 213
76 216
76 218
76 220
77 3
79 11
79 13
79 16
79 22
79 26
79 42
79 48
79 57
79 61
79 64
79 66
79 68
80 3
80 5
80 6
80 7
83 20
83 52
83 56
83 57
83 60
83 62
83 71
83 91
83 93
83 98
83 112
83 121
83 128
83 133
83 138
83 140
83 141
83 145
83 147
83 156
83 159
83 167
83 170
83 171
83 172
83 234
83 250
83 251
83 252
83 253
83 254
83 277
83 283
83 287
83 296
83 306
83 311
83 313
83 329
83 330
83 335
83 337
83 344
84 3
84 5
84 7
84 22
84 26
84 40
84 49
85 8
85 9
85 25
85 28
85 51
85 58
85 59
85 62
85 65
85 92
85 130
86 4
86 7
86 66
86 73
86 76
86 81
86 103
86 105
86 113
86 114
86 124
86 128
87 7
87 16
87 19
87 21
87 28
87 29
87 57
87 58
87 82
87 83
87 97
87 98
87 102
87 105
87 107
87 131
87 134
87 140
87 141
87 144
87 146
87 148
87 149
87 151
87 159
87 166
87 167
87 188
87 193
87 194
87 209
87 215
87 227
88 6
88 7
88 16
88 18
88 21
88 24
88 41
88 45
88 46
88 52
88 54
88 68
88 73
90 35
91 1
91 10
91 11
91 19
91 21
91 23
91 28
91 29
91 31
91 36
91 39
91 41
91 43
91 47
91 55
91 57
91 62
91 64
91 69
91 73
91 75
91 77
91 81
92 3
92 7
92 8
94 1
95 25
95 27
95 30
95 44
95 59
95 64
95 70
95 71
95 75
95 97
95 103
95 107
95 108
95 120
95 138
95 139
95 152
95 154
95 160
95 163
95 166
96 2
96 7
96 15
96 17
96 19
96 23
97 96
97 97
97 98
97 107
97 135
97 136
97 139
97 142
97 143
97 145
97 154
97 160
97 163
97 168
97 175
97 188
97 190
97 194
97 211
97 213
97 215
97 226
97 233
97 234
97 240
98 7
98 15
98 28
98 32
98 37
98 175
98 177
98 181
98 182
98 318
98 320
98 329
98 333
98 336
98 337
98 339
98 340
98 346
98 348
99 98
99 104
99 118
99 120
99 125
99 126
99 127
99 132
99 137
99 138
99 141
99 148
99 151
99 152
99 158
99 159
99 160
99 162
99 163
100 7
100 13
100 19
100 20
100 24
100 27
100 31
100 47
100 52
100 53
100 54
101 102
101 110
101 115
101 121
101 126
102 1
102 2
102 26
102 31
102 33
102 38
102 44
102 50
102 62
102 64
102 66
102 70
102 74
102 83
102 89
102 97
102 99
102 104
102 120
102 128
102 129
102 132
102 133
102 137
103 27
103 29
103 39
105 101
105 110
105 114
105 119
105 122
105 126
105 131
105 136
105 142
105 145
105 147
105 148
105 157
105 314
105 320
105 327
105 331
105 392
105 419
105 423
105 431
105 432
105 437
105 442
105 444
105 446
106 12
106 14
106 18
106 21
107 8
107 10
107 12
107 15
107 22
108 1
109 2
111 64
111 68
111 77
111 84
111 86
111 100
111 101
111 127
111 165
111 170
