1 3
1 14
1 27
1 46
1 53
1 57
1 66
2 70
2 73
2 83
2 90
2 94
3 1
4 12
4 18
5 9
5 12
5 14
5 20
5 22
5 48
5 60
5 64
5 65
5 67
5 71
5 75
5 76
6 46
6 47
6 50
7 1
7 3
7 9
7 12
7 28
7 33
7 49
7 53
7 58
7 66
7 68
7 74
7 77
7 85
7 89
7 96
8 4
8 7
8 18
8 20
8 64
8 65
8 84
8 92
8 93
8 94
8 104
8 109
8 114
8 121
8 132
8 144
8 147
8 148
8 154
8 164
8 167
8 170
9 2
9 17
9 26
9 31
9 41
9 48
9 50
9 53
9 57
9 60
9 61
9 65
9 75
9 167
9 168
10 8
10 11
13 1
13 11
13 30
13 36
13 38
13 39
13 44
13 45
13 58
13 59
13 71
13 72
13 76
13 79
13 85
13 87
13 93
13 95
13 98
13 109
13 111
13 128
13 137
13 144
13 148
13 161
13 166
13 171
13 176
15 1
15 4
15 23
16 57
16 70
16 71
16 80
16 82
16 85
16 94
18 1
18 2
20 15
20 16
20 19
20 44
20 46
20 49
20 53
20 60
20 61
20 68
20 79
20 87
20 96
20 99
20 102
20 106
20 113
20 119
20 121
24 4
24 7
24 10
25 3
25 6
25 27
25 28
25 34
25 52
25 54
25 55
25 57
25 100
25 109
25 111
25 113
25 115
25 123
25 135
25 147
25 155
25 159
25 168
25 170
25 197
26 16
26 17
26 18
26 92
27 2
27 7
27 8
27 9
27 16
27 20
27 25
27 27
27 32
27 43
27 54
27 55
27 58
27 59
27 68
27 69
28 4
28 7
28 9
28 11
28 16
28 26
28 28
28 32
28 35
28 36
28 39
28 51
28 52
28 53
28 59
28 67
28 69
28 72
28 85
28 96
28 98
28 102
28 176
29 4
30 65
30 66
30 77
30 80
30 89
30 91
30 95
30 103
30 104
31 77
31 98
31 101
32 1
32 2
33 9
33 10
34 1
35 5
35 6
36 10
36 18
36 19
36 133
36 134
36 157
36 169
36 179
36 197
36 199
37 1
39 15
39 16
40 2
40 9
40 22
40 32
40 33
40 38
40 45
40 52
40 55
40 56
40 59
40 60
40 61
40 62
40 63
40 65
40 66
40 67
40 71
40 111
40 112
40 115
40 119
40 123
40 125
40 126
40 133
41 5
41 6
41 12
41 15
41 17
41 23
41 32
41 181
41 182
41 183
41 185
41 192
41 198
41 199
41 202
41 204
41 205
41 207
41 232
41 235
41 239
41 245
41 250
41 259
41 275
41 278
41 282
41 287
41 294
41 298
41 303
41 306
41 311
41 314
41 322
41 325
42 41
42 43
42 51
42 65
42 72
42 77
42 91
43 1
44 11
44 12
44 18
44 22
44 29
44 38
45 4
45 14
45 19
45 22
45 27
45 28
46 3
47 17
47 20
47 27
48 4
48 6
48 18
48 20
48 49
48 55
48 56
48 66
48 68
48 70
48 79
48 81
48 84
48 91
48 105
48 106
48 110
48 117
48 133
48 265
49 3
49 10
49 17
49 20
49 21
49 29
49 37
49 38
49 40
50 31
50 32
50 36
50 50
50 56
51 5
51 8
52 15
52 21
52 25
52 31
52 33
52 36
52 43
52 45
52 52
52 57
52 63
52 65
52 74
52 77
52 80
52 88
52 91
52 100
52 101
52 104
52 108
52 113
52 121
52 123
52 125
52 132
52 134
52 143
52 144
52 148
52 150
52 154
53 20
53 21
53 37
53 45
53 47
53 53
53 61
55 53
55 65
57 5
57 7
57 9
57 19
57 20
57 22
57 23
57 29
58 49
58 51
58 55
58 60
58 63
58 65
58 70
58 75
58 80
58 83
58 88
58 102
58 106
58 118
58 120
58 129
58 131
58 153
58 154
58 158
58 163
58 165
58 168
58 179
58 196
58 198
58 199
58 203
58 204
58 209
58 230
58 231
58 236
58 239
58 241
58 253
58 266
58 272
58 280
58 283
59 3
59 5
59 11
59 16
59 18
59 53
62 50
62 54
62 62
62 63
62 66
62 69
62 76
62 78
62 86
62 88
62 89
62 97
62 109
62 112
62 113
62 118
62 122
62 125
62 127
62 156
62 157
62 162
62 165
62 167
62 170
62 181
62 182
62 194
62 196
62 198
62 204
62 208
62 209
62 212
62 214
62 228
62 242
62 246
62 247
62 249
63 83
63 104
63 119
63 120
64 7
64 8
64 18
66 63
66 72
66 80
66 82
66 86
66 92
66 93
66 100
66 102
66 104
66 105
66 119
66 249
66 250
66 253
66 255
67 40
68 5
68 21
68 24
68 27
68 29
68 30
68 43
68 46
69 1
69 5
69 17
69 23
69 28
69 33
69 40
70 3
70 6
70 27
70 29
71 9
71 10
71 30
71 39
71 44
71 45
71 52
72 5
72 10
72 11
72 13
72 16
72 24
72 27
72 28
72 30
72 33
72 37
72 42
72 44
72 47
72 50
72 62
72 64
72 66
72 73
72 74
72 77
72 81
75 1
75 24
75 32
75 36
75 41
75 44
75 47
75 55
76 9
76 25
76 29
76 31
76 34
76 36
76 40
78 3
78 7
78 12
78 20
78 25
78 40
78 42
78 45
78 49
78 61
80 30
80 43
80 49
80 50
80 51
80 54
80 55
80 57
80 59
80 62
80 67
80 75
80 76
80 99
80 112
80 113
81 6
81 12
81 15
81 27
82 11
82 22
82 25
82 28
82 35
82 36
82 43
82 47
82 63
82 65
82 70
82 72
82 75
82 85
82 97
82 101
82 111
82 116
83 3
83 12
83 23
83 30
84 3
84 5
84 6
84 16
87 13
87 14
87 16
88 28
88 37
88 39
88 41
88 43
88 49
88 58
88 60
88 64
88 67
88 71
88 82
88 90
88 187
88 188
88 202
88 206
88 236
88 241
88 244
88 256
89 2
89 5
89 7
89 13
89 20
90 2
90 3
90 9
90 12
90 13
90 14
90 18
90 20
93 19
93 24
93 26
93 30
93 31
93 32
93 40
93 46
93 51
93 58
93 59
93 66
93 78
94 4
94 7
94 21
94 28
94 31
94 32
94 35
94 37
94 53
94 64
94 67
94 73
94 75
94 84
94 85
94 91
94 100
94 102
94 110
94 119
94 120
94 122
94 126
94 133
94 139
94 142
94 225
94 227
94 231
94 232
94 237
94 238
94 246
94 251
94 252
94 260
94 264
94 265
94 272
94 277
94 286
95 25
95 52
96 1
96 12
96 14
96 15
96 17
96 116
96 118
96 128
96 130
96 140
96 144
96 148
96 166
97 9
97 149
97 150
97 152
97 167
97 171
97 180
98 4
98 7
98 9
98 10
98 111
98 113
98 114
98 125
98 133
98 140
99 8
99 14
99 20
100 49
101 1
101 4
101 12
101 14
101 17
101 18
101 19
101 25
101 30
101 35
101 40
101 43
102 2
102 5
102 12
102 13
102 17
102 33
102 44
102 46
103 15
103 23
103 25
103 26
103 29
103 31
103 32
103 41
103 45
103 49
103 52
103 53
103 56
103 59
103 62
103 73
103 77
103 78
103 81
103 89
103 96
103 98
103 105
103 106
103 127
103 132
103 134
103 143
105 2
105 11
105 15
105 24
105 40
105 48
105 81
105 105
105 109
105 133
105 134
105 136
105 139
105 144
105 154
108 76
108 79
108 87
108 90
108 93
110 59
110 64
110 66
110 67
110 79
110 88
110 90
110 100
110 103
110 104
110 106
111 4
111 22
111 23
111 25
111 29
111 30
111 34
111 37
111 39
111 43
111 51
111 53
111 59
111 60
111 64
111 101
111 111
111 115
111 127
111 137
111 158
111 160
111 170
111 174
111 176
111 181
111 187
111 189
111 193
111 203
111 206
111 212
111 213
112 3
112 5
112 10
112 15
112 20
112 26
112 40
112 47
112 49
112 55
112 58
112 61
112 62
112 84
112 93
113 3
113 17
113 19
114 46
114 47
114 59
114 61
114 65
114 67
114 70
114 81
114 87
114 91
114 102
114 115
114 120
114 127
114 128
115 6
115 10
115 29
115 33
