1 2
1 17
1 27
1 33
1 52
1 54
1 55
2 2
2 9
2 18
2 20
2 23
2 25
2 28
3 32
3 39
3 50
3 52
3 59
3 63
3 68
3 69
3 72
4 37
4 57
4 60
4 62
4 63
4 66
4 68
4 71
4 73
4 77
4 78
5 14
5 20
5 22
5 31
5 42
5 45
6 2
6 6
6 11
6 13
6 21
6 25
6 33
6 37
6 38
6 40
6 41
6 55
6 59
6 63
6 76
6 84
6 86
8 2
8 3
8 6
8 11
8 13
8 16
8 18
9 1
9 7
9 16
9 19
9 29
9 34
9 35
9 48
9 58
9 62
9 74
9 86
9 95
9 99
9 108
9 112
9 114
10 1
10 7
10 12
11 3
11 5
11 6
11 12
11 20
11 21
11 23
11 32
11 45
11 51
11 54
11 56
13 4
13 8
13 17
13 18
13 23
13 24
13 27
13 29
13 30
13 32
13 37
13 40
13 46
13 50
13 53
13 57
13 72
13 80
13 81
13 88
14 2
14 9
14 11
14 16
14 18
14 21
14 29
14 47
14 54
14 55
14 64
14 69
14 81
14 85
14 90
14 93
14 103
14 104
14 111
14 113
14 114
14 116
14 123
14 131
14 138
14 142
14 145
14 147
14 154
14 162
14 163
14 179
15 6
15 7
15 9
15 15
15 19
15 23
16 13
16 15
16 33
16 38
16 42
16 55
16 61
16 62
16 63
16 67
16 92
16 93
16 108
16 118
16 128
16 130
16 131
16 136
16 143
16 147
16 153
16 154
18 12
18 19
18 32
18 33
18 42
18 45
18 48
18 63
20 64
20 66
20 69
20 74
21 43
21 45
21 179
21 181
21 187
21 193
23 50
23 51
23 57
23 61
23 68
23 70
23 72
24 2
24 8
24 73
24 74
24 78
24 82
25 3
25 12
25 18
25 24
25 27
25 38
25 83
25 93
25 103
25 106
25 107
25 109
26 1
26 7
26 19
26 23
26 26
26 28
26 41
26 72
26 75
26 91
26 101
26 106
26 107
26 113
26 121
26 122
26 132
26 134
26 135
26 141
26 149
26 156
26 158
26 159
27 2
27 8
27 10
27 18
27 24
27 33
27 43
27 55
27 59
28 1
28 4
28 14
28 17
28 22
28 31
28 36
29 11
29 16
29 22
29 35
29 36
30 78
30 82
30 92
30 97
30 106
30 114
30 115
30 117
30 123
30 127
31 16
31 18
31 27
31 37
31 66
31 73
31 79
31 83
31 84
31 85
31 91
31 100
31 103
31 105
31 108
32 2
32 4
32 8
33 2
33 4
33 14
33 22
33 28
33 30
33 40
34 83
34 84
34 101
34 109
34 110
34 112
34 121
34 122
34 123
34 124
34 127
34 128
36 81
37 105
37 110
37 160
38 2
38 3
38 8
38 10
38 16
39 10
41 26
41 36
42 50
42 84
42 89
42 98
42 102
42 161
42 168
42 175
42 196
42 203
42 204
42 206
42 212
43 10
44 5
44 10
44 30
45 5
45 25
45 37
45 41
45 42
45 65
45 68
45 70
45 71
45 72
45 81
45 82
45 87
45 91
45 106
46 2
46 5
46 9
46 12
46 13
46 17
46 22
46 27
46 33
46 40
46 52
46 56
46 60
46 62
46 64
46 72
46 76
46 83
46 85
46 92
46 93
46 97
46 98
46 102
46 103
47 3
47 20
47 21
47 24
47 34
47 44
47 47
47 50
47 51
47 60
47 70
48 1
48 4
48 5
48 6
48 7
49 17
49 21
49 23
49 160
50 8
50 9
50 10
50 24
53 45
53 46
53 47
53 68
53 81
54 48
54 52
54 56
54 64
54 74
54 91
54 95
54 103
54 109
54 118
54 127
54 129
54 132
54 135
54 136
54 140
54 145
54 151
54 162
54 184
54 197
54 201
54 212
55 32
55 46
55 60
55 68
55 76
56 48
56 62
56 65
56 67
56 71
56 79
56 82
57 8
57 13
57 14
57 16
57 20
57 22
57 24
57 26
57 29
57 36
57 43
57 44
57 46
57 73
57 93
57 96
58 76
58 77
58 88
58 93
58 98
58 100
58 101
58 104
58 113
58 122
58 133
58 143
58 148
58 153
58 154
58 158
58 171
58 172
58 175
58 178
59 5
59 15
59 19
59 25
59 27
59 28
59 29
59 57
59 62
59 65
59 92
59 103
59 104
59 111
59 113
59 115
59 120
61 13
61 17
61 18
62 18
62 21
62 33
62 45
62 51
62 52
62 66
62 70
63 3
63 6
63 7
63 12
63 21
64 5
64 11
64 12
64 19
64 22
64 26
64 27
64 29
64 30
64 38
64 41
64 47
64 50
64 54
64 61
65 14
65 17
65 18
65 23
65 33
65 38
65 39
65 41
65 44
65 47
65 49
65 54
65 56
65 59
65 60
65 65
65 70
65 88
65 95
65 98
65 101
65 104
65 109
65 121
65 122
65 130
65 131
65 135
65 141
65 145
65 146
65 150
66 73
66 78
66 85
66 89
67 3
67 13
67 17
67 27
67 30
67 32
67 50
67 54
67 55
67 61
67 64
67 68
67 70
67 77
67 78
68 11
68 16
68 21
68 26
68 37
68 40
68 45
71 30
71 32
71 34
71 35
71 41
71 50
71 54
71 75
71 91
71 102
71 105
71 110
71 111
71 112
71 113
71 115
71 135
71 144
71 145
71 146
71 147
71 150
71 159
71 194
72 1
72 7
72 13
72 15
72 20
72 24
72 31
72 32
72 33
72 45
72 48
72 61
72 73
72 74
72 76
72 77
72 83
72 85
73 3
73 4
73 5
73 11
73 22
73 26
73 27
73 30
75 53
75 64
76 33
77 3
77 7
77 8
77 26
77 37
77 41
77 67
77 75
77 83
77 86
77 92
77 93
78 23
78 29
81 44
81 46
82 21
82 22
82 29
82 30
82 31
82 40
82 48
82 50
82 54
82 56
82 76
82 97
82 101
82 103
82 107
82 116
82 122
82 125
82 130
82 132
83 7
83 13
83 16
83 25
84 3
84 5
84 13
84 24
84 25
84 30
84 32
84 34
84 40
86 21
87 1
87 2
87 6
87 41
87 45
87 46
87 53
87 54
88 124
88 130
88 134
88 135
88 140
88 145
88 154
88 157
88 161
88 165
88 168
88 169
88 170
88 178
88 184
89 2
89 7
89 8
89 10
89 16
89 24
89 33
89 34
89 43
89 54
89 55
89 57
89 58
90 4
90 7
90 10
90 12
90 26
90 31
90 33
90 39
90 40
90 43
90 44
90 48
90 56
90 60
91 3
92 12
92 21
92 22
92 32
92 33
92 39
92 43
92 48
92 54
92 59
92 67
92 68
92 73
92 76
92 79
92 81
92 104
92 136
92 146
92 156
92 162
92 165
92 167
92 171
92 183
92 203
92 217
92 224
92 229
92 232
92 235
92 237
92 242
92 243
92 248
92 252
92 253
92 263
92 264
92 275
92 279
92 285
92 288
92 294
92 297
92 304
92 437
92 442
92 536
92 538
92 542
92 555
92 559
92 561
92 565
92 574
93 2
93 6
93 9
93 13
93 20
93 24
93 26
93 29
93 40
93 42
93 48
93 51
93 58
93 60
93 65
93 69
93 70
93 73
93 91
93 94
93 102
93 110
93 111
93 114
93 116
94 10
94 11
94 13
94 15
94 18
94 25
94 38
95 1
95 3
95 7
95 9
95 10
95 11
95 13
95 14
95 21
95 24
95 25
95 36
95 44
95 49
95 59
95 65
95 67
95 77
95 78
95 79
96 108
96 118
96 123
96 134
96 137
96 151
96 155
96 158
96 163
96 165
96 173
96 179
97 1
97 4
98 17
98 18
98 33
98 40
98 101
98 103
98 238
98 239
98 241
98 244
98 245
98 248
98 252
98 253
99 15
99 21
99 23
99 29
99 38
99 41
99 42
99 44
99 47
99 58
99 61
99 62
99 66
99 67
99 70
99 78
99 79
99 85
99 91
99 101
99 112
