2 2
2 4
2 7
3 7
3 9
3 10
3 18
3 19
3 27
3 30
3 36
3 38
3 53
3 58
3 62
3 69
5 1
6 3
6 30
6 39
6 40
6 45
6 50
6 53
6 58
6 82
6 88
6 89
6 102
6 107
6 113
6 115
6 124
6 125
6 130
6 143
6 146
6 149
6 150
6 155
6 157
6 161
6 162
6 164
6 165
6 167
6 189
6 198
6 199
6 202
6 203
6 207
6 208
6 210
6 217
6 231
6 247
6 249
6 254
6 259
6 262
6 266
6 272
6 287
6 296
6 298
6 302
6 307
6 315
6 316
6 320
6 323
6 326
6 330
6 465
6 473
7 116
7 118
7 131
7 150
7 155
7 160
7 169
7 176
7 179
7 181
7 185
7 187
7 196
7 202
7 205
7 207
7 210
7 222
7 229
7 241
7 247
7 270
7 272
8 31
8 78
9 2
9 10
9 16
9 41
9 42
9 46
10 5
10 6
10 11
10 13
10 24
10 30
10 32
10 41
11 5
11 8
11 9
11 15
11 20
11 23
11 24
11 28
11 29
11 35
11 36
11 39
11 42
11 52
11 60
11 61
11 62
11 68
12 20
13 12
14 12
14 13
14 14
14 15
14 16
14 17
14 21
14 23
14 25
14 37
14 41
14 43
14 45
15 4
15 9
15 10
17 73
17 74
17 76
17 81
17 83
17 84
17 86
17 95
17 96
17 97
17 101
17 106
17 108
17 110
17 114
17 119
18 9
18 14
18 15
18 26
18 39
19 4
19 16
19 19
19 21
19 22
19 37
19 55
19 62
19 67
19 76
22 77
22 81
23 41
23 48
23 55
23 57
23 63
23 65
24 1
24 2
24 7
24 12
24 16
24 18
24 28
24 37
24 40
24 46
24 55
24 56
24 64
24 67
24 71
25 23
25 41
25 48
25 49
25 64
25 65
25 69
25 70
25 73
25 94
25 98
25 101
25 108
25 116
25 126
26 2
26 15
26 18
26 21
26 23
26 31
26 32
27 4
28 2
28 3
28 20
29 3
29 8
29 26
29 42
29 55
29 57
29 59
29 61
29 62
29 69
30 1
30 8
30 10
30 11
30 12
30 18
30 20
31 22
31 23
31 25
31 31
32 4
32 6
32 7
32 12
32 19
32 65
32 66
32 69
32 73
32 188
32 190
32 196
32 197
32 199
32 207
33 1
33 3
33 5
34 45
34 48
34 68
34 77
34 81
34 82
34 105
34 110
34 111
34 124
34 128
34 130
34 141
34 154
34 160
34 174
35 1
35 2
35 4
35 12
35 25
35 26
35 28
36 6
36 8
36 17
36 18
36 41
36 125
36 149
36 154
36 159
36 178
36 274
36 279
36 280
36 342
36 349
36 363
36 370
36 371
36 373
36 376
36 379
37 2
37 3
38 1
38 22
39 1
39 9
39 15
39 17
39 23
39 29
39 40
39 41
39 45
41 10
41 17
41 19
41 24
41 25
42 14
42 19
42 24
42 26
42 41
42 53
42 57
42 59
42 79
42 83
42 100
43 9
43 17
43 22
45 42
45 44
47 112
47 123
47 129
47 132
47 140
47 151
47 155
47 156
47 159
47 161
47 163
47 169
47 172
47 173
47 187
47 196
47 199
47 202
47 209
47 224
48 24
49 5
49 15
49 17
49 18
49 19
49 25
49 34
49 43
49 46
50 25
50 36
50 128
50 134
50 135
50 141
51 2
51 7
51 16
51 24
51 25
51 27
52 3
52 5
52 24
52 29
52 63
52 70
52 80
52 82
52 83
52 99
53 4
53 12
53 33
53 37
53 45
53 46
55 106
55 113
55 114
55 123
55 125
55 127
55 137
55 139
55 145
55 167
55 182
55 187
55 194
55 195
55 197
55 200
58 2
58 5
58 6
58 11
58 24
58 31
58 32
58 33
58 44
59 8
59 12
59 18
59 19
59 22
59 25
59 26
59 27
59 29
59 32
59 33
59 37
59 47
59 64
59 68
59 71
59 72
59 81
59 83
61 4
64 99
65 1
65 8
65 10
66 2
66 3
66 5
66 19
66 21
66 29
66 32
66 42
67 15
67 29
67 159
67 161
67 171
67 174
67 176
67 182
67 186
67 206
67 210
67 212
67 219
69 17
69 19
69 26
69 35
69 39
69 45
69 54
69 59
69 66
69 70
69 72
69 74
69 76
69 81
69 96
69 98
69 101
69 118
69 124
69 127
69 133
69 143
69 221
69 228
69 231
69 233
69 234
69 238
69 246
69 249
69 252
69 263
70 94
70 107
70 109
70 139
70 141
70 151
70 152
70 154
70 155
70 157
70 162
70 163
70 165
70 173
70 174
70 176
70 179
70 191
70 192
70 207
70 208
70 215
70 216
70 221
71 1
71 19
71 32
71 37
71 38
71 43
71 48
71 52
71 54
71 55
71 56
71 60
71 66
71 73
71 88
71 90
71 91
71 93
71 97
72 8
72 9
72 26
72 27
72 30
72 31
72 40
72 53
72 59
72 62
72 79
73 5
73 10
73 11
73 12
73 19
73 20
73 25
73 36
73 47
73 49
73 55
73 57
73 58
74 5
74 10
74 22
74 24
74 25
74 36
74 41
74 49
74 50
74 66
74 72
76 18
76 19
77 4
77 8
77 22
77 23
77 26
77 27
78 8
80 6
81 14
81 24
81 25
81 32
81 46
81 51
82 3
82 4
82 13
82 18
82 188
82 193
82 198
82 201
82 205
82 214
82 225
82 246
82 249
82 251
82 253
82 255
82 257
82 260
82 268
82 272
82 273
83 5
83 6
83 7
83 18
83 26
84 4
84 5
85 68
85 74
85 77
85 79
86 19
86 26
86 27
86 28
86 30
86 32
86 37
86 38
86 51
86 56
86 58
86 64
86 65
86 67
87 3
87 7
87 10
87 99
88 18
89 4
89 5
89 10
89 11
89 23
89 27
89 28
89 30
89 36
89 45
89 47
89 51
90 4
90 5
90 8
90 14
91 7
91 17
91 25
91 95
91 107
91 110
91 113
91 118
91 122
91 132
91 155
91 158
91 163
91 164
91 169
92 9
93 3
93 6
94 4
94 5
94 94
94 102
94 105
94 109
94 113
94 118
94 122
94 130
94 135
94 136
94 146
94 151
94 174
97 32
97 37
97 40
97 51
97 184
97 191
97 202
97 211
97 218
97 221
97 229
97 232
97 246
97 272
97 275
97 278
97 297
97 298
97 309
97 310
97 313
97 320
97 328
97 331
98 2
98 3
98 6
98 9
98 12
98 23
98 31
98 39
98 40
98 49
98 57
98 63
98 100
98 101
98 103
98 110
98 111
98 113
98 122
98 134
98 153
98 154
98 156
98 192
98 217
98 222
98 225
98 228
98 246
98 249
98 376
98 382
98 385
98 390
98 414
98 415
98 417
98 421
98 428
98 442
99 1
99 9
99 14
99 17
100 79
100 85
100 88
100 90
100 99
100 107
101 1
101 8
101 10
101 11
101 18
102 19
102 21
102 35
102 38
104 5
104 9
104 13
105 15
105 16
106 3
106 7
106 12
106 21
106 31
106 35
106 39
106 42
106 44
107 20
107 30
107 32
107 33
107 34
107 38
108 35
108 36
108 48
108 54
108 55
108 63
108 64
108 70
108 75
108 76
108 85
108 86
108 91
108 101
108 117
108 120
108 123
108 125
108 128
108 129
108 131
108 137
108 140
108 168
108 176
108 182
108 190
108 191
108 193
108 194
108 205
108 208
108 218
108 223
108 232
108 245
108 248
108 378
108 379
108 380
108 387
108 389
108 392
108 394
108 395
108 413
108 417
108 419
108 420
108 432
108 438
108 447
110 31
