1 1
1 64
1 65
1 71
1 72
1 81
1 89
1 91
2 43
2 49
2 53
2 54
2 64
2 70
2 72
2 73
2 86
2 94
2 96
2 103
3 2
3 25
3 27
3 29
3 33
3 35
3 40
3 44
3 47
4 6
4 7
5 1
6 6
6 10
6 12
6 18
6 19
6 21
6 26
6 29
6 35
6 45
6 53
6 65
6 67
9 13
9 17
9 19
10 6
10 8
10 10
10 20
10 23
10 24
10 27
10 30
10 33
10 38
10 40
10 43
10 45
10 47
10 50
10 58
10 59
10 62
10 68
10 69
10 82
10 94
10 105
10 111
11 1
11 90
11 91
11 101
11 102
11 105
12 31
12 40
12 41
12 52
12 56
12 58
12 67
12 74
12 85
12 87
12 105
12 108
12 112
13 8
13 13
13 14
13 15
13 19
13 21
13 24
13 34
13 37
13 49
13 54
13 55
13 56
13 69
13 75
13 83
13 87
13 92
13 93
13 99
13 109
13 110
13 111
13 112
13 123
13 128
13 133
13 134
13 163
13 178
13 184
13 189
13 195
13 201
13 211
13 212
13 215
13 217
13 227
13 245
13 246
13 247
13 253
13 255
13 260
14 15
14 19
14 23
14 42
14 54
14 57
14 59
14 62
14 70
14 79
14 101
14 103
14 166
16 6
16 18
16 34
17 19
17 21
17 22
17 31
17 35
18 3
18 5
18 11
18 70
20 18
20 30
20 84
20 85
20 92
20 93
20 101
20 104
20 105
20 109
20 111
20 114
20 115
20 121
20 135
20 138
20 139
20 144
20 149
20 155
20 166
20 169
20 178
20 184
21 5
21 10
21 14
21 25
22 9
22 11
22 13
22 15
22 16
22 20
22 25
23 1
23 11
23 13
23 21
23 26
23 31
23 34
23 45
23 52
23 63
23 68
23 77
24 1
25 3
25 15
25 17
25 23
26 18
26 32
26 36
26 44
26 90
26 95
26 96
26 102
26 104
26 126
26 128
26 131
26 136
26 139
26 142
26 148
26 152
26 154
26 155
26 162
26 179
26 180
26 183
26 196
26 201
26 206
26 212
26 216
26 218
26 221
27 5
27 6
27 9
27 11
27 14
27 16
27 29
27 31
27 34
27 35
27 39
27 46
27 47
28 63
28 65
28 66
28 70
28 80
28 101
28 112
28 116
28 122
28 123
28 144
28 147
28 148
28 150
28 176
29 4
29 14
33 6
33 14
33 15
33 19
33 27
33 32
33 37
34 1
34 6
34 7
34 139
34 143
34 144
34 147
34 153
34 158
34 160
34 162
34 163
35 5
35 19
35 24
35 35
35 96
35 98
35 110
35 113
35 117
35 120
35 122
35 124
35 127
35 133
35 134
35 136
35 142
35 149
35 150
35 151
35 174
35 175
35 181
36 1
36 4
36 10
36 13
36 27
36 31
36 40
36 41
36 48
36 53
36 56
36 59
36 64
36 65
36 67
36 75
36 116
36 117
36 125
36 141
36 143
36 147
36 153
36 156
37 1
37 12
37 21
37 25
37 30
37 31
37 37
38 19
38 20
38 21
38 26
38 43
38 54
38 64
38 69
38 78
38 79
38 80
38 84
38 89
38 91
38 94
38 96
38 104
38 106
38 111
38 114
39 4
39 7
39 9
39 11
39 15
39 26
39 38
39 39
39 43
39 46
39 51
39 52
39 55
39 59
39 60
39 70
39 81
39 87
41 70
41 71
41 73
41 81
41 90
41 99
41 114
41 137
41 144
41 147
41 153
41 156
41 157
41 158
41 160
41 170
41 173
41 174
41 180
41 185
41 187
41 255
41 266
41 277
41 282
42 12
42 15
42 22
42 25
42 37
42 40
42 44
42 45
43 1
43 4
43 6
43 7
43 10
43 11
43 12
43 14
43 29
43 43
43 44
43 55
43 58
43 60
43 62
43 63
43 64
43 66
43 68
44 2
46 81
46 82
46 83
46 90
46 94
47 1
47 8
47 9
47 12
47 13
47 15
47 28
47 31
47 36
47 140
47 149
47 154
47 155
47 159
47 167
47 169
47 172
47 183
47 184
47 191
47 193
47 194
47 198
47 211
47 215
47 223
47 226
47 227
47 228
47 240
47 243
47 254
47 282
47 285
47 286
47 289
47 295
49 25
49 36
50 2
50 8
50 19
50 20
50 22
51 1
51 4
51 6
51 10
51 12
54 12
54 21
54 28
54 31
54 41
54 42
55 2
55 7
55 12
55 43
55 85
55 86
55 90
56 2
56 9
56 17
57 5
57 9
57 10
57 16
57 42
57 48
57 53
57 55
57 56
57 58
57 60
57 65
57 71
57 123
57 124
57 125
57 127
57 129
57 133
57 139
57 141
57 146
57 155
57 160
58 42
58 56
58 58
58 63
58 64
58 88
58 90
58 93
58 94
58 100
58 101
58 109
58 111
58 117
58 121
58 135
58 138
58 143
58 152
60 34
60 36
60 39
60 44
60 47
60 55
60 58
60 60
60 189
60 191
60 196
60 202
62 47
62 49
62 53
62 65
62 66
62 81
62 85
62 93
62 94
62 109
62 112
62 114
62 123
62 128
62 132
62 136
62 138
62 142
62 156
62 158
62 165
62 166
62 174
62 188
62 197
62 200
62 201
62 205
63 4
63 23
63 27
63 46
63 53
63 59
63 79
63 82
63 100
63 101
63 118
63 120
63 123
63 253
63 257
63 262
63 272
63 273
63 284
63 295
63 307
63 312
63 317
63 352
63 354
63 356
63 369
64 10
65 9
65 14
65 16
65 18
65 22
65 23
65 24
65 32
65 34
65 40
65 43
65 46
65 49
65 57
65 59
65 61
65 70
65 72
65 73
66 8
66 14
66 19
66 20
66 32
66 38
66 40
66 43
66 45
66 50
67 2
67 4
67 8
67 14
67 16
67 24
68 38
68 44
68 47
68 63
69 5
69 30
69 32
69 35
69 37
69 46
71 6
71 12
71 17
71 19
71 22
71 29
71 46
71 59
71 63
71 69
71 72
71 97
71 100
71 101
71 109
71 135
71 136
71 137
71 138
71 141
71 142
71 143
71 145
71 160
71 161
71 164
71 168
71 178
71 181
71 182
72 5
72 13
72 17
72 24
74 81
74 99
74 100
74 104
74 107
74 108
74 112
74 116
75 12
75 18
75 30
75 39
75 185
75 186
75 193
75 196
75 201
75 203
75 204
75 215
75 228
75 232
75 234
78 7
79 6
79 15
79 23
79 26
79 39
79 46
79 47
79 57
79 60
79 67
79 72
79 75
79 76
79 78
79 83
79 84
79 88
79 96
80 17
80 19
80 20
80 22
80 94
80 97
80 103
80 110
80 120
80 121
80 129
80 131
80 139
80 163
80 167
80 169
80 180
80 185
80 187
80 188
80 194
80 202
80 219
80 223
80 225
80 356
80 358
80 372
80 387
80 389
80 391
80 399
80 409
80 421
80 424
81 81
81 83
81 84
81 85
81 111
81 114
81 129
81 131
82 2
83 23
83 24
84 5
84 6
84 12
84 15
84 22
84 31
84 46
84 48
84 49
85 8
85 22
85 44
86 15
86 18
86 23
86 26
86 30
86 33
86 34
86 36
86 47
86 56
86 57
86 60
86 75
87 3
87 6
87 17
87 35
87 42
87 50
87 54
87 56
87 62
87 72
87 84
87 85
87 90
87 97
88 3
88 122
88 142
88 152
88 160
88 161
88 169
88 171
88 175
88 178
88 185
88 191
89 15
89 18
89 22
89 24
89 25
89 33
89 34
89 48
89 49
90 2
90 3
90 6
90 9
90 137
90 139
90 145
90 150
90 152
90 159
90 162
90 163
90 165
90 170
90 171
90 180
90 190
90 191
90 200
94 8
94 31
94 37
94 57
94 61
98 22
99 16
99 29
99 42
99 53
99 54
99 65
99 68
99 79
99 94
99 95
99 99
99 104
101 2
101 3
102 2
102 6
102 11
102 15
102 16
102 21
102 26
102 30
103 22
104 6
104 12
104 20
104 27
104 32
105 1
105 2
105 4
105 7
105 8
105 17
105 18
105 21
105 28
105 31
105 42
105 47
105 54
105 59
105 70
105 79
105 80
105 88
105 89
105 96
105 98
105 101
105 103
106 1
106 2
106 6
107 33
107 34
107 39
109 18
