1 2
1 6
1 8
1 13
1 15
1 17
1 19
1 20
1 23
1 27
1 36
1 40
1 43
2 4
2 6
2 7
5 5
5 13
5 16
5 20
5 42
5 175
5 179
5 181
5 187
6 4
6 8
6 11
6 15
6 18
6 25
6 34
6 37
6 40
7 3
7 7
7 19
7 21
8 6
8 15
8 18
8 21
8 22
8 23
8 35
8 62
8 69
8 99
8 102
8 107
8 108
8 111
8 112
8 116
8 118
8 133
8 146
8 147
8 149
8 152
8 157
8 162
8 168
8 173
8 174
8 178
8 180
8 182
8 184
8 206
8 212
8 231
8 241
8 243
9 8
9 13
9 14
9 15
9 18
9 19
9 22
9 26
9 29
9 30
9 38
9 39
9 40
9 45
9 56
9 61
9 71
9 77
9 81
9 85
9 92
9 99
9 100
9 101
9 114
9 115
9 116
9 122
9 127
9 129
9 144
9 167
9 169
10 84
10 94
10 96
10 101
10 114
10 123
10 128
10 129
10 140
10 142
10 146
10 149
10 151
13 87
13 89
13 92
13 113
13 125
13 143
14 40
14 47
16 1
16 8
16 10
16 14
16 30
16 50
16 67
16 68
16 76
16 85
16 87
16 88
16 89
16 111
16 128
16 135
16 138
16 147
16 151
16 160
16 164
20 8
20 16
20 27
21 31
21 33
21 40
22 21
22 29
22 31
22 35
22 52
22 54
22 55
22 61
22 62
22 78
22 81
22 99
23 115
23 123
23 133
23 140
23 141
23 161
23 163
23 169
23 173
23 174
23 179
23 221
23 228
23 233
24 5
24 13
24 25
24 31
24 35
24 56
24 67
24 73
24 80
24 86
24 101
24 104
24 105
24 106
24 115
24 134
24 191
24 199
24 202
24 203
24 210
24 243
24 264
24 269
25 23
25 33
25 34
25 40
25 45
25 48
25 50
26 9
26 29
26 40
26 46
26 180
26 316
26 331
26 335
26 336
26 340
26 354
26 358
26 361
26 367
26 368
26 373
26 375
28 1
28 4
28 5
28 6
28 31
28 32
28 36
28 40
30 3
30 5
30 10
30 11
30 24
30 31
30 160
30 162
30 166
30 168
30 171
30 172
30 176
31 51
31 53
31 54
31 67
31 71
33 33
33 47
33 51
33 64
33 68
33 74
33 84
33 90
33 91
33 93
33 94
33 103
33 108
33 109
33 121
33 123
33 126
33 128
33 138
34 3
34 7
34 18
34 19
34 22
34 34
34 41
34 44
34 54
34 62
34 77
34 88
34 98
34 109
34 113
34 116
34 120
34 121
34 123
34 128
34 141
34 147
34 150
34 151
34 154
34 162
34 164
34 166
34 170
34 177
34 179
34 184
34 221
35 1
35 9
35 15
35 17
35 21
35 23
35 27
35 29
35 30
35 40
35 44
35 50
35 57
35 59
35 70
35 76
35 81
35 84
36 38
37 16
37 33
37 35
37 42
37 44
37 49
37 51
37 186
37 315
37 327
37 330
37 332
37 345
37 350
38 2
38 12
40 31
40 32
41 1
41 5
41 7
41 11
41 20
41 21
41 110
41 112
41 116
41 118
43 15
43 20
43 41
43 42
43 51
43 53
43 56
43 66
43 67
43 70
43 165
43 171
43 181
43 184
43 189
43 190
43 194
43 197
43 198
43 202
43 203
43 212
43 219
45 55
45 62
45 63
45 77
45 94
45 107
45 108
45 114
45 120
45 127
45 141
45 147
45 151
45 154
45 155
45 158
45 161
46 10
46 23
46 25
50 11
50 16
50 23
50 38
50 48
50 52
50 57
50 59
50 66
50 67
50 74
50 84
51 35
51 41
51 43
51 48
51 53
51 56
51 66
51 68
51 69
51 87
51 88
51 92
51 98
51 150
52 21
52 25
52 26
52 33
53 4
54 7
54 29
55 6
55 7
55 13
55 14
55 35
55 49
56 5
56 8
56 41
56 48
56 51
56 58
56 69
56 93
56 96
56 98
56 101
57 5
57 10
57 23
57 24
57 29
57 39
57 47
57 54
57 57
57 62
57 67
57 72
57 77
57 78
57 82
57 97
57 98
57 109
57 111
57 124
57 126
57 141
57 151
58 4
58 7
58 13
58 27
58 30
58 31
58 32
58 37
58 42
58 49
58 53
58 54
58 58
58 66
58 71
58 74
58 75
58 78
58 79
58 91
58 94
58 97
58 100
58 103
58 116
58 122
58 130
58 133
58 136
58 139
58 141
58 143
58 145
58 156
58 171
58 194
58 206
58 212
59 4
59 5
60 127
61 51
61 53
61 55
61 64
61 70
61 73
61 75
62 9
62 24
62 31
62 41
62 42
63 5
63 6
63 14
63 26
63 29
63 32
63 33
63 41
63 45
63 49
63 61
63 63
63 66
63 72
63 73
63 74
63 82
63 83
63 89
63 98
63 101
63 104
64 9
64 13
64 15
64 17
64 31
64 32
64 33
64 39
64 56
64 63
64 72
64 73
65 1
65 7
66 3
66 6
66 7
66 12
66 14
66 15
66 147
66 149
67 4
67 7
67 12
67 14
68 73
68 74
68 82
68 87
68 90
69 6
70 3
70 4
70 5
70 12
71 101
71 104
71 109
71 111
71 124
71 125
71 126
71 129
71 138
71 139
71 140
71 142
71 145
71 147
71 148
71 149
71 157
71 158
71 159
71 164
71 220
71 222
71 269
71 271
71 275
71 290
71 294
71 295
71 310
71 314
71 315
71 319
71 321
71 328
71 334
71 336
71 340
71 359
71 371
71 372
71 377
71 379
71 380
71 384
71 386
72 11
72 13
72 28
72 31
72 39
72 47
72 51
73 12
73 15
73 23
73 27
73 45
73 50
73 54
73 56
73 65
73 68
73 69
73 81
73 82
73 91
73 94
73 100
73 101
73 102
73 111
73 113
73 114
73 119
73 120
73 121
73 123
73 125
73 134
73 135
73 138
74 1
74 6
74 8
74 21
74 27
74 39
74 51
74 53
74 55
74 63
74 74
74 81
74 83
74 109
74 119
74 122
74 125
74 129
74 133
74 137
74 148
74 151
74 153
74 162
75 15
75 26
75 27
75 41
75 43
75 44
75 46
75 57
76 1
76 6
76 8
76 12
76 16
76 22
76 27
76 35
76 39
76 41
76 48
76 63
76 65
76 110
76 141
76 148
76 153
76 166
76 170
76 185
76 191
76 201
76 204
76 208
77 42
77 49
77 52
77 64
77 65
77 74
77 78
77 79
77 82
77 83
77 87
77 91
77 93
77 97
77 103
77 104
77 107
77 109
77 117
77 118
77 123
77 133
77 139
78 1
78 6
78 7
78 11
79 11
79 15
79 17
80 4
80 8
80 14
80 20
80 23
80 28
80 33
80 43
80 65
80 71
80 89
80 90
80 98
80 106
80 108
80 111
80 118
80 125
80 127
80 128
80 137
80 152
80 153
80 170
80 177
81 5
81 11
81 14
81 16
81 17
81 68
81 80
81 95
81 96
81 100
81 103
81 107
81 109
81 120
81 124
81 125
82 7
83 1
83 7
84 32
84 48
84 63
84 77
84 87
84 93
84 100
84 104
84 105
84 110
84 113
84 122
84 123
84 132
84 138
84 159
84 161
84 174
84 179
84 182
84 187
84 246
84 263
85 7
85 12
86 6
86 7
86 16
87 9
87 23
87 24
87 32
88 8
88 12
88 16
88 25
88 26
88 28
88 29
88 30
88 56
88 60
88 65
88 71
88 75
88 81
88 84
89 1
89 3
89 11
89 16
89 149
89 156
89 161
89 162
89 167
89 172
90 13
90 19
90 25
90 30
90 37
90 38
90 41
90 42
90 58
90 61
90 64
90 67
90 68
90 69
90 76
90 87
90 89
90 93
90 97
90 99
90 100
90 108
90 113
90 114
90 120
90 121
90 123
90 141
90 145
90 146
90 150
90 152
90 158
90 160
90 162
90 164
90 165
90 168
90 173
90 176
90 183
90 188
90 189
90 192
90 331
90 333
90 334
92 87
