1 1
1 2
1 10
5 19
5 29
5 32
5 33
5 54
5 61
5 67
5 68
5 70
5 73
5 90
5 97
5 107
5 112
5 118
5 123
5 130
5 131
5 137
5 162
5 165
5 178
5 180
5 181
5 182
5 186
5 190
5 192
5 193
5 198
5 202
5 214
5 217
5 219
5 220
5 235
5 245
5 255
6 1
7 6
7 137
7 140
7 141
8 10
8 190
8 193
8 194
8 202
8 204
8 208
8 210
8 228
8 233
8 239
8 253
8 254
8 257
8 259
8 262
8 265
8 267
8 274
8 290
8 297
8 299
8 310
8 313
8 314
8 331
8 339
8 344
8 351
8 358
8 362
8 363
8 365
8 379
9 2
9 8
9 9
9 10
9 20
9 25
10 11
10 14
10 19
10 64
11 20
11 27
11 29
12 28
12 79
12 90
12 94
12 100
12 108
12 109
12 119
12 126
12 131
13 6
13 17
13 20
13 21
13 26
13 27
13 30
13 32
13 40
17 32
17 35
19 1
19 2
19 8
19 10
19 11
19 19
19 20
19 22
19 26
19 34
19 37
19 43
19 46
19 49
19 50
19 62
19 108
19 110
19 116
19 120
19 125
19 147
19 151
19 156
20 114
20 119
20 122
20 124
20 126
20 127
20 132
20 141
20 143
20 150
20 155
20 162
20 165
20 167
20 177
20 186
20 188
21 7
21 14
22 4
22 5
22 9
22 11
22 12
22 32
22 33
22 38
22 41
23 2
23 173
23 174
23 177
23 185
23 188
23 206
23 209
23 211
23 212
24 4
24 21
24 29
24 30
25 36
25 38
25 43
25 49
25 58
25 68
25 76
27 5
28 4
28 20
28 27
28 28
28 31
28 33
28 35
28 39
28 43
29 3
29 6
29 8
30 3
30 5
30 6
30 10
30 12
30 19
30 33
30 65
30 69
30 77
30 78
30 91
30 93
31 1
31 4
31 10
31 25
31 27
31 56
33 42
33 52
33 55
33 56
34 17
34 26
34 34
34 36
34 37
34 63
34 65
34 69
34 77
34 78
34 85
35 1
35 143
35 145
35 150
35 152
35 158
35 162
35 163
35 164
35 182
35 184
35 189
36 2
36 3
36 135
37 89
37 92
37 97
37 99
38 3
38 8
38 9
38 14
38 15
38 34
38 38
38 47
38 55
38 60
38 61
38 63
38 72
38 78
38 87
38 89
38 103
38 108
38 115
38 118
38 119
38 121
38 125
38 137
38 138
38 155
38 162
38 164
38 179
38 180
38 190
38 194
39 18
39 22
39 26
42 56
42 57
42 59
42 77
42 78
42 82
42 86
42 91
42 95
42 96
45 62
45 74
45 76
45 78
45 88
45 90
46 101
46 110
46 116
47 9
47 40
48 14
48 26
48 31
48 37
48 48
48 54
48 56
49 4
49 6
49 11
49 16
49 18
50 4
50 9
51 72
51 74
51 78
51 95
51 102
51 106
51 107
51 108
51 109
51 110
51 114
51 116
51 122
51 130
51 138
51 149
51 150
54 69
54 71
54 85
54 92
54 99
55 4
55 7
55 9
55 12
55 19
56 2
56 3
56 4
56 7
56 12
56 14
56 32
57 6
57 7
57 10
57 16
57 19
57 23
57 28
57 30
57 34
57 36
57 51
57 60
57 109
57 110
57 115
57 125
57 126
57 130
57 231
57 233
60 30
60 118
60 121
61 110
61 126
61 130
61 133
61 141
61 146
61 151
61 157
61 169
61 174
61 190
61 195
61 198
62 6
62 8
62 18
62 23
62 62
62 64
62 65
62 72
62 80
62 81
62 84
62 86
62 89
62 96
62 117
62 251
62 255
62 257
63 39
63 53
63 62
63 67
63 73
63 74
63 96
63 97
63 101
63 104
63 108
63 112
63 116
63 132
63 139
63 140
63 195
63 199
63 206
63 210
63 229
63 240
63 252
63 255
64 1
64 4
64 6
64 22
64 28
64 31
64 35
64 40
64 41
64 50
64 51
65 2
65 4
65 10
65 15
65 17
65 25
65 28
65 34
65 43
65 52
65 58
65 64
65 70
65 71
66 18
66 28
66 35
66 37
66 50
66 51
66 53
66 59
66 75
66 82
66 89
68 45
68 55
68 63
68 66
68 67
68 70
68 76
68 79
68 81
68 87
68 89
68 93
68 95
68 101
68 102
68 109
68 111
68 116
68 117
68 124
68 133
69 8
69 15
69 16
69 34
69 35
69 47
69 58
69 67
69 69
69 77
69 83
69 88
69 90
69 91
69 100
69 102
69 124
69 130
69 137
69 145
69 173
69 174
69 183
69 189
69 212
70 2
70 4
70 7
70 9
70 21
70 33
70 39
70 41
70 49
70 50
70 52
70 60
70 70
70 71
70 75
70 82
71 13
71 16
71 18
71 20
71 23
71 36
71 40
71 42
71 47
71 52
71 59
71 66
71 70
71 86
71 89
71 95
71 102
72 2
72 7
72 16
72 20
72 33
72 36
72 120
72 124
72 126
72 136
72 142
72 151
72 164
72 165
73 2
73 7
73 11
73 15
73 24
73 34
73 36
73 38
73 42
73 44
74 11
74 19
74 20
76 10
76 11
76 18
76 27
76 38
76 46
77 43
78 7
78 10
79 3
80 50
80 54
80 60
80 64
80 74
80 81
80 84
80 102
80 138
80 139
80 142
80 147
80 149
80 152
80 157
80 160
80 168
80 169
80 178
80 184
80 189
80 194
80 208
81 3
81 10
81 15
82 1
82 2
82 5
82 6
82 9
82 10
83 30
83 34
83 45
83 46
84 1
84 5
84 12
84 23
84 25
84 31
84 34
84 37
85 5
85 26
85 31
86 10
86 15
86 16
86 28
86 34
86 35
86 41
86 42
86 45
87 1
87 21
88 68
88 124
88 125
88 127
88 129
88 134
88 140
88 152
88 168
88 170
88 178
88 180
88 184
89 12
89 20
90 3
90 5
90 50
90 53
90 60
90 62
90 66
90 69
90 70
90 109
90 116
90 258
90 264
90 267
90 269
90 275
90 278
90 279
90 281
90 295
90 297
92 21
92 22
93 33
93 62
93 69
93 70
93 73
93 74
93 81
93 83
93 90
93 96
93 97
93 109
93 111
93 115
93 127
93 132
93 137
93 138
93 143
93 148
93 149
93 150
93 152
95 21
96 20
96 22
97 3
98 7
98 10
98 22
98 26
99 1
99 14
99 30
99 32
100 6
100 7
101 1
102 12
102 25
102 29
102 41
102 47
102 58
102 64
102 74
102 90
102 92
103 3
103 11
103 14
103 23
103 24
103 26
103 27
103 41
103 42
103 47
103 48
103 51
103 69
103 81
104 1
104 3
104 16
104 17
105 2
105 6
105 9
105 10
105 11
105 23
105 44
106 11
106 14
106 18
106 21
106 153
106 154
106 159
106 171
106 172
106 177
106 182
106 195
106 199
106 212
106 220
106 221
106 235
106 236
106 242
106 249
106 257
106 258
107 4
107 7
107 10
108 34
108 38
108 122
108 253
108 258
108 263
108 267
108 268
108 272
108 275
108 279
108 284
108 294
111 36
111 47
111 53
111 77
111 78
111 82
111 90
111 93
111 95
111 100
112 13
112 25
112 32
112 33
113 1
113 13
113 36
113 38
113 51
113 66
113 68
113 72
113 76
113 77
113 80
113 84
113 87
113 90
113 94
113 97
113 103
113 108
114 1
114 17
114 22
114 24
114 42
114 57
114 64
114 89
114 90
114 92
114 99
114 104
114 117
114 121
114 122
115 1
115 19
115 27
115 31
115 39
115 40
116 6
116 8
116 9
116 13
116 18
116 28
116 46
116 48
116 54
116 55
116 71
116 73
116 76
