1 17
1 20
3 40
3 43
4 1
4 16
4 18
4 20
4 24
4 26
4 32
4 34
4 43
4 46
4 56
5 85
5 87
5 88
5 113
5 119
5 125
6 3
6 6
6 10
6 11
6 15
6 17
6 19
6 26
7 3
7 5
7 16
7 17
7 18
7 21
7 23
7 24
7 26
7 27
8 3
8 6
8 15
8 17
8 23
8 24
8 29
9 93
9 95
9 97
9 141
9 149
9 167
9 169
9 172
9 189
9 192
9 199
9 207
9 209
9 219
9 221
9 234
9 243
9 296
9 306
9 312
9 318
9 320
9 327
9 335
9 341
9 344
9 346
9 356
10 5
10 9
10 20
10 26
10 35
10 36
10 42
10 43
10 51
10 54
10 64
10 68
10 73
10 75
10 84
10 89
10 93
10 99
10 101
10 109
10 114
10 115
10 123
10 125
10 143
10 146
13 58
13 63
13 69
13 75
13 80
13 81
13 82
13 83
13 85
13 88
13 92
13 93
13 94
13 96
13 98
13 107
13 108
13 122
13 128
13 130
13 132
13 135
13 140
13 204
13 212
13 225
13 227
13 233
13 237
13 238
13 239
13 248
13 263
13 281
13 293
13 302
13 304
13 306
13 315
13 317
13 318
13 326
13 328
13 329
13 333
13 336
13 339
13 453
13 458
13 466
13 483
13 491
13 492
13 493
13 494
13 499
17 35
17 40
17 43
17 53
17 79
17 81
17 88
18 62
18 74
18 75
18 94
18 95
18 100
18 102
18 106
18 108
18 117
18 131
18 136
18 139
18 142
18 143
18 147
18 152
18 154
18 157
18 158
19 2
19 3
20 19
21 3
21 9
21 70
21 72
21 79
21 83
21 85
21 106
21 114
21 116
21 117
21 119
21 135
21 144
21 158
21 166
22 7
22 8
22 9
22 14
22 16
23 2
24 2
24 4
24 14
24 15
24 16
26 61
26 66
26 67
26 69
27 4
27 15
27 23
27 30
27 33
27 39
28 5
28 7
28 10
28 11
28 24
28 25
28 30
28 41
28 47
28 68
28 78
28 79
28 83
28 86
28 87
28 88
28 92
28 100
29 2
31 2
31 3
31 14
31 17
31 25
32 1
32 2
32 8
32 9
32 14
32 54
32 60
32 61
32 68
32 75
32 85
32 98
32 111
32 121
32 136
32 138
32 147
32 148
32 151
33 1
33 5
33 10
33 12
33 15
33 18
33 21
33 28
33 31
33 40
33 46
33 49
33 148
33 167
33 188
33 192
33 194
33 204
33 205
33 206
33 209
33 212
33 233
33 236
33 237
33 241
34 5
34 7
34 21
34 26
34 27
34 28
34 34
34 47
34 50
35 43
35 47
35 52
35 63
35 99
35 100
35 142
35 152
35 156
35 169
35 170
35 201
35 202
35 205
35 207
35 208
35 221
35 222
35 226
35 246
35 258
35 262
35 283
35 284
35 296
35 299
35 301
35 303
35 310
36 72
37 69
37 74
37 76
37 80
37 84
37 99
37 100
37 103
38 78
38 85
38 99
38 186
38 190
38 192
38 205
38 208
38 218
38 224
38 226
38 228
38 234
38 248
38 263
38 269
38 274
38 285
38 288
38 290
38 293
38 309
38 317
38 323
38 325
38 330
38 341
38 343
38 344
38 350
38 351
38 353
38 355
38 363
38 380
38 386
39 7
39 11
39 20
43 107
43 108
43 112
43 244
43 255
43 270
43 275
43 285
43 291
43 297
43 298
43 315
43 321
43 340
43 345
43 361
43 362
43 369
43 370
44 1
44 13
44 20
44 23
44 24
44 27
44 41
44 42
44 50
44 53
45 1
45 2
45 17
45 25
45 32
45 40
45 41
45 43
45 51
45 57
45 58
45 61
45 64
45 65
45 67
45 68
45 71
45 73
45 75
45 76
45 86
45 90
45 91
46 1
47 14
47 16
47 17
47 22
47 36
47 40
47 41
47 42
47 55
47 57
47 58
47 68
47 69
47 70
47 80
47 85
47 89
47 91
47 92
47 115
47 124
47 128
47 140
47 142
47 143
48 1
48 5
48 11
48 13
48 22
49 9
49 12
49 14
49 19
49 23
49 33
49 35
49 36
49 54
49 60
49 61
49 66
50 24
50 26
50 28
50 30
50 31
50 41
50 44
50 46
52 57
52 71
52 73
52 74
52 75
52 77
52 98
52 99
52 103
52 110
52 118
52 128
52 130
52 134
53 40
53 42
53 43
53 46
53 56
53 71
53 88
53 90
53 91
53 93
53 94
53 109
53 110
53 116
53 126
54 85
54 89
56 9
56 16
56 19
56 29
56 30
56 32
56 44
56 45
56 46
56 75
56 83
56 84
56 88
56 91
56 103
56 115
56 116
56 117
56 127
56 132
56 133
56 136
56 152
56 155
56 161
56 169
56 177
56 185
56 197
56 201
57 79
57 86
58 7
58 10
58 27
58 30
59 2
59 7
59 11
59 14
59 15
59 18
59 23
59 26
59 27
59 33
59 43
59 45
59 50
59 61
59 64
59 68
60 8
61 9
61 21
61 22
61 24
61 26
61 28
61 33
61 36
62 51
62 63
63 69
63 77
63 82
63 83
63 102
63 106
63 114
63 118
63 120
63 121
63 123
63 124
63 128
63 134
63 140
63 143
63 153
63 156
63 159
63 162
63 164
63 168
63 170
63 171
63 173
63 179
63 189
63 192
63 201
63 202
63 206
63 207
63 213
63 219
63 239
63 240
63 255
63 263
63 266
63 277
63 281
63 289
64 65
64 73
64 79
64 114
64 118
64 121
64 126
64 130
65 1
66 2
66 26
66 33
67 15
67 21
67 25
67 28
67 29
67 41
68 1
68 3
68 5
68 8
68 12
68 15
68 20
68 24
68 35
68 36
68 51
68 52
68 54
68 63
68 70
68 79
68 87
68 96
68 104
68 119
68 120
68 122
68 128
68 135
68 140
68 141
68 146
68 174
69 24
69 26
69 29
69 49
69 50
69 55
69 57
69 76
69 78
69 80
70 120
70 125
70 131
70 134
70 139
70 142
70 273
70 275
70 295
70 296
70 304
70 314
70 316
70 319
70 325
70 327
70 331
70 333
70 338
70 349
70 371
70 376
70 377
70 381
70 386
70 410
70 411
70 416
70 418
70 424
71 7
71 18
71 21
71 32
71 38
71 46
71 56
72 2
72 3
72 12
72 14
72 17
72 20
72 25
72 27
72 34
72 36
72 37
72 49
72 51
72 52
72 53
72 62
72 74
72 203
73 1
73 2
73 8
73 12
74 14
74 22
74 23
74 28
74 44
74 52
74 59
74 68
74 75
74 82
74 103
74 114
74 115
74 118
74 120
74 128
74 129
74 140
74 142
74 143
74 145
74 158
74 165
74 172
74 254
74 258
74 259
74 276
74 277
74 280
74 283
74 284
75 10
75 13
75 19
75 26
75 29
75 32
75 34
75 35
75 38
75 43
75 52
75 56
75 57
75 67
75 79
75 88
75 95
75 110
75 111
75 112
75 117
75 118
75 120
75 122
75 124
75 131
75 153
75 156
75 159
75 166
75 167
75 169
75 171
75 175
75 179
75 192
75 195
75 198
75 209
75 218
75 221
76 22
76 23
76 26
76 29
76 37
76 38
76 44
76 53
76 57
76 59
76 63
78 31
78 37
78 42
78 43
78 56
78 60
78 67
78 133
78 135
78 136
78 138
78 139
78 146
78 154
79 49
79 54
79 64
79 76
79 77
80 23
80 138
80 139
80 150
80 151
80 166
80 171
80 174
80 176
80 180
80 191
80 194
80 211
80 217
80 229
80 232
80 234
80 242
80 246
80 248
80 251
80 257
81 6
81 7
83 108
83 113
83 121
83 125
83 135
83 140
83 145
83 154
83 169
83 171
83 181
83 188
83 195
83 205
83 209
83 233
83 241
83 244
83 252
83 256
83 294
83 304
83 319
