3 8
3 12
3 21
3 22
3 37
3 42
3 49
3 51
4 58
4 61
4 65
5 61
5 69
5 70
5 72
5 73
5 82
5 83
5 126
5 127
6 1
6 3
6 8
6 9
6 36
6 45
6 47
6 53
6 59
6 65
6 66
6 68
6 69
6 83
6 84
6 89
6 94
6 96
6 181
6 184
6 192
6 199
6 207
6 208
6 210
6 227
6 229
6 235
6 238
6 246
6 247
6 248
6 253
6 262
6 263
6 274
6 277
6 278
6 281
8 2
8 3
8 5
8 7
8 8
8 38
8 39
8 42
8 44
8 53
8 57
8 80
8 86
8 89
8 90
8 97
8 98
8 117
8 119
8 123
8 135
8 137
8 139
9 5
9 22
9 30
10 1
10 2
10 5
10 10
10 14
10 15
11 1
11 18
11 22
11 48
11 53
11 55
11 56
11 61
11 64
11 66
11 72
11 74
11 76
11 89
11 90
11 94
11 100
11 107
11 112
11 124
11 129
11 130
11 139
11 141
11 143
11 144
11 146
11 151
11 155
11 162
11 163
12 6
12 10
12 19
12 21
12 22
12 33
12 36
12 37
12 38
12 39
12 41
13 7
13 9
15 21
15 26
15 28
15 32
15 163
15 176
15 186
15 188
15 203
15 207
15 208
15 212
15 216
15 219
16 1
16 7
16 19
16 22
16 66
16 78
16 80
16 83
16 86
16 95
16 98
16 99
16 102
16 109
16 113
16 117
16 123
16 127
16 134
16 136
16 140
16 150
16 154
16 179
16 181
16 188
16 192
16 198
16 202
16 208
16 210
16 212
16 217
16 220
16 227
16 233
16 238
16 243
16 248
16 255
16 366
19 2
19 4
19 5
19 7
19 8
19 17
19 37
20 6
20 29
20 45
20 47
20 58
20 61
20 86
21 50
21 55
21 56
21 62
21 64
21 65
21 77
21 79
21 85
21 86
21 88
21 93
21 225
21 226
21 233
21 238
21 239
21 243
21 245
21 246
21 248
21 251
21 254
21 255
21 256
21 263
21 270
21 271
21 333
21 337
21 350
21 457
21 462
21 464
21 467
21 477
21 495
21 500
21 506
21 517
21 519
21 527
21 528
21 531
21 532
21 545
21 546
21 554
21 558
21 559
21 561
21 713
22 108
22 112
22 115
22 118
22 125
22 127
22 143
22 148
22 152
22 155
23 104
23 106
23 111
23 113
23 115
23 119
23 123
23 134
23 137
23 154
23 157
23 167
23 168
23 173
24 12
24 22
24 29
24 30
24 37
24 38
24 43
24 55
24 57
24 61
24 81
24 90
24 94
24 96
24 98
24 102
24 170
24 173
24 178
25 30
25 56
25 58
25 60
25 62
25 63
25 77
25 82
25 83
25 89
25 91
25 95
25 96
25 99
25 103
25 109
25 110
28 45
28 51
28 53
28 57
28 64
28 71
28 73
28 84
28 88
29 3
29 14
29 30
29 31
29 35
29 36
29 40
29 63
29 69
29 70
29 71
29 82
29 85
29 98
29 100
29 107
29 116
30 1
30 4
30 7
30 15
30 18
30 25
30 33
30 34
30 40
30 47
30 48
30 57
30 61
30 64
30 65
30 69
30 71
30 80
30 85
33 12
33 13
33 42
33 52
33 56
34 14
34 17
34 23
34 35
34 37
34 42
34 54
35 2
35 3
35 5
35 10
35 18
35 21
35 27
35 28
35 38
35 50
35 57
35 66
35 79
35 86
35 99
35 100
35 104
35 105
35 111
35 116
35 118
35 120
35 121
35 122
35 128
35 137
35 138
35 145
35 151
36 5
36 9
36 20
36 21
36 24
36 28
36 29
36 47
36 51
36 58
36 66
36 67
36 68
36 100
36 108
36 109
36 112
36 118
36 121
36 128
36 154
36 164
36 171
38 13
38 18
38 20
38 23
38 28
38 35
38 43
38 51
38 55
38 65
38 66
38 68
38 74
39 3
39 4
39 10
39 16
39 19
39 27
39 29
39 30
39 35
39 38
39 39
39 48
39 51
39 58
39 59
39 62
39 73
39 77
39 80
39 87
39 89
39 91
39 95
39 96
40 6
40 12
40 15
40 17
40 18
40 26
40 29
40 31
40 61
40 66
42 14
42 17
43 6
43 11
43 19
43 25
44 2
44 5
44 8
44 16
44 30
44 32
45 6
45 7
45 10
45 11
45 13
45 14
45 29
45 38
45 39
46 3
46 12
46 15
46 20
46 29
46 31
46 34
46 42
46 50
46 53
46 55
46 66
46 69
46 78
47 32
47 40
47 41
47 50
47 54
47 66
47 68
47 69
47 89
47 90
47 93
47 104
47 114
47 118
47 119
47 121
47 140
47 144
47 146
47 147
47 148
47 152
47 166
47 175
47 179
47 183
47 184
47 188
47 191
49 4
49 8
49 10
49 12
49 25
49 28
49 31
49 87
49 92
49 96
49 98
49 99
49 115
49 117
49 128
49 154
49 160
49 163
49 169
49 178
49 187
49 189
49 196
49 197
50 12
50 13
50 17
50 23
50 41
50 46
50 50
50 57
50 58
50 97
50 99
50 110
50 113
50 115
50 122
50 137
50 142
50 144
50 150
50 153
50 156
50 161
50 172
50 179
50 200
50 202
50 207
50 210
50 224
50 225
50 234
50 242
50 251
50 252
50 253
50 257
50 263
50 308
50 311
50 323
51 4
51 6
51 12
51 22
51 41
54 12
54 23
54 27
54 31
54 42
54 49
54 51
54 58
54 81
54 84
54 87
54 92
54 96
55 2
55 10
55 11
55 12
55 18
55 20
55 25
55 35
55 36
55 50
55 52
55 56
56 52
56 54
56 56
57 7
57 8
58 18
58 20
58 21
58 23
58 30
59 11
59 12
59 24
59 29
59 35
59 54
59 55
59 56
59 59
60 3
60 14
60 16
60 23
60 24
60 30
61 1
62 1
62 4
62 9
62 12
62 13
62 36
62 40
62 47
62 49
62 54
62 61
62 70
62 73
62 78
62 79
62 83
62 87
62 95
62 96
62 114
62 117
62 130
62 131
62 135
62 137
62 141
62 142
62 156
62 158
62 162
62 167
62 175
62 177
62 187
62 199
62 216
62 217
62 219
62 223
63 25
63 29
63 32
63 34
64 27
64 28
64 31
64 41
64 50
64 53
64 56
64 59
64 64
64 67
64 68
64 71
64 75
64 91
64 93
64 98
64 101
64 108
64 109
64 120
64 121
65 19
65 28
66 104
66 106
66 111
67 7
67 12
67 20
68 2
68 21
68 23
68 27
68 35
68 36
68 40
68 49
68 54
68 72
68 82
68 100
69 2
69 3
69 9
70 5
70 6
70 9
70 14
70 25
70 44
70 54
70 57
70 58
70 65
70 66
70 67
70 73
70 81
71 1
71 7
71 12
71 22
71 23
72 2
72 4
72 13
72 32
73 9
73 10
73 32
73 33
73 63
73 68
74 4
74 8
74 16
74 27
74 33
74 38
74 46
74 59
74 61
75 1
75 5
75 13
75 20
76 6
76 137
76 146
76 152
76 157
77 4
77 9
77 12
77 19
77 26
78 3
78 14
78 15
78 30
78 34
78 36
78 38
78 42
79 4
79 10
80 5
80 10
80 115
80 118
80 121
81 6
81 9
81 37
81 40
81 82
81 92
81 93
81 105
81 119
81 125
82 1
82 26
82 39
82 41
82 171
82 188
82 191
82 192
82 193
82 199
82 201
82 209
82 220
82 222
82 225
82 233
82 251
82 266
82 277
82 280
82 284
82 289
82 295
82 303
82 304
82 315
82 320
82 335
82 342
82 352
82 354
82 360
82 361
82 363
82 376
82 379
82 389
82 394
82 404
83 1
83 6
83 12
83 30
83 50
83 51
83 54
83 55
83 58
83 59
83 62
84 4
84 6
84 16
84 48
84 60
84 122
84 125
84 132
84 147
84 153
84 156
84 162
84 175
84 178
84 179
84 183
84 185
84 187
85 6
85 7
85 10
85 12
85 25
85 40
85 47
85 51
85 61
85 62
85 73
85 81
85 82
85 85
85 86
85 101
85 109
86 3
86 4
86 24
86 26
86 27
86 31
86 47
86 88
86 90
86 91
86 93
86 98
87 6
87 139
87 142
87 150
87 282
87 286
88 11
88 20
88 23
88 25
88 36
88 43
88 44
89 4
89 11
89 19
89 40
89 42
89 45
89 50
89 58
89 63
89 66
89 68
89 73
89 84
89 86
89 89
89 96
89 106
89 108
89 113
89 118
90 1
90 8
90 13
90 20
90 31
90 32
91 5
91 9
91 10
91 14
91 15
91 21
91 25
91 29
91 36
91 43
91 49
91 50
91 60
92 3
93 17
93 20
94 9
94 21
94 27
94 32
94 48
94 50
94 53
94 87
94 89
94 91
94 95
94 96
94 107
94 111
94 120
95 4
95 5
95 28
95 116
95 117
95 121
95 123
95 131
95 141
