1 2
1 10
1 27
1 29
1 31
2 6
2 8
2 11
3 4
3 16
3 20
3 21
3 22
3 24
3 43
3 49
3 63
3 68
3 78
3 79
3 125
3 126
3 138
3 157
3 164
3 167
3 175
3 182
3 198
3 204
3 206
3 214
4 106
4 108
5 2
5 6
5 25
5 26
5 35
5 131
5 144
5 147
5 148
5 149
5 154
5 155
5 161
6 15
6 24
6 27
6 28
6 41
6 43
6 45
6 51
6 52
6 54
6 62
6 76
7 51
7 54
7 59
7 61
10 54
10 58
10 62
10 64
10 67
10 68
10 81
10 83
10 91
10 93
10 108
10 112
10 113
10 117
10 119
10 122
10 127
12 67
12 79
12 82
12 88
12 89
12 91
12 93
12 95
14 90
15 1
15 8
15 12
16 4
16 5
16 9
16 15
16 16
16 25
17 1
17 4
17 6
17 8
17 17
17 19
17 21
17 22
17 27
17 29
17 33
17 35
17 48
17 53
17 60
17 61
17 62
17 63
17 64
17 78
17 86
17 101
17 103
17 112
17 114
17 116
20 116
20 117
20 124
20 127
20 134
20 138
20 140
20 200
20 211
20 227
20 234
20 238
20 252
20 261
20 292
20 294
20 298
20 301
20 303
20 305
20 307
20 315
20 317
20 319
20 324
20 338
20 349
20 354
21 8
21 10
21 19
21 20
21 23
21 31
21 34
21 36
21 37
21 50
21 53
21 57
21 70
21 73
21 84
21 94
21 187
21 189
21 195
21 196
21 199
21 200
21 201
22 39
22 43
23 3
23 9
24 5
24 6
24 9
24 12
24 14
26 12
26 17
26 22
26 24
26 25
26 32
26 41
26 42
26 44
26 46
26 50
26 51
26 54
26 62
26 68
26 70
26 75
26 88
27 15
27 21
27 42
27 48
27 49
27 52
27 55
27 62
27 72
27 73
28 75
28 76
28 78
28 87
28 88
28 94
28 101
28 108
28 109
28 116
28 120
28 131
28 147
28 175
28 176
28 182
28 183
28 200
28 201
28 209
28 210
28 220
28 226
29 8
29 13
29 15
29 25
29 26
29 30
29 38
29 40
29 43
29 55
29 56
29 72
29 73
29 88
29 100
29 101
29 111
29 113
29 143
29 145
29 146
29 151
30 1
30 6
30 18
30 19
30 31
31 6
31 14
31 25
31 28
31 30
31 43
31 49
31 50
31 53
31 71
31 81
31 99
31 103
31 109
33 68
33 72
33 76
33 77
33 82
33 84
33 90
33 91
33 106
33 112
33 127
33 131
34 11
35 1
35 7
35 9
35 13
35 18
35 22
35 36
35 45
35 52
36 8
36 17
36 18
37 4
37 9
37 10
37 17
37 19
37 43
37 51
39 8
39 14
39 33
39 64
39 74
40 1
41 52
41 76
41 87
43 58
43 76
43 77
43 87
43 93
43 95
44 10
44 15
44 18
44 22
44 23
44 29
44 33
44 36
44 42
44 49
45 18
45 19
45 20
45 23
45 33
45 38
46 105
46 115
46 116
46 123
46 125
46 126
46 128
46 135
46 137
46 138
46 139
47 9
47 19
47 20
47 25
47 46
47 48
47 52
47 55
47 65
47 78
47 86
47 92
47 96
47 104
47 109
47 111
47 115
47 117
47 121
47 122
47 123
47 130
47 131
47 247
47 252
47 257
47 258
47 271
47 276
48 8
48 11
49 2
49 9
49 11
49 12
49 20
51 1
51 2
51 5
51 21
51 22
51 27
51 29
51 38
51 40
51 44
53 74
53 76
53 77
53 78
53 96
53 97
53 102
53 103
53 118
53 121
53 140
53 142
53 149
53 156
53 164
53 171
53 175
53 176
53 180
53 183
53 189
53 192
53 195
53 197
53 201
53 204
54 10
54 12
54 14
54 20
54 27
54 34
56 11
56 13
56 28
56 32
56 38
56 47
56 53
56 54
56 56
56 58
56 60
56 66
56 68
57 10
57 15
57 16
57 17
57 19
57 21
57 28
57 30
57 31
57 40
57 54
57 55
57 57
57 63
58 1
58 6
58 7
58 29
58 37
58 38
58 47
58 48
58 56
59 1
59 7
59 19
59 21
59 22
59 26
59 31
59 37
59 46
59 54
60 1
60 58
60 74
60 76
60 77
60 91
60 94
60 99
60 125
60 132
60 150
61 10
61 26
61 53
61 54
61 59
62 1
62 21
62 32
62 38
62 46
62 54
62 58
62 66
62 74
62 76
62 77
62 79
62 88
62 93
62 94
62 95
62 96
62 101
62 102
62 104
62 111
62 129
63 4
63 5
63 16
63 145
64 30
64 32
64 33
64 35
65 4
65 5
65 7
65 8
65 20
65 22
65 26
65 29
65 31
65 47
65 53
65 85
66 13
66 24
66 28
66 30
66 43
67 4
68 10
68 12
68 19
68 27
68 31
68 37
68 44
68 67
68 75
68 78
68 79
68 82
68 85
68 86
68 90
68 113
68 121
68 126
68 128
70 1
70 4
70 5
70 6
70 13
70 20
70 21
70 22
70 32
70 33
70 36
70 40
70 45
70 46
70 50
70 51
70 62
70 68
70 73
70 137
70 145
70 146
70 153
70 166
70 181
70 184
70 188
70 198
70 210
70 216
70 220
70 237
70 239
71 11
71 19
71 20
71 21
71 29
71 30
71 32
71 60
71 62
71 65
71 75
71 85
71 86
71 90
71 97
71 100
71 108
71 121
71 123
71 127
71 132
71 134
71 205
72 3
73 2
73 3
73 7
73 16
73 22
73 31
73 50
73 54
73 56
73 170
73 176
73 188
73 193
73 218
73 223
73 224
73 227
73 233
73 238
73 247
73 265
73 267
73 324
73 327
73 329
73 330
73 333
73 337
73 342
73 347
73 352
73 354
73 355
73 361
73 364
73 367
73 369
73 371
73 374
73 376
73 394
73 403
74 7
74 23
74 24
74 45
74 49
74 58
74 64
74 75
79 22
79 24
79 29
79 30
79 33
79 40
79 44
79 56
79 59
80 13
80 15
80 17
80 21
80 39
80 48
84 36
86 2
86 3
86 12
86 14
86 27
86 33
86 37
86 38
86 53
86 65
86 71
86 72
86 78
86 97
86 98
86 105
86 106
86 120
86 164
86 167
86 169
86 170
86 302
86 303
86 310
86 312
86 317
86 321
86 323
86 334
86 337
86 339
86 344
86 345
87 9
87 11
87 14
87 15
87 16
87 17
87 27
87 30
88 8
88 9
88 11
88 12
88 144
89 4
89 5
89 6
89 9
89 13
89 16
89 20
89 30
89 46
89 48
90 1
90 7
90 8
90 14
90 37
90 46
90 48
90 49
91 9
91 35
91 36
91 37
91 38
91 41
91 48
91 49
93 66
93 68
93 72
93 81
93 85
93 94
93 96
93 156
93 158
93 171
94 57
95 7
95 10
95 12
95 14
95 18
95 23
95 24
96 6
96 7
96 14
97 11
97 24
97 27
97 36
97 38
97 48
98 4
98 26
98 30
98 37
98 58
99 1
99 2
99 9
99 11
101 119
101 125
101 144
102 1
102 10
102 17
102 28
102 36
102 58
102 68
102 72
102 85
103 12
103 13
103 15
103 24
103 25
103 42
103 53
103 54
103 59
103 60
103 84
103 101
103 106
103 107
103 116
103 126
103 147
103 160
103 163
103 164
103 171
103 174
103 180
104 29
105 1
105 20
105 66
105 79
105 81
105 89
105 96
107 17
107 21
107 29
107 38
107 45
107 55
107 65
107 78
109 1
110 8
110 10
111 4
111 6
111 11
111 12
113 46
114 31
