1 2
1 10
1 11
1 13
1 15
1 59
1 60
1 75
1 78
1 80
1 82
1 87
1 94
1 96
1 101
1 105
1 106
1 111
1 118
1 127
1 132
2 1
2 3
2 5
2 10
2 18
2 27
2 39
2 44
2 58
2 64
2 67
2 93
2 103
2 116
2 125
2 129
2 132
2 142
2 144
2 148
2 153
2 170
2 177
2 184
2 187
2 192
2 199
2 201
2 204
2 212
2 215
2 216
2 221
2 222
2 225
2 236
2 245
2 247
2 250
2 252
3 4
3 8
3 17
4 20
4 24
4 28
4 29
4 39
4 47
4 51
4 55
4 56
4 67
4 69
4 72
4 73
4 76
5 89
5 94
5 99
5 100
5 105
6 3
6 14
6 57
6 58
7 11
7 12
7 22
7 23
7 32
7 47
9 37
9 38
9 39
9 46
9 52
9 54
9 59
9 69
9 74
9 75
9 77
9 78
9 84
9 87
9 153
9 165
9 167
9 169
9 170
9 185
9 189
9 194
9 196
9 202
10 19
10 24
10 34
10 38
10 39
10 48
10 60
10 71
10 75
10 76
10 78
10 79
10 84
10 87
11 17
11 148
11 151
12 15
14 45
14 46
14 53
14 54
14 58
14 60
14 66
15 72
15 73
15 83
15 90
15 93
15 96
15 110
15 111
15 125
15 134
15 140
15 143
15 158
15 161
15 170
15 174
15 175
15 181
15 190
15 196
15 198
15 199
15 209
15 212
15 217
15 238
15 381
15 383
15 391
15 392
16 108
16 118
16 123
16 126
16 127
16 128
16 130
16 134
16 140
17 4
17 7
17 15
17 20
17 22
17 26
17 28
17 30
17 176
17 177
17 179
17 180
19 12
19 14
19 15
19 19
20 6
20 12
20 14
20 20
20 22
20 26
20 27
20 54
20 69
20 70
20 74
20 79
20 80
20 83
20 88
20 93
20 94
21 29
21 37
21 52
21 65
21 74
21 77
22 2
22 13
22 17
22 24
22 25
22 36
22 40
22 44
22 54
22 74
22 77
22 92
22 100
22 105
22 109
22 114
22 120
22 143
22 147
22 149
22 158
22 159
22 162
23 4
23 7
23 14
24 3
24 20
24 22
24 23
24 28
24 30
24 35
24 46
24 53
25 1
25 7
25 10
25 13
25 15
25 25
25 76
25 77
26 19
26 29
26 31
26 36
26 52
26 53
26 54
26 59
26 63
26 67
26 68
26 73
27 6
27 11
27 12
27 18
27 27
27 33
27 36
27 38
27 45
27 46
27 50
27 57
27 59
28 5
28 6
28 13
28 72
28 77
28 85
28 89
29 2
29 11
29 16
34 14
34 16
35 6
35 10
35 16
35 26
35 27
35 30
35 32
35 36
35 37
35 38
35 39
36 22
36 29
36 43
36 44
36 50
36 73
36 91
36 103
36 107
36 108
36 123
36 126
36 132
36 133
36 136
36 137
36 141
36 143
36 149
37 6
37 8
37 10
37 14
37 15
37 38
37 53
37 61
37 63
38 3
38 9
38 33
39 5
39 7
39 14
39 16
39 22
39 27
39 37
39 57
39 59
39 64
39 71
39 75
39 79
40 6
40 16
40 24
40 25
40 45
40 64
40 72
40 76
40 80
40 91
42 109
42 110
42 115
42 132
43 46
43 47
44 1
44 8
44 9
44 16
44 17
44 18
44 20
44 21
45 2
45 17
45 21
45 39
45 47
45 50
45 56
45 57
45 65
45 84
45 95
45 96
46 4
46 5
46 8
46 16
46 17
46 26
47 3
47 7
47 10
47 14
47 15
47 18
47 25
47 34
47 59
47 61
47 70
47 86
48 124
48 126
48 147
48 150
48 153
48 168
48 171
48 173
49 6
49 27
49 29
49 31
49 32
49 38
49 41
49 42
49 44
49 47
49 57
49 62
49 64
49 67
49 70
49 91
50 1
50 5
50 8
50 10
50 11
50 12
50 17
50 22
50 24
50 38
50 48
50 59
50 62
50 68
50 101
50 106
50 114
51 4
51 11
51 15
51 21
51 26
51 37
54 3
54 11
54 27
54 32
54 33
54 36
54 39
54 49
54 57
54 70
54 71
54 76
54 83
55 19
55 20
55 21
55 24
55 25
55 35
55 43
55 45
55 53
55 61
55 63
55 64
55 79
55 80
55 81
55 83
55 91
55 100
55 101
55 105
55 108
55 111
55 113
55 120
55 125
55 128
55 138
55 144
55 147
55 152
55 154
55 206
55 217
55 221
55 223
55 225
55 240
56 11
56 30
56 31
56 39
56 45
56 52
56 58
56 62
56 65
56 68
56 69
56 92
56 96
56 99
57 21
57 22
57 32
57 35
57 40
57 45
57 47
57 69
57 74
59 35
59 36
59 37
59 38
59 39
59 40
59 43
59 47
59 48
61 37
61 45
61 50
61 53
61 57
61 66
61 69
61 75
61 90
61 92
61 97
61 104
61 118
63 3
63 12
63 63
63 67
63 68
63 69
63 71
63 73
63 85
63 90
63 94
63 98
63 100
63 101
63 104
63 113
63 115
63 120
63 132
63 136
63 140
63 142
63 147
63 148
63 152
64 74
64 77
64 85
65 6
66 77
66 79
66 80
67 6
67 7
67 14
67 19
67 28
67 32
67 34
67 37
67 47
68 1
69 6
69 7
69 10
69 13
69 16
69 18
69 23
69 34
69 42
69 46
69 50
69 55
69 56
69 59
69 60
69 63
69 64
69 65
69 69
69 78
69 84
69 92
69 98
70 3
70 9
70 13
70 15
71 27
71 36
71 38
71 41
71 46
71 56
71 57
71 68
71 76
71 89
71 90
71 99
71 120
72 13
72 17
72 32
72 34
72 37
72 42
72 62
73 1
73 6
73 7
73 8
73 14
73 22
73 29
73 30
73 37
73 40
73 50
73 52
73 54
73 57
73 67
73 68
73 83
73 85
73 86
73 91
73 106
73 108
73 114
73 124
73 126
73 128
73 133
73 143
73 153
73 155
73 156
73 162
73 166
73 177
73 184
73 189
73 326
73 328
73 331
73 332
73 334
73 346
74 1
74 6
74 7
74 12
74 15
74 18
74 21
74 31
74 32
74 33
74 36
74 38
74 39
74 43
75 3
75 4
75 6
75 12
75 13
75 15
75 18
75 44
75 45
76 8
76 14
76 15
76 20
76 24
76 138
76 141
76 160
76 167
76 175
76 179
76 184
76 188
76 200
76 213
76 214
76 221
76 224
76 225
76 227
76 230
76 233
76 239
77 91
77 95
77 101
77 103
77 106
77 107
77 110
77 119
77 132
77 136
77 138
77 139
77 146
77 147
77 155
77 158
77 175
77 177
78 2
78 12
78 15
78 18
78 26
78 37
78 170
78 173
78 178
78 179
79 6
79 13
79 19
79 24
79 32
79 37
79 41
80 8
80 10
80 16
80 19
80 22
81 1
81 14
81 29
81 39
81 45
81 48
81 50
81 55
82 1
82 2
82 8
82 18
82 20
82 27
82 32
82 33
82 36
82 38
82 43
82 59
82 62
82 64
82 70
82 71
82 111
82 112
82 113
82 117
82 125
82 130
82 133
82 137
82 142
82 144
83 2
83 7
83 12
83 27
83 42
84 9
84 11
84 18
84 19
84 23
84 25
84 36
84 45
84 48
84 52
84 53
84 84
84 85
84 91
84 92
85 22
85 24
85 26
85 32
85 55
85 63
85 70
85 80
85 96
85 100
85 103
85 109
85 110
85 113
85 116
85 122
85 133
85 135
85 136
85 140
85 148
85 164
85 172
85 175
85 178
85 188
85 328
85 344
85 345
85 347
85 348
85 350
85 352
85 354
85 362
85 363
85 372
85 375
85 376
85 378
85 380
85 382
85 388
85 389
85 394
85 397
85 400
85 403
85 407
85 416
85 417
85 420
85 421
85 423
85 425
85 434
85 437
85 452
85 453
85 461
85 466
85 471
85 475
85 477
85 478
85 482
85 483
85 490
85 515
85 516
85 523
86 1
86 9
86 10
86 35
86 40
86 43
86 45
87 3
87 5
88 2
88 5
88 9
88 11
88 13
88 18
89 63
89 65
89 66
89 73
89 78
89 80
89 81
89 86
89 95
89 96
89 106
89 119
89 120
89 130
89 162
89 180
89 189
89 191
89 194
89 206
89 212
89 213
89 216
89 220
89 231
89 233
89 239
89 248
89 272
89 276
89 283
89 292
91 56
91 60
91 63
91 65
92 2
93 5
93 13
93 14
93 17
93 31
93 35
93 37
93 57
93 173
94 9
94 11
94 12
94 25
94 42
94 44
94 46
94 79
94 81
94 84
95 3
