1 6
1 9
1 11
1 18
1 30
1 33
1 38
1 42
1 43
1 48
1 57
1 59
1 67
1 68
1 72
1 80
1 87
1 94
1 95
1 115
1 131
1 134
2 1
2 5
2 13
2 16
2 19
2 29
2 33
2 34
2 35
2 38
2 49
2 51
4 95
4 101
4 105
4 108
4 111
4 133
4 135
4 137
4 143
5 131
5 146
5 148
5 155
5 161
5 164
5 173
5 176
5 177
5 179
5 180
6 1
6 9
6 23
6 28
6 41
8 2
8 7
8 8
8 10
8 23
8 29
8 31
8 32
8 37
8 41
8 42
8 43
8 46
8 47
11 53
11 56
11 59
11 60
11 67
12 8
12 12
12 15
12 20
12 21
12 23
12 25
12 34
12 35
12 37
12 38
12 39
12 44
12 49
12 54
12 56
12 59
12 63
12 66
12 72
12 77
12 79
12 95
12 217
12 219
12 220
12 228
12 230
12 263
12 269
12 301
12 305
12 313
12 314
12 320
12 321
12 340
12 342
12 350
12 352
12 353
12 355
12 365
12 371
12 376
12 379
12 393
12 394
12 396
12 397
12 411
12 418
12 427
12 428
12 434
12 441
13 1
13 2
13 11
13 13
13 14
13 20
13 24
13 25
13 28
13 33
13 43
13 45
13 52
13 53
13 55
13 58
13 61
13 73
13 74
13 75
13 78
13 95
13 108
13 110
13 111
13 113
13 115
13 119
13 140
13 144
13 145
13 147
13 149
13 153
14 25
14 29
14 35
14 41
14 46
14 50
15 6
15 22
15 36
15 37
15 44
15 46
15 62
15 67
15 104
15 110
16 34
16 43
16 50
17 14
17 20
17 22
17 25
17 28
17 35
18 6
18 14
18 19
18 20
18 33
18 35
18 40
18 52
18 60
19 2
19 11
19 13
19 17
19 22
19 38
19 39
19 47
19 56
19 61
19 78
19 86
19 87
19 100
19 101
19 120
19 123
20 15
20 25
20 26
20 38
20 48
20 51
20 57
20 64
21 2
21 3
21 17
21 21
21 25
21 44
21 45
21 54
21 56
21 62
21 63
21 64
21 71
21 72
21 75
21 77
21 81
21 86
21 88
21 94
21 98
21 101
21 106
21 108
22 9
22 10
22 18
22 22
22 27
22 30
22 33
22 43
22 47
22 52
22 53
22 55
22 61
22 64
22 78
22 81
23 42
23 49
23 60
24 1
24 9
24 34
24 36
24 39
24 44
25 1
25 12
25 17
25 21
25 40
25 47
25 49
25 63
25 64
26 59
26 60
26 62
26 65
26 72
26 78
26 88
26 92
26 115
26 161
26 162
26 164
26 174
26 175
26 211
26 215
26 217
26 219
26 224
26 228
26 229
26 231
26 232
26 234
26 236
26 237
26 241
26 246
26 248
26 265
26 266
26 274
26 275
26 280
26 284
26 291
26 297
26 298
26 303
27 29
27 36
27 40
27 41
27 53
27 56
27 59
27 72
28 2
28 10
28 26
28 29
28 32
28 35
28 38
28 45
28 59
28 60
28 64
28 67
28 76
28 81
28 84
28 87
28 103
28 104
28 109
28 116
29 3
29 10
29 14
29 20
29 25
29 28
29 29
29 30
29 35
29 36
29 38
30 1
30 16
30 18
30 24
32 13
32 21
32 25
32 30
32 35
33 10
36 46
36 56
36 57
36 60
36 66
36 73
36 87
36 99
36 108
36 109
36 112
36 121
36 126
36 139
36 144
36 156
36 157
36 162
37 1
37 5
37 6
37 15
37 24
37 30
37 31
37 32
37 37
37 41
37 51
37 61
38 9
38 12
38 18
38 19
38 21
38 22
38 24
38 29
41 43
41 48
41 54
41 55
41 58
41 60
41 66
41 68
41 70
41 72
44 6
44 8
44 10
44 15
44 19
44 25
44 37
44 43
44 46
44 52
44 55
45 5
45 6
45 29
45 34
45 35
45 46
45 52
45 54
45 63
45 79
45 80
45 85
45 87
45 89
45 91
45 95
45 97
45 98
45 101
45 104
46 13
46 23
46 30
46 124
46 126
46 131
46 135
48 39
48 49
48 61
48 66
48 70
48 71
48 178
48 185
48 189
48 196
48 197
48 210
48 212
48 214
48 221
48 222
48 229
48 233
48 244
48 245
48 250
48 251
48 253
48 256
48 270
48 271
48 281
48 285
48 292
48 312
48 318
48 335
48 340
48 344
48 349
48 355
48 357
48 359
48 363
48 365
48 387
48 393
48 396
48 398
48 402
48 411
48 434
48 436
48 464
48 465
49 3
49 5
50 2
50 4
50 9
50 28
50 31
50 32
50 34
50 43
50 48
50 59
50 63
50 65
50 67
50 69
50 73
50 79
52 6
52 17
52 20
52 21
52 27
52 34
52 36
52 40
52 41
52 63
52 70
52 75
53 65
53 66
53 72
53 79
53 84
53 86
53 87
54 3
54 11
54 12
54 16
54 19
54 24
54 27
54 37
54 48
54 52
54 53
54 67
54 69
56 1
57 1
57 17
58 92
58 93
58 98
58 105
58 236
58 239
58 242
58 249
58 278
58 383
58 387
58 389
58 390
58 405
58 408
58 409
58 414
58 418
58 488
58 490
58 491
58 499
58 501
58 509
58 514
59 3
59 4
60 4
60 5
60 10
60 36
60 41
60 48
60 49
60 56
60 75
61 9
61 11
62 19
62 20
62 32
62 33
63 2
63 10
63 79
63 85
63 88
63 94
63 96
63 110
63 129
63 134
63 135
63 143
63 144
63 148
63 150
63 153
63 161
63 164
63 169
63 173
63 175
63 177
63 260
63 261
63 267
63 269
63 379
63 380
63 509
63 512
63 515
63 519
63 525
63 527
63 533
63 534
63 536
63 540
63 561
63 562
63 566
63 574
63 609
63 612
63 617
63 619
63 626
63 635
63 643
63 645
63 647
63 649
63 654
63 662
63 673
63 699
63 710
64 3
65 1
65 2
65 3
65 5
65 6
65 15
65 16
65 23
65 31
65 40
65 42
65 43
65 46
65 62
65 69
65 72
65 74
65 78
65 86
65 88
65 89
65 90
65 98
65 102
65 110
65 113
66 120
66 129
66 131
66 144
66 148
66 154
66 159
66 161
66 162
66 165
66 169
66 171
66 174
66 180
67 3
67 16
67 24
67 34
70 70
70 74
71 1
71 8
71 13
71 18
71 19
71 22
71 26
71 43
71 62
71 65
71 71
72 1
72 6
72 8
72 9
72 11
72 77
72 81
72 89
72 118
72 129
72 151
72 152
72 167
72 176
72 182
72 184
72 210
72 212
72 214
73 2
73 5
76 26
76 30
76 31
76 34
76 41
76 44
76 45
76 46
76 54
76 56
76 57
76 70
76 73
78 12
79 1
79 6
79 16
79 17
79 19
79 22
79 23
79 27
79 35
79 36
79 42
79 45
79 49
79 51
79 54
79 59
79 85
79 91
79 101
79 105
79 116
79 121
79 128
79 135
79 137
79 139
79 140
79 167
79 182
80 1
80 2
80 7
80 9
80 10
80 17
80 24
80 29
80 34
80 36
80 46
82 46
82 55
84 106
85 1
85 4
85 6
85 14
85 22
85 34
85 44
85 47
85 50
85 70
85 81
85 86
85 88
85 93
85 101
87 36
87 45
87 47
87 49
87 51
87 53
87 65
87 68
89 8
89 10
89 18
90 51
90 59
90 61
90 67
90 70
90 72
90 83
90 95
90 102
90 105
90 108
90 109
90 119
90 121
90 123
90 244
90 245
90 247
90 248
90 251
90 254
90 263
90 392
90 394
91 33
91 36
91 40
91 41
91 45
91 54
91 55
91 59
92 41
92 46
92 57
92 58
92 59
92 61
92 67
92 87
92 91
92 93
92 97
92 99
92 106
92 109
92 112
92 114
92 122
92 127
92 131
92 134
92 141
92 145
92 147
93 133
93 144
93 151
93 156
93 164
93 167
93 168
93 174
93 176
93 178
94 2
94 11
94 16
94 21
94 22
94 47
94 56
94 67
94 78
94 79
96 155
96 173
96 178
96 182
96 187
96 191
96 194
96 197
96 208
96 211
96 242
96 245
96 246
96 247
96 248
96 250
96 256
96 257
97 26
97 30
97 32
97 46
98 1
98 25
98 34
98 50
98 70
