1 14
1 15
1 34
1 38
1 44
1 59
1 63
1 66
1 67
1 69
2 5
3 20
3 32
3 33
3 43
3 46
4 79
4 80
4 88
4 97
4 107
5 1
5 12
5 16
5 25
5 28
5 30
5 31
5 36
5 39
5 40
5 42
5 43
5 52
5 54
5 57
5 58
5 62
5 70
5 73
5 181
5 188
5 198
5 201
5 215
5 231
5 240
5 256
5 272
5 274
5 281
5 282
5 284
5 295
5 296
5 301
5 302
5 303
5 312
5 323
5 329
5 331
5 333
5 346
5 349
6 3
6 16
7 22
7 29
7 33
7 38
7 42
8 1
8 11
8 16
8 21
8 31
8 38
8 41
8 48
8 58
8 69
8 79
8 80
8 94
8 115
8 120
8 127
8 133
8 165
8 172
8 173
8 174
8 178
8 181
8 198
8 199
8 213
9 8
9 10
9 13
9 35
10 72
10 74
11 1
12 27
12 28
12 31
12 165
12 168
12 189
12 195
12 197
12 207
14 14
14 16
14 18
14 20
14 30
14 40
14 42
15 2
15 3
15 10
15 15
15 17
15 19
15 23
15 31
15 33
15 34
15 38
16 11
17 9
17 13
17 14
17 28
17 36
17 37
17 39
17 40
18 1
19 14
19 19
19 30
19 35
19 36
19 43
19 52
19 56
19 78
19 79
19 83
21 2
21 6
21 8
21 16
21 17
21 23
21 25
23 9
23 12
23 26
23 27
23 51
23 61
24 87
24 118
24 124
24 131
24 140
24 150
24 151
24 171
24 173
25 11
25 14
25 15
25 24
26 2
26 5
26 8
26 9
26 15
27 40
27 42
27 50
28 2
28 11
29 1
29 9
29 21
29 22
29 23
29 25
29 30
29 37
29 40
29 44
29 46
29 58
29 60
29 62
29 73
30 1
30 11
31 6
31 27
31 44
31 45
31 47
32 8
32 30
32 33
32 35
32 38
32 46
32 49
32 57
32 59
32 68
32 71
33 88
33 98
33 100
33 105
33 110
33 114
33 115
33 116
33 118
33 121
33 131
33 133
33 139
33 141
33 145
33 153
33 154
33 156
33 157
33 164
34 2
34 3
34 10
34 13
34 150
34 152
34 204
34 205
34 207
34 218
34 220
34 224
34 228
34 229
34 234
34 240
34 244
34 246
34 252
36 7
36 9
36 10
36 11
36 13
36 16
36 27
37 7
37 10
37 14
37 25
37 27
37 28
37 32
37 34
37 43
37 54
37 58
37 61
37 67
37 77
37 78
37 150
37 152
37 153
37 155
37 161
37 164
37 165
37 174
37 180
37 197
37 203
37 204
37 214
37 219
37 230
37 239
37 242
37 253
37 309
37 311
37 313
37 317
37 326
37 335
37 338
37 341
37 350
37 352
37 354
37 360
37 361
37 369
37 371
37 378
37 380
37 388
37 400
38 5
38 11
38 16
38 18
38 23
38 33
38 35
38 39
38 43
38 44
38 51
38 53
38 63
38 65
38 70
38 72
38 81
38 83
38 84
39 7
39 23
40 3
40 4
40 6
40 15
40 18
40 41
40 50
40 51
41 1
41 2
41 9
41 12
41 13
41 26
41 35
41 47
41 49
41 55
41 61
41 62
41 66
41 67
41 72
41 79
41 150
41 152
41 173
41 174
41 178
41 180
41 181
41 182
42 68
42 71
43 6
43 7
43 10
43 23
43 27
43 36
43 38
44 5
44 7
44 12
44 19
44 24
44 36
44 40
44 45
44 46
47 50
49 1
49 15
49 16
49 22
49 25
49 31
49 38
49 42
49 46
49 50
49 51
49 60
49 61
49 67
49 71
49 73
49 76
49 79
49 83
49 85
49 90
49 97
49 98
49 105
49 115
49 126
49 129
49 136
49 149
49 153
49 155
49 156
49 157
49 174
49 191
49 194
49 195
49 218
49 224
49 233
50 51
50 54
50 55
50 61
50 75
50 76
50 81
50 83
50 86
50 101
50 113
50 116
50 133
50 134
50 136
50 140
50 151
50 152
50 155
50 158
50 159
50 160
50 164
50 166
50 168
50 183
50 203
51 5
51 7
51 11
51 24
51 28
51 29
52 4
53 9
53 13
53 17
53 35
53 36
53 40
53 46
53 52
53 54
53 57
53 58
53 74
53 79
53 80
54 9
54 13
54 20
54 23
55 21
55 25
55 26
55 29
55 31
55 41
55 42
55 55
55 58
55 60
55 65
55 66
55 71
55 72
55 74
55 79
55 82
55 91
55 95
55 98
55 106
55 109
55 116
55 119
55 136
55 137
57 2
57 4
57 9
57 10
57 11
58 47
58 56
58 71
58 85
58 91
58 92
58 95
58 100
58 104
58 106
58 116
58 130
58 134
58 139
58 152
58 167
59 19
59 24
59 29
59 30
59 31
59 33
59 41
59 44
59 57
59 60
59 65
60 1
60 2
60 4
60 6
60 25
60 27
60 28
60 30
60 31
60 44
60 48
60 51
60 52
60 54
60 55
60 59
60 62
60 63
60 67
60 75
60 90
60 92
60 100
62 7
62 9
62 10
62 16
62 22
62 40
62 47
62 64
62 65
62 66
62 68
63 10
63 29
63 31
63 33
63 53
63 54
63 62
64 20
64 21
64 37
64 39
64 42
64 44
64 45
64 46
64 49
64 53
64 61
64 71
64 79
64 85
64 89
64 90
64 96
64 99
64 103
64 106
64 108
65 17
65 33
65 34
65 46
65 48
65 54
65 83
65 84
65 90
65 95
65 104
65 106
65 111
65 113
65 117
65 133
65 136
65 151
65 188
65 189
65 195
65 204
65 215
66 22
66 27
66 53
66 54
67 4
67 13
67 43
67 45
67 53
67 54
69 10
69 13
69 14
69 21
69 29
69 39
69 56
69 63
69 68
69 75
69 85
70 14
70 33
70 36
70 37
70 42
70 50
70 51
70 53
70 121
70 157
70 165
70 169
70 171
70 176
70 184
70 193
70 208
70 216
70 226
70 229
70 230
70 232
70 243
70 253
70 261
70 266
70 269
70 275
70 276
70 292
70 295
70 301
70 306
70 307
70 309
70 314
71 2
71 17
71 28
71 32
71 34
71 35
71 48
71 51
71 52
71 82
71 88
71 89
71 91
71 98
71 112
71 117
71 118
71 129
71 132
71 151
71 157
73 1
73 3
73 13
73 15
73 16
73 18
73 20
73 33
73 35
73 48
73 60
73 77
73 83
73 84
73 92
73 95
73 98
73 99
73 103
73 108
73 135
73 137
73 138
73 140
73 150
73 174
73 177
73 185
73 187
73 193
73 196
73 202
73 213
74 32
74 41
74 45
74 67
74 69
74 70
74 78
74 85
74 86
74 89
74 100
74 107
74 108
74 114
74 122
74 125
74 127
74 168
75 5
75 17
75 27
75 31
75 38
75 40
75 41
75 46
75 49
75 62
75 64
75 66
75 68
76 5
76 8
76 26
76 28
76 67
76 75
76 76
76 77
77 21
77 22
77 32
77 36
77 39
77 96
77 154
77 158
77 169
77 188
77 199
77 203
77 213
78 1
78 12
78 21
78 25
78 29
78 36
78 168
78 171
78 173
78 180
78 184
78 192
79 12
79 14
79 15
79 22
79 23
79 26
79 38
79 48
79 56
79 64
81 4
81 5
81 11
81 12
81 15
81 31
81 36
81 65
83 14
83 16
83 21
83 31
83 41
83 45
83 48
83 55
83 62
83 73
83 74
83 86
83 94
83 99
83 101
83 108
83 120
83 134
83 153
83 163
83 182
83 187
83 190
83 191
83 199
83 207
83 214
83 230
83 235
83 236
83 246
83 248
83 261
83 269
83 271
83 281
83 285
83 286
83 288
83 293
83 295
83 301
83 302
83 314
83 316
83 330
83 341
83 350
83 356
83 366
83 368
83 371
83 373
83 391
83 403
83 406
85 140
85 153
85 171
85 172
85 181
85 212
85 223
85 241
85 246
85 248
85 256
85 258
85 265
85 272
85 273
85 275
85 292
85 298
85 318
85 320
85 323
85 335
86 12
86 13
86 23
86 24
86 35
86 37
86 44
86 46
87 14
87 24
87 26
87 35
87 36
87 40
89 39
90 8
90 10
90 20
90 22
90 25
90 40
90 43
90 44
90 59
90 63
90 75
90 80
91 3
92 15
92 18
92 22
92 32
92 34
94 1
94 18
94 21
95 1
95 12
95 19
95 40
95 47
95 50
95 52
95 58
95 59
95 65
95 71
95 81
95 85
95 86
95 100
95 104
95 112
95 114
95 119
95 120
95 121
95 127
95 130
95 134
95 136
95 155
95 161
96 82
96 83
97 7
97 76
97 82
97 84
97 88
97 89
97 91
98 18
98 23
