1 4
4 60
4 62
4 65
4 67
4 69
4 75
4 77
4 84
4 85
4 87
4 95
4 102
4 103
4 106
4 110
6 63
6 74
6 76
6 84
6 85
6 93
6 94
6 111
6 134
6 136
6 137
7 122
8 1
8 9
8 11
8 37
8 41
8 62
8 63
8 65
8 69
8 83
8 91
8 94
8 98
8 107
8 110
8 113
8 115
8 121
8 124
8 135
8 136
8 145
8 153
8 162
8 164
8 168
8 176
8 185
8 187
9 13
9 18
9 22
9 27
9 34
9 35
9 43
9 54
10 3
10 12
10 31
10 41
10 43
10 50
10 185
11 4
11 5
13 2
13 3
13 13
13 15
13 25
13 37
13 38
13 40
13 43
13 44
13 55
13 56
13 60
13 63
15 13
16 4
16 12
16 20
16 22
17 89
17 92
17 94
17 108
17 109
17 111
17 147
17 148
17 151
18 30
18 40
18 59
18 68
18 69
18 80
18 91
18 111
18 116
18 126
18 134
18 137
18 146
18 150
18 167
18 168
18 171
18 172
18 174
18 175
18 181
18 186
18 191
18 193
19 9
19 13
19 16
19 23
19 28
19 33
19 34
19 48
19 68
19 69
19 71
19 72
19 75
19 77
19 89
19 95
19 97
19 100
19 101
19 103
19 109
22 8
22 16
22 21
22 29
22 31
22 32
22 40
22 45
22 180
22 181
22 188
22 191
22 197
22 213
22 214
22 215
22 222
22 236
22 239
22 240
22 241
22 261
22 263
22 269
22 278
22 287
23 6
23 9
23 25
23 29
23 30
23 40
23 45
23 63
23 64
23 65
23 69
23 74
23 100
23 103
23 107
23 114
23 115
23 120
23 121
23 138
23 147
23 150
23 167
23 168
23 169
24 7
24 11
24 13
24 14
24 25
24 31
24 44
24 68
24 83
24 86
24 88
24 131
24 139
24 146
24 147
24 151
24 159
24 166
25 5
25 12
25 16
25 25
25 29
25 33
25 37
25 40
26 1
26 14
26 21
26 26
26 27
26 31
26 39
26 45
26 47
26 49
26 65
26 84
26 87
26 90
26 97
26 98
26 101
26 145
26 147
26 151
26 152
26 160
26 164
26 180
26 184
27 2
27 16
27 23
28 1
28 6
28 7
28 12
28 13
28 16
28 20
28 21
28 22
28 65
28 68
28 70
28 71
29 13
29 16
29 28
29 31
29 37
29 40
29 47
29 86
29 95
29 103
29 106
29 111
29 123
29 125
29 126
29 137
29 157
29 163
29 164
29 165
29 169
29 170
29 181
29 199
29 201
29 202
29 205
29 213
29 224
29 226
29 227
29 240
29 254
29 260
29 270
29 273
29 286
29 287
29 288
29 295
29 301
29 302
29 311
29 320
29 325
29 326
29 328
29 330
29 338
29 347
29 352
29 368
29 373
29 381
29 382
29 390
29 394
29 395
29 400
29 405
30 1
30 3
30 6
30 138
30 140
30 148
30 150
30 163
30 168
30 173
30 174
30 175
30 179
30 180
30 183
30 187
30 192
30 199
30 204
30 206
30 211
30 213
30 216
30 218
30 228
30 233
30 248
30 250
30 261
30 267
30 280
30 284
30 340
30 341
30 351
30 363
30 364
30 367
30 371
30 372
30 381
30 383
30 384
30 388
30 391
30 392
30 394
30 399
30 402
30 446
30 450
30 451
30 454
30 459
30 460
30 464
30 468
31 137
31 142
31 151
31 153
31 158
31 163
31 164
32 2
32 5
32 8
32 12
32 18
33 89
33 91
33 92
33 102
33 103
33 106
34 7
34 8
36 61
36 73
36 75
36 76
36 79
36 81
36 97
36 108
36 125
36 128
36 130
36 133
36 228
36 234
36 240
36 243
36 251
36 252
36 255
36 259
36 262
36 284
36 291
36 299
36 304
37 97
37 102
37 106
37 107
37 118
37 126
37 146
37 157
37 160
37 191
37 194
37 197
37 198
39 3
39 5
39 7
39 10
39 11
40 47
40 49
40 124
40 198
41 2
42 8
42 17
42 19
43 2
43 3
43 8
43 12
43 19
43 37
43 40
43 42
43 45
43 47
44 1
44 5
44 11
44 15
44 40
44 44
44 53
44 56
44 60
44 64
45 5
45 6
45 10
46 2
47 3
47 6
47 7
47 8
47 25
47 39
47 43
47 46
47 53
47 56
48 2
48 8
48 21
48 29
48 34
48 36
48 37
48 40
48 41
49 5
49 10
49 23
49 38
49 49
49 51
49 55
49 59
49 60
49 69
49 71
49 77
49 91
49 98
49 105
49 112
49 119
49 120
49 125
49 127
49 131
49 132
49 165
49 182
49 232
49 240
49 243
50 47
50 54
50 57
50 58
50 60
50 64
50 69
50 71
50 93
50 96
50 99
50 111
50 115
50 144
50 152
50 156
51 5
51 16
51 17
51 20
51 22
51 27
51 34
51 37
53 41
53 49
55 26
55 28
55 32
55 34
55 35
55 40
55 45
56 6
56 15
56 18
56 20
56 30
56 42
56 47
56 51
56 54
56 61
56 65
56 108
57 5
57 9
58 114
58 115
58 126
58 135
58 136
58 137
58 138
59 2
59 12
59 18
59 20
59 35
59 41
59 45
59 57
59 58
59 64
59 67
59 73
59 74
59 77
59 85
59 87
59 94
59 99
59 102
59 103
59 107
59 108
59 110
59 115
59 121
60 5
60 13
60 23
60 37
60 54
60 67
60 76
60 80
60 85
60 87
60 101
60 118
60 121
60 128
60 133
60 152
62 91
62 92
62 101
62 104
62 106
62 109
62 126
62 128
62 130
62 132
63 1
63 5
63 7
63 16
63 20
63 25
63 26
63 32
63 38
63 41
64 1
64 11
64 14
64 19
64 25
64 49
64 51
64 54
64 55
64 56
64 59
64 62
64 70
64 71
64 74
64 77
65 19
65 34
65 38
65 40
65 46
65 57
66 5
66 12
67 2
67 7
67 9
67 12
67 14
67 17
67 27
67 29
67 32
67 33
67 39
67 40
67 41
67 43
68 1
68 8
68 11
68 13
68 17
68 26
68 34
68 49
68 50
68 63
68 76
68 78
68 90
68 93
68 98
68 100
68 103
68 104
68 128
68 134
68 137
68 160
68 161
68 163
68 164
68 166
68 186
71 18
71 30
71 32
71 34
71 42
71 44
71 53
71 66
71 78
71 79
71 82
71 93
71 101
71 104
71 115
71 125
71 127
71 128
71 142
71 144
71 145
71 147
71 149
71 150
71 151
73 21
73 26
73 34
73 37
73 38
74 1
74 3
74 13
74 15
74 17
74 18
74 27
74 29
74 37
74 38
74 48
74 49
77 2
78 69
78 72
78 85
78 87
78 92
78 93
78 95
78 97
78 107
78 113
78 119
78 127
79 10
79 22
79 24
79 35
79 37
80 104
80 119
80 124
80 125
80 132
80 151
80 164
80 167
80 187
80 189
80 190
80 204
80 272
80 273
80 297
80 298
81 3
81 9
81 15
81 19
81 27
81 31
81 34
81 45
81 47
81 54
81 56
81 57
81 68
81 168
81 174
81 175
81 185
81 195
81 196
81 200
81 201
81 204
81 214
81 232
81 236
81 250
83 3
83 4
83 10
83 12
83 17
83 25
83 43
83 45
83 48
83 50
83 51
83 59
83 62
83 66
83 78
83 122
83 128
83 140
83 147
83 153
83 164
84 7
84 13
84 21
84 32
84 33
84 36
84 52
84 56
84 68
84 73
84 98
84 103
84 108
85 73
85 81
85 87
85 142
85 147
85 152
85 153
85 154
85 165
85 166
85 175
85 190
85 194
85 197
85 198
85 205
85 211
85 216
85 223
85 227
85 228
85 290
85 295
85 296
85 297
85 303
85 307
85 309
85 314
86 1
86 9
86 10
86 21
86 23
87 1
87 3
87 8
87 14
87 24
87 33
87 36
87 37
87 66
87 67
87 70
87 74
87 90
87 91
87 93
87 94
87 102
87 107
87 109
88 9
88 14
88 15
88 16
88 20
88 23
88 33
88 47
88 54
88 56
88 58
88 59
88 65
88 74
88 75
88 76
88 81
88 93
88 108
88 109
88 119
88 121
88 123
88 124
88 131
88 137
88 142
88 143
88 146
88 148
88 150
88 153
89 7
89 12
89 15
89 40
89 41
89 43
89 44
89 45
89 53
89 57
89 58
89 59
89 60
89 64
89 74
89 76
89 79
91 3
91 7
91 9
91 12
91 13
91 17
91 25
91 26
91 27
91 34
91 46
91 48
91 51
91 52
91 53
91 54
91 76
91 77
91 94
92 5
92 7
92 8
92 35
92 37
