1 8
1 9
2 8
2 13
2 28
3 1
3 4
3 5
3 14
3 15
3 21
3 27
3 33
3 34
3 42
3 44
3 54
3 58
4 2
4 10
4 17
4 24
4 27
5 62
5 72
5 73
5 86
5 91
5 92
5 101
5 104
5 111
5 112
5 123
5 124
5 131
5 150
5 154
5 155
5 178
5 183
6 121
6 147
6 158
6 164
6 167
6 169
6 172
6 179
6 180
6 185
6 189
6 198
6 202
6 203
6 210
6 218
6 281
6 298
6 302
6 305
6 307
6 309
6 313
6 323
6 327
6 334
6 336
6 339
6 355
6 362
6 365
6 376
6 383
6 392
7 11
7 12
8 4
8 13
9 5
9 8
9 23
9 79
9 88
9 89
9 95
9 96
10 7
10 9
10 18
10 21
10 24
10 25
10 39
12 67
12 70
12 72
12 79
12 89
12 96
12 98
12 106
12 110
12 123
12 124
12 127
12 131
12 132
12 137
12 143
12 152
12 153
12 154
12 157
12 166
12 169
12 171
12 172
12 176
12 179
12 182
12 193
12 202
12 208
12 285
12 288
12 296
12 307
12 308
12 315
12 316
12 328
12 332
12 333
12 406
12 471
12 490
12 501
12 510
12 521
12 528
12 534
13 6
16 28
16 36
16 43
16 53
16 62
16 75
18 13
18 14
18 24
18 28
18 43
18 47
18 53
19 3
19 10
19 14
19 21
19 26
20 3
20 15
20 21
20 24
20 25
20 30
20 32
20 35
20 57
20 65
20 70
20 73
20 89
20 90
20 91
20 94
20 99
20 101
20 110
20 111
20 114
20 116
20 117
20 118
20 123
20 128
21 1
21 5
21 6
21 10
21 15
21 16
21 18
21 20
21 22
21 32
21 38
21 46
21 47
21 52
21 62
21 63
21 66
21 76
21 86
21 87
21 91
21 94
21 96
22 23
22 31
22 45
22 46
22 59
23 8
23 9
23 14
23 15
23 18
23 20
23 23
23 36
23 40
24 114
24 115
24 126
24 137
24 138
25 1
25 16
26 56
26 57
26 63
26 69
26 71
26 79
26 80
27 13
27 17
27 19
27 21
27 22
27 43
27 53
27 59
27 65
27 105
27 113
27 121
27 126
27 134
27 142
27 147
27 148
27 158
28 1
28 13
28 21
28 23
28 30
28 31
28 38
30 81
30 82
30 91
30 94
30 96
30 113
30 126
30 131
30 138
30 139
30 140
30 142
30 153
30 154
31 30
31 32
31 34
32 1
32 2
32 9
32 42
32 49
32 59
32 60
32 67
32 78
32 80
33 6
33 9
34 14
34 29
34 34
34 41
34 42
34 43
34 45
34 51
34 53
34 56
34 64
34 65
34 66
34 71
34 72
35 14
35 20
35 21
35 43
35 44
35 45
35 50
35 66
37 64
37 65
37 196
37 199
37 209
37 210
38 3
38 13
38 14
38 16
38 34
38 39
38 42
38 132
38 135
38 137
39 12
39 16
40 4
40 14
40 15
40 17
40 27
41 3
41 5
42 12
42 14
42 19
43 6
44 6
44 15
44 23
45 11
45 18
45 27
45 37
45 42
45 45
45 48
45 50
45 51
45 56
46 39
46 45
46 51
46 53
46 59
46 79
46 83
46 84
46 85
46 86
46 130
46 133
46 134
48 72
48 79
48 85
48 89
48 91
48 94
48 98
48 101
48 103
48 131
48 133
48 152
48 158
49 5
49 10
49 12
49 15
49 16
49 21
49 28
49 47
49 48
50 1
50 3
50 13
50 15
50 18
50 22
50 30
50 37
50 54
50 55
50 232
50 249
50 251
50 282
50 284
50 286
50 288
50 289
50 298
50 304
51 47
51 59
51 65
51 80
51 81
51 83
51 87
52 1
52 12
52 14
52 21
53 15
53 24
53 34
54 26
54 28
54 37
54 38
58 28
58 36
59 10
59 23
59 24
59 28
59 36
59 38
59 45
59 61
59 75
59 76
59 77
59 79
60 7
60 11
60 14
60 19
60 33
60 41
60 43
60 45
60 47
60 50
60 57
60 60
60 63
60 71
60 74
60 77
60 80
60 83
60 84
60 87
60 92
61 27
61 34
61 35
61 40
63 25
66 20
66 24
66 31
66 36
66 41
68 7
68 14
68 15
68 20
68 26
68 31
68 34
68 38
68 42
68 43
68 50
69 109
69 115
71 108
71 110
71 116
71 127
71 130
71 188
71 195
71 198
71 199
71 201
71 204
71 214
72 16
72 21
72 22
72 26
72 27
72 28
74 22
74 23
74 29
74 30
74 32
74 33
74 38
74 42
74 83
76 4
76 5
76 10
76 13
76 19
76 21
76 23
76 24
76 27
76 30
76 31
76 33
76 166
76 167
76 176
76 180
76 181
76 185
76 191
76 194
76 195
76 196
76 209
76 211
77 2
77 7
77 11
77 13
77 17
77 29
77 32
77 35
77 37
77 43
81 11
81 13
81 15
81 18
82 60
82 64
83 12
83 23
83 30
84 1
84 9
84 10
84 16
84 35
84 36
84 45
85 1
85 8
85 14
85 19
85 27
85 41
86 1
86 4
86 20
86 29
86 40
86 44
86 46
87 1
87 4
87 17
87 19
87 21
87 22
87 25
87 26
87 27
87 29
87 40
87 43
87 47
87 52
87 53
87 54
87 56
87 70
88 2
88 9
88 11
88 20
88 27
88 32
88 37
88 40
88 41
89 3
90 1
90 27
90 31
91 11
91 17
91 20
91 24
91 38
91 39
92 11
92 15
92 24
93 6
93 10
93 24
93 25
93 34
93 36
93 37
93 38
93 47
93 50
95 22
95 28
95 30
95 31
95 40
95 52
95 57
95 64
95 67
96 140
96 143
96 149
96 167
96 171
96 183
96 184
96 187
98 28
98 30
98 36
98 41
98 44
100 3
100 9
100 10
100 12
100 14
100 17
100 18
100 21
100 24
100 25
100 26
100 29
100 32
101 2
101 7
101 10
101 19
101 27
101 28
101 30
101 34
101 39
101 44
101 50
101 51
101 57
102 6
102 11
102 15
102 26
102 27
102 50
102 52
102 56
103 14
103 22
106 20
106 21
106 22
106 25
107 1
107 2
107 12
107 14
107 15
107 16
108 5
108 8
109 10
109 22
109 24
109 25
109 26
109 34
109 40
109 41
109 55
109 104
109 179
109 241
109 266
109 269
110 12
110 15
110 16
110 20
110 23
110 24
110 27
110 29
110 129
110 133
110 143
110 154
110 156
110 161
110 162
110 168
110 173
110 175
110 182
110 191
110 196
110 201
111 1
114 17
114 19
114 24
114 33
114 35
114 42
114 45
114 50
115 106
115 112
115 122
115 183
115 216
115 234
115 236
115 247
115 250
115 251
115 255
116 2
116 12
116 19
116 26
116 33
117 46
117 49
117 53
117 74
117 78
119 56
119 138
119 145
119 147
119 148
119 152
119 157
119 161
119 165
119 166
119 197
119 204
119 207
119 209
119 213
119 222
