1 8
1 12
2 5
3 7
3 11
3 15
3 21
3 25
3 26
3 33
3 39
3 48
3 49
3 52
3 54
3 66
3 67
3 73
3 86
3 94
3 95
3 102
3 104
3 137
3 148
3 156
3 168
3 214
3 215
3 218
4 1
4 3
4 7
4 77
4 83
4 88
5 3
5 10
5 13
5 21
5 27
5 48
5 61
5 64
5 66
5 68
5 70
5 72
5 74
5 81
7 35
7 47
7 50
7 60
7 75
7 79
8 122
8 124
9 2
9 16
9 21
9 24
9 27
9 41
9 43
9 49
9 51
9 57
9 58
9 59
9 62
9 70
9 73
9 78
9 90
9 107
9 125
9 126
9 131
9 132
9 133
9 135
9 137
9 140
9 144
9 160
9 169
9 176
9 180
9 182
13 16
13 18
13 20
13 30
13 53
13 54
13 59
13 72
13 82
13 86
13 88
14 2
14 10
14 22
14 24
14 26
14 30
14 32
14 39
14 41
14 49
14 60
14 62
15 106
15 114
15 115
15 123
15 124
15 127
15 130
15 135
15 142
15 143
15 148
15 149
16 2
16 16
16 25
16 26
16 33
17 14
17 15
17 20
17 24
17 32
17 41
18 4
18 6
18 10
18 15
18 19
18 49
18 65
18 67
18 71
18 77
18 78
18 85
18 88
18 90
18 108
18 118
18 120
19 16
19 19
19 26
19 28
19 36
19 38
19 47
19 56
19 65
20 3
20 4
20 18
20 20
20 25
20 32
20 35
20 42
20 44
20 59
21 1
21 11
21 17
21 19
21 25
21 30
21 33
21 53
21 60
23 14
23 16
23 18
23 21
23 41
23 42
24 43
24 45
25 2
25 3
25 5
25 16
25 19
25 22
25 45
25 48
25 55
25 56
25 62
25 64
25 65
25 75
25 81
25 92
25 102
25 104
26 109
26 112
26 124
26 130
26 131
26 134
26 136
26 143
26 153
26 154
26 161
26 163
26 164
26 166
27 4
27 9
27 13
27 14
27 16
27 21
27 33
27 36
27 37
27 44
27 45
27 51
27 63
27 72
28 7
28 8
28 9
28 141
29 82
29 83
29 84
29 125
29 130
29 133
29 140
29 143
29 147
29 148
29 150
29 151
29 156
29 158
29 163
29 165
29 167
29 298
29 307
29 314
30 8
30 16
30 30
30 33
30 36
32 40
32 46
32 53
32 125
32 131
32 134
32 136
32 144
32 146
32 157
32 162
32 173
32 197
32 210
32 215
32 226
32 229
32 265
32 268
32 271
32 277
32 282
32 287
32 289
32 292
34 44
34 45
35 10
35 21
35 28
35 30
35 32
35 34
35 35
35 38
35 40
35 43
35 52
35 57
35 59
35 68
36 2
36 13
36 25
36 42
36 48
36 49
36 55
36 58
36 61
36 64
36 66
36 67
36 71
36 72
38 26
38 35
38 42
38 51
38 54
38 82
38 95
39 1
39 6
39 11
39 12
39 14
39 16
39 18
39 28
39 31
40 14
40 25
40 30
40 31
40 32
40 40
40 45
40 46
40 48
40 53
40 56
40 59
40 62
40 66
40 67
40 76
40 80
40 90
40 95
40 139
41 2
41 24
41 27
41 30
41 32
41 47
41 54
41 55
41 58
41 61
41 73
41 97
41 121
41 137
41 138
41 145
41 153
42 1
42 3
42 7
42 20
42 23
42 29
42 69
42 73
42 88
42 93
42 95
42 100
42 108
42 120
42 133
42 136
42 145
42 148
42 150
43 5
44 1
44 3
44 17
44 23
44 30
44 32
44 35
44 38
45 7
45 13
45 14
45 15
45 22
45 23
45 27
45 33
45 34
45 44
45 46
45 49
45 55
45 60
45 61
45 62
45 76
45 77
45 85
45 86
45 110
45 112
46 6
46 7
46 9
46 10
46 15
46 16
46 19
46 21
46 27
46 29
46 70
47 2
47 14
47 16
47 21
47 29
47 30
47 33
47 38
48 13
48 15
48 16
48 21
48 22
48 27
48 43
49 87
49 90
49 93
49 110
49 113
49 130
49 131
49 143
49 148
49 150
49 156
49 159
49 160
49 169
49 170
49 175
49 176
49 184
49 188
49 190
49 194
49 200
49 230
49 232
49 243
49 246
49 250
49 253
50 1
50 133
51 1
51 10
51 12
51 17
51 21
51 30
51 41
51 44
51 67
51 69
52 1
52 8
52 10
52 11
52 21
52 27
52 102
53 13
53 18
53 19
53 35
53 43
53 54
53 57
53 59
53 63
53 67
53 68
53 72
53 77
53 80
53 81
53 84
53 87
53 102
53 103
53 110
53 116
53 117
53 121
53 139
53 145
53 150
54 7
54 9
54 28
54 32
54 34
56 1
56 6
56 21
59 13
59 19
59 20
59 35
59 37
62 25
64 19
64 29
64 30
64 39
64 42
64 52
64 58
64 65
64 69
64 70
64 73
64 87
64 89
64 103
64 106
64 110
64 111
64 118
64 122
64 123
64 132
64 139
64 141
64 144
64 149
64 151
64 166
64 169
64 171
64 176
64 178
64 184
64 185
65 6
65 11
65 14
65 15
65 20
65 23
65 24
65 32
65 41
65 49
67 3
68 1
68 3
68 4
68 7
68 8
68 49
68 50
68 52
68 98
68 99
68 103
68 104
68 106
68 107
68 117
69 1
69 4
69 134
69 135
70 7
70 10
70 19
70 21
70 30
70 36
70 43
70 44
70 45
70 53
70 55
70 62
70 70
70 81
70 84
70 94
70 99
70 109
70 114
71 14
71 16
71 24
71 30
71 31
71 32
71 35
71 41
71 48
71 55
71 58
71 66
71 68
71 82
71 83
71 100
71 104
71 110
71 119
71 130
71 131
71 132
71 134
71 135
71 157
71 158
71 168
71 172
71 173
72 4
72 5
72 7
72 9
72 11
72 19
72 25
72 26
72 37
72 40
72 47
72 63
72 87
73 77
73 78
73 87
73 88
73 90
73 101
73 112
73 115
73 121
73 123
73 125
73 126
73 133
73 134
73 135
74 5
74 8
74 9
74 12
74 14
74 16
74 22
74 28
74 32
74 43
74 44
74 50
74 54
74 56
74 61
74 64
74 75
74 77
74 78
74 80
74 81
74 83
74 88
75 5
75 11
75 12
75 13
75 14
75 15
75 20
75 24
75 29
75 30
76 33
76 35
76 40
76 49
76 63
76 64
76 69
76 72
76 73
76 75
76 79
76 80
76 84
76 89
76 98
76 99
76 100
76 109
76 114
76 117
76 118
76 121
76 127
76 129
76 132
76 135
76 137
76 140
76 143
76 145
76 146
76 150
76 152
76 153
76 165
77 22
77 23
77 30
77 33
77 36
77 39
77 40
77 50
77 54
77 57
77 73
77 77
77 80
77 88
77 89
77 106
78 9
78 10
78 12
78 14
79 2
79 18
79 21
79 25
79 30
79 38
79 52
79 63
79 65
79 70
79 77
79 93
79 95
79 97
79 99
79 101
79 106
79 112
79 125
80 2
80 15
80 17
80 19
80 28
80 32
80 36
80 40
80 41
81 8
81 12
82 9
82 10
82 97
82 120
82 127
82 133
82 136
82 144
82 145
82 150
82 156
82 162
84 27
84 38
84 43
84 45
84 46
84 49
84 57
84 73
84 84
84 102
84 108
84 110
85 5
85 10
85 12
85 13
86 3
86 12
86 19
86 23
86 28
87 30
87 34
87 37
87 44
87 48
87 63
88 2
88 16
88 21
89 3
90 10
90 13
90 18
90 33
90 36
90 58
90 64
90 74
90 75
90 87
90 95
90 96
90 106
90 109
90 111
90 124
91 2
91 9
91 14
91 22
91 24
91 31
91 37
91 52
91 58
91 66
91 69
91 72
91 77
91 79
92 100
93 2
93 3
93 5
93 15
93 17
93 22
93 26
93 40
93 48
93 59
93 66
93 68
93 70
93 72
93 74
93 79
93 83
93 94
93 95
93 96
93 99
93 108
93 110
93 111
93 122
94 13
94 14
95 113
95 114
95 117
95 118
95 124
95 126
95 137
95 140
95 149
95 156
95 170
95 171
95 175
95 184
95 188
95 192
95 200
95 210
95 220
95 226
95 227
95 234
95 243
95 258
95 259
95 261
95 263
96 15
96 21
96 22
97 1
97 7
97 9
97 10
97 17
97 18
97 27
97 31
97 32
97 33
97 44
97 51
97 52
97 55
97 56
97 60
97 62
97 66
97 69
97 78
97 79
97 87
97 90
97 95
98 14
98 22
98 29
98 30
98 33
98 37
98 50
98 57
98 70
98 71
98 73
98 74
98 79
99 13
99 23
99 38
99 48
99 58
99 67
99 76
99 79
99 86
99 94
99 99
99 102
99 107
99 109
99 114
99 115
99 116
101 96
101 97
101 98
101 103
101 109
101 239
101 240
101 242
101 263
101 278
101 282
101 286
101 300
101 302
101 304
102 15
103 84
103 95
