1 15
1 21
1 23
1 24
1 26
1 27
2 8
2 9
2 18
2 20
2 22
2 23
2 39
2 42
2 58
2 59
2 61
2 64
2 66
2 67
2 73
2 81
2 85
2 87
2 89
2 92
4 40
4 42
4 50
4 51
4 58
4 62
4 66
4 69
4 70
4 71
4 77
4 81
4 83
4 85
4 86
4 89
4 90
4 92
4 100
7 21
7 22
7 32
8 1
8 2
8 3
8 9
8 11
8 26
8 27
8 28
8 30
8 37
8 38
8 56
8 57
8 58
8 65
8 69
8 70
8 118
8 123
8 132
8 138
8 140
8 144
8 166
8 169
8 185
8 186
8 208
8 211
8 281
8 298
9 5
11 14
11 19
11 23
13 24
13 29
13 31
13 34
13 55
13 57
13 74
13 77
13 87
18 13
18 14
18 26
18 29
18 30
18 34
18 40
18 42
18 51
18 54
18 68
18 77
18 83
18 141
18 155
18 157
20 49
20 55
20 56
20 69
20 74
20 77
20 98
20 103
20 106
20 110
21 83
21 86
21 94
21 104
22 76
22 86
22 89
22 98
22 103
22 107
22 116
22 126
22 135
22 140
22 143
22 145
22 147
22 170
22 173
23 106
24 3
24 4
24 17
24 23
26 61
26 72
26 74
26 75
26 80
26 82
26 85
26 87
26 100
26 115
26 120
27 37
27 42
27 45
29 4
29 9
29 11
29 25
29 27
29 28
29 32
29 34
29 35
29 41
29 45
29 49
29 52
29 53
29 56
29 61
29 63
30 16
30 19
30 25
30 27
30 30
30 31
30 37
30 38
30 56
30 58
30 62
30 64
30 80
30 89
30 93
31 12
31 24
31 35
31 50
31 52
31 57
32 21
32 25
32 27
32 31
32 34
32 35
32 44
32 47
32 61
32 63
32 67
32 76
32 78
32 90
32 92
33 11
33 13
33 17
33 23
33 24
33 31
33 32
33 37
33 49
34 1
34 4
34 5
34 8
34 12
34 19
34 25
34 26
34 29
34 30
34 73
34 76
35 2
35 5
35 15
36 2
36 6
36 8
36 9
36 10
36 19
36 26
36 33
36 34
38 28
38 39
38 53
38 62
38 67
38 69
38 75
38 78
38 95
38 100
38 101
38 107
38 110
38 111
38 121
38 126
38 128
38 129
38 134
38 148
38 154
38 161
38 164
38 166
38 167
38 170
38 185
38 187
38 196
38 197
38 203
38 204
38 207
38 238
39 5
39 6
39 21
39 23
39 25
39 28
39 37
39 44
39 47
39 59
41 5
41 11
41 36
41 38
41 40
41 43
41 46
41 47
41 59
41 60
41 76
41 84
41 85
41 90
41 91
41 95
41 97
41 101
41 103
41 107
41 108
42 5
43 4
43 7
43 9
43 14
43 29
43 33
43 37
43 54
43 56
43 69
43 71
43 78
45 48
45 49
45 57
45 59
45 84
45 93
45 96
45 99
45 107
45 114
45 121
45 128
45 131
45 133
45 135
45 145
46 14
46 16
46 19
46 20
46 22
46 26
46 34
46 36
47 11
47 13
47 15
47 45
47 54
47 57
47 66
47 72
47 75
48 9
48 10
48 13
48 18
48 31
48 47
48 48
48 51
48 52
48 55
48 56
48 68
49 53
49 75
49 78
50 11
50 14
50 36
50 53
50 59
51 2
51 3
51 13
51 18
51 23
51 28
51 29
51 39
51 40
51 46
51 47
51 52
52 28
52 30
53 6
53 17
53 20
53 29
53 39
53 54
53 79
53 85
53 88
54 1
54 4
54 5
54 14
54 24
54 26
56 14
59 46
59 49
59 52
59 57
59 60
59 62
59 69
59 70
59 82
60 121
61 6
61 8
61 10
61 148
61 149
61 152
61 153
64 43
64 44
64 46
64 49
65 13
65 22
66 3
66 5
66 6
68 77
68 81
68 83
69 8
69 11
70 21
70 23
70 24
70 29
70 34
70 35
70 39
70 40
70 65
70 66
70 72
70 87
70 91
70 94
70 102
70 106
70 109
70 118
70 119
70 134
70 147
70 153
70 156
70 158
70 162
70 171
70 182
70 188
70 189
73 50
73 56
73 57
73 58
73 67
73 69
74 13
74 25
75 1
75 4
76 1
76 12
76 16
76 28
76 29
76 34
76 35
76 54
76 64
76 68
76 70
76 78
76 101
76 123
76 128
76 130
76 131
76 132
76 135
76 137
76 143
76 149
76 155
76 168
76 169
76 170
76 171
78 4
78 10
78 16
79 5
79 7
79 20
79 32
79 36
79 39
79 49
79 50
80 6
80 8
80 9
80 12
81 6
81 7
81 8
81 9
82 3
82 5
82 13
82 16
82 17
82 23
82 28
83 122
83 128
85 4
85 26
85 44
85 46
85 47
85 51
87 65
88 10
89 7
89 12
89 25
89 28
89 29
89 38
89 46
89 64
89 147
89 151
89 152
89 156
89 160
89 163
89 170
89 175
89 181
89 185
89 188
89 194
89 195
89 201
89 203
89 207
89 213
89 216
89 217
89 226
90 3
90 4
90 5
90 6
90 7
90 8
90 12
90 18
90 20
90 23
90 30
90 31
90 40
90 51
90 55
90 57
90 91
90 98
90 100
90 103
91 3
91 10
91 11
91 21
91 23
91 34
91 40
91 53
91 54
91 55
91 62
91 67
92 10
92 13
92 15
93 1
93 2
93 10
93 18
93 20
93 21
93 31
93 35
93 67
94 93
94 97
94 104
94 109
94 113
94 133
94 137
94 143
94 144
94 148
94 149
94 150
94 164
94 166
94 168
94 173
94 177
95 4
95 7
95 8
95 23
95 24
95 27
95 29
95 35
95 38
95 45
95 47
95 48
95 53
95 55
95 59
95 72
95 74
95 75
95 82
95 99
95 104
95 107
96 24
96 26
96 30
96 32
96 34
98 1
98 5
99 4
99 7
99 13
99 15
99 27
99 28
99 37
99 44
99 46
99 58
99 65
99 72
99 76
99 92
99 93
99 98
99 103
99 104
99 107
99 110
99 111
99 113
99 117
99 120
99 121
99 127
99 130
99 131
99 135
99 137
99 138
99 141
99 142
99 151
99 171
100 15
100 16
100 18
100 22
100 29
100 31
101 3
102 8
102 14
102 23
103 24
103 37
103 38
103 94
103 100
103 102
105 19
105 22
105 23
105 27
105 33
105 39
105 43
105 51
105 67
105 68
105 69
105 74
105 76
105 80
106 6
106 9
106 13
106 29
106 34
106 36
106 66
106 67
106 71
106 72
106 208
106 209
106 213
106 215
106 225
106 226
106 229
106 232
106 234
106 244
106 245
106 250
107 15
107 19
107 34
107 41
107 44
107 53
107 55
107 70
107 77
108 2
108 7
108 8
108 14
109 18
109 25
109 30
109 38
110 2
110 4
110 5
110 11
110 15
111 47
111 54
111 56
112 81
112 93
112 94
112 100
112 103
112 216
112 222
112 225
112 227
112 232
112 242
112 254
112 257
113 7
113 9
113 16
113 18
114 13
114 16
114 17
114 22
115 16
115 20
115 27
115 28
115 36
115 41
115 45
115 58
115 60
115 63
115 106
115 129
115 130
115 152
115 157
115 163
115 168
115 171
115 231
115 233
115 236
115 242
115 243
115 244
115 269
115 279
115 281
115 295
115 299
115 306
115 313
117 8
117 17
117 31
117 32
117 38
117 39
117 47
117 55
118 30
118 32
118 34
118 37
118 39
119 2
119 10
119 13
119 30
119 35
119 37
119 43
119 50
119 79
119 81
119 86
120 3
120 5
120 8
120 17
120 32
120 33
120 37
120 41
120 50
120 54
120 56
120 64
120 69
121 32
121 41
121 53
121 64
121 68
121 69
121 72
121 73
121 83
122 4
122 11
122 20
122 29
122 34
122 49
122 70
122 88
122 90
122 103
122 107
122 110
122 111
123 78
