1 11
1 20
1 25
1 30
1 33
1 48
1 59
1 67
1 73
1 83
1 97
1 101
1 110
1 111
1 127
2 4
2 10
2 11
2 36
2 42
2 43
2 44
2 48
2 50
2 51
4 118
4 123
4 132
4 141
4 142
4 147
4 180
4 185
4 191
5 8
5 11
6 6
6 11
6 19
7 89
7 102
7 108
7 114
7 115
7 118
7 121
9 25
9 27
10 9
11 1
11 7
11 19
11 23
11 32
11 40
11 42
11 45
15 24
15 35
15 36
15 40
15 44
15 45
15 55
15 59
15 75
15 86
15 87
16 2
16 5
16 11
16 20
16 23
16 34
16 38
17 2
17 5
17 11
18 50
18 61
18 73
18 77
18 82
20 82
20 84
20 85
20 87
20 88
20 90
23 18
23 24
23 25
23 28
23 30
23 42
23 50
23 57
23 61
23 62
23 67
23 75
23 76
24 2
24 3
24 10
24 11
24 12
24 15
24 28
24 38
26 82
27 7
27 13
27 19
27 153
27 156
27 163
27 166
27 167
27 178
27 185
27 196
28 18
28 21
28 23
28 45
28 46
28 50
28 53
28 74
28 81
28 82
29 17
29 25
29 32
29 46
29 51
29 67
29 68
29 78
29 79
29 80
29 82
29 87
29 90
29 91
29 95
29 97
29 98
29 105
29 106
29 112
29 118
29 120
29 125
29 145
30 4
30 5
34 24
34 31
34 36
35 2
35 5
35 7
35 23
35 42
35 62
35 68
35 86
35 87
35 89
36 2
36 13
36 16
36 26
36 30
36 34
36 48
36 50
36 78
36 80
36 82
36 84
36 86
36 89
36 156
36 166
37 29
37 33
37 41
37 53
37 56
37 57
37 69
37 73
37 75
37 78
38 2
38 3
38 4
38 28
38 30
38 31
38 37
38 40
38 43
38 50
38 64
38 65
38 69
38 74
38 76
38 78
38 82
38 86
38 89
38 91
39 2
39 7
39 8
39 13
39 16
39 19
39 21
39 25
39 44
39 60
39 64
39 73
39 74
39 75
39 80
39 81
39 90
39 92
39 101
39 105
39 127
39 134
39 137
39 139
39 143
39 151
39 167
39 170
39 173
41 17
41 24
41 29
41 32
42 11
42 14
42 22
42 28
42 29
42 42
42 48
42 55
42 56
42 65
42 67
42 68
42 69
42 70
43 3
43 7
44 32
44 33
44 35
44 36
44 49
44 53
44 59
44 60
44 65
44 67
44 70
44 73
45 7
45 11
45 22
45 27
45 37
45 41
45 47
45 49
45 55
45 57
45 67
45 78
46 16
47 10
47 31
47 33
47 34
47 42
47 53
47 55
48 6
48 8
48 13
49 46
49 60
50 5
50 9
50 11
51 18
51 26
51 30
51 32
51 41
51 46
52 1
52 5
52 6
52 10
52 12
52 18
52 23
52 25
53 3
53 10
53 14
53 16
53 18
53 28
53 33
53 44
53 45
53 49
53 53
53 78
53 91
54 10
54 27
54 29
54 37
54 42
54 48
54 56
54 59
54 64
54 68
54 73
54 83
54 87
55 1
55 6
55 10
55 12
55 25
55 26
55 29
55 47
55 53
55 71
55 79
55 81
55 82
55 89
55 90
55 190
55 194
55 204
55 206
55 208
55 212
55 213
57 6
57 7
57 10
57 15
57 17
57 18
57 19
57 25
58 5
58 12
58 20
58 24
58 30
58 31
58 34
58 46
59 1
59 3
59 4
61 35
61 39
61 45
61 47
61 69
61 80
61 81
61 85
61 95
61 97
61 110
61 121
61 122
61 123
61 125
61 131
61 164
61 168
61 181
61 186
61 191
61 199
63 1
64 9
64 17
64 19
64 22
64 23
64 25
65 46
65 60
65 61
65 73
65 77
66 18
66 25
66 40
66 43
67 7
67 17
67 19
67 21
67 22
67 34
67 35
67 47
67 57
67 59
68 10
68 12
68 32
68 33
68 35
68 46
68 47
68 56
68 58
68 60
68 63
68 71
68 73
68 75
68 77
70 27
70 28
70 29
70 32
70 33
70 42
70 48
70 114
70 115
70 118
70 131
70 141
70 142
70 148
70 150
70 171
70 175
70 186
70 198
70 203
70 210
70 214
70 215
70 226
70 227
70 238
70 239
70 253
70 257
70 273
70 276
70 286
70 288
70 294
70 303
70 304
70 308
70 317
70 321
70 323
70 326
70 333
70 344
70 348
70 357
70 358
70 360
70 362
70 366
70 367
70 374
70 385
71 11
71 14
71 17
71 21
71 28
71 29
71 35
71 40
71 42
71 50
71 73
71 80
71 84
71 94
71 96
71 98
71 105
71 115
71 124
71 128
71 136
71 147
71 151
71 222
71 223
71 225
71 228
71 231
71 234
71 235
71 246
71 249
71 261
71 263
71 264
71 275
71 281
71 289
71 299
71 300
71 302
71 309
72 2
72 12
72 14
72 17
72 18
72 27
72 28
72 31
72 34
72 36
72 38
72 40
72 41
72 52
72 53
72 56
72 62
72 66
73 77
73 85
73 88
73 107
73 113
73 116
73 130
73 131
73 133
73 137
73 138
73 157
73 159
73 162
73 164
73 166
73 167
73 172
73 176
73 177
73 180
73 181
74 5
74 7
74 10
74 13
74 15
74 21
74 24
74 28
74 36
75 16
76 6
76 9
76 18
76 20
76 24
76 33
76 43
78 37
78 38
78 42
78 46
78 49
78 53
78 56
78 66
78 75
78 77
78 82
78 87
78 94
79 9
79 10
80 20
80 27
80 29
80 33
80 35
80 42
80 44
80 45
83 57
83 63
83 71
83 72
83 77
83 83
83 88
83 104
83 105
83 106
83 116
83 118
83 122
83 123
83 124
83 142
83 144
84 20
84 22
84 24
84 27
85 4
85 7
85 8
85 20
85 21
87 36
87 56
87 60
87 74
87 79
87 93
87 99
87 106
87 113
87 114
87 120
87 132
91 2
91 4
91 6
91 7
91 12
91 15
91 23
91 32
91 34
91 35
91 36
91 37
91 40
93 68
93 69
93 73
93 77
93 79
93 89
93 95
93 99
93 102
93 115
93 116
93 119
93 123
93 128
93 132
93 134
93 141
93 159
93 163
93 164
93 166
93 184
94 22
94 23
94 114
94 138
95 2
96 1
96 9
96 10
96 12
96 14
96 15
96 18
96 24
98 2
98 4
98 14
98 43
98 51
98 67
99 1
99 8
99 16
99 19
99 35
99 38
99 57
99 63
99 84
99 85
99 91
99 94
99 95
99 100
100 9
100 15
100 22
101 23
101 24
101 25
101 41
101 42
101 45
101 46
102 3
102 8
102 11
102 13
102 15
102 37
102 52
102 54
102 57
103 5
103 12
103 15
103 27
106 9
106 11
106 17
106 24
106 30
106 33
106 50
106 51
107 1
111 47
111 49
111 57
111 59
112 8
112 16
112 25
112 33
112 35
112 41
112 45
112 47
112 68
112 71
112 75
112 77
112 78
112 79
112 85
112 110
112 116
112 121
112 122
112 125
112 129
112 157
112 159
112 226
112 227
112 229
112 233
112 235
112 237
112 239
112 240
112 242
112 245
112 255
112 256
112 260
112 261
112 269
112 280
112 281
112 287
112 302
112 309
112 310
112 313
112 320
112 325
112 326
112 333
113 9
113 14
113 15
113 16
113 24
113 27
113 28
113 44
113 82
113 83
113 97
113 101
113 103
113 104
113 105
113 108
113 109
113 112
113 122
113 136
113 143
113 147
113 152
114 3
115 6
115 9
115 12
115 19
115 21
115 22
115 24
115 25
115 28
115 33
115 41
115 53
115 61
115 78
115 80
115 82
115 83
115 84
115 90
115 108
116 44
116 49
116 58
116 66
116 74
116 78
116 80
117 2
117 4
117 6
117 14
117 16
118 2
118 7
118 10
118 11
119 41
119 43
119 50
119 55
119 59
119 118
119 131
119 134
119 142
119 147
119 166
119 171
119 172
119 305
119 327
119 330
119 332
119 333
121 1
121 10
121 20
121 21
121 24
121 26
121 29
121 31
121 49
121 178
121 180
121 183
121 184
121 213
121 218
121 221
121 227
121 230
121 232
122 7
122 51
122 52
122 53
122 58
122 61
122 62
122 69
122 71
122 74
122 81
122 93
123 2
123 4
123 12
123 14
123 26
123 31
123 33
123 34
124 2
124 8
124 30
124 46
124 53
124 55
124 64
124 66
124 81
124 86
124 92
124 93
124 95
124 103
124 104
124 113
124 120
125 9
125 17
125 22
125 23
126 42
