1 1
1 6
1 19
1 22
1 26
1 31
1 41
2 16
2 29
2 33
2 35
2 38
2 39
2 40
2 62
2 64
2 67
2 69
2 79
2 94
2 101
2 105
2 110
3 30
3 33
3 34
3 38
3 55
3 58
3 59
3 78
3 97
3 103
3 114
3 118
3 119
3 122
3 127
3 134
3 142
3 151
3 153
3 159
3 161
4 29
4 36
4 44
4 46
4 51
4 57
4 59
4 68
4 72
4 75
4 91
4 93
4 98
4 116
4 117
5 11
5 17
5 20
5 25
5 31
6 4
6 11
6 12
6 15
6 27
6 33
6 34
7 13
7 17
7 22
7 23
7 38
7 42
7 45
7 48
7 59
7 60
7 61
7 65
7 68
7 82
7 98
7 104
7 116
7 120
7 121
7 142
7 143
7 149
7 150
7 152
7 156
7 157
7 158
7 162
7 167
7 177
7 182
7 191
7 193
7 195
7 205
7 214
7 216
7 219
8 2
8 28
8 29
8 42
8 53
8 55
8 56
8 61
8 62
8 74
10 5
10 7
10 27
10 39
10 45
10 51
11 8
11 18
11 21
11 32
11 98
11 99
11 113
11 116
11 120
11 122
11 221
11 222
13 30
13 32
15 36
15 44
17 52
17 53
17 56
17 71
17 72
17 80
17 88
17 89
17 93
17 125
17 132
17 135
18 2
18 3
18 6
18 10
18 12
18 17
18 21
18 30
18 34
18 35
18 41
18 45
19 2
19 5
19 12
20 1
20 6
21 5
21 6
21 9
21 13
21 19
21 21
21 25
21 28
21 39
21 50
21 61
21 73
21 74
21 112
21 115
21 117
21 126
21 130
21 136
21 139
21 140
21 141
21 142
21 145
21 151
21 153
22 8
22 11
22 22
22 23
22 24
22 27
22 35
22 48
22 52
22 57
22 63
22 68
22 81
22 83
22 86
22 100
22 105
22 111
22 114
22 117
22 118
22 132
22 133
22 137
22 140
22 155
22 162
22 171
22 178
22 181
22 187
22 189
23 5
23 7
23 10
25 3
25 14
25 19
25 20
25 21
25 25
25 26
25 29
25 43
25 51
25 54
25 57
25 60
25 67
25 71
25 72
25 74
25 76
25 78
26 5
26 7
26 10
26 12
26 27
26 36
26 61
26 68
26 72
27 2
27 6
27 8
27 12
27 29
27 153
28 10
28 11
28 17
28 23
28 60
28 63
28 64
28 97
28 101
28 103
28 108
28 110
28 112
28 114
28 119
28 124
28 125
28 126
28 133
28 138
28 139
28 155
28 165
28 172
28 174
28 178
28 196
31 54
31 60
31 76
31 94
32 26
32 27
32 31
32 37
33 1
33 30
34 15
34 17
34 20
34 38
34 45
34 48
34 51
34 53
34 55
34 71
34 88
34 101
35 22
35 29
35 30
35 32
35 35
35 42
35 48
36 8
36 11
36 13
36 22
36 48
36 50
36 52
36 54
36 55
36 67
36 68
36 70
36 71
37 20
37 22
37 39
37 47
37 51
37 52
37 53
37 61
38 1
38 4
38 23
38 25
39 4
39 8
39 11
39 15
39 18
39 25
39 32
39 35
39 50
39 52
39 53
39 70
39 72
39 75
39 77
39 131
39 135
39 137
39 138
39 140
39 152
39 159
39 163
39 164
39 170
39 171
39 172
40 4
40 5
41 2
41 10
41 19
42 31
42 41
42 51
42 55
43 16
43 17
43 26
43 28
43 37
43 46
43 48
43 52
43 56
43 63
43 68
43 73
43 75
43 77
43 78
43 96
43 100
43 117
43 119
43 129
43 133
43 138
43 140
43 159
43 160
43 166
43 180
43 196
43 199
43 214
43 224
43 226
43 229
43 233
43 236
43 244
43 249
43 257
43 301
44 1
44 5
44 20
44 27
44 29
44 41
44 43
44 46
44 57
44 59
44 61
44 82
44 87
44 88
44 90
44 91
44 93
44 94
44 96
44 98
44 114
44 116
44 122
45 18
45 32
45 34
45 37
45 51
45 52
45 56
45 69
46 9
46 13
46 14
46 15
46 22
46 36
46 41
46 44
46 47
46 48
46 53
46 59
46 69
46 75
46 79
46 82
46 84
46 88
46 90
46 91
46 99
46 101
46 104
46 117
46 130
46 132
46 146
46 148
46 149
46 158
46 161
47 5
47 15
47 17
47 27
47 35
47 37
47 38
47 42
49 3
49 6
49 7
49 9
49 15
49 128
49 133
49 136
49 267
49 270
49 271
49 272
49 295
49 300
49 302
49 305
49 309
49 327
49 332
49 334
49 335
49 338
49 339
49 346
49 351
49 353
49 360
49 371
49 376
49 381
50 1
50 6
50 9
50 18
51 4
51 5
52 12
52 14
52 17
53 2
53 3
53 9
53 19
53 26
53 39
53 40
55 6
55 9
56 7
56 14
56 19
56 20
56 24
56 40
56 55
56 57
56 59
56 60
56 63
56 64
56 72
56 74
56 85
56 102
56 108
56 109
56 113
56 114
56 115
56 119
56 120
56 132
57 1
57 3
57 10
57 14
57 20
57 32
57 34
57 44
57 47
57 67
57 77
57 78
57 85
57 94
58 69
58 70
58 72
58 74
58 79
58 82
58 86
58 90
59 1
59 13
59 17
59 27
59 30
59 42
59 46
59 47
59 49
59 54
59 58
59 59
59 62
59 63
59 65
59 71
59 74
59 75
59 83
59 87
59 92
60 10
61 1
61 5
61 6
61 18
61 22
61 24
61 32
63 6
63 25
63 44
63 46
63 54
63 56
63 57
63 73
63 75
63 89
63 91
63 92
63 94
63 96
63 112
63 135
63 140
63 142
63 144
63 151
63 160
63 161
63 172
63 173
63 175
63 177
63 180
63 181
63 201
63 203
63 208
63 214
63 227
63 229
63 249
63 255
63 259
63 286
63 308
63 315
63 317
63 324
63 325
63 329
63 340
63 343
63 348
63 349
63 353
63 354
63 356
63 362
63 365
63 377
63 387
63 391
63 392
63 398
63 407
63 409
63 419
63 424
63 428
63 429
63 437
63 441
63 464
63 469
63 471
63 479
63 486
63 499
63 503
63 511
63 512
63 515
63 518
63 523
63 525
63 533
63 538
64 12
64 17
64 22
64 23
64 26
64 40
64 41
64 45
64 48
64 58
64 62
64 73
64 82
64 87
64 90
64 91
64 94
64 106
64 107
64 122
64 125
64 131
64 150
64 153
65 5
65 15
65 17
65 33
65 46
65 47
65 60
65 63
65 72
65 73
65 84
65 98
65 101
65 106
65 109
65 116
65 120
65 121
65 130
65 136
65 139
65 142
65 146
66 7
66 23
66 25
66 27
66 46
66 47
67 10
68 4
68 8
68 21
68 24
68 32
68 37
68 43
68 48
68 53
68 55
68 65
68 72
68 73
68 74
68 75
69 6
69 15
69 19
69 28
69 48
69 51
69 70
69 71
69 76
69 77
69 79
69 81
69 84
69 89
69 95
71 7
71 9
71 12
71 15
71 20
71 22
71 24
72 123
72 132
72 133
72 145
72 147
73 31
73 34
73 38
73 61
73 63
73 65
73 72
73 75
73 83
73 91
73 97
73 104
73 108
73 110
73 114
73 121
73 124
73 125
73 127
73 257
73 260
73 263
73 267
73 271
73 275
73 283
73 287
73 297
73 298
74 7
74 10
74 19
74 30
74 34
74 38
75 1
75 29
75 45
75 53
75 65
75 70
75 71
75 81
76 11
76 150
76 151
76 152
76 153
76 160
76 161
76 176
76 295
76 297
76 299
76 300
76 305
76 308
76 313
76 317
76 320
76 322
76 323
76 325
76 336
76 396
76 402
76 411
76 417
76 418
76 419
76 423
76 442
76 446
76 449
76 453
76 456
76 460
77 83
77 95
77 96
77 99
77 103
77 111
77 121
77 123
77 134
77 136
77 158
77 163
77 174
78 1
78 33
78 44
78 45
78 52
78 53
78 70
78 71
78 75
78 78
78 86
78 87
78 94
78 99
78 105
78 113
78 119
78 122
78 124
78 126
78 131
78 133
78 144
78 151
78 161
78 165
78 172
78 173
78 187
78 192
78 202
78 221
78 223
78 226
78 228
78 233
78 235
78 238
79 1
79 3
79 26
79 29
79 39
79 47
79 49
79 57
79 68
79 72
79 73
79 80
79 83
79 91
79 93
79 104
79 108
79 111
79 113
79 122
79 125
79 126
79 127
79 132
79 134
79 140
79 143
79 144
79 147
79 152
79 153
79 156
79 166
79 172
79 174
79 181
80 8
80 14
80 29
80 31
80 34
80 42
80 53
80 132
81 1
81 11
81 12
81 14
81 15
81 24
82 4
82 6
82 14
82 20
83 7
83 8
83 17
84 5
84 6
84 22
84 74
85 63
85 72
85 80
85 81
85 90
85 98
85 99
85 105
85 117
85 120
85 132
85 133
85 137
85 138
85 161
85 166
85 169
85 174
85 180
85 183
85 188
85 196
85 197
85 198
85 206
85 211
85 216
85 233
85 242
85 251
85 252
85 263
85 275
85 278
85 279
85 283
85 284
85 316
85 317
85 318
85 331
85 342
85 372
85 377
85 380
85 384
85 408
86 3
86 27
86 32
86 40
86 42
86 44
86 47
86 50
86 51
86 52
86 53
86 72
86 85
86 88
86 89
86 93
86 114
86 120
86 127
86 128
86 133
88 1
88 4
88 7
88 14
88 19
88 20
88 38
88 40
88 48
88 52
88 53
89 78
