1 2
1 13
1 14
1 15
1 35
1 39
1 43
1 46
1 56
1 63
1 69
1 112
2 2
2 5
2 6
2 14
3 1
4 2
4 4
4 10
4 25
4 27
6 68
6 70
6 74
6 79
6 80
7 9
7 13
7 24
7 26
7 30
7 34
8 2
8 17
10 8
11 4
11 17
11 18
11 22
11 25
15 12
15 16
15 17
15 23
15 30
16 3
16 5
16 6
16 11
16 19
16 23
16 31
16 35
16 41
16 53
16 64
16 70
16 74
16 76
16 77
16 85
16 86
16 87
16 91
16 94
16 110
16 129
16 137
16 142
16 150
16 155
17 1
17 8
17 13
17 15
17 50
17 67
17 69
17 73
17 74
17 75
17 90
19 12
19 20
19 21
19 23
19 30
19 31
19 41
19 46
19 49
19 53
19 62
19 64
19 66
19 67
19 68
19 75
19 77
19 78
19 81
19 82
19 86
19 92
19 96
19 98
20 5
20 11
20 55
20 65
20 68
20 72
20 78
20 88
20 117
20 124
20 125
20 128
20 156
20 164
23 15
24 5
24 7
24 19
24 25
24 33
24 35
24 39
24 49
24 54
24 57
24 65
24 72
24 74
24 80
24 81
25 19
25 22
25 23
25 32
25 55
25 57
25 59
25 67
25 79
25 83
25 84
25 90
25 91
25 95
25 98
25 100
25 101
25 113
26 4
26 6
26 7
26 11
26 15
26 22
26 23
26 25
27 14
27 15
27 20
27 35
27 41
27 44
27 62
27 63
27 69
27 74
27 77
27 81
27 88
27 97
27 98
27 115
27 118
27 119
27 124
27 126
27 131
27 263
27 264
27 270
29 3
30 4
30 12
30 16
30 22
30 27
30 33
30 38
30 42
30 47
30 70
30 71
30 76
30 82
30 83
30 87
30 100
30 109
30 113
31 15
31 28
31 42
31 50
31 56
31 64
31 74
31 77
32 7
32 10
32 15
32 23
32 26
32 27
32 38
32 40
32 46
32 56
32 58
32 75
32 78
32 82
32 85
32 87
32 89
32 91
32 97
32 100
32 101
32 104
32 109
32 116
32 129
32 130
32 136
32 139
32 155
32 160
32 162
32 164
32 172
32 175
32 212
32 214
32 215
32 233
32 234
32 237
32 240
32 246
33 122
33 129
33 142
33 185
33 187
33 221
33 227
33 245
33 247
33 257
33 259
33 262
33 275
33 277
33 278
33 286
33 292
33 294
33 297
33 299
36 5
36 9
36 10
36 21
36 25
36 32
36 35
36 37
36 38
37 39
37 46
37 55
37 58
37 62
37 63
37 161
38 7
38 21
38 29
38 33
38 37
38 40
39 6
39 13
39 20
39 24
39 39
39 40
39 43
39 57
39 61
42 45
42 46
42 52
42 53
42 56
42 62
42 83
42 100
42 106
42 108
42 120
42 124
42 127
42 132
42 154
43 1
43 5
43 7
43 8
43 9
43 18
43 25
43 30
43 32
43 36
43 39
43 42
43 43
43 52
43 59
43 60
43 66
43 68
43 72
43 81
43 83
43 100
44 14
44 26
46 30
46 32
46 34
46 36
46 43
46 47
46 172
46 174
46 175
46 178
46 180
46 186
46 197
46 199
46 207
46 208
46 212
46 214
46 217
46 218
46 225
46 226
47 43
47 44
47 57
48 8
48 23
48 24
48 35
48 37
48 189
48 193
48 200
48 201
48 207
48 214
48 216
48 217
48 224
48 228
48 238
48 245
48 260
48 270
48 294
48 306
48 308
48 311
48 316
48 323
48 324
48 332
48 337
48 339
48 346
48 349
48 350
48 374
48 380
48 392
48 394
48 402
48 404
48 406
49 1
49 2
49 5
49 6
49 10
49 28
49 30
49 39
49 40
49 52
50 2
50 5
50 6
50 8
50 24
50 27
51 14
51 21
53 16
53 22
53 35
53 36
53 38
53 43
53 44
53 46
53 62
53 73
53 74
54 9
54 10
54 16
56 49
56 52
56 53
57 8
57 13
57 15
57 17
57 22
57 38
57 46
57 47
57 59
57 66
57 70
57 72
57 73
57 74
57 93
57 227
57 229
58 9
58 11
58 15
58 17
59 3
59 4
59 5
59 6
59 10
59 12
59 16
59 20
59 22
59 24
59 33
59 36
59 39
59 41
59 45
59 66
59 68
60 11
60 12
60 14
60 24
60 25
60 39
60 40
60 41
60 43
60 45
60 47
60 55
60 62
60 63
60 67
60 68
61 2
61 4
61 24
61 43
61 54
62 6
62 8
62 10
62 17
62 22
62 27
62 30
62 31
62 32
62 88
64 59
64 60
64 62
64 69
64 80
64 87
64 88
64 91
64 110
64 112
64 115
64 120
64 128
64 139
64 143
65 26
65 39
65 42
65 43
65 66
65 83
65 212
65 227
65 251
65 252
65 255
66 10
66 11
66 12
66 17
66 33
66 38
66 44
66 50
66 56
66 60
66 68
66 73
66 83
67 3
67 11
68 9
68 20
71 76
71 80
71 89
71 93
71 98
72 219
72 222
72 223
72 225
73 3
73 9
73 12
73 16
73 25
73 26
73 29
73 30
73 35
73 36
73 37
74 63
74 64
74 68
74 70
74 77
74 92
74 94
74 98
74 100
74 102
74 109
74 110
74 121
74 127
74 139
75 30
76 56
78 26
78 45
78 47
78 54
78 62
78 63
78 64
78 69
78 70
78 73
78 78
78 81
78 89
78 90
78 95
78 99
78 119
78 124
78 128
78 141
78 149
78 150
78 166
78 170
78 181
78 183
78 190
78 202
80 7
80 9
80 17
80 20
81 37
81 42
81 55
81 58
81 84
81 88
81 91
81 95
81 97
81 100
84 22
84 23
84 26
86 18
86 24
86 42
86 56
86 61
87 1
87 11
87 22
87 23
87 27
87 28
87 36
87 57
87 65
88 29
88 37
88 43
88 178
88 185
88 188
88 194
88 199
88 200
88 201
88 205
88 209
88 218
88 258
88 269
88 275
88 280
88 288
88 292
90 32
90 45
90 50
90 57
90 66
90 67
90 69
90 73
90 80
92 28
93 19
93 27
93 29
93 34
93 35
93 36
93 40
93 53
93 54
93 67
93 69
94 5
94 13
94 17
94 21
94 25
95 8
95 9
95 25
95 26
95 33
95 46
95 51
95 64
95 65
95 68
95 71
96 42
96 45
96 46
96 53
96 56
96 66
96 68
97 12
97 31
97 38
97 46
97 76
97 143
97 148
97 159
98 65
98 67
98 70
98 71
98 78
98 84
98 85
98 88
98 92
100 23
100 27
100 30
100 37
100 38
100 41
100 63
100 68
100 73
100 74
100 76
100 89
100 100
100 101
100 105
100 120
100 124
100 125
100 127
100 144
100 145
100 162
100 165
100 179
100 191
100 195
100 201
100 202
100 207
100 208
100 212
100 214
100 217
100 219
101 5
101 10
101 20
101 23
101 25
101 33
101 35
101 42
101 48
101 92
101 99
101 120
101 125
101 132
101 141
101 142
101 210
101 213
102 31
103 7
103 8
103 15
106 35
106 40
106 57
107 2
107 3
107 11
107 12
109 96
109 105
109 107
110 1
110 7
110 24
110 37
111 65
111 70
111 71
111 74
111 148
112 37
112 55
112 59
112 60
112 81
112 86
112 88
112 90
112 92
113 17
113 27
113 76
113 80
113 85
113 90
113 92
113 93
113 109
113 111
113 118
113 124
113 131
113 135
