1 5
1 23
1 26
1 47
1 49
1 51
1 56
2 2
2 6
2 30
2 35
3 14
3 15
3 22
5 125
5 130
5 132
5 135
5 142
5 154
5 158
5 159
5 160
5 163
5 165
5 166
8 8
8 13
8 16
8 28
8 30
8 37
8 53
8 69
8 79
8 84
9 25
9 27
9 29
9 38
9 42
9 44
9 49
9 56
9 62
9 69
9 107
9 109
9 111
9 124
9 130
9 131
9 135
9 140
9 151
9 156
10 6
10 7
10 10
10 17
10 18
10 22
10 24
10 39
11 1
11 2
11 8
11 16
11 29
11 31
11 34
11 36
11 37
11 39
11 53
11 54
11 57
12 37
12 47
14 12
14 15
14 21
14 30
14 38
14 46
14 51
16 1
16 3
16 16
16 26
16 29
16 39
16 43
17 3
17 5
17 6
17 12
18 5
18 9
21 89
21 92
21 105
21 108
22 4
22 12
23 3
24 5
25 1
25 10
25 11
25 12
25 17
26 3
26 16
26 31
26 33
26 35
26 39
26 60
26 71
26 91
26 95
26 109
26 110
26 115
26 117
27 1
27 3
27 4
28 6
28 11
28 21
28 24
28 37
28 38
28 49
28 51
28 60
30 108
30 109
30 110
30 126
30 130
30 131
30 135
30 136
30 145
30 150
30 153
31 14
31 23
31 25
31 27
31 29
31 38
31 41
31 75
32 4
32 12
32 16
33 2
33 3
33 14
33 15
33 24
33 75
33 83
33 85
33 103
33 106
33 109
33 115
33 118
33 124
33 136
34 2
34 3
34 5
34 9
34 13
34 17
34 19
34 23
34 30
34 32
34 34
34 36
34 41
34 42
34 44
34 45
34 51
34 54
34 63
34 69
34 81
34 82
34 83
34 94
34 98
34 111
34 112
34 114
34 116
34 117
34 119
34 120
34 130
34 139
34 152
34 153
34 154
34 157
34 167
34 168
34 170
34 173
35 1
35 15
36 1
36 16
36 17
36 25
36 27
36 31
36 39
36 41
36 42
36 44
36 59
36 63
36 66
36 76
36 116
36 119
36 130
36 133
36 135
36 278
36 288
36 304
36 310
36 319
36 327
36 332
36 335
36 339
36 340
36 341
36 346
37 39
37 40
37 43
37 53
38 1
38 13
38 19
38 28
38 33
38 40
38 41
40 11
40 12
40 16
40 22
40 26
40 27
40 35
40 36
40 37
40 47
40 49
40 64
40 91
40 128
40 131
40 133
40 135
40 143
40 155
40 156
40 157
40 164
40 181
40 182
40 183
40 201
40 206
40 207
40 220
40 221
40 242
40 247
40 253
41 1
41 9
41 13
41 22
41 24
41 25
41 32
41 49
41 58
41 70
41 73
41 83
41 97
41 101
41 112
41 117
41 119
41 130
41 131
41 140
41 145
41 149
41 150
41 152
41 153
41 157
42 2
42 7
42 18
42 20
42 27
42 32
42 35
42 37
43 10
43 12
43 15
43 16
43 21
43 24
43 32
43 55
44 16
44 24
44 29
44 30
44 31
44 120
44 126
44 140
44 142
44 145
44 150
44 160
44 165
44 170
44 174
44 179
44 190
44 198
46 21
46 25
46 30
46 34
46 43
46 55
46 57
46 72
46 74
46 212
46 213
46 214
46 216
46 218
46 220
46 235
46 237
46 238
46 243
46 247
46 251
46 268
46 270
46 271
46 277
46 279
46 284
46 286
46 296
46 436
46 440
46 449
46 455
46 458
46 467
46 468
46 471
46 479
46 491
47 1
47 4
47 7
47 9
48 13
48 19
48 21
48 34
48 35
48 38
48 61
48 69
48 75
48 78
48 85
48 107
48 111
48 115
48 246
48 250
48 258
48 267
48 274
48 275
48 285
48 296
48 307
48 313
48 314
48 317
48 320
48 326
48 349
48 470
48 473
48 481
48 492
48 499
48 500
48 506
48 510
48 512
48 520
48 572
48 577
48 583
48 593
48 606
48 607
48 615
48 616
48 631
48 634
48 640
48 642
48 662
48 679
48 680
48 683
48 689
48 693
48 694
48 698
48 715
48 720
48 728
48 738
48 888
49 9
49 13
49 19
49 28
49 33
49 39
49 43
49 116
49 121
49 124
49 128
49 137
49 142
49 168
49 171
49 177
49 180
49 181
49 184
49 187
49 190
52 4
52 5
52 8
52 9
52 19
52 25
52 26
52 28
52 31
52 32
52 33
52 34
52 43
52 44
52 54
53 3
53 12
53 15
53 21
53 33
53 35
53 55
53 58
53 60
53 69
53 75
53 78
53 83
53 85
53 86
53 99
53 104
53 106
53 107
53 111
53 120
53 131
53 143
53 151
53 152
53 159
55 22
55 51
55 55
55 57
55 67
55 68
56 21
56 23
56 24
56 42
56 44
56 51
56 52
56 106
56 119
56 125
56 127
56 133
56 135
56 139
56 141
56 147
56 152
56 153
56 160
56 172
57 1
57 6
58 119
58 122
58 128
58 129
58 133
58 136
58 139
58 147
58 154
58 178
58 179
58 181
58 186
58 187
58 189
58 192
58 207
58 212
58 217
58 218
59 5
59 6
59 15
59 38
59 42
59 45
59 47
59 50
59 56
59 75
59 104
59 106
59 114
59 135
59 139
59 141
59 143
59 169
59 171
60 6
60 13
61 5
62 8
62 9
62 19
62 25
62 28
62 31
62 36
63 40
63 45
63 48
63 59
63 68
63 74
63 78
63 81
63 92
63 97
63 107
63 109
63 112
63 113
63 118
63 121
63 124
63 133
63 147
63 154
63 155
63 159
63 164
63 175
63 177
63 182
64 20
64 22
64 35
64 39
65 76
65 78
66 22
66 28
67 1
67 3
67 7
68 14
68 22
68 35
68 36
68 41
68 53
68 55
68 56
68 88
68 89
68 94
68 106
68 108
68 110
68 111
68 140
68 153
68 156
68 166
68 171
68 175
68 177
68 179
68 181
68 182
68 186
68 204
68 206
68 208
68 210
68 216
68 219
68 223
68 226
68 228
68 241
69 62
69 66
69 72
69 78
69 85
69 86
70 2
70 6
70 8
70 9
70 142
70 145
70 151
70 160
70 163
70 220
70 222
70 223
70 227
70 242
70 245
73 26
73 32
73 39
73 45
73 56
73 57
73 60
73 61
73 72
73 75
73 76
73 80
73 82
73 96
73 114
73 120
73 121
73 124
73 133
73 136
73 146
73 161
73 164
73 167
73 169
73 188
73 228
73 240
73 247
73 251
73 260
73 262
73 265
73 266
73 275
73 277
74 3
74 4
74 11
74 18
74 39
74 41
74 48
74 49
74 52
74 54
74 56
74 60
74 63
74 66
75 5
75 8
76 3
76 5
76 6
76 10
76 131
76 135
76 143
77 13
77 14
77 16
77 22
77 27
77 28
77 29
77 34
77 35
77 51
77 57
77 58
77 64
77 65
77 72
77 77
78 4
78 12
78 26
80 82
80 96
80 101
80 102
80 106
80 108
80 248
80 254
80 258
80 274
80 278
80 279
80 294
80 297
81 15
81 36
82 2
82 3
82 11
82 30
82 31
82 38
82 41
82 44
86 15
86 17
87 6
87 12
87 15
87 18
87 24
87 25
87 43
87 46
87 48
87 53
87 55
87 63
87 81
87 88
87 93
87 107
87 120
87 131
87 136
87 138
87 139
87 146
87 147
87 153
87 176
87 182
88 26
88 32
88 34
88 37
88 45
88 46
88 48
88 64
88 65
88 71
88 73
88 82
88 90
88 94
88 103
88 117
88 119
88 127
88 132
88 137
88 143
88 144
88 145
88 148
88 149
88 151
88 167
89 14
89 23
89 29
90 49
90 50
91 5
91 8
91 17
91 28
92 23
92 26
92 28
92 33
92 47
93 6
93 10
93 11
93 21
93 26
93 35
93 51
93 55
94 8
94 15
94 27
94 29
94 30
96 2
100 33
100 49
100 50
101 4
101 8
102 1
102 9
102 18
102 19
103 2
103 6
103 30
103 34
103 49
103 53
103 54
103 55
103 68
103 69
103 72
103 74
103 79
103 88
103 115
