1 1
1 2
1 6
1 9
1 10
1 16
1 21
1 29
1 53
1 60
1 87
1 89
1 95
1 121
1 127
2 3
2 5
2 11
2 13
2 16
2 23
2 25
2 28
2 31
2 48
2 53
2 59
2 64
3 2
3 5
3 6
3 24
3 26
4 9
4 13
4 21
4 34
4 38
4 47
4 51
4 58
4 59
4 62
4 67
4 71
4 85
4 87
4 96
4 117
4 132
4 133
4 136
4 138
4 139
4 140
4 146
4 152
4 155
6 3
6 5
6 12
6 18
6 20
6 22
6 23
6 24
6 31
6 34
6 45
6 52
6 56
6 57
6 69
7 5
7 10
7 14
7 17
7 18
7 21
7 22
7 134
9 40
10 7
10 11
10 16
10 18
10 21
10 28
10 38
10 41
10 106
10 107
12 69
12 71
12 79
12 83
12 85
13 7
13 12
13 14
13 17
13 18
13 30
13 34
13 40
13 162
13 176
13 181
14 35
16 35
17 4
17 5
17 14
17 15
17 18
17 26
17 40
17 42
17 45
17 64
17 65
19 48
19 54
19 56
20 5
20 25
20 38
20 42
20 43
20 49
20 54
20 55
20 84
20 85
20 111
20 115
20 134
20 150
20 156
20 166
20 186
20 194
21 3
21 11
21 13
21 16
21 28
21 34
21 39
21 51
21 61
21 69
21 70
21 78
21 81
21 82
21 85
21 86
21 90
21 99
21 104
21 108
23 5
23 8
23 12
23 13
23 14
23 37
23 43
23 44
23 56
23 72
23 75
23 80
23 92
23 101
23 109
23 127
23 129
23 152
23 177
23 183
24 31
24 35
24 46
24 74
24 77
25 5
25 14
25 21
25 22
25 29
25 41
25 43
25 44
25 47
25 51
25 52
25 65
25 68
25 75
25 83
25 84
26 12
26 13
26 14
26 15
28 52
28 63
28 66
28 68
29 86
29 89
29 90
29 91
29 95
29 98
29 123
29 124
29 125
29 127
30 4
30 10
30 15
30 19
30 20
30 21
30 28
30 29
30 30
30 32
30 40
30 49
30 58
30 110
30 118
30 120
30 127
30 137
30 142
30 152
30 155
30 157
30 171
30 177
30 266
30 275
30 280
30 285
30 288
30 289
30 291
30 292
30 302
30 307
30 314
30 317
30 318
30 325
30 330
30 331
30 353
30 360
30 370
31 3
31 45
31 50
31 52
31 62
31 77
31 82
31 90
31 104
31 108
31 111
31 115
31 123
31 124
31 131
31 135
31 144
31 147
31 150
31 162
31 167
31 168
32 3
32 4
32 7
32 9
32 23
32 29
32 45
32 46
32 96
32 99
32 100
32 102
32 104
32 106
32 123
32 126
32 132
33 1
33 7
33 11
33 16
34 6
34 8
34 9
34 12
34 16
34 21
34 22
34 28
34 33
34 34
34 39
34 41
34 53
34 56
34 58
34 63
34 79
34 98
35 4
35 5
35 9
35 16
35 17
37 49
38 20
38 30
38 40
38 47
41 51
41 53
41 57
41 58
41 59
42 16
42 20
42 30
43 1
43 3
43 5
45 3
45 4
45 15
45 23
45 31
46 3
46 8
47 92
47 95
47 97
47 99
47 100
47 105
47 111
47 112
47 123
47 124
47 135
47 139
48 34
48 35
48 39
48 40
48 51
49 1
49 2
49 9
49 20
49 37
49 42
49 43
49 48
49 54
49 60
49 70
49 74
49 81
49 93
49 96
49 99
49 102
49 113
49 116
50 2
50 7
50 8
51 87
51 96
52 1
52 2
52 8
52 9
52 17
52 19
52 21
52 27
52 32
52 37
52 38
52 41
52 49
52 60
52 62
52 64
52 66
52 76
52 80
52 82
52 93
52 97
52 103
52 110
52 143
52 152
52 159
52 162
53 9
53 10
54 38
54 50
54 72
54 73
54 77
54 86
54 89
54 91
54 94
54 95
54 111
55 75
55 82
55 94
55 98
55 105
55 113
55 114
55 122
55 132
55 133
55 138
55 139
55 158
55 160
55 166
55 215
56 11
56 13
59 90
59 109
59 111
59 124
59 126
60 17
60 21
60 26
60 28
60 31
60 39
60 41
60 58
60 70
60 77
60 81
60 82
60 84
60 87
60 98
60 104
60 109
60 115
60 117
60 125
60 128
60 130
61 28
61 32
61 35
61 37
61 46
61 47
61 53
61 65
61 66
61 76
61 81
62 1
62 14
62 23
62 27
62 31
62 38
62 41
62 52
62 54
62 57
62 59
62 60
62 73
62 74
62 82
62 84
62 90
62 114
62 122
62 124
62 135
62 138
65 1
65 30
65 33
65 38
65 40
65 171
65 172
65 176
65 192
65 193
65 194
65 210
65 218
65 219
66 3
66 4
66 13
66 17
66 38
66 43
66 44
66 46
66 51
67 2
67 13
69 9
69 28
69 62
69 64
69 66
69 67
69 68
69 113
69 118
69 124
69 136
69 144
69 147
69 152
69 189
69 193
69 200
69 208
69 211
69 217
69 229
69 231
69 235
69 236
69 239
69 242
70 96
70 97
70 108
70 117
70 118
70 123
70 125
70 127
70 131
70 133
70 134
70 139
70 154
71 106
71 112
71 119
71 127
71 129
71 132
71 136
71 139
71 141
71 156
71 162
71 165
72 58
72 59
72 63
72 70
72 76
72 77
72 87
72 88
72 92
72 101
72 111
72 112
72 115
72 119
73 3
73 9
73 10
73 16
73 18
73 19
73 21
73 23
73 28
73 34
73 38
73 42
73 52
73 56
73 57
74 4
74 7
74 15
74 18
75 3
76 17
76 21
76 22
77 3
77 6
77 12
77 14
78 2
78 8
78 12
78 14
78 17
78 21
78 26
78 65
78 66
79 3
79 73
79 77
79 88
79 100
79 112
79 118
79 130
79 139
79 148
79 154
79 157
79 167
79 173
79 177
80 10
80 11
80 35
80 38
80 43
80 46
80 48
80 58
80 67
80 81
80 86
80 88
80 98
80 105
80 108
80 129
80 143
80 155
80 157
80 169
80 171
80 180
80 186
80 188
81 3
85 11
85 23
85 24
85 31
85 32
85 33
85 39
85 41
85 49
85 51
85 60
85 61
85 62
85 63
86 1
86 10
86 17
86 20
86 27
86 30
86 60
86 171
86 173
86 174
87 2
87 4
87 8
87 11
87 12
87 71
87 74
87 78
87 91
87 94
87 95
87 102
87 129
87 130
87 138
87 139
87 148
87 150
87 152
87 161
87 165
89 47
89 51
89 59
89 112
89 117
89 118
89 126
89 127
89 139
89 142
89 150
89 151
89 161
89 172
89 175
89 179
89 181
89 183
89 184
89 186
89 196
89 200
89 205
89 213
89 214
90 1
90 6
90 65
90 73
90 83
90 90
91 124
91 125
91 126
91 135
91 138
91 139
91 141
91 143
91 146
91 150
91 152
91 153
91 155
91 158
91 159
92 7
92 12
92 18
92 30
92 31
92 36
92 37
92 40
92 56
93 1
93 4
93 17
93 23
93 25
94 1
94 3
94 5
94 15
94 21
94 47
94 52
94 53
94 60
94 75
94 76
94 77
94 82
95 31
95 43
95 136
95 141
96 12
96 15
96 21
96 24
96 27
96 28
96 31
96 37
96 39
96 41
96 43
96 77
96 80
96 81
96 85
96 86
97 7
97 16
97 18
97 19
97 21
97 35
97 41
97 48
97 66
97 83
98 7
98 12
98 21
98 40
98 43
98 49
99 6
99 7
99 10
99 22
99 28
99 38
99 40
99 45
99 47
99 49
99 50
99 179
99 182
99 193
99 203
99 210
99 212
99 217
