1 5
1 7
1 8
1 24
1 28
2 3
2 10
2 22
2 25
3 2
3 8
3 16
3 18
3 122
3 148
3 150
3 158
3 163
3 166
3 170
3 171
3 179
4 2
5 3
5 18
5 19
5 24
5 28
5 30
8 18
8 19
8 32
8 45
8 46
8 49
8 50
8 59
8 61
8 63
8 67
8 68
8 73
8 74
8 75
8 82
8 83
8 88
9 21
9 23
9 25
9 33
9 42
9 54
9 55
9 76
9 79
9 83
9 88
9 101
10 1
11 14
11 20
11 39
11 48
11 50
11 55
11 59
11 71
11 72
11 75
11 77
11 84
11 88
11 91
11 93
13 24
13 28
14 6
14 31
14 32
14 105
14 106
14 109
14 111
14 150
14 157
14 171
15 6
15 8
15 16
15 23
15 51
15 53
15 58
15 61
15 66
15 123
15 133
15 134
15 148
15 151
15 154
16 15
18 2
18 4
18 5
18 21
18 31
18 40
19 12
19 22
22 5
22 6
22 15
22 17
22 21
22 24
24 9
24 21
24 22
24 26
24 99
24 102
24 106
24 146
24 152
24 153
24 155
24 157
24 158
24 173
24 175
24 176
26 15
26 17
26 19
26 28
26 31
26 33
26 124
27 8
27 139
27 141
27 149
27 157
27 170
27 171
27 173
27 175
27 178
27 180
27 187
27 197
27 244
27 265
27 271
27 290
27 293
27 296
27 306
27 315
27 321
27 324
27 326
27 329
27 330
28 3
29 1
29 3
29 8
29 10
29 13
29 14
29 91
29 93
29 103
29 110
29 111
29 117
29 118
29 190
29 191
29 195
29 223
29 226
30 10
31 80
31 90
31 91
31 93
31 94
31 95
31 96
31 104
31 111
31 117
31 127
31 134
31 137
31 138
31 143
31 146
31 149
31 158
32 3
32 7
32 9
32 10
32 25
32 60
32 62
32 70
32 76
32 83
32 88
32 91
32 93
32 107
32 108
32 122
33 4
33 14
33 17
33 33
33 36
33 38
33 46
33 83
33 88
33 94
34 1
35 19
35 20
35 24
35 25
35 34
35 38
35 39
36 28
36 32
36 41
36 43
36 47
36 48
36 52
36 54
36 55
36 69
36 139
36 140
36 141
36 147
36 202
37 1
37 11
37 17
37 24
37 25
37 30
37 34
37 36
38 9
38 11
38 110
38 122
38 131
38 135
39 2
39 132
39 141
39 148
39 152
39 153
39 157
39 160
39 166
40 29
41 41
41 43
41 44
41 47
41 50
41 51
41 57
41 67
41 69
41 73
41 74
43 17
43 22
43 40
43 55
43 73
43 79
43 86
43 92
43 96
43 97
43 99
44 6
46 2
46 4
46 14
46 15
46 19
46 23
47 81
47 97
47 99
48 1
48 5
48 10
48 28
48 36
48 37
48 38
48 43
48 46
48 47
48 51
48 63
48 66
48 205
48 209
48 237
49 122
49 128
49 138
49 139
49 140
49 152
49 154
49 155
49 160
49 164
49 165
49 166
49 174
49 176
50 10
50 23
50 27
50 33
50 36
50 40
50 50
50 69
50 70
50 74
50 78
50 81
50 90
50 102
50 105
50 116
50 118
50 120
50 125
50 132
50 137
50 141
50 142
51 2
51 13
53 26
53 32
53 34
53 35
53 41
53 47
53 49
53 56
53 66
53 74
53 78
53 81
54 4
57 61
57 72
57 81
57 87
57 88
57 104
57 109
60 23
60 25
60 27
60 30
61 7
61 9
61 11
63 33
63 36
63 41
63 55
63 63
63 66
63 77
63 83
63 84
67 49
67 63
67 66
67 67
67 105
67 170
67 171
67 173
67 180
67 183
67 190
67 192
67 204
67 205
67 209
67 210
67 217
67 220
67 222
67 231
67 232
67 235
67 239
67 248
67 250
67 258
68 11
68 14
68 19
68 39
69 27
70 26
71 8
71 19
71 25
71 35
71 36
71 42
71 45
71 64
71 75
71 80
71 81
71 91
71 97
71 99
71 100
71 101
72 1
72 11
72 16
72 20
73 3
73 4
73 6
73 8
73 10
73 13
73 16
73 17
73 21
73 35
73 38
73 41
74 47
74 48
74 53
74 55
74 58
75 7
75 10
75 12
75 13
75 21
77 47
77 48
77 49
77 51
77 56
77 57
77 60
77 62
78 6
78 8
78 11
78 14
78 27
78 32
78 34
78 38
78 45
78 46
78 57
78 59
78 71
78 73
78 75
78 77
78 88
78 92
78 93
78 102
78 125
78 128
78 129
78 130
78 131
78 148
78 156
78 157
78 159
78 165
78 166
78 170
79 4
79 5
80 12
80 13
80 18
80 30
80 33
80 43
80 44
80 46
80 50
80 53
80 55
81 27
82 125
82 127
82 136
82 142
82 143
83 10
83 11
83 32
83 42
83 43
83 130
83 132
83 135
83 136
83 141
83 145
83 153
83 155
84 1
84 12
84 20
84 22
84 27
84 39
84 40
84 42
84 44
84 46
84 49
84 51
84 60
84 73
84 85
84 93
84 98
84 99
84 102
84 106
85 1
85 8
85 13
85 35
85 40
85 41
85 44
85 47
85 54
85 58
85 60
85 63
85 65
85 74
85 78
85 79
85 81
85 82
85 85
85 86
85 103
85 106
85 109
85 116
85 124
86 1
86 3
86 4
86 11
86 14
87 1
87 11
87 13
87 16
87 25
87 28
87 32
87 36
87 53
87 54
87 66
88 1
88 3
88 11
88 19
89 20
89 22
89 24
89 34
89 35
89 64
89 65
89 67
90 4
90 101
91 1
92 1
92 3
92 8
93 42
93 45
93 53
93 57
93 58
93 60
93 65
93 70
93 71
93 73
93 74
93 77
93 83
93 94
93 96
93 101
93 111
93 161
93 162
93 166
93 178
94 2
95 6
95 9
96 25
96 26
96 33
96 38
96 67
99 8
100 1
100 9
100 13
100 15
100 18
100 19
101 7
101 19
101 23
101 25
101 26
101 28
101 38
101 40
101 41
101 42
101 50
101 56
101 60
101 62
101 91
101 104
101 106
101 119
101 121
101 125
101 126
101 132
101 141
101 144
101 150
101 290
102 45
102 47
102 49
102 50
102 51
102 53
102 55
102 57
102 72
102 75
102 76
102 82
102 83
102 89
102 95
102 98
103 40
103 41
103 44
103 54
103 61
103 64
104 17
104 18
104 23
104 26
104 30
104 32
104 38
104 40
104 46
104 54
104 66
104 69
106 39
106 54
106 58
106 77
106 85
106 96
106 109
106 115
106 116
106 117
106 134
106 139
107 1
107 4
107 5
107 10
107 16
107 20
107 23
107 30
107 39
107 49
107 58
107 62
107 70
107 76
107 81
107 82
107 92
107 97
107 101
107 103
107 106
107 109
107 127
107 133
107 135
107 137
107 140
107 155
107 156
108 1
108 18
108 24
108 27
108 31
108 78
108 86
109 35
109 45
109 47
109 48
109 52
109 63
109 72
109 75
109 79
109 85
109 87
109 88
109 90
109 104
109 107
109 118
109 122
109 123
109 125
109 174
109 188
109 193
109 197
109 206
109 211
111 4
111 8
111 9
111 16
111 18
111 23
111 25
111 26
111 28
111 29
111 31
111 32
111 35
111 45
113 10
113 16
113 30
113 34
113 42
113 44
113 45
114 24
114 60
114 68
115 13
115 17
