1 4
1 26
1 30
1 37
1 118
1 124
1 126
1 129
1 135
1 144
1 146
1 166
1 169
1 172
1 174
1 176
1 181
1 183
1 190
1 198
1 220
1 226
1 240
1 253
1 255
1 266
1 272
1 278
1 291
1 295
1 296
1 300
2 1
2 5
2 6
2 19
2 21
2 23
2 29
2 33
2 34
2 36
2 40
2 50
2 73
2 75
2 85
3 6
3 9
3 10
4 32
4 41
4 49
4 67
4 75
4 82
4 83
4 88
4 92
4 101
4 102
4 108
4 111
4 116
5 4
5 26
7 22
7 25
7 31
7 41
7 45
7 56
7 60
7 79
7 86
7 90
7 91
7 122
7 123
7 132
7 138
7 139
7 142
7 145
7 148
9 2
9 7
9 10
9 12
11 1
11 14
11 15
11 22
11 26
12 18
13 29
13 32
13 36
13 42
13 44
13 49
13 50
13 53
13 65
13 66
13 67
13 68
13 69
13 72
13 73
13 76
13 78
13 86
13 128
13 133
13 137
13 139
14 4
14 13
14 20
14 32
14 37
14 38
14 54
14 55
14 74
14 84
14 91
14 95
15 2
15 6
15 15
15 20
15 27
16 7
16 13
16 14
16 18
16 32
16 34
16 39
16 44
16 45
16 52
16 57
16 64
16 66
16 79
16 83
16 93
16 96
16 104
16 106
16 110
16 111
16 125
16 126
16 128
16 131
16 134
16 144
16 147
16 278
16 283
16 284
16 287
16 288
16 291
16 293
16 296
16 302
16 303
16 311
16 317
16 319
16 395
16 419
16 430
16 432
17 143
17 147
17 162
17 166
17 171
17 172
17 181
18 15
20 35
20 44
20 59
20 60
20 65
20 67
20 71
20 78
21 8
21 40
21 43
21 44
21 58
21 64
21 68
21 75
22 8
22 10
22 12
23 98
23 99
23 101
24 1
24 6
24 26
24 30
24 32
24 53
24 60
24 74
24 78
25 42
25 44
25 59
25 68
25 74
25 79
25 88
25 90
25 105
25 108
25 112
25 124
27 30
27 34
27 58
27 61
27 63
27 69
27 70
27 76
27 79
27 80
28 11
28 21
28 23
28 27
28 28
28 34
28 36
28 39
28 43
28 66
28 68
28 90
28 104
28 111
28 112
28 128
28 129
28 132
28 146
28 154
28 161
28 163
28 165
29 1
29 10
29 21
29 151
29 157
29 158
29 159
29 162
29 164
29 170
29 176
29 178
30 10
30 18
30 23
31 10
31 11
31 13
31 17
31 18
32 5
32 11
32 15
32 25
32 29
32 46
32 56
32 59
32 62
32 65
32 66
32 70
32 83
32 90
32 91
32 93
32 94
32 105
32 114
32 115
32 119
32 123
33 22
33 26
33 30
33 33
33 38
34 14
34 20
34 29
35 78
35 92
35 97
37 29
37 30
37 32
37 41
37 58
37 69
37 70
37 76
37 86
37 96
37 100
37 101
37 118
37 129
37 132
38 11
38 13
38 16
38 19
38 26
38 27
38 29
39 11
39 13
39 22
39 59
39 60
39 62
39 63
39 67
40 1
40 5
40 13
40 14
41 6
41 8
41 9
41 16
41 17
41 23
41 29
41 39
41 41
41 42
42 2
42 5
42 9
42 15
42 21
42 24
42 28
43 32
43 33
43 35
43 39
43 52
43 58
43 59
43 65
43 75
43 80
43 81
43 88
43 92
43 95
43 106
43 108
43 125
44 3
44 4
44 19
44 21
44 31
44 36
44 49
44 53
44 56
44 58
44 59
44 67
45 2
45 6
45 14
45 21
45 25
46 3
46 4
46 15
46 16
46 18
46 23
46 24
46 27
46 30
46 35
46 41
46 47
46 59
46 61
46 63
46 70
46 75
47 2
47 5
47 20
47 21
47 23
47 33
47 34
47 37
47 43
48 1
48 2
48 9
48 10
48 11
48 16
49 1
49 14
50 11
50 13
50 18
50 22
50 25
50 35
50 37
50 49
50 53
50 72
51 38
51 49
51 52
51 57
51 59
51 67
51 80
51 86
51 94
51 97
51 108
51 109
52 3
52 11
52 20
52 21
52 22
52 28
52 37
52 44
52 48
52 76
52 86
52 95
52 100
52 104
52 106
52 131
52 134
52 142
52 144
52 145
52 150
52 153
52 166
52 169
52 174
52 177
52 180
52 182
52 185
52 188
53 3
53 10
54 1
54 4
54 11
54 14
54 24
54 155
54 158
54 159
54 160
54 166
54 167
54 170
54 171
54 180
54 181
54 184
54 185
54 186
54 189
54 191
54 195
54 200
54 203
54 206
56 17
56 19
56 20
56 23
56 31
56 34
56 43
56 45
56 52
56 57
56 63
56 75
56 88
56 90
56 102
56 103
56 104
56 106
56 110
56 111
56 115
56 120
56 126
56 127
56 136
56 146
56 153
56 162
56 164
56 165
56 167
57 40
57 41
57 42
58 4
58 5
58 8
58 31
58 38
58 44
58 46
58 51
58 52
58 54
58 74
58 78
59 2
59 13
59 17
59 26
60 19
60 28
60 34
60 37
60 40
60 43
60 44
60 57
61 13
61 22
61 23
61 26
61 29
61 53
62 2
62 7
62 9
62 10
62 26
62 28
62 30
62 35
62 46
62 54
62 59
63 3
65 18
66 116
66 119
67 10
67 11
67 14
67 17
67 24
67 39
67 41
67 50
67 61
67 62
67 69
67 77
67 84
67 100
67 117
67 124
67 128
67 131
67 132
67 134
68 7
68 9
68 16
68 20
68 22
68 35
68 54
68 56
68 61
69 3
70 5
70 21
70 46
70 52
70 59
70 70
70 75
70 77
70 81
70 82
70 89
71 7
71 136
71 137
71 143
74 4
74 9
74 11
74 16
74 17
74 21
74 94
74 103
74 108
74 111
74 124
74 131
74 133
74 135
74 137
74 141
74 178
74 179
74 194
74 200
74 201
74 212
74 227
74 230
74 232
74 235
74 236
74 238
74 247
74 248
74 250
74 252
74 260
74 262
74 267
75 1
75 11
75 28
75 35
75 36
75 38
75 46
75 49
75 50
75 65
75 66
75 73
75 81
75 88
75 92
75 112
75 115
75 123
76 3
76 17
76 18
76 22
76 42
76 46
76 48
76 50
79 13
79 29
79 30
79 36
79 37
79 40
79 42
79 55
79 60
79 62
80 8
80 17
80 21
82 9
82 18
82 22
82 23
82 28
82 30
82 35
82 41
82 59
82 63
82 68
82 71
82 76
82 77
82 85
82 86
82 100
82 111
82 125
82 127
82 129
82 133
82 139
82 142
82 159
82 162
82 176
82 177
82 178
82 181
83 1
83 8
83 16
83 18
83 19
84 3
84 25
84 40
84 45
84 54
85 2
85 19
85 28
85 32
85 43
85 44
85 53
86 16
86 23
86 44
86 48
86 50
86 51
86 56
86 58
86 59
87 14
87 19
87 25
87 30
87 31
87 35
87 40
87 53
87 55
88 30
88 37
88 38
88 41
88 53
88 58
88 63
88 71
88 83
88 85
88 89
88 90
88 94
88 141
88 145
88 147
89 2
89 6
89 7
89 8
89 9
90 32
90 36
90 37
90 39
90 40
91 119
91 120
91 135
91 138
91 144
91 145
91 146
93 2
93 7
93 11
93 19
93 21
94 5
94 12
94 14
94 23
94 30
94 41
94 49
94 57
94 72
94 74
94 76
94 79
94 80
95 20
96 29
96 32
96 38
96 40
96 41
96 44
96 49
96 57
96 62
96 73
96 75
96 85
96 86
96 90
96 93
96 96
97 28
98 10
98 12
98 24
98 25
98 39
98 41
98 53
98 66
98 85
98 117
98 118
98 120
98 128
98 144
98 145
98 149
98 152
98 159
98 176
98 181
98 189
98 192
98 194
98 199
100 42
100 61
100 121
100 129
100 136
100 140
100 142
100 154
100 165
101 28
101 34
101 37
101 41
101 43
101 45
102 5
102 8
102 10
102 19
103 6
103 9
103 19
103 27
104 77
104 81
104 86
104 91
104 263
104 268
104 275
104 279
104 281
104 287
104 289
104 290
104 291
104 300
104 304
104 315
104 318
104 320
104 322
104 324
104 326
104 328
104 335
104 337
104 348
104 355
105 2
105 6
105 10
105 13
105 18
105 21
106 19
106 28
107 1
107 13
107 17
107 29
107 43
107 44
107 47
108 8
108 13
108 18
108 20
108 22
108 25
108 26
108 33
108 36
108 39
108 56
