1 7
2 1
2 3
2 8
2 13
2 16
2 18
2 26
3 24
3 25
3 33
3 35
3 36
3 44
3 53
3 58
4 2
4 6
4 8
4 15
4 19
4 22
4 25
4 55
4 57
4 58
4 64
4 66
4 68
4 75
4 120
4 124
4 125
4 129
4 133
4 134
4 143
4 146
4 155
4 157
4 166
4 172
4 181
4 183
4 187
4 204
5 10
5 20
5 37
5 39
5 43
5 58
5 59
5 60
5 69
5 74
5 82
6 2
6 6
6 7
6 12
6 13
6 23
6 42
6 48
6 61
6 70
6 74
6 78
6 93
7 5
8 2
9 3
9 11
9 12
9 15
9 26
9 34
9 35
9 36
9 46
9 52
9 60
9 66
9 72
9 110
9 112
10 5
10 8
10 15
10 16
10 21
10 26
10 28
10 33
10 35
11 12
11 13
11 14
11 18
11 35
11 41
11 50
11 54
11 66
11 67
11 88
11 93
11 95
11 111
11 124
11 128
11 129
11 131
11 135
11 137
11 141
11 150
11 152
11 153
11 156
11 163
11 179
11 312
11 321
11 322
11 330
11 337
11 339
12 4
12 5
12 9
12 76
12 78
12 91
12 92
12 108
12 113
12 116
12 120
12 126
12 128
12 131
12 132
12 139
12 146
12 167
12 168
12 180
12 181
12 189
12 190
12 191
12 194
12 198
12 200
12 211
12 219
12 222
12 226
12 227
12 232
12 233
12 241
12 244
12 250
12 253
12 259
12 260
12 261
12 266
12 277
13 83
13 89
13 93
13 96
13 100
13 112
13 116
13 140
13 146
13 147
13 150
13 164
13 178
13 192
13 201
13 202
13 204
13 209
13 211
13 215
13 219
13 222
13 226
13 228
13 235
14 10
14 11
14 12
14 26
14 33
14 38
14 43
14 60
14 62
15 9
15 10
15 12
15 15
15 18
15 24
15 45
15 46
15 49
15 52
15 58
15 60
15 69
15 71
15 72
15 79
15 80
15 87
15 90
15 96
15 97
15 112
15 115
15 117
15 120
15 125
15 134
15 149
15 151
15 152
15 154
15 159
15 160
15 170
15 177
17 60
17 63
17 66
17 70
17 73
18 1
18 13
18 21
18 25
18 27
19 9
19 16
19 25
19 26
19 43
19 55
19 59
19 60
19 68
19 71
19 74
19 75
19 110
19 129
19 135
19 137
20 3
20 6
20 10
20 11
20 16
20 17
20 21
20 25
20 28
20 29
20 36
20 37
20 45
20 53
20 57
20 59
20 60
20 63
20 64
20 130
21 19
22 2
22 7
22 9
22 13
23 5
23 9
23 12
23 28
23 30
23 33
23 35
23 50
23 57
23 65
23 80
23 81
23 123
23 133
23 139
23 140
23 162
23 168
23 177
23 184
23 194
23 283
23 289
23 294
23 296
23 307
23 319
23 321
23 323
24 6
24 11
24 17
24 18
24 33
24 35
24 41
24 44
25 8
25 11
25 15
25 19
25 30
25 33
25 37
25 38
25 47
25 59
25 61
25 66
25 71
25 74
25 80
25 81
25 84
25 103
25 104
25 107
25 121
25 123
25 127
25 138
26 17
26 26
26 31
26 51
26 52
26 54
26 76
26 81
26 87
26 94
26 97
26 101
26 105
26 108
26 115
26 116
26 119
26 124
26 128
26 132
26 139
26 152
26 153
26 159
26 163
26 183
26 185
26 193
26 194
26 203
26 211
26 230
26 238
26 240
26 244
26 248
27 2
28 4
28 5
28 8
28 15
28 16
28 17
28 21
28 29
28 33
28 34
28 38
28 44
29 8
29 15
29 17
29 19
30 5
30 9
30 20
30 25
30 36
30 39
30 43
30 47
30 49
30 55
30 72
30 74
30 75
30 76
30 80
30 91
30 94
30 95
30 101
31 2
32 7
32 9
32 12
32 15
32 36
32 39
32 41
32 43
32 45
33 124
34 7
34 15
34 16
34 21
34 24
34 32
34 45
34 48
34 53
34 54
34 57
34 58
34 63
34 65
34 66
34 75
34 77
34 83
34 91
34 93
34 223
35 25
35 33
35 37
35 45
35 46
35 48
35 61
35 64
35 69
36 5
36 92
36 99
36 101
36 104
36 108
36 114
36 117
36 119
36 124
36 135
36 139
36 144
36 146
36 156
36 160
36 161
36 162
36 164
36 169
36 175
36 181
36 183
36 186
36 190
36 193
36 197
36 205
36 207
36 233
36 236
36 237
36 244
36 247
36 248
36 268
36 270
36 278
36 283
36 284
36 301
36 304
36 307
36 309
36 325
36 329
36 331
36 332
36 335
36 338
36 346
36 348
36 349
36 351
36 372
36 380
37 6
37 7
37 13
38 9
38 15
38 17
38 28
38 31
38 33
38 39
38 48
38 49
38 52
38 53
38 69
38 80
38 81
38 87
38 91
39 2
39 7
39 10
39 13
39 18
39 27
40 17
40 22
40 24
40 26
41 4
41 6
41 12
41 14
41 15
41 20
41 21
41 30
41 35
42 67
42 68
42 73
42 81
42 90
42 94
42 102
42 154
43 1
43 9
43 14
43 15
43 30
43 38
43 39
43 43
43 50
43 52
43 62
43 63
43 79
43 85
43 89
43 95
43 220
43 221
44 2
44 13
44 21
44 26
44 33
44 40
44 46
47 38
47 49
47 74
47 84
48 1
49 56
49 75
50 72
50 73
50 74
50 79
50 89
50 92
50 93
50 107
50 112
50 118
50 123
50 124
52 5
52 10
52 14
52 22
52 34
53 28
53 35
53 43
53 57
53 66
54 8
54 10
54 14
54 18
54 22
54 23
54 24
54 26
54 167
54 168
54 169
54 175
55 1
55 4
55 11
55 15
55 20
55 30
55 35
55 40
55 47
55 48
55 49
55 53
55 63
55 66
55 69
55 74
55 91
55 95
55 96
55 107
55 108
55 121
55 126
55 129
55 137
55 140
55 141
55 144
55 145
55 153
55 155
55 156
55 159
55 176
55 205
55 207
55 210
55 213
55 214
55 218
55 226
55 228
55 231
56 1
56 6
56 136
56 151
56 152
56 158
56 162
56 163
56 173
56 176
56 178
56 193
56 198
56 219
56 258
56 260
56 261
56 268
56 271
56 272
56 286
56 293
56 300
56 301
56 313
56 322
56 326
56 343
56 362
56 363
56 364
56 367
57 2
57 15
57 26
57 27
57 33
57 36
57 49
57 53
57 62
57 63
57 148
57 288
57 304
58 1
58 8
58 9
58 12
58 19
58 33
58 34
58 37
58 54
58 58
58 59
59 11
59 14
59 126
59 128
61 28
61 32
61 114
61 129
61 136
61 138
61 142
61 155
61 157
61 161
61 167
61 168
61 177
62 11
62 12
62 18
62 21
63 104
63 108
63 115
63 120
64 44
65 87
65 91
65 97
65 101
65 103
65 106
66 30
66 39
66 40
66 42
66 45
68 24
68 28
68 30
68 40
69 8
69 10
69 20
69 24
69 33
69 37
69 45
69 48
69 52
69 77
70 1
70 12
70 14
70 19
70 21
70 23
70 29
70 37
70 46
70 52
70 65
70 74
70 77
70 104
71 1
71 10
71 13
71 14
71 16
71 21
71 23
71 25
71 26
71 29
71 30
71 37
71 39
71 40
71 42
71 51
71 64
71 70
72 2
72 10
72 11
72 20
72 27
72 30
72 32
72 40
72 44
72 48
72 50
72 54
72 62
72 63
72 65
72 71
72 88
72 90
74 76
74 78
74 87
75 6
75 8
75 9
75 12
75 34
75 36
75 43
75 45
75 48
75 56
75 60
76 3
76 4
76 5
76 7
76 8
76 13
76 17
76 18
76 23
76 36
76 39
76 50
76 61
76 62
76 69
76 72
76 84
76 91
76 92
76 109
76 112
76 113
76 121
76 130
76 131
78 3
78 13
78 14
78 109
78 117
78 260
78 263
78 268
78 271
78 293
78 299
78 310
78 384
79 1
79 5
79 10
79 13
79 17
79 19
79 27
79 36
79 51
79 58
79 62
79 63
79 65
79 68
79 106
79 120
79 126
80 1
80 4
80 8
80 12
80 15
80 27
80 32
80 39
80 41
80 43
80 47
80 70
80 73
80 78
80 79
80 80
84 33
84 61
84 68
84 69
84 72
84 78
84 79
84 99
85 4
85 11
85 27
85 31
85 102
85 123
85 124
85 126
86 20
87 3
87 7
87 12
87 14
87 16
87 30
87 44
88 2
88 5
88 12
88 28
