1 4
1 12
1 13
1 18
1 23
1 42
1 45
1 46
1 54
1 59
1 60
1 62
1 67
1 72
1 73
1 75
1 80
1 93
1 96
1 100
1 103
1 108
2 1
2 7
2 8
2 11
2 16
2 18
2 19
4 6
4 7
4 8
4 18
4 25
4 36
4 38
5 120
5 122
5 123
5 132
5 135
5 139
5 140
5 142
5 152
5 158
5 166
5 169
5 179
5 180
5 189
6 91
6 102
6 103
6 108
6 113
6 114
6 120
7 8
7 10
7 11
7 13
7 16
9 39
9 59
9 60
9 66
10 11
10 14
10 16
10 17
10 20
10 24
10 25
10 45
10 51
10 63
10 70
10 82
10 97
10 104
10 105
10 107
10 109
10 127
10 135
10 142
10 143
10 149
11 12
11 14
11 16
11 17
13 35
13 38
13 49
13 54
13 56
13 58
13 60
13 61
13 65
13 68
13 69
13 84
14 79
14 91
14 93
14 97
15 133
15 136
15 140
15 142
15 147
15 157
15 180
15 192
15 201
15 205
15 207
15 213
15 217
15 226
16 64
16 65
16 72
17 4
17 9
17 23
17 28
17 36
17 43
17 51
17 52
17 53
17 54
17 58
17 65
17 160
17 162
17 167
17 169
17 171
17 173
17 196
17 200
17 215
17 223
17 226
17 227
17 244
17 251
18 1
18 9
18 10
18 11
18 20
18 25
18 26
18 29
18 34
18 35
21 2
21 3
21 5
21 6
21 10
21 13
21 21
21 26
22 42
22 60
22 76
22 78
22 83
22 85
22 92
24 9
24 25
24 26
24 28
24 29
24 43
24 48
24 54
24 56
24 58
24 65
24 68
26 5
26 32
26 33
27 2
27 17
28 20
28 22
28 26
28 28
28 36
28 50
28 54
28 55
28 59
28 66
28 67
28 78
28 81
29 1
29 15
29 27
29 30
29 33
29 34
29 40
29 43
29 45
29 46
29 52
29 63
29 65
29 66
30 5
30 10
30 14
30 18
30 20
30 33
31 8
31 12
31 16
31 17
31 28
31 39
31 45
31 49
31 52
31 58
31 69
31 70
31 72
31 93
31 94
31 99
31 101
31 111
31 114
31 115
31 122
31 130
31 133
31 136
31 143
31 166
31 170
31 171
31 182
31 195
31 201
31 203
31 236
32 2
32 3
33 16
33 22
33 36
33 45
33 70
34 13
34 15
34 17
34 19
34 26
34 52
34 62
34 63
34 72
34 74
34 76
34 85
34 94
34 100
34 103
34 112
34 116
34 117
34 121
34 123
34 128
34 140
34 145
34 151
34 164
34 165
34 174
34 175
34 177
34 182
34 187
34 193
34 199
34 201
34 206
34 208
34 209
34 215
34 217
34 220
34 225
34 229
34 230
34 235
34 239
34 244
34 256
34 306
34 316
34 339
34 340
34 341
34 351
34 352
34 358
34 359
34 366
34 391
34 399
34 401
34 406
34 450
34 455
37 36
37 45
37 54
37 61
37 69
37 83
37 86
37 87
37 91
37 100
37 101
37 105
38 3
38 7
38 15
38 16
38 24
38 25
40 51
40 52
40 54
40 57
40 59
42 14
42 19
42 20
42 24
42 30
42 32
42 37
42 48
42 51
42 52
42 53
42 58
42 61
42 73
42 84
42 88
42 91
42 92
42 98
42 105
42 114
45 3
45 6
45 7
45 12
45 14
45 15
45 18
45 27
46 1
47 2
47 3
47 6
47 43
47 46
47 47
47 55
47 57
47 58
47 61
47 64
47 87
47 89
47 92
47 102
47 114
47 115
47 120
47 132
47 145
47 146
47 149
47 152
47 154
47 157
47 160
47 167
47 168
47 182
47 183
47 185
47 186
48 7
48 8
48 12
48 16
48 17
48 21
48 24
50 10
50 14
50 16
50 19
50 22
50 28
50 32
50 35
50 37
50 47
50 48
50 52
51 7
51 8
52 14
52 15
52 18
52 21
52 24
52 25
52 82
52 84
52 85
52 86
52 88
52 92
52 93
52 96
52 97
52 119
52 125
52 132
53 119
53 125
53 126
53 195
53 198
53 202
53 208
53 211
53 218
53 227
54 1
54 2
54 9
54 14
54 17
54 20
54 23
54 25
54 28
54 30
55 16
58 1
58 5
58 6
58 11
58 25
58 28
59 15
63 3
63 7
63 9
63 11
63 12
63 13
63 14
63 16
63 20
63 22
63 25
63 36
63 40
63 42
63 72
63 75
63 76
63 83
63 93
63 96
63 113
63 114
63 117
63 133
63 140
63 144
63 152
63 156
63 158
63 161
63 163
63 165
63 169
63 175
63 190
63 195
63 196
63 198
63 208
63 226
63 232
63 240
63 275
63 278
63 281
63 282
63 283
64 2
64 16
64 19
64 22
64 23
64 28
65 14
65 20
66 3
66 7
66 12
66 13
68 21
68 22
68 24
69 1
69 2
69 4
69 9
69 15
69 21
69 37
69 38
69 40
69 50
69 52
69 117
69 128
69 134
69 138
69 140
69 143
70 68
70 73
70 78
70 97
70 98
70 107
70 115
70 118
71 1
71 8
72 14
72 21
72 22
72 26
72 30
72 46
72 57
72 60
72 62
72 69
72 75
72 76
72 77
72 79
72 83
72 92
73 24
73 26
73 42
73 44
73 61
73 64
73 66
73 74
73 75
73 84
73 90
74 12
74 18
74 23
74 32
74 33
74 35
74 36
74 39
74 49
74 77
74 80
74 85
74 86
74 97
74 99
74 105
74 113
74 119
78 8
78 11
78 12
78 17
78 18
78 30
78 42
78 45
78 49
78 54
78 67
78 73
78 77
78 80
78 92
78 93
78 114
78 115
78 116
78 130
78 132
78 133
78 136
78 138
78 155
79 6
79 7
79 19
80 3
80 8
80 9
80 15
80 16
80 17
80 18
80 23
80 29
80 33
80 41
80 44
80 54
80 59
80 72
80 95
80 103
80 113
80 118
80 122
80 125
80 139
80 146
80 153
80 160
80 163
80 169
80 184
80 188
80 203
80 214
80 217
80 221
80 225
81 4
81 9
81 22
82 2
82 8
82 18
82 20
82 23
82 26
82 32
82 39
82 44
82 54
82 56
82 150
82 151
82 154
82 158
82 160
82 176
82 183
82 190
82 193
82 194
82 196
82 199
82 268
83 26
83 38
83 41
83 45
84 33
85 23
85 26
85 34
85 36
86 6
86 12
86 16
86 22
86 23
86 28
86 29
86 31
86 32
88 4
88 22
88 32
88 42
88 47
88 48
88 49
88 52
88 55
88 58
88 63
88 64
89 7
89 9
89 11
89 19
89 34
89 164
90 8
90 11
90 14
90 18
90 24
90 26
90 29
91 6
91 13
91 16
91 30
92 3
92 12
92 18
94 71
94 73
94 75
94 76
94 77
94 80
94 86
94 89
94 92
94 96
94 105
94 109
94 111
94 118
94 119
94 120
94 130
94 131
94 139
95 52
95 55
95 59
95 61
96 1
97 4
97 12
97 13
97 47
97 50
97 51
97 53
97 68
97 70
97 86
97 87
97 94
97 103
97 109
97 110
97 112
97 124
97 129
97 147
97 150
97 152
97 161
97 164
97 166
97 186
97 188
97 198
97 210
97 216
97 218
97 236
97 238
97 253
97 257
97 261
97 335
97 342
97 344
97 346
98 3
98 11
98 13
98 16
98 19
98 23
98 24
98 33
100 24
100 29
100 35
100 49
100 56
100 63
100 64
100 76
101 7
101 16
101 24
101 29
101 31
101 63
101 67
101 72
101 74
101 84
101 89
101 93
101 96
101 98
101 99
102 1
102 6
102 9
102 11
102 142
102 143
102 150
102 155
102 156
102 164
102 168
103 75
103 77
103 88
103 100
103 108
103 110
103 116
103 119
104 4
104 14
104 27
104 42
104 45
104 48
104 52
104 54
104 64
105 9
110 3
110 6
110 8
110 21
110 23
110 26
110 29
110 32
111 7
111 8
111 13
112 48
112 52
112 54
112 56
112 67
112 73
112 77
112 83
112 84
112 89
112 94
112 99
112 112
112 116
112 118
112 120
112 126
115 33
115 40
116 16
116 25
116 31
117 4
117 11
117 13
117 23
117 31
117 32
117 36
117 40
117 42
117 45
