1 3
1 8
2 24
2 31
2 33
2 36
2 41
2 42
2 47
2 53
2 70
2 72
2 75
2 76
3 3
4 30
4 31
4 33
4 41
4 46
5 2
6 5
6 7
6 12
6 13
6 16
6 22
6 30
6 38
6 43
6 47
6 50
6 67
6 73
6 82
6 86
6 92
6 94
6 103
6 105
6 109
6 117
6 120
6 123
6 134
6 135
6 138
6 140
6 141
6 152
6 157
6 159
6 161
6 170
6 171
6 172
6 174
6 177
6 179
6 184
6 187
6 192
6 195
6 204
6 218
6 233
6 237
7 1
7 11
7 12
7 23
7 34
8 6
8 12
8 16
8 21
8 23
8 27
8 29
8 37
8 42
8 54
8 62
8 64
8 65
8 76
8 77
8 85
8 91
8 96
9 3
10 12
10 15
10 16
10 23
10 33
10 42
10 43
10 48
10 51
10 64
10 66
10 79
10 81
10 87
10 105
10 107
10 110
10 113
10 117
10 121
10 129
10 136
10 145
10 146
10 153
10 154
10 156
10 164
10 246
10 249
10 255
10 256
10 264
10 269
10 274
10 279
10 291
10 292
10 298
11 4
11 12
11 22
11 45
11 47
11 56
11 64
11 83
11 95
11 124
11 138
11 143
11 147
11 149
11 151
12 125
12 134
12 138
12 141
12 171
12 175
12 179
12 180
12 183
12 187
12 196
12 197
13 2
14 7
14 12
14 13
14 14
14 15
14 143
14 144
16 89
16 91
16 102
16 104
17 14
17 17
17 19
17 20
17 21
17 28
18 15
18 26
18 82
18 87
18 94
18 97
18 100
18 104
18 106
18 108
18 112
20 1
20 12
20 22
20 34
20 47
21 2
21 3
22 14
22 18
22 20
22 22
23 1
23 7
23 12
23 14
23 23
23 28
23 32
24 4
24 8
24 14
24 16
24 32
24 37
24 40
25 3
25 16
25 19
25 22
25 27
25 35
26 61
27 3
27 7
27 32
27 33
27 53
27 185
27 212
27 213
27 217
27 231
27 235
27 236
27 246
27 255
27 264
27 279
27 287
27 289
27 291
27 293
27 311
27 321
27 329
27 335
27 340
27 341
27 348
27 356
27 363
27 370
28 2
28 12
28 14
28 20
28 22
28 24
28 33
29 20
30 13
30 16
30 19
30 23
30 25
33 19
33 26
33 28
33 45
33 49
33 53
34 33
34 44
34 48
34 51
35 18
35 24
35 35
35 37
35 38
35 40
35 47
35 51
35 55
35 57
35 66
35 73
35 80
35 82
35 89
35 93
35 94
35 97
35 102
35 104
35 105
35 113
35 114
35 116
35 130
35 142
35 145
35 147
35 154
35 155
36 1
36 13
36 27
36 34
36 40
36 42
36 44
36 49
36 52
36 55
36 63
36 65
36 71
36 77
36 78
36 97
36 99
36 101
36 118
36 119
36 122
36 123
36 129
36 130
36 139
36 144
36 145
36 147
36 149
36 154
36 163
36 172
36 185
36 186
36 188
36 228
36 308
36 310
36 329
36 333
36 334
36 335
37 1
37 9
37 16
37 23
37 24
37 32
37 33
37 36
37 43
37 44
37 53
37 55
39 34
39 39
39 42
39 46
39 47
39 51
39 69
39 73
39 75
39 81
39 82
39 89
39 93
40 6
40 11
40 12
40 40
40 42
40 50
41 3
41 12
41 14
41 16
41 27
41 31
41 40
41 42
41 53
41 60
41 65
41 69
41 72
41 76
41 82
41 86
41 101
41 102
41 111
41 112
41 114
41 130
44 35
44 37
44 42
44 66
44 73
44 82
44 94
44 95
44 97
44 99
44 102
44 106
44 108
44 116
44 128
44 132
44 143
44 147
44 148
44 154
44 157
44 160
44 162
44 190
44 192
44 199
44 203
44 204
44 211
46 136
46 147
46 158
46 161
46 162
46 163
46 175
46 176
46 187
46 196
46 201
46 205
47 13
47 14
48 15
48 16
49 15
49 16
49 20
49 24
49 27
49 53
49 58
49 71
49 72
49 83
49 87
49 91
50 8
50 13
50 16
50 23
50 36
50 37
50 47
50 52
50 54
50 73
50 78
50 84
50 85
50 101
50 104
50 109
50 116
50 127
50 159
50 160
50 162
50 164
50 166
50 169
50 172
50 179
50 180
50 182
50 183
51 125
51 130
51 138
51 141
51 155
51 159
51 161
51 162
51 169
52 1
52 2
52 5
52 8
52 21
52 32
52 37
52 52
52 53
52 59
52 76
52 78
52 83
52 87
52 91
52 92
52 103
52 107
52 112
53 4
53 5
53 10
53 11
53 15
53 18
53 19
54 7
54 22
54 23
54 24
54 26
54 27
54 42
54 75
54 76
54 83
54 137
54 141
54 284
54 292
54 297
54 300
54 301
54 310
56 2
56 20
56 23
56 36
56 39
57 5
57 12
57 17
57 24
57 25
57 28
57 32
57 48
57 51
57 56
57 61
57 71
57 104
57 173
57 178
57 182
57 184
57 195
57 196
57 200
57 205
58 16
58 31
58 33
58 39
59 6
59 9
59 13
59 23
59 24
59 28
59 30
59 35
59 36
59 42
59 45
59 54
59 59
60 36
60 37
60 45
60 56
60 60
60 69
60 78
60 80
61 14
61 15
61 17
61 24
61 26
61 34
61 47
61 50
61 56
61 60
61 61
61 69
61 72
61 84
61 107
61 113
61 114
61 116
61 117
62 5
62 13
62 34
62 39
62 44
62 56
62 58
62 70
62 71
62 96
62 98
62 105
62 107
62 108
62 126
62 129
62 136
62 144
62 146
62 151
62 154
62 163
62 173
62 181
62 183
62 184
62 190
62 191
62 195
62 201
62 212
62 219
62 228
62 229
62 231
62 234
62 246
63 3
63 8
63 10
63 12
64 9
64 12
64 13
66 11
66 17
66 22
66 33
66 34
66 37
66 43
66 47
66 48
66 49
66 56
66 60
66 61
66 63
66 65
66 73
66 77
67 20
68 1
68 3
68 6
68 7
68 13
68 14
68 19
68 22
68 23
68 29
68 38
68 41
68 47
68 48
68 49
68 56
68 63
68 65
68 84
68 85
68 86
68 100
69 1
69 2
69 8
69 21
70 23
70 34
70 38
70 41
70 46
70 48
70 51
70 54
70 62
70 71
70 82
70 84
70 91
70 98
70 103
70 106
70 115
70 117
71 9
71 11
71 15
71 18
71 19
71 21
71 23
71 28
71 32
71 46
71 48
71 49
72 2
72 5
72 14
72 17
72 19
72 112
72 117
73 7
73 8
73 21
73 22
73 38
73 40
73 43
73 48
73 51
73 53
73 55
73 60
73 61
73 64
73 67
73 68
73 69
73 77
73 99
73 103
73 105
73 108
73 122
73 126
73 128
73 133
73 134
73 137
73 138
73 144
73 153
73 166
73 169
73 170
73 176
74 15
74 17
74 23
74 26
74 38
74 41
74 47
74 54
74 58
74 63
74 73
74 78
74 158
74 173
74 179
74 181
74 188
74 207
74 209
74 215
74 218
74 219
74 221
74 230
74 233
74 242
74 261
74 267
74 268
74 271
74 273
75 2
75 8
75 18
75 25
75 29
75 31
75 42
75 51
75 59
75 63
75 64
75 71
75 74
75 75
75 77
75 82
75 85
75 104
75 106
75 109
75 112
75 132
75 146
75 149
78 4
78 6
78 9
78 11
78 19
78 25
78 27
78 72
79 8
79 12
79 18
79 21
79 23
79 35
79 39
79 41
79 46
79 55
79 57
79 62
79 64
79 68
79 73
79 79
79 84
79 93
79 108
79 113
79 115
79 116
79 125
79 126
79 140
79 146
79 150
79 154
79 155
79 158
79 162
79 164
79 166
80 1
80 13
80 16
80 17
80 22
80 24
81 1
81 26
81 34
81 35
81 39
81 47
81 48
81 51
82 4
83 2
83 16
83 21
83 24
83 28
83 35
83 36
83 40
83 41
83 42
83 45
83 64
83 65
83 67
83 68
83 74
83 75
84 131
84 151
84 154
84 159
84 166
84 167
84 169
84 171
84 172
84 173
85 5
85 8
85 13
85 16
85 17
85 20
85 21
85 29
85 39
85 40
85 44
85 45
85 59
85 60
85 61
85 69
86 10
86 11
86 20
86 28
86 29
86 46
86 51
86 54
86 75
86 88
86 89
86 92
86 95
86 105
86 110
86 114
86 140
86 154
86 169
86 171
86 180
86 182
86 193
86 214
87 2
88 31
88 50
88 70
88 72
88 80
88 90
88 92
88 95
88 104
88 113
88 124
90 19
90 27
90 36
91 1
91 13
91 14
91 17
91 24
94 30
94 42
94 47
94 48
94 52
95 102
96 14
96 35
96 38
96 47
96 49
96 52
96 57
96 59
96 66
96 67
96 76
97 2
97 16
97 18
98 13
98 19
98 25
98 27
98 39
98 43
98 51
99 3
99 4
100 1
100 6
100 19
100 21
100 22
100 23
101 51
101 53
101 75
101 89
101 92
101 99
101 100
101 105
102 1
102 2
102 10
102 12
102 13
102 16
102 97
102 100
102 102
102 103
102 106
103 89
