1 7
1 8
1 11
1 23
1 26
1 35
1 43
1 44
1 46
1 48
1 75
1 87
1 93
1 98
2 5
2 7
2 17
2 22
2 26
2 27
2 29
2 30
2 32
2 33
2 35
2 43
2 52
2 59
2 64
2 65
2 70
2 80
2 81
3 1
3 17
3 18
3 19
3 24
3 43
3 53
4 2
4 3
4 6
4 13
4 14
5 109
5 112
5 133
5 135
5 141
5 142
6 1
6 2
6 10
7 57
7 67
7 80
7 81
7 84
7 85
7 87
7 100
13 11
13 26
13 35
13 60
13 61
13 69
13 70
13 72
13 85
13 108
13 119
13 121
13 123
13 124
13 125
13 127
13 129
13 135
13 141
13 151
13 152
13 157
13 172
13 199
13 201
13 208
13 217
13 225
13 229
13 231
13 247
13 248
13 250
13 252
13 254
13 257
13 271
13 273
13 277
13 278
13 282
13 283
13 295
13 296
13 297
13 306
13 316
13 330
13 331
13 336
13 337
13 342
13 345
13 348
13 362
13 365
13 370
13 371
13 380
13 388
13 395
13 397
13 398
13 400
13 404
13 427
14 27
14 32
14 40
14 57
14 66
14 73
14 81
14 83
14 94
14 104
14 108
14 118
14 141
14 163
14 175
14 179
14 181
14 190
14 193
14 200
14 205
14 208
14 212
14 217
14 224
14 226
14 242
14 245
14 247
14 251
14 252
14 263
14 264
14 269
14 272
14 273
14 276
14 279
14 283
14 285
14 287
15 1
15 6
15 12
15 17
15 39
15 44
15 46
15 56
15 73
15 79
16 82
16 85
16 90
16 95
16 99
16 108
16 110
17 7
17 15
17 17
17 22
17 46
17 47
17 54
17 55
17 56
17 186
17 208
17 217
17 221
17 228
17 232
17 233
17 240
17 243
17 247
17 257
17 261
17 269
17 278
17 291
17 316
17 325
18 6
18 9
18 20
18 25
18 29
18 61
18 62
18 69
18 73
18 80
18 97
18 101
18 102
18 104
18 116
18 121
18 122
18 123
19 1
19 5
19 12
19 19
19 22
19 29
19 34
19 35
19 37
19 41
19 45
19 50
19 54
19 56
19 57
19 63
19 65
19 71
20 59
20 63
20 72
20 88
20 91
20 100
20 115
20 117
20 123
20 133
20 137
20 138
20 139
20 150
20 171
20 173
20 175
20 181
20 185
20 186
20 192
20 193
20 195
20 197
20 204
20 238
20 253
20 256
20 263
20 279
20 280
20 283
20 284
20 285
20 288
20 289
21 2
21 21
21 26
21 43
21 54
21 66
21 68
21 78
21 84
21 90
21 95
22 12
24 73
24 84
24 86
25 8
25 21
26 2
26 19
26 20
26 22
26 23
26 26
26 28
26 42
26 46
27 1
27 7
27 25
27 29
27 34
27 37
27 45
27 46
28 3
28 8
28 10
29 1
29 6
29 11
29 18
29 19
29 28
29 33
29 42
29 50
29 52
29 54
30 26
30 28
30 31
30 33
30 48
30 56
30 71
30 79
30 92
30 93
31 48
31 58
31 68
31 71
31 75
31 78
31 79
31 80
31 94
31 103
31 113
31 114
31 136
31 142
31 145
31 148
31 149
31 153
31 157
31 158
31 168
31 170
31 174
31 193
31 197
31 202
31 219
31 224
32 22
33 20
33 21
33 28
33 29
33 30
34 2
34 14
34 23
34 36
34 38
34 40
34 51
34 55
34 56
34 60
34 66
34 67
34 68
34 70
34 75
34 77
34 79
34 96
34 99
34 112
35 4
35 10
35 18
35 19
35 26
35 35
35 40
35 41
35 42
35 50
35 66
35 73
35 77
35 81
35 84
35 94
35 100
35 112
35 127
35 131
35 137
35 143
36 28
36 30
38 19
38 24
38 39
38 40
38 42
38 60
38 65
38 70
38 86
38 89
38 113
38 115
38 121
38 136
38 138
38 267
38 271
38 277
38 278
38 290
38 291
38 292
38 300
38 302
38 310
38 316
38 318
38 321
39 1
39 7
39 8
39 10
39 18
40 13
40 14
40 29
40 33
40 44
40 48
40 57
40 58
40 59
41 3
41 8
41 14
41 141
41 143
41 150
41 151
41 157
41 160
42 2
42 5
42 7
42 17
42 20
42 27
43 11
43 17
43 33
43 38
43 44
43 45
43 49
43 52
43 137
43 150
44 44
44 45
44 48
44 55
44 57
44 63
44 65
44 72
44 73
44 86
44 89
44 94
44 97
44 103
44 105
45 28
45 32
45 34
45 40
45 45
45 48
45 50
45 52
45 57
45 78
45 80
45 86
45 89
45 92
45 97
45 108
45 109
45 122
45 135
45 140
45 143
45 146
45 149
45 155
45 176
45 177
45 202
45 204
45 339
45 340
45 352
45 357
45 360
45 364
45 365
45 374
45 391
45 397
45 400
45 407
45 409
45 414
45 416
45 418
45 421
45 437
45 445
45 453
45 460
45 467
45 469
45 483
46 28
46 40
46 44
46 46
46 58
46 70
47 1
47 2
47 7
47 12
47 31
47 34
47 40
47 43
47 44
47 57
47 59
47 64
47 65
47 115
47 120
47 125
47 127
47 129
47 130
47 133
47 143
47 148
50 25
50 28
50 29
50 31
50 35
50 40
50 41
50 46
50 50
51 22
51 28
51 29
51 58
53 109
53 120
53 122
54 7
54 9
54 13
54 14
55 23
55 29
57 5
57 30
57 32
57 34
57 37
57 44
57 45
57 47
57 59
57 61
57 71
57 72
57 76
57 87
57 92
59 1
59 6
59 14
59 24
59 46
59 50
59 57
59 61
59 63
59 66
59 69
59 70
59 74
59 78
59 81
60 11
60 12
60 21
61 8
61 33
61 37
61 40
61 44
61 51
61 52
61 54
61 63
61 64
61 70
61 73
61 75
61 77
61 209
61 211
61 222
61 226
61 236
61 243
61 248
61 249
61 256
61 259
61 262
61 265
64 65
64 68
64 70
64 72
64 76
64 79
65 33
65 44
66 6
66 10
66 12
66 16
66 30
66 32
66 33
66 168
66 176
66 182
66 193
66 210
66 216
66 218
66 222
66 224
66 226
66 227
68 75
68 121
68 160
68 177
70 17
70 18
70 22
70 35
70 44
70 52
70 56
70 61
70 70
70 71
71 36
71 37
71 47
71 49
72 135
72 141
72 144
72 146
72 147
72 149
72 150
72 151
72 167
73 6
73 13
73 19
73 20
73 40
73 60
73 66
73 97
73 98
73 102
74 1
75 10
76 5
76 12
76 15
77 20
77 24
77 25
77 26
77 28
77 37
77 40
77 44
77 48
77 50
77 53
77 55
77 56
77 69
77 75
78 3
78 19
78 23
78 30
78 34
78 37
78 42
78 46
78 54
78 60
78 63
78 65
78 69
78 73
78 77
78 79
78 87
78 88
78 100
78 103
78 105
78 108
78 117
78 120
78 124
78 128
78 153
78 160
78 179
78 190
78 192
78 198
78 201
80 43
82 3
82 5
82 28
82 40
82 122
82 136
82 144
82 147
82 159
82 162
82 163
82 165
82 167
83 38
83 47
83 54
83 57
83 70
83 73
83 74
83 75
83 78
83 82
83 94
83 125
83 127
83 129
83 133
83 134
83 137
83 264
83 268
83 280
83 286
83 290
83 291
83 308
83 311
83 324
83 326
83 336
83 337
83 350
83 351
83 392
83 397
83 404
83 431
83 432
83 438
83 441
83 443
83 445
83 450
83 451
85 20
85 171
85 173
85 174
85 180
85 181
85 195
85 199
86 3
86 5
86 18
86 20
86 25
86 28
86 35
86 36
86 38
86 40
86 43
86 44
86 51
86 56
87 10
87 12
87 13
87 21
87 28
87 39
87 47
90 72
90 83
90 84
90 86
90 87
90 103
90 108
90 116
90 124
90 127
90 136
90 144
91 2
91 3
91 6
91 10
91 18
91 25
91 31
91 38
91 40
91 42
95 11
95 16
95 20
95 22
95 24
95 26
95 45
95 46
95 54
95 56
95 62
95 65
95 74
