1 12
1 15
1 18
1 24
1 28
1 33
1 45
1 46
1 51
1 62
1 63
1 67
1 69
1 70
1 90
1 94
1 99
1 101
1 110
1 122
1 124
1 132
1 133
1 136
1 137
1 138
1 154
1 155
1 166
1 171
1 190
1 192
1 194
1 197
1 202
1 206
1 212
1 214
1 217
1 219
1 230
1 246
1 247
1 255
1 262
1 263
1 265
1 318
2 34
2 39
2 40
2 55
2 65
2 84
3 3
3 16
3 25
3 37
3 43
3 45
3 58
3 60
3 64
3 67
3 72
3 84
3 87
3 91
3 94
3 96
3 98
3 106
3 109
3 115
3 123
3 124
3 147
3 149
4 60
4 79
4 83
5 9
5 13
5 14
5 18
5 22
5 26
5 30
5 61
6 5
6 8
6 11
6 13
6 18
6 21
6 24
6 27
8 37
8 38
8 43
9 4
9 7
10 12
10 27
10 41
10 42
10 58
10 68
10 69
10 73
10 79
10 80
12 99
12 101
12 103
13 12
13 27
13 55
13 58
13 63
13 66
13 73
13 78
13 79
13 84
13 87
13 121
13 123
13 130
13 134
13 136
13 138
13 139
13 140
13 146
13 147
13 156
13 157
13 159
13 171
13 176
13 185
13 197
13 200
13 304
13 308
13 313
13 315
13 331
13 338
13 347
13 358
13 362
14 5
15 5
15 12
15 15
15 19
15 22
15 34
15 42
15 60
15 61
16 3
16 11
16 19
16 25
16 28
16 29
16 34
16 38
16 39
16 40
17 10
17 21
17 22
17 27
17 142
17 143
17 149
17 169
17 181
18 22
18 33
18 35
18 41
18 46
18 51
18 56
18 63
19 17
19 22
19 31
20 1
20 2
20 13
20 17
20 27
20 42
20 46
20 49
20 50
20 53
20 56
20 57
20 60
20 71
20 109
20 110
20 116
20 121
20 131
20 135
20 137
20 139
21 84
21 87
21 89
21 97
23 30
23 32
23 40
23 42
23 44
23 47
24 1
25 5
25 13
25 17
25 26
25 36
25 48
27 47
27 48
27 56
27 65
27 68
27 76
27 78
27 80
27 91
27 104
27 173
27 198
27 199
27 201
27 205
27 206
27 210
27 213
27 214
27 216
28 8
28 20
29 1
29 4
29 5
30 5
30 16
30 19
30 22
30 37
30 43
30 45
30 47
30 54
31 17
31 28
31 43
31 45
31 47
31 52
31 58
31 61
31 89
31 95
31 111
31 133
31 137
31 138
31 143
31 150
31 153
31 156
31 158
31 160
31 172
31 180
31 199
32 1
32 2
32 7
32 11
32 14
32 18
33 1
33 5
33 11
33 30
33 31
33 34
33 48
33 51
33 62
33 65
33 68
33 71
33 77
33 91
33 98
33 107
33 108
33 126
33 128
33 133
33 134
33 135
33 137
33 144
33 145
33 147
33 148
33 149
33 165
33 170
33 180
33 184
33 188
33 191
33 214
33 217
33 224
33 225
33 227
33 230
33 232
33 238
33 245
33 247
33 248
33 259
34 11
34 12
35 11
35 16
35 17
35 19
35 24
35 64
35 66
35 67
35 68
38 3
38 15
38 20
38 35
38 59
39 11
39 18
39 29
39 45
39 54
39 57
39 71
39 80
39 89
39 94
39 102
39 129
39 131
39 134
39 139
39 140
39 154
39 169
39 178
39 180
39 181
39 187
39 189
39 204
40 13
40 16
40 35
40 40
40 43
40 44
40 74
40 77
40 95
40 97
40 103
40 139
40 144
40 152
40 154
40 156
40 157
40 159
41 11
41 22
41 23
41 32
41 44
41 45
43 99
43 102
44 4
44 5
44 26
44 28
44 32
44 34
45 5
45 17
45 23
45 44
45 45
45 55
45 61
45 62
45 69
45 71
45 72
46 1
46 5
46 11
46 12
46 20
46 25
46 30
46 40
46 42
46 51
46 59
46 63
46 73
46 74
46 76
46 79
46 89
47 38
47 39
47 44
47 52
47 53
47 57
47 63
47 73
47 163
47 178
47 190
47 197
47 199
47 204
47 212
47 217
47 221
47 225
47 233
47 241
47 254
47 285
47 286
47 291
47 296
47 303
49 7
49 13
50 1
50 6
50 9
50 16
50 17
51 8
51 10
51 12
51 15
51 21
51 25
51 27
51 30
51 31
51 36
51 37
51 49
52 3
52 4
52 14
52 16
53 12
53 19
53 26
53 28
53 37
53 42
53 48
54 135
54 139
54 143
54 148
55 5
55 8
55 11
55 25
55 38
55 42
55 45
55 48
55 49
55 70
55 73
55 75
55 76
55 78
55 91
55 97
55 98
56 3
56 4
56 7
56 14
56 29
56 41
56 135
56 142
56 152
56 155
56 161
57 9
57 12
57 25
58 5
58 18
58 20
58 24
58 29
58 30
58 33
58 49
58 58
58 62
58 79
59 30
59 32
59 35
59 45
59 46
60 36
60 44
60 48
60 52
60 57
60 60
60 69
60 71
60 83
60 93
60 99
60 107
60 113
60 114
60 117
60 130
61 40
61 41
61 49
61 50
61 69
61 73
61 81
61 94
62 2
62 5
62 8
62 13
62 23
62 33
62 35
63 7
63 12
63 18
63 30
63 37
63 42
63 44
63 62
63 69
65 3
65 11
65 15
65 28
65 33
65 35
65 40
65 42
65 43
65 52
66 8
66 15
66 16
66 21
66 24
66 26
66 32
66 39
66 41
66 42
66 50
66 55
66 57
66 69
66 80
66 81
67 3
67 10
67 19
67 31
67 93
67 118
67 123
67 125
67 136
67 146
69 3
69 6
69 99
69 117
69 119
69 122
69 127
71 22
72 2
72 5
72 9
72 25
73 1
73 7
73 12
73 14
73 25
73 29
73 34
73 53
73 60
73 63
73 65
73 66
73 67
73 68
73 105
73 116
73 118
73 128
73 134
73 137
73 147
73 149
73 150
73 151
73 153
74 12
74 21
74 22
74 26
74 46
74 51
74 56
74 61
74 81
74 85
75 1
75 4
75 7
75 16
76 4
76 6
76 16
76 26
77 1
78 2
78 23
78 32
78 45
78 61
78 93
78 95
78 107
78 112
78 122
78 128
78 137
78 147
78 151
78 153
78 162
78 165
78 171
78 172
78 177
78 180
78 181
78 184
78 186
78 187
78 192
78 212
78 214
78 220
78 226
78 235
79 2
79 5
79 28
79 29
79 33
79 42
79 46
79 64
79 67
79 78
79 80
79 82
79 86
79 98
80 15
81 5
81 6
81 19
81 31
81 43
81 53
81 75
81 92
81 107
81 113
81 114
81 120
81 132
81 134
81 143
81 148
81 149
81 150
83 2
83 4
83 10
83 19
84 2
84 3
84 6
84 12
84 15
84 39
84 41
85 1
85 6
85 8
85 37
85 39
87 4
87 6
87 19
87 20
87 23
87 34
87 35
87 47
87 48
87 49
87 57
87 65
87 72
87 73
87 74
87 80
87 84
87 87
89 2
89 22
89 32
89 33
90 3
90 5
90 12
90 19
91 1
91 6
92 4
92 5
92 7
92 16
92 17
92 23
92 27
92 35
92 47
92 50
92 54
92 58
92 70
92 73
92 74
92 76
92 77
92 83
92 87
92 88
92 91
92 96
92 101
92 104
93 29
93 31
93 43
94 3
94 6
94 8
94 13
94 25
94 29
94 31
94 32
94 38
94 40
94 41
95 86
95 94
95 97
95 103
95 109
95 110
95 114
95 134
95 135
96 9
96 15
96 18
96 33
96 40
96 42
96 43
96 50
96 55
96 58
96 60
96 67
96 69
96 83
96 90
96 100
96 161
96 162
96 168
96 179
96 181
96 183
96 196
96 201
96 202
96 211
98 5
98 6
98 7
98 19
98 21
98 27
98 32
98 40
98 55
98 62
98 90
98 92
98 96
99 8
99 11
99 13
99 22
99 33
100 13
100 15
100 18
100 34
100 39
101 3
101 4
101 9
101 11
101 13
101 16
101 19
101 55
101 61
101 68
101 74
101 76
101 78
101 80
101 90
101 112
101 117
102 2
102 6
102 9
103 3
104 15
104 16
104 18
104 25
104 29
104 35
104 38
104 48
104 51
104 66
105 37
105 42
105 44
105 49
107 43
107 59
107 61
107 73
107 77
107 82
107 84
110 70
110 78
110 79
110 80
111 1
111 8
111 23
111 28
111 29
111 30
114 48
114 59
114 62
114 66
114 73
