1 3
2 5
2 10
2 11
2 15
2 17
2 146
2 175
2 177
3 7
3 25
4 3
4 7
4 11
4 32
4 38
4 41
4 47
4 61
4 82
4 85
4 87
4 91
5 81
5 85
5 94
6 13
6 18
6 19
6 20
6 25
6 29
8 28
8 32
8 39
8 40
8 43
8 53
8 70
8 72
8 75
8 76
8 96
8 122
8 132
8 135
8 137
8 148
8 149
8 150
8 151
8 155
8 169
8 172
8 175
8 215
8 220
8 222
8 224
8 225
9 1
11 1
11 5
11 9
11 17
12 87
12 95
13 1
13 5
13 8
13 19
13 28
13 30
13 41
13 44
14 8
14 22
15 1
15 2
15 14
15 28
15 37
15 40
15 42
15 44
15 47
15 51
15 55
15 57
15 89
15 108
16 14
16 21
16 26
16 40
16 45
16 48
16 58
16 76
16 90
16 94
16 95
16 96
16 97
16 99
16 100
16 109
16 111
17 3
17 5
17 11
17 15
17 17
17 22
17 23
18 39
18 48
18 50
18 54
21 27
21 42
21 44
21 46
21 52
21 56
21 59
21 63
21 64
21 67
21 69
21 70
21 75
22 8
23 1
23 7
23 8
23 12
24 7
24 12
25 17
25 22
25 32
25 70
25 71
25 73
25 79
26 1
26 5
26 11
26 18
26 20
26 24
26 33
26 47
26 55
26 61
27 10
27 25
27 30
27 38
27 42
28 13
28 16
28 18
28 49
28 52
28 62
28 64
28 73
28 127
28 131
28 250
28 251
28 255
28 263
28 286
28 293
28 297
28 302
28 318
28 319
28 336
28 347
28 349
28 350
28 352
28 357
28 363
28 368
29 3
29 6
29 8
29 9
29 58
29 60
29 70
29 72
30 7
30 8
30 9
30 13
30 14
30 63
30 70
30 77
30 79
30 82
30 85
30 90
30 92
30 93
30 134
30 139
30 147
30 148
31 1
31 5
31 11
31 128
31 131
31 139
31 146
33 79
33 80
33 86
33 87
35 11
35 19
35 29
35 31
35 33
35 40
35 43
35 52
35 54
35 69
35 83
36 5
36 12
36 14
36 19
36 24
37 21
37 25
37 39
37 43
37 45
37 53
37 55
37 56
38 4
38 6
38 13
38 16
38 35
38 37
38 39
38 40
38 44
38 47
38 51
38 53
38 55
38 56
38 66
38 72
38 78
38 83
38 87
38 91
38 101
38 105
38 109
38 128
38 138
39 83
39 86
41 39
41 42
41 49
41 58
41 77
41 80
41 87
41 92
41 98
41 101
41 103
41 110
41 113
41 134
41 135
41 152
41 156
41 165
41 167
41 171
41 173
41 177
41 178
41 180
41 182
41 184
41 278
41 279
41 283
41 290
41 304
41 307
41 324
41 332
41 333
41 336
41 339
41 340
41 350
41 358
41 360
41 362
41 363
41 378
41 379
41 380
41 387
41 392
41 402
41 407
41 412
41 414
41 423
41 426
41 433
41 444
41 447
43 5
43 8
43 9
43 13
43 17
43 18
43 29
43 31
43 32
43 49
43 50
43 61
43 81
43 86
43 94
43 142
43 147
43 225
44 2
44 7
44 18
44 41
44 69
44 83
44 89
44 102
44 104
44 107
44 109
44 131
44 135
44 144
45 2
45 3
45 5
45 27
47 5
47 7
47 8
47 9
47 26
47 28
47 29
47 30
47 31
47 37
47 46
47 48
47 50
47 51
47 56
47 59
47 63
47 64
47 68
49 3
49 8
49 17
50 10
50 15
50 24
50 34
50 38
51 70
51 72
52 6
52 71
52 83
52 96
52 98
52 109
52 151
52 158
52 161
52 166
52 167
52 176
52 177
52 187
52 191
52 192
52 204
52 218
52 219
52 221
52 225
52 231
52 239
52 244
52 248
52 250
52 255
52 256
52 269
52 270
52 273
52 280
52 287
52 288
52 293
52 294
52 298
52 307
52 309
52 326
52 333
52 347
52 348
52 354
52 364
52 379
52 383
53 1
55 2
57 13
57 17
57 21
57 23
57 25
57 42
58 5
58 6
58 12
58 14
58 21
58 26
58 29
58 67
58 73
58 83
58 88
59 18
59 22
59 27
59 38
59 41
59 43
59 46
59 54
59 61
59 62
59 71
59 77
61 37
61 41
61 49
61 60
61 68
61 70
61 81
64 52
64 63
64 71
64 79
64 84
64 85
65 2
65 3
65 11
65 15
65 16
65 17
65 23
65 26
65 27
65 30
65 33
65 34
65 46
65 56
65 61
65 65
66 2
66 5
66 7
66 52
66 57
66 66
66 69
66 72
66 79
66 91
68 96
68 97
68 105
68 107
68 117
68 118
68 123
68 139
69 182
69 183
69 187
69 196
69 199
69 202
69 203
69 205
69 206
69 208
69 210
69 219
69 223
69 226
69 227
69 236
70 1
70 4
71 6
71 88
71 89
71 97
71 101
71 118
71 121
71 135
71 153
72 59
72 68
72 75
72 77
72 124
72 128
72 132
72 137
72 140
72 143
72 144
72 146
73 1
73 16
73 20
73 21
73 40
73 44
74 7
74 19
74 25
74 33
74 35
74 36
75 2
75 16
75 20
75 23
75 25
75 28
75 30
75 33
75 42
75 44
75 48
75 60
75 63
76 19
76 25
76 33
76 35
76 42
76 44
76 46
76 53
76 63
76 73
76 75
76 80
76 86
76 88
78 54
78 55
78 62
78 72
78 94
78 159
78 166
78 173
78 175
78 182
78 183
78 184
78 188
78 189
78 194
78 205
78 208
78 212
78 215
78 227
78 228
78 230
79 23
79 52
79 58
79 82
79 89
79 96
79 97
79 100
79 103
79 107
79 111
79 117
79 122
79 127
79 136
79 141
79 145
79 155
79 159
80 5
80 7
80 11
80 12
80 18
80 20
80 24
80 27
80 30
80 31
80 39
80 42
80 62
80 66
80 70
80 74
80 80
80 81
80 83
80 87
80 93
80 94
81 2
81 8
81 10
81 15
81 19
81 20
81 22
81 26
81 40
81 49
81 63
81 64
81 65
81 67
81 72
81 73
81 74
81 86
81 92
81 93
81 95
81 97
81 99
81 108
81 113
81 116
81 117
81 119
81 122
81 123
81 129
81 133
82 41
82 48
82 50
82 51
82 58
82 66
82 70
83 8
83 9
83 18
83 21
83 22
83 23
83 26
83 28
83 30
83 31
83 42
83 56
83 60
83 65
83 68
83 70
83 73
83 74
83 78
83 86
83 87
83 92
83 94
83 95
84 9
84 11
84 17
85 2
85 9
85 32
85 36
85 41
85 54
85 101
85 102
85 108
86 7
86 24
86 32
86 39
86 44
86 52
86 56
86 81
86 86
86 93
86 97
86 101
86 103
86 111
86 114
86 119
86 128
86 129
86 144
86 150
86 156
86 158
86 163
87 83
87 84
87 87
87 92
87 95
87 100
87 105
87 112
87 113
87 116
87 119
87 130
87 133
87 142
87 149
87 150
87 152
87 155
87 161
87 163
87 172
87 175
87 178
87 196
89 78
89 85
89 90
89 96
89 101
89 103
89 109
89 112
89 120
89 122
89 137
89 143
89 146
89 156
89 172
89 187
89 188
89 196
89 199
89 201
89 206
89 217
90 2
90 13
90 14
90 16
91 8
91 12
91 20
91 55
91 57
91 61
91 65
91 69
91 73
91 79
91 83
91 89
91 96
91 103
92 5
92 13
92 14
92 51
92 54
92 55
92 58
92 66
92 68
92 69
92 86
92 88
92 91
92 97
92 108
92 109
92 110
92 113
92 118
92 159
92 161
92 171
93 1
93 12
93 23
93 36
93 40
93 44
93 50
93 57
93 59
93 64
93 76
93 81
93 85
93 87
93 92
93 93
93 95
93 184
94 2
94 11
94 25
94 27
94 29
94 39
94 46
94 51
94 52
94 61
94 62
96 6
97 19
97 20
97 26
97 31
97 38
97 50
97 59
97 64
97 67
97 80
97 81
97 88
97 90
97 96
97 100
98 2
98 3
98 8
98 20
98 29
98 90
98 93
98 95
98 121
98 122
100 25
100 26
101 3
101 4
101 7
101 11
101 12
101 18
101 27
101 34
101 37
101 47
101 54
102 10
102 17
102 43
102 51
102 52
102 54
102 55
102 76
102 77
102 80
102 99
102 107
102 108
103 30
103 31
103 36
103 37
103 38
103 43
103 44
103 46
103 55
103 63
103 65
103 66
103 74
103 105
103 106
103 110
104 24
104 40
104 53
104 65
104 79
104 96
104 108
