1 3
1 14
1 29
1 30
1 37
1 47
1 49
1 55
1 56
1 57
1 72
1 75
1 80
1 90
1 95
2 3
3 5
3 11
3 19
3 22
3 26
3 29
3 30
3 34
3 35
3 36
3 38
3 47
4 6
4 10
4 11
4 16
4 19
4 22
4 25
4 30
4 32
4 46
4 48
4 49
4 50
4 183
4 185
4 186
5 14
5 21
5 37
5 45
5 50
5 54
5 61
5 62
5 64
5 69
5 70
5 78
5 81
5 90
5 96
5 103
5 111
5 112
5 118
5 121
5 125
5 134
5 136
5 148
5 149
5 151
5 153
5 154
5 157
5 159
5 162
5 164
5 165
5 178
5 185
5 189
5 193
5 194
5 200
5 254
5 257
5 263
5 279
5 285
5 287
5 288
5 291
5 302
5 303
5 304
5 319
5 323
5 325
5 329
5 331
5 337
5 353
6 50
6 56
8 33
8 41
8 44
8 53
8 58
8 83
8 89
8 93
8 94
8 97
8 105
8 122
8 123
8 126
8 131
8 138
9 24
9 29
9 30
9 31
9 47
9 57
9 58
10 17
10 18
12 7
12 10
13 5
13 6
13 9
13 12
13 18
14 1
14 2
14 9
14 13
14 14
14 19
14 23
14 31
14 37
14 39
14 42
15 19
15 21
15 32
15 37
15 44
15 54
15 56
18 50
18 52
19 1
19 2
19 5
19 6
19 12
19 15
19 17
19 18
19 20
19 30
19 31
19 46
19 52
19 53
19 56
19 68
21 2
23 7
23 63
23 71
23 72
23 74
23 79
23 83
23 86
23 87
23 88
23 90
23 91
25 2
26 1
26 4
26 7
26 10
26 21
26 22
26 23
26 47
26 54
26 62
26 74
27 15
27 16
27 24
27 31
27 32
27 33
27 34
27 52
27 59
28 2
28 4
28 10
29 8
29 17
29 18
29 24
29 29
29 36
29 45
29 46
29 53
29 58
29 61
29 70
29 74
29 80
29 118
29 140
29 143
29 155
29 163
30 8
31 8
31 18
31 67
31 69
31 72
31 75
31 76
31 79
31 85
31 95
31 102
32 2
32 5
32 15
32 16
32 21
33 8
33 18
33 22
33 23
33 25
34 5
34 6
34 20
35 16
35 21
35 25
35 27
35 29
35 31
35 33
35 36
35 38
35 39
35 41
35 47
35 53
35 70
35 72
35 74
35 95
35 101
35 113
36 5
36 19
36 22
36 26
36 27
36 32
36 36
36 38
36 48
36 50
36 51
36 55
36 67
37 10
38 93
38 104
38 110
38 113
38 118
38 119
39 8
40 5
40 7
40 10
40 11
40 14
42 43
42 49
42 50
42 52
42 60
42 66
42 74
42 82
43 1
43 6
45 16
45 17
45 25
45 27
45 28
45 33
45 34
45 41
45 44
45 47
45 51
45 77
45 80
45 84
45 86
45 88
45 90
45 97
45 110
45 112
45 115
45 119
45 123
45 128
45 133
45 145
45 149
45 151
45 152
45 165
46 18
46 21
46 24
46 39
46 42
46 43
47 16
47 19
47 26
47 34
47 35
47 37
47 39
47 41
47 45
47 48
47 56
47 58
49 10
49 32
50 1
50 5
50 21
50 25
50 26
51 50
51 52
51 63
51 68
52 16
52 28
52 40
52 41
52 45
52 51
52 54
53 70
53 87
53 89
53 90
53 92
53 104
53 109
54 40
55 2
55 9
55 14
55 24
55 33
55 50
55 60
55 200
55 201
55 206
55 211
55 214
55 224
55 229
55 230
55 234
55 244
55 247
55 251
55 252
55 268
55 272
55 279
58 4
58 8
58 15
58 22
58 28
58 31
59 21
59 22
59 45
59 55
59 56
59 58
59 59
59 63
59 68
59 77
59 80
59 89
59 90
59 92
59 93
59 107
59 109
59 193
59 197
59 208
59 232
59 237
60 2
60 5
60 7
60 13
60 38
60 49
60 50
60 53
60 57
60 63
60 64
60 73
60 77
60 161
60 162
60 175
60 176
61 2
61 8
61 12
61 14
61 17
61 26
61 33
61 34
61 37
61 43
61 46
61 49
62 1
62 2
62 3
62 15
62 19
62 27
62 30
62 32
63 143
63 145
63 152
64 3
65 80
66 6
66 14
66 23
67 5
67 23
67 29
67 30
67 33
67 42
68 17
68 18
68 21
68 25
68 40
68 41
68 56
68 59
68 75
69 8
69 21
69 32
69 38
69 41
69 44
69 45
69 48
69 58
69 59
69 66
70 3
70 9
70 11
71 120
71 127
71 132
71 135
71 146
71 151
71 155
71 157
72 4
72 9
72 23
72 26
72 32
73 1
73 19
73 27
73 29
73 41
73 43
73 49
73 50
73 52
73 56
73 68
74 1
74 10
74 11
74 15
74 17
74 19
74 23
74 25
74 31
76 5
76 14
76 21
76 35
76 38
76 48
76 50
76 51
76 66
76 75
76 76
76 77
76 86
76 102
76 107
77 9
80 41
80 42
80 52
80 53
80 96
80 107
80 108
80 112
80 113
80 115
80 120
80 127
80 129
80 143
80 149
80 161
80 171
80 173
80 174
80 181
80 183
80 188
80 199
80 205
80 209
80 215
80 220
80 223
80 224
80 230
80 231
80 233
82 54
82 58
82 60
82 66
82 69
83 133
83 137
83 142
83 212
83 221
83 222
83 223
83 225
83 228
83 229
83 230
83 233
83 239
83 240
83 255
83 259
83 285
83 292
83 294
83 304
83 309
84 6
84 33
84 45
84 51
84 68
84 87
84 89
84 102
84 106
84 107
84 114
84 115
84 117
84 120
84 128
84 129
84 131
84 133
84 137
84 140
84 143
84 148
84 151
84 152
84 153
84 154
84 157
84 161
84 167
84 170
86 2
86 11
86 14
86 15
86 21
86 34
86 35
86 39
86 48
86 51
86 54
86 58
86 64
86 119
86 121
86 127
86 135
86 138
86 139
86 147
86 148
86 271
86 274
86 277
87 17
87 20
87 23
87 25
87 26
87 28
87 30
87 34
87 37
87 41
87 50
87 52
88 24
88 40
88 45
88 54
88 58
88 62
88 64
88 68
88 72
88 75
88 83
88 87
88 88
88 94
88 97
88 101
88 124
88 137
88 138
88 139
89 4
89 7
89 12
89 18
90 3
90 4
90 6
90 8
90 13
90 23
90 31
91 88
91 95
91 102
92 5
92 8
92 9
92 16
92 18
92 26
92 38
94 44
94 46
95 3
95 10
95 23
95 27
95 33
95 40
95 49
95 71
95 76
96 6
96 9
96 29
97 6
97 16
97 22
98 1
98 18
99 17
99 20
100 29
100 31
100 34
100 35
100 36
100 38
100 41
100 42
101 11
101 15
101 52
101 55
101 65
101 73
101 74
101 78
101 81
101 85
101 86
101 88
101 89
101 90
101 99
101 102
101 108
101 109
101 198
101 209
101 221
101 223
101 228
101 232
101 241
101 247
101 249
101 260
101 263
101 267
101 268
101 269
102 2
102 5
102 32
102 34
102 45
102 59
102 61
102 68
103 1
103 8
104 2
106 5
106 7
106 11
106 13
106 14
107 42
107 49
107 52
107 54
107 61
107 73
108 3
108 18
108 21
108 25
108 37
108 39
108 42
109 1
109 4
109 6
109 14
109 16
109 19
109 20
109 23
109 27
109 31
109 33
109 35
109 67
109 79
109 106
109 109
109 118
109 122
109 123
109 127
109 131
110 6
110 12
110 13
110 27
110 35
110 36
110 41
111 4
111 5
111 7
111 12
111 23
111 31
111 35
111 41
111 42
111 49
111 53
111 57
111 95
111 96
111 98
111 108
111 109
111 117
111 124
113 22
113 24
113 27
113 28
113 35
113 49
114 15
114 18
114 21
116 3
116 8
116 10
116 27
116 33
116 39
116 41
116 42
116 44
116 45
116 50
116 57
116 63
116 64
116 66
116 68
116 96
117 9
117 12
117 14
117 20
117 22
117 26
117 30
117 40
117 42
117 46
117 49
117 54
117 63
117 64
117 68
117 73
117 198
117 199
117 202
117 204
117 210
117 211
117 214
117 217
117 234
117 247
117 249
117 251
117 264
117 268
117 275
117 277
117 293
118 24
118 25
118 32
118 38
118 39
118 42
118 47
118 50
118 62
118 63
118 65
118 68
118 72
118 78
