1 2
1 5
3 9
3 10
3 18
3 22
3 42
4 3
4 5
4 6
4 8
4 26
4 31
4 37
4 50
4 53
5 5
5 11
5 17
5 27
5 32
5 37
5 45
5 50
5 53
5 55
5 59
5 61
5 67
5 72
5 79
5 91
5 93
6 3
6 17
6 19
6 21
6 22
6 33
6 34
6 51
6 56
6 58
6 61
6 63
6 65
6 66
6 85
6 87
6 92
6 96
6 102
6 103
6 104
6 113
6 116
6 122
6 123
6 125
6 126
6 131
6 135
6 143
6 171
6 188
6 199
6 210
11 53
11 60
11 63
11 67
11 68
11 74
11 76
11 78
11 80
11 81
11 93
11 94
12 8
12 14
12 19
12 25
12 26
12 34
12 37
13 5
13 11
13 23
13 24
13 40
13 42
13 49
13 52
13 54
13 55
13 60
13 62
13 65
13 66
13 67
13 82
13 87
13 90
13 95
13 100
13 106
13 110
16 37
16 54
16 55
16 61
16 62
16 67
16 69
16 71
16 72
16 74
16 76
16 84
16 93
16 94
16 100
16 107
16 119
17 2
17 8
17 11
17 25
17 26
17 41
17 42
17 45
17 61
18 9
18 14
18 20
18 26
18 29
18 39
18 42
18 44
18 46
18 48
18 53
18 61
18 62
18 67
18 70
18 72
18 73
18 77
19 23
19 25
19 26
19 29
20 2
20 10
20 14
20 22
21 2
21 6
21 35
21 38
21 42
21 44
21 46
21 49
22 4
22 17
22 19
22 24
22 36
22 56
22 59
22 67
22 71
22 78
22 91
22 105
22 108
22 116
22 118
22 126
22 166
22 170
22 192
22 198
23 20
23 33
23 44
23 51
23 66
23 71
23 74
23 80
23 82
23 87
23 88
25 27
25 40
25 45
27 53
27 67
27 68
27 69
27 74
27 78
27 83
27 84
27 91
27 95
28 4
28 9
28 19
28 22
28 27
28 30
30 7
30 11
30 15
30 19
30 27
30 44
30 51
30 61
30 64
30 70
30 71
30 77
30 91
30 96
30 99
30 102
30 111
31 2
31 3
32 1
35 55
35 67
35 72
35 145
35 147
35 162
35 163
35 176
35 182
35 185
35 187
35 198
35 200
35 203
35 221
35 225
35 226
35 232
35 242
35 246
35 247
35 254
35 255
35 270
35 276
35 283
37 55
37 56
37 59
37 69
37 82
37 98
37 101
38 1
38 4
40 4
40 7
40 8
40 19
40 21
40 25
40 29
40 30
40 32
41 10
41 15
41 20
41 23
41 36
41 38
42 7
42 12
42 14
43 2
43 7
43 11
43 14
44 2
44 6
44 11
44 24
44 29
44 32
44 33
44 35
44 42
44 43
45 5
45 6
45 8
45 12
45 13
45 18
45 20
46 7
46 26
46 36
46 40
46 55
46 56
47 2
47 7
47 19
47 27
47 31
47 33
47 35
47 36
47 41
48 13
48 16
48 19
48 27
48 29
48 31
48 44
48 49
48 53
48 186
48 191
48 205
48 207
48 211
48 239
48 242
48 243
48 245
48 247
48 260
48 277
48 279
48 280
49 6
49 24
49 31
49 33
49 38
49 41
49 42
49 43
49 44
49 46
49 48
49 50
49 57
49 58
50 1
50 5
50 7
50 13
50 26
50 29
50 42
50 53
50 55
50 59
50 61
50 63
50 65
50 78
50 85
51 84
51 107
51 108
51 109
51 113
51 119
51 122
51 124
51 126
53 124
53 139
53 141
53 144
53 145
53 149
54 3
54 4
54 5
54 7
54 15
54 19
56 5
56 8
56 9
56 10
56 22
57 4
57 18
58 18
58 19
58 21
58 23
58 24
58 26
58 38
58 39
58 55
58 75
58 79
58 95
60 38
61 4
61 6
61 9
61 15
61 23
61 24
61 105
61 107
61 110
61 117
61 127
62 5
62 11
62 13
62 27
62 36
62 46
62 48
62 52
62 54
62 55
62 56
62 60
62 63
62 67
62 84
62 88
62 89
62 93
62 96
62 99
62 100
62 101
62 102
62 111
65 16
65 26
65 42
65 53
65 55
65 59
65 65
65 66
65 85
65 90
65 98
67 93
67 95
67 103
67 105
67 108
67 117
67 127
67 133
67 138
67 143
67 149
67 151
67 152
67 158
67 160
67 162
67 168
67 233
67 235
67 236
67 239
67 240
67 242
67 253
67 255
67 271
67 275
67 287
67 289
67 298
67 300
67 303
67 307
67 318
67 322
67 331
68 2
68 8
68 14
68 15
68 24
68 26
68 27
68 46
69 18
71 1
71 3
71 7
71 11
71 15
71 22
71 28
71 29
71 43
71 47
71 62
71 64
71 65
71 74
71 78
71 86
71 91
71 97
72 23
72 26
72 29
72 30
72 36
72 38
72 41
72 46
72 50
72 61
72 62
72 69
72 70
72 72
72 76
72 78
72 79
72 87
72 91
72 93
72 107
72 109
72 111
72 120
72 121
72 126
72 128
72 129
72 139
72 140
72 147
72 155
72 160
72 167
72 175
72 177
73 10
73 15
73 19
73 21
73 43
73 44
74 1
74 5
74 6
74 13
74 19
74 22
74 34
74 37
74 44
74 45
74 53
74 55
74 57
74 60
74 80
74 82
74 84
74 86
74 88
74 91
74 97
74 102
74 106
74 107
74 113
74 116
74 122
74 124
74 130
75 1
75 5
75 19
75 25
75 33
75 38
75 40
75 42
75 43
75 58
76 3
76 5
76 10
76 13
76 16
76 20
76 25
76 61
76 69
76 80
76 85
76 88
76 91
76 100
76 102
76 103
77 3
77 7
77 23
77 32
77 79
77 81
77 84
77 91
77 94
77 98
77 104
77 109
77 117
77 118
77 134
77 173
78 11
78 12
78 13
78 19
78 21
78 33
78 45
78 46
78 56
78 60
78 61
78 66
78 73
78 75
79 3
79 9
79 13
79 16
79 18
79 23
79 41
81 15
81 20
81 32
81 33
81 36
81 43
82 3
82 5
82 9
82 22
82 47
82 52
82 55
82 59
82 69
82 75
82 81
82 96
82 101
82 104
82 105
82 115
82 124
82 128
82 132
82 138
82 144
82 147
83 2
83 30
83 33
83 35
83 36
83 38
83 42
83 44
83 53
83 55
83 57
83 65
83 74
83 76
83 83
83 87
83 88
83 93
83 94
83 95
83 99
83 109
83 110
83 118
83 120
83 121
83 124
83 125
83 128
83 130
83 131
84 3
84 12
84 19
84 32
84 35
84 36
84 39
84 56
84 60
84 64
84 73
84 83
84 99
84 106
84 119
84 123
84 124
84 134
85 44
86 4
86 28
86 38
87 1
87 3
87 4
87 5
87 7
87 10
87 15
88 64
88 66
88 67
88 68
88 176
89 1
89 10
89 14
89 17
89 20
89 22
89 41
89 45
89 48
89 53
89 61
89 67
89 83
92 33
98 47
98 51
100 73
100 83
100 86
100 96
100 98
100 109
100 111
100 112
100 117
100 129
100 133
100 134
100 140
100 143
100 157
100 159
101 1
101 7
101 10
101 11
101 14
101 32
101 36
101 45
101 50
101 52
101 53
101 58
102 8
102 9
102 11
102 12
103 9
103 138
105 76
106 11
106 102
106 105
106 110
106 116
106 120
106 124
106 126
106 128
106 132
106 133
106 146
106 149
106 152
107 1
107 13
107 19
107 24
107 28
107 29
107 31
107 33
107 36
107 40
107 47
107 61
107 70
107 78
107 79
107 83
107 89
107 192
107 213
108 6
108 7
108 12
108 16
108 17
108 24
108 28
108 31
108 33
108 36
108 37
108 43
108 45
108 46
108 58
108 59
108 64
108 65
108 68
108 75
108 78
108 81
108 93
108 97
108 103
108 117
108 131
108 133
108 137
108 141
108 152
108 154
108 159
108 163
108 170
108 174
108 175
108 182
108 186
110 82
110 83
110 84
110 87
110 89
110 92
110 100
110 107
111 9
111 18
112 8
112 9
113 43
113 55
113 61
113 66
113 78
113 81
113 96
113 111
113 116
113 120
113 125
113 135
113 136
113 153
113 154
113 157
113 159
113 161
113 163
113 170
114 1
114 8
114 9
114 14
114 28
114 30
114 33
114 40
114 46
114 47
114 50
114 61
114 64
114 67
114 72
114 84
114 85
114 89
114 94
114 95
114 108
114 112
114 114
114 116
114 117
114 120
114 124
114 140
114 143
114 153
114 155
114 158
115 1
115 3
115 13
115 20
116 6
116 12
116 26
116 28
116 30
116 32
116 37
116 38
116 49
116 55
116 71
116 72
116 83
116 87
116 91
116 99
116 101
116 104
116 114
116 115
116 121
116 126
117 4
117 12
117 14
117 30
117 38
117 41
117 52
117 61
117 62
118 50
118 57
118 60
118 77
118 93
118 116
118 119
118 120
118 122
118 126
118 146
119 5
119 19
119 24
119 25
119 32
119 33
119 45
119 47
119 48
119 79
119 83
119 84
119 89
119 91
119 94
119 107
119 114
119 116
119 119
119 126
119 132
119 165
119 167
119 172
119 185
119 198
119 201
119 206
119 211
119 221
