1 6
1 10
1 26
1 32
1 33
2 7
2 9
2 16
2 22
3 3
3 5
3 14
4 6
4 11
4 12
4 18
4 21
4 27
5 5
5 6
5 17
5 148
5 149
5 181
5 182
5 199
5 202
5 204
5 213
5 217
5 228
5 233
5 234
5 238
5 241
5 245
5 246
5 248
5 251
5 253
5 254
5 278
5 281
5 303
5 308
5 326
7 6
7 106
7 113
7 120
7 124
7 126
7 130
7 135
7 142
7 144
7 146
7 149
7 150
7 155
7 169
7 173
7 180
8 92
8 95
8 96
8 97
9 10
9 144
9 145
9 148
9 170
9 227
9 228
9 239
9 256
9 263
9 265
9 266
9 267
9 269
9 283
10 17
10 18
10 25
10 27
10 31
11 6
12 10
12 22
12 32
12 37
13 1
13 4
13 8
13 17
13 18
13 29
13 30
13 37
13 39
14 3
14 13
14 20
14 24
14 30
15 26
15 47
15 56
15 57
15 62
16 12
16 15
16 17
16 23
16 28
16 32
17 1
17 3
17 7
17 18
17 22
17 26
17 31
17 43
17 57
17 64
17 70
17 74
17 77
17 80
17 85
17 105
17 110
17 115
17 138
17 140
17 141
17 146
17 147
17 160
17 162
17 169
17 174
17 188
17 194
17 199
19 20
19 21
19 35
19 47
19 48
19 57
19 70
19 80
19 82
19 91
19 92
19 93
19 104
19 116
19 117
19 193
19 202
19 206
19 207
19 209
19 217
19 218
19 222
19 224
19 236
19 244
19 248
19 303
19 307
19 319
19 325
19 330
19 334
19 336
19 341
19 351
20 5
20 8
20 26
20 31
20 32
21 6
21 14
21 16
21 26
21 33
21 46
21 48
21 60
21 76
21 86
21 88
21 90
21 98
21 100
21 105
21 118
21 133
21 140
21 147
23 37
23 39
23 41
23 46
23 57
23 65
23 66
23 80
23 134
24 13
24 14
24 15
24 24
24 27
24 35
24 36
24 40
24 55
24 59
25 2
25 3
25 12
25 21
25 24
25 26
25 27
25 29
25 33
25 34
25 41
25 57
25 62
25 67
25 74
25 75
25 83
25 86
25 88
26 48
26 57
26 69
26 77
26 82
26 100
26 101
26 107
26 113
26 121
26 122
26 127
26 128
26 140
26 141
26 165
26 166
26 171
26 172
26 173
26 174
26 182
26 183
26 187
26 193
26 195
26 197
26 199
26 201
27 1
27 3
27 7
27 8
27 16
27 19
27 27
27 30
27 36
27 45
27 46
27 55
27 57
27 66
27 82
27 98
27 109
27 112
27 113
27 119
27 120
27 122
27 129
27 154
27 163
27 195
27 199
27 204
27 209
27 222
27 227
27 238
27 242
27 243
27 260
27 262
27 276
27 283
27 291
27 296
27 303
27 304
27 308
27 309
27 310
27 312
27 316
27 318
27 325
27 327
27 340
27 346
28 10
28 15
28 25
28 26
28 46
28 53
28 60
28 66
28 68
29 69
29 72
29 84
29 86
29 88
29 97
32 21
32 24
32 25
34 39
34 42
34 44
34 50
34 51
34 58
34 65
34 66
35 6
35 9
35 62
35 67
35 70
35 72
35 82
35 88
35 95
35 99
35 102
35 110
35 111
35 113
35 119
35 140
35 144
35 149
35 154
35 156
35 160
35 164
35 169
35 170
35 180
35 182
35 185
35 187
35 191
35 193
35 194
35 195
35 201
35 202
35 206
35 211
35 212
39 20
39 21
39 35
41 7
41 12
41 16
41 18
42 93
42 98
42 101
42 106
42 118
42 128
42 129
42 130
42 134
42 139
43 63
43 79
43 82
43 83
43 92
43 125
43 130
43 136
43 137
43 142
43 146
44 20
44 34
44 35
44 46
44 48
44 56
44 61
44 68
44 71
44 77
44 86
44 88
44 95
44 96
44 97
46 4
46 5
46 10
46 11
46 15
46 31
46 32
46 37
46 39
47 11
47 14
48 4
48 20
49 52
49 55
49 59
50 90
50 97
50 98
50 101
50 103
50 104
51 6
51 22
51 24
51 27
51 29
51 33
51 37
51 43
51 44
51 58
51 62
51 64
51 65
51 70
52 5
52 10
52 11
52 17
52 34
52 35
52 75
52 78
52 84
52 93
53 1
53 9
53 10
53 11
54 2
54 23
54 24
54 27
54 30
54 31
54 39
54 40
54 53
54 55
54 63
54 71
54 73
54 78
54 81
54 88
54 89
54 98
54 101
54 113
54 119
54 121
54 125
54 130
54 131
54 139
54 149
54 152
55 2
55 17
55 20
55 21
55 24
55 29
55 30
55 41
55 49
55 59
55 60
55 66
55 67
55 68
55 72
55 73
55 74
55 125
55 131
55 146
55 153
58 26
58 27
58 29
58 32
58 34
58 41
58 51
58 53
59 174
59 178
59 185
60 3
60 14
60 19
60 28
60 30
60 35
60 36
60 43
60 49
60 57
60 67
60 75
61 3
61 4
61 7
61 9
62 51
62 155
63 1
63 3
64 62
64 77
64 84
64 87
64 89
64 98
64 99
65 8
65 14
65 16
65 30
65 33
65 101
65 110
65 113
65 125
65 129
65 131
65 133
65 142
66 18
67 1
67 7
67 16
67 20
67 24
67 27
67 34
68 14
68 30
68 32
68 34
68 35
68 37
71 41
71 54
71 60
71 68
71 72
71 76
71 89
71 97
71 101
71 104
71 119
71 126
71 130
71 139
71 140
71 141
71 145
71 148
71 160
71 161
71 177
71 311
71 315
71 318
71 477
71 481
71 484
71 488
71 490
71 499
71 503
71 505
71 518
71 523
71 544
71 546
71 555
71 561
71 563
71 573
71 578
71 581
71 590
71 591
71 593
71 607
71 609
71 620
71 621
71 633
71 645
71 654
71 659
71 673
71 676
71 677
71 683
71 692
72 15
72 17
72 26
72 33
72 42
72 52
72 54
72 57
72 58
74 46
74 49
74 52
74 56
74 66
74 73
74 75
74 85
74 91
74 97
74 99
74 107
74 119
74 121
74 127
74 130
74 142
74 157
74 159
74 170
74 179
74 194
74 195
74 202
74 203
74 217
76 5
76 12
76 30
76 32
76 34
76 48
76 58
76 61
76 143
76 151
76 159
76 165
76 170
76 171
76 180
77 29
79 5
79 14
79 144
79 153
79 155
79 162
79 163
79 164
79 165
79 173
79 175
79 179
79 186
79 198
79 210
79 213
79 217
79 222
79 226
79 269
79 270
79 288
79 292
79 300
79 322
80 1
80 9
80 12
80 17
80 155
81 5
81 15
81 24
81 31
81 34
81 35
81 37
81 43
81 49
82 3
82 8
82 9
82 87
82 88
82 89
82 90
82 92
82 93
82 103
82 105
82 110
82 120
82 123
82 124
82 128
82 130
82 131
82 141
82 143
82 150
82 159
82 161
82 165
82 172
82 177
83 79
84 1
84 2
84 6
84 19
84 24
84 25
84 29
84 35
84 37
84 41
85 1
85 4
85 42
85 50
85 56
86 38
86 42
86 53
86 71
86 74
86 76
86 78
86 80
86 82
86 100
86 101
86 103
86 264
86 265
86 269
86 287
86 291
86 304
86 310
88 13
88 25
88 41
88 42
88 43
88 57
88 60
88 61
88 63
88 192
89 4
90 4
90 6
90 10
90 16
90 18
90 21
90 23
90 34
90 35
90 38
90 39
90 50
90 56
90 61
91 7
91 9
92 6
92 12
92 13
92 24
95 9
95 10
95 16
95 18
96 7
96 15
96 19
96 38
96 42
96 65
96 68
96 71
96 73
96 74
96 77
96 85
97 1
97 8
98 2
99 23
99 26
99 31
99 32
99 45
99 58
99 59
99 70
99 78
99 82
99 84
99 85
99 88
99 89
99 90
99 95
99 108
99 122
99 128
99 134
99 136
99 140
99 151
99 152
99 164
