1 1
1 7
1 10
1 15
1 17
1 22
1 25
1 29
1 34
1 39
1 43
1 47
1 53
1 58
1 61
1 74
1 82
1 96
1 97
1 100
1 123
3 2
3 8
3 17
3 24
5 1
5 5
5 9
5 10
5 15
5 21
5 28
5 29
5 31
5 32
5 44
5 63
5 66
5 67
5 70
5 77
5 78
5 88
5 104
5 105
5 106
5 111
5 120
6 6
6 18
6 23
6 26
6 33
6 37
6 41
6 45
6 46
6 54
6 69
6 70
6 72
6 91
6 98
6 105
6 107
6 108
7 50
7 68
7 75
7 76
7 94
7 98
7 106
7 109
7 111
7 122
7 126
9 8
9 10
9 11
9 17
9 18
10 9
10 15
10 16
10 24
10 32
10 47
10 49
10 52
10 71
14 86
14 90
14 100
15 22
15 33
15 43
15 44
15 46
15 51
16 2
16 16
16 22
17 4
17 5
17 10
17 14
17 20
17 21
17 43
17 45
17 46
17 48
17 51
17 53
17 56
17 65
18 1
18 5
19 3
19 8
19 10
19 31
19 32
20 13
21 2
21 4
21 10
21 11
21 12
21 16
21 20
21 26
21 34
21 35
21 37
23 27
23 30
23 39
23 49
23 58
24 2
24 5
24 10
24 18
24 23
24 48
24 93
24 95
24 100
24 102
24 104
24 108
24 113
24 114
25 5
25 7
25 8
25 20
25 33
25 35
25 48
26 1
26 9
26 16
26 20
26 28
26 29
26 32
26 40
26 44
26 46
26 49
26 62
26 67
26 72
26 84
26 89
26 97
26 102
26 107
26 111
26 119
26 131
26 135
26 137
26 140
26 146
27 5
27 6
27 11
27 21
27 29
28 1
28 3
28 26
29 8
29 9
29 12
29 28
29 38
29 40
29 47
29 56
29 60
29 75
29 140
29 144
29 150
29 151
29 154
29 159
29 160
29 171
29 174
30 1
30 3
30 7
30 10
30 24
30 28
30 31
30 42
30 47
30 80
30 82
30 86
30 89
31 6
31 8
31 10
31 20
31 25
31 26
31 28
31 44
31 53
31 54
31 64
31 74
31 84
32 2
32 3
32 5
33 14
33 15
34 4
34 22
34 33
35 7
35 13
35 17
35 19
35 24
35 29
35 31
35 34
35 38
35 39
35 40
35 43
35 45
35 56
35 66
35 70
35 72
36 8
37 2
37 6
37 12
37 13
37 18
37 19
37 33
37 39
37 40
37 41
37 44
37 45
37 46
37 51
37 54
37 74
37 81
37 84
37 86
37 90
37 92
37 101
37 105
37 106
37 114
37 123
37 129
37 130
37 137
37 250
38 1
38 6
38 7
38 13
38 14
38 22
38 27
38 34
38 37
39 8
39 14
39 18
39 22
40 61
40 74
40 82
40 84
40 87
40 88
40 97
41 4
41 9
41 24
41 27
41 30
41 32
41 50
42 48
42 54
42 55
42 63
42 74
42 78
42 167
42 171
43 4
43 7
43 11
43 15
43 27
43 31
44 23
44 31
44 38
44 48
45 66
45 75
45 76
45 77
45 116
45 132
45 133
45 135
45 153
45 156
45 160
45 167
45 168
45 182
45 196
45 198
45 206
46 7
46 9
46 13
46 15
46 23
46 40
46 44
46 49
46 64
46 72
46 73
46 80
46 82
46 85
46 86
46 89
47 129
47 137
47 140
48 10
48 12
48 35
48 38
48 48
48 50
48 55
48 58
48 63
49 4
49 6
49 8
49 9
49 20
49 31
49 45
49 47
49 48
50 13
50 15
50 27
50 29
50 35
50 39
53 50
53 55
53 63
53 66
53 67
53 97
54 87
54 90
54 95
54 98
54 107
54 109
54 111
55 14
55 15
55 22
55 30
55 31
56 15
56 19
56 20
56 27
56 28
56 35
56 49
56 56
56 64
56 68
56 72
56 75
56 83
56 109
56 113
56 115
56 116
56 119
56 135
56 136
56 146
56 157
56 175
56 182
56 186
56 187
57 1
57 6
57 10
57 21
57 24
57 34
57 45
57 47
57 57
57 71
57 77
57 96
57 97
57 106
58 4
58 5
58 8
58 16
58 18
58 27
58 28
58 31
58 43
58 44
58 77
58 79
58 144
58 150
58 157
58 165
58 167
58 172
58 174
58 188
58 192
58 196
60 23
61 4
61 13
61 15
61 16
61 21
62 2
62 13
62 18
62 19
62 23
62 26
62 46
63 35
63 36
63 37
63 38
63 48
63 55
63 59
63 65
63 71
63 74
63 157
63 159
63 164
63 165
63 171
63 172
65 22
65 110
65 115
65 116
65 117
65 212
66 147
66 149
67 2
67 4
67 11
67 35
67 36
67 41
67 42
67 44
68 1
68 5
68 7
69 1
69 3
69 114
69 154
69 176
69 181
69 198
69 199
69 206
69 212
69 222
69 226
69 233
69 234
69 237
70 1
70 2
70 12
72 27
73 8
73 10
73 13
73 22
73 25
73 26
73 27
73 41
73 43
73 44
73 49
73 55
73 59
73 67
74 1
74 7
74 20
74 28
76 40
78 26
78 30
79 5
79 7
80 9
81 5
81 7
81 21
81 25
81 33
81 36
81 40
81 175
81 208
81 210
81 213
81 218
82 3
82 8
82 19
82 20
82 23
82 28
83 1
83 9
83 14
83 19
83 20
83 22
83 24
83 25
83 30
83 50
83 51
83 55
83 61
84 6
85 8
85 14
85 29
85 32
85 43
86 11
86 18
86 20
87 27
87 34
87 37
87 41
87 51
87 52
87 56
87 58
87 196
87 206
87 208
87 213
87 221
87 222
87 232
87 235
87 242
89 57
89 199
89 202
89 213
90 11
90 22
90 43
90 53
90 63
90 69
90 71
90 72
91 7
91 16
91 21
91 22
91 30
91 39
91 40
91 43
91 47
93 22
94 4
94 5
95 33
95 126
95 133
96 2
96 7
96 13
96 18
96 21
96 22
96 23
96 26
96 34
96 48
96 51
96 54
96 56
96 58
96 67
96 69
96 73
96 133
96 138
96 140
96 146
97 2
98 22
98 28
98 29
98 36
98 38
98 41
98 43
98 44
98 45
99 16
99 20
99 21
99 23
99 36
100 5
100 26
100 56
101 2
101 9
101 10
101 18
101 21
101 24
101 27
101 28
101 33
101 40
101 44
101 63
101 67
101 81
101 83
101 85
101 92
101 93
101 105
101 117
101 122
101 124
103 15
103 20
103 22
103 29
103 49
103 52
103 63
103 65
103 70
103 201
103 207
103 210
104 2
104 4
104 5
104 20
105 1
105 4
105 11
105 17
105 18
105 24
105 31
105 48
105 54
105 55
105 64
105 66
105 69
105 78
105 85
105 96
107 6
107 15
107 30
107 34
107 35
107 37
107 38
107 41
107 42
107 44
108 96
108 98
108 100
108 106
109 6
109 8
109 9
109 12
110 5
110 9
110 15
110 34
110 43
110 44
110 46
110 59
110 65
110 67
110 69
110 73
110 77
110 83
110 85
110 90
110 94
110 103
110 105
110 112
110 141
110 142
110 147
110 203
111 5
111 6
111 11
112 4
112 10
114 34
114 39
114 49
114 56
114 57
114 58
114 66
114 74
114 81
114 87
114 90
114 96
114 114
114 116
114 120
114 128
114 164
