1 12
1 14
1 20
1 31
1 40
1 50
2 2
2 8
2 9
2 17
2 22
2 28
2 30
6 15
6 33
6 39
6 40
6 50
6 56
6 59
6 60
6 62
7 4
7 5
7 10
8 3
8 7
8 8
8 15
8 23
8 26
8 34
9 2
9 5
9 11
9 31
9 34
9 38
9 42
9 50
9 63
9 64
9 68
9 75
9 86
10 1
10 25
10 34
10 38
15 25
15 26
15 27
15 30
15 35
15 43
15 46
15 50
15 55
15 57
15 62
15 65
15 78
16 1
16 3
16 16
16 28
16 151
17 55
17 61
17 68
17 70
17 81
17 86
17 87
17 102
17 117
17 124
17 131
17 186
17 196
17 207
17 214
17 215
17 226
17 231
17 236
17 239
17 241
17 256
17 259
18 13
18 14
18 21
18 37
18 41
18 43
18 62
18 83
18 90
18 95
18 97
18 99
18 104
18 106
18 107
18 119
18 120
18 122
23 185
23 186
23 194
23 199
23 200
23 205
23 211
24 5
24 6
24 7
24 8
24 16
24 21
24 23
25 2
25 5
25 104
25 105
25 113
25 114
25 118
25 123
25 139
25 162
25 168
25 170
25 175
26 2
26 3
26 18
26 24
26 30
26 32
26 35
26 36
26 38
26 39
26 56
26 61
26 62
26 69
26 72
32 8
32 27
32 28
32 34
32 36
32 41
32 46
32 47
32 51
32 58
32 69
32 82
33 6
33 11
33 21
33 43
33 54
34 4
34 7
34 12
35 11
35 22
35 29
35 32
35 39
35 45
35 68
35 71
35 73
35 75
35 78
35 80
35 86
35 96
35 106
35 119
35 120
35 125
35 130
35 136
35 143
35 146
36 36
38 3
38 17
38 45
38 53
38 68
38 175
38 179
38 210
38 213
38 221
38 257
38 258
38 262
38 264
38 289
38 292
38 297
38 299
38 303
38 326
38 328
38 332
38 335
38 348
38 350
38 351
38 364
38 370
38 373
38 375
38 376
38 386
38 410
38 411
38 412
38 415
38 417
39 16
41 7
41 10
41 11
41 21
41 22
41 32
42 1
42 5
42 9
42 18
42 29
42 167
42 176
43 1
43 3
43 6
43 30
43 31
43 35
43 40
43 43
43 48
43 49
43 50
43 51
43 66
43 67
43 82
43 83
43 86
43 91
43 115
43 117
43 123
43 130
43 131
43 132
43 135
43 152
43 154
43 155
43 156
43 159
43 162
43 174
43 178
44 1
44 5
44 16
44 18
44 31
44 32
44 35
44 45
44 46
44 47
44 48
44 51
44 53
47 8
48 4
48 11
48 36
48 45
48 47
48 62
48 63
48 66
48 70
48 75
48 81
48 86
48 93
48 128
48 130
48 131
49 1
49 8
49 23
50 129
50 137
50 145
50 146
50 155
50 157
50 165
50 171
50 172
50 190
50 198
51 46
51 54
52 5
52 6
52 13
52 16
52 21
52 23
52 26
52 31
52 37
52 38
52 42
52 46
53 11
53 20
53 24
53 35
56 50
56 54
56 61
56 77
56 82
56 95
56 105
56 114
56 119
56 126
56 127
56 133
56 134
56 159
56 160
56 163
57 3
57 5
57 10
57 25
57 29
57 37
57 43
57 114
57 116
58 3
58 9
58 20
58 25
58 26
58 33
58 63
58 66
58 67
58 80
58 81
58 82
59 13
59 19
59 20
59 24
59 26
59 30
60 3
60 9
60 11
60 12
60 14
60 16
60 18
60 25
60 26
60 45
60 46
60 47
60 48
60 49
60 50
60 57
60 71
60 79
60 80
60 87
60 98
60 99
60 103
60 106
60 113
60 115
60 118
60 127
61 7
61 8
61 10
61 11
61 19
61 24
61 28
61 40
61 41
61 52
61 53
61 59
61 69
61 80
61 90
61 94
61 95
63 30
63 31
63 34
63 37
63 46
63 59
63 60
63 78
63 85
63 91
63 94
63 97
63 98
63 103
63 110
63 123
63 132
63 133
63 139
63 143
63 144
63 148
63 151
63 156
63 160
63 162
63 172
63 173
63 183
63 199
63 200
63 203
63 205
63 208
63 209
63 210
63 214
63 217
66 47
67 2
68 2
68 7
68 15
68 18
68 22
68 25
68 27
69 1
69 10
72 72
72 76
72 78
72 80
73 2
73 3
73 12
73 14
75 2
75 5
75 8
75 17
75 126
75 139
75 142
75 145
75 148
75 150
75 157
75 158
75 163
75 168
75 179
75 182
75 184
75 190
75 209
75 218
75 219
75 222
75 230
76 4
76 5
76 7
76 8
76 22
76 27
76 29
76 32
76 38
76 39
76 43
76 55
76 66
76 71
76 73
76 74
76 136
78 1
78 10
78 12
78 13
79 23
79 29
79 33
80 7
80 9
80 10
80 12
81 52
81 54
81 58
81 61
81 64
81 65
81 79
81 82
81 85
81 87
81 222
81 225
81 226
81 229
81 237
81 250
81 252
81 253
83 68
83 69
83 79
83 91
83 100
83 135
83 137
83 141
83 154
83 157
83 159
83 164
84 102
84 104
84 110
84 113
84 128
84 130
84 137
84 139
84 195
84 196
84 262
84 266
84 269
84 282
84 288
84 296
84 319
84 322
84 329
84 355
84 361
84 368
84 374
84 379
84 385
84 399
84 405
86 1
86 3
86 5
86 6
86 40
86 45
86 47
86 49
86 53
86 61
86 82
86 83
86 86
86 87
86 95
86 96
86 98
86 100
86 102
86 103
87 71
87 75
87 79
87 89
87 95
87 102
87 106
88 5
89 5
89 16
89 17
89 40
89 44
89 46
89 48
89 52
90 1
90 3
90 21
90 26
90 54
90 56
90 57
90 64
90 76
90 81
90 92
90 94
90 104
90 107
90 110
90 113
90 121
90 128
90 129
90 138
90 161
90 170
90 182
90 202
90 215
90 224
95 40
95 46
95 50
95 52
95 76
95 78
95 84
95 85
95 96
95 101
96 1
97 2
97 8
97 12
97 19
97 24
97 25
98 44
98 45
98 51
98 55
98 66
98 71
99 4
99 11
99 16
99 17
99 22
99 26
99 34
99 39
99 40
99 47
99 54
100 8
100 15
100 16
100 20
100 25
102 1
104 80
104 84
104 90
104 93
104 96
104 104
104 111
104 143
104 152
105 5
105 28
105 37
105 52
105 54
105 56
105 58
105 64
105 68
105 69
105 81
105 82
105 83
105 88
105 91
105 97
105 231
106 16
106 17
106 18
106 19
107 29
107 50
107 56
107 82
107 86
107 87
107 88
107 94
109 29
109 34
109 37
109 41
109 47
109 52
109 53
111 40
111 42
111 51
111 59
111 60
111 80
111 86
111 106
111 108
111 111
111 113
111 115
111 125
111 134
111 136
111 137
111 138
111 146
111 151
111 152
111 153
111 156
111 161
111 167
111 171
111 177
111 199
111 201
111 294
111 300
111 306
111 312
111 320
111 324
111 326
111 346
111 348
111 354
111 357
111 358
112 9
112 16
112 22
112 25
112 38
112 41
112 43
113 7
113 11
113 17
113 19
113 20
113 22
113 33
113 45
113 47
113 49
113 54
113 79
113 86
113 97
113 99
114 27
114 41
114 45
114 46
114 54
117 35
117 37
117 41
117 48
117 50
117 61
117 70
117 73
117 79
117 82
117 85
117 90
117 95
117 106
117 107
117 109
117 141
117 145
117 151
117 153
118 143
118 146
118 156
118 161
118 168
118 175
118 193
118 197
118 198
118 200
118 201
118 204
118 206
118 224
