1 1
1 7
1 8
1 18
1 23
1 27
1 28
1 31
1 41
2 1
3 4
4 18
4 36
4 37
4 39
4 43
4 49
4 52
4 55
4 59
4 61
4 63
4 69
4 70
4 74
4 83
4 85
4 86
4 87
5 5
5 6
5 12
6 4
6 7
6 11
6 15
6 18
6 21
6 40
6 49
7 9
7 17
7 18
7 19
7 24
7 26
8 13
8 32
8 56
8 80
9 1
9 2
10 4
10 12
10 23
10 37
13 8
13 21
13 25
13 38
13 43
14 113
14 122
14 124
14 136
18 37
18 47
18 50
18 54
18 58
18 63
18 75
18 76
18 77
18 95
18 96
18 99
19 13
19 21
19 24
19 33
19 35
19 38
19 46
19 66
19 68
19 135
19 146
19 149
19 153
19 157
19 158
19 159
19 164
19 186
19 188
19 197
19 201
19 204
19 205
20 36
20 38
20 42
23 5
23 14
23 15
23 23
23 30
23 35
23 49
23 50
23 74
23 78
23 93
24 3
25 13
25 27
25 28
25 32
25 42
26 7
26 10
26 11
26 17
26 18
26 34
26 36
26 37
26 39
26 41
26 44
26 48
26 51
28 37
28 45
28 53
28 54
28 56
29 8
29 26
29 34
29 36
29 37
29 39
29 41
29 44
29 45
29 50
29 52
29 75
29 81
29 86
29 87
29 88
29 91
29 96
29 111
29 116
29 125
29 127
30 7
30 8
30 11
30 29
30 37
30 172
30 173
31 4
31 9
31 15
31 24
31 33
31 35
31 39
31 46
31 48
31 60
32 1
32 5
32 10
32 51
32 53
32 64
32 70
32 77
32 93
32 94
32 103
32 118
32 120
32 127
32 134
32 147
32 149
33 1
33 2
33 11
33 12
33 32
33 41
33 46
33 52
33 56
33 66
33 68
33 71
33 93
33 100
33 102
33 123
33 139
33 140
33 153
33 165
33 168
36 6
36 7
36 9
36 26
36 29
36 39
36 54
36 60
36 64
37 2
37 3
37 9
37 67
37 74
37 77
37 80
37 81
37 87
37 89
37 93
38 1
38 4
38 13
38 14
38 16
38 18
38 37
38 47
38 59
38 70
38 78
39 8
39 12
39 141
41 5
41 9
41 10
41 12
41 22
41 24
41 26
41 27
42 12
42 13
42 31
42 33
42 34
42 40
42 41
42 45
42 54
42 64
42 71
42 183
42 185
42 260
42 265
43 17
43 20
44 4
44 5
44 7
44 11
45 4
45 22
45 29
45 39
45 40
45 46
45 50
45 53
45 58
45 65
45 71
45 80
45 82
45 187
45 191
45 203
46 11
46 28
46 29
46 35
48 23
48 25
48 42
49 11
49 16
49 17
49 21
49 26
49 44
49 57
49 61
49 62
49 71
49 72
49 75
49 77
49 143
49 149
50 5
50 8
50 12
50 14
50 18
50 24
50 27
50 30
50 33
50 37
50 42
50 46
55 15
55 21
55 23
55 24
55 27
55 28
55 32
56 4
56 13
56 15
56 18
56 19
56 24
56 25
56 28
56 33
56 34
56 45
56 47
56 48
56 51
56 53
56 61
56 79
56 89
56 95
56 100
56 106
56 107
56 115
56 118
56 128
56 142
56 154
56 155
56 164
56 166
56 168
56 180
56 184
56 186
56 187
56 189
56 196
57 10
57 13
57 22
57 25
57 27
57 36
57 37
57 40
57 56
57 62
57 63
58 8
58 14
58 24
58 27
58 30
58 51
58 61
58 63
58 64
58 84
58 85
58 89
58 92
58 95
58 96
58 97
58 98
58 99
58 101
58 103
59 1
59 2
60 65
60 70
60 71
60 86
60 95
61 1
61 5
61 22
61 51
62 2
62 8
63 1
63 11
63 13
63 151
63 156
63 157
63 160
63 162
63 295
63 299
63 305
63 307
63 310
63 312
63 315
63 316
63 329
63 330
64 2
64 3
64 8
64 27
64 29
64 33
64 34
65 35
65 40
65 41
66 5
66 8
66 15
66 16
66 23
66 28
67 2
67 11
67 13
67 27
67 156
67 176
67 177
69 22
69 41
69 42
69 54
69 55
69 58
69 63
69 65
69 66
69 68
69 77
69 78
69 84
69 85
69 86
69 88
69 89
69 107
69 117
69 121
69 125
69 143
69 148
69 212
69 214
69 215
69 219
70 11
70 31
70 43
70 45
70 54
70 57
70 62
71 2
71 16
71 22
71 25
71 31
71 36
71 37
71 46
71 48
71 51
71 54
71 59
71 90
71 95
71 103
71 104
71 107
71 238
71 240
71 242
71 245
71 252
72 1
72 2
72 8
72 11
72 12
72 13
72 14
72 16
72 17
72 22
72 23
72 26
72 33
72 37
72 41
72 48
72 70
72 72
72 73
72 89
72 103
72 106
72 111
72 120
72 121
72 126
72 129
72 130
72 136
72 141
73 4
73 5
73 11
73 12
73 16
73 26
73 31
73 37
73 38
73 39
73 43
73 44
73 49
73 51
73 52
73 58
73 59
73 64
73 65
73 67
73 90
73 93
73 100
73 104
73 115
73 118
73 122
73 123
73 124
73 126
73 127
73 132
73 133
73 137
73 148
73 151
73 160
73 162
73 164
73 174
76 21
76 23
76 24
76 97
76 98
76 100
76 102
76 109
76 118
76 126
76 254
76 257
76 265
76 267
78 8
78 15
78 19
78 20
78 29
78 30
78 31
78 34
78 35
78 43
78 47
78 50
78 54
78 65
78 67
79 4
79 6
79 69
79 77
79 83
79 85
79 96
79 106
79 110
79 113
79 115
79 118
79 121
79 127
79 133
79 204
79 206
79 217
79 218
79 225
79 236
79 238
79 241
79 244
79 245
79 248
79 252
79 263
79 264
79 266
79 271
79 291
79 300
79 302
79 309
79 429
79 431
79 437
79 439
79 442
79 446
79 448
79 454
79 467
79 479
80 26
80 30
80 31
80 38
80 42
80 45
80 57
80 65
80 70
80 75
80 81
80 84
80 86
80 95
81 26
81 27
81 33
81 38
81 40
81 47
81 49
81 51
81 54
81 64
81 68
81 74
82 7
82 12
82 29
82 30
82 35
82 169
82 172
82 178
82 187
82 188
82 190
82 193
82 200
82 201
82 206
82 207
82 211
82 221
82 229
82 236
82 238
82 244
82 248
83 1
83 3
84 18
84 24
84 29
84 35
84 36
84 39
84 40
84 43
84 49
84 51
84 54
84 56
84 64
84 69
84 71
84 83
84 88
84 92
84 113
85 4
85 5
85 10
85 19
85 21
85 23
85 27
85 33
85 34
85 36
85 39
85 40
85 50
85 54
85 60
88 9
88 13
88 14
88 22
88 23
88 25
88 29
88 34
90 10
90 25
90 29
90 32
91 9
91 10
91 11
91 12
91 16
91 25
91 42
91 46
91 52
92 2
92 14
92 18
92 28
92 36
92 38
92 45
92 66
92 67
92 69
92 160
92 167
92 176
93 3
93 8
93 10
93 18
94 16
98 17
98 18
98 20
98 33
98 40
98 43
98 49
98 54
98 60
98 61
98 63
98 66
98 73
98 75
98 109
98 195
98 201
98 205
98 221
98 239
98 249
98 252
98 260
99 7
99 19
99 27
100 1
100 12
100 13
100 15
100 25
100 46
100 47
100 48
100 50
100 61
100 65
100 70
100 84
100 92
100 94
100 97
100 102
100 103
100 112
100 116
100 122
103 35
103 48
103 51
103 52
103 56
103 63
103 72
103 80
103 90
103 92
103 108
103 109
104 1
104 9
104 25
104 26
104 35
104 37
104 38
105 11
105 14
105 20
105 24
105 31
105 35
105 38
105 44
105 49
105 57
105 58
105 62
105 67
105 71
105 76
105 77
105 84
105 92
105 100
105 104
105 113
105 115
105 137
105 138
105 148
105 153
105 155
105 158
105 160
105 162
105 164
105 174
106 11
107 21
107 22
107 25
107 26
107 37
107 38
107 43
107 45
107 49
107 57
107 60
107 62
107 68
107 72
107 84
107 86
107 90
107 93
107 94
107 96
107 101
108 5
108 6
108 11
108 23
108 29
108 30
108 35
108 38
108 39
109 2
109 6
109 13
109 17
109 26
109 28
109 32
109 40
109 45
109 49
109 50
109 56
109 60
109 67
109 72
109 79
109 80
109 86
109 87
109 91
109 109
109 111
109 124
109 128
109 131
109 209
