1 8
2 3
2 9
2 11
2 16
2 18
2 22
2 27
2 34
2 35
2 41
2 50
2 51
2 55
2 63
2 172
2 183
2 186
2 196
2 198
2 221
2 226
3 2
3 8
3 9
6 13
6 15
6 19
6 20
6 23
6 24
6 29
6 30
6 32
6 135
6 136
6 147
6 149
6 154
6 156
6 166
6 168
6 173
6 184
6 189
6 191
6 192
6 194
6 202
6 206
6 207
6 218
6 234
6 236
6 246
6 252
6 256
6 268
6 272
6 275
6 281
6 282
7 73
7 81
7 86
7 92
7 93
7 112
7 114
10 9
10 17
10 94
10 95
10 97
10 117
10 122
11 9
11 10
11 13
11 30
11 31
11 33
11 37
11 38
11 54
11 55
11 60
11 67
11 68
11 83
11 94
11 105
11 107
12 10
12 11
12 12
12 15
12 38
12 41
12 47
12 66
12 67
12 69
12 72
12 80
12 98
15 11
15 12
15 15
15 20
15 22
15 25
15 33
15 36
15 41
15 47
15 49
15 51
16 2
16 5
16 21
16 22
16 30
16 36
16 38
16 51
16 55
16 56
16 57
16 64
16 66
16 67
16 77
16 83
17 1
17 6
17 7
18 7
18 10
18 11
18 12
18 19
18 63
18 68
18 69
18 73
18 78
18 86
18 88
18 90
18 99
18 101
18 106
18 115
18 127
18 132
18 139
18 140
18 142
18 143
18 150
18 153
18 162
18 174
18 177
18 180
18 185
18 188
18 190
18 196
18 198
18 202
18 211
18 218
18 219
18 232
18 236
18 265
18 266
18 274
20 20
20 22
21 32
21 35
21 36
21 38
21 54
21 57
21 60
21 61
21 70
21 74
21 83
22 2
22 5
22 13
22 14
22 18
22 25
22 26
22 27
22 35
22 37
22 43
22 44
22 46
22 50
22 58
22 65
22 66
22 71
22 74
22 82
22 85
22 89
22 92
22 106
22 113
22 117
22 120
22 122
22 129
22 130
22 135
22 136
22 138
22 141
22 143
22 149
22 151
22 155
22 159
22 186
22 194
22 196
22 200
22 205
22 208
22 209
22 212
22 213
22 214
23 24
23 28
23 33
23 35
23 38
23 41
23 48
23 60
23 64
23 65
23 77
23 79
23 93
23 107
23 108
23 115
23 120
23 124
23 135
24 12
24 13
25 60
25 66
25 77
25 99
25 113
25 122
25 129
25 138
25 143
25 149
25 158
25 165
25 176
29 14
30 3
30 6
30 9
30 10
30 27
30 30
30 40
30 49
30 53
31 52
31 54
31 56
31 161
31 166
31 169
31 178
31 184
31 202
31 208
31 209
31 213
31 225
31 240
31 242
31 246
31 247
31 251
31 255
31 281
31 286
31 303
31 306
31 307
31 310
31 316
31 320
31 326
31 329
31 330
31 332
31 336
31 342
31 355
31 367
31 370
31 378
31 379
31 384
31 391
31 392
31 396
31 397
31 400
32 6
32 35
32 47
32 49
32 56
32 63
32 65
32 67
32 79
32 80
32 83
32 89
32 92
32 106
32 109
32 114
32 117
32 118
32 119
32 120
32 122
32 123
32 130
32 138
32 142
32 145
32 150
33 1
34 3
34 10
34 13
34 19
35 26
35 30
35 31
35 33
35 36
35 40
35 42
35 45
35 46
35 48
37 11
38 1
38 2
38 3
38 6
38 8
38 9
38 23
38 36
38 51
38 62
38 65
38 66
38 68
38 81
40 9
40 13
40 14
40 18
40 19
42 3
42 8
42 17
42 25
42 30
42 31
42 33
42 45
42 59
42 63
42 79
42 90
42 97
42 102
42 108
42 130
42 134
42 137
42 138
42 142
42 146
43 1
43 12
43 15
43 19
43 21
43 25
43 44
43 45
43 48
43 58
43 64
43 66
44 2
44 4
44 8
44 12
44 17
45 2
45 7
45 15
45 30
45 32
45 38
45 40
45 44
45 70
45 71
45 77
45 83
45 86
45 87
45 89
45 92
45 97
45 99
45 101
45 108
45 116
45 122
45 131
45 132
45 135
46 17
46 23
46 36
46 38
46 46
46 51
46 52
46 56
46 59
46 62
46 72
46 98
46 100
46 105
46 137
46 142
47 6
47 24
48 27
49 3
49 9
49 10
49 12
49 15
49 28
49 45
49 53
49 60
49 72
49 73
50 1
50 12
50 15
50 22
50 24
50 29
50 32
50 45
50 55
51 15
51 19
51 20
51 27
51 29
51 30
51 47
51 59
51 60
51 63
51 75
51 83
52 6
52 19
52 39
52 47
52 57
52 59
52 61
53 13
53 27
53 28
53 30
54 3
54 18
54 23
54 27
54 31
54 32
54 36
54 53
54 81
54 92
54 93
55 3
55 5
55 6
55 9
55 10
55 11
55 25
55 30
55 34
55 53
56 2
58 60
58 61
58 66
58 69
58 83
58 85
58 86
59 51
59 53
59 55
59 66
59 79
59 90
60 2
60 13
60 19
60 21
60 22
60 37
60 39
60 52
61 1
61 6
61 9
61 10
62 3
62 11
62 14
62 38
63 19
63 25
63 26
63 30
63 34
63 35
64 5
64 11
64 13
64 22
64 28
64 35
64 36
64 39
64 42
64 49
64 56
64 68
64 69
64 72
64 75
64 82
64 84
64 88
64 96
64 100
64 104
64 110
64 116
64 127
64 129
65 114
65 124
65 131
65 137
65 140
65 147
65 148
65 152
65 162
65 164
65 170
65 175
65 177
66 24
66 26
66 33
66 34
67 2
67 9
67 22
67 24
67 31
67 41
67 44
67 50
67 52
67 59
67 64
67 67
67 78
67 83
67 86
67 89
67 103
67 115
68 7
68 209
68 214
68 225
68 234
68 238
68 240
68 255
68 259
68 260
68 274
68 277
68 292
68 303
68 306
68 308
68 314
68 315
68 316
68 317
68 318
68 319
69 1
69 2
69 7
69 8
69 11
69 30
70 5
70 7
70 8
70 13
70 14
70 20
70 24
70 33
70 180
70 196
70 200
70 204
70 205
73 88
73 90
73 92
73 97
73 101
73 111
73 112
73 125
73 133
73 134
73 145
73 148
74 11
74 17
74 21
74 25
74 29
74 31
74 34
74 38
74 56
74 58
74 62
75 7
75 22
75 29
75 30
75 35
75 40
75 44
75 54
75 66
75 78
75 82
75 84
75 101
75 102
76 4
76 13
76 18
76 29
76 31
76 32
76 34
76 36
76 38
76 44
76 49
76 55
76 56
76 60
76 67
76 76
76 85
76 86
76 88
76 89
76 91
76 191
76 196
76 200
76 201
76 203
76 215
76 220
76 225
77 4
77 5
77 8
77 11
77 12
77 19
77 22
77 27
77 31
77 36
77 42
77 51
77 76
78 41
78 48
78 58
80 16
80 33
80 65
80 66
80 68
80 72
81 30
81 35
81 47
81 52
81 53
81 62
81 69
81 81
81 85
81 93
81 98
81 113
82 4
82 8
82 15
82 18
82 19
82 25
82 31
84 2
84 12
85 1
85 5
85 9
85 16
85 17
86 7
86 8
86 18
87 94
87 101
87 134
87 135
87 254
87 257
87 261
87 269
87 274
87 275
87 276
87 281
87 285
88 2
88 9
88 17
88 18
88 26
90 1
90 6
90 12
90 40
90 41
90 44
90 47
90 54
90 66
90 70
90 76
90 80
92 37
92 41
92 42
92 45
92 47
92 48
92 63
92 76
92 87
92 97
92 100
92 105
93 13
93 15
93 16
93 18
93 31
93 33
93 92
93 97
93 98
93 107
93 113
93 116
93 119
93 134
93 137
93 148
93 154
93 155
93 181
93 186
93 195
93 212
93 214
93 215
93 218
93 219
93 222
93 245
94 10
94 11
94 12
94 19
94 25
94 28
94 34
94 35
94 36
94 39
94 54
94 62
94 65
94 67
94 70
94 73
94 74
94 77
94 79
94 81
94 84
94 93
94 95
96 37
96 43
96 57
96 62
96 79
96 213
96 215
96 222
96 223
97 15
97 17
97 35
97 42
97 51
97 67
97 81
97 85
98 2
98 6
98 7
98 8
98 18
98 28
98 39
98 41
98 43
100 2
100 3
100 9
100 18
100 22
100 25
100 26
100 28
100 30
100 36
100 37
100 40
100 100
100 102
101 5
101 13
101 20
101 31
101 36
101 39
101 42
101 59
101 62
101 67
101 70
101 73
101 74
101 76
102 34
102 39
102 41
102 42
102 47
103 6
103 19
103 21
103 23
103 28
103 30
103 31
103 34
103 36
103 39
