1 10
1 12
2 8
3 1
3 69
3 77
3 79
3 90
3 92
3 97
3 99
3 107
3 112
3 113
3 120
3 167
3 175
3 176
3 190
3 193
4 26
4 29
4 75
4 79
4 80
4 82
4 89
5 44
5 51
5 55
5 56
5 57
5 61
5 65
5 67
5 74
5 81
5 145
5 146
5 149
5 162
5 165
5 167
5 172
7 45
7 51
7 54
7 64
7 72
7 75
7 82
7 83
7 93
7 94
8 105
8 109
8 111
8 121
8 124
8 129
8 133
8 140
9 1
9 5
9 23
9 30
9 32
9 35
9 41
11 9
11 11
11 12
11 18
12 5
12 6
12 52
12 56
12 66
12 78
12 80
12 82
12 83
12 84
12 85
12 98
12 121
12 133
12 135
12 140
12 150
12 154
12 155
12 157
12 164
12 174
12 178
13 4
13 5
13 7
13 13
13 28
13 33
13 36
13 37
13 43
13 60
13 61
13 63
13 67
13 69
13 72
13 73
13 75
13 79
13 81
13 82
13 84
13 93
13 100
13 102
15 86
15 101
15 102
15 107
15 119
15 122
15 127
15 128
16 109
16 110
17 72
17 92
17 94
17 96
17 102
17 105
17 124
17 130
17 133
17 147
17 152
17 153
17 164
17 166
17 169
17 180
17 233
17 237
17 241
17 243
17 252
17 253
17 254
17 255
17 257
17 268
17 272
17 273
17 276
17 281
17 290
17 298
17 299
17 310
20 44
20 49
20 54
20 77
20 80
20 84
21 1
21 7
21 9
21 39
21 48
21 53
21 59
21 66
21 70
21 71
21 81
21 86
21 88
21 90
21 95
24 55
24 66
24 71
24 75
24 78
24 92
24 93
24 94
24 98
25 4
25 5
25 18
25 19
25 22
25 24
25 35
25 36
25 38
25 40
25 41
25 50
25 53
25 69
25 77
25 80
25 99
25 103
25 126
25 132
26 11
26 24
27 82
27 83
27 86
27 88
27 118
27 126
27 128
27 141
27 143
27 150
27 157
27 163
27 164
27 184
27 193
27 196
28 4
28 6
28 8
28 9
28 11
28 13
28 14
28 27
28 38
28 40
28 43
28 45
28 60
28 77
28 91
28 95
28 96
28 97
29 41
29 45
29 52
29 53
29 56
29 61
29 64
29 73
29 74
29 79
29 84
29 86
29 95
29 97
29 102
29 110
29 111
29 118
29 138
29 190
29 193
29 195
29 207
29 214
29 224
29 268
29 272
29 279
29 282
29 283
29 296
29 306
29 308
29 310
29 313
29 314
29 315
29 321
30 7
30 13
30 14
30 16
30 24
30 25
30 37
30 104
30 111
30 113
30 123
30 125
31 48
31 50
31 57
31 59
31 76
31 77
31 80
31 83
31 84
31 87
31 91
31 94
31 97
31 116
31 124
31 125
31 134
31 153
31 155
31 167
31 170
31 181
31 182
31 193
31 203
31 210
31 217
31 221
31 229
31 233
31 235
31 238
31 243
31 244
31 246
31 249
31 255
31 258
31 260
31 278
31 283
31 311
31 318
31 319
31 326
31 337
31 349
31 350
31 356
31 357
31 366
31 375
32 10
32 13
32 27
32 30
32 33
32 35
32 48
32 50
32 53
33 16
33 39
33 50
33 55
33 59
33 61
33 62
33 66
33 70
33 73
33 75
33 79
33 82
33 84
33 103
36 137
36 144
36 146
36 147
36 149
36 155
36 157
36 172
36 190
36 200
36 202
36 211
36 212
36 220
36 233
36 241
36 243
36 244
36 347
36 352
36 354
36 358
36 361
36 364
36 370
36 371
36 379
36 381
36 383
36 384
36 389
36 409
36 410
37 3
37 7
37 10
37 21
38 11
38 12
38 16
38 20
38 30
38 32
38 34
38 39
38 54
38 56
38 62
38 75
38 77
39 1
39 3
39 6
39 17
40 1
40 5
40 15
40 23
40 28
40 41
40 42
40 46
40 47
41 1
41 16
41 19
41 20
41 24
41 27
41 30
44 30
44 50
44 58
44 60
45 5
45 9
46 13
46 16
46 32
46 34
46 37
46 41
46 50
46 51
46 56
46 61
46 64
46 88
46 94
46 96
46 101
46 102
46 125
46 131
46 192
46 194
46 195
46 200
46 202
46 206
46 224
46 241
46 243
46 266
46 276
46 279
46 285
46 290
46 295
46 296
46 298
47 4
47 8
47 16
47 21
47 33
47 38
47 39
47 71
47 75
47 78
47 79
47 85
47 98
47 110
47 111
47 114
47 117
47 118
47 123
47 124
47 126
47 127
47 133
47 137
47 138
47 153
47 154
47 156
47 158
47 160
47 175
47 176
47 178
48 9
48 17
48 29
48 41
48 46
48 48
48 49
48 51
48 86
48 97
48 105
48 108
48 114
48 118
48 131
48 132
48 133
48 140
48 169
48 175
48 179
48 180
48 186
48 191
48 195
48 212
48 215
48 217
48 225
49 5
49 7
49 26
49 27
49 39
49 40
49 41
49 51
49 56
49 57
49 59
49 84
49 93
49 104
49 106
49 119
49 120
49 121
49 122
49 125
49 127
49 128
49 129
49 137
49 154
49 155
49 156
49 163
49 168
49 169
49 181
49 184
50 33
50 34
50 36
50 38
50 40
50 44
50 47
50 50
50 52
51 1
51 3
51 5
51 6
51 31
51 36
51 37
51 43
51 51
51 53
51 54
51 57
51 58
51 71
51 85
51 86
51 94
51 96
51 104
51 106
51 109
51 118
51 122
51 128
51 133
51 144
51 148
51 151
56 4
56 8
56 10
56 11
56 18
57 4
57 141
57 154
59 1
59 16
59 31
59 32
59 34
59 39
59 53
59 56
59 57
59 66
59 67
59 82
59 92
59 98
59 100
59 102
59 133
59 134
59 137
59 150
59 154
59 163
59 169
59 172
59 175
59 176
59 178
59 183
59 184
59 185
59 190
59 191
59 192
59 209
59 212
59 341
59 349
59 351
59 352
59 362
59 378
59 385
59 393
59 412
60 9
61 2
61 6
61 7
61 9
61 10
61 14
62 17
62 24
62 35
62 40
62 43
62 45
62 51
62 56
62 58
63 9
63 12
63 16
63 19
63 24
63 34
63 36
63 39
63 44
63 48
63 51
63 54
63 60
63 125
63 128
63 132
63 136
63 155
63 161
63 176
64 2
64 3
64 10
64 11
64 12
64 21
64 31
64 40
67 4
67 10
67 22
67 25
67 27
67 28
67 37
67 44
67 49
67 50
67 53
67 61
67 63
67 64
67 66
67 68
67 72
67 76
67 84
67 90
67 282
67 284
67 287
67 292
67 309
68 19
68 26
68 43
68 75
68 76
68 79
68 80
68 82
68 86
68 87
68 88
68 106
68 111
68 112
68 123
68 124
68 135
68 143
68 151
68 159
68 160
68 162
68 163
68 176
68 194
70 6
70 12
70 22
70 23
70 41
70 47
71 2
71 3
71 17
71 19
71 25
71 36
71 44
71 52
71 61
71 73
71 78
72 11
72 13
72 18
73 1
73 9
73 10
73 12
73 18
73 31
73 48
73 104
73 116
73 132
73 134
73 136
73 141
74 2
74 8
74 15
74 17
74 18
74 19
74 25
74 26
74 31
74 39
74 41
75 70
75 75
75 77
76 1
77 4
77 5
77 7
77 9
77 14
77 15
77 19
77 26
77 29
77 47
77 49
77 50
77 140
77 141
78 3
78 12
78 21
78 24
78 33
78 38
78 58
78 61
78 68
78 75
78 99
80 109
80 129
80 131
80 133
80 138
80 141
80 149
80 156
80 164
80 170
80 171
80 181
80 230
80 233
80 242
80 244
80 250
80 251
80 252
80 260
80 263
81 4
81 9
81 86
81 88
81 89
81 90
81 117
81 118
81 121
81 122
81 124
81 125
81 129
81 137
81 142
81 147
81 163
81 165
81 174
81 181
81 182
81 184
82 3
82 9
82 11
82 18
82 31
82 38
82 44
82 51
82 55
82 56
82 58
82 60
82 62
82 69
82 78
82 79
83 8
84 1
84 6
85 60
86 1
86 6
86 10
86 16
86 17
86 18
86 20
86 23
86 96
88 4
88 6
88 8
88 14
88 19
88 23
88 29
88 37
88 58
88 60
88 62
88 86
88 88
88 89
88 98
88 214
88 217
88 221
88 223
88 226
89 17
89 23
89 26
89 43
89 53
89 64
89 69
89 76
89 85
89 125
