1 3
1 4
1 6
1 9
1 11
1 23
1 37
2 1
2 2
2 15
2 20
2 23
2 24
2 30
2 36
2 38
2 39
2 41
2 42
2 45
2 51
2 66
2 68
2 73
2 78
2 90
4 3
4 18
4 37
4 42
4 44
4 53
4 57
4 74
4 84
4 93
4 94
4 95
5 34
5 35
5 39
5 40
5 52
5 61
5 73
5 80
5 82
5 88
5 104
6 34
6 39
6 43
6 49
7 27
7 32
7 37
7 45
7 52
7 54
7 61
7 65
7 67
7 71
7 72
7 79
7 83
7 88
7 89
7 95
7 97
7 98
7 104
7 108
7 115
7 131
7 135
7 144
7 149
7 151
7 155
7 157
7 158
7 163
7 175
7 184
7 188
7 203
7 204
7 206
7 214
7 218
7 223
7 235
7 238
7 246
7 253
10 60
10 64
10 66
10 72
10 74
10 76
10 92
11 1
11 6
11 8
11 12
11 13
11 15
11 26
11 31
11 40
11 43
11 51
11 52
11 55
11 56
11 58
11 72
11 99
11 103
11 106
11 108
11 110
11 115
11 117
11 128
11 147
11 159
11 168
12 4
12 134
12 136
12 148
12 150
12 152
12 175
12 178
12 187
12 190
12 192
12 198
12 214
12 217
12 222
12 228
12 241
13 5
13 18
13 30
13 35
13 36
13 37
13 39
13 42
13 47
14 2
14 3
14 5
14 10
14 59
14 63
14 66
14 200
14 204
14 205
14 206
14 210
14 215
15 119
15 134
15 138
15 142
15 144
15 151
15 154
15 156
15 158
15 160
15 163
15 164
15 165
16 6
16 8
16 9
16 13
17 3
17 8
17 12
18 11
18 13
18 15
18 20
18 32
18 36
18 37
18 39
18 41
18 186
18 195
18 204
18 208
18 212
18 213
18 216
18 223
18 225
18 230
18 242
18 252
18 254
18 259
18 266
18 279
18 281
18 286
18 288
18 293
18 295
18 300
18 303
18 314
18 322
18 325
18 342
18 346
18 348
19 100
19 105
19 108
19 109
19 112
19 123
19 127
19 128
19 134
19 143
19 152
19 154
19 158
19 166
19 169
19 195
19 196
19 200
19 210
19 216
19 228
19 232
20 1
20 6
20 8
20 15
20 34
20 38
20 40
20 60
21 4
21 6
21 7
21 13
21 20
21 22
21 26
22 6
22 7
22 13
22 99
22 115
22 116
22 119
22 134
22 141
22 150
22 152
22 155
23 12
23 19
23 38
23 40
23 53
23 54
23 64
23 76
24 8
26 1
26 3
26 5
26 33
26 36
26 37
26 45
26 52
26 58
26 60
26 81
27 3
27 12
27 14
27 17
27 22
27 24
27 43
27 46
27 58
27 60
27 62
27 67
27 69
27 87
27 93
27 97
27 103
27 106
27 110
27 111
27 134
27 145
27 146
27 148
27 149
27 151
27 158
27 160
27 164
27 170
27 173
27 174
27 178
27 181
27 245
27 250
28 4
28 23
28 28
28 34
28 48
28 55
28 63
28 64
30 94
30 104
30 106
30 125
30 127
30 130
30 140
30 141
30 144
30 145
30 150
30 152
30 154
30 179
30 180
30 202
30 211
30 215
30 216
30 218
30 222
30 225
30 227
30 233
30 239
30 248
30 265
31 1
31 3
31 6
31 16
31 20
31 21
31 23
31 29
31 34
31 41
32 15
32 28
32 30
32 35
32 47
32 48
32 51
33 33
33 36
34 1
34 6
34 11
35 53
35 76
36 3
36 6
36 10
36 16
36 29
36 31
36 33
36 54
37 7
37 26
37 28
37 30
37 46
37 48
37 53
37 62
37 70
37 74
38 33
38 44
39 24
39 29
39 41
39 67
39 69
39 72
39 73
39 74
39 83
39 85
39 92
39 93
40 89
40 91
40 94
40 96
41 2
41 5
41 11
41 32
41 33
41 35
41 49
42 12
42 17
42 20
42 126
42 128
42 130
42 144
42 148
42 154
42 157
42 159
43 2
43 5
43 6
43 12
43 30
43 40
43 147
43 150
43 279
43 282
43 290
43 298
43 304
45 45
45 54
45 62
45 63
45 66
45 67
45 70
45 83
45 100
45 101
46 3
46 4
46 20
46 32
46 47
46 49
46 51
46 58
46 62
46 75
46 82
47 7
47 8
47 11
47 15
47 23
48 2
49 11
49 19
49 20
49 25
49 28
49 37
49 39
49 42
49 78
49 86
49 111
49 116
49 126
49 128
50 3
50 7
50 8
51 43
51 44
51 45
51 52
51 59
51 62
51 66
51 70
51 74
51 75
51 77
51 78
51 91
51 94
51 107
53 24
53 28
53 32
53 45
53 48
53 59
53 61
53 65
53 72
53 83
53 92
53 95
53 98
53 102
53 103
53 121
53 130
56 22
56 24
56 35
56 42
56 50
56 58
56 60
57 21
57 23
57 25
57 26
57 29
57 30
57 43
57 60
57 69
57 70
57 75
57 79
57 80
57 83
57 92
57 98
58 3
58 16
59 5
59 17
59 65
59 74
59 83
59 91
59 93
59 96
59 103
59 104
59 110
60 15
61 1
61 4
61 12
62 2
62 21
62 22
62 26
62 27
62 33
62 34
62 37
62 38
62 45
62 56
62 61
62 68
62 85
62 189
62 192
62 195
62 198
62 253
62 254
62 257
62 271
62 273
62 279
62 284
62 286
62 288
63 80
63 81
63 118
63 128
63 135
63 145
63 157
63 163
63 177
63 193
63 208
63 214
63 221
63 222
63 229
63 245
63 247
63 249
67 3
67 4
67 6
67 10
67 19
67 56
67 58
67 60
68 1
68 8
68 21
69 39
69 40
69 47
69 50
69 62
69 66
69 67
69 70
69 71
69 86
69 87
69 146
69 153
69 158
69 182
69 191
69 193
69 194
69 197
70 1
70 7
70 9
70 24
70 26
70 37
70 41
70 44
70 45
70 49
70 55
70 61
70 69
70 99
70 105
70 106
70 114
70 118
71 8
71 12
71 75
71 77
71 85
71 96
72 1
72 137
72 139
73 74
73 90
74 44
76 2
76 10
76 11
76 20
76 30
76 42
76 43
76 51
77 6
77 8
77 9
77 12
77 16
77 19
77 20
77 21
77 22
78 55
78 169
78 170
78 180
78 183
78 188
80 4
80 10
80 14
80 16
80 33
80 35
81 10
81 19
81 30
81 49
81 51
81 60
81 62
81 64
82 12
82 13
82 15
82 18
82 25
82 35
82 39
82 40
82 63
82 64
82 76
82 77
82 84
82 87
82 95
82 224
82 233
82 235
82 243
82 247
82 256
82 257
82 261
82 273
82 275
82 283
82 290
82 295
82 301
82 308
82 315
82 319
82 320
82 332
82 335
82 345
82 347
82 351
82 369
82 387
82 404
82 411
82 419
82 441
82 449
82 456
82 462
82 464
82 467
82 468
82 472
82 479
82 492
82 506
82 514
82 522
82 532
82 553
83 1
86 9
86 16
86 18
86 31
86 35
86 37
86 40
86 43
86 45
86 49
86 125
86 127
86 128
86 130
87 10
87 13
87 14
87 26
87 29
87 31
87 32
87 40
87 48
87 54
88 24
88 32
88 49
88 53
88 54
88 55
88 60
88 65
88 73
88 82
88 83
88 98
88 104
88 108
89 1
89 4
89 7
89 20
90 3
90 9
90 12
90 40
90 41
90 45
90 48
90 53
90 63
91 4
91 5
93 4
94 37
94 40
94 51
94 66
94 72
94 95
94 104
94 111
94 119
94 121
94 124
94 128
94 130
94 134
94 138
94 139
95 69
95 74
95 78
95 80
95 83
95 85
95 87
95 88
95 93
95 98
95 101
95 122
95 124
95 127
96 2
96 9
96 12
96 14
96 18
96 26
96 29
96 39
96 40
96 43
96 54
