3 48
3 50
3 52
3 61
3 64
3 69
3 70
3 77
3 79
3 86
3 89
3 95
3 97
3 102
3 112
3 115
3 119
3 122
3 128
3 140
3 151
3 167
3 172
3 174
3 177
3 179
3 182
3 184
4 14
4 19
4 22
4 24
4 29
4 32
4 33
4 34
4 41
4 43
4 44
4 45
5 2
5 3
5 21
5 26
5 51
5 69
5 77
5 80
5 83
5 87
5 89
5 99
5 100
5 137
5 139
5 186
5 190
5 204
5 211
5 216
5 218
5 220
6 1
6 3
6 9
7 2
7 14
7 15
7 33
7 35
7 37
7 39
7 40
7 55
7 69
7 73
7 96
7 100
7 102
7 103
7 107
7 236
7 237
7 238
7 240
7 249
8 11
8 12
8 14
8 16
8 21
8 27
8 29
8 41
8 42
9 13
9 17
9 24
9 47
9 51
9 62
9 63
9 66
9 70
9 79
9 95
10 19
10 23
10 26
11 3
11 5
11 6
11 10
12 1
12 6
12 14
12 22
12 25
12 26
12 39
12 46
12 48
13 1
13 7
13 18
13 20
13 22
13 33
13 39
13 47
13 53
13 56
13 58
13 125
13 131
13 134
13 135
13 137
13 144
13 155
14 4
14 8
14 12
14 16
16 1
16 132
16 133
16 135
16 138
16 141
16 142
16 148
16 168
16 172
16 173
16 178
16 184
16 190
16 191
16 193
16 338
16 344
16 347
16 353
16 356
16 370
16 372
16 383
16 386
16 388
16 392
16 401
16 402
16 412
16 413
16 417
16 420
16 426
17 2
17 7
17 19
17 25
18 2
18 10
18 13
18 17
18 18
18 24
18 26
18 28
18 30
18 31
18 34
18 47
18 48
18 50
18 53
18 60
18 70
18 77
18 146
18 150
18 152
19 2
19 3
19 6
19 20
19 26
19 29
19 31
19 33
19 36
19 47
19 51
19 56
19 66
19 70
19 79
19 86
19 91
19 94
19 95
20 26
20 28
20 30
20 32
20 34
20 38
20 43
20 62
20 64
20 68
20 82
20 84
20 88
20 111
21 1
21 16
21 19
21 24
21 25
21 43
21 47
21 50
21 51
21 61
21 65
21 67
21 69
21 70
21 76
21 83
21 92
21 95
21 97
21 99
21 100
21 101
21 106
22 8
22 9
22 14
22 20
22 25
22 38
24 4
24 5
24 12
24 19
24 24
24 34
24 45
24 49
24 51
24 55
24 58
24 80
24 90
24 92
24 124
24 132
24 144
24 148
24 149
24 160
24 163
24 186
24 191
24 204
25 1
25 4
26 3
26 11
26 12
27 90
27 104
29 25
29 29
29 31
29 38
29 41
29 42
29 43
30 1
30 9
30 14
30 17
30 36
30 57
31 5
31 9
31 25
31 27
31 29
31 32
31 39
31 41
31 44
31 52
31 53
31 54
32 50
32 52
32 61
32 69
32 75
32 82
32 84
32 91
33 5
33 25
33 29
33 31
34 135
34 140
34 141
34 151
34 155
34 156
34 165
34 171
34 176
34 181
34 189
34 190
34 196
34 239
34 242
34 246
34 248
34 252
34 275
34 289
34 293
34 300
34 306
36 88
36 90
36 96
37 4
37 7
38 2
38 10
38 18
38 25
38 29
38 31
38 32
38 33
38 41
38 44
38 45
38 48
38 50
38 53
38 54
38 72
38 78
38 81
38 87
38 91
39 1
39 5
39 10
39 14
39 23
39 26
39 32
39 39
39 172
39 173
39 175
39 186
39 197
39 201
39 211
39 212
39 217
39 220
39 223
39 226
39 228
39 245
39 248
39 249
39 254
39 259
39 272
41 3
41 6
43 12
43 13
43 17
43 19
43 21
43 23
43 44
43 54
43 55
44 6
44 18
44 37
44 62
44 71
44 75
44 78
44 84
44 101
44 102
44 103
44 105
48 55
48 68
48 69
48 77
48 79
48 80
50 70
51 2
52 5
52 8
52 14
52 17
52 22
52 23
52 30
52 39
52 43
52 44
52 46
53 20
53 21
53 26
53 28
53 29
54 6
54 9
54 17
54 21
54 32
54 38
54 47
54 51
54 57
54 61
54 62
54 76
54 84
54 87
54 89
54 90
55 1
55 4
56 83
56 86
56 95
56 99
56 112
57 1
57 18
57 30
57 31
57 34
57 35
57 38
57 39
57 44
57 45
57 47
57 61
57 63
57 70
57 72
57 74
57 85
57 94
58 1
58 2
58 6
58 9
60 19
60 22
60 33
63 27
63 37
63 46
63 48
63 57
63 61
63 63
63 64
63 67
63 69
63 75
63 79
63 80
63 86
63 96
63 98
63 100
63 130
63 135
63 141
63 142
65 28
66 2
66 6
66 10
66 14
66 26
66 34
66 44
66 46
66 49
66 50
66 52
66 58
66 60
66 61
66 195
66 198
66 205
66 209
66 246
67 6
67 26
67 27
67 29
67 32
67 39
67 40
67 42
67 58
67 68
67 77
67 80
67 86
67 88
67 89
67 99
67 103
67 105
67 116
67 125
67 127
67 128
67 139
67 152
69 42
69 45
69 48
69 54
69 55
69 68
69 72
69 76
69 78
71 1
72 2
73 1
73 5
73 6
73 15
73 23
73 27
73 28
73 36
73 39
73 48
73 49
73 51
73 56
73 69
73 70
73 81
73 83
73 88
73 90
73 98
73 104
73 111
73 127
73 136
73 142
73 146
73 147
73 157
73 175
73 184
73 188
75 1
75 4
75 5
76 5
76 20
76 21
76 23
76 25
76 35
76 40
76 42
76 45
76 50
78 61
78 71
78 79
78 86
78 88
78 93
78 106
78 107
78 110
78 112
80 1
80 5
80 11
80 42
80 48
80 49
80 54
81 1
82 2
82 5
82 9
82 10
82 15
82 26
82 31
82 33
82 35
82 39
82 101
82 111
82 112
82 130
82 138
82 157
82 158
82 160
83 1
83 6
83 9
83 13
83 14
83 19
83 26
83 33
83 108
83 115
83 123
83 128
83 129
83 134
83 136
83 153
83 156
83 164
83 169
83 172
83 200
83 202
83 212
83 217
83 224
83 227
83 228
83 239
83 246
83 249
83 261
83 265
83 297
83 306
83 307
83 318
83 319
83 320
83 321
83 330
83 332
83 341
83 344
83 346
83 347
83 357
83 361
83 363
83 367
83 372
83 373
83 379
85 62
85 72
85 73
85 88
85 99
85 100
85 102
85 111
85 125
85 128
85 134
85 140
85 149
86 2
86 5
86 10
86 81
86 86
86 111
86 117
86 122
86 210
86 217
86 219
86 228
86 230
86 242
86 245
86 248
86 252
86 255
86 257
86 263
86 264
86 271
86 278
86 280
86 292
86 293
86 301
86 304
87 4
87 12
87 13
87 19
87 24
87 26
87 30
87 35
87 37
87 42
87 47
87 63
87 66
87 70
87 79
87 80
87 84
87 87
87 110
87 112
87 113
87 124
87 125
88 4
88 6
88 15
88 20
88 22
88 23
88 25
88 29
88 35
88 40
88 44
88 46
88 49
88 61
88 64
88 82
88 95
88 97
88 107
88 111
88 115
88 129
88 135
89 3
89 6
89 9
89 14
89 15
89 19
89 20
89 154
89 156
89 160
89 165
89 170
89 174
91 39
91 43
91 48
91 49
91 52
91 56
91 58
92 3
92 22
92 26
92 29
92 34
92 44
92 45
92 52
92 56
92 74
92 80
92 88
92 89
92 120
92 133
92 134
92 147
92 149
92 150
92 151
92 286
92 289
92 292
92 294
92 298
92 306
92 310
92 314
92 336
92 337
92 339
92 345
92 350
92 354
92 356
92 366
93 3
93 13
93 21
93 25
93 34
93 40
93 44
94 1
94 5
94 11
94 15
94 20
94 22
94 31
94 33
94 39
94 49
94 57
94 58
94 61
94 65
94 78
94 80
94 85
94 90
94 94
96 6
96 27
96 39
96 44
96 47
96 49
96 56
96 58
96 61
96 90
96 92
96 93
96 96
96 99
96 103
96 109
96 110
96 111
96 112
96 115
96 119
96 129
96 133
97 2
97 5
97 9
97 10
97 13
97 14
97 15
97 31
97 44
97 50
97 52
97 55
97 58
97 60
98 6
98 12
98 142
98 154
99 4
99 16
99 17
99 18
99 25
99 32
99 35
99 54
99 60
99 73
99 92
99 93
99 102
99 103
99 109
99 110
99 116
99 120
99 121
99 125
99 136
99 137
99 145
99 147
99 162
99 163
99 172
99 173
99 178
99 179
99 189
99 191
99 213
99 224
99 232
99 234
99 236
99 240
99 248
99 259
99 260
99 267
99 268
99 280
99 281
99 293
99 295
99 334
99 340
99 353
99 355
100 23
100 24
100 27
100 33
100 45
100 46
100 47
100 68
100 136
100 142
100 146
100 147
101 10
101 17
