1 3
1 5
1 7
1 13
1 23
1 26
1 37
1 47
1 68
1 97
1 98
1 111
1 118
1 130
1 145
1 146
1 149
1 164
1 169
1 173
1 177
1 179
1 183
1 191
1 192
1 195
1 198
1 206
1 212
1 213
1 215
1 219
1 221
1 222
1 226
1 240
1 243
1 256
1 260
1 268
1 271
2 2
2 9
2 86
2 87
2 90
2 96
2 100
2 101
2 104
2 105
2 113
2 117
2 118
2 119
2 123
2 130
2 135
3 12
3 13
3 16
3 25
3 35
3 47
3 48
3 50
3 60
3 78
3 79
4 1
4 37
4 39
4 49
5 3
5 5
5 6
5 67
5 68
5 76
5 77
5 83
5 135
5 140
5 145
5 148
5 149
5 167
5 175
5 182
5 185
5 194
5 197
5 202
9 10
9 12
9 19
9 28
9 30
9 33
9 34
9 45
10 4
10 6
11 22
11 24
11 28
11 29
11 30
11 38
11 43
11 44
11 49
11 85
11 88
11 98
11 129
12 1
12 7
12 12
12 14
12 73
12 84
12 85
12 88
12 93
12 97
12 98
12 100
13 2
13 5
13 11
13 12
13 130
13 131
13 132
14 1
14 7
14 17
14 20
14 23
14 25
14 27
14 33
14 42
14 59
14 68
14 69
15 4
15 5
15 6
15 9
15 10
15 16
15 17
15 19
15 20
15 22
15 24
15 27
15 32
15 36
15 38
15 39
15 40
15 44
15 49
15 51
15 60
15 68
15 73
15 74
15 86
15 92
15 95
17 7
17 17
17 30
17 33
17 38
17 40
17 42
17 45
17 51
17 54
17 55
17 58
17 221
17 232
17 244
17 247
17 254
17 261
17 267
18 5
18 12
18 16
18 36
18 129
18 228
18 229
18 240
18 241
18 245
18 250
18 257
18 266
18 269
18 276
18 283
18 284
18 413
18 416
18 421
18 422
18 494
18 530
18 535
18 545
18 553
18 556
18 563
18 569
18 576
18 586
18 592
18 594
18 615
18 638
18 639
18 644
19 39
19 44
19 47
19 51
19 55
19 56
19 61
19 62
19 69
19 71
19 74
19 80
19 85
19 98
19 101
20 1
21 112
21 117
21 121
21 123
21 137
21 140
21 143
21 145
21 146
21 148
21 156
21 157
21 159
21 169
21 172
21 173
21 176
21 180
21 185
21 188
23 1
24 7
24 10
25 2
25 11
25 15
25 74
25 75
25 79
25 84
25 89
25 93
25 94
25 102
25 110
25 112
25 118
25 121
25 122
25 153
25 157
25 171
25 173
25 182
25 191
25 194
25 204
25 209
25 210
25 214
25 218
25 220
25 221
25 222
25 226
25 227
25 234
25 236
25 246
25 251
25 254
25 255
25 277
25 279
25 283
25 290
27 2
27 3
27 5
28 6
28 7
28 10
28 23
28 25
28 27
28 39
28 43
28 46
28 48
28 56
28 66
28 72
28 73
28 78
28 93
28 96
28 101
28 108
28 109
28 121
28 122
29 6
29 19
29 23
29 26
29 40
29 48
29 53
31 8
31 14
31 19
31 20
31 22
32 31
32 41
32 45
32 47
32 67
32 72
32 75
33 4
33 5
33 26
33 30
33 31
33 33
33 85
33 89
33 100
33 103
33 112
33 121
33 134
34 8
34 14
34 32
34 40
34 43
34 57
34 77
34 82
34 86
34 87
34 89
34 109
34 112
34 116
34 117
34 121
35 2
35 8
35 9
36 13
36 20
36 34
36 39
36 41
36 46
36 49
36 51
36 55
37 63
37 64
37 66
37 69
37 73
37 81
37 87
37 101
37 107
37 108
37 111
37 117
39 1
39 11
39 13
39 16
39 27
39 28
39 38
39 39
39 40
39 43
39 49
39 60
39 62
39 66
40 7
40 14
40 15
40 18
40 22
40 27
40 43
40 54
40 56
40 73
40 74
40 75
40 76
40 81
40 82
40 90
40 91
40 93
40 96
40 108
40 113
40 114
40 122
40 124
40 131
40 133
41 21
41 28
41 46
41 48
41 51
41 65
41 66
41 68
41 74
41 80
41 84
42 5
42 6
42 23
42 25
42 30
42 32
44 16
44 27
44 29
44 32
44 34
44 56
44 62
44 66
44 67
44 70
44 71
44 74
44 78
44 85
44 94
44 96
44 101
44 102
44 106
44 188
45 13
45 27
45 30
45 32
45 34
45 40
45 43
45 47
46 4
46 8
46 10
46 14
48 55
48 60
48 65
48 78
48 86
48 100
50 34
50 38
50 41
50 44
50 47
50 56
50 62
50 65
50 75
50 80
50 83
50 92
50 93
50 97
50 100
50 103
50 110
50 111
50 117
50 119
50 122
50 129
50 132
50 137
50 138
50 144
50 150
54 1
54 2
54 10
54 14
54 89
54 97
54 99
54 112
54 116
54 119
54 123
54 157
54 158
54 170
54 172
54 177
54 180
54 183
54 190
54 192
55 3
55 4
55 7
55 14
55 18
55 36
55 38
55 40
55 52
55 54
55 55
55 81
55 105
55 113
55 116
55 118
55 121
55 123
55 131
55 132
55 136
55 137
55 138
56 42
56 43
56 48
56 53
56 62
56 68
56 70
56 72
56 82
56 100
56 102
56 103
56 107
56 108
56 111
56 114
56 116
56 126
56 129
56 142
56 155
56 159
56 161
56 165
57 16
57 23
57 153
57 154
57 160
57 161
57 163
57 171
59 54
59 185
59 195
59 197
59 210
59 222
59 223
59 227
59 231
59 236
59 238
59 244
59 246
59 253
59 262
60 1
60 12
60 22
60 26
60 30
60 42
61 3
61 17
61 20
61 42
61 51
61 69
61 70
61 78
61 84
61 85
62 6
62 7
62 8
64 2
64 17
64 19
64 20
64 35
64 36
64 45
64 50
64 53
64 70
64 77
64 99
64 102
65 9
65 10
65 26
65 38
65 40
65 42
65 53
66 1
66 3
66 8
66 9
66 10
66 15
66 18
66 36
67 10
67 12
67 13
67 17
67 19
67 26
67 27
67 48
67 49
68 9
68 12
70 27
70 57
70 64
70 67
70 70
71 2
71 141
72 2
72 14
73 4
73 7
73 12
73 18
74 29
74 35
74 38
74 63
77 74
77 81
78 3
78 6
78 11
78 22
78 26
78 35
78 38
78 44
78 45
78 50
78 51
78 58
79 18
79 22
79 32
79 36
79 40
80 1
80 8
80 9
80 24
80 26
80 29
80 66
80 75
80 78
80 79
83 14
83 16
84 5
84 13
84 20
84 21
84 24
84 25
84 26
84 29
84 33
84 46
84 53
84 56
84 57
84 63
84 66
84 67
84 189
84 190
84 191
85 3
85 14
85 15
85 20
85 31
86 2
86 7
86 9
86 13
86 21
86 29
86 33
86 34
86 42
86 48
86 51
86 72
86 95
86 101
86 104
86 111
89 88
89 91
89 99
89 104
89 178
89 179
89 181
89 183
89 202
89 204
91 18
91 20
91 26
91 27
91 34
92 1
92 3
92 8
92 18
92 27
92 33
92 43
92 49
93 1
93 2
93 3
93 7
93 9
93 13
93 15
93 18
93 25
93 27
93 29
93 31
93 32
93 42
93 45
93 51
93 55
93 56
93 62
93 67
93 68
93 77
93 83
94 1
94 2
94 3
94 7
94 8
94 17
94 24
94 41
94 48
94 56
94 60
94 63
94 66
94 86
97 17
97 19
97 20
97 22
97 29
97 30
97 32
97 39
97 42
97 48
97 57
97 61
97 62
97 72
97 77
100 78
100 79
100 90
100 97
100 113
101 113
101 117
101 120
101 121
101 122
101 134
101 135
101 139
101 141
101 173
101 177
101 179
101 191
101 194
101 208
101 221
101 245
101 248
101 250
101 258
101 261
101 263
101 273
101 281
101 282
101 285
101 292
101 294
101 299
101 309
101 310
101 443
101 449
101 451
101 472
101 482
101 485
101 495
101 497
102 1
102 3
102 4
103 11
103 17
103 22
103 23
103 28
103 31
103 33
103 38
105 20
