1 1
1 3
1 15
1 18
1 20
1 27
1 38
1 39
1 40
2 2
2 6
3 42
3 43
3 45
3 53
3 61
3 71
3 74
3 86
3 105
3 107
3 114
3 131
3 167
3 180
3 188
3 192
3 196
3 203
3 206
3 211
3 213
3 217
3 226
4 4
4 16
4 19
4 28
4 53
4 54
4 58
4 60
4 61
4 63
4 75
4 77
4 79
4 92
4 94
4 98
4 105
4 106
4 123
4 126
4 127
4 128
4 133
4 134
4 135
4 137
4 145
4 148
4 152
6 46
6 57
6 61
6 62
6 68
6 72
6 88
6 102
7 14
7 22
7 23
8 13
8 17
8 18
8 20
8 36
8 39
8 45
8 49
8 51
8 53
8 54
8 55
8 63
8 70
8 71
8 73
8 96
8 192
8 195
8 196
8 206
8 208
8 209
8 210
8 218
8 219
8 226
8 227
8 234
8 239
8 242
8 248
8 251
8 256
8 264
8 268
8 270
8 283
8 284
8 297
8 318
8 319
8 324
8 326
8 330
8 334
8 338
8 346
8 348
8 381
8 392
8 423
8 425
8 431
8 434
8 449
8 450
8 464
8 471
8 473
8 482
8 488
8 531
8 532
8 535
8 543
8 544
8 558
8 561
8 569
8 576
8 577
8 580
8 585
8 590
8 597
8 605
8 609
8 610
8 632
8 634
8 635
8 639
8 640
8 644
8 650
8 655
8 658
8 668
8 672
8 685
8 688
8 702
8 711
8 729
8 730
8 749
8 750
8 757
8 764
9 1
9 2
9 4
9 14
9 17
9 28
9 157
9 158
9 228
9 235
9 239
9 249
9 250
9 269
9 280
9 287
9 292
10 2
10 4
10 7
10 29
10 35
10 53
10 61
10 71
10 81
10 85
10 92
10 102
10 106
10 120
10 122
10 129
10 130
10 146
10 148
10 158
10 162
11 1
11 4
11 5
11 9
11 14
11 15
11 18
11 19
11 24
11 28
11 29
12 2
12 16
12 17
12 32
12 34
12 50
12 66
12 74
12 79
12 80
12 95
12 96
12 110
12 115
12 122
12 134
12 141
12 159
12 166
12 168
12 170
12 171
12 172
12 176
12 188
12 194
12 195
12 209
12 216
12 220
12 225
12 229
12 236
12 243
12 247
12 260
12 268
12 271
12 292
12 296
12 298
12 302
12 304
12 306
15 23
15 43
15 47
15 75
15 76
15 78
15 80
15 84
15 87
15 89
15 96
15 97
15 99
15 107
15 171
15 198
15 201
16 5
16 16
16 19
16 22
16 24
16 26
16 28
16 36
16 38
16 47
17 1
17 4
17 5
17 9
17 15
17 19
17 21
18 106
18 108
18 112
18 115
18 125
18 127
18 128
18 131
18 138
18 139
18 151
18 155
18 162
18 170
18 189
18 196
19 4
21 10
21 12
21 15
21 16
21 18
21 19
21 20
21 22
21 31
21 32
21 40
22 121
22 127
22 129
23 123
23 124
23 130
23 132
24 107
25 117
25 121
25 125
25 136
25 147
25 156
25 162
25 163
25 166
25 168
25 169
25 176
26 3
26 15
30 5
30 18
30 25
30 26
30 32
30 39
30 44
30 51
30 61
30 62
30 63
30 66
30 68
30 72
30 97
30 103
30 105
31 3
31 5
31 7
31 8
31 10
31 13
31 16
31 18
33 5
33 15
33 17
33 41
34 1
34 3
34 4
34 11
34 23
34 27
34 33
35 11
35 13
37 5
37 9
37 14
37 15
37 17
37 21
38 4
38 15
38 24
38 27
38 29
38 31
38 51
38 52
38 56
38 57
38 70
38 77
38 90
38 91
38 95
38 98
38 100
38 101
38 103
38 104
38 108
38 111
38 120
38 122
38 133
38 143
38 147
38 149
38 160
39 94
40 5
40 7
40 12
40 19
40 24
40 29
40 31
41 2
41 11
41 14
41 15
43 1
43 2
43 3
43 7
43 10
43 39
43 40
43 43
44 1
44 23
44 25
44 27
44 30
44 32
44 33
44 40
44 41
44 42
44 55
44 68
44 71
44 77
44 79
44 89
44 99
44 100
44 111
44 116
44 124
44 130
44 135
44 142
44 149
44 157
45 26
45 38
45 49
45 55
45 61
45 65
45 84
45 88
45 92
45 102
45 103
45 128
45 129
45 141
45 142
45 157
45 162
46 15
46 17
46 22
46 26
50 19
50 62
51 73
51 75
51 78
51 79
51 80
51 88
51 91
51 98
51 99
51 109
51 110
51 112
51 128
51 132
51 136
51 141
52 15
52 17
52 19
52 33
52 36
52 41
53 8
54 2
54 4
55 72
55 77
55 79
55 91
55 92
55 94
55 96
55 97
55 99
55 100
55 110
55 113
55 135
55 138
55 151
55 154
56 12
56 14
56 20
56 28
58 33
58 45
58 46
58 47
58 51
58 52
58 53
58 59
58 72
58 73
58 78
58 82
58 83
58 87
58 89
58 117
58 122
58 124
58 143
58 145
58 147
58 149
58 155
58 156
58 162
58 167
58 168
58 174
58 182
58 184
58 196
58 198
58 216
58 218
58 231
58 237
58 238
58 243
58 256
58 258
58 260
58 265
58 267
58 277
58 278
58 280
58 286
58 291
59 2
59 3
59 15
59 18
59 22
59 24
59 28
60 4
60 18
60 26
60 28
60 29
60 38
60 48
60 52
60 60
62 36
62 44
62 46
62 48
62 51
62 122
62 134
62 140
62 147
63 10
63 13
63 15
63 19
63 32
63 37
63 39
63 42
63 45
63 51
63 62
63 72
63 78
63 79
64 95
64 100
64 105
64 106
64 116
64 117
64 119
64 127
64 132
64 135
64 137
64 141
64 142
64 155
64 163
64 164
64 173
64 186
64 198
65 4
65 13
65 14
65 19
65 22
65 25
65 32
65 33
65 38
65 44
66 9
66 12
66 14
66 19
66 22
66 34
66 39
66 40
66 56
66 77
66 99
66 104
66 105
66 108
66 118
66 120
66 135
66 142
66 146
66 151
66 161
66 162
66 169
66 170
66 175
67 141
67 150
67 154
67 157
67 161
67 162
67 163
68 1
68 9
68 10
68 13
68 21
68 30
68 31
68 36
68 47
68 48
68 54
68 62
68 71
69 3
69 17
69 24
69 25
69 41
69 52
69 55
69 65
69 74
69 83
69 93
69 100
69 109
69 112
69 115
69 122
69 129
69 136
69 142
70 11
70 13
70 14
70 17
70 18
71 1
71 2
71 11
71 27
71 31
71 40
72 2
74 1
74 7
74 10
74 23
74 28
74 30
74 36
74 78
74 80
74 81
74 87
74 93
74 100
74 102
74 103
74 120
74 130
74 132
74 134
74 135
74 136
74 140
74 144
74 153
74 162
74 168
74 169
74 171
74 172
74 180
75 2
75 22
75 31
75 98
75 103
75 120
75 121
75 127
75 129
75 140
75 142
75 160
75 163
75 165
75 170
75 176
75 189
75 190
75 197
75 199
75 200
75 202
75 207
75 216
75 228
75 232
75 233
76 6
76 7
76 13
76 19
76 26
76 27
76 33
76 46
76 52
76 72
76 73
76 74
76 75
76 85
76 89
76 90
78 1
78 24
78 27
78 36
79 26
79 27
80 12
80 14
80 20
80 22
80 38
80 42
80 46
80 59
82 6
82 11
82 12
82 25
83 50
83 60
83 74
83 89
83 109
83 114
83 118
84 28
84 29
84 32
84 37
84 38
84 45
84 66
84 68
84 70
84 71
84 73
84 74
84 209
85 4
85 15
85 22
85 24
85 44
85 49
85 52
85 56
85 67
85 70
86 5
86 13
86 21
86 22
86 24
86 32
86 43
87 4
87 13
87 16
87 17
88 5
88 6
89 1
89 16
89 20
89 27
89 30
89 32
89 33
89 35
89 37
89 43
89 65
89 71
89 79
89 119
89 122
89 129
89 147
89 148
89 157
89 168
89 173
89 190
89 199
89 215
89 216
89 218
89 219
89 225
89 235
89 239
89 263
89 270
89 279
89 281
89 288
89 293
89 295
89 297
90 47
90 53
91 126
92 112
92 113
92 121
92 123
92 124
92 127
92 137
92 144
92 151
94 47
94 49
94 53
94 74
95 3
95 19
95 26
95 34
95 36
95 43
95 48
95 51
95 53
95 58
95 62
95 64
95 66
95 67
95 70
95 75
95 82
95 88
95 102
96 3
96 10
96 13
96 15
96 35
96 40
96 119
97 10
98 10
98 22
98 23
98 27
98 29
98 32
99 5
101 6
101 7
101 13
101 19
101 21
101 27
101 32
