1 5
1 14
1 19
1 21
1 27
1 31
1 34
1 39
1 50
1 59
1 61
1 63
1 65
1 79
1 81
1 83
1 89
1 93
1 108
1 109
2 1
2 2
2 4
2 6
2 17
2 25
2 35
2 38
2 41
2 44
3 2
3 5
3 6
3 7
4 1
4 5
4 14
4 20
4 21
4 22
4 25
7 23
7 26
7 28
7 33
8 4
8 35
8 36
8 38
8 39
8 40
8 46
8 53
8 55
8 66
8 72
8 74
8 78
8 89
8 101
8 105
8 113
8 124
8 133
8 136
8 144
8 148
8 149
8 150
8 156
8 170
8 176
8 179
9 1
9 10
9 21
9 31
9 34
9 36
10 9
10 11
10 14
10 22
10 24
10 26
10 28
10 32
10 33
10 52
10 54
10 64
10 75
10 127
10 138
10 151
10 179
10 181
10 197
10 201
10 215
10 219
10 222
10 227
10 230
10 246
10 247
10 258
10 265
10 267
10 269
10 277
10 278
10 305
10 306
10 307
11 1
11 6
11 15
11 20
11 24
14 22
14 66
14 78
14 115
14 131
14 133
14 139
14 140
14 146
14 148
14 151
15 2
15 31
15 34
15 35
15 42
15 45
15 52
15 59
15 77
15 79
15 81
15 82
15 166
15 168
15 176
15 178
15 180
15 182
15 184
15 215
15 217
15 218
15 222
15 224
15 227
15 229
15 232
15 247
15 248
15 268
15 280
15 285
15 288
15 291
15 301
15 305
15 307
16 7
16 11
16 18
16 25
16 26
17 1
17 4
17 12
17 23
17 30
17 39
17 43
17 47
17 48
17 78
17 79
17 86
17 90
17 95
18 2
18 3
18 6
19 2
20 7
20 10
20 11
20 46
20 54
20 57
20 65
20 67
20 68
20 74
20 79
20 85
20 86
20 102
20 107
20 113
20 120
20 121
20 124
20 159
20 160
20 166
20 167
20 183
20 187
20 205
20 207
20 209
20 210
20 214
20 216
20 225
21 12
21 17
21 18
21 40
21 45
21 48
21 49
21 50
21 61
21 63
21 68
21 73
21 78
21 79
24 12
24 14
24 15
24 18
24 20
24 27
25 5
25 16
25 31
25 32
25 33
25 34
25 46
25 47
25 56
25 62
25 75
25 81
25 86
26 1
26 5
26 6
26 7
26 12
26 15
26 22
26 34
26 50
26 53
26 55
26 56
26 61
26 71
26 76
26 77
26 92
26 96
26 102
26 104
26 106
26 107
26 117
26 120
27 2
27 4
27 5
27 12
27 23
27 29
27 36
27 39
27 74
27 84
27 89
27 103
27 123
27 125
27 139
27 180
27 187
27 192
27 194
27 223
27 226
27 229
27 239
27 240
27 251
31 8
31 11
31 13
31 17
31 82
31 87
31 89
31 90
31 92
31 93
31 100
31 104
31 105
31 106
31 110
31 115
31 117
31 124
32 6
32 11
32 17
32 18
32 21
32 25
32 29
32 35
32 41
32 49
33 8
33 12
33 34
33 38
33 39
33 42
33 49
33 52
33 56
33 62
33 63
33 65
33 75
33 77
33 80
33 90
33 91
33 98
33 104
33 105
33 106
33 108
33 121
33 123
33 126
33 128
33 133
33 139
33 141
33 142
33 143
33 147
33 151
33 164
33 169
34 111
34 115
34 125
34 130
34 137
34 155
34 156
34 162
34 166
34 167
34 175
34 177
34 180
35 5
35 8
35 11
35 13
35 14
35 18
35 27
35 33
35 48
35 51
35 53
35 63
35 65
35 66
35 69
35 82
35 86
35 96
35 98
35 111
35 113
35 119
35 123
35 128
35 132
35 133
35 138
35 140
35 144
35 148
35 166
35 168
35 169
35 170
35 178
35 180
35 193
35 251
35 261
35 268
35 274
35 282
35 293
35 296
35 307
35 319
35 320
35 322
35 341
35 342
35 347
35 350
36 2
36 6
36 10
36 23
38 4
38 10
38 13
38 19
38 30
38 35
38 46
38 47
38 51
38 54
38 57
39 6
39 8
39 16
39 18
39 20
39 22
39 25
39 26
39 32
39 33
39 38
39 42
39 49
39 54
39 57
39 65
39 67
39 68
39 74
39 83
39 89
39 93
39 95
39 99
39 112
39 116
39 120
39 132
39 141
39 144
42 96
42 100
42 106
42 107
42 113
42 120
42 127
43 3
43 5
43 6
43 11
43 12
43 13
43 20
44 2
44 13
45 12
45 30
45 39
45 41
45 43
45 46
45 52
47 12
48 27
48 132
48 138
49 1
49 11
49 141
49 143
50 2
50 3
50 8
50 9
50 11
50 20
50 22
51 2
51 3
51 5
51 17
51 24
51 27
51 29
51 30
51 31
51 34
51 41
51 44
51 48
51 50
51 58
52 42
52 43
52 44
52 55
54 26
54 33
54 37
54 133
54 134
54 142
54 151
54 153
54 155
54 157
54 161
54 170
54 173
54 174
54 181
54 186
54 187
54 206
55 1
55 10
55 19
55 23
55 33
55 34
55 41
55 52
55 57
55 81
55 86
55 88
55 95
56 7
56 9
56 20
56 23
56 25
56 26
56 30
56 38
56 40
56 41
57 5
57 6
58 3
58 19
58 23
58 28
58 31
58 42
58 43
58 46
58 49
59 72
59 81
59 83
59 84
59 93
59 98
59 118
59 123
59 125
59 128
59 131
59 135
59 138
59 141
59 145
59 146
59 153
59 285
59 287
59 292
59 299
59 304
59 306
59 314
59 316
59 321
60 9
60 17
60 18
60 139
60 142
60 151
60 162
60 167
60 168
61 4
61 7
61 16
61 26
63 2
63 4
63 14
63 20
63 21
63 23
63 29
63 37
64 18
64 21
64 25
64 31
64 39
64 45
64 52
64 57
64 58
64 60
64 69
64 81
65 12
65 17
65 24
65 27
65 43
65 50
66 1
66 24
66 32
66 37
66 38
66 39
66 44
66 45
66 52
66 54
66 55
66 58
66 73
66 81
66 89
67 2
68 1
68 13
68 15
68 19
68 20
68 21
68 22
69 8
69 10
69 14
69 16
69 33
69 36
69 47
69 56
69 189
69 237
69 239
69 242
69 244
70 111
70 116
70 121
70 125
70 134
70 137
70 199
70 201
71 5
71 25
71 29
71 31
71 33
71 34
71 45
71 50
71 53
71 63
71 67
71 195
71 202
71 205
71 213
71 219
71 229
71 230
71 235
71 245
71 255
71 261
71 264
71 266
71 268
71 269
71 271
71 277
71 279
71 280
71 284
71 289
71 301
71 307
71 311
71 316
71 319
71 329
71 338
71 342
71 343
71 344
71 357
71 360
71 365
71 373
71 378
71 384
71 399
71 431
71 435
71 439
71 441
71 443
71 444
71 446
71 463
71 465
71 472
71 480
71 489
71 495
72 13
72 14
72 21
72 29
72 31
72 34
73 2
73 3
74 21
74 30
74 101
74 103
74 110
74 112
74 115
74 116
74 132
74 149
74 152
74 161
74 168
74 170
74 179
74 181
74 199
74 203
75 2
75 3
75 17
76 1
76 6
76 8
76 24
76 34
76 38
76 47
76 48
76 54
76 55
76 57
76 68
76 78
76 88
76 91
76 92
76 96
76 107
76 113
76 114
76 132
76 137
76 140
76 155
76 164
76 165
76 170
76 172
76 178
76 181
76 189
76 191
76 193
76 196
76 212
76 219
76 223
76 227
76 231
76 233
76 235
76 241
76 247
76 250
76 256
76 257
76 260
76 261
77 12
77 13
77 14
77 15
78 2
78 3
78 4
78 21
78 27
78 29
80 44
81 2
81 24
81 27
81 41
82 44
82 53
82 69
82 72
82 76
82 80
82 90
82 96
82 100
82 108
82 110
82 111
82 113
82 114
82 118
82 122
84 49
84 52
84 55
84 58
84 87
84 88
85 1
85 9
85 12
85 48
85 58
85 67
85 71
85 72
85 75
85 85
85 88
85 91
85 95
85 102
85 130
85 141
85 147
85 148
86 4
86 12
86 29
86 34
86 35
86 40
86 67
87 4
87 15
87 20
87 22
88 1
88 23
90 14
90 18
91 7
91 11
91 13
91 15
91 24
91 25
91 26
91 34
91 37
91 44
91 50
91 52
92 1
92 19
92 20
92 21
92 24
92 42
92 43
92 58
92 61
92 67
92 69
92 72
92 74
92 96
92 114
92 120
92 121
92 125
92 133
92 136
92 140
92 143
92 151
92 156
92 167
92 168
92 172
94 12
94 15
94 20
94 42
94 46
94 50
94 51
94 53
94 67
94 73
94 78
94 90
94 91
94 96
94 107
94 230
94 243
95 16
95 22
95 44
95 58
95 61
95 64
95 214
95 218
95 230
95 237
95 246
95 248
95 256
95 265
95 294
95 299
95 306
95 308
95 319
95 320
95 330
95 337
96 2
96 11
96 15
96 18
96 21
96 22
96 24
96 26
96 32
96 33
96 34
96 40
96 43
96 44
96 51
96 55
96 56
96 57
96 61
97 2
