1 8
1 20
2 3
2 8
2 9
2 20
2 31
2 37
2 42
2 44
2 46
2 54
2 55
2 63
2 65
2 68
2 69
2 82
2 89
2 92
2 94
2 102
2 103
2 112
3 1
3 6
3 7
3 16
3 18
3 82
4 7
4 10
5 16
5 22
5 24
5 25
6 7
6 14
6 15
6 42
6 50
6 55
6 60
6 61
6 68
6 71
6 74
6 86
6 96
7 2
7 4
7 6
7 8
7 13
7 21
7 30
7 32
7 42
7 47
7 50
7 56
7 58
7 67
7 78
7 81
7 91
7 98
7 109
7 111
7 116
7 123
7 128
7 130
7 132
7 134
7 138
8 61
11 4
11 13
11 16
11 18
11 22
11 34
11 37
11 40
11 41
11 49
11 58
11 62
11 111
11 115
11 118
12 3
12 6
12 12
12 18
12 19
12 22
12 24
12 26
12 40
12 54
12 56
12 70
13 9
13 12
13 15
13 20
13 23
13 25
13 30
13 33
13 35
13 43
13 53
13 59
13 67
13 69
14 7
14 19
14 21
14 24
14 35
14 39
14 54
14 57
14 62
14 65
14 66
15 5
15 7
15 9
15 13
16 4
16 6
16 10
16 13
16 14
16 22
16 24
16 28
17 26
17 40
17 56
17 59
18 7
18 10
18 11
18 15
18 18
18 19
18 23
18 33
18 36
18 39
18 47
21 5
21 10
21 25
21 27
21 41
21 101
21 102
21 104
21 108
21 112
21 115
21 119
21 121
21 124
21 130
21 132
21 135
21 138
21 142
21 148
21 151
21 160
21 163
21 164
21 169
21 174
21 185
21 194
21 196
21 197
21 205
21 207
21 332
21 333
22 1
22 16
23 33
23 34
23 38
24 6
24 8
24 9
24 14
24 20
24 33
24 50
24 55
24 64
24 67
24 74
24 75
24 76
24 77
24 79
24 80
24 82
24 91
24 98
24 99
24 100
24 104
24 114
24 120
24 126
24 145
24 148
24 153
24 158
24 160
24 161
24 164
25 130
25 134
25 139
25 144
25 151
25 165
25 166
25 167
25 171
25 172
25 304
25 305
25 323
25 334
25 335
25 337
25 346
25 355
25 358
25 372
25 380
25 386
25 394
25 396
25 401
25 403
25 405
25 407
25 409
25 422
25 427
25 431
25 441
25 442
25 448
25 449
25 450
25 453
25 461
25 470
25 474
25 489
25 499
28 3
28 13
28 17
28 18
28 22
28 23
28 32
28 34
28 35
28 38
28 51
29 26
29 29
29 30
29 51
29 58
29 90
29 94
29 101
29 106
29 107
29 109
29 112
29 174
29 175
29 176
29 177
29 178
29 179
29 180
29 183
29 188
29 193
29 195
29 219
29 224
29 360
29 361
29 387
29 402
29 405
29 407
29 408
29 413
29 421
29 424
29 431
29 432
29 435
29 438
29 439
29 440
29 445
30 3
30 9
30 12
30 14
30 15
30 16
30 24
30 29
30 34
30 36
30 39
30 40
30 44
30 46
30 62
30 65
30 67
30 70
30 73
30 84
30 97
30 103
30 109
30 111
30 113
30 119
30 121
30 138
30 139
30 146
30 151
30 155
30 169
30 181
30 195
30 214
30 222
30 223
30 225
30 226
30 233
31 1
32 1
32 16
32 17
32 24
32 28
32 33
32 38
32 40
32 42
33 2
33 13
33 16
33 18
33 23
33 26
33 33
33 35
33 37
33 40
33 41
33 44
33 48
33 52
33 56
33 57
34 34
34 37
35 2
35 4
35 17
35 19
35 22
35 34
35 39
35 43
35 53
35 55
35 76
35 101
35 102
35 103
35 112
35 122
35 123
35 136
35 138
35 141
35 142
35 188
35 194
35 195
35 198
36 7
36 14
36 27
36 28
36 36
36 39
36 44
36 62
36 66
36 71
36 77
36 78
36 81
36 82
36 83
36 85
36 87
36 92
36 95
36 100
36 106
36 113
36 122
36 126
36 127
36 132
36 142
36 146
36 149
36 156
36 158
36 159
36 173
36 180
36 181
36 213
36 225
36 229
36 235
36 239
36 245
36 247
36 264
36 268
36 283
36 285
36 292
36 293
36 297
36 299
36 301
36 310
36 328
36 329
36 331
36 336
36 338
36 346
36 354
36 358
36 360
36 368
36 386
36 391
36 401
36 404
36 405
36 411
36 415
36 421
36 422
36 441
36 442
36 460
36 461
36 465
36 474
36 480
36 483
36 501
36 505
36 506
36 511
36 512
37 2
37 12
37 22
37 26
37 34
37 43
37 47
37 50
38 5
38 6
38 14
38 15
38 24
38 28
38 29
38 36
38 37
38 43
38 44
38 52
38 58
38 59
38 67
38 72
40 57
40 64
40 68
40 70
40 72
40 75
40 79
40 99
41 2
41 23
41 24
41 35
46 14
46 15
46 26
46 30
47 1
47 3
47 5
47 6
47 8
48 2
48 13
48 20
48 24
48 37
48 39
48 43
48 62
48 67
48 69
48 79
48 82
48 91
49 41
49 43
49 48
50 9
50 18
50 22
50 29
50 64
50 67
50 72
50 75
51 7
51 8
51 37
51 43
51 47
51 50
51 54
51 61
51 65
51 72
51 73
51 76
51 89
51 90
52 9
52 19
52 23
52 28
52 31
52 37
54 32
54 34
54 36
54 45
54 48
54 56
54 57
54 66
54 67
54 71
54 72
54 77
54 79
54 80
54 82
54 91
54 96
54 98
54 105
54 109
54 112
54 118
54 121
54 128
54 132
54 140
54 151
54 154
54 164
55 1
55 5
55 7
56 1
56 6
56 14
56 15
56 21
56 24
56 30
56 37
56 41
56 43
56 50
56 55
56 57
56 61
56 65
56 74
56 76
56 92
56 96
57 4
57 17
57 32
57 35
57 41
57 48
57 63
57 66
57 71
57 76
57 78
57 106
57 112
57 117
57 121
57 122
57 127
57 239
57 241
57 246
57 248
58 7
58 17
58 21
58 25
58 26
58 28
58 29
58 82
58 91
58 93
58 96
58 97
58 99
58 102
58 108
58 109
58 115
58 116
58 117
59 3
59 6
59 46
59 56
59 64
59 65
59 72
59 85
59 87
59 95
59 104
59 115
59 123
59 125
59 127
59 131
59 145
59 149
59 159
59 160
59 162
59 184
59 192
59 193
59 196
59 198
60 4
60 146
61 1
61 4
61 7
61 11
61 22
61 23
61 26
61 37
61 40
61 42
61 49
61 56
61 60
61 62
63 23
63 34
63 44
63 46
63 53
63 55
63 56
63 57
63 65
63 66
63 68
64 7
64 10
64 25
64 28
64 32
64 43
64 45
64 48
64 49
64 51
64 159
64 162
64 167
64 174
64 178
64 179
64 185
64 189
64 192
64 203
64 204
64 206
64 207
65 7
66 15
67 28
67 36
67 46
67 47
67 72
67 78
67 87
67 104
67 105
67 106
67 120
67 121
67 133
67 157
67 158
67 186
67 197
67 204
68 15
68 16
68 19
68 21
68 25
68 38
68 41
68 48
68 58
68 69
68 70
68 73
69 21
69 22
69 24
69 31
69 54
69 71
69 72
69 74
69 82
69 84
69 97
70 100
70 106
70 130
70 131
71 2
71 6
71 14
71 33
71 34
71 110
71 127
71 128
71 131
71 134
71 139
71 146
71 149
71 150
71 158
71 159
71 160
71 161
71 165
71 171
72 28
72 31
72 32
72 45
74 66
74 67
74 76
74 82
74 85
74 87
74 216
74 224
74 228
74 232
74 233
74 238
74 239
74 292
74 293
74 299
74 308
74 309
74 318
74 319
74 320
74 323
74 324
75 28
75 29
75 34
75 43
75 45
75 52
75 54
75 58
75 61
75 64
75 65
75 69
75 71
75 89
75 101
75 104
75 109
75 115
75 117
75 119
75 128
75 135
75 137
75 140
75 143
76 2
77 3
77 6
77 9
77 15
77 17
77 24
77 27
77 38
77 48
77 70
77 80
77 83
77 84
77 86
80 1
80 4
80 18
80 19
81 4
81 5
81 33
81 35
81 40
81 49
81 56
81 58
81 60
81 69
81 70
82 8
82 21
82 97
82 109
82 111
82 112
82 114
82 125
82 126
82 130
82 132
82 141
82 144
82 156
83 64
83 67
83 70
83 71
83 77
83 82
83 85
83 86
88 8
89 127
89 129
89 137
91 76
91 119
91 126
91 129
92 82
93 10
93 15
93 25
93 30
93 40
93 50
93 51
93 56
93 61
93 76
93 77
93 87
93 93
94 9
94 15
95 9
95 11
96 14
96 15
96 32
96 39
96 53
96 56
96 66
96 75
97 21
97 26
100 23
100 36
100 39
100 40
100 60
100 66
100 71
100 80
100 102
100 103
100 108
100 118
100 120
100 129
100 140
100 144
102 35
102 37
102 42
102 52
102 62
102 66
102 68
102 88
102 91
102 93
102 100
102 102
102 111
102 126
102 130
102 131
102 132
102 134
102 136
102 142
104 5
104 12
104 22
104 23
104 26
104 46
104 51
104 56
104 57
104 60
104 73
104 75
104 82
