1 1
2 3
2 21
2 24
2 29
2 31
2 56
2 61
2 66
2 69
2 70
2 71
2 83
2 86
2 87
4 2
4 12
4 23
4 26
4 28
4 35
4 39
4 42
4 44
4 49
4 58
4 67
4 70
4 78
4 92
5 1
5 7
5 11
5 15
6 2
6 9
7 96
7 107
7 114
7 117
8 1
8 2
8 34
9 2
9 10
9 13
9 21
9 26
9 30
9 40
9 45
9 48
9 50
10 16
10 18
11 5
11 9
11 13
11 15
11 26
11 30
11 31
11 32
11 34
11 42
11 43
11 49
11 50
11 51
11 69
11 71
11 76
11 80
12 14
12 19
12 20
12 24
12 26
12 36
12 41
12 45
12 48
12 49
12 60
12 62
12 71
12 77
12 82
13 41
13 69
13 75
13 94
13 111
13 113
13 116
13 122
13 128
13 129
13 136
13 138
13 145
13 157
15 5
15 32
15 37
15 49
15 51
15 53
15 58
15 61
16 5
16 11
16 40
17 2
17 4
17 5
17 41
17 43
17 45
17 48
17 52
17 59
17 61
18 1
18 7
18 13
18 25
18 28
18 29
18 31
18 32
18 36
18 42
18 48
18 53
18 60
18 61
18 65
19 6
19 10
19 11
19 13
19 19
19 20
19 33
19 49
19 50
19 51
19 52
19 54
19 57
19 60
19 69
19 70
19 72
19 79
19 84
19 85
19 86
19 92
19 101
19 104
19 113
19 119
19 120
19 123
19 125
19 133
19 143
19 146
19 173
19 174
19 175
19 188
19 237
19 240
19 275
19 279
19 286
19 288
19 293
20 1
20 3
20 7
21 11
21 22
21 23
21 30
21 34
21 65
22 26
22 28
22 31
22 32
22 51
22 56
23 21
23 33
23 34
23 37
23 54
23 55
23 59
23 70
23 82
23 85
23 93
23 94
24 5
24 14
25 1
25 4
25 7
25 8
25 12
25 19
25 21
25 25
25 26
25 32
25 35
25 36
25 40
25 45
25 48
25 50
25 59
25 75
25 76
25 81
25 87
25 92
25 97
25 99
25 107
25 130
25 132
25 136
25 138
25 140
25 141
25 142
25 149
25 150
26 2
26 15
26 16
26 19
26 28
26 34
26 41
26 49
26 54
26 55
26 60
26 66
26 69
26 74
26 81
26 86
26 93
26 94
26 104
26 109
27 18
27 22
28 25
28 31
28 34
28 37
29 6
29 7
29 16
29 26
29 31
29 34
29 46
29 47
29 53
29 54
29 66
29 69
29 71
29 74
29 83
29 95
30 6
30 24
30 25
30 31
30 39
30 47
30 48
30 62
30 65
30 80
30 81
30 85
30 95
30 96
30 104
30 109
30 111
30 112
30 116
30 139
30 142
30 144
30 150
30 165
30 180
30 195
30 197
30 198
30 200
30 280
30 282
30 291
30 292
30 295
30 301
30 311
31 1
31 3
31 8
31 28
31 46
31 47
31 50
31 53
32 141
32 142
32 143
33 10
33 13
33 26
33 31
33 32
33 43
33 49
33 56
33 66
33 70
33 73
33 79
33 87
33 88
34 31
34 32
34 41
34 42
34 43
34 46
34 47
34 49
34 50
34 56
34 62
34 69
34 70
34 74
34 75
34 86
35 17
35 23
35 24
35 26
35 38
35 40
35 45
35 46
35 99
35 101
35 104
35 105
35 123
36 10
37 6
37 9
37 11
38 9
38 18
38 31
39 89
39 94
39 97
39 106
39 113
39 119
39 124
39 130
39 139
40 10
40 16
40 38
40 43
41 2
41 5
41 25
41 29
41 34
41 38
41 40
41 46
41 57
41 76
41 78
41 80
41 85
41 98
41 99
41 113
41 120
41 124
41 125
41 133
41 134
41 140
41 150
41 151
42 1
42 9
42 24
42 27
42 36
42 47
42 49
42 50
43 7
43 34
43 44
43 47
43 48
43 51
43 59
43 60
43 68
43 76
43 78
44 14
44 98
44 102
44 105
44 126
44 132
44 152
44 163
44 168
44 308
44 311
45 7
45 12
45 36
45 48
45 52
45 56
45 58
45 65
45 69
45 76
45 80
45 86
45 89
45 99
45 108
45 117
45 121
45 122
45 123
45 130
45 140
45 142
45 146
45 151
45 154
45 166
45 168
45 174
45 182
45 185
45 187
46 3
46 5
46 7
46 16
46 22
46 23
46 26
46 35
46 37
46 43
46 57
46 60
46 64
46 74
46 80
46 82
46 86
47 8
47 10
47 13
47 15
47 88
47 92
47 93
47 96
47 109
47 122
47 123
47 125
47 130
47 131
47 132
47 133
47 134
47 137
47 138
48 3
48 8
48 9
48 15
48 16
48 22
48 27
48 28
48 32
48 45
48 47
49 17
49 20
49 25
50 2
50 3
50 4
50 7
50 18
50 19
50 25
51 6
51 11
51 16
51 17
51 29
51 31
51 32
51 38
51 39
53 22
53 27
53 28
53 31
53 35
53 37
53 61
53 67
53 69
53 71
53 75
53 76
53 87
53 91
53 96
53 98
53 105
53 115
53 125
53 163
53 168
53 176
53 180
53 188
53 192
53 205
54 105
54 107
54 111
54 113
54 115
54 116
54 120
54 124
54 134
54 136
54 141
55 4
55 6
55 16
55 18
55 21
55 22
55 31
55 33
55 36
55 46
55 53
55 60
55 63
55 65
55 70
55 72
55 76
56 3
58 106
58 112
58 132
58 135
58 137
60 77
61 5
61 17
61 28
61 33
61 43
63 1
63 9
63 14
63 16
63 19
63 25
63 28
63 36
63 37
63 39
63 40
63 64
63 66
63 72
63 76
63 85
63 88
63 90
63 91
63 92
63 97
63 107
63 114
63 115
63 142
63 160
63 163
63 174
63 176
63 184
63 186
66 9
66 12
66 14
66 22
67 8
67 12
67 14
67 18
67 22
67 35
67 38
67 42
67 44
68 115
68 118
68 122
68 126
68 138
68 145
68 150
68 163
68 169
68 172
68 175
68 180
68 182
68 189
68 204
68 207
68 227
68 237
68 241
68 245
68 250
68 255
68 261
68 266
68 269
68 272
68 275
68 276
68 292
68 295
68 333
68 336
68 363
68 368
68 375
68 381
68 384
68 439
68 441
68 444
68 446
68 470
68 471
68 472
68 473
68 483
68 485
68 487
68 493
68 498
68 507
68 533
68 537
68 538
68 539
68 542
68 550
68 551
68 553
68 555
68 565
68 566
68 635
68 638
68 642
68 645
68 654
69 6
69 7
69 11
69 14
69 32
69 35
70 1
70 4
70 5
70 11
70 16
70 18
71 71
71 80
72 4
72 9
72 139
72 141
72 142
72 144
72 147
72 214
72 229
72 232
72 238
72 239
72 243
72 245
72 251
72 256
72 258
72 262
72 264
72 274
73 12
73 34
73 40
73 54
73 55
74 20
75 114
75 117
76 2
76 6
76 84
76 88
76 95
76 104
76 105
76 112
76 117
76 121
76 123
76 126
76 128
76 131
76 143
76 149
76 157
76 158
76 172
76 178
77 5
77 16
77 24
77 28
77 32
77 36
77 39
77 57
77 60
77 70
77 73
77 74
77 80
77 87
77 89
77 91
77 93
77 96
77 98
77 99
77 104
77 105
77 107
77 111
77 118
81 9
81 29
81 35
81 39
81 48
81 55
81 56
81 64
81 66
81 75
81 76
81 78
81 110
81 116
81 117
81 121
81 127
81 137
81 139
81 143
81 145
81 154
81 170
81 184
81 187
81 188
81 190
81 204
83 3
86 44
86 45
86 47
86 48
86 54
86 57
86 58
86 64
86 70
86 82
86 91
86 99
86 106
86 107
86 115
86 132
86 147
86 149
86 157
86 174
87 59
87 64
87 65
87 72
87 77
87 81
88 1
88 2
88 6
88 9
90 6
90 10
90 12
90 18
90 20
90 34
90 37
90 45
90 49
90 50
90 61
90 64
90 71
90 78
90 79
90 80
90 120
90 131
92 63
92 77
92 81
92 85
92 86
92 87
92 96
92 102
92 176
92 178
92 197
92 329
92 336
92 337
92 340
92 346
92 350
92 358
92 378
92 395
92 396
92 425
92 426
92 428
92 435
92 439
92 447
93 7
93 9
93 11
93 17
93 19
93 32
93 39
93 40
93 52
93 64
94 7
94 9
96 3
97 11
97 12
97 18
97 30
97 40
97 45
97 46
97 48
98 6
98 8
98 26
98 32
98 33
98 39
98 40
98 44
98 49
98 50
98 63
98 64
98 65
98 66
98 69
98 78
98 79
98 84
98 95
98 105
98 119
98 122
98 133
99 1
100 3
100 5
100 6
100 9
100 20
100 25
100 27
100 36
100 39
100 40
100 45
100 52
100 53
100 59
100 61
100 69
100 75
100 79
100 81
100 91
100 92
100 93
100 108
100 109
100 110
101 3
101 10
101 21
101 30
101 36
101 37
101 41
102 4
102 10
102 17
102 18
102 25
102 27
102 32
102 34
103 58
103 65
103 76
103 96
103 101
103 103
103 105
103 107
103 114
