1 8
1 14
1 16
1 25
1 28
1 31
1 45
1 48
1 50
1 55
1 61
1 64
1 69
1 70
1 77
1 86
1 87
1 91
1 95
1 97
1 100
1 104
1 109
1 116
1 121
1 125
1 135
1 136
1 148
1 166
1 170
1 174
1 175
1 185
1 188
1 192
1 203
1 210
1 211
1 213
1 216
1 235
1 242
1 244
1 251
1 253
1 259
2 2
2 3
2 10
2 12
2 15
2 17
2 29
2 32
2 44
2 45
2 55
3 1
3 2
4 1
4 8
4 9
4 17
4 25
4 36
4 42
5 8
5 9
5 16
6 3
6 6
6 14
6 16
6 19
6 27
6 28
6 33
7 12
7 27
7 55
7 57
7 60
8 73
8 74
8 77
8 82
8 83
8 101
8 104
8 106
8 116
8 121
8 125
8 131
8 135
8 136
8 137
8 142
8 149
8 151
8 152
8 154
8 158
8 159
8 183
8 186
8 192
8 193
8 195
8 196
8 197
8 199
8 202
8 206
8 208
8 213
8 228
8 229
8 230
8 232
8 237
8 238
8 247
8 251
8 263
8 268
10 3
10 5
10 6
10 8
10 10
10 13
10 18
10 21
10 35
10 38
10 42
10 43
10 56
10 57
10 58
10 59
10 62
10 71
10 79
10 93
10 95
10 96
10 102
10 113
10 114
12 28
12 33
12 45
12 48
12 57
12 72
12 76
12 84
12 92
12 94
12 112
13 14
13 18
13 33
14 1
14 3
14 7
15 7
15 9
15 18
15 22
15 25
15 26
15 28
17 1
17 11
17 14
17 15
17 21
17 22
17 48
17 58
17 62
17 74
17 76
17 81
17 82
17 83
17 84
17 93
17 96
17 97
17 114
17 120
17 121
17 136
17 154
17 160
17 176
17 183
17 185
17 211
17 219
17 224
17 225
17 229
17 235
17 240
17 244
17 254
17 255
17 258
17 259
17 260
17 284
17 288
17 304
20 7
20 15
20 20
20 26
20 28
20 32
20 34
20 42
20 43
20 48
20 59
20 62
20 64
20 66
20 96
20 97
20 98
20 111
20 116
20 117
20 122
20 128
20 139
20 141
20 149
20 154
20 159
23 32
23 33
23 36
23 45
23 47
23 51
23 55
23 72
23 82
23 100
23 107
23 110
24 101
24 104
24 106
24 107
24 111
24 114
24 122
24 127
24 130
24 131
24 135
24 148
24 150
24 151
24 154
24 155
24 157
24 162
24 164
25 4
25 15
27 33
28 2
28 10
28 19
28 24
28 26
28 31
28 32
28 34
28 37
28 38
28 41
28 51
28 56
28 62
28 67
28 69
28 87
28 91
28 102
28 109
28 110
29 13
29 15
29 22
29 26
29 29
29 37
29 46
29 47
29 56
29 62
29 63
29 71
29 73
29 82
29 85
30 7
30 8
30 14
30 16
30 22
30 25
30 31
30 35
30 43
30 50
31 2
31 32
31 40
31 43
31 47
31 48
31 53
31 61
31 70
34 33
34 34
34 38
34 44
34 45
34 55
34 72
34 141
35 53
35 65
35 70
35 76
35 80
35 86
36 7
36 10
36 13
36 20
36 21
36 27
36 32
36 35
36 44
36 47
36 105
36 107
36 115
36 116
36 118
36 300
36 303
36 308
36 316
36 317
36 339
36 349
36 350
36 353
36 354
36 363
36 365
36 416
36 417
36 420
37 22
37 24
38 8
38 9
38 12
38 16
38 24
38 28
38 29
38 48
40 75
40 76
40 123
40 125
40 132
40 133
41 7
41 10
41 11
41 12
41 15
41 17
41 24
41 32
41 33
41 41
41 45
41 50
41 51
41 52
41 65
41 73
41 76
41 79
41 81
41 86
41 94
41 96
41 99
41 101
41 105
41 114
41 118
41 142
41 153
41 161
41 172
41 178
41 179
41 195
41 198
41 207
41 210
41 216
41 225
41 256
41 259
41 265
41 269
41 270
41 271
41 275
42 1
42 7
42 9
45 69
45 73
45 79
45 82
45 90
45 93
45 100
45 106
45 114
45 118
47 1
47 7
47 11
47 21
49 26
49 29
49 42
49 46
49 47
53 17
53 26
53 30
53 35
53 43
53 64
54 90
54 104
54 110
54 113
54 115
54 121
54 133
54 134
54 137
54 138
54 139
54 160
54 167
54 180
54 190
54 193
54 194
54 200
54 207
54 209
57 15
57 33
58 8
58 10
58 13
58 18
58 24
58 29
58 32
58 42
58 44
58 53
58 55
58 58
58 59
58 64
58 66
58 109
58 129
60 17
61 8
63 4
63 5
63 19
64 2
66 6
66 19
66 20
66 31
66 32
66 51
66 55
66 57
66 61
66 63
68 9
68 14
68 16
68 21
68 23
68 29
68 30
68 41
68 53
69 11
69 23
69 65
69 71
69 80
69 85
69 87
69 92
69 101
69 102
69 110
69 117
69 119
69 122
69 125
70 76
70 78
70 82
70 94
70 95
70 102
70 103
70 111
71 1
71 8
71 21
71 26
71 38
71 39
71 42
71 47
71 49
71 53
71 55
71 60
71 68
71 79
71 87
72 1
72 10
72 13
72 14
72 25
72 35
72 49
72 56
72 58
72 60
72 67
74 7
74 12
74 13
74 21
74 28
74 38
74 39
74 46
74 48
74 52
75 9
75 12
75 20
76 1
76 29
76 41
76 64
76 78
76 88
77 6
77 9
77 32
77 40
77 45
77 50
77 55
77 64
77 71
77 81
77 82
77 83
77 88
79 4
79 6
79 15
79 19
79 21
81 5
81 6
81 7
81 16
81 17
81 24
81 28
81 31
81 90
81 92
81 96
81 98
81 99
81 116
81 120
81 122
81 126
81 141
81 144
81 145
81 155
81 159
81 160
81 162
81 169
81 170
81 173
81 176
81 180
82 80
82 85
82 88
82 91
82 102
82 103
82 114
84 8
84 21
84 23
84 33
84 38
84 40
84 41
84 43
84 46
85 8
85 14
85 16
85 21
85 68
85 69
85 72
85 87
85 99
85 103
85 104
85 106
85 108
85 112
85 116
85 127
85 138
85 142
85 145
86 10
86 18
86 21
86 23
86 31
86 119
86 121
86 149
86 151
86 163
86 175
87 6
87 19
87 28
87 35
87 222
87 223
87 235
87 238
87 239
87 243
87 247
87 257
87 260
87 263
87 268
87 269
87 274
87 287
87 299
87 300
87 304
87 306
87 310
87 312
87 313
87 319
87 322
87 329
87 333
87 351
88 5
88 7
88 8
88 11
88 15
88 16
88 27
88 38
88 43
89 4
89 8
89 11
89 24
89 34
89 163
89 166
89 167
89 173
90 1
90 2
90 5
90 6
90 12
90 14
90 16
90 29
90 40
90 49
90 53
90 55
90 57
90 68
90 70
90 79
90 80
90 88
90 92
90 94
90 95
90 105
90 110
90 118
90 120
90 122
90 124
91 5
91 7
91 12
91 14
92 59
92 80
94 7
94 12
94 15
94 18
94 26
94 32
94 33
94 40
94 46
94 53
94 58
94 68
94 76
94 86
94 112
94 113
94 118
94 134
94 147
94 152
94 156
94 161
94 162
94 169
96 20
96 22
96 33
96 45
96 55
96 61
96 66
96 68
96 70
96 80
96 88
96 90
96 92
96 94
96 104
97 10
97 13
97 15
97 17
97 22
97 31
97 39
98 9
98 15
98 23
98 37
98 45
98 60
98 64
98 70
98 72
98 79
98 106
98 113
98 116
98 117
98 187
98 191
98 196
98 199
98 204
98 212
98 214
99 13
99 21
99 29
99 30
99 31
99 39
99 42
99 45
100 2
100 11
100 15
100 23
103 79
103 95
104 1
104 5
104 6
104 10
104 17
104 19
104 24
105 3
105 4
105 6
105 10
105 18
105 19
105 25
105 35
105 37
106 2
106 15
106 20
106 35
106 41
106 59
106 62
106 63
109 86
109 108
109 113
109 114
110 2
110 7
110 9
110 13
110 15
110 17
110 19
110 20
110 25
110 29
110 41
110 43
110 44
110 47
110 48
110 49
110 50
110 52
110 60
111 1
111 8
111 9
111 10
111 15
112 4
112 5
112 13
112 14
112 18
112 34
112 38
112 39
112 44
112 46
112 50
112 52
112 61
112 71
112 84
112 85
113 9
113 20
113 22
113 24
113 26
113 28
113 31
113 34
113 40
113 55
113 56
113 58
113 61
113 62
113 75
113 128
113 135
113 139
114 6
114 10
114 14
114 20
115 3
115 4
115 8
116 1
116 5
116 8
116 9
116 12
116 13
117 3
117 14
117 34
117 43
117 44
117 70
117 73
117 80
117 92
117 95
117 107
117 112
117 114
117 135
117 141
117 144
118 12
118 13
118 18
118 44
118 46
118 47
118 54
118 58
118 63
118 65
118 73
118 85
118 90
118 120
118 127
118 130
118 132
118 146
118 154
118 155
118 159
118 162
118 170
119 70
