2 28
2 52
2 64
2 68
2 208
2 216
2 218
2 221
2 224
2 249
3 45
4 12
4 15
4 22
4 38
8 20
8 33
8 34
8 41
8 47
8 52
8 53
8 58
8 61
8 64
8 68
8 73
8 79
8 98
8 105
8 107
8 112
8 113
8 114
8 115
8 119
8 250
9 84
9 85
9 88
9 101
9 114
9 119
9 124
9 132
9 138
9 145
9 146
9 152
9 169
9 172
9 183
9 184
9 193
9 194
9 201
9 205
9 213
9 219
9 228
9 238
9 241
9 246
9 255
9 259
9 262
9 290
9 291
9 300
9 319
9 326
9 330
9 331
9 376
9 419
9 431
9 433
9 434
9 435
10 4
10 9
11 3
11 5
11 7
11 10
11 17
11 23
11 24
11 32
11 35
11 50
11 64
11 65
11 72
11 76
11 77
11 80
11 93
11 94
11 99
11 101
11 111
11 114
11 123
11 132
11 134
11 138
11 143
11 149
11 183
11 186
11 189
12 1
12 9
12 15
12 23
12 27
12 35
12 36
12 119
12 124
12 132
13 9
13 15
13 23
13 58
14 6
14 11
14 17
14 19
14 37
14 54
15 2
15 7
15 11
15 33
15 38
15 39
15 47
15 56
15 57
15 66
15 72
15 77
15 85
15 86
15 96
15 97
15 117
15 118
15 126
15 137
15 138
17 1
17 5
17 6
17 9
17 13
17 14
17 18
17 20
18 4
18 14
18 21
18 29
18 36
18 49
18 53
18 59
18 67
18 71
18 72
18 94
18 104
18 106
18 114
18 123
18 138
18 143
19 1
20 99
20 101
20 102
21 82
21 83
21 84
21 94
21 109
21 113
21 115
22 2
22 3
23 1
23 2
26 15
26 23
26 25
26 58
26 66
26 68
26 69
26 76
26 79
27 92
28 5
28 10
28 21
28 29
29 2
31 57
31 69
31 72
31 84
31 87
31 97
31 98
31 111
31 117
31 119
31 128
31 130
31 132
31 150
31 152
31 155
31 159
31 163
31 169
31 176
31 178
31 182
31 183
31 244
31 248
31 250
31 255
31 258
31 266
31 268
31 274
31 298
31 301
31 332
31 334
31 335
31 339
31 342
32 30
32 37
32 47
32 48
32 49
32 61
32 64
32 72
32 77
32 82
32 88
32 95
32 96
32 98
32 102
32 109
32 114
32 116
32 119
32 121
33 107
34 1
34 8
34 11
34 15
34 16
34 17
34 21
34 28
35 6
36 6
36 7
36 8
36 10
36 17
36 18
36 31
36 36
36 44
36 55
36 62
36 74
36 78
36 84
36 87
36 94
37 20
37 28
37 29
37 34
37 39
37 43
37 45
37 47
37 49
40 6
40 22
40 35
40 41
40 48
40 49
40 50
40 62
40 69
40 85
40 90
40 99
40 102
40 103
40 105
40 122
40 124
40 138
40 141
40 143
40 148
40 150
40 151
40 154
40 167
40 169
40 175
40 178
40 182
40 186
40 190
40 198
41 6
41 15
41 23
41 26
41 27
41 30
41 43
41 47
41 49
41 58
41 73
41 74
41 76
41 77
41 79
41 82
41 83
41 164
41 165
41 167
41 169
41 177
41 181
41 187
41 196
41 207
42 3
42 5
42 7
42 15
42 24
42 29
42 39
42 45
42 47
42 55
42 60
42 138
42 146
42 148
42 156
42 158
42 162
42 168
42 177
42 198
42 206
42 224
42 231
42 233
42 244
42 247
43 54
43 55
43 60
43 65
44 4
44 5
44 27
44 35
44 45
44 47
45 66
45 68
45 74
45 80
45 91
45 95
45 107
46 57
46 58
46 62
46 64
46 66
46 67
46 83
46 93
46 100
46 102
46 106
46 109
46 117
46 124
46 126
46 139
46 144
46 157
46 163
47 2
47 7
47 14
47 20
48 48
48 54
48 55
48 62
48 64
48 85
48 89
48 100
49 1
49 6
49 13
49 26
49 30
49 35
49 40
49 43
49 45
49 57
49 73
49 83
49 86
49 87
50 35
50 37
50 41
50 47
50 51
50 56
50 58
50 64
50 68
50 70
50 73
50 75
50 77
50 82
50 85
52 10
52 13
52 20
53 3
53 14
54 2
54 3
54 7
54 8
54 15
54 18
54 21
55 34
55 37
55 42
55 46
55 50
57 23
57 34
57 43
57 51
57 58
57 61
57 64
57 66
57 74
57 78
57 84
57 88
57 102
57 104
57 116
57 136
57 137
57 141
57 148
57 158
57 159
58 11
58 15
58 19
58 20
58 23
58 30
58 52
58 53
58 61
58 71
58 89
58 93
58 99
58 105
58 108
58 111
58 123
58 128
58 133
58 135
58 144
58 176
58 192
58 197
58 203
58 207
58 214
58 218
58 220
58 223
58 234
58 235
58 240
58 243
58 253
58 260
58 267
58 268
58 274
58 275
58 289
58 291
58 294
58 298
58 299
58 300
58 301
58 310
58 313
58 319
58 322
58 329
58 337
58 368
58 374
58 379
58 380
58 382
58 397
58 398
58 400
58 406
58 408
58 409
58 411
58 420
58 422
58 423
58 424
58 427
58 436
58 439
58 444
58 458
58 460
58 468
58 470
58 473
58 483
58 484
58 485
58 491
58 492
58 498
58 506
58 510
58 511
58 516
58 521
58 522
58 531
58 533
58 547
58 548
58 556
58 571
58 587
58 593
58 595
58 602
58 611
58 615
58 620
58 622
58 626
58 628
58 629
58 637
58 640
58 641
58 649
58 655
58 656
58 675
58 682
58 689
58 711
58 712
58 715
58 721
58 725
58 737
58 739
58 743
59 4
59 6
59 11
59 18
59 40
59 43
59 181
59 184
59 195
59 211
60 5
60 12
60 16
60 17
60 21
60 26
60 49
60 54
60 56
60 68
60 72
60 77
61 33
61 38
61 52
61 55
61 60
61 64
61 69
62 54
62 55
62 58
62 62
62 66
62 76
62 87
62 100
62 108
62 109
62 113
62 118
62 127
62 129
62 134
62 148
62 157
62 158
62 160
62 166
62 169
62 176
62 183
62 185
62 186
62 191
62 193
62 197
62 198
63 7
63 9
63 10
63 17
64 2
64 4
64 22
64 37
64 40
64 41
64 48
64 57
64 60
64 61
64 63
64 64
64 65
64 66
64 68
64 71
64 72
64 78
64 79
66 23
67 72
67 76
67 79
67 80
67 85
67 86
67 104
67 120
68 1
68 11
68 15
68 16
68 18
69 1
69 3
69 12
69 16
71 94
71 95
71 96
71 97
72 3
72 6
72 13
72 29
72 36
72 38
72 39
72 42
72 55
72 62
72 68
72 72
73 3
73 4
73 10
73 13
73 45
73 56
73 62
73 76
73 82
73 95
73 96
74 24
74 33
74 49
74 55
74 56
74 76
74 81
75 2
75 8
75 9
75 16
75 18
75 39
75 47
75 71
75 81
77 18
77 20
78 3
78 4
78 8
78 11
78 23
78 25
78 27
78 41
78 59
78 63
78 64
78 67
78 71
78 90
78 100
78 105
79 2
79 3
80 8
80 17
80 22
80 23
81 36
81 42
81 46
81 50
81 55
82 53
82 67
82 68
83 26
83 30
83 37
83 39
83 41
83 43
83 46
83 47
83 56
83 57
83 64
84 1
84 6
84 8
84 15
84 17
84 20
84 29
84 33
86 57
86 62
86 63
86 67
86 73
86 74
86 79
86 88
86 92
87 9
87 11
87 14
87 19
87 21
87 22
87 26
87 31
87 38
87 41
87 53
87 148
87 168
87 171
87 179
87 180
87 200
87 213
87 215
87 217
87 219
87 220
87 223
87 272
87 273
87 292
87 294
87 340
87 347
87 350
87 357
87 363
87 379
87 385
87 394
88 84
88 88
88 90
88 93
88 95
88 159
88 171
88 175
88 194
88 235
88 236
88 243
88 244
88 262
88 264
88 266
88 269
88 276
88 281
89 1
89 4
89 19
89 20
89 24
89 25
89 37
90 5
90 7
90 15
90 18
90 28
90 29
91 19
91 23
91 44
91 53
91 66
91 72
91 77
91 96
91 99
91 100
91 101
91 107
92 2
92 6
92 8
92 10
92 21
92 29
94 3
94 6
94 9
94 11
94 12
94 13
94 19
94 31
94 42
94 55
94 59
94 69
94 87
94 88
94 91
94 98
94 101
94 130
94 137
94 138
94 144
94 147
94 153
94 164
94 165
94 167
94 168
94 172
94 182
94 183
94 221
