1 24
1 30
1 36
1 37
1 40
1 52
2 1
2 4
2 12
2 14
2 15
2 22
2 23
2 25
2 29
3 3
3 6
3 13
3 15
3 30
3 38
3 40
3 44
3 46
3 48
3 49
3 53
3 65
3 83
3 84
3 90
3 97
3 101
3 109
4 2
4 9
4 14
4 19
4 25
4 36
4 37
4 40
4 44
4 51
4 52
4 55
4 69
4 71
4 76
4 85
4 98
4 107
4 109
5 11
5 12
5 15
5 25
5 27
5 33
5 35
5 67
5 73
6 7
6 18
6 23
6 38
6 41
6 44
6 45
6 48
6 51
6 56
6 60
6 75
6 89
6 94
6 97
6 102
6 103
6 104
6 107
6 122
7 10
7 36
8 41
8 42
8 46
8 67
8 69
8 74
8 75
8 86
8 89
8 109
8 115
8 117
8 122
8 127
8 136
8 141
8 147
8 148
8 161
8 164
8 170
8 176
8 199
8 204
8 205
9 3
9 7
9 11
9 19
9 20
9 22
10 4
10 8
10 14
10 15
10 18
10 22
10 31
10 33
10 35
10 36
10 41
10 48
10 54
10 67
10 75
11 60
12 58
12 62
12 63
12 66
12 73
13 5
13 7
13 10
13 30
13 32
13 34
13 35
13 45
13 47
13 49
14 4
14 9
14 24
15 39
15 41
15 47
15 48
15 53
15 55
15 66
15 68
15 79
15 87
15 90
15 100
15 105
15 106
15 113
15 115
15 116
15 119
15 121
15 146
15 155
15 157
15 158
15 160
15 184
15 189
17 16
17 18
17 20
17 26
17 27
17 30
17 32
17 40
17 53
17 54
17 58
17 60
17 75
17 77
17 82
17 96
17 99
17 123
17 126
18 10
18 12
18 13
18 14
18 15
18 17
19 1
19 3
19 4
19 15
19 17
19 24
19 27
19 34
20 1
20 10
20 16
20 17
20 29
20 33
20 36
20 38
21 1
22 2
22 6
22 14
22 18
22 26
22 29
22 32
22 33
22 37
22 38
22 39
22 43
23 14
23 18
23 26
26 1
26 8
26 12
26 18
27 30
27 31
27 33
27 36
27 38
27 40
27 43
27 44
27 47
27 66
27 77
28 10
28 16
28 74
28 83
28 184
28 196
28 198
28 199
28 203
31 14
31 17
31 22
31 26
31 44
31 49
31 52
32 61
32 72
32 73
32 75
32 82
32 90
32 99
33 4
33 5
35 33
35 37
35 40
35 43
35 45
35 48
36 7
36 15
36 26
36 30
36 39
38 31
38 32
38 37
38 48
38 49
38 52
38 59
38 62
38 76
38 83
38 88
38 94
38 104
38 106
38 114
38 126
38 129
38 140
38 160
38 165
38 166
38 171
38 172
38 191
38 193
38 199
38 201
38 211
39 2
39 4
39 10
39 16
39 19
39 21
39 26
39 41
39 43
39 47
39 48
39 51
39 53
39 55
40 1
40 11
41 5
41 14
41 48
41 50
41 53
41 61
41 71
41 72
41 77
41 86
41 99
41 108
41 110
41 118
41 119
41 136
42 5
42 7
42 69
42 70
43 21
43 27
43 34
43 37
43 75
43 95
43 99
43 105
43 113
43 124
43 141
43 148
43 149
43 170
43 184
43 189
43 234
43 248
43 253
43 254
43 258
43 259
43 260
43 261
43 263
43 274
43 281
43 300
43 304
44 5
44 10
44 12
44 31
44 35
44 41
44 46
45 4
46 4
46 19
46 23
46 33
46 36
46 37
46 42
46 44
46 45
46 48
46 61
46 62
46 68
46 83
46 90
47 4
47 6
47 9
47 19
47 20
47 66
47 72
47 77
47 87
48 1
48 7
48 10
48 12
48 20
48 25
48 37
48 44
48 49
48 50
48 62
49 129
49 135
49 141
49 144
50 1
50 5
50 7
50 13
50 21
50 22
51 7
51 19
51 21
54 3
54 6
56 3
57 1
57 6
57 7
57 11
57 18
57 22
57 23
57 27
57 36
57 38
57 43
57 56
57 58
57 61
57 63
57 67
57 70
57 72
57 99
57 103
57 105
57 114
57 116
57 119
57 133
57 135
57 148
57 153
57 171
58 21
58 25
58 36
58 38
58 42
58 45
58 57
58 113
58 114
58 117
58 124
58 125
58 129
58 133
58 146
58 148
58 150
58 158
58 208
59 9
59 11
59 20
59 36
60 2
60 14
60 26
61 3
61 7
61 14
61 15
61 19
61 20
61 25
61 35
61 38
61 51
61 56
62 7
62 23
62 104
62 109
63 2
64 14
64 21
64 39
64 40
64 47
64 52
65 9
65 30
65 33
65 43
65 56
65 64
65 66
65 69
65 70
65 74
65 88
65 92
65 93
66 2
66 12
68 97
68 103
68 105
68 113
68 116
68 117
68 122
68 128
68 131
68 133
68 134
68 135
70 11
70 12
70 18
70 28
70 29
70 31
70 34
70 38
70 44
71 89
71 90
71 96
71 102
71 135
71 136
71 138
71 140
71 150
71 152
71 165
72 8
72 20
73 75
73 78
73 82
73 83
73 90
73 100
73 101
76 20
76 25
76 26
76 34
76 36
76 38
76 40
76 44
77 1
77 3
77 4
77 9
77 11
77 21
77 22
77 24
79 38
79 41
79 46
79 47
79 48
79 62
79 64
80 4
80 7
80 9
80 10
80 13
80 20
80 27
80 30
80 34
80 42
80 44
80 48
80 55
80 58
80 59
82 63
82 70
82 75
82 84
82 85
82 86
82 88
82 102
82 108
82 114
82 127
82 132
82 134
82 141
82 144
82 152
82 155
82 157
82 159
83 2
83 5
83 7
84 17
84 23
84 24
84 30
84 31
84 41
84 50
84 60
84 61
84 116
84 118
84 152
84 153
84 156
84 167
84 172
84 173
84 176
84 177
84 178
84 195
84 201
84 211
84 212
84 213
86 1
86 8
86 10
86 13
86 15
87 28
87 36
87 37
87 42
88 24
88 36
88 60
88 61
88 69
88 78
88 80
88 82
88 83
88 94
88 99
88 110
88 114
88 117
88 124
88 130
88 138
88 143
88 148
88 157
88 166
88 243
88 244
88 251
89 1
89 2
89 8
90 4
90 17
90 22
90 33
90 40
90 43
90 44
90 51
90 62
90 63
90 64
90 69
90 72
90 76
90 81
90 134
90 136
90 139
90 146
91 3
91 21
91 25
91 32
91 35
91 36
91 41
91 56
91 65
91 72
91 77
91 78
91 84
91 85
91 87
91 92
91 102
92 4
92 9
92 14
92 27
92 28
92 34
92 35
92 48
92 50
92 54
92 55
92 63
92 67
92 71
92 72
92 78
92 84
93 9
93 12
93 13
93 38
93 40
93 44
93 47
93 54
93 55
93 57
93 62
93 65
93 74
93 78
93 82
93 83
93 86
93 91
93 97
93 100
93 104
93 107
93 108
93 112
93 133
93 136
93 142
93 144
93 148
93 159
93 161
93 175
94 1
94 9
94 27
94 29
94 30
94 35
94 43
95 11
95 23
95 26
95 48
95 50
95 51
95 67
95 73
95 74
97 4
97 5
97 16
97 24
97 25
97 33
97 34
97 36
97 48
97 49
97 73
97 84
97 87
97 94
97 99
97 112
97 113
97 124
97 127
97 132
97 138
97 142
97 145
97 157
97 165
97 167
97 170
97 188
97 193
97 203
97 205
97 207
97 208
97 210
97 212
97 213
97 215
97 218
97 220
97 231
97 233
97 248
97 265
97 266
97 273
97 277
97 281
97 283
97 287
97 288
97 304
97 307
98 2
98 6
98 8
98 12
98 13
98 20
98 25
98 26
98 29
98 38
98 46
98 52
98 58
98 63
98 66
98 67
98 75
98 89
98 104
98 107
98 122
98 135
98 137
98 143
99 14
99 15
99 17
99 18
99 20
99 21
99 22
99 24
99 27
99 31
99 44
99 45
99 47
99 51
99 55
99 58
99 66
99 81
99 108
99 112
99 117
99 120
99 122
99 125
99 144
99 149
99 165
99 166
99 188
99 198
99 199
99 202
99 204
99 206
99 210
99 224
99 228
99 247
99 255
99 266
100 2
100 3
101 7
101 27
101 46
101 47
101 49
101 53
101 55
101 56
101 65
101 68
102 1
104 71
104 74
104 78
104 87
104 90
107 5
107 8
107 10
107 12
107 13
107 16
107 17
107 28
107 32
107 37
107 38
107 50
112 15
113 2
113 3
113 9
113 12
113 18
113 27
113 31
113 32
116 38
116 40
117 1
117 6
117 8
117 9
117 29
117 35
117 37
117 41
117 49
117 55
117 56
117 69
118 1
118 5
118 15
118 20
118 21
120 82
120 85
120 92
120 105
120 108
120 110
120 118
120 133
120 144
120 146
120 165
120 175
120 180
123 22
