1 6
1 23
2 2
2 8
2 13
2 15
2 22
2 23
2 41
2 42
3 9
3 32
3 42
3 48
3 49
3 56
3 64
3 68
3 69
3 70
3 73
3 74
3 84
3 90
3 93
3 101
3 104
3 110
3 127
3 128
3 129
3 138
3 143
3 155
3 160
3 163
3 169
3 170
3 172
3 174
3 175
3 184
3 188
3 189
3 192
4 1
4 7
4 12
6 13
6 16
6 20
6 21
6 29
6 31
6 32
6 35
6 37
6 38
6 42
6 44
6 49
6 55
6 56
6 64
6 70
6 75
6 81
7 4
7 8
7 19
7 28
7 35
7 37
8 2
8 11
8 22
8 24
10 2
10 4
10 18
10 32
10 45
10 48
10 61
10 62
10 64
10 71
10 77
10 81
10 83
10 97
10 101
10 104
10 122
10 124
10 126
10 132
10 158
10 161
10 162
10 171
10 176
10 181
10 182
10 192
12 2
12 4
12 12
12 13
12 19
12 25
14 26
14 27
14 30
14 49
14 53
14 64
14 70
14 77
14 78
14 80
14 85
14 88
14 95
14 98
14 100
15 5
15 8
15 17
15 36
15 37
15 38
15 43
15 59
15 61
15 63
16 15
16 19
16 22
16 23
17 18
17 19
18 1
19 2
20 71
21 27
21 29
21 37
21 39
21 44
21 50
21 54
21 72
21 74
21 120
21 123
21 127
21 130
21 132
22 1
22 9
22 12
22 16
22 17
22 19
22 24
22 27
22 35
22 39
22 45
23 41
23 42
23 45
23 50
23 52
23 69
23 71
23 115
23 127
23 134
23 145
23 150
23 153
23 159
24 1
24 10
27 6
27 20
27 69
27 71
28 42
28 44
28 46
28 116
28 117
28 119
28 122
28 127
28 131
28 132
28 134
29 8
29 140
29 270
29 272
29 273
29 278
29 284
29 295
29 297
29 299
29 305
29 311
29 352
29 353
30 78
30 82
30 83
30 88
30 94
30 96
30 101
30 104
30 110
30 112
30 113
30 124
30 140
30 153
30 163
30 168
30 180
30 185
30 204
30 212
30 214
30 224
30 227
31 1
31 15
31 21
31 24
31 28
31 35
31 37
31 40
31 42
31 48
31 63
31 76
31 83
31 85
31 93
31 96
31 99
31 102
31 104
31 106
31 114
31 116
31 121
31 122
31 131
32 3
33 6
33 10
33 15
33 16
33 29
33 34
33 82
33 86
33 94
33 105
33 122
33 130
33 132
33 138
33 153
33 154
33 155
34 4
34 12
34 14
34 22
34 23
35 1
35 3
35 4
35 6
35 7
35 32
35 39
35 46
35 55
35 56
35 63
35 86
35 87
35 92
35 94
35 100
35 120
35 138
36 2
36 4
36 10
36 12
36 16
36 18
36 24
36 32
36 37
36 42
36 53
36 54
36 60
36 69
36 78
36 85
36 86
36 99
36 173
36 174
36 192
36 193
36 197
36 201
37 23
37 31
37 35
37 41
37 45
37 47
37 54
37 68
37 77
37 79
37 80
37 90
37 92
37 93
37 102
37 114
37 118
37 123
37 132
37 136
37 138
37 140
37 142
37 143
37 145
37 227
37 228
37 235
37 245
37 251
37 255
37 258
37 282
37 290
37 306
37 307
37 310
37 315
37 344
37 347
37 349
38 4
38 6
38 13
38 15
38 18
38 25
38 29
38 35
38 40
38 45
38 48
38 58
38 59
38 69
38 75
38 82
38 84
38 161
41 58
41 60
41 70
41 72
41 76
41 89
42 1
42 13
42 14
43 6
45 3
45 13
45 16
45 18
46 6
46 7
46 23
46 24
46 146
46 157
46 164
46 232
46 240
46 241
46 247
46 249
46 253
46 257
46 271
46 275
46 276
46 282
46 288
46 297
47 12
47 16
48 5
48 9
48 11
48 12
48 13
48 20
48 34
48 38
49 3
49 4
49 7
49 10
49 12
51 110
51 129
51 132
51 134
51 137
51 143
51 171
51 179
51 183
51 188
51 189
51 192
51 193
51 196
51 197
51 206
51 207
51 209
51 214
51 216
51 218
51 219
51 221
51 232
51 242
51 263
51 271
52 2
52 10
52 14
52 36
52 43
52 44
52 46
52 47
52 53
52 54
52 56
53 11
54 4
54 72
54 76
54 82
54 87
54 89
54 98
56 60
56 64
56 70
56 95
56 96
56 106
56 121
56 125
56 134
56 266
56 279
57 4
57 19
57 28
57 103
57 112
57 113
57 124
57 129
58 4
58 20
58 35
58 38
58 42
58 47
58 54
58 55
58 58
58 87
58 94
58 102
58 108
58 112
58 118
58 129
58 135
58 138
58 142
58 164
58 166
58 222
58 411
58 413
58 415
58 421
58 429
60 27
62 80
62 84
62 85
62 89
62 92
62 111
62 118
62 121
62 122
62 123
62 147
62 151
62 157
62 163
62 164
62 221
62 223
62 249
62 250
62 255
62 259
62 266
62 267
65 71
65 74
65 81
65 82
66 12
66 14
66 24
66 27
67 3
67 6
67 13
67 16
67 20
67 22
67 25
67 27
67 31
67 32
67 56
67 57
67 62
67 66
67 78
67 81
67 82
67 84
67 86
67 93
67 103
67 114
67 115
67 120
67 125
67 132
67 133
67 145
67 163
67 164
67 170
67 175
68 6
68 11
68 22
68 23
68 24
68 28
68 40
68 47
68 51
68 53
68 59
68 60
68 63
68 65
68 66
68 67
68 74
68 80
68 87
68 89
68 92
68 94
68 95
68 104
68 108
69 3
69 5
69 6
69 9
70 3
70 16
70 20
70 21
70 28
71 1
71 33
71 34
71 40
71 47
71 49
71 57
71 60
71 66
71 72
71 79
71 81
71 86
71 99
71 102
71 106
71 109
71 111
71 115
72 1
72 4
72 10
72 12
72 13
72 19
72 50
73 10
73 11
73 12
73 13
73 22
73 112
73 113
73 125
74 8
74 10
74 13
74 14
74 15
74 22
74 28
74 29
76 41
76 43
76 46
77 8
77 11
77 14
78 1
78 7
78 16
78 44
78 47
78 55
78 56
78 57
78 58
78 59
78 62
79 5
79 6
79 11
79 15
80 5
80 6
80 10
80 11
80 18
80 23
81 2
81 7
81 11
81 15
81 20
81 27
81 102
81 105
81 109
81 118
81 125
81 136
82 3
82 6
82 8
82 9
82 11
82 13
83 21
83 25
84 99
84 100
84 102
84 106
84 109
84 111
86 14
86 15
86 22
86 28
86 36
86 38
86 41
86 42
86 46
86 51
86 55
86 58
86 60
86 63
86 69
87 1
87 3
87 6
87 8
87 10
87 13
87 19
87 26
87 27
87 31
87 36
87 39
87 40
87 45
87 46
87 57
87 62
87 64
87 69
87 82
87 87
87 95
87 102
87 105
87 107
87 109
87 112
87 117
87 128
87 135
87 138
87 146
88 26
90 99
90 102
90 104
90 106
90 108
90 117
90 122
90 125
90 128
90 131
90 136
90 140
90 143
90 156
90 158
90 165
90 171
90 179
90 188
90 200
90 207
90 214
90 216
90 219
90 223
90 224
90 232
90 247
90 248
91 2
92 2
92 10
92 13
92 17
92 27
92 34
92 35
92 36
92 39
92 41
92 47
92 52
92 54
92 58
92 60
92 63
92 65
92 66
92 69
92 70
92 72
92 76
92 78
92 100
92 104
92 105
92 106
92 107
92 111
92 113
92 114
93 5
93 8
93 11
93 12
93 14
93 16
93 23
93 24
93 29
93 30
93 40
93 42
93 44
93 49
93 61
93 64
93 80
93 82
93 84
93 105
93 108
93 122
93 125
93 128
93 140
93 144
93 163
93 166
93 170
93 173
93 179
93 182
95 30
95 45
96 1
96 11
96 14
96 15
96 20
99 45
99 46
99 52
99 64
99 71
99 75
99 86
99 90
99 91
99 95
99 98
99 99
99 101
99 108
100 2
100 9
100 13
100 18
100 27
100 28
100 29
100 30
100 57
100 61
100 63
100 74
100 77
100 83
100 93
100 94
100 107
100 109
100 114
100 122
100 123
100 125
100 127
100 129
100 131
100 228
100 234
101 1
101 3
101 7
101 8
101 14
101 15
101 25
101 30
101 35
101 38
101 40
101 41
101 57
101 63
101 64
101 81
101 97
101 101
101 102
101 109
101 110
101 122
101 125
101 129
101 137
102 5
102 7
102 9
102 15
102 20
102 22
102 25
102 27
102 28
102 51
102 53
102 58
102 59
102 86
102 94
102 95
102 101
102 115
102 116
102 118
102 125
102 131
103 26
103 31
104 1
104 65
104 69
104 72
104 81
104 87
105 6
105 9
105 13
105 15
105 18
105 22
105 29
105 31
105 44
105 50
105 59
106 12
