1 54
1 56
1 62
1 64
1 67
1 75
1 78
2 6
2 11
2 15
2 69
2 73
2 75
4 58
4 131
4 139
4 143
4 155
5 18
5 27
5 37
5 38
5 52
5 69
5 76
5 77
5 84
5 89
5 92
5 99
5 103
5 108
5 111
5 112
5 120
5 123
6 6
6 8
6 9
6 14
6 29
6 38
6 50
6 51
6 54
6 58
6 61
6 65
6 66
6 75
7 2
7 3
7 13
7 15
7 18
7 21
7 29
7 30
7 38
7 44
7 62
7 64
7 67
7 85
7 87
7 105
7 109
7 112
7 114
7 130
8 4
8 9
8 12
8 14
8 20
8 28
8 33
8 44
8 63
8 67
8 78
8 80
8 86
8 91
8 102
8 121
8 123
8 129
8 134
8 135
8 137
8 143
8 156
8 169
8 179
8 205
9 27
9 30
9 35
9 113
12 18
13 1
13 4
13 22
13 26
15 73
15 77
15 82
15 97
15 148
15 149
15 156
15 158
15 161
15 164
16 1
16 15
16 21
16 30
16 36
16 38
16 54
16 55
16 63
16 64
16 80
16 81
16 85
16 100
16 116
16 248
16 255
16 260
16 270
16 274
16 280
17 7
17 11
17 14
17 40
17 44
17 51
17 53
17 54
17 72
17 81
17 89
17 94
17 96
17 106
17 112
17 121
17 126
17 127
17 136
17 146
17 153
17 156
17 160
17 162
17 170
17 177
18 3
18 8
18 10
18 14
18 20
18 26
18 28
18 46
18 65
18 70
18 73
19 10
19 12
20 4
20 7
20 11
20 16
20 19
20 24
20 25
20 33
20 44
21 102
21 103
21 105
21 109
22 4
22 15
22 19
22 25
22 27
23 11
23 14
23 25
23 30
23 37
24 66
25 2
26 5
26 10
26 11
26 16
26 18
26 21
26 24
26 160
26 166
26 168
26 170
26 174
26 180
26 185
26 187
26 190
27 3
27 6
27 8
27 9
27 33
27 34
27 47
27 48
27 50
27 54
27 55
27 61
27 66
27 70
27 75
27 84
27 98
27 103
28 14
28 16
28 22
28 24
28 25
28 42
28 43
28 45
28 55
29 7
30 4
30 19
30 21
30 26
30 28
30 30
30 34
30 40
30 47
30 48
30 50
31 13
31 16
31 21
31 23
31 27
31 28
31 39
31 44
31 54
31 74
31 80
31 91
31 99
32 15
32 78
32 90
32 91
32 95
32 96
32 98
32 102
32 103
32 104
32 113
32 119
32 122
33 7
33 11
35 57
35 59
35 70
35 73
35 76
35 86
35 88
35 91
36 4
36 6
36 10
37 6
37 25
37 26
38 4
38 11
38 20
38 21
38 29
38 33
38 51
38 53
38 56
38 74
38 76
38 87
38 89
38 98
38 99
38 106
38 109
38 115
38 123
40 3
40 127
40 148
40 151
40 168
40 176
40 180
40 181
40 184
40 196
40 198
40 210
40 221
40 227
40 262
40 263
40 268
43 3
43 5
43 13
43 17
43 27
43 45
43 57
43 123
43 126
43 130
43 131
43 133
43 138
43 141
43 146
43 184
43 186
43 192
43 198
43 215
43 218
43 222
43 223
43 234
43 236
43 239
43 240
43 241
43 246
43 248
43 254
43 269
43 274
43 275
43 280
43 295
43 297
43 299
43 302
43 310
43 311
45 29
45 32
45 38
45 55
46 3
47 1
47 10
47 25
47 30
47 32
47 42
47 49
47 50
47 53
47 72
47 75
47 78
47 80
47 94
47 98
47 101
47 114
47 115
47 119
47 120
47 123
47 124
50 13
50 14
50 16
50 17
50 27
50 51
51 2
51 7
51 14
51 25
51 30
53 38
53 42
54 57
56 31
57 17
57 25
57 26
57 34
57 43
57 44
57 53
57 58
57 61
57 63
57 65
57 71
57 82
57 84
57 86
57 89
57 101
57 104
57 105
57 108
57 113
57 122
57 125
57 130
57 137
57 145
57 147
59 4
59 6
59 7
59 14
59 15
59 18
59 47
59 52
59 70
59 74
59 78
59 88
59 100
59 114
59 143
59 145
59 150
59 155
60 2
60 5
60 6
60 10
60 27
60 29
61 39
61 55
61 57
61 85
61 88
61 123
61 125
61 127
61 131
61 135
61 142
61 144
61 156
61 157
61 158
61 160
62 40
62 46
62 48
62 51
62 53
62 54
62 59
62 72
62 73
62 82
62 92
62 96
62 100
62 103
62 107
62 123
62 124
63 33
63 43
63 77
63 78
64 70
64 72
64 75
64 80
64 82
64 83
64 87
64 91
64 93
64 94
64 96
64 97
64 98
64 108
64 110
66 43
66 44
67 1
67 48
67 65
67 71
67 73
67 80
67 85
67 86
67 99
67 109
67 117
67 120
67 126
68 19
69 1
69 2
70 6
70 16
70 22
70 31
70 32
70 34
70 37
70 40
70 41
70 50
70 70
70 72
70 77
70 78
70 79
70 81
70 82
70 86
70 92
70 106
71 1
72 3
72 9
72 10
72 42
72 43
72 55
72 56
72 57
72 76
72 84
72 101
72 102
72 105
72 110
72 118
72 120
72 129
72 145
72 148
72 153
72 163
72 167
72 172
72 183
74 2
74 7
74 11
74 14
74 27
75 15
75 24
75 28
75 30
75 31
75 34
75 43
75 46
75 48
75 57
75 72
75 116
75 120
75 125
75 126
75 127
77 10
77 11
77 13
78 3
79 79
79 82
80 5
80 9
80 18
80 22
80 31
80 32
80 34
80 48
80 51
80 54
80 55
80 57
80 67
80 69
80 70
80 86
80 87
80 94
80 99
81 1
81 7
81 9
81 14
81 18
81 22
81 29
81 34
83 88
84 2
84 3
87 60
87 62
87 66
87 150
87 167
87 176
88 23
89 3
89 16
89 30
89 31
89 32
91 83
91 89
91 91
91 104
91 109
91 111
92 7
92 8
92 21
96 21
96 28
96 36
96 48
96 50
96 52
96 55
96 62
97 16
97 26
97 27
97 30
97 33
97 35
97 36
97 48
97 50
97 57
97 58
97 66
97 67
97 82
97 90
97 98
97 103
97 108
97 111
97 115
97 117
97 118
97 131
97 152
97 154
97 162
97 163
97 166
97 171
97 175
97 177
97 178
97 180
98 1
98 9
98 11
98 17
98 18
98 28
98 30
98 31
98 37
98 43
98 73
98 99
98 115
98 116
98 127
98 135
98 144
98 146
98 147
98 152
98 159
98 160
99 1
99 2
99 18
99 24
99 27
99 38
99 44
99 52
99 109
99 113
99 122
99 128
99 130
100 108
100 110
100 113
100 114
100 117
100 128
100 130
100 131
100 148
100 156
100 162
100 299
100 300
100 311
100 396
100 403
100 406
100 413
100 417
100 427
100 428
105 13
105 26
105 28
105 48
105 51
105 181
105 182
105 184
105 186
105 187
105 192
105 197
105 198
105 200
105 201
105 203
105 208
106 49
106 53
106 54
106 57
106 66
106 69
106 76
106 84
106 85
106 86
106 112
