3 1
3 9
3 21
3 25
3 29
3 36
3 49
3 50
3 67
4 1
4 5
4 12
4 25
4 26
4 29
4 36
4 99
4 100
5 1
5 7
5 16
5 19
5 26
5 42
6 1
6 3
6 9
6 20
7 6
7 8
7 11
8 5
8 7
8 8
8 9
8 11
8 13
8 16
8 42
8 67
8 71
8 85
8 93
8 101
8 103
8 119
8 123
8 124
8 134
10 114
10 118
10 119
10 133
10 137
10 139
10 149
10 151
10 153
11 21
11 25
11 35
11 54
11 55
11 57
11 62
11 63
11 67
11 71
11 73
11 76
11 84
11 89
11 92
11 114
11 118
11 124
11 125
11 138
11 149
11 232
11 242
11 243
11 248
11 251
11 262
12 2
12 3
12 8
13 4
13 11
13 14
13 22
13 27
13 31
13 38
13 45
13 174
13 175
13 178
13 181
13 182
14 2
14 6
14 19
14 23
14 26
14 29
14 31
14 49
14 64
14 81
14 94
14 104
15 4
15 11
15 15
15 16
15 17
15 26
15 32
15 34
16 5
16 15
16 17
16 28
16 39
16 45
16 47
18 5
18 12
18 17
18 18
18 24
18 30
18 42
18 50
18 66
18 68
18 71
18 79
18 82
18 83
18 84
18 86
18 90
18 96
18 102
18 105
18 107
18 120
18 121
18 155
18 160
18 175
18 181
18 185
18 186
18 199
18 203
19 29
19 57
19 60
19 61
19 73
19 82
19 86
21 4
21 20
21 29
21 33
22 3
23 5
23 6
23 10
23 20
23 26
23 29
23 31
24 12
24 13
24 16
24 20
25 1
25 139
25 142
25 145
26 6
26 8
26 18
26 20
26 23
26 28
26 39
27 12
27 14
27 23
27 41
27 42
27 54
27 59
27 62
27 69
27 72
27 73
27 77
27 85
27 91
27 96
27 97
27 101
27 105
27 110
27 113
28 13
28 35
28 37
28 40
28 43
28 45
28 46
28 58
28 63
28 65
28 66
28 73
28 75
28 79
28 80
28 81
28 84
28 85
28 88
28 97
28 106
28 117
28 118
29 5
29 6
29 9
29 19
29 22
30 3
31 1
31 13
31 16
31 20
32 1
32 5
32 11
32 12
32 13
32 17
32 18
32 27
32 50
33 11
37 10
37 11
37 25
37 38
37 44
37 50
37 52
37 57
37 63
37 65
40 44
40 46
40 48
40 49
40 55
40 64
43 9
46 6
46 9
46 12
46 23
47 14
47 20
47 22
47 29
47 35
48 3
48 8
49 4
49 5
49 6
49 18
49 22
49 26
49 31
49 41
49 46
49 47
49 58
50 6
50 8
50 13
50 19
50 25
50 55
50 57
50 59
50 66
50 70
50 89
50 90
50 94
50 97
50 104
50 107
50 109
51 10
51 16
51 18
51 29
51 37
51 39
51 50
51 65
51 67
51 70
51 73
51 76
51 82
51 86
51 94
51 98
51 100
51 110
51 114
51 119
51 128
51 129
51 133
51 135
51 136
51 137
51 142
51 154
51 155
51 161
51 172
51 173
51 180
51 183
51 198
51 203
51 210
51 214
51 219
51 225
51 226
51 231
51 237
51 239
51 240
51 250
51 261
51 263
51 264
51 267
51 268
51 269
51 273
51 276
51 277
51 285
51 286
51 291
51 294
51 295
51 297
51 302
51 303
51 316
51 317
51 318
51 320
51 323
51 326
51 334
51 337
51 358
52 2
52 3
52 6
52 9
52 13
52 14
52 21
52 29
52 34
52 47
52 51
54 88
54 90
54 96
54 104
54 106
54 107
54 110
55 4
55 7
55 12
55 15
55 41
55 43
55 53
55 56
55 58
55 63
56 10
56 12
56 21
56 28
56 38
56 40
56 42
56 45
56 47
56 54
56 57
56 58
56 71
56 73
56 101
56 120
56 122
56 141
56 147
56 149
56 152
56 153
57 1
57 6
57 8
57 11
57 13
57 29
57 36
57 38
57 39
57 40
57 52
57 56
57 57
57 58
57 62
57 69
57 75
58 1
58 133
58 137
58 149
58 158
58 159
58 168
58 172
58 176
58 182
58 184
58 185
58 198
58 199
58 202
58 204
58 221
58 237
58 238
58 248
58 255
58 257
58 269
58 276
58 277
58 413
58 419
58 421
58 426
58 431
58 442
58 449
59 84
59 91
59 111
59 125
59 127
59 128
59 133
59 138
59 141
59 149
59 154
59 161
59 162
59 166
59 183
59 184
59 187
61 68
61 74
61 78
61 80
61 92
61 104
61 113
61 114
61 115
61 119
61 128
61 132
61 155
61 163
61 164
61 171
61 185
61 193
61 196
61 197
61 206
61 339
61 342
61 345
61 347
61 350
61 355
61 357
61 358
62 3
62 7
62 22
62 25
62 29
62 31
62 34
62 36
64 56
64 64
64 65
64 66
64 68
64 70
64 74
65 14
65 21
65 24
65 27
65 46
65 50
65 53
65 60
65 61
65 63
65 72
65 76
65 80
65 85
66 12
66 18
66 26
68 12
68 16
68 20
68 26
68 28
68 31
68 32
68 38
68 54
68 61
68 66
68 70
68 72
68 78
68 83
68 84
68 87
68 92
68 105
68 108
68 116
68 125
68 126
68 130
68 131
68 143
68 151
68 159
68 163
68 166
68 185
68 196
68 210
69 6
69 12
69 15
69 30
70 124
70 129
70 134
70 135
70 138
70 152
70 153
70 165
70 170
70 172
70 175
70 186
70 187
70 201
70 207
70 218
70 219
70 233
70 239
71 41
71 43
71 47
71 51
71 62
71 66
71 68
71 70
71 186
71 191
71 193
71 198
71 201
71 203
72 4
72 10
72 12
72 28
72 34
72 37
72 39
74 1
74 14
74 29
74 31
74 33
74 49
74 50
74 64
74 67
74 71
74 81
74 90
74 96
74 97
74 98
74 110
74 111
74 117
74 120
74 122
74 127
74 130
74 187
74 210
74 211
74 301
74 304
74 308
74 315
74 319
74 321
74 331
74 336
74 356
74 382
74 393
74 400
74 405
74 419
74 426
74 427
74 433
74 434
74 439
74 441
74 447
74 454
74 462
74 470
74 476
74 478
74 482
74 485
74 506
74 509
74 512
74 516
74 520
74 521
74 523
74 528
74 531
74 533
74 537
74 603
74 609
74 612
74 614
74 622
75 3
75 12
75 14
77 23
79 1
79 23
79 24
79 35
79 37
81 22
82 2
82 7
82 8
82 10
82 19
82 25
82 28
82 30
82 43
82 45
82 72
82 73
82 83
82 84
83 49
83 52
83 55
84 10
84 18
84 19
84 21
84 28
84 36
84 60
84 67
84 68
84 72
84 84
84 88
85 4
85 21
85 27
85 28
86 1
86 2
88 2
91 66
92 4
92 8
92 13
92 15
92 58
92 66
92 78
92 81
92 87
93 43
93 44
93 48
93 50
93 53
93 56
93 58
93 62
93 76
93 79
93 85
93 94
93 131
94 1
94 4
94 7
94 24
95 2
95 4
95 15
96 3
96 10
96 27
97 1
97 7
97 13
102 1
102 2
102 9
102 13
102 17
102 26
102 28
102 29
102 33
102 34
102 45
102 46
102 54
102 56
102 60
102 64
102 66
102 82
102 83
102 85
102 89
102 91
102 93
102 104
102 120
102 121
102 124
102 127
103 5
104 25
110 34
110 37
110 69
110 75
110 78
111 23
111 31
111 62
111 67
111 74
111 76
111 78
111 82
111 85
111 87
111 103
111 115
111 116
111 117
111 119
111 121
111 125
111 126
111 129
111 133
111 134
111 142
111 165
111 172
112 8
112 15
112 18
112 24
112 27
112 28
112 33
112 36
112 44
112 57
112 62
112 71
112 78
112 85
112 88
112 92
112 197
112 198
112 202
112 206
112 208
112 211
112 216
112 218
112 228
116 7
116 13
116 21
116 22
119 10
119 11
119 14
119 20
122 12
122 15
122 23
122 24
122 25
124 18
124 20
124 28
124 35
124 44
124 58
124 61
124 67
124 79
124 86
124 92
124 94
124 99
124 111
124 116
124 120
124 126
124 132
124 145
124 147
124 170
