1 4
1 9
1 14
1 21
1 28
1 31
1 37
2 1
2 16
3 1
4 4
4 10
6 27
6 35
6 36
6 44
6 47
6 49
6 50
6 51
6 57
6 58
6 72
6 75
6 90
6 93
7 41
7 50
7 51
7 52
7 61
7 64
7 68
7 69
7 84
7 97
7 100
7 102
7 107
9 2
9 3
9 10
9 11
9 16
9 19
9 29
9 35
9 38
10 8
10 12
10 17
10 26
10 45
10 47
10 57
10 58
10 60
10 64
10 65
10 69
10 71
10 83
10 84
11 1
11 5
11 22
11 24
11 28
11 30
11 31
11 37
12 2
12 3
12 8
12 16
12 27
12 31
13 2
13 5
13 104
13 111
13 112
13 114
13 119
13 121
13 126
13 132
13 136
13 140
13 146
13 147
13 151
13 156
13 158
13 160
13 162
13 163
14 19
14 20
14 21
14 25
14 33
14 35
14 38
14 45
14 47
14 52
14 53
14 54
14 56
14 59
14 60
14 64
14 66
14 91
14 111
14 118
14 120
14 129
14 132
15 5
15 18
15 30
16 54
16 56
16 57
16 68
16 75
16 78
16 86
16 98
16 105
16 114
16 115
16 119
16 135
16 139
16 225
16 233
16 236
16 239
16 250
16 253
16 275
16 294
16 300
16 303
16 319
16 327
16 331
17 2
17 6
18 2
18 4
18 6
18 9
18 10
18 11
18 31
18 33
18 39
18 44
18 45
18 50
18 53
19 13
19 17
19 23
19 24
19 25
19 28
21 3
21 8
21 9
21 19
21 28
21 36
21 38
21 49
21 53
21 58
21 66
21 74
22 3
22 7
22 8
22 9
22 10
22 17
22 19
22 20
22 27
23 8
23 11
23 24
23 30
23 31
23 55
23 78
23 80
23 83
23 84
23 85
24 5
25 86
25 92
25 104
25 105
25 111
25 118
25 135
25 139
25 143
25 157
25 160
25 169
25 175
25 179
25 180
25 181
25 182
25 192
25 196
25 212
25 213
25 214
25 219
25 220
25 226
25 248
25 251
25 252
25 282
25 291
25 293
25 295
26 11
26 21
26 33
26 35
26 38
26 48
26 50
26 59
26 63
26 88
26 91
26 92
26 95
26 102
26 109
26 114
26 115
26 116
26 128
26 131
26 133
26 135
26 140
26 146
26 150
26 168
26 171
26 172
26 174
27 2
27 6
27 18
27 31
27 39
27 42
27 45
27 46
27 53
27 61
27 68
27 69
28 5
28 6
28 10
28 25
28 33
28 50
28 52
28 61
28 72
28 76
28 81
28 83
28 86
28 87
28 88
28 95
28 96
28 104
28 105
28 107
28 109
28 110
28 121
28 125
28 131
28 133
28 140
28 145
28 155
28 158
28 173
28 176
28 177
28 184
28 193
28 203
28 212
28 215
28 217
28 221
28 223
28 225
28 231
28 242
28 247
28 253
28 265
28 280
28 284
28 287
28 291
28 300
28 307
28 325
28 329
28 340
28 345
28 350
29 2
29 9
29 15
29 19
29 28
29 31
29 44
29 46
29 47
29 56
29 72
29 80
29 86
29 89
29 90
29 122
29 131
29 231
29 240
29 245
29 253
29 255
29 256
29 265
29 278
29 300
29 307
29 310
29 314
29 315
29 334
29 335
29 343
29 344
29 351
29 360
29 367
29 371
29 381
30 47
30 50
30 55
31 19
31 25
32 2
33 6
34 2
34 6
34 52
34 53
34 59
34 62
34 81
34 85
34 89
35 39
35 72
35 78
35 80
35 88
35 92
35 94
35 97
35 101
35 119
35 122
35 136
35 137
35 138
35 149
35 151
35 152
35 156
35 164
35 165
36 1
36 8
36 17
36 24
36 32
36 35
36 44
36 45
36 46
36 51
36 56
36 66
36 71
36 75
36 81
36 172
36 184
36 188
36 193
36 194
36 204
36 220
36 221
36 224
36 225
36 241
36 248
36 254
36 256
36 257
36 260
36 261
36 262
36 273
36 280
36 291
36 295
36 302
36 303
36 304
36 312
36 313
36 314
37 3
37 14
37 20
38 5
38 6
38 7
38 11
38 15
38 20
38 24
38 30
38 31
38 51
38 56
38 57
38 59
38 61
38 98
38 99
38 110
38 169
38 173
38 178
38 179
38 180
39 58
39 59
39 68
40 20
40 22
40 38
40 45
40 56
40 187
41 18
41 20
41 21
41 24
41 25
41 46
41 51
41 53
41 54
41 55
41 62
41 70
41 98
41 110
41 115
41 118
41 125
41 151
41 155
42 2
42 4
42 6
42 7
42 12
42 19
42 22
42 23
42 26
42 31
42 38
42 39
42 40
42 44
42 57
42 63
42 69
42 88
42 90
42 99
42 116
42 126
42 129
42 133
42 138
42 142
42 146
42 152
42 153
42 161
42 163
42 166
42 168
43 4
45 41
45 48
45 50
45 57
45 61
45 63
45 65
45 67
46 9
46 12
46 17
46 21
47 13
47 24
48 9
48 17
48 26
48 27
48 37
48 39
48 49
48 59
48 74
48 75
48 80
48 85
48 88
48 99
48 102
48 103
48 112
48 121
48 131
48 134
48 135
48 140
48 141
48 150
48 151
48 156
48 158
48 164
48 168
48 173
48 175
48 176
48 183
48 186
48 191
48 207
48 209
48 220
48 243
48 244
48 245
48 249
48 252
48 256
48 257
48 351
48 366
48 376
48 379
48 382
48 383
48 399
48 403
48 407
48 409
48 410
48 416
48 422
48 429
48 440
48 443
48 444
48 453
49 9
49 14
49 18
49 21
49 25
49 27
49 31
49 33
49 34
49 47
49 53
49 56
49 61
49 62
49 65
49 93
49 101
49 104
49 118
49 119
49 123
49 131
49 132
49 138
49 141
49 144
49 159
49 164
49 171
49 176
49 182
49 183
49 185
49 187
50 3
50 7
50 8
50 24
53 63
53 65
53 72
53 73
53 92
53 94
53 104
53 125
53 127
53 130
53 132
53 143
53 152
53 157
53 164
53 220
53 237
53 239
53 256
53 258
53 259
53 266
53 273
53 274
53 276
53 283
53 287
53 288
53 292
53 304
53 305
55 47
55 54
55 56
55 57
55 59
55 68
55 73
55 85
55 86
55 104
55 116
55 130
55 134
55 142
55 148
55 159
55 164
55 178
55 180
55 181
55 188
57 32
57 34
57 36
57 41
57 48
57 51
57 60
57 66
57 69
57 72
57 74
57 78
57 94
57 121
57 122
57 126
57 128
57 210
57 211
59 12
60 4
60 23
60 28
60 33
60 48
60 53
60 62
61 75
61 81
61 84
61 88
61 102
61 103
61 106
61 116
61 118
61 122
61 127
61 129
61 130
61 142
61 149
61 153
61 168
63 3
63 7
63 11
63 18
63 20
63 37
63 40
63 45
63 46
64 7
64 20
64 26
64 52
64 53
65 92
65 96
65 98
65 104
65 111
65 112
65 167
65 170
65 173
65 176
66 4
66 11
66 14
67 3
67 8
67 12
67 16
67 17
67 18
67 21
67 159
67 180
67 230
67 236
67 238
67 246
67 248
67 251
68 1
68 14
68 18
68 19
68 24
68 26
68 27
68 29
68 37
68 38
68 39
68 56
68 80
68 82
68 84
68 88
68 90
68 93
68 97
68 102
68 109
68 110
68 114
68 124
68 126
68 129
68 134
68 138
68 142
68 145
68 149
68 150
68 151
68 152
68 172
68 174
68 177
68 179
69 3
69 5
69 7
69 10
69 20
69 23
69 24
69 43
69 49
69 50
69 54
69 56
69 61
69 64
69 66
69 72
69 76
69 90
69 104
69 112
72 55
72 63
72 72
72 74
72 79
72 82
72 83
72 91
72 94
72 97
73 95
73 101
73 102
73 103
73 106
73 111
74 1
74 43
74 47
74 58
74 60
74 63
74 67
74 77
74 84
74 87
74 97
74 128
76 63
76 81
76 224
77 13
77 20
77 23
77 34
77 35
77 36
77 41
77 53
77 58
78 4
78 5
78 13
78 18
78 22
78 28
78 36
78 48
78 61
78 63
78 65
78 68
78 78
78 87
78 92
78 95
78 102
78 212
78 213
78 215
78 235
78 236
78 244
78 255
78 263
78 264
78 271
78 272
78 289
78 296
78 297
78 305
78 310
78 311
78 319
78 323
78 330
78 379
78 386
78 397
78 398
78 402
78 404
78 406
80 92
80 105
80 114
80 143
81 3
81 19
81 23
82 5
82 8
82 11
82 12
82 17
82 19
82 24
82 30
82 33
82 39
82 43
82 47
82 48
82 61
82 65
82 77
82 83
82 87
82 88
83 15
83 18
83 21
83 28
84 2
84 3
84 4
84 5
84 7
84 8
84 9
84 10
84 13
84 24
84 31
84 40
84 41
84 47
84 49
84 64
84 67
84 69
84 74
84 82
84 91
84 101
84 103
84 105
84 111
84 113
84 120
84 134
84 136
85 6
85 15
85 24
85 27
85 34
85 36
85 40
86 106
86 107
