2 21
3 3
3 11
3 13
3 18
3 28
3 30
3 41
3 42
3 63
3 77
3 78
3 96
3 97
3 101
3 103
3 106
3 115
3 131
3 143
3 153
3 155
3 158
3 159
3 161
3 163
3 170
3 176
3 189
3 193
3 195
3 199
4 31
4 69
4 74
4 76
4 77
4 79
4 83
7 35
7 63
7 67
7 69
7 74
7 75
7 82
7 85
7 89
7 101
7 114
7 120
7 121
7 125
7 127
7 134
7 139
7 140
7 143
7 148
7 149
7 157
7 169
7 171
7 183
7 185
7 191
7 198
7 205
7 206
8 2
8 11
8 16
8 21
8 23
8 82
8 96
9 2
9 32
9 42
9 48
9 180
9 187
9 191
9 195
10 6
10 12
10 15
10 16
10 20
10 22
10 27
10 32
10 51
10 56
10 59
10 63
10 85
10 107
10 120
10 122
10 123
10 125
10 128
10 133
10 138
10 143
13 108
13 111
13 120
13 136
13 160
13 167
13 178
13 182
13 185
13 186
13 187
13 191
13 195
13 196
13 202
13 254
13 258
13 259
13 262
14 20
14 24
14 34
14 49
15 31
15 37
15 39
15 46
15 54
15 98
15 107
15 109
15 114
15 121
15 124
15 151
15 155
15 164
15 167
15 169
15 170
15 174
15 175
15 179
15 180
15 181
15 188
15 192
15 198
15 204
15 257
15 272
15 283
15 284
15 286
15 289
15 292
15 293
15 303
15 305
15 319
15 335
15 336
15 339
16 1
16 9
16 14
16 15
16 16
16 27
17 1
17 9
17 14
17 16
17 25
18 11
18 12
18 17
18 18
18 22
18 25
19 5
20 2
20 25
20 26
20 28
20 30
20 43
20 46
20 48
20 53
20 55
20 69
21 4
21 5
21 8
21 15
21 20
21 25
21 28
21 37
21 39
21 40
21 41
21 42
21 45
21 50
21 53
21 64
21 65
21 68
21 111
21 112
21 123
22 40
22 46
23 3
23 8
23 147
23 148
23 150
23 153
23 154
23 174
23 179
23 180
23 185
24 26
24 29
24 31
25 5
25 7
25 16
25 18
25 21
25 40
25 42
25 43
25 73
25 77
25 78
25 118
26 4
26 7
26 14
26 27
26 28
27 40
27 43
27 49
27 62
27 70
27 78
27 195
28 124
28 129
28 137
28 143
28 144
28 145
28 148
28 155
29 48
29 52
30 3
30 6
30 7
30 14
30 24
30 50
30 54
30 55
30 56
30 57
30 66
30 91
30 103
30 110
30 115
30 116
30 119
30 131
30 145
30 148
31 10
31 20
31 22
31 23
31 25
31 32
31 42
31 44
31 60
31 61
32 2
32 6
32 54
32 57
32 60
32 63
33 5
33 6
33 9
33 12
33 15
33 28
33 36
33 39
33 41
33 49
33 50
33 58
33 66
33 73
33 78
33 95
33 96
33 118
33 128
34 2
34 21
34 33
34 41
34 63
34 68
34 72
34 77
34 80
34 87
35 11
35 22
35 28
35 29
35 33
35 34
36 3
36 4
36 5
36 18
36 25
36 29
36 47
36 55
38 15
38 19
40 34
40 38
40 39
40 56
40 66
40 67
40 69
40 77
40 91
41 28
41 47
41 51
41 55
41 56
41 57
41 59
41 79
41 83
41 95
41 96
41 97
41 100
41 106
41 145
41 146
42 63
42 66
42 74
42 81
42 82
43 85
43 91
43 94
43 100
43 167
43 174
43 178
43 180
43 187
43 195
43 198
43 199
43 201
43 203
43 208
43 217
43 222
43 227
43 232
43 234
43 239
43 241
43 242
43 244
43 245
43 247
44 7
45 57
45 62
45 72
45 73
45 75
45 81
45 82
45 87
45 95
45 102
45 106
45 112
45 121
45 123
46 5
46 8
46 21
46 28
46 35
47 11
47 12
47 14
47 21
47 31
47 32
47 37
47 161
47 163
47 165
47 175
47 180
47 187
48 1
48 7
48 16
48 25
48 26
48 29
48 34
48 40
48 44
48 47
48 48
48 49
49 6
49 7
50 4
51 10
51 11
51 18
51 20
51 32
51 34
51 36
51 48
51 51
51 58
51 60
51 61
51 70
51 78
51 88
51 90
51 96
51 126
51 127
51 130
51 131
52 8
52 24
52 35
52 43
52 44
53 1
54 23
54 27
54 38
54 41
54 49
54 51
54 53
54 67
54 75
54 83
54 84
54 90
54 91
55 4
55 16
55 21
55 22
55 26
55 38
55 39
55 42
55 44
55 46
55 47
55 50
55 62
55 64
55 66
55 73
55 83
55 85
55 87
55 105
55 111
55 113
55 126
55 157
55 251
55 259
55 264
55 271
56 103
56 105
56 113
56 116
56 121
56 138
56 142
57 1
57 3
57 6
59 1
59 7
59 8
59 11
59 13
59 15
59 17
59 30
60 5
62 39
62 41
62 43
62 44
62 47
63 5
63 16
63 18
63 20
63 27
63 32
63 43
63 45
63 46
63 47
63 51
65 20
65 28
67 33
67 41
67 42
67 43
67 45
67 50
67 51
67 61
67 72
67 76
67 77
67 81
67 88
67 89
67 91
67 92
67 98
67 99
67 106
67 117
67 119
67 121
67 140
67 141
67 147
67 149
67 161
67 164
67 165
67 168
67 169
67 179
67 180
69 45
69 46
69 47
69 61
69 71
69 87
69 90
69 97
69 102
69 103
69 107
69 113
69 114
69 122
69 124
69 126
69 133
69 143
69 149
69 156
70 1
70 6
70 10
70 13
70 15
70 17
70 18
70 25
70 30
70 32
70 39
70 43
70 46
70 50
70 56
70 60
70 63
70 65
71 38
71 41
71 45
71 105
71 107
71 109
71 116
71 131
71 132
71 146
71 151
71 152
72 10
72 12
73 80
73 92
73 98
73 101
73 103
73 112
73 115
73 118
73 120
73 123
73 131
73 140
73 141
73 151
73 154
73 155
73 162
73 169
73 177
73 178
75 2
75 3
75 7
75 10
75 11
75 13
75 25
75 26
75 30
75 32
75 38
75 41
75 48
75 52
75 58
75 62
75 66
76 20
76 44
76 48
76 53
76 135
76 141
76 159
78 5
79 30
79 44
79 45
79 59
79 61
79 63
79 65
79 67
79 69
80 5
80 17
80 23
80 32
81 2
81 3
83 26
83 30
83 32
83 33
83 38
83 49
83 64
83 66
83 69
83 71
83 75
83 105
83 114
83 117
83 119
83 126
83 128
83 129
83 135
83 269
83 272
83 276
83 283
83 284
83 288
83 300
83 306
84 65
86 26
86 32
86 36
87 1
87 7
87 10
87 16
87 22
89 2
89 9
89 14
89 23
89 28
89 29
89 30
89 44
89 45
91 47
91 50
91 52
91 53
91 67
91 68
91 71
91 74
91 85
92 5
92 27
92 31
92 38
92 42
92 48
92 57
92 67
92 72
92 76
92 82
93 11
93 12
93 27
94 6
94 10
94 13
94 14
94 20
94 22
94 37
94 44
94 46
94 58
94 65
94 66
94 69
95 4
95 12
95 15
95 17
95 22
95 28
95 38
95 51
97 7
97 10
97 13
97 15
97 21
97 68
97 70
97 73
97 74
97 76
98 1
98 6
98 80
98 84
98 85
99 10
99 14
99 15
99 16
99 27
99 54
100 35
100 40
100 188
100 189
101 2
101 4
101 29
101 34
101 37
101 39
101 40
101 41
101 52
102 3
102 8
102 12
102 13
102 16
102 19
102 22
102 28
102 34
102 47
102 49
102 51
102 62
103 1
103 4
103 17
103 107
103 109
103 110
103 112
103 113
103 122
103 157
103 158
103 159
103 163
103 164
103 166
103 171
103 181
103 182
103 190
103 191
103 198
103 200
103 204
103 218
103 242
103 245
104 2
104 4
104 7
104 11
104 12
104 14
104 18
