1 1
1 4
1 8
1 10
1 25
1 27
1 36
1 37
1 45
1 46
1 48
1 56
1 66
1 71
1 72
1 79
1 82
1 92
2 32
2 37
2 39
2 41
2 60
2 82
2 92
2 98
2 100
3 9
3 11
3 22
3 35
3 37
3 52
3 58
3 59
3 60
3 62
3 63
3 66
3 68
3 74
3 83
3 84
3 96
3 100
3 101
3 119
3 135
3 140
3 141
3 143
3 158
4 133
4 135
4 136
4 150
4 154
4 158
4 162
4 163
4 200
4 214
4 215
5 31
5 37
5 104
5 107
5 113
5 114
5 117
6 5
6 14
6 15
6 20
6 30
6 51
6 52
6 58
6 66
6 81
6 83
6 85
8 1
9 5
9 7
9 38
10 54
10 57
10 59
10 61
10 62
11 1
11 7
11 10
11 18
11 26
11 27
12 1
12 10
12 15
12 28
12 39
12 43
12 45
12 46
12 50
12 52
12 53
12 54
12 63
12 67
12 83
12 88
12 95
12 98
12 99
12 104
12 106
12 110
12 111
12 113
12 116
12 135
12 137
12 218
12 222
12 228
12 231
12 235
12 249
12 255
12 258
12 261
12 262
12 271
12 279
12 298
12 299
12 300
13 73
13 95
13 122
13 124
13 128
13 134
13 140
13 144
13 151
13 152
14 125
14 128
14 134
14 142
14 143
14 146
14 153
14 154
14 163
14 164
14 173
14 174
14 178
14 182
14 183
14 189
14 190
14 196
14 197
14 202
14 204
14 208
14 211
14 212
14 216
14 219
14 237
14 239
14 250
14 252
14 256
14 258
14 261
14 268
14 308
14 328
14 337
16 38
16 47
16 51
16 54
16 62
16 86
16 87
16 88
16 91
16 97
16 98
16 101
16 102
16 110
16 117
17 14
17 23
17 27
17 28
17 38
17 39
17 46
17 48
17 53
17 77
18 7
18 11
18 18
18 22
18 29
18 34
18 37
18 38
18 42
18 43
18 44
18 46
18 47
18 67
18 71
18 80
18 90
18 92
18 95
18 103
18 106
18 111
18 115
18 120
18 126
18 136
18 146
18 148
18 152
18 168
18 183
18 184
18 195
18 200
18 201
18 205
18 206
18 208
18 211
18 212
18 221
18 225
18 241
18 251
18 256
18 258
18 261
18 262
18 265
18 274
18 279
18 284
18 286
18 297
18 299
18 303
18 309
18 315
18 324
18 327
18 335
18 472
18 477
18 479
18 481
18 486
18 499
18 509
18 521
18 531
18 536
18 538
18 540
18 552
18 559
18 561
18 574
18 581
18 589
18 594
18 599
18 601
18 604
18 605
18 608
19 3
19 10
19 13
19 18
19 25
19 36
19 42
19 47
19 48
19 53
19 62
19 72
19 74
19 82
19 89
19 93
19 96
19 108
19 136
19 139
19 142
19 158
19 159
19 167
19 170
19 178
19 180
19 186
19 196
19 203
19 204
19 207
19 210
19 216
20 3
20 11
20 14
20 19
20 29
21 2
21 7
21 8
21 25
21 26
21 44
21 61
21 64
22 18
22 19
22 23
22 24
22 27
22 38
22 40
22 42
23 3
23 7
23 11
23 13
23 14
23 17
23 19
23 21
23 26
23 42
23 43
23 49
23 60
23 65
23 68
23 70
23 71
23 72
23 77
23 90
23 93
23 97
23 98
23 106
23 246
23 247
23 248
25 1
25 3
25 4
25 7
25 15
25 23
25 24
25 29
25 30
25 40
25 51
25 53
27 10
28 18
28 23
28 28
28 29
28 32
28 33
28 36
29 71
29 75
30 3
30 4
30 8
30 12
30 13
30 14
30 17
30 28
30 35
30 45
31 5
32 3
32 20
32 38
32 51
32 57
32 60
33 10
33 26
33 30
33 32
33 35
33 41
35 23
35 24
35 27
35 28
35 54
35 63
35 72
36 2
36 8
36 16
36 17
36 20
36 28
36 29
36 40
36 59
36 60
36 62
36 66
36 73
36 109
36 110
36 243
36 250
36 252
36 259
36 268
36 273
36 276
36 282
36 283
36 296
36 322
37 1
37 2
37 10
38 55
38 62
38 66
38 79
38 81
38 84
38 93
38 95
38 117
38 124
38 126
38 127
38 128
38 130
38 131
38 136
38 163
38 166
38 169
38 171
38 172
38 189
38 193
38 196
38 197
38 198
38 206
38 209
38 215
38 224
38 225
38 231
38 237
38 242
38 246
38 248
38 249
38 252
38 258
38 260
38 261
38 265
38 279
38 284
38 287
38 301
38 303
38 304
38 307
38 311
38 316
38 317
38 320
38 328
38 329
38 330
38 361
38 369
38 381
38 382
38 417
38 419
39 7
40 60
40 62
40 63
40 64
40 78
40 80
40 82
40 87
40 89
40 90
40 91
40 94
40 100
40 101
40 102
40 109
40 110
42 9
42 10
42 12
42 25
42 30
42 34
42 37
42 38
42 50
42 51
42 57
42 58
42 70
42 76
42 77
42 105
42 110
42 114
42 120
42 127
42 128
42 141
43 1
43 10
44 20
44 45
44 56
44 66
44 70
44 74
44 85
44 88
44 90
44 92
44 94
44 110
44 130
44 138
44 145
44 146
45 41
45 46
45 47
45 129
45 146
45 149
45 161
45 176
45 212
45 213
46 6
46 7
46 15
46 37
46 44
46 100
46 102
46 109
46 110
46 119
46 124
46 125
46 133
46 134
46 141
46 148
46 151
46 159
46 162
46 168
46 173
46 174
46 179
46 186
46 193
46 199
46 217
46 218
46 219
46 226
46 240
46 244
46 245
48 90
48 91
48 92
48 94
48 100
48 109
48 112
49 2
49 8
49 11
49 20
49 21
50 3
50 4
50 11
50 12
50 18
50 21
50 30
50 32
50 33
50 34
52 46
52 52
52 53
52 60
52 61
52 158
52 160
52 162
52 164
52 167
52 169
52 173
52 177
52 178
52 183
52 184
52 185
52 190
52 191
52 193
52 194
52 199
52 203
52 312
52 313
52 324
52 325
52 328
52 336
52 339
52 340
53 1
53 8
53 10
53 11
54 1
55 3
55 4
55 6
55 7
55 15
55 16
55 19
55 98
55 107
55 112
55 114
55 117
55 126
55 132
55 189
55 193
56 6
57 1
57 17
59 74
60 1
60 2
60 6
60 27
60 28
60 31
60 45
60 61
61 1
61 3
61 12
62 1
62 3
62 4
62 6
62 11
62 13
62 17
62 25
62 31
63 3
63 11
63 25
64 3
65 1
65 7
65 9
67 25
67 26
67 33
67 34
67 40
67 47
67 49
67 54
67 57
67 62
67 65
67 67
67 68
67 85
67 107
67 109
67 113
67 246
67 250
68 1
68 4
68 33
68 40
68 58
68 62
68 64
68 73
68 90
68 91
68 103
68 105
68 109
68 206
68 244
68 245
68 259
68 264
68 269
68 273
68 282
68 302
68 312
68 316
68 322
68 464
68 466
68 469
69 3
69 7
69 8
69 11
69 46
69 56
69 63
69 64
69 65
69 72
69 78
69 81
71 14
71 17
71 19
71 20
71 22
71 28
71 29
71 38
71 39
71 48
71 56
71 57
71 64
71 70
71 75
71 78
71 80
71 102
71 104
71 109
71 119
71 120
71 121
71 130
71 132
71 145
71 147
71 150
71 151
71 152
71 154
71 159
71 160
71 161
71 162
71 169
71 182
71 183
71 184
71 186
71 206
71 210
71 211
71 230
71 231
71 251
71 264
71 281
71 285
71 287
71 292
71 295
71 299
71 300
71 303
71 319
71 331
71 337
71 343
71 345
71 375
71 377
71 379
71 382
72 3
72 15
72 36
72 38
72 40
72 45
72 51
73 7
73 8
73 15
73 17
73 19
74 3
75 2
75 4
76 5
76 6
76 7
77 4
77 10
77 12
77 14
77 16
78 2
78 14
78 15
78 51
78 59
78 67
78 74
78 87
78 92
79 2
79 3
79 9
79 10
79 14
79 25
79 35
79 36
79 48
79 53
79 58
79 61
79 70
79 71
79 80
79 88
79 95
80 1
80 8
80 10
80 11
80 12
80 14
80 21
81 26
81 28
81 30
81 35
81 37
81 40
81 43
81 50
81 52
81 54
81 55
81 58
81 66
81 72
81 76
81 83
83 55
83 59
83 65
83 68
83 69
83 71
83 76
83 86
83 89
83 128
83 130
84 3
84 20
84 30
84 36
84 40
84 57
84 64
84 65
84 69
84 70
84 75
84 76
84 89
84 101
84 102
84 107
84 110
84 116
85 5
85 10
85 13
85 25
86 2
86 4
86 8
86 9
86 24
86 31
86 34
86 35
86 36
86 38
86 43
86 45
86 46
86 60
86 69
86 77
86 84
87 40
87 41
87 50
87 59
88 2
88 17
88 23
88 33
88 35
88 38
88 45
88 48
88 52
88 55
88 56
88 57
88 63
88 66
88 78
88 81
88 83
88 88
88 94
89 59
89 61
89 64
89 69
89 72
89 80
90 10
90 11
90 16
90 19
90 31
90 44
91 20
91 25
91 29
91 36
91 38
91 41
91 44
91 62
91 73
91 79
91 84
91 89
91 99
91 100
91 105
91 119
93 6
95 20
95 29
96 14
