1 10
1 21
1 24
1 29
1 31
1 37
1 43
1 172
1 175
1 176
1 178
1 189
1 193
2 97
2 103
2 107
2 108
2 114
2 116
2 125
2 127
2 137
2 270
2 276
2 279
2 282
2 285
2 287
4 2
4 8
4 27
4 39
4 64
5 3
5 13
5 14
5 23
5 24
5 26
5 34
5 38
5 40
5 43
5 48
5 54
5 68
5 76
5 78
6 13
7 4
7 5
7 9
7 27
9 1
10 6
10 27
10 29
10 34
10 38
10 39
10 63
10 70
10 72
10 81
10 83
10 93
10 97
10 103
10 108
10 117
10 123
10 128
10 132
10 146
10 149
10 150
10 155
10 168
10 169
10 171
10 172
10 175
10 181
10 189
10 191
10 193
10 205
10 209
10 219
10 229
10 236
10 238
10 249
10 263
10 265
10 273
10 276
10 280
10 284
10 286
10 289
10 293
10 310
10 311
11 12
11 13
11 14
11 20
11 31
11 35
11 43
11 49
11 62
11 74
11 79
11 87
11 88
11 90
11 92
11 102
11 112
12 1
12 27
12 36
12 37
14 104
14 105
14 109
15 7
15 25
15 158
15 160
15 171
15 172
15 178
15 181
15 182
15 185
15 196
15 198
15 208
15 213
15 216
15 219
15 221
15 225
15 232
15 234
15 238
15 243
15 244
16 19
17 3
17 7
17 9
17 18
18 15
18 21
18 23
18 33
18 34
18 47
18 49
18 53
19 1
19 13
19 20
19 28
19 31
19 33
19 55
19 57
19 59
19 60
19 62
19 63
19 66
19 73
19 81
20 2
21 1
21 11
21 20
21 26
21 30
21 51
21 62
21 64
21 65
21 68
21 76
21 91
21 95
21 100
21 104
21 109
21 123
21 136
21 137
21 144
21 218
21 220
21 223
23 20
23 22
25 97
25 108
25 109
25 115
26 7
26 24
26 32
26 34
26 47
26 58
26 59
26 66
26 73
26 79
26 82
27 73
27 74
27 75
27 76
27 85
27 86
28 3
28 10
28 35
28 36
28 40
28 43
28 45
28 46
28 50
28 54
28 58
31 48
31 52
31 59
31 61
31 112
31 115
31 118
31 124
31 131
31 134
31 138
31 149
31 160
31 162
31 180
31 184
31 186
31 224
31 226
32 3
32 15
32 19
32 22
32 23
32 24
32 30
32 35
32 43
32 52
32 69
32 79
33 8
33 17
33 19
33 20
33 37
33 48
33 50
33 56
33 58
33 62
33 70
33 72
33 74
33 98
33 107
33 110
33 115
33 121
33 126
33 142
33 145
33 146
33 150
33 182
33 184
33 191
33 198
33 202
33 212
33 220
33 224
34 57
34 84
34 88
34 102
34 105
34 124
34 130
34 132
34 134
34 137
34 147
34 148
34 174
34 176
34 177
34 178
34 200
34 206
34 207
34 221
34 226
34 229
34 248
34 250
34 251
34 252
34 253
34 259
34 262
34 267
34 277
34 281
34 285
34 289
34 303
34 405
34 408
34 413
34 417
34 419
34 423
34 424
34 427
34 428
35 11
36 3
36 7
37 2
38 12
38 13
38 22
38 23
38 35
38 37
38 42
38 45
38 51
38 52
38 57
38 61
38 66
38 67
38 68
38 74
38 91
38 111
38 114
38 116
38 117
38 118
38 119
38 123
38 126
38 130
38 132
38 136
38 146
38 148
38 149
38 153
38 154
38 156
38 159
38 170
38 177
38 190
38 199
38 203
38 223
38 224
38 244
38 247
38 270
38 271
38 272
38 273
38 287
39 21
39 23
39 30
39 42
39 43
39 46
39 48
39 50
39 52
40 18
40 28
40 29
40 37
42 49
42 63
42 68
42 69
42 70
42 200
42 203
43 2
43 3
43 9
43 11
43 15
43 19
44 14
44 20
44 26
44 28
44 43
44 56
44 70
44 77
44 81
45 10
45 12
45 14
45 57
45 59
45 63
45 89
46 71
46 85
46 102
46 124
46 126
46 132
46 134
46 135
46 153
46 159
46 162
46 169
46 172
46 175
46 177
46 181
46 187
46 199
46 202
46 209
46 211
46 213
46 220
46 223
46 225
46 227
46 229
46 230
46 242
46 246
46 257
46 388
46 393
46 394
46 411
46 414
46 421
46 428
46 434
46 435
46 440
46 451
46 453
46 463
46 465
46 472
46 479
46 483
46 496
46 499
46 512
46 515
46 523
46 524
46 536
46 537
46 543
46 544
46 545
46 551
46 552
46 572
46 576
46 578
46 580
48 7
49 7
49 8
49 13
49 27
49 31
50 15
50 24
50 25
50 38
50 43
50 45
50 55
51 1
51 10
51 11
51 16
51 18
51 22
51 23
51 28
51 38
51 40
52 2
52 7
52 13
52 20
52 22
52 27
52 35
52 37
52 39
52 44
52 45
52 47
52 53
52 57
52 60
52 66
52 68
52 76
52 77
52 80
54 101
54 104
54 106
54 110
54 113
54 119
54 126
54 133
54 138
55 29
55 31
55 52
55 58
55 60
55 61
56 1
57 3
57 8
58 66
58 87
58 88
58 99
58 100
58 105
58 117
58 124
58 125
58 130
58 258
58 261
59 24
59 27
59 32
59 34
59 132
59 135
59 139
60 9
60 16
60 25
60 28
60 36
60 38
60 44
61 5
62 2
62 6
62 13
62 15
62 16
62 19
62 22
62 27
63 36
63 39
63 43
64 1
64 7
64 15
64 24
64 25
64 31
64 33
64 35
64 37
64 43
64 45
64 61
64 77
64 80
64 90
64 95
64 97
64 100
64 103
64 104
64 105
64 139
64 142
64 144
64 147
64 149
66 5
66 9
66 19
66 29
66 30
66 48
66 52
66 59
66 65
66 68
67 11
69 44
69 51
69 53
69 63
69 73
69 75
69 77
69 78
69 83
69 91
69 127
69 139
69 140
69 156
70 1
70 3
70 10
70 12
70 13
70 17
70 21
71 2
71 4
71 14
71 15
71 16
71 29
71 41
71 47
71 48
71 57
72 127
72 142
72 143
73 66
73 69
73 70
73 77
73 81
73 89
73 91
73 95
73 96
73 99
76 17
76 22
76 60
76 70
76 87
76 90
76 96
76 99
76 101
77 14
77 15
77 18
77 24
77 31
77 39
77 46
77 49
77 66
77 74
77 75
77 81
77 86
77 88
77 90
77 95
77 110
77 112
77 113
78 4
78 8
79 11
80 3
81 5
81 8
81 25
81 29
81 32
81 34
81 39
81 60
81 61
81 90
81 93
81 98
81 101
81 114
81 119
81 120
81 123
81 126
81 129
81 134
81 142
81 151
81 153
81 160
81 166
81 168
81 187
81 188
82 4
83 7
83 12
83 15
83 18
83 19
83 32
83 33
83 35
83 40
84 25
84 32
84 43
84 45
84 46
84 56
84 57
84 59
84 61
84 63
84 67
84 71
84 77
84 87
85 2
85 10
85 11
85 13
85 18
85 26
85 29
85 39
86 5
87 9
87 22
87 32
87 34
87 38
87 60
87 69
87 70
87 75
87 91
87 102
87 106
87 120
87 124
87 127
87 128
87 132
87 134
87 138
87 147
87 152
87 156
87 172
87 174
87 188
87 194
87 197
88 48
88 51
88 52
88 60
88 64
88 80
88 90
88 92
88 101
88 119
88 130
88 141
88 142
88 146
88 148
88 156
88 161
88 163
88 167
88 168
88 174
88 179
88 182
88 189
88 191
88 200
88 209
88 214
88 222
88 227
88 236
88 240
88 248
88 253
88 258
88 259
88 260
88 262
88 266
88 283
88 295
88 296
89 5
89 6
90 4
90 13
90 14
90 24
90 32
90 33
90 37
90 168
90 176
90 187
90 188
90 191
90 198
90 210
90 213
90 214
90 220
90 225
90 228
91 20
91 24
91 27
91 37
91 38
91 42
91 51
92 4
92 7
92 9
92 25
95 28
95 39
95 44
95 51
95 53
95 58
95 200
95 203
95 205
96 1
96 3
96 7
96 15
96 27
96 34
96 39
98 63
98 64
98 72
98 146
98 156
98 159
98 165
98 168
98 169
98 191
98 193
98 199
98 202
98 210
98 212
99 2
99 16
99 18
99 27
99 29
99 35
99 41
