1 5
1 10
1 38
1 46
1 51
1 71
1 72
1 75
1 77
1 84
1 87
1 88
1 93
1 102
1 105
1 108
1 125
1 147
1 148
1 157
2 21
2 22
2 31
3 6
3 10
3 15
3 18
3 23
3 38
3 42
3 44
3 45
3 46
3 48
3 50
3 51
3 169
3 173
3 176
3 181
3 183
3 186
3 187
3 193
3 202
3 204
3 205
3 337
3 341
3 342
3 344
3 353
3 370
3 374
3 388
3 391
3 393
3 401
3 407
3 411
6 66
6 73
6 75
6 77
6 80
6 81
6 82
6 91
6 97
6 104
6 108
6 122
6 137
6 140
6 149
6 153
7 1
7 10
7 23
7 35
7 43
7 128
7 132
7 218
7 220
7 221
7 222
7 233
7 248
7 254
7 255
7 257
7 274
7 282
7 286
7 287
7 288
7 289
8 20
8 22
8 28
8 29
8 32
8 35
8 38
8 42
8 55
8 57
8 59
8 63
8 66
8 69
9 53
9 55
10 14
10 15
10 23
10 25
10 26
10 29
10 42
12 41
12 47
12 54
12 74
12 82
12 88
12 92
13 2
13 11
13 60
13 62
13 63
13 80
13 81
13 92
13 93
13 94
13 95
13 108
13 116
13 118
13 119
13 123
13 126
13 265
13 266
13 270
13 277
13 285
13 286
13 290
13 293
13 294
13 296
13 297
13 303
13 306
13 308
13 309
13 442
13 444
13 446
13 449
13 452
13 460
13 462
13 463
13 466
13 469
13 475
13 477
13 482
13 494
13 495
15 44
15 45
15 53
15 54
15 71
15 79
16 8
16 13
16 20
17 10
17 11
17 12
17 22
17 29
17 69
17 77
17 90
17 93
17 97
17 98
17 99
18 4
18 21
19 14
19 18
19 21
19 29
19 30
19 32
19 68
19 73
19 84
21 70
22 41
22 47
22 51
22 54
22 65
22 89
22 96
22 103
22 105
22 108
22 115
23 16
23 22
23 26
23 39
23 43
23 45
23 46
23 56
23 59
23 60
23 63
23 71
23 74
23 77
23 84
23 91
23 156
23 172
23 177
23 179
23 205
23 206
24 14
24 16
24 22
24 35
24 43
24 45
24 48
24 49
24 56
24 70
24 72
25 5
25 9
25 18
25 27
26 1
26 2
27 2
27 6
27 18
28 14
28 18
28 23
28 42
28 49
29 4
29 32
30 77
30 86
30 89
30 92
30 104
30 110
30 111
30 114
30 119
30 120
30 124
30 128
30 131
30 137
30 140
30 142
30 143
30 144
30 150
31 3
31 6
32 44
32 49
32 56
32 72
32 78
32 82
32 101
33 5
33 13
33 15
33 22
34 1
34 7
34 8
34 29
34 37
34 39
34 40
34 42
34 43
34 47
34 57
34 60
34 61
35 5
35 6
35 10
35 12
35 16
35 48
35 50
36 4
36 7
36 9
36 16
37 69
37 70
37 73
37 78
37 80
37 84
37 85
37 87
37 89
37 95
37 98
37 101
37 109
37 111
37 176
38 109
38 110
38 122
38 127
38 129
38 132
38 135
38 138
38 139
38 157
38 161
38 167
38 172
38 173
38 174
38 175
38 181
38 182
38 190
38 195
38 198
38 201
38 202
38 214
38 349
38 354
38 389
38 392
38 402
38 410
38 415
38 416
38 419
38 427
39 26
39 47
41 2
41 7
41 16
41 24
41 25
41 26
41 37
41 39
41 54
43 15
43 25
43 35
46 106
46 107
46 112
46 117
47 53
47 56
47 58
47 65
47 68
47 87
50 75
50 80
50 86
50 97
50 108
50 110
50 111
50 114
50 119
50 122
50 124
50 126
50 127
51 3
51 8
51 32
51 37
51 38
51 45
51 52
51 55
51 60
51 70
51 73
51 75
51 83
51 84
51 88
51 89
51 91
51 97
52 9
52 14
52 26
54 5
54 6
55 51
56 82
56 87
56 102
57 47
57 58
57 65
57 69
57 84
57 86
57 87
57 93
57 96
57 103
57 106
57 107
57 112
57 115
57 117
57 169
57 179
57 180
57 184
57 191
57 197
57 202
57 214
57 220
57 227
57 234
57 240
57 241
57 246
57 247
57 250
57 258
57 259
57 260
57 263
57 271
57 272
57 277
57 288
57 301
57 312
57 441
57 454
57 466
57 467
57 469
57 473
57 477
57 480
57 481
57 483
57 497
58 16
59 2
59 8
59 21
59 22
59 24
59 29
59 34
59 41
59 43
59 44
59 46
60 55
60 60
60 74
60 76
60 77
60 97
60 100
60 110
60 117
60 123
60 126
60 131
60 134
60 145
60 170
60 180
60 181
60 187
60 194
60 196
60 200
60 205
60 206
60 211
60 212
61 19
61 31
61 71
61 75
61 76
61 83
61 94
61 109
61 115
61 122
61 126
61 128
61 130
62 92
62 94
62 100
62 113
62 114
62 115
62 126
62 128
62 135
62 136
62 172
62 198
62 217
62 302
62 303
62 370
62 376
63 3
63 4
63 6
63 13
63 19
63 22
63 26
63 28
63 37
63 47
63 49
63 53
63 54
63 69
63 199
63 208
63 334
63 343
63 358
65 1
65 4
65 5
65 9
65 12
65 15
65 17
65 25
65 27
65 29
65 34
65 43
65 46
65 60
65 67
66 2
66 12
66 13
66 25
66 30
66 39
66 43
66 47
66 52
66 54
66 59
66 71
66 73
66 77
66 81
66 84
66 91
66 96
66 110
66 121
66 127
66 130
66 134
66 137
66 139
66 163
66 164
66 172
66 179
66 182
66 186
66 190
66 197
67 8
67 10
67 19
67 20
67 22
67 24
68 17
68 25
68 44
68 50
68 53
68 55
68 64
68 73
68 83
68 84
68 92
68 93
68 98
68 100
69 5
69 7
69 8
69 22
69 24
69 25
69 154
70 4
70 12
70 14
70 26
70 33
70 41
71 3
71 15
71 21
71 22
71 28
71 30
71 41
71 60
71 70
71 92
71 94
71 107
72 12
72 14
72 16
72 32
72 33
72 51
72 62
72 64
72 72
72 85
72 136
72 142
72 146
72 160
72 167
74 13
74 20
74 22
74 27
74 31
74 35
76 22
76 28
76 29
76 31
76 33
76 35
76 41
76 43
76 52
76 56
76 57
76 60
76 68
76 76
77 2
77 7
77 8
77 13
77 22
77 27
77 32
77 35
77 37
77 39
77 42
77 50
77 53
77 56
77 58
77 67
77 72
77 73
77 79
78 4
78 5
78 12
78 22
79 1
79 2
79 15
79 21
79 31
79 42
79 43
79 49
80 1
80 6
80 12
80 15
80 22
80 29
81 2
81 4
81 6
81 7
81 9
81 10
83 57
83 58
83 73
83 98
83 118
83 127
83 170
84 1
84 5
84 6
84 13
84 25
84 28
84 34
84 39
84 42
84 75
84 80
84 81
84 82
84 85
84 86
84 100
84 115
84 122
84 128
84 132
84 138
84 142
86 20
86 23
86 25
86 28
86 29
86 31
86 35
86 41
86 58
86 69
86 70
86 82
86 88
86 91
86 92
86 106
86 107
86 108
86 115
86 116
86 119
87 52
87 58
88 3
88 15
88 18
88 22
88 32
88 47
88 49
88 53
88 59
88 60
88 69
88 75
88 81
88 85
88 88
88 89
88 95
88 105
88 109
88 113
89 118
89 119
90 2
90 6
90 11
90 18
90 21
90 28
90 91
91 2
91 4
91 7
91 8
91 13
91 25
91 29
91 32
91 42
91 47
91 53
91 63
91 68
91 81
91 94
91 95
91 99
91 103
91 104
91 108
91 109
91 111
91 117
91 124
91 206
