1 8
1 10
1 15
1 17
1 21
1 26
1 32
1 36
1 38
1 39
1 50
1 51
1 53
2 109
2 113
5 46
5 56
5 58
5 59
5 63
5 67
5 78
5 81
5 83
5 84
5 85
5 95
5 103
5 132
5 135
5 145
5 149
5 151
5 153
5 154
5 164
5 171
5 178
5 180
6 97
6 98
6 99
6 101
6 102
6 110
6 116
6 118
6 125
6 127
6 132
6 139
6 152
6 156
6 165
6 174
6 182
6 197
6 198
6 199
6 203
6 220
7 1
7 2
7 8
7 20
7 23
7 24
7 136
7 154
7 155
7 163
7 166
7 170
7 174
7 175
8 2
8 3
8 6
8 11
8 21
8 29
8 37
8 40
8 43
8 44
8 46
8 56
8 60
8 61
8 63
8 64
8 66
8 77
8 91
8 198
8 213
8 223
8 256
8 259
8 270
8 280
8 281
8 292
8 293
8 299
8 300
8 302
8 303
8 304
8 307
9 6
9 7
9 18
9 38
9 42
9 43
9 49
9 58
9 121
9 129
10 2
10 16
10 24
10 34
10 35
10 39
10 54
10 55
10 56
10 59
10 60
10 74
11 7
11 11
11 15
11 18
11 30
11 31
11 36
11 42
11 53
11 55
11 57
11 66
11 70
11 73
11 80
11 85
11 86
11 94
11 99
11 100
11 107
11 113
11 115
11 121
11 124
11 129
11 133
11 135
11 138
11 146
11 150
12 46
12 47
12 49
12 54
12 56
12 57
12 61
12 66
12 75
12 90
12 91
12 94
12 113
12 119
14 52
14 94
14 97
15 11
16 1
16 6
16 23
16 31
17 8
17 21
17 22
18 33
18 61
18 63
18 72
18 73
18 78
18 79
18 100
18 105
18 114
18 128
18 134
18 141
18 146
18 156
18 157
19 9
19 27
19 36
19 38
19 39
19 46
19 55
19 56
20 63
20 66
20 73
20 74
20 82
20 83
21 42
21 43
22 17
22 18
22 21
23 7
23 13
23 32
23 38
24 1
24 3
24 5
24 30
24 44
25 2
26 26
26 29
26 30
26 37
26 55
26 59
26 60
26 68
26 72
26 76
26 91
26 95
26 96
26 109
30 26
31 2
31 7
31 8
32 37
32 41
32 43
33 2
33 9
33 10
34 2
34 8
34 49
34 57
34 60
34 69
34 70
34 73
34 75
34 78
34 82
34 87
34 93
34 97
34 99
34 102
34 111
34 113
34 117
34 137
34 144
34 148
34 149
34 150
34 151
34 153
34 161
34 168
34 174
34 175
35 3
35 4
35 8
36 2
36 7
36 9
36 30
36 42
36 47
36 67
36 75
36 104
36 105
36 106
36 118
36 119
36 131
36 139
36 148
36 153
36 156
36 157
36 163
36 172
36 177
36 197
36 206
36 211
36 215
36 216
36 218
36 224
36 226
36 239
36 240
37 2
37 19
37 24
37 41
37 50
37 52
37 57
38 11
38 17
38 18
38 19
38 21
40 18
41 2
41 11
41 37
41 52
41 72
41 99
41 102
41 110
41 117
41 122
41 124
42 11
42 21
42 27
42 28
44 3
44 8
44 17
44 21
44 24
45 12
45 17
45 25
45 27
45 32
45 42
45 47
45 50
45 55
45 60
45 61
45 63
45 64
45 67
45 68
45 69
45 70
45 79
45 88
45 89
45 100
45 101
46 132
46 136
46 139
47 48
47 60
47 65
47 76
47 77
47 78
47 89
47 92
47 95
47 103
47 111
47 114
47 115
47 119
47 120
48 2
48 3
48 4
48 16
48 20
48 21
48 31
48 35
48 37
48 39
48 41
48 42
48 46
48 53
48 63
48 71
48 74
49 3
49 7
49 15
49 31
49 33
49 44
49 56
49 71
49 72
49 87
49 91
49 92
49 100
49 109
50 95
50 98
50 100
51 8
51 9
51 16
51 19
53 13
53 19
53 20
53 29
53 46
53 53
53 57
53 60
53 61
53 63
53 64
53 67
53 69
53 74
54 4
54 6
54 11
54 16
54 21
54 29
54 34
54 40
54 53
54 56
54 59
54 61
54 64
54 72
54 77
55 8
55 11
55 17
55 20
55 26
55 28
55 40
55 47
55 49
55 65
55 70
55 73
55 76
55 82
55 91
55 92
55 97
55 98
55 106
55 107
55 115
55 116
55 117
56 6
56 11
56 17
58 30
58 37
58 38
58 55
58 57
58 60
58 65
58 66
58 90
58 91
58 93
58 97
58 104
58 111
58 112
58 116
58 125
59 1
59 6
60 110
63 17
63 18
63 19
63 29
64 53
64 68
65 5
65 6
65 16
65 23
65 26
65 39
65 41
65 42
65 50
65 51
65 52
65 61
65 62
66 3
66 8
66 15
66 16
66 33
66 37
66 44
67 3
67 16
67 20
67 21
67 23
67 36
67 42
67 43
67 44
67 46
67 53
67 69
67 72
67 79
67 81
67 94
67 96
67 109
68 4
71 84
71 89
71 94
71 102
71 124
71 127
71 139
71 140
71 154
71 156
71 172
71 177
71 188
71 200
71 203
71 209
71 213
71 216
71 217
71 224
71 237
71 243
71 250
71 255
71 259
71 264
71 265
71 278
72 2
72 13
73 2
73 10
73 11
73 22
73 29
73 30
73 36
73 150
73 154
73 155
73 174
73 175
73 176
73 178
73 182
73 199
73 204
73 209
73 210
73 217
73 218
73 224
73 234
73 239
73 246
73 252
73 268
73 276
73 286
73 288
75 64
75 87
75 91
75 92
75 96
75 103
75 118
76 9
76 21
76 22
76 28
76 39
76 44
76 54
76 72
77 24
77 31
77 34
77 37
77 41
77 48
77 50
77 61
77 62
77 64
78 8
78 9
78 19
78 25
78 27
78 30
81 47
81 53
81 60
81 63
81 64
81 71
81 81
81 85
82 1
82 12
83 105
83 108
83 120
83 125
83 126
83 127
84 2
84 25
84 46
84 54
84 56
84 105
84 110
84 112
84 122
84 133
84 135
84 139
84 142
85 1
85 135
86 43
86 45
86 55
86 64
87 16
87 17
87 23
87 26
87 28
87 32
87 45
87 47
87 65
87 72
87 74
87 77
87 78
87 79
87 82
88 56
88 62
88 72
88 74
88 99
88 100
88 115
88 121
88 123
88 125
89 80
89 96
89 114
90 36
90 53
90 68
90 76
91 5
91 6
91 11
91 23
91 25
91 29
91 35
91 38
91 44
91 58
91 61
91 137
91 146
91 162
91 163
91 165
91 173
91 182
91 185
91 196
91 197
91 199
91 215
91 230
91 259
91 346
91 350
91 354
92 3
93 12
93 13
94 14
94 17
94 20
94 27
94 28
94 30
94 45
94 46
94 58
95 3
95 4
95 5
95 6
95 21
95 23
95 24
95 27
95 35
95 36
95 53
96 48
96 49
96 57
96 66
96 68
96 76
96 85
96 88
96 93
97 4
97 5
97 17
98 7
98 10
98 12
98 20
98 28
98 31
100 8
100 10
100 14
100 20
100 24
100 35
100 41
100 53
100 68
100 69
103 47
103 53
103 55
103 58
103 78
103 81
104 2
104 6
104 9
104 11
104 15
104 18
104 19
104 34
104 48
104 49
104 57
104 58
104 62
104 69
104 89
104 102
104 115
104 116
105 2
105 6
105 137
105 146
105 150
