1 1
1 5
3 14
3 145
3 161
3 168
3 178
3 193
3 198
3 201
3 212
3 237
3 242
3 246
3 250
3 266
3 280
3 296
5 28
5 30
5 46
5 47
5 48
5 54
5 60
5 62
5 68
5 69
6 23
6 29
6 32
6 35
6 36
6 41
6 50
6 51
6 54
6 63
6 71
6 74
6 76
6 78
6 85
6 173
6 176
6 186
6 188
6 190
6 198
6 285
6 288
6 289
6 293
6 310
6 311
6 314
6 326
6 329
6 331
6 336
6 338
6 339
6 343
6 347
6 348
6 349
6 358
6 376
6 377
6 381
6 387
6 392
6 394
6 403
6 409
6 422
6 426
6 430
6 431
6 434
7 38
7 42
7 51
7 52
7 56
7 58
7 65
7 66
7 67
7 70
7 71
7 77
7 82
7 84
7 87
7 89
7 143
7 151
7 152
7 166
7 169
7 178
7 249
7 255
7 256
7 267
7 271
8 57
8 59
8 69
8 73
8 79
8 184
8 189
8 192
8 201
8 203
8 204
8 219
9 2
9 7
9 8
9 21
9 23
9 30
9 32
9 37
9 55
9 59
9 65
9 79
9 81
9 84
9 105
9 108
9 118
9 119
9 125
9 127
9 132
9 137
10 6
10 8
10 16
10 20
10 33
10 36
10 37
10 40
10 42
10 43
10 49
10 50
10 54
10 55
10 63
10 67
10 74
10 83
10 88
10 89
10 95
10 112
10 116
10 124
10 133
10 155
10 159
10 160
10 163
10 167
10 172
10 176
10 179
10 187
11 2
11 7
13 15
13 19
13 20
13 21
13 22
13 39
14 4
14 6
14 7
14 10
14 11
14 17
14 23
14 26
14 27
14 41
14 52
14 53
14 55
14 58
14 59
14 74
15 2
15 4
15 8
15 21
15 24
15 25
15 47
15 48
15 50
15 51
15 52
15 60
15 63
15 68
15 73
15 76
15 85
15 90
15 92
15 100
15 101
15 108
15 147
15 148
15 153
15 157
15 164
15 168
15 173
15 181
15 185
15 195
15 197
16 1
16 5
16 24
16 29
16 35
16 39
16 42
16 43
17 9
17 11
17 12
17 23
18 9
18 13
18 26
18 40
18 46
18 68
18 71
18 83
18 87
21 70
21 72
21 73
21 75
21 80
21 81
21 82
22 18
22 21
22 25
22 28
23 14
23 17
23 20
23 24
23 29
23 33
23 35
23 42
23 45
23 51
23 52
23 54
23 55
23 57
23 70
23 81
23 92
23 118
24 36
24 40
24 169
24 173
24 174
25 37
25 38
25 41
25 59
25 66
25 70
25 90
25 219
25 221
25 222
25 242
25 261
25 265
26 3
26 6
26 9
26 10
26 20
28 2
28 10
28 12
28 23
28 24
28 35
28 41
28 43
29 57
29 66
29 86
29 96
29 98
29 100
29 104
29 108
29 117
29 119
29 122
29 125
29 136
29 144
29 158
29 160
29 163
29 167
29 168
29 182
29 188
29 191
30 29
30 31
30 42
30 47
30 60
30 64
30 65
30 68
30 73
30 76
31 5
32 7
32 17
32 18
32 20
32 21
32 22
32 25
32 27
33 197
33 201
33 211
33 215
33 219
33 222
34 2
34 7
34 8
34 14
34 16
34 17
34 82
34 102
34 107
34 108
34 113
36 14
36 20
37 3
37 9
37 15
37 21
37 22
37 24
37 28
37 32
37 43
37 47
38 16
42 13
42 25
42 27
42 31
42 37
42 39
42 42
42 49
42 63
42 66
42 69
43 3
43 126
43 129
45 7
45 14
45 16
46 18
48 78
48 79
48 81
48 83
48 88
48 89
48 90
48 98
48 115
48 116
48 130
49 7
49 15
52 35
52 36
52 41
52 43
52 47
52 51
52 53
52 62
52 64
52 66
52 72
52 73
53 129
53 130
53 137
53 139
53 144
55 5
55 7
56 67
56 69
56 70
56 71
56 80
56 82
56 84
56 87
56 90
57 8
57 17
57 20
58 1
58 4
58 9
58 20
58 22
58 23
58 27
58 59
58 66
58 68
58 90
58 94
58 105
58 107
58 151
58 162
58 163
58 166
58 168
58 174
58 179
58 180
58 192
58 194
59 4
59 8
59 10
59 19
59 28
60 8
60 11
60 22
61 3
61 12
61 14
61 18
61 19
61 21
62 3
62 16
62 23
62 115
62 119
62 124
62 133
62 137
62 138
62 140
62 145
62 151
62 157
62 158
62 159
62 163
62 178
62 185
62 186
62 196
62 199
62 213
62 224
62 230
62 232
62 233
62 245
62 251
62 278
62 279
62 286
62 292
62 294
62 297
62 317
62 322
62 329
62 342
62 352
63 50
63 51
63 53
63 54
63 55
63 56
63 57
63 61
63 66
63 71
63 72
64 44
64 46
64 51
64 54
64 61
64 72
64 81
64 82
64 85
64 92
64 94
64 110
64 116
64 120
64 127
64 132
64 140
64 141
64 147
64 171
64 178
64 193
65 19
65 46
65 48
65 55
65 61
65 62
65 68
65 69
65 70
65 71
65 83
65 87
65 88
65 103
65 108
65 111
65 115
65 116
65 121
66 14
66 15
66 24
66 25
66 27
66 30
66 31
66 38
66 40
66 44
66 47
66 54
66 58
66 60
66 69
66 72
66 148
66 152
66 155
66 166
66 180
66 181
66 185
66 186
66 192
66 218
66 224
66 225
66 230
66 240
66 242
66 245
66 257
66 260
66 261
66 268
66 282
66 284
66 292
66 301
66 303
66 305
66 308
66 314
66 325
66 338
66 350
66 352
66 354
66 355
66 356
66 359
66 362
66 363
66 369
66 378
66 381
66 384
66 402
66 425
66 427
66 429
66 433
66 438
66 439
66 444
66 446
66 447
66 460
66 473
66 484
66 501
66 502
66 507
66 509
66 518
66 525
66 526
66 528
66 536
66 538
66 544
66 548
66 552
66 556
66 560
66 563
66 573
66 583
66 596
66 599
66 605
66 617
66 634
66 637
66 648
66 651
66 664
66 666
66 677
66 684
66 685
66 690
66 691
66 706
66 839
66 845
67 2
67 17
67 18
67 24
67 43
67 53
67 57
67 59
67 61
67 62
67 64
67 71
67 73
67 94
67 96
69 28
69 35
69 37
70 5
70 7
70 54
70 62
70 72
70 81
71 2
71 3
71 18
71 22
71 23
71 26
71 33
71 48
71 61
71 80
71 82
71 87
71 88
71 90
71 93
71 98
71 111
71 112
71 113
71 115
71 116
71 124
71 125
71 167
72 13
72 14
72 17
72 18
72 20
72 22
72 218
72 221
72 260
72 269
72 271
72 273
72 277
74 4
74 7
74 23
75 4
75 5
78 31
78 43
78 49
78 50
78 53
78 60
78 68
78 90
78 95
78 97
78 99
78 104
78 105
78 106
78 107
78 109
78 110
78 113
78 114
78 119
78 125
78 129
78 143
78 144
78 146
78 155
78 158
78 169
78 178
78 179
78 182
78 183
78 184
78 202
78 209
79 1
79 3
79 4
79 9
79 73
79 98
79 102
79 103
79 113
79 116
79 121
80 2
80 7
80 10
80 14
80 15
80 18
80 25
81 93
81 94
81 99
81 100
81 113
83 11
83 12
83 15
83 21
83 22
83 27
83 32
83 39
83 40
83 45
83 58
83 60
83 69
83 70
83 72
83 75
83 80
83 85
84 45
84 46
85 5
85 13
85 18
85 19
85 28
87 5
87 19
87 21
87 24
87 34
87 37
87 38
87 41
87 42
87 44
87 48
87 49
