1 1
1 17
1 19
1 27
1 38
1 43
1 47
1 50
1 55
1 61
1 62
1 79
1 81
1 91
1 105
1 107
1 116
1 117
1 121
1 133
1 141
2 189
2 204
2 207
2 212
2 226
2 227
2 228
2 230
2 232
4 101
5 12
5 14
5 17
5 150
6 2
6 14
6 19
7 2
7 4
7 8
7 9
7 12
7 14
7 25
8 18
8 19
8 77
8 206
8 222
8 229
8 230
8 304
8 307
8 312
8 314
9 85
9 102
9 105
9 108
9 109
9 111
9 113
9 142
9 143
9 144
9 146
9 153
9 160
9 167
9 170
9 171
9 177
9 180
9 182
9 185
9 186
9 191
9 202
9 209
9 210
9 295
9 298
9 303
9 304
10 4
11 11
11 18
11 19
11 20
11 24
11 37
11 54
13 5
13 17
13 19
13 31
13 33
13 35
13 49
13 51
13 52
13 54
13 56
13 117
13 131
13 138
13 139
13 143
13 148
13 149
13 151
13 164
13 171
13 180
14 3
14 5
14 6
14 8
14 15
16 9
16 11
16 16
16 22
16 23
17 17
17 18
17 21
17 28
17 29
17 30
17 32
17 37
17 72
17 82
17 84
17 86
17 117
17 124
17 128
17 139
19 123
19 127
20 1
20 11
20 16
20 19
20 23
20 25
20 26
20 29
20 37
20 46
20 57
20 59
22 15
22 23
22 24
22 29
22 37
22 41
22 42
23 3
23 4
24 3
24 5
24 18
24 22
24 25
24 26
24 29
24 40
24 41
24 46
24 55
24 59
25 4
25 8
25 15
25 17
25 21
25 26
25 34
25 41
25 53
25 56
25 63
25 65
25 68
25 69
25 72
25 80
25 87
26 26
26 33
26 37
26 41
26 47
26 50
26 53
26 55
27 8
27 14
27 18
27 25
27 27
27 31
27 44
27 48
27 62
27 69
27 112
30 15
30 22
31 1
31 3
32 2
33 9
33 11
33 22
33 26
33 28
33 31
33 42
33 45
33 47
33 53
33 56
33 57
33 58
33 59
33 65
33 66
33 78
33 84
33 90
33 97
33 102
33 104
33 106
33 119
33 124
34 10
34 21
34 25
34 86
34 90
34 201
35 5
35 11
35 13
35 15
35 17
35 34
35 46
35 58
35 62
35 64
35 65
35 75
35 79
35 80
35 83
35 84
35 88
35 94
35 98
36 6
36 12
36 16
36 17
36 18
36 42
36 47
36 51
36 53
36 67
36 81
36 92
36 221
36 222
36 224
36 230
36 236
36 239
36 242
36 246
36 253
36 266
36 268
36 283
36 284
36 285
36 289
36 290
36 292
36 314
36 338
36 339
36 345
37 1
37 5
37 11
38 2
38 5
38 6
38 20
38 24
38 81
38 99
38 118
38 121
38 124
38 125
38 254
38 259
38 260
39 1
39 8
39 23
40 1
40 4
41 2
41 5
41 10
41 11
41 12
41 15
41 21
41 51
41 52
41 59
41 78
41 87
41 95
41 111
41 122
41 130
41 133
41 150
41 153
41 164
41 170
41 182
41 183
41 194
41 202
41 205
41 210
44 9
44 15
44 26
44 39
44 42
44 49
44 54
44 57
46 45
47 3
47 11
48 24
48 31
48 33
48 34
48 37
48 55
48 56
48 60
48 64
48 65
48 67
48 76
48 86
48 96
48 100
48 102
48 105
48 108
48 109
48 110
48 139
48 142
49 1
49 15
50 5
50 7
50 9
50 19
50 22
50 24
50 27
50 36
50 42
50 47
50 48
50 92
50 94
50 106
50 110
50 115
50 135
50 138
50 144
50 151
50 163
51 3
51 5
51 11
51 13
51 19
51 24
51 35
51 43
51 45
51 46
51 48
51 56
51 66
51 68
51 71
51 72
51 73
52 1
52 8
53 2
53 14
53 22
53 26
53 76
53 81
53 84
53 103
53 106
53 110
53 118
53 121
54 3
54 15
54 147
54 148
54 242
54 386
55 1
57 16
57 26
57 29
57 35
58 1
58 69
58 71
58 73
58 74
58 75
58 81
58 89
58 100
58 107
58 108
58 120
58 133
58 135
58 147
58 148
58 173
58 186
58 192
58 206
58 207
58 210
58 216
58 217
58 230
58 238
58 239
58 240
58 243
58 246
58 247
58 255
58 259
59 19
59 28
59 42
59 48
59 64
59 67
59 120
59 249
59 258
59 262
59 276
60 2
60 5
60 13
60 16
60 21
60 24
61 2
61 8
61 9
61 13
61 20
61 32
61 33
63 16
63 17
63 29
63 47
63 49
63 53
63 62
63 71
63 74
63 92
63 95
63 96
63 99
63 101
63 105
63 125
63 128
64 8
64 14
64 21
64 32
64 34
64 43
64 45
64 46
64 47
64 50
64 57
65 11
65 19
65 25
65 29
65 35
65 44
65 45
65 47
65 49
65 51
65 55
65 62
65 68
65 71
65 82
65 84
65 86
65 89
65 103
66 1
67 14
68 3
68 8
68 12
68 28
68 38
68 44
68 57
68 60
68 69
68 85
68 92
68 96
68 100
68 110
68 118
68 119
68 120
69 31
69 48
69 63
69 69
69 70
69 73
70 8
70 9
70 25
70 28
70 31
73 57
73 67
73 76
73 81
73 82
73 84
73 85
73 89
75 142
75 144
75 152
75 161
75 163
75 169
76 2
77 41
77 44
77 57
77 61
77 66
77 68
77 70
77 74
77 79
77 152
77 153
77 154
77 161
77 165
79 1
79 8
79 12
79 18
79 21
79 23
79 24
79 27
79 36
79 42
79 44
79 54
79 60
79 62
79 65
79 67
79 77
79 82
79 84
80 28
80 36
80 40
80 48
80 50
80 55
80 59
80 67
80 68
80 75
80 77
80 81
80 83
80 91
81 5
81 6
81 10
81 53
81 54
83 1
83 3
83 6
83 9
83 19
83 24
83 27
83 28
83 42
83 54
83 71
83 72
83 81
83 85
83 86
83 92
83 98
83 101
83 105
83 106
83 109
83 114
83 117
83 122
83 126
83 127
83 137
83 140
83 146
83 147
83 155
83 156
83 158
83 181
83 186
83 188
83 189
83 191
83 195
84 2
84 4
86 1
86 5
86 9
86 25
86 27
86 28
86 29
86 31
86 32
86 33
86 34
87 26
87 31
87 34
87 37
87 39
87 46
87 50
87 51
87 52
87 61
87 66
87 76
87 77
87 83
87 93
87 96
87 98
87 101
88 16
88 25
88 26
88 27
88 36
88 41
88 43
88 46
88 55
88 62
88 68
88 69
88 73
88 74
88 100
88 103
88 104
88 109
88 113
88 128
88 129
88 134
88 144
88 150
88 156
88 160
88 161
88 163
88 169
89 6
89 8
89 23
89 26
89 29
89 38
90 87
90 112
90 127
90 138
90 139
90 142
90 149
90 159
90 166
90 172
90 175
90 179
90 182
90 183
90 186
91 11
91 15
92 113
92 115
92 116
92 117
92 118
92 125
92 128
92 130
92 131
92 136
92 138
92 140
93 15
93 16
93 20
93 28
93 51
93 54
93 62
93 89
93 93
93 107
93 112
93 113
93 118
93 131
93 141
93 143
93 145
93 164
93 170
93 171
93 174
93 180
93 186
93 188
93 189
93 275
93 288
93 297
93 299
93 305
93 309
93 315
93 317
93 320
93 323
93 327
93 337
93 345
93 351
93 365
94 3
94 5
94 8
94 9
94 10
94 20
94 21
95 9
95 12
95 26
95 30
95 39
95 43
95 44
95 45
95 49
95 62
95 64
95 74
95 75
95 81
95 83
95 85
95 86
95 91
95 97
95 104
95 126
95 135
95 136
95 143
95 145
95 153
95 154
95 160
95 169
95 170
98 12
