1 2
1 132
1 141
1 143
1 146
1 147
1 156
1 163
1 165
1 169
1 185
1 187
1 188
1 195
1 196
1 213
1 215
1 216
1 219
1 222
1 230
1 233
1 241
1 244
1 255
1 262
1 266
1 273
1 288
1 289
1 305
1 306
1 315
1 317
1 318
1 326
1 329
1 331
1 336
1 341
1 345
1 348
1 352
1 356
1 367
1 368
1 369
1 371
1 383
1 386
1 411
1 423
1 425
1 438
1 451
1 453
1 455
1 456
1 460
1 461
1 462
1 465
1 474
1 483
1 486
1 487
1 515
1 523
1 537
1 540
1 543
1 546
1 557
1 565
1 571
1 577
1 579
1 592
1 611
1 623
1 625
1 627
1 633
1 682
1 686
1 687
1 702
2 1
2 9
2 34
2 57
2 68
3 22
3 29
3 30
3 33
3 34
3 36
3 41
4 2
4 3
4 61
4 69
4 81
4 84
4 85
5 3
5 4
5 5
10 1
11 1
11 4
11 6
11 18
12 58
12 60
12 62
12 65
12 72
12 206
12 219
12 227
12 229
12 231
12 236
12 240
12 252
12 253
12 254
12 258
12 260
12 264
12 273
12 274
12 277
12 282
12 286
12 289
12 297
14 42
14 48
14 55
14 62
14 73
14 74
14 91
14 94
16 83
17 8
17 10
17 131
17 132
17 138
17 140
18 2
18 132
19 6
19 17
19 20
19 27
19 37
19 38
19 41
19 47
19 53
20 13
20 14
20 15
20 24
20 25
20 30
20 46
20 47
21 1
23 7
23 29
23 31
23 53
25 61
25 64
25 67
25 82
25 83
25 86
25 95
25 97
25 99
25 113
25 119
25 122
25 125
25 126
25 128
25 131
25 133
25 134
25 137
25 142
26 2
26 16
26 22
26 25
26 28
26 30
26 33
26 34
26 35
26 37
26 38
26 39
27 3
27 19
27 28
28 20
28 22
29 110
29 112
29 117
29 120
29 125
30 64
30 77
30 78
30 83
30 84
30 89
30 140
30 147
30 149
32 2
33 2
33 8
33 13
33 23
33 24
33 47
33 48
33 79
33 83
33 88
33 89
33 91
33 93
33 95
33 96
33 97
33 99
33 105
33 114
33 117
33 118
33 119
33 125
33 142
33 149
33 163
33 172
33 190
33 194
33 202
33 206
33 212
34 2
34 3
34 10
34 15
34 19
34 24
34 29
34 31
34 40
34 42
34 53
34 60
34 64
34 65
34 66
34 67
34 76
34 78
34 102
34 103
34 106
34 109
34 113
35 13
35 16
35 20
35 27
35 29
35 30
35 32
35 41
35 42
35 43
35 48
36 11
36 17
36 18
36 19
36 22
36 25
36 35
36 39
36 41
36 44
36 46
36 51
36 52
36 53
36 83
36 102
36 105
36 129
36 131
36 132
36 147
36 148
36 171
36 173
36 175
36 181
36 191
36 195
36 201
36 203
36 207
36 210
36 212
36 215
36 216
36 224
36 226
36 233
36 236
36 241
36 253
36 254
36 259
36 276
36 277
36 361
36 372
36 373
36 375
36 378
36 380
36 388
36 429
36 430
36 441
36 442
36 450
37 59
39 122
39 127
39 130
39 135
39 138
39 139
41 70
41 71
41 79
41 81
41 82
41 87
41 102
41 107
41 115
41 140
41 146
41 147
41 152
41 153
41 156
41 158
41 164
41 177
41 188
41 189
41 190
41 191
41 202
41 203
41 207
41 216
41 219
41 223
41 224
41 227
41 237
41 238
41 244
41 246
41 252
41 266
41 275
41 280
41 285
41 291
41 293
41 295
41 299
41 302
41 303
42 20
42 22
43 7
43 8
43 10
43 11
44 1
45 1
45 3
46 3
46 19
46 24
46 38
46 46
46 49
47 1
48 1
48 4
48 10
48 19
48 21
48 22
48 30
48 58
48 63
48 80
48 81
48 83
48 91
48 97
48 116
48 117
50 42
50 46
50 50
50 67
50 82
50 92
50 96
50 99
50 102
50 110
50 114
50 115
50 122
50 128
50 133
50 138
50 153
50 287
50 289
50 290
50 292
50 295
50 302
50 303
50 309
50 316
50 318
50 320
50 327
50 331
51 1
51 5
51 6
51 10
51 12
51 18
51 20
51 22
51 24
51 27
51 36
51 42
51 49
51 54
51 60
51 66
53 12
53 14
53 23
53 27
53 48
53 57
54 21
54 24
55 115
55 126
55 127
55 133
55 140
55 142
56 7
56 8
56 11
56 17
56 42
56 72
57 2
58 4
58 7
59 2
59 4
59 7
59 10
59 13
59 28
59 29
59 40
59 47
59 48
59 52
60 1
60 2
60 3
60 4
60 8
60 13
60 19
60 24
61 3
61 4
63 3
63 13
64 11
64 12
64 18
64 24
64 35
64 36
64 38
64 40
65 3
65 11
65 12
65 17
65 20
65 23
67 42
67 55
67 59
67 65
67 67
67 83
67 84
67 90
67 91
67 179
67 190
67 209
68 4
68 8
68 15
68 16
68 27
68 42
68 50
68 59
68 60
68 63
68 65
69 7
69 9
70 99
70 111
70 113
73 110
73 112
74 17
74 21
74 40
74 44
74 63
74 67
74 71
74 77
74 78
74 79
75 27
75 28
75 31
75 41
75 42
75 45
76 6
76 17
76 21
76 28
76 32
76 36
76 53
76 59
76 62
76 63
76 68
76 75
76 78
76 81
76 87
76 95
76 98
76 101
76 109
76 123
76 127
76 132
76 138
76 143
76 147
76 158
76 160
76 162
76 164
76 169
76 175
76 176
76 182
76 209
76 247
76 251
76 252
76 263
76 266
76 279
76 280
76 299
76 306
76 310
76 314
77 45
77 60
77 202
77 204
77 206
77 210
80 57
80 58
80 62
80 64
80 65
80 70
80 74
80 75
80 79
80 83
80 87
80 94
80 97
80 101
80 102
80 109
80 123
80 125
80 139
80 141
80 148
80 157
81 12
81 15
81 17
81 22
81 30
81 31
81 35
81 165
81 171
81 174
81 176
81 179
81 186
81 191
81 198
81 205
81 212
81 213
81 218
81 220
81 356
81 360
81 362
81 375
82 2
82 8
82 13
82 15
82 28
82 31
82 33
82 36
82 37
82 49
83 4
83 13
83 21
83 29
83 36
83 37
83 42
83 60
83 75
83 76
83 81
83 90
83 105
83 107
83 108
83 111
83 112
83 114
83 125
83 126
83 130
83 131
84 74
84 84
84 86
84 120
84 123
84 127
84 129
84 132
84 138
85 5
85 8
85 12
85 23
85 31
85 32
85 39
85 42
85 46
85 48
85 49
85 51
85 60
85 61
85 65
85 66
85 83
85 84
86 3
86 17
86 25
86 31
86 33
86 36
86 39
86 46
87 5
87 7
87 14
87 22
87 25
87 28
87 35
87 53
87 56
87 65
87 66
87 76
87 79
87 80
87 83
87 102
87 104
87 110
90 28
91 5
91 13
91 15
91 19
91 27
91 33
91 34
91 38
91 74
91 78
91 80
92 2
92 9
92 11
92 13
92 20
92 22
92 25
92 30
92 33
92 41
92 43
92 45
92 75
92 89
92 90
92 174
92 185
92 190
92 191
92 198
92 199
92 201
92 203
92 207
92 214
92 228
92 238
92 242
92 255
92 258
92 261
92 279
92 281
92 282
92 293
92 306
92 312
92 314
92 316
92 318
92 322
92 323
92 324
92 329
92 330
93 9
93 12
93 21
93 28
96 19
96 20
96 50
96 51
96 52
96 66
98 23
98 33
98 36
98 38
98 39
98 45
98 47
98 67
98 71
98 75
98 77
98 84
98 85
98 87
98 89
98 93
98 96
98 99
98 106
98 110
98 113
98 117
98 118
98 124
98 131
98 132
98 142
98 149
98 151
98 152
98 170
98 172
98 173
98 176
98 179
98 180
98 189
98 191
98 192
98 201
98 207
98 210
98 216
98 226
98 233
98 234
98 248
99 7
99 8
99 9
99 16
99 18
99 19
99 30
99 31
99 33
99 37
99 44
99 48
99 50
99 52
99 54
99 58
99 60
99 68
99 72
99 121
