1 9
1 11
1 17
1 27
1 35
1 38
1 45
1 51
1 56
1 57
1 58
1 66
2 19
2 25
2 41
2 62
4 19
4 22
4 28
4 30
5 17
5 27
5 35
5 41
5 43
5 44
5 53
5 55
5 56
5 62
5 63
5 67
5 68
5 69
5 72
5 78
5 80
5 82
5 139
6 8
7 7
7 12
7 18
7 19
7 23
7 24
7 27
7 33
7 37
7 38
7 51
7 56
9 84
9 94
9 101
9 103
9 107
9 139
9 142
9 144
9 146
9 179
9 185
9 191
9 192
9 198
9 203
9 210
9 218
9 243
9 246
9 248
9 260
9 268
9 312
9 316
9 325
9 326
9 328
9 336
9 339
9 340
9 342
9 348
9 359
9 362
9 367
9 370
9 374
9 375
9 390
9 391
9 402
9 407
9 419
9 423
9 424
9 428
9 429
9 430
9 436
9 450
9 472
9 474
9 487
9 491
9 493
9 495
10 15
11 9
12 8
12 11
12 13
12 17
12 19
12 21
12 23
12 33
12 52
12 57
12 59
12 60
12 63
12 67
12 70
12 82
12 83
12 87
12 106
12 117
12 118
12 128
12 130
12 131
12 133
12 135
12 141
12 143
12 144
12 146
12 150
12 154
15 4
15 18
15 19
15 21
15 23
15 27
15 32
15 39
16 7
16 10
16 12
16 95
16 100
16 110
16 112
16 113
16 116
16 117
16 135
16 139
16 143
16 241
16 245
16 247
17 2
18 2
18 7
18 13
18 15
19 20
19 28
19 36
19 38
19 50
19 52
19 57
19 58
19 59
19 65
19 71
19 82
19 83
19 87
19 88
20 1
20 11
20 15
20 27
20 33
20 43
20 45
20 51
20 84
20 88
20 89
20 95
20 97
20 99
20 107
20 113
20 135
20 140
20 145
20 146
20 150
20 151
20 154
20 156
20 163
20 179
20 186
20 190
20 192
20 197
20 198
20 207
20 213
20 214
21 6
21 9
21 12
21 16
21 30
21 32
21 35
21 38
21 40
21 51
21 75
21 77
21 80
21 81
21 94
21 105
21 107
21 114
21 121
21 126
21 128
21 137
21 151
21 159
21 184
22 1
23 3
23 10
23 17
23 19
23 23
23 25
23 38
24 2
24 5
24 15
27 6
27 16
27 21
27 25
27 26
27 35
27 40
27 41
27 45
27 55
27 57
27 60
27 72
27 75
27 85
27 87
27 90
27 91
28 6
29 1
29 2
29 17
29 30
29 48
29 50
29 56
29 57
29 64
29 73
29 75
29 80
29 87
29 106
29 110
29 111
29 130
29 131
29 135
29 140
29 143
29 222
29 227
29 232
29 247
29 248
29 252
29 257
29 259
29 260
29 261
29 275
29 284
29 292
29 294
29 308
29 309
29 313
29 314
29 321
29 323
29 325
29 329
29 332
29 333
29 339
29 341
29 350
29 353
29 354
29 357
29 358
29 361
30 23
30 27
30 30
30 37
30 42
30 45
30 48
30 55
30 56
30 59
30 61
31 7
31 10
31 52
31 56
31 65
31 69
31 71
31 83
32 55
32 63
32 64
32 74
32 77
32 79
32 81
32 86
32 92
32 94
32 95
35 8
35 11
35 21
36 11
37 8
37 15
37 22
40 28
40 29
40 30
40 32
40 40
40 42
40 46
40 50
40 61
40 79
40 148
40 149
40 150
40 153
40 158
41 4
41 135
41 139
41 142
41 143
41 145
41 147
41 153
41 161
41 163
41 167
41 173
41 175
41 312
41 316
41 320
41 334
41 344
41 351
41 363
41 371
41 377
41 378
41 385
41 388
42 7
43 33
45 1
45 3
45 4
45 22
45 23
45 28
45 29
45 40
45 48
45 60
45 65
45 68
47 120
47 123
47 132
47 142
47 145
47 148
47 151
47 152
47 154
47 166
47 167
47 173
47 174
47 175
47 176
47 180
47 191
47 200
47 223
47 229
47 231
47 233
47 234
47 241
47 242
47 247
47 248
47 251
47 258
47 260
47 263
47 276
47 283
48 1
48 2
48 4
48 7
48 10
48 18
48 39
48 46
48 49
48 51
48 54
48 56
48 57
48 59
50 56
50 59
50 60
50 62
50 67
50 77
50 79
50 90
50 97
50 111
50 115
50 117
50 122
50 125
50 135
50 136
50 140
50 144
50 153
50 175
51 32
51 45
51 48
51 51
51 58
51 80
51 84
51 86
53 46
53 47
53 54
53 59
53 84
53 90
53 92
53 98
53 99
53 100
54 3
54 7
54 17
54 18
54 26
54 105
54 106
54 114
54 117
54 131
54 140
54 141
54 142
54 150
54 159
54 164
54 170
54 171
55 4
55 6
55 11
56 3
56 6
56 11
56 13
57 8
57 71
57 77
57 83
57 88
57 93
57 94
57 154
57 159
57 160
58 58
58 66
59 92
59 93
59 100
59 118
59 119
59 125
60 14
60 15
60 19
60 22
60 27
60 28
60 33
60 37
60 41
61 54
61 59
61 63
61 67
61 70
61 79
61 83
61 88
61 108
61 111
61 120
61 124
61 127
61 130
61 146
62 6
63 8
64 107
64 132
64 142
64 144
65 29
65 32
65 43
65 76
65 84
65 97
65 103
65 112
65 113
65 121
65 125
65 132
66 11
66 20
66 24
66 32
67 2
67 9
67 12
67 13
67 24
67 30
67 33
67 36
67 38
67 49
67 55
67 59
67 65
67 71
67 77
67 80
67 86
67 88
70 65
70 71
70 72
70 73
73 16
73 40
73 44
73 188
73 193
73 200
73 202
73 206
73 209
73 215
73 222
73 227
73 228
73 230
75 41
75 42
75 53
75 55
76 4
76 10
76 15
76 38
76 39
76 41
76 42
76 46
77 4
78 7
78 18
78 25
78 28
78 34
78 36
78 39
78 40
78 41
78 49
78 52
78 60
79 4
79 9
79 141
79 142
79 153
79 161
79 167
79 168
80 17
80 29
80 31
80 138
80 140
80 148
80 155
80 171
80 173
80 179
80 180
80 182
80 183
80 195
80 220
80 223
80 226
80 235
80 249
80 254
80 255
80 257
80 261
80 268
80 271
80 344
80 356
81 5
81 8
81 12
81 22
81 24
81 27
81 30
81 45
81 47
81 52
81 55
81 67
81 71
81 80
81 84
81 85
81 88
81 95
81 96
81 97
81 102
81 104
81 109
81 114
81 121
81 125
81 131
81 134
81 135
81 141
81 148
81 149
81 150
81 166
81 170
81 171
81 177
81 195
81 197
81 211
81 218
81 223
81 274
82 3
82 5
82 21
83 4
83 5
83 8
83 17
83 19
83 35
83 37
83 43
83 47
83 50
83 51
83 53
84 7
84 17
84 22
84 25
84 27
84 28
84 60
84 62
84 65
84 68
84 72
84 74
84 77
84 83
85 1
87 11
87 12
87 15
87 31
87 33
87 40
87 41
88 13
88 21
88 39
88 51
88 55
88 58
88 61
88 71
88 79
89 2
89 3
89 7
89 14
89 23
89 33
89 38
89 43
89 49
89 50
90 13
90 15
90 17
90 21
90 22
90 26
90 29
90 33
90 34
90 36
90 41
90 43
90 47
90 49
91 2
92 4
92 7
92 15
92 18
92 21
93 8
93 12
93 15
94 6
94 11
94 26
94 32
94 43
95 79
95 91
95 94
95 95
97 22
97 31
97 32
97 36
97 40
97 41
97 43
97 45
97 46
97 49
97 51
97 59
97 63
97 65
97 67
97 79
97 83
97 85
98 2
98 3
98 14
98 26
98 27
98 28
98 29
98 31
98 32
98 38
98 42
98 58
98 67
98 68
98 73
98 76
98 79
98 80
98 84
98 88
98 91
98 95
98 96
98 102
98 105
98 106
98 109
98 113
98 119
99 1
99 3
99 21
99 28
99 29
99 33
99 38
99 169
100 19
100 20
100 21
100 23
100 26
100 27
100 31
101 4
101 15
101 23
101 33
101 35
101 36
101 38
101 56
101 69
101 93
101 96
101 99
101 103
101 124
101 129
101 130
101 133
102 1
102 7
103 2
103 7
103 16
103 18
103 21
103 22
103 24
103 26
103 35
103 36
103 41
103 46
103 57
103 73
103 78
103 79
103 81
103 82
104 1
104 6
104 11
104 12
105 67
105 72
105 84
105 88
105 93
105 94
105 99
105 102
105 104
105 116
105 128
105 140
105 160
105 163
105 170
105 173
105 175
105 178
106 19
106 26
106 32
106 34
106 37
106 41
106 45
106 48
107 107
107 114
107 118
107 119
107 123
107 128
107 132
107 137
107 153
107 159
107 160
107 164
107 202
107 204
107 205
107 209
107 210
107 220
107 227
107 236
107 241
110 21
110 23
110 27
110 29
110 33
110 41
110 43
