1 4
1 9
2 2
2 4
2 6
2 9
2 11
2 16
2 26
2 30
2 43
2 46
2 64
2 66
2 70
2 72
2 74
2 76
2 93
2 102
2 103
2 106
2 107
2 108
2 112
2 113
2 119
2 123
2 126
2 138
2 139
2 141
2 143
5 29
5 32
5 33
5 42
5 43
5 48
5 50
5 51
6 9
6 13
6 17
6 20
6 28
6 38
6 39
6 46
6 53
6 74
6 79
6 84
6 85
6 99
6 103
7 3
7 4
7 21
7 29
7 30
7 37
7 44
7 49
7 62
7 66
7 68
8 2
8 9
8 18
8 20
8 27
8 31
8 33
8 37
8 45
8 47
8 52
8 61
9 6
9 10
9 16
9 25
9 31
9 34
9 36
9 143
9 156
9 161
9 166
9 170
9 172
9 174
10 1
10 16
11 1
11 3
11 6
11 8
11 14
11 30
11 42
11 44
11 47
11 48
11 59
11 60
12 31
13 40
13 41
13 43
13 50
13 51
13 61
13 62
13 81
13 86
13 87
13 93
14 3
16 6
16 13
17 21
17 29
17 49
17 56
19 5
19 7
20 8
20 18
20 20
20 23
20 24
20 25
21 5
21 18
21 19
21 24
21 31
21 39
21 40
21 52
22 74
22 78
22 97
22 101
22 103
22 108
22 109
22 120
22 137
22 138
22 139
22 141
22 148
22 218
22 221
22 223
22 265
22 267
22 269
22 271
22 272
22 276
22 281
22 288
22 299
23 1
24 6
25 3
25 4
25 10
25 16
25 19
25 20
25 43
25 49
26 3
26 123
26 130
26 149
26 151
26 155
26 178
26 180
26 187
26 193
26 202
26 211
26 218
26 235
27 73
28 3
28 5
28 16
28 22
28 23
28 26
28 32
28 35
28 36
28 37
28 41
28 44
28 53
28 56
28 58
28 68
28 75
28 77
28 79
28 81
29 14
29 15
29 18
29 22
30 4
30 5
30 8
30 20
30 21
30 22
30 23
30 33
30 37
30 40
30 44
30 46
30 51
30 55
30 57
30 66
30 68
30 73
31 8
31 13
31 21
31 24
31 31
31 36
31 39
32 6
33 12
33 25
33 36
33 37
33 40
33 41
33 47
34 1
34 8
34 12
34 18
34 23
34 33
35 80
35 86
35 87
35 92
35 154
35 157
35 158
36 3
36 4
36 6
36 10
36 22
36 35
36 39
36 46
36 49
36 57
36 70
36 74
36 83
36 96
37 3
37 6
37 11
37 14
37 17
37 21
37 22
37 28
37 33
37 37
37 38
38 30
38 31
38 34
38 38
39 1
39 3
39 4
39 26
39 28
39 34
41 79
41 90
41 93
41 100
41 124
41 128
41 138
41 139
41 149
41 150
41 151
41 159
41 161
41 163
41 169
41 170
41 178
41 179
41 181
41 182
41 191
41 193
41 197
41 200
41 201
41 203
41 211
41 213
41 215
41 240
41 252
41 268
41 288
41 296
41 324
41 329
41 336
43 89
43 93
43 100
43 105
44 8
44 19
45 6
45 8
45 18
45 25
45 30
45 32
45 35
45 37
45 45
45 60
45 67
45 110
45 111
45 120
45 126
45 128
45 140
45 165
45 173
45 176
46 1
47 3
47 5
47 8
47 15
47 25
47 34
47 37
47 38
47 40
47 43
48 24
52 6
53 3
53 4
54 3
56 3
56 5
56 6
56 11
56 12
57 7
57 9
58 1
58 13
58 14
58 19
58 21
58 31
58 34
59 1
59 2
59 13
59 20
59 26
63 30
63 35
63 45
64 1
64 7
64 14
66 59
66 72
66 80
66 81
67 1
67 11
67 13
67 29
68 4
68 7
68 9
68 11
68 12
68 13
68 14
68 20
68 27
68 35
68 37
69 16
69 30
69 33
69 35
69 37
70 61
70 72
70 74
70 89
70 92
70 104
70 115
70 120
70 122
73 5
73 6
73 19
73 22
73 30
73 35
73 36
73 45
73 52
73 58
73 61
73 68
73 71
73 73
73 74
73 76
73 87
73 89
73 102
73 134
73 136
73 151
73 152
73 155
73 164
73 166
73 173
73 174
73 176
73 180
73 188
73 201
73 222
73 232
73 249
73 250
73 258
73 260
75 5
75 6
75 8
75 12
75 22
76 63
76 64
76 67
76 70
76 81
76 83
76 88
78 24
78 38
78 39
78 42
78 51
78 64
78 66
78 74
78 78
78 165
78 167
78 169
78 173
78 176
78 177
78 179
79 1
79 3
79 5
79 10
79 11
79 12
79 14
79 17
79 27
79 29
79 32
79 57
79 58
79 63
79 66
79 75
79 82
82 5
82 7
82 8
82 26
82 27
82 30
82 33
82 38
82 43
83 17
83 25
83 30
83 40
83 47
83 48
83 59
83 70
83 78
83 82
83 91
83 97
84 6
84 11
84 21
84 24
84 26
84 28
84 32
84 38
84 40
84 41
84 45
84 46
84 53
84 54
84 57
84 60
84 64
84 70
85 47
85 48
85 51
85 53
85 54
85 55
85 58
86 2
86 8
86 9
86 23
86 25
86 26
86 47
86 52
86 54
86 58
86 60
86 69
86 80
86 88
86 93
86 100
86 105
86 113
86 115
86 120
86 122
86 128
86 132
87 5
87 19
87 20
87 26
87 50
87 57
87 59
87 65
87 68
87 71
87 74
87 75
87 78
87 80
87 83
87 88
87 89
87 92
87 96
87 99
87 105
87 110
87 116
87 191
87 192
87 194
87 209
88 28
88 31
88 35
88 37
88 40
88 43
88 46
88 47
89 1
89 5
89 15
89 16
89 22
89 25
89 27
89 29
90 121
90 127
90 129
90 131
90 143
90 150
92 95
92 96
92 109
92 118
92 122
92 123
92 128
92 143
92 193
92 194
92 207
92 216
92 218
92 220
92 221
92 222
92 223
92 228
92 238
92 247
92 253
92 258
92 260
92 262
92 266
92 279
93 8
93 11
93 16
93 39
93 44
93 59
93 69
93 70
93 74
93 79
93 86
93 90
93 107
93 112
93 123
93 131
93 132
93 134
93 155
93 159
93 180
93 183
93 189
93 195
93 196
93 198
93 215
93 226
93 228
93 234
93 244
93 249
93 251
93 252
93 254
93 263
93 265
93 276
93 278
93 283
93 284
93 292
93 293
93 299
93 308
93 310
93 320
93 327
93 330
93 331
93 449
93 453
93 455
93 458
93 460
93 473
93 476
93 483
93 486
93 488
93 499
93 501
93 514
93 516
93 530
93 532
93 533
93 535
93 542
93 551
93 553
93 554
93 558
93 564
93 569
93 577
94 5
94 18
94 22
94 29
94 41
94 45
94 49
95 3
95 6
95 16
95 26
96 6
96 11
96 18
96 19
96 25
96 42
96 56
96 57
96 79
96 114
96 136
96 141
96 144
97 3
97 8
97 9
97 24
97 25
97 38
97 39
97 60
97 73
97 74
97 88
97 89
97 97
97 99
97 105
97 108
97 111
98 1
98 6
98 9
98 12
100 2
100 10
100 17
100 22
100 26
100 28
100 30
100 31
100 39
100 49
100 58
100 63
100 66
100 68
100 76
100 77
100 83
100 88
100 103
101 9
101 16
101 28
101 31
103 54
104 11
104 23
104 28
107 14
107 18
107 20
107 22
107 34
107 38
107 60
107 61
107 63
107 72
107 74
107 80
107 96
107 98
107 117
107 128
107 129
107 134
107 138
107 139
107 143
107 146
107 147
107 163
107 164
109 48
109 52
109 59
109 61
109 79
109 85
109 87
109 182
109 196
109 202
109 215
109 220
110 11
110 17
110 39
111 1
111 2
111 10
111 19
111 27
111 31
111 33
111 35
111 43
111 44
111 92
111 98
112 1
112 8
112 11
112 14
112 15
112 23
112 30
112 36
112 48
112 106
112 108
112 116
112 120
112 126
112 134
112 136
112 139
112 143
112 148
112 158
112 159
112 165
112 172
112 179
112 181
112 188
112 197
112 198
112 199
112 208
112 213
112 217
112 219
112 221
112 227
113 116
113 117
113 125
113 173
113 184
113 185
113 194
113 196
113 198
113 202
114 2
114 4
114 17
114 22
114 29
114 30
114 31
114 48
114 50
114 60
118 9
118 15
119 2
119 4
119 6
119 9
120 1
120 11
120 15
121 24
121 28
121 29
122 2
122 4
122 16
122 28
122 30
122 36
122 57
122 58
122 59
122 63
122 64
122 65
122 69
122 73
123 4
123 7
123 8
124 2
124 4
124 6
124 7
124 8
124 30
124 31
124 35
124 55
124 59
124 73
124 76
127 44
127 46
127 51
127 61
127 63
127 64
127 65
127 67
127 70
127 78
127 90
127 91
127 106
127 115
127 119
127 160
