1 72
1 79
1 81
2 9
2 12
2 13
2 22
2 24
2 41
2 42
2 56
2 58
2 60
3 4
3 7
3 8
3 13
3 17
3 30
3 35
3 39
4 11
5 30
5 32
5 37
5 50
5 55
5 59
6 2
6 5
7 106
7 111
7 120
7 123
7 124
7 142
7 143
7 148
8 41
8 44
8 50
8 51
8 54
8 55
8 58
9 6
9 8
9 12
9 15
9 16
9 21
9 24
9 33
9 45
9 48
9 122
9 149
9 157
10 11
10 14
10 39
10 87
10 92
10 102
10 112
10 116
10 132
10 144
10 146
10 148
10 152
10 155
10 160
10 163
10 165
11 15
11 16
11 26
11 36
11 42
11 49
11 57
11 58
13 20
13 33
13 37
13 39
13 48
13 54
14 2
14 3
14 9
16 16
16 17
16 23
16 26
16 29
16 31
16 32
16 40
16 43
16 51
16 57
16 58
16 66
16 67
16 70
16 76
16 86
16 92
16 97
16 98
16 100
16 106
16 110
16 113
16 115
16 134
16 146
17 6
17 19
17 27
17 30
17 38
17 43
17 44
17 53
17 104
17 115
17 124
18 121
19 49
19 51
19 54
19 55
20 1
20 4
20 14
20 16
21 5
21 9
21 18
21 19
21 23
21 24
21 30
21 31
22 5
22 6
22 10
22 17
22 18
24 30
24 33
24 36
24 40
24 48
24 49
24 58
24 59
24 65
24 79
24 83
24 88
24 91
24 97
24 104
26 80
27 36
27 46
27 50
27 55
27 60
27 79
27 82
27 88
27 99
27 105
27 107
27 108
28 3
28 16
28 19
28 29
28 32
28 49
28 51
28 53
28 54
28 57
28 68
28 69
28 77
28 83
28 84
28 94
28 114
28 115
31 21
31 25
32 1
32 5
34 46
34 53
34 54
34 67
34 68
35 11
35 13
35 20
35 21
35 22
35 24
35 25
35 27
35 28
35 29
35 30
35 37
35 40
35 44
35 45
35 46
36 1
36 3
36 5
36 11
36 16
36 17
39 2
39 3
39 15
39 21
39 22
40 41
40 43
40 44
40 47
40 54
41 3
41 23
41 31
41 43
41 48
41 55
41 59
41 60
41 65
41 73
41 78
41 79
41 85
41 97
41 112
41 116
41 129
41 138
41 149
41 150
41 154
41 160
41 175
41 180
41 181
41 186
41 187
41 198
41 202
41 209
41 212
41 213
41 218
41 221
41 224
41 225
41 226
41 237
41 238
41 240
41 246
41 248
41 250
41 251
41 341
41 344
41 348
41 349
41 365
41 397
41 402
41 409
41 425
41 435
43 14
43 17
43 27
43 30
43 43
43 45
43 67
43 70
43 81
43 82
43 84
44 2
44 8
44 12
44 13
44 21
44 37
44 42
44 43
44 47
44 62
44 75
44 84
44 85
46 63
47 10
47 11
47 18
47 20
47 23
47 29
47 45
47 46
47 52
47 54
47 65
47 68
47 69
47 70
47 73
47 78
47 102
47 106
47 107
50 10
50 14
50 21
50 41
50 46
50 50
50 51
50 55
50 62
51 10
51 11
51 18
51 24
51 27
51 34
51 35
51 40
51 52
51 61
51 62
51 65
51 66
51 72
51 93
51 94
51 95
51 98
51 113
51 135
51 136
51 143
51 147
51 278
51 279
51 283
51 292
51 294
51 302
51 316
51 323
51 325
51 326
51 327
51 331
51 352
51 354
51 357
51 365
51 368
51 372
51 377
51 381
51 391
51 396
51 399
51 402
52 94
52 104
52 110
54 12
54 16
54 30
54 37
54 40
54 41
54 43
54 44
54 47
54 59
54 60
54 62
54 67
54 78
55 30
55 37
55 46
55 49
55 50
55 52
55 53
55 54
55 59
56 2
56 8
56 9
58 33
58 40
58 48
58 49
58 62
58 71
58 80
58 83
58 84
58 85
58 94
58 95
59 1
59 13
59 18
59 21
59 27
59 35
59 40
59 42
59 44
59 46
59 52
59 53
61 16
61 17
61 22
61 29
61 57
61 65
61 67
61 68
61 73
61 74
61 82
61 85
61 99
61 100
61 106
62 2
62 13
62 15
63 3
63 9
63 15
63 31
63 34
63 37
63 38
63 62
63 65
63 66
63 73
63 79
63 84
63 89
63 106
63 116
63 128
63 137
64 11
64 20
65 5
66 9
66 22
66 23
66 28
66 31
67 6
67 10
67 13
67 14
67 23
71 25
71 172
71 192
71 211
71 212
71 215
71 216
71 220
71 226
71 238
71 239
71 241
71 246
71 250
71 260
71 262
71 265
71 270
71 273
71 284
71 300
71 304
71 306
72 2
72 3
72 16
72 22
72 25
72 28
73 8
73 9
73 18
73 19
73 21
73 27
73 43
73 49
73 52
73 57
73 59
73 62
74 4
74 6
74 10
74 11
74 22
74 23
74 30
74 36
74 41
74 43
74 59
75 4
75 15
75 17
75 20
76 32
76 35
76 37
76 44
76 54
76 58
76 75
76 91
76 95
76 100
76 103
76 117
76 122
76 129
76 158
76 159
76 164
76 178
76 185
76 196
76 197
76 202
76 207
76 211
76 223
76 226
76 232
76 238
77 3
77 4
77 5
77 7
77 8
77 17
77 32
77 36
79 45
80 1
81 2
81 12
81 14
81 28
81 29
82 8
82 10
82 15
82 17
82 22
82 24
82 25
82 26
82 28
82 30
82 34
82 35
83 17
84 119
84 120
84 123
84 129
84 130
84 137
84 144
84 147
84 160
84 170
84 173
84 179
84 196
84 208
84 210
84 233
84 242
84 249
84 250
84 270
84 275
84 276
84 282
84 288
84 292
84 312
84 314
85 3
85 15
86 2
86 8
86 16
86 17
86 20
86 35
87 7
87 8
87 12
87 29
88 3
88 8
88 16
89 1
89 7
90 6
90 23
90 25
90 27
90 41
90 57
90 61
90 62
90 75
90 76
90 77
90 83
90 93
90 99
90 103
90 109
90 246
90 251
90 262
90 267
91 11
91 15
91 27
91 30
91 32
91 39
91 44
91 58
91 59
91 63
91 65
91 105
91 119
91 121
93 34
94 5
94 12
94 20
94 30
94 31
94 40
94 53
94 54
94 56
94 58
94 61
94 65
94 71
94 74
94 76
94 82
94 93
95 1
95 4
95 22
95 27
95 28
95 29
96 5
96 8
96 11
96 12
96 15
96 17
96 19
96 27
96 28
96 32
96 38
96 47
96 48
96 49
96 51
96 59
96 66
96 92
96 97
96 98
96 106
96 109
97 5
97 6
97 16
97 27
97 28
97 30
97 33
97 40
97 43
97 53
97 54
97 55
97 57
97 59
97 61
98 65
98 67
98 71
98 90
98 104
98 106
98 107
98 108
98 109
98 112
98 113
98 126
98 143
98 146
98 147
98 149
98 164
98 166
98 173
98 175
98 178
99 90
99 94
99 114
99 118
100 1
100 6
100 8
101 9
101 10
101 22
101 26
101 30
101 53
101 59
101 63
101 72
101 74
101 87
101 90
101 93
101 107
101 109
101 111
101 122
101 136
101 139
101 142
101 143
101 149
101 164
101 175
101 180
102 18
103 1
104 3
104 22
104 30
104 46
104 48
104 49
104 52
104 55
104 59
104 65
104 76
104 80
104 95
104 122
104 123
104 125
104 142
104 150
104 162
104 163
106 11
106 14
106 19
106 30
106 31
106 32
106 54
106 56
106 57
106 68
106 70
106 95
106 99
106 100
106 105
107 3
107 7
107 8
107 10
107 12
108 6
108 7
108 12
108 23
108 48
108 49
108 58
108 61
108 68
108 69
108 74
108 75
108 87
108 88
108 90
108 121
108 123
109 1
109 2
109 5
109 7
109 14
109 17
109 19
109 29
109 34
109 48
109 55
109 62
109 63
109 68
109 85
110 3
110 23
110 165
110 169
110 170
110 189
110 197
110 203
110 205
110 215
110 219
110 224
110 226
111 43
111 53
111 54
111 62
111 65
111 93
111 106
112 12
112 17
112 24
112 27
112 31
112 36
112 54
112 57
112 71
112 74
112 75
112 78
112 85
112 90
112 91
112 93
112 95
112 99
112 108
112 112
112 121
112 125
112 164
113 1
113 7
113 9
113 18
113 20
113 30
113 38
113 50
113 51
113 53
114 5
114 7
114 10
114 16
114 17
114 22
114 24
114 29
114 30
118 7
118 21
118 22
118 24
118 28
118 39
118 44
118 46
118 47
119 11
119 17
119 21
119 34
119 36
121 2
121 14
121 20
121 22
122 4
122 8
122 28
123 85
