1 9
1 10
1 15
1 16
1 23
1 24
1 27
1 30
1 41
1 66
1 69
1 71
1 75
1 76
1 79
1 81
1 92
1 161
1 168
1 172
1 179
1 180
1 190
1 191
1 195
1 197
1 198
1 209
1 214
2 4
2 6
2 10
2 13
2 26
2 27
2 29
2 34
2 44
3 5
3 32
3 35
3 46
4 2
4 5
4 10
4 17
4 36
4 39
4 43
4 44
4 47
4 56
4 58
4 67
4 73
4 76
4 77
4 81
4 92
5 1
5 5
5 13
5 19
5 25
5 30
5 37
5 43
5 52
5 54
5 81
5 88
5 101
5 103
5 106
5 108
5 110
5 135
5 137
5 138
5 148
5 150
5 155
6 5
6 6
6 7
6 20
6 27
6 32
6 33
6 38
7 1
7 4
9 1
9 7
9 10
9 16
9 24
9 26
9 31
9 32
9 41
9 44
9 45
9 46
9 53
9 58
9 60
9 67
9 75
9 78
9 79
9 83
9 95
10 1
11 4
11 5
11 13
11 14
11 16
11 23
11 26
11 35
11 48
11 62
11 64
11 65
11 84
11 108
12 8
12 15
12 23
12 26
12 27
12 32
12 38
12 43
12 59
12 69
12 70
12 76
12 78
12 79
12 84
12 91
12 99
12 102
12 107
12 112
12 116
12 124
12 128
13 1
13 2
13 6
13 9
13 17
13 30
13 31
14 15
14 25
14 32
14 41
14 42
14 48
14 54
14 62
14 64
14 70
14 71
14 83
14 86
14 92
14 93
14 105
14 117
15 2
15 9
15 12
15 20
15 23
16 58
16 63
16 64
16 69
16 75
16 79
16 80
16 93
16 99
16 100
16 102
16 104
16 119
16 127
16 142
16 149
16 151
16 152
16 156
16 158
16 163
16 167
18 21
18 25
18 32
18 35
18 37
18 38
18 47
18 49
18 53
18 68
18 80
18 81
18 84
18 99
18 104
18 108
18 111
18 119
19 1
19 4
19 12
19 13
19 16
19 22
19 26
19 27
19 34
19 41
19 47
19 55
19 58
20 4
20 6
21 1
21 16
21 19
21 25
21 31
21 33
21 38
21 45
22 40
22 45
22 46
22 54
22 59
22 62
22 68
22 73
22 76
22 77
22 86
22 89
22 90
22 104
22 112
22 118
22 120
22 128
22 129
22 131
22 146
22 162
22 164
22 166
22 179
22 197
22 200
22 201
22 203
22 208
22 216
22 222
22 230
22 241
22 263
22 266
22 269
23 7
23 13
23 14
23 16
23 17
23 22
23 23
23 28
25 1
26 2
26 10
26 16
26 18
26 20
26 21
26 26
28 14
28 23
28 25
29 3
29 9
29 10
29 11
29 12
29 14
29 17
29 21
29 25
31 42
31 47
31 51
31 57
33 1
33 2
33 133
33 153
33 158
33 163
33 166
33 170
33 171
33 173
33 174
33 181
33 188
33 190
33 214
33 217
33 228
33 231
33 235
33 237
34 7
34 21
34 25
34 130
34 132
35 1
35 12
35 16
35 17
35 26
35 29
35 36
35 42
35 49
35 59
35 68
35 74
35 79
35 83
35 84
35 85
35 87
35 93
35 94
35 109
35 152
35 156
35 159
35 160
35 164
35 178
35 179
35 186
35 189
35 192
36 35
37 1
37 2
38 14
38 18
38 33
38 119
38 120
38 121
38 137
38 139
38 146
38 150
38 155
38 156
38 168
38 197
38 204
38 213
38 233
39 1
39 2
39 10
39 11
40 9
40 11
40 12
40 18
40 34
40 44
40 52
40 59
40 65
40 66
40 76
40 77
40 79
40 84
40 88
40 93
40 103
40 104
40 116
41 1
41 2
41 4
42 5
42 7
42 12
42 141
42 144
43 1
43 6
43 7
43 15
43 19
43 27
43 29
43 36
43 39
43 47
43 68
43 71
43 99
43 102
43 106
43 110
43 115
43 117
43 122
43 146
43 160
44 24
44 34
44 44
44 45
44 77
44 80
45 5
45 7
45 9
45 12
46 2
46 4
46 8
46 9
46 18
46 24
46 48
46 51
46 52
46 56
46 57
46 67
47 71
47 73
47 76
47 79
47 81
47 85
47 127
47 131
47 136
47 141
47 143
47 158
47 161
47 165
47 175
47 182
47 188
47 199
47 209
47 214
47 219
48 4
50 59
50 60
50 78
50 79
50 80
50 89
50 90
50 93
50 106
50 109
50 131
50 135
50 142
50 143
50 156
50 164
50 166
50 188
50 196
50 197
51 6
51 16
51 26
51 28
51 40
51 49
51 50
51 61
51 78
52 1
52 10
52 27
52 40
52 44
52 50
52 61
53 9
53 11
53 18
53 19
53 25
53 31
53 45
53 48
53 49
53 59
53 67
54 55
54 56
54 58
54 59
54 63
54 68
54 71
54 102
54 110
54 130
54 131
54 136
54 150
54 152
54 158
54 160
54 165
54 177
54 180
54 183
54 187
54 192
54 196
54 199
54 200
54 204
54 213
54 343
54 357
54 359
54 360
54 364
54 365
54 377
54 381
54 382
54 391
54 392
54 393
54 396
54 401
54 409
54 411
54 549
54 553
54 559
55 32
55 34
55 36
56 15
56 16
56 18
56 21
57 1
57 7
57 8
57 11
57 16
57 20
57 29
58 8
58 19
58 21
58 22
58 25
58 31
58 41
58 45
58 52
58 71
58 75
59 1
59 2
59 5
59 19
59 21
60 2
60 3
60 9
60 10
60 11
60 18
60 25
60 31
60 38
60 50
60 60
61 3
61 18
61 29
61 30
61 33
61 35
61 36
61 39
61 48
61 51
61 60
61 61
61 70
61 74
61 80
61 89
61 102
61 109
61 123
61 132
61 140
61 141
61 147
61 156
61 167
61 173
61 179
61 197
61 198
61 203
61 204
61 217
61 219
61 224
61 227
62 98
62 115
62 119
62 133
62 141
63 8
64 7
64 25
64 29
64 30
64 32
64 37
64 44
65 89
65 90
65 102
66 63
66 67
66 206
67 51
67 56
67 59
67 61
67 62
67 69
67 70
68 4
68 6
69 129
69 132
69 136
69 143
69 147
69 150
69 152
69 155
69 162
69 164
69 167
69 177
69 183
69 201
69 203
69 207
69 215
69 216
69 221
69 225
69 227
70 2
70 9
70 11
71 2
71 3
71 17
71 19
71 21
71 23
71 25
71 27
71 42
71 43
71 48
71 54
71 62
71 65
71 69
71 70
73 4
73 11
73 14
73 15
73 25
73 26
73 30
73 35
73 39
73 40
74 26
74 27
74 30
74 31
74 35
74 49
74 51
74 54
74 56
74 61
74 63
74 66
74 67
74 87
74 91
74 92
74 94
74 101
74 103
75 37
75 39
75 50
75 52
75 62
75 63
75 109
76 1
78 25
78 26
79 22
79 43
79 51
79 66
79 68
79 79
79 88
79 96
79 104
80 3
80 5
80 8
80 10
80 12
80 26
80 29
80 32
80 33
80 36
80 37
80 50
80 58
81 72
82 1
82 5
83 5
83 11
83 13
83 16
83 22
83 23
83 24
83 25
83 31
83 43
83 48
83 55
83 69
83 76
83 77
83 81
83 82
83 84
83 85
83 86
83 100
83 105
83 106
83 111
83 127
83 129
83 131
83 132
83 133
83 147
84 97
86 26
86 27
86 33
86 34
86 38
86 53
86 62
86 68
86 70
86 72
86 81
88 30
88 33
88 34
88 36
88 51
88 53
88 59
88 66
88 73
88 74
88 76
88 77
88 81
89 3
89 4
89 15
89 18
89 20
89 21
89 109
89 110
89 118
89 122
89 129
91 7
91 27
91 28
91 29
91 42
91 61
91 63
91 71
91 85
91 93
91 153
91 163
91 165
91 168
91 173
91 177
91 183
91 186
91 191
91 193
91 199
91 201
91 205
91 206
91 208
91 212
91 216
91 219
91 221
91 222
91 224
91 235
91 238
91 241
91 244
91 256
91 257
92 39
92 42
92 43
92 46
92 51
92 66
92 70
92 72
92 81
92 103
92 108
92 126
92 129
92 136
92 139
93 1
93 3
93 4
93 9
93 17
93 23
93 38
93 45
93 64
93 66
93 74
93 78
93 79
93 89
93 91
94 5
94 6
94 9
94 12
94 25
94 29
94 31
94 35
94 43
94 44
94 45
94 47
94 50
94 55
94 61
94 62
94 70
94 71
94 75
94 76
94 89
94 91
94 92
94 94
95 8
95 11
95 18
95 19
95 28
95 30
95 31
95 33
95 35
95 43
95 48
96 25
96 27
96 36
96 54
96 58
96 64
96 65
96 67
96 76
96 77
96 83
96 87
96 90
96 97
96 98
96 101
96 106
96 107
96 123
96 125
96 141
96 142
