1 46
1 58
1 63
1 70
1 79
1 85
1 90
1 92
1 103
1 106
1 108
1 114
1 120
1 126
1 130
1 139
1 156
1 157
1 163
1 169
1 175
1 176
1 183
2 4
2 6
2 19
2 28
2 34
2 36
2 37
2 40
2 43
2 45
3 36
3 37
3 41
3 42
3 48
3 54
3 58
4 94
4 98
4 101
5 71
5 84
5 87
5 91
6 6
6 11
6 13
12 3
12 4
12 5
12 7
12 149
12 164
12 167
12 169
12 173
12 175
12 183
12 188
12 194
12 197
12 221
12 225
12 231
12 240
13 3
15 3
16 2
17 21
17 22
17 26
17 34
17 43
17 59
18 1
18 5
18 17
18 28
18 32
18 106
18 115
18 118
18 120
18 129
18 136
18 139
18 149
18 154
19 7
19 12
19 13
19 29
19 36
19 37
19 39
19 54
19 56
20 1
20 2
20 5
20 6
20 18
20 25
20 26
20 30
20 33
20 38
21 1
21 8
21 9
21 13
21 24
22 47
22 48
22 63
23 13
23 14
23 17
23 22
24 35
24 37
26 2
26 11
26 28
26 30
26 32
26 34
27 12
27 13
27 17
28 140
28 147
28 155
28 176
28 177
29 2
29 5
30 6
30 8
30 10
30 15
30 19
30 21
31 2
32 19
32 20
32 22
32 31
32 32
32 40
32 46
32 50
32 53
32 55
32 56
33 2
33 4
33 27
33 35
33 38
33 43
33 51
33 54
33 55
33 64
33 178
33 181
33 189
33 193
33 200
33 206
33 212
33 213
33 216
33 219
33 223
33 231
33 236
33 248
33 254
33 259
33 280
33 287
33 335
33 341
33 349
33 373
33 374
33 380
33 389
33 398
34 10
34 18
34 37
34 39
34 48
34 53
34 57
35 27
35 31
35 37
35 39
35 40
35 50
35 52
35 60
35 68
35 71
35 87
35 89
35 94
35 99
35 128
35 131
35 132
35 140
35 141
35 147
35 149
35 153
35 154
35 156
35 167
35 169
35 171
35 174
35 178
35 182
35 189
35 190
35 197
35 200
35 202
35 284
35 292
35 293
35 300
35 311
35 317
35 322
35 329
36 3
36 7
36 11
36 12
36 15
36 16
37 14
37 22
37 24
37 41
37 45
37 52
37 63
37 68
37 69
37 72
37 74
37 82
37 99
37 106
37 109
37 154
37 155
37 164
37 171
37 173
37 174
37 184
39 12
39 22
39 30
39 37
39 39
39 41
39 54
39 59
39 64
39 65
39 74
39 89
39 106
39 114
39 125
39 128
39 133
39 137
39 141
39 148
39 152
39 154
39 155
39 169
39 177
39 180
39 181
39 186
39 188
39 190
39 191
39 207
39 214
39 227
39 229
39 233
39 242
39 248
39 249
39 259
39 262
39 269
39 270
39 273
39 283
39 285
39 294
39 295
39 297
39 300
39 315
39 317
39 321
39 325
39 329
39 332
39 340
39 342
39 350
39 352
39 357
39 358
39 364
40 3
40 4
40 6
40 22
40 25
40 26
40 31
40 32
40 34
41 6
41 23
41 26
41 27
41 28
41 31
41 32
41 46
41 61
41 63
41 66
41 67
41 73
41 74
41 79
44 19
45 9
45 13
46 2
46 4
46 14
46 22
47 2
47 3
47 7
47 29
48 42
48 115
48 116
48 117
49 1
49 3
49 6
49 11
49 17
50 58
50 59
50 64
50 69
50 76
50 77
50 79
50 84
50 97
50 98
50 102
50 104
50 107
50 108
50 110
50 111
50 132
50 133
50 135
50 214
50 215
50 219
50 220
51 107
51 114
51 116
51 120
51 121
51 124
51 129
51 133
51 134
51 143
51 144
51 149
51 157
51 166
52 4
52 5
52 7
52 9
52 10
52 13
52 14
52 22
52 28
52 37
52 45
52 47
52 51
52 59
52 76
52 78
52 79
52 85
52 88
52 93
52 103
52 111
52 117
52 118
52 121
52 128
53 1
53 10
54 67
54 75
54 77
54 83
54 85
54 88
54 99
54 104
54 173
55 4
55 6
55 17
55 29
55 39
55 43
55 45
55 53
55 55
55 57
55 58
55 59
55 61
55 71
55 73
55 75
55 129
55 130
55 146
55 155
55 159
55 174
55 175
55 180
55 198
55 201
55 205
55 207
55 208
55 213
55 224
55 230
55 233
55 234
55 237
55 241
55 245
55 249
55 250
55 253
55 255
55 265
55 280
55 287
56 11
56 12
56 17
56 19
56 21
56 42
56 49
56 53
57 4
57 14
57 31
57 35
57 47
57 55
57 57
57 63
57 66
57 69
57 74
57 85
57 91
57 95
57 98
57 104
57 105
57 107
57 108
57 110
58 5
58 17
58 18
58 22
58 25
58 37
59 2
59 3
59 4
59 5
59 16
59 17
59 19
59 21
59 28
59 158
59 162
59 177
59 191
59 198
59 199
59 203
59 206
59 211
59 212
59 216
59 217
59 224
59 234
59 235
59 242
59 243
59 255
60 2
60 3
61 7
61 47
61 50
61 63
62 10
62 22
62 24
63 13
63 18
63 23
63 30
63 31
63 42
63 115
63 120
64 3
65 4
65 5
65 16
65 19
65 24
65 36
66 3
67 2
67 4
67 9
67 19
67 31
67 41
68 14
68 17
68 23
68 28
68 30
68 31
69 110
69 112
69 123
69 138
69 140
69 141
69 157
70 8
70 10
70 11
71 1
71 3
71 4
71 10
71 15
71 24
71 30
71 33
71 44
71 51
71 54
71 60
71 63
71 69
71 71
71 72
71 84
71 85
71 88
71 89
72 5
72 8
72 10
72 18
72 22
72 28
72 29
72 30
74 7
74 17
75 6
75 7
75 21
75 25
76 9
76 14
76 19
76 27
76 32
77 2
77 11
77 13
78 76
78 109
78 114
78 117
78 121
78 126
78 130
78 132
78 141
78 142
78 150
78 152
78 154
78 170
78 175
78 181
78 183
79 66
79 80
79 88
79 92
79 95
79 96
80 5
80 7
80 20
80 24
80 28
80 37
80 43
80 45
80 48
80 69
80 70
80 76
80 81
80 83
80 89
80 91
80 96
80 99
80 104
80 113
80 116
80 119
80 124
80 127
80 128
80 136
80 143
80 145
80 153
80 159
80 165
80 166
80 167
80 172
80 185
80 188
81 12
81 24
81 25
81 32
81 33
81 43
81 44
81 51
81 54
81 58
81 62
81 72
81 79
81 83
81 87
81 100
81 103
81 105
81 108
81 117
81 123
81 130
81 134
81 136
81 146
81 148
81 155
81 158
81 162
81 170
81 172
81 175
81 180
82 34
82 35
82 36
82 37
82 46
82 50
82 56
82 58
83 7
83 8
83 25
83 30
83 44
83 55
83 63
83 64
83 65
83 66
83 68
83 70
83 84
83 90
83 95
83 106
83 107
83 110
83 113
83 115
83 120
83 121
83 122
83 123
83 126
83 128
83 133
83 143
83 144
83 146
83 154
83 158
83 160
83 166
83 167
83 178
84 1
86 52
88 26
88 28
88 30
88 40
88 45
88 51
88 65
88 67
88 70
88 72
88 76
88 79
88 82
88 86
88 87
88 88
90 23
90 29
90 33
91 6
91 7
94 8
94 10
94 16
94 61
94 74
94 78
94 82
94 84
94 89
94 96
94 105
94 108
94 110
94 113
94 123
95 1
95 3
95 4
95 10
95 23
95 24
95 29
95 30
95 39
95 45
95 50
95 51
95 58
95 67
95 84
95 92
95 102
95 110
95 117
95 127
95 133
95 134
95 143
95 150
95 155
95 163
96 11
96 19
96 20
96 30
96 40
96 43
96 53
96 65
96 70
96 71
96 73
96 76
96 90
96 95
97 8
101 89
101 92
101 94
102 4
102 6
102 7
102 8
103 3
103 87
103 90
104 35
104 36
104 59
104 69
104 70
104 74
104 83
105 1
105 4
105 7
105 21
105 30
105 40
105 43
105 45
105 53
105 61
105 64
105 68
105 78
105 82
105 85
105 91
105 133
105 144
105 149
105 150
105 155
105 156
105 159
105 162
105 175
106 1
106 10
106 11
106 22
106 28
109 70
109 71
109 84
109 85
109 89
109 98
109 168
109 169
109 173
109 190
109 216
109 224
109 261
109 271
109 272
109 279
109 281
109 295
109 304
109 305
109 306
109 307
109 316
109 322
110 1
110 2
110 9
110 13
110 18
110 21
110 24
113 73
113 82
113 83
113 86
114 31
114 40
114 44
114 48
114 51
114 63
114 68
114 75
114 77
114 79
114 99
114 100
114 101
114 103
114 104
114 116
114 126
114 127
114 129
114 133
114 147
114 165
114 167
115 6
115 7
115 10
115 16
115 29
115 37
115 42
115 54
115 57
115 59
