1 4
2 2
4 6
4 9
4 11
4 19
4 27
4 38
4 43
4 44
4 59
4 198
4 228
4 230
4 233
4 247
4 252
4 253
4 266
4 273
4 276
4 279
4 283
4 284
4 305
4 309
7 20
7 22
7 32
7 41
7 45
7 50
7 52
7 56
7 69
7 73
7 77
7 79
7 80
9 10
11 14
12 9
12 11
12 40
12 44
12 49
12 51
12 56
12 59
12 60
13 76
13 78
14 13
14 18
14 27
14 32
14 36
14 38
14 39
14 42
14 45
14 46
14 50
16 9
17 9
17 10
17 12
17 13
17 31
17 32
17 33
17 41
17 48
17 56
17 58
17 60
17 67
17 69
17 70
17 78
18 88
18 89
18 91
18 95
18 96
18 101
18 103
18 108
18 113
18 117
18 125
18 131
18 141
18 145
18 148
18 149
18 153
18 154
18 157
21 13
21 14
21 21
21 34
21 35
21 36
21 38
21 40
21 43
21 45
21 56
21 70
21 72
21 73
21 75
21 77
21 79
21 82
21 93
21 94
21 103
21 129
21 131
21 134
21 137
21 139
21 144
21 145
21 150
21 151
23 29
23 35
23 40
23 42
23 51
23 64
23 70
23 73
23 80
23 81
23 142
25 66
25 71
25 73
25 81
25 83
25 86
25 87
25 91
25 110
25 113
26 5
26 8
26 20
26 32
27 21
27 24
28 114
28 119
30 3
30 4
30 13
30 18
30 20
30 30
30 40
30 42
30 50
30 51
30 69
30 70
30 84
30 86
30 87
30 88
30 89
30 92
30 98
30 99
30 100
30 102
30 111
30 116
30 120
30 121
30 124
30 132
31 8
31 11
32 14
32 23
32 26
32 27
32 32
32 84
32 88
33 1
33 5
33 17
33 77
33 83
33 85
33 87
33 96
33 101
33 109
33 114
33 116
33 120
33 121
33 123
33 125
33 127
33 133
33 139
33 143
33 155
33 166
33 188
33 190
33 196
33 202
33 205
33 207
33 215
33 222
33 227
33 228
33 235
33 240
33 243
33 246
34 3
34 15
35 8
35 28
35 49
35 60
35 64
35 65
35 78
35 82
35 83
36 2
36 9
36 15
36 18
36 24
36 31
36 32
36 33
36 39
36 40
37 3
37 5
37 22
37 23
37 24
37 25
37 28
38 4
38 133
38 142
38 150
38 154
38 159
38 167
38 168
38 183
38 189
38 197
38 205
38 213
38 218
38 230
38 232
38 234
38 246
38 250
38 260
38 262
38 278
38 284
38 296
38 299
39 1
39 63
39 72
39 79
39 96
39 99
39 101
39 106
41 15
41 17
41 25
41 29
41 31
42 9
42 11
42 13
44 91
44 109
44 120
45 1
45 2
45 10
46 1
46 5
46 6
47 26
48 4
48 5
48 6
48 11
48 18
48 22
48 49
48 56
48 58
48 70
48 71
49 20
50 11
50 14
50 19
50 23
50 28
50 35
50 36
50 41
50 45
50 50
50 51
50 106
50 107
50 109
50 217
50 222
50 227
52 4
53 4
53 5
53 11
53 13
53 24
53 25
53 28
53 35
53 37
53 38
53 43
53 46
53 47
53 48
53 60
54 1
55 2
55 13
55 27
55 40
55 41
56 15
56 20
56 32
56 44
56 48
56 50
56 52
56 53
56 70
56 94
56 101
56 104
56 116
56 124
56 129
57 5
57 8
58 13
58 25
58 27
58 37
58 43
58 73
58 75
59 75
59 79
59 81
59 82
59 90
59 94
59 96
59 98
59 101
59 111
59 116
59 130
59 136
59 160
59 175
59 179
59 188
59 196
59 204
59 207
59 209
59 232
59 233
59 236
60 3
60 7
60 10
60 13
61 4
61 7
61 8
61 12
61 18
61 21
61 22
63 65
63 85
63 92
63 106
63 112
63 117
63 118
63 135
63 138
63 145
63 147
63 153
63 165
63 250
63 253
63 258
63 263
63 265
63 270
63 276
63 278
63 279
63 280
63 282
63 285
63 287
63 291
64 2
64 6
64 8
66 45
66 56
66 68
66 72
66 84
66 88
66 93
66 94
66 98
66 100
66 108
67 4
67 7
67 8
67 13
67 19
67 28
70 56
70 58
70 70
70 203
70 213
70 223
70 229
70 245
70 248
70 257
70 259
70 262
70 275
70 281
70 290
70 294
71 10
71 13
71 64
71 77
71 78
71 80
71 87
71 88
71 90
71 91
71 100
71 102
71 108
71 114
71 115
71 116
71 117
71 170
71 172
71 175
71 181
71 199
71 200
71 204
71 205
71 209
71 210
71 222
71 223
71 227
71 228
71 232
71 235
71 238
71 241
71 244
71 245
71 252
71 255
71 256
71 258
71 266
71 271
71 274
71 283
71 289
71 296
72 9
72 13
72 23
72 79
72 84
72 85
72 99
72 102
72 103
72 109
72 111
72 113
72 114
72 116
72 126
72 128
72 132
72 137
72 144
72 151
72 155
72 164
72 169
72 174
72 184
72 196
72 203
73 11
73 14
73 18
73 23
73 27
73 29
74 1
74 3
74 6
74 7
74 15
74 17
74 25
74 27
74 31
74 34
74 35
75 52
75 54
75 55
75 57
75 58
75 62
76 7
76 9
78 5
78 6
78 13
79 1
79 9
79 17
79 20
79 25
79 26
79 28
79 33
79 43
79 67
80 1
80 6
80 7
80 19
80 21
80 26
80 47
80 48
80 59
80 62
80 64
80 71
80 73
80 88
80 91
80 101
80 103
80 120
80 127
80 133
81 5
82 3
82 5
82 12
82 16
83 106
83 110
83 113
83 119
83 124
83 126
83 135
83 138
83 148
83 149
83 154
84 1
84 13
84 15
84 21
84 24
84 25
85 8
85 15
86 6
86 7
86 16
86 19
86 28
86 35
86 36
87 9
87 10
87 40
87 44
87 63
87 68
87 72
87 79
87 85
87 88
87 90
88 5
88 8
88 9
88 16
88 17
88 20
88 24
88 27
89 62
89 65
89 67
89 68
89 74
90 5
90 6
90 9
90 18
90 22
90 24
90 27
90 28
90 33
90 41
90 43
90 48
90 62
92 4
92 17
92 28
92 159
92 160
92 162
92 167
92 169
92 177
92 180
92 183
92 184
92 209
92 268
92 270
92 283
92 284
93 4
93 31
93 38
93 99
93 102
93 106
93 129
93 131
93 138
93 158
93 161
93 167
93 171
94 5
94 26
94 33
95 8
95 29
97 10
97 17
97 20
97 21
97 24
97 29
97 31
97 32
97 33
97 60
97 64
97 69
97 71
97 76
97 78
97 81
97 83
97 85
97 88
97 90
97 92
97 95
97 98
97 101
97 104
97 107
97 108
97 112
97 117
97 129
97 135
97 136
97 143
97 145
97 162
97 165
97 168
97 171
97 180
97 182
97 187
97 193
97 194
97 197
97 204
97 211
97 213
97 218
97 219
97 230
97 237
97 243
97 248
97 249
97 250
97 256
97 261
97 268
97 270
97 279
97 323
97 331
97 345
97 356
97 358
97 378
97 381
97 384
97 385
97 393
97 482
97 484
97 491
97 492
97 509
97 511
97 518
97 524
97 528
98 2
98 12
98 15
98 17
98 31
98 39
98 45
98 47
98 51
98 52
98 53
98 54
98 58
99 1
99 5
99 7
99 23
99 25
99 28
99 35
99 58
99 62
99 64
99 70
99 101
99 107
99 108
99 134
99 141
99 151
99 156
99 158
99 159
99 175
99 177
99 178
99 183
99 185
99 186
99 187
99 188
99 204
99 207
99 209
99 211
99 223
99 228
99 229
99 230
99 242
99 245
102 22
102 23
102 39
103 2
103 5
103 7
103 8
103 24
103 31
103 36
103 41
105 92
105 97
105 123
105 129
105 138
106 3
106 4
106 13
106 25
106 31
106 33
106 35
106 45
106 55
106 184
107 11
107 20
107 25
107 28
107 32
107 33
107 47
107 61
107 93
107 94
107 108
107 109
107 110
107 115
107 116
107 124
107 125
108 3
108 4
108 16
108 19
108 25
108 26
108 27
108 40
108 49
108 68
109 4
109 8
109 10
109 15
109 19
111 7
111 8
111 13
111 16
111 23
111 24
111 25
111 29
111 35
111 38
111 45
112 2
112 4
112 14
112 15
112 18
112 23
112 24
112 25
112 37
112 39
112 41
