1 7
1 26
1 30
1 36
1 38
1 40
1 48
2 3
2 9
2 17
3 11
4 8
4 14
4 23
4 24
4 26
4 58
4 60
4 64
4 66
4 67
4 76
4 80
4 84
4 95
4 96
4 97
4 99
4 107
4 134
4 142
4 154
4 156
4 161
4 169
4 170
4 178
5 13
5 26
5 31
5 32
5 33
5 34
5 47
5 52
5 53
5 64
5 67
5 71
5 78
5 80
5 81
5 89
5 94
5 100
5 101
5 114
5 125
5 128
5 258
5 259
6 7
6 8
6 17
6 45
6 47
6 49
6 50
6 53
6 56
6 69
6 75
6 85
6 89
6 95
8 17
8 25
8 29
8 30
9 87
9 98
9 105
9 110
9 122
9 137
9 138
9 146
9 147
9 165
9 166
10 7
10 10
10 18
10 24
10 39
10 43
10 48
10 50
13 17
13 24
13 32
13 39
13 45
13 48
13 53
13 54
13 62
13 64
13 68
13 72
13 84
13 89
13 95
14 10
14 11
14 21
14 27
14 32
14 33
14 37
14 38
14 41
14 63
14 75
14 86
14 87
14 103
14 118
14 121
14 122
14 123
15 3
15 7
15 23
16 11
16 17
16 25
16 45
16 47
16 55
16 58
16 73
16 74
16 87
16 89
16 93
16 104
16 131
16 133
16 147
16 149
16 151
16 152
16 157
16 166
17 81
17 88
17 89
17 91
17 94
17 97
17 104
17 106
17 112
17 115
17 120
17 125
18 4
18 10
18 11
19 2
19 12
19 23
19 24
19 27
19 40
19 51
19 66
19 68
19 75
19 76
19 81
19 90
19 96
19 113
19 119
19 129
19 131
19 138
19 142
19 147
19 149
19 154
19 156
19 158
19 167
19 168
19 171
19 173
19 201
19 204
19 207
19 208
19 239
19 246
19 248
19 260
19 261
19 276
19 281
19 291
20 6
20 7
20 12
20 13
20 23
20 28
21 5
21 14
21 21
21 25
21 28
22 3
22 5
22 8
22 9
22 12
22 21
22 23
22 32
22 40
22 41
22 45
22 50
22 60
22 68
22 79
22 84
22 86
22 91
23 32
23 43
23 47
24 13
24 22
24 24
24 31
24 55
24 57
27 5
27 7
27 10
27 12
27 13
27 16
27 18
27 20
27 26
27 29
27 37
27 38
27 42
27 44
27 46
27 48
28 6
28 9
28 20
28 21
28 33
28 38
28 40
28 42
29 1
29 17
29 19
29 44
29 47
29 55
29 69
29 82
29 84
29 97
30 2
30 6
30 9
30 16
30 20
30 23
30 28
30 32
30 45
30 51
30 52
30 55
30 60
30 68
30 75
30 76
30 78
30 86
30 89
30 91
30 104
30 108
30 110
30 112
30 115
31 4
31 6
31 10
31 11
31 21
31 29
32 2
32 3
32 8
32 12
32 17
32 18
32 31
32 38
32 43
32 50
33 17
33 18
33 19
33 32
33 40
33 41
34 1
34 11
34 18
35 1
35 5
36 10
36 13
37 3
37 9
38 103
38 106
38 109
38 110
38 119
38 132
38 133
38 135
38 175
38 177
38 181
38 187
38 191
38 195
38 214
38 216
38 217
38 218
38 226
38 229
38 239
38 245
38 258
38 264
38 266
39 11
39 25
39 38
39 44
39 45
39 47
39 48
39 52
39 56
39 57
39 73
39 76
39 85
39 95
39 100
39 101
39 109
39 115
39 119
39 124
39 129
39 131
39 133
39 134
39 140
39 154
39 162
39 178
39 182
39 184
39 192
39 196
39 197
39 202
40 11
40 14
40 43
40 47
40 52
40 61
40 68
41 28
41 38
41 50
41 54
41 57
41 61
41 62
41 63
41 66
41 67
41 72
41 77
41 78
41 93
41 103
42 2
42 3
42 6
42 7
42 21
42 27
42 35
42 36
42 44
42 50
42 57
42 70
42 107
42 119
42 124
42 139
42 141
42 142
42 146
42 149
42 151
42 158
42 160
42 161
42 166
42 167
44 57
46 72
46 73
46 81
46 83
46 88
46 104
46 123
46 201
46 206
46 210
46 220
46 221
46 224
46 227
46 229
46 234
46 243
46 247
46 251
47 20
47 22
47 28
47 35
47 40
47 44
47 45
47 52
48 4
49 40
49 42
49 82
49 134
49 138
49 140
49 141
49 149
49 157
49 160
49 162
49 253
50 115
50 125
50 131
50 143
50 153
50 156
50 164
50 165
50 169
50 171
50 174
51 13
51 17
52 94
52 100
52 116
52 128
52 130
52 131
52 136
53 12
53 15
53 17
53 30
53 31
53 35
54 2
54 7
54 12
57 30
57 31
57 33
57 39
57 40
57 42
57 43
57 49
58 3
58 11
58 21
58 23
58 29
59 1
59 5
59 18
59 19
60 4
60 16
60 17
60 19
60 21
60 29
60 31
60 37
60 39
60 42
60 47
60 99
60 100
61 84
61 91
61 97
61 101
61 102
61 114
61 115
61 116
61 119
61 126
61 128
61 130
62 14
62 19
62 24
63 61
63 62
63 66
63 72
63 73
63 95
63 99
63 103
63 105
64 104
65 2
65 7
65 8
65 14
65 19
65 20
65 22
65 31
65 37
65 39
65 42
65 52
65 66
66 5
66 8
66 9
66 15
66 22
66 27
66 30
66 57
66 63
66 70
66 72
67 2
67 8
67 13
67 17
67 29
67 35
67 37
67 42
67 45
67 49
67 52
67 53
67 57
67 68
67 84
67 95
67 96
67 99
67 102
67 103
67 112
67 119
67 128
67 137
67 139
67 141
67 142
67 145
67 155
67 156
67 175
68 9
68 10
68 15
68 17
68 19
68 22
68 28
68 39
68 40
68 59
68 65
68 73
69 2
69 18
69 19
69 20
69 23
69 30
69 42
69 44
69 68
69 73
69 76
69 79
69 94
69 96
70 20
70 23
70 29
70 43
70 112
70 121
70 254
70 256
70 264
70 266
70 269
70 273
70 274
70 289
70 293
70 294
70 309
70 314
70 328
70 329
70 331
70 334
70 350
70 352
70 357
70 369
70 377
70 386
70 391
70 392
71 8
71 26
71 27
71 44
71 57
72 8
72 9
72 59
72 68
72 72
72 95
72 106
72 107
72 117
72 120
72 123
72 126
72 128
72 129
72 140
72 143
72 147
72 148
72 154
72 166
72 167
72 170
72 178
74 86
74 92
74 97
74 103
74 106
74 107
74 205
74 233
74 235
74 236
74 239
74 240
74 243
75 80
75 96
75 100
75 104
75 105
75 117
75 124
75 256
75 258
75 267
75 270
75 271
75 281
75 289
75 292
75 294
75 295
75 297
75 304
75 310
75 315
75 318
75 322
75 324
75 332
75 335
75 343
78 30
78 44
78 46
78 49
78 50
78 51
78 53
78 66
78 76
78 79
78 81
78 91
79 13
79 202
79 204
79 206
79 208
79 209
79 210
79 225
79 226
79 228
79 232
79 235
79 236
79 239
82 21
82 25
82 89
83 8
83 18
83 21
83 31
83 32
83 36
83 41
83 42
83 43
83 48
83 61
83 65
83 67
83 68
83 78
83 82
83 84
83 91
83 110
84 45
84 50
85 6
87 7
87 10
87 14
87 15
87 18
87 22
87 24
87 31
87 34
87 35
87 37
87 45
88 5
88 6
88 7
88 12
88 13
88 142
88 143
88 150
88 163
88 174
88 176
88 185
88 202
88 206
88 235
88 236
88 239
88 249
89 2
89 11
89 27
89 32
89 34
89 50
89 52
89 53
89 61
89 63
89 68
89 72
89 74
89 77
89 78
89 87
89 93
89 105
89 107
89 108
89 110
92 1
92 4
93 2
93 6
93 17
93 19
93 23
93 24
93 30
93 31
93 41
93 47
93 50
93 51
93 53
93 55
93 56
93 58
93 67
93 68
93 70
93 71
93 78
93 84
96 27
96 41
96 45
96 53
96 56
96 64
97 63
97 64
97 71
97 84
97 90
97 94
97 99
97 104
97 105
97 107
97 108
97 109
97 119
97 120
97 122
97 180
97 181
97 196
97 199
97 229
97 234
97 246
97 262
97 272
97 289
98 5
98 12
98 13
98 21
98 22
98 28
98 29
99 3
99 25
99 36
