1 2
1 12
1 21
1 32
1 41
1 43
1 44
1 46
2 4
2 139
2 154
2 158
2 162
2 165
2 178
2 180
2 195
2 294
2 295
2 316
2 317
2 323
2 328
2 329
2 346
2 347
2 350
2 353
2 356
2 360
2 361
2 364
2 381
2 383
2 386
2 399
2 407
2 408
2 409
2 416
2 423
2 430
2 432
2 438
2 442
2 445
2 449
2 464
2 469
2 470
2 471
2 476
2 491
2 497
2 500
2 515
2 519
2 520
2 531
2 535
2 560
2 562
2 565
2 566
2 567
2 571
2 573
2 576
2 578
2 579
2 588
2 596
2 600
2 615
2 620
2 622
2 624
2 627
2 629
2 636
2 646
2 661
2 697
2 698
2 706
2 707
2 711
2 717
2 718
2 722
2 751
2 752
2 771
2 773
2 791
2 795
2 796
2 811
2 814
2 815
2 888
2 891
2 894
2 905
2 913
2 917
2 923
2 926
2 927
2 937
2 938
3 5
3 7
3 10
3 17
3 22
3 26
3 32
3 33
3 34
4 1
4 6
4 7
4 125
4 136
4 144
4 156
4 157
4 169
4 173
4 174
4 181
4 188
4 191
4 204
4 216
4 217
4 221
4 224
4 225
5 3
6 8
6 10
6 21
6 22
6 26
6 28
6 30
6 42
6 44
6 54
6 57
6 58
6 62
6 72
6 85
6 86
6 95
6 100
6 109
6 119
6 120
6 146
6 148
6 155
6 156
6 159
6 162
6 171
6 177
6 186
6 188
6 189
6 194
6 198
6 213
7 11
7 23
7 34
7 38
7 39
7 40
8 6
9 2
9 3
9 9
9 13
9 16
10 3
10 9
10 21
10 22
10 27
10 34
10 36
10 43
10 48
10 57
10 73
10 78
10 80
10 82
10 84
10 85
10 90
10 91
10 96
11 20
11 27
11 28
11 40
11 42
11 43
11 45
11 56
11 61
11 65
11 69
11 77
11 94
11 96
11 98
11 103
11 107
11 120
11 123
11 125
11 127
11 128
12 5
12 13
12 36
12 39
12 44
12 48
12 74
12 95
12 114
12 118
12 145
14 61
14 68
14 70
14 77
14 78
14 93
14 107
14 113
14 118
15 22
15 23
15 25
15 57
15 68
15 75
15 78
15 82
15 83
15 84
15 91
15 95
15 114
15 116
15 119
15 126
15 131
15 136
15 138
15 140
15 144
15 150
15 156
16 2
16 6
16 7
17 77
17 85
18 1
18 7
19 13
19 16
19 22
19 24
19 31
19 32
19 36
19 50
19 56
19 59
19 61
19 62
19 63
19 69
19 75
19 81
19 82
19 84
19 86
19 90
19 95
21 58
21 66
21 70
21 72
21 83
21 89
21 133
21 141
21 149
21 150
21 151
21 154
22 1
22 5
22 7
22 8
22 21
22 31
23 3
23 45
25 19
25 21
25 24
25 25
25 35
25 100
25 102
26 13
26 22
26 23
26 27
26 37
26 38
27 65
27 68
27 88
27 94
28 7
28 9
28 11
29 3
29 4
29 9
29 15
29 22
29 27
29 30
29 38
29 39
29 43
29 50
29 53
29 54
29 57
29 63
29 76
29 84
29 87
29 99
29 112
29 113
29 117
29 135
29 139
29 140
29 151
29 153
29 164
29 171
29 173
29 182
31 34
31 49
31 50
31 58
31 62
31 70
31 74
31 80
31 82
31 84
31 85
31 92
31 93
31 97
31 106
31 117
31 128
31 130
31 132
31 134
31 137
31 147
31 159
31 176
31 179
31 181
31 192
31 201
31 204
31 206
31 212
31 219
31 228
31 232
31 234
31 236
31 243
31 255
31 260
31 266
31 272
31 280
31 285
31 300
31 320
31 329
31 332
31 333
32 4
32 5
32 7
32 15
32 16
32 35
32 36
32 38
32 39
32 41
32 46
33 5
33 23
33 26
33 29
33 34
33 35
33 38
33 39
33 50
33 51
33 58
33 59
33 63
33 68
33 72
33 79
34 24
34 34
34 35
34 43
35 25
35 30
35 31
35 37
35 39
35 40
35 42
35 57
35 63
35 64
35 65
35 67
36 1
36 2
36 4
37 1
37 5
37 11
37 13
37 16
37 19
37 24
37 33
37 45
37 54
37 56
37 58
37 70
37 75
37 79
37 86
37 88
37 89
37 90
37 91
38 9
38 12
39 11
39 18
39 20
39 28
39 38
39 58
39 60
39 67
39 75
39 80
39 81
41 25
41 26
41 35
41 41
41 47
41 48
41 50
41 69
41 168
41 174
41 180
41 184
41 185
41 187
41 190
41 207
41 209
42 11
42 12
42 18
42 20
42 27
42 34
42 37
42 44
42 59
42 65
42 73
43 4
43 9
43 10
43 16
43 19
43 27
43 28
43 31
43 37
43 44
43 45
44 2
45 4
45 9
45 26
45 30
46 8
46 10
46 15
46 16
46 18
46 27
47 2
47 31
47 32
47 41
47 67
47 80
48 39
48 54
48 60
50 35
50 36
50 38
50 48
51 4
51 8
51 17
52 3
52 15
52 22
52 25
52 31
52 35
52 36
52 42
53 3
53 4
53 5
53 8
53 18
53 22
53 27
53 29
53 32
53 42
53 48
53 50
53 60
53 63
53 91
53 92
53 93
54 3
54 17
54 39
54 43
54 70
54 71
54 81
55 5
55 6
55 11
55 12
55 13
55 22
55 26
55 39
55 44
55 63
55 75
55 95
55 98
55 102
55 103
55 107
55 110
55 132
55 156
55 158
55 160
55 163
55 165
55 172
55 177
55 179
55 193
55 200
55 201
55 203
55 204
55 206
55 212
55 213
55 216
55 217
55 230
55 233
55 235
55 243
55 246
55 249
55 250
55 252
55 255
55 259
55 269
55 274
55 275
55 277
55 278
55 290
56 14
56 16
56 17
56 19
56 29
56 31
56 57
56 59
56 63
56 65
56 71
56 78
56 84
57 21
57 25
57 26
57 36
57 56
57 59
57 142
57 145
57 152
57 156
57 158
57 161
57 175
57 188
57 191
57 197
57 206
57 214
57 220
58 13
58 21
58 25
59 9
59 14
59 17
59 33
59 35
59 49
59 53
59 56
59 58
59 62
59 68
59 75
59 79
59 88
59 94
59 95
59 96
59 102
59 113
59 114
59 117
59 142
59 145
59 146
59 148
60 4
60 5
60 17
60 23
60 24
60 34
60 40
60 48
60 52
60 54
60 57
60 58
60 60
60 126
60 128
60 182
61 11
62 4
62 7
62 13
62 16
63 1
63 4
63 8
65 11
65 12
65 19
65 36
65 38
67 1
68 2
68 3
68 5
68 12
69 3
69 9
69 26
69 28
69 38
70 12
70 17
70 37
70 43
70 59
70 60
70 70
70 71
70 74
70 75
70 79
70 82
70 86
70 90
70 93
70 107
70 108
70 110
70 113
70 114
70 120
70 126
70 132
70 138
70 139
70 140
70 142
70 148
70 150
70 162
70 167
70 179
71 11
71 12
71 15
71 29
71 71
73 73
73 74
73 77
74 4
74 9
74 11
74 14
74 20
74 24
74 52
74 56
74 62
74 64
74 69
74 70
74 73
75 7
75 30
75 31
75 34
75 36
75 48
75 66
75 74
75 75
75 78
75 95
75 100
75 107
75 111
75 118
75 121
76 2
76 10
76 11
76 18
76 20
76 23
76 25
76 37
77 1
77 6
77 12
77 21
78 1
78 5
78 13
78 14
78 15
78 28
78 32
78 36
78 37
79 70
79 71
79 84
79 85
79 94
79 96
80 1
80 10
80 15
80 19
80 30
80 43
80 45
80 49
80 52
80 70
80 76
80 86
80 92
80 95
80 100
80 101
80 103
80 104
80 107
80 109
80 111
80 118
80 121
82 24
82 45
82 53
82 62
82 70
82 74
82 80
82 87
82 96
82 100
82 102
82 126
82 131
82 134
83 4
83 8
83 23
83 25
83 27
84 20
85 6
85 18
85 140
85 145
85 148
85 151
85 152
85 156
85 163
85 165
85 166
85 168
85 173
85 192
85 202
85 210
85 215
85 217
85 221
85 222
85 230
85 233
85 238
85 246
85 258
85 261
86 3
86 7
86 11
86 14
86 15
86 16
86 17
86 30
86 31
86 37
86 39
86 40
86 44
86 47
86 54
86 55
86 67
86 72
86 81
86 83
86 104
86 106
86 107
86 109
86 121
86 122
86 127
86 137
86 153
86 156
86 165
87 13
87 45
87 57
87 63
87 64
87 70
87 73
87 76
87 77
87 78
87 81
87 85
87 100
87 112
87 117
87 120
88 5
88 15
88 18
88 40
88 48
88 64
88 66
88 67
88 75
88 80
88 82
88 87
89 54
89 56
89 57
89 70
89 78
89 79
89 93
89 96
89 98
89 104
89 106
89 110
89 118
89 119
89 132
89 146
89 150
89 160
89 162
89 166
89 168
89 176
89 196
89 198
90 4
90 7
90 28
92 27
92 34
92 36
92 41
92 42
92 62
92 65
92 70
92 72
92 106
92 109
94 42
94 44
94 45
94 47
95 4
95 10
95 14
95 22
95 23
95 25
95 33
95 34
95 39
95 40
95 49
95 60
95 62
95 64
95 65
95 77
95 79
95 85
95 89
95 90
95 100
95 102
95 116
95 134
95 136
96 4
96 29
96 30
96 39
96 40
96 46
96 51
96 53
96 71
96 74
96 84
96 88
96 91
96 107
96 117
96 119
96 127
96 130
96 147
96 148
96 160
96 161
97 1
97 7
97 10
97 21
97 25
97 35
97 36
97 40
97 55
97 56
97 59
98 17
98 27
98 28
98 29
98 47
98 50
98 55
