1 1
1 7
1 36
1 37
1 39
1 42
2 9
2 13
2 16
2 24
2 34
2 38
2 40
2 45
2 47
2 49
2 54
2 55
3 19
3 21
4 4
4 20
4 25
4 33
4 34
4 39
4 47
4 53
4 54
5 6
5 8
5 10
5 16
5 28
5 31
5 48
7 6
7 9
7 10
8 15
8 16
8 19
8 23
8 27
8 31
8 33
8 43
8 59
8 66
8 74
8 83
8 88
8 220
8 225
8 235
8 237
8 243
8 246
8 247
8 255
8 262
8 286
8 289
8 290
8 298
8 305
8 306
8 308
8 311
8 313
8 321
8 323
8 328
8 332
10 2
11 6
11 8
11 10
11 15
11 21
12 1
12 2
12 15
12 19
12 21
12 33
13 22
13 32
13 42
13 60
13 65
13 105
13 106
13 110
13 119
13 175
13 179
14 13
14 15
14 16
15 2
15 6
15 12
15 19
15 21
15 26
16 2
16 29
17 77
17 78
17 83
17 90
17 101
17 109
17 111
17 113
17 115
17 128
17 133
18 14
18 17
18 36
18 47
18 49
18 100
18 101
18 115
18 116
18 127
18 142
18 144
20 42
20 48
20 54
21 1
21 4
23 49
23 51
23 61
23 67
23 68
23 79
23 182
23 185
23 186
23 191
24 6
24 18
24 29
24 79
24 81
24 82
24 95
24 96
24 102
24 108
24 109
25 37
25 39
25 46
25 47
25 48
25 220
25 224
25 227
25 233
26 5
26 6
26 13
26 17
26 20
26 21
26 25
26 50
26 52
26 57
26 59
27 4
27 5
27 29
27 32
27 47
27 74
27 75
27 80
27 85
27 95
28 2
28 5
28 10
28 17
28 18
28 22
28 23
28 35
29 2
29 3
29 17
29 20
29 23
29 35
29 42
29 43
29 53
29 58
29 59
29 72
29 78
29 84
29 86
29 89
31 3
31 22
31 36
31 41
31 46
31 60
31 69
32 8
32 9
32 11
32 20
32 22
32 24
32 26
32 30
32 31
32 34
32 40
32 58
32 62
32 70
33 1
33 4
33 9
33 15
34 1
34 9
35 2
35 3
36 17
36 19
36 21
36 25
36 26
36 40
36 42
36 49
36 57
36 59
36 62
36 70
36 79
36 90
36 92
36 108
36 128
37 3
37 4
37 11
38 2
38 7
38 9
38 14
38 23
38 25
38 34
38 36
40 11
40 12
40 14
40 32
40 38
40 47
40 52
40 57
40 62
40 64
40 65
40 66
40 68
40 77
40 78
40 79
40 91
40 99
40 100
40 106
40 119
40 121
40 122
40 124
40 126
41 2
41 4
41 7
41 11
41 16
41 26
41 32
41 44
41 45
41 47
41 52
41 182
41 183
41 184
43 71
43 72
43 76
43 77
43 79
43 87
43 88
43 92
43 94
44 3
45 61
45 68
45 75
45 81
45 87
45 100
45 109
45 135
45 147
45 173
45 175
45 179
45 181
45 189
45 191
45 196
45 203
45 205
45 338
45 342
45 350
45 351
47 19
47 22
47 23
47 27
47 40
47 43
47 46
47 58
47 60
47 65
47 75
47 76
48 1
48 4
48 5
49 7
49 11
49 15
49 24
49 26
49 28
49 29
49 37
49 43
49 50
49 63
49 75
49 77
49 86
49 92
49 96
49 153
49 157
49 162
49 169
49 170
50 6
50 18
50 32
50 33
50 34
50 35
50 53
50 62
50 66
50 82
50 88
50 95
50 96
50 101
50 112
50 117
50 123
50 126
50 127
50 131
50 141
50 142
50 208
50 213
50 352
50 356
50 361
50 371
50 375
50 384
50 403
51 2
52 82
52 90
52 107
52 119
52 120
52 123
52 181
52 192
52 205
52 207
52 217
52 219
52 224
52 226
52 238
52 241
52 257
52 269
52 272
52 273
52 275
52 334
52 416
52 418
52 420
52 421
52 428
52 429
52 433
52 434
52 454
52 472
52 481
52 484
52 508
52 518
52 527
52 528
52 536
52 537
52 541
52 578
52 585
52 591
53 10
53 22
53 23
53 28
53 35
53 41
53 49
54 5
54 15
54 21
54 34
54 35
54 40
54 41
55 1
55 4
55 76
55 80
55 92
55 103
55 106
55 109
55 113
55 117
55 130
55 132
55 143
55 145
55 146
55 149
56 5
56 10
56 16
56 18
56 19
56 26
57 9
57 10
57 18
57 21
57 33
57 34
57 35
57 40
57 44
58 6
58 7
58 15
58 18
58 24
58 25
58 26
58 47
58 110
58 111
58 117
58 123
58 127
58 131
58 134
58 141
58 149
58 157
58 168
58 171
58 173
58 175
58 178
58 202
58 204
58 208
58 210
59 11
59 15
59 18
59 19
60 6
60 8
60 12
60 16
60 18
60 26
60 33
60 34
60 40
60 41
61 6
61 18
61 20
61 36
62 8
62 11
62 15
62 16
62 26
62 34
62 36
63 13
63 19
63 24
63 25
63 31
63 38
63 40
63 42
63 50
63 52
63 54
63 56
63 60
63 72
63 89
63 100
63 101
63 120
63 126
63 130
63 134
63 138
63 140
63 147
63 160
63 161
63 176
63 178
63 180
63 197
64 23
64 29
64 30
65 14
65 20
65 22
65 23
65 25
65 33
65 36
65 44
65 48
65 53
65 63
65 134
65 136
65 144
65 146
65 147
65 149
65 150
65 155
65 167
65 170
66 2
66 10
66 13
66 15
66 24
66 27
66 34
68 1
68 8
68 14
68 36
68 40
68 46
68 47
68 50
68 51
68 53
68 54
70 16
70 20
70 23
70 24
70 29
70 30
70 38
70 48
70 49
70 61
72 23
72 29
72 34
72 39
72 43
72 64
72 65
72 73
72 74
72 75
72 81
72 86
72 95
72 105
72 109
75 33
75 37
75 39
75 43
75 45
75 47
75 60
75 66
75 68
75 78
75 80
75 85
75 86
75 100
75 125
75 127
75 136
76 7
76 8
76 9
76 14
77 1
77 3
77 6
77 9
77 13
77 16
77 17
78 18
78 19
78 20
78 22
78 26
78 29
78 37
78 40
78 42
78 43
78 44
78 51
78 59
78 65
80 12
80 13
80 14
80 17
80 25
80 33
80 46
80 51
80 56
80 59
81 2
81 9
81 12
81 16
82 5
82 15
82 16
82 21
83 4
83 13
83 23
84 12
84 24
84 44
84 47
85 3
85 15
85 16
85 18
85 23
85 27
85 34
86 7
86 12
86 13
86 15
88 15
88 23
88 26
88 29
88 31
88 34
88 38
88 39
88 40
89 4
90 43
90 53
90 59
90 60
90 61
90 63
90 73
90 92
90 93
90 103
90 106
90 112
90 116
90 122
90 126
90 145
90 148
90 155
90 156
90 157
90 169
90 175
90 177
90 182
90 186
90 188
90 193
90 194
91 13
91 14
91 22
91 25
91 34
91 51
91 65
91 70
91 78
91 92
91 113
91 121
91 132
91 138
91 146
91 160
91 165
91 166
91 168
91 171
91 176
91 183
91 186
91 189
92 17
92 23
92 24
92 61
92 71
92 74
92 79
93 66
93 69
93 72
93 75
93 80
93 85
93 107
93 114
93 122
93 127
93 132
93 137
93 138
93 146
93 167
93 170
93 179
93 181
93 182
93 191
93 193
93 197
93 206
93 209
93 210
93 212
93 225
93 235
93 238
93 239
93 245
93 248
93 255
93 257
93 271
93 275
93 282
93 293
93 294
93 300
93 303
93 305
93 306
93 308
93 309
93 340
93 351
93 354
93 357
93 365
93 374
93 388
93 402
93 404
93 405
93 415
93 421
93 422
93 423
93 424
93 427
93 429
93 432
93 435
93 439
93 448
93 451
93 452
93 455
93 472
93 479
93 481
93 484
93 487
93 493
93 498
94 1
94 3
94 10
94 14
94 147
94 149
94 152
95 4
95 5
95 17
95 21
95 24
95 25
98 54
98 55
98 70
98 73
98 76
98 80
98 92
99 83
99 84
99 100
99 102
99 122
99 123
99 132
100 6
100 18
100 19
100 20
100 25
100 27
100 28
100 29
100 42
100 45
100 57
100 60
100 67
100 77
100 78
100 103
