1 1
1 8
1 15
1 16
1 22
1 34
1 37
1 39
1 46
1 72
1 74
1 77
1 116
1 117
1 123
1 126
1 127
1 132
1 135
1 139
1 143
1 149
1 160
1 164
1 167
1 168
1 169
1 171
2 4
2 6
2 7
2 11
2 20
2 24
2 36
2 37
2 45
2 54
3 4
3 6
3 7
3 9
3 10
3 15
3 22
3 23
3 26
3 27
3 58
3 63
3 65
3 74
3 83
3 99
3 108
3 114
3 118
3 122
3 125
3 128
3 144
3 148
3 150
3 156
3 158
4 7
4 13
7 7
7 16
7 19
7 21
7 24
7 25
7 35
7 37
7 38
7 40
7 46
9 39
9 51
9 52
9 55
9 57
9 62
9 66
9 67
9 74
9 79
9 86
9 99
9 119
9 122
9 129
9 143
9 146
9 164
9 171
9 177
10 16
10 17
10 18
10 19
10 21
10 22
10 37
10 40
10 41
10 43
10 45
10 176
10 179
10 185
10 187
10 189
10 194
12 14
12 16
12 20
12 33
12 37
12 44
12 46
12 47
12 52
12 57
12 61
13 4
15 1
15 6
15 9
15 20
15 40
15 50
15 52
15 58
15 63
15 68
15 97
15 100
15 101
16 2
16 11
16 14
16 15
16 18
16 21
16 25
16 26
16 31
16 36
16 53
16 62
16 70
16 71
16 75
16 83
16 96
16 102
16 118
16 123
16 136
16 145
16 157
16 162
16 168
16 173
16 176
16 178
16 199
16 215
16 216
16 232
16 241
16 246
16 248
16 253
16 254
16 257
16 266
16 269
17 14
17 19
17 20
17 22
17 29
17 32
17 35
17 40
17 49
18 2
18 6
18 14
18 21
18 24
18 30
18 32
19 3
19 4
19 6
19 11
19 23
19 30
19 35
19 38
19 40
19 44
19 48
19 57
19 59
19 65
19 70
20 6
20 14
20 20
20 24
20 30
24 15
24 16
24 19
24 29
24 36
24 46
24 67
24 68
24 75
24 81
25 4
25 7
25 23
25 30
25 33
25 38
25 44
25 45
25 46
25 61
26 6
26 18
26 19
26 34
26 36
26 40
26 42
26 44
26 47
26 48
26 52
26 56
26 58
26 74
26 79
26 83
26 86
26 91
26 93
26 94
26 97
27 5
27 8
27 9
27 11
27 12
27 14
27 16
27 18
28 8
28 9
28 18
28 20
28 27
28 29
28 32
29 82
29 84
29 90
31 9
31 10
31 12
31 14
33 33
33 41
33 48
33 60
33 71
33 75
33 92
33 94
33 103
33 109
34 4
34 6
34 8
34 12
34 17
34 23
34 28
34 32
34 36
34 37
34 43
34 47
34 61
34 66
34 70
34 73
34 74
34 81
34 91
34 94
34 95
34 98
34 99
34 213
34 226
34 229
34 230
34 235
34 236
34 249
34 251
34 253
34 254
34 256
34 258
34 259
34 272
34 331
34 334
34 335
34 339
34 352
34 365
34 372
34 382
34 395
35 1
35 2
35 16
35 18
35 25
36 10
37 2
40 85
40 90
40 95
40 98
40 143
40 273
40 275
40 277
40 280
41 9
41 24
41 28
41 36
41 38
41 40
41 42
41 46
41 48
41 52
41 58
41 63
41 67
41 72
41 78
41 79
41 87
41 90
41 94
41 101
41 104
41 110
41 119
42 5
42 11
42 25
42 28
42 29
42 32
42 34
42 36
42 39
42 42
42 48
42 54
42 59
42 61
42 63
42 65
42 67
43 11
43 108
43 118
43 119
43 121
43 123
43 126
43 129
43 148
43 152
43 158
43 288
43 291
43 294
43 306
43 308
44 11
44 19
44 24
45 5
45 6
45 11
45 14
45 19
45 52
45 69
45 75
45 81
45 94
45 98
45 103
45 105
45 117
45 119
45 123
45 127
45 132
45 133
45 134
45 140
45 150
45 153
45 157
46 1
46 4
46 5
46 11
46 20
46 22
46 26
46 28
47 27
47 29
47 38
47 39
47 40
48 6
48 8
48 15
48 21
48 29
48 31
50 14
50 26
50 37
51 3
51 23
51 26
51 50
51 51
51 55
51 65
51 86
51 92
52 22
52 45
52 53
52 58
52 60
52 66
52 67
52 72
52 77
53 3
53 11
53 12
53 24
53 36
55 35
55 43
55 48
55 51
57 11
57 23
57 24
57 35
57 44
57 66
57 69
57 72
57 74
57 76
57 94
57 100
57 103
57 109
57 111
57 119
57 120
57 124
57 126
57 128
57 129
57 131
57 133
57 155
57 172
57 177
57 181
57 186
57 189
57 192
57 207
57 210
57 213
57 216
61 47
61 51
61 60
61 73
61 81
61 83
61 199
61 200
61 223
62 14
62 31
62 34
62 41
62 52
62 62
62 67
62 68
63 1
63 3
63 4
63 7
63 12
64 13
64 14
64 19
64 30
64 56
64 62
64 71
64 75
64 85
64 91
64 93
64 94
64 110
64 115
64 121
64 123
64 130
65 3
65 12
65 16
65 44
65 46
65 130
65 142
65 151
66 4
67 84
67 86
68 2
68 7
68 16
68 17
68 23
68 25
68 31
68 32
68 35
68 36
68 38
68 40
68 45
68 70
68 71
68 75
68 90
68 91
69 7
69 16
69 18
69 23
72 13
72 31
72 32
72 40
72 41
72 46
72 52
72 54
72 55
72 56
72 59
72 69
72 76
72 85
72 91
72 92
72 98
72 101
72 105
72 111
72 117
72 118
72 121
72 122
72 124
72 125
72 127
72 129
72 138
72 140
72 146
72 156
73 53
73 59
73 60
73 62
73 67
73 70
73 71
73 76
73 80
73 82
73 91
73 92
73 107
73 110
73 120
73 123
73 126
73 129
73 138
73 152
73 176
73 177
73 180
73 183
73 193
73 202
73 209
74 5
74 13
74 15
74 18
74 19
74 26
74 37
74 67
74 74
74 75
74 76
74 77
74 79
74 80
74 103
74 105
74 107
74 108
74 111
75 2
75 29
75 34
76 3
76 4
77 9
77 11
77 23
78 6
78 7
80 1
81 17
81 21
81 24
82 35
83 2
86 46
86 49
86 51
86 56
86 59
86 67
86 71
87 28
87 30
87 32
87 33
87 36
87 38
87 44
87 48
87 50
87 63
87 67
87 69
87 70
87 73
87 78
87 79
87 81
87 85
87 89
87 92
87 103
87 104
88 4
88 14
88 15
88 19
88 23
88 24
88 32
88 66
88 67
88 72
88 76
88 79
88 82
88 85
88 99
88 102
88 110
88 116
88 121
88 127
88 131
88 138
88 143
88 146
88 147
88 151
88 153
91 17
91 22
91 28
91 35
91 44
91 54
91 68
91 69
91 70
91 76
91 78
91 93
91 100
91 102
91 105
91 108
91 117
91 135
91 141
91 152
91 158
91 164
91 166
91 170
91 172
91 175
91 180
91 184
91 190
91 192
91 209
92 10
94 1
94 3
94 7
94 8
94 11
94 17
94 19
94 28
94 31
94 37
94 47
94 48
94 50
94 55
94 58
94 187
96 8
96 16
96 23
96 36
96 37
96 39
97 15
97 25
97 31
97 41
97 51
97 53
97 54
97 55
97 57
97 64
97 67
97 76
97 91
97 101
97 108
97 224
98 84
98 87
98 97
98 98
98 102
98 105
98 107
98 114
98 122
98 124
98 133
98 149
98 152
98 157
98 158
98 163
98 164
98 166
98 168
98 173
98 187
98 190
98 192
98 193
98 195
99 3
100 9
100 19
100 20
100 21
100 22
100 28
100 47
100 52
100 56
100 58
100 59
100 63
100 64
100 68
100 77
100 89
100 91
100 94
100 100
100 101
100 108
100 112
100 136
101 7
101 8
101 35
101 41
101 44
101 52
101 54
101 58
101 67
103 88
103 93
103 97
103 103
103 105
103 111
103 116
103 121
103 126
103 127
103 128
104 5
104 9
104 11
104 17
104 22
104 25
104 26
104 45
104 52
104 60
105 1
105 6
105 33
105 37
105 38
105 44
105 47
105 49
105 98
105 102
105 111
105 113
105 119
105 124
105 128
105 140
105 142
105 155
105 156
105 158
105 165
105 177
105 179
105 185
105 186
105 195
105 205
105 211
105 216
105 218
105 223
105 226
105 240
105 247
105 249
105 259
105 264
105 266
105 269
105 273
105 276
105 277
105 285
106 67
106 76
106 80
106 82
107 3
107 5
107 6
107 13
107 14
107 16
107 24
108 54
108 56
109 18
109 20
109 21
110 3
110 5
110 20
110 24
110 27
110 45
110 50
110 55
110 58
110 61
110 66
110 71
110 79
110 80
111 1
111 17
111 21
111 26
111 28
111 35
112 41
