1 14
1 18
1 25
1 26
1 27
1 28
1 33
1 36
1 46
1 47
1 53
1 54
2 15
2 40
2 46
2 59
2 62
2 64
2 68
2 79
2 82
2 84
3 10
3 12
3 20
3 23
3 31
3 35
4 6
4 7
4 8
4 15
4 16
4 18
4 19
4 23
4 31
4 34
4 46
4 47
4 48
4 53
4 61
4 67
4 69
5 9
5 16
5 18
5 20
5 28
5 31
5 35
5 98
5 108
6 1
6 6
6 13
6 18
6 19
6 38
6 40
6 42
6 43
6 59
6 61
6 73
6 82
7 4
7 8
8 2
8 3
8 9
8 12
8 15
8 16
8 17
8 25
8 30
8 35
8 36
9 2
9 6
9 13
9 16
10 4
10 8
10 13
10 30
10 97
10 103
10 110
11 28
11 35
11 45
11 48
11 58
11 67
11 74
12 16
12 32
12 35
12 48
12 97
12 103
12 105
12 112
12 118
12 132
12 138
12 141
12 142
12 147
14 92
14 94
14 99
14 105
14 110
14 117
15 2
15 12
15 15
15 24
15 26
15 27
15 29
15 45
15 52
15 72
15 89
15 100
15 101
15 118
15 119
15 124
15 125
15 126
15 128
15 133
15 265
16 5
16 13
16 16
16 18
16 21
16 27
16 31
16 35
16 39
16 46
16 50
16 53
16 63
16 73
16 81
16 82
17 46
17 50
17 55
17 75
17 80
17 85
17 90
17 91
17 111
17 113
17 114
17 116
18 9
18 10
18 11
18 13
18 18
18 19
19 32
19 33
19 48
19 56
19 58
19 59
19 76
19 80
19 81
19 82
20 31
20 32
20 36
20 38
20 40
21 2
21 3
21 4
21 10
22 1
22 7
22 8
22 9
22 18
22 19
22 22
22 23
22 24
23 7
23 10
24 5
24 13
24 14
24 22
24 31
24 33
24 34
24 42
24 45
24 46
24 56
24 58
24 59
24 67
24 76
24 78
24 81
24 89
24 93
26 3
26 6
26 7
26 8
26 10
26 14
26 15
26 29
26 33
26 36
26 43
26 49
26 50
26 54
27 2
27 18
27 24
28 6
28 15
28 19
28 22
28 26
28 34
28 40
28 46
29 2
29 3
29 6
29 9
31 66
31 78
31 81
31 83
31 86
31 115
31 129
31 135
31 145
31 154
31 156
31 158
31 159
31 162
31 166
31 170
31 172
31 175
31 176
31 183
31 184
31 185
31 193
31 194
31 209
31 219
31 221
31 225
31 231
31 233
31 235
31 242
31 250
31 252
31 260
31 265
31 267
31 270
31 275
31 279
32 1
32 10
32 28
32 29
32 33
32 34
32 38
32 47
32 54
32 58
32 60
32 66
32 70
32 85
34 1
34 24
34 27
34 29
34 31
34 32
34 41
34 70
34 82
34 88
34 90
34 96
34 103
35 2
35 6
35 10
35 15
35 16
35 18
35 20
36 3
36 10
36 15
36 25
36 49
36 56
36 59
36 61
36 66
36 68
36 96
36 112
36 122
36 141
36 142
36 152
37 3
37 19
37 21
37 27
37 29
37 39
38 30
38 36
38 37
38 49
38 51
38 55
38 58
38 60
38 66
38 69
38 73
38 79
38 80
40 8
40 20
40 21
40 22
40 34
40 35
40 41
40 59
40 66
40 72
40 76
42 88
42 93
42 96
42 98
42 113
42 124
42 135
42 137
42 140
43 3
43 5
43 11
43 14
43 15
43 24
45 10
45 14
45 22
45 23
45 24
45 25
45 32
45 53
45 54
45 56
45 59
45 61
45 65
45 96
45 111
46 9
46 12
46 13
46 17
46 19
46 22
46 29
46 39
47 7
48 24
48 33
49 7
52 10
52 14
52 16
52 17
53 11
53 17
53 18
53 19
53 31
53 34
53 40
53 47
53 49
53 53
54 3
54 10
54 12
54 26
55 1
55 12
55 13
55 16
55 18
55 23
56 49
56 52
57 6
57 7
57 9
57 22
57 28
57 30
58 4
58 17
58 109
58 114
58 116
58 119
58 120
59 2
60 24
60 142
60 146
60 147
60 151
60 156
60 159
60 164
60 165
60 169
60 173
60 176
60 179
60 187
60 194
60 198
60 201
60 205
60 206
60 208
60 215
60 216
62 7
62 12
62 13
62 17
62 35
63 15
63 22
63 23
63 24
63 43
63 57
63 62
63 67
63 70
63 94
63 95
63 96
63 110
64 49
64 58
64 60
64 61
64 63
64 64
64 107
64 109
64 135
64 137
65 5
65 14
65 19
65 23
65 24
65 41
65 45
65 46
65 59
66 17
66 25
67 8
67 12
67 18
67 25
67 28
67 39
67 107
67 113
67 119
67 121
67 122
67 129
67 134
67 137
67 140
67 150
67 154
69 62
70 1
70 2
70 14
70 23
71 9
71 23
71 35
71 43
71 45
71 46
72 1
72 4
72 12
72 15
72 23
73 48
73 50
74 1
74 2
74 4
74 7
74 13
74 15
74 18
74 21
74 22
74 23
74 32
74 36
75 53
75 81
75 83
75 90
75 109
75 128
75 130
75 133
75 146
75 147
75 156
75 160
75 163
75 205
75 206
76 6
76 13
76 14
78 30
78 38
78 40
78 44
78 47
78 53
78 54
78 56
78 64
78 67
78 77
78 78
78 79
78 81
78 100
79 1
80 2
80 4
80 5
80 18
80 19
80 21
80 22
80 27
80 33
80 34
80 37
80 39
80 40
80 76
80 77
80 78
80 87
80 107
80 108
80 109
80 114
80 122
80 125
80 129
80 147
80 152
80 153
80 157
80 217
80 222
80 223
80 226
80 231
81 42
81 54
81 71
81 80
81 85
81 89
81 93
81 104
82 11
83 15
83 16
83 24
83 31
83 34
83 52
83 56
83 61
83 63
83 89
83 95
83 247
83 250
83 251
83 258
84 38
84 39
84 44
84 45
84 49
84 54
84 55
84 66
84 69
84 81
84 82
84 100
84 112
84 114
84 117
84 119
84 127
84 129
84 148
84 160
86 6
86 9
86 24
86 30
87 3
87 35
88 6
88 9
88 12
88 34
88 41
88 45
88 46
88 47
88 51
88 69
89 4
89 6
89 13
89 15
89 16
89 17
89 21
89 27
89 28
89 30
89 31
89 36
89 37
89 40
89 41
89 47
89 53
89 62
89 67
89 81
89 87
89 88
89 89
90 14
90 17
90 22
90 28
91 15
91 18
91 19
91 23
91 24
91 31
91 42
91 46
91 49
91 50
91 55
91 60
91 67
91 69
91 70
91 72
91 76
91 77
91 79
91 81
91 86
91 89
91 104
91 108
91 109
92 44
92 65
92 70
92 71
92 81
92 89
92 93
92 97
92 103
92 105
92 108
92 110
92 121
92 126
92 130
92 134
92 136
93 15
93 27
93 30
93 32
93 33
94 6
94 11
94 13
94 18
94 21
94 24
95 4
95 8
95 9
95 12
95 17
95 18
95 19
95 20
95 24
96 1
96 22
96 27
96 31
96 44
96 46
97 28
97 33
97 34
97 36
97 41
97 86
97 87
97 90
97 92
98 93
98 102
98 110
98 116
98 118
98 137
98 138
98 143
98 144
99 9
99 18
99 34
99 35
99 48
99 58
99 66
100 3
100 4
100 7
100 8
100 14
100 16
100 18
100 60
100 64
100 68
100 72
100 75
100 82
101 1
101 3
103 25
103 29
103 30
103 32
103 35
103 36
103 37
103 46
103 53
103 55
103 58
103 64
103 68
103 71
103 85
104 24
104 26
104 44
104 48
104 50
104 51
105 4
105 7
105 10
105 13
105 32
106 125
106 131
107 3
107 4
107 6
107 9
107 11
107 13
107 15
107 22
107 26
110 55
110 57
110 58
110 64
110 68
110 69
110 77
110 78
110 79
110 83
110 99
110 112
110 114
110 117
110 121
110 125
110 138
110 149
110 180
110 181
110 183
110 188
110 215
110 224
110 235
110 238
110 240
110 243
110 250
110 263
110 264
110 265
110 273
110 276
110 286
110 294
110 313
110 316
110 318
110 328
110 329
110 333
110 334
110 340
110 341
110 347
110 354
110 360
110 363
110 370
110 391
110 400
110 404
110 406
110 408
110 412
110 417
110 430
110 431
110 432
110 448
110 457
110 458
110 462
110 467
110 471
111 54
111 59
111 65
111 96
111 99
111 101
111 105
111 120
111 121
111 124
111 128
111 129
111 134
111 137
111 208
111 218
111 219
111 223
111 224
113 83
113 87
113 89
113 90
113 100
115 1
115 7
115 145
115 160
115 162
115 164
115 166
115 179
115 196
115 203
115 215
115 219
