1 6
1 119
1 120
1 123
1 125
1 131
1 134
1 140
1 142
1 151
1 153
1 156
1 159
1 170
1 175
1 176
3 2
3 3
3 14
3 19
3 21
3 28
3 31
3 32
3 34
3 37
3 46
3 47
3 48
3 51
3 54
3 56
3 58
3 70
4 32
4 38
4 41
4 47
4 48
4 67
6 17
6 20
6 30
6 39
6 42
6 45
6 56
7 9
7 12
7 14
7 24
7 32
7 56
7 59
7 86
7 89
7 91
7 94
7 95
7 105
9 15
10 2
10 12
10 15
10 24
10 29
10 30
10 32
10 36
10 38
10 51
10 52
10 57
10 76
10 87
10 91
10 94
10 200
10 201
10 203
10 207
10 211
10 215
10 216
10 219
10 220
11 50
11 157
12 1
12 5
12 6
12 9
12 10
12 18
12 25
12 26
12 29
12 75
12 79
12 80
12 85
12 87
12 101
12 104
12 107
12 110
12 121
12 124
12 129
12 131
12 132
14 2
14 3
14 19
14 20
14 25
14 31
14 38
14 41
14 42
14 43
15 11
15 15
16 6
16 9
16 12
16 16
16 24
17 1
17 4
17 5
17 14
18 57
18 58
18 65
18 67
18 69
18 72
18 78
18 98
18 102
18 103
18 106
18 121
18 124
18 133
19 2
19 10
20 8
20 12
20 15
20 31
20 32
20 34
20 35
20 37
20 39
21 24
21 31
21 45
23 97
23 106
23 108
23 115
23 116
23 117
24 1
24 4
24 8
24 9
24 18
24 30
24 40
24 44
24 51
24 61
24 64
24 73
24 74
25 3
25 29
25 67
25 73
25 75
25 76
25 83
25 87
25 89
25 95
25 96
25 102
25 118
25 124
25 138
25 145
25 148
25 149
25 153
25 159
25 243
25 245
25 247
25 249
26 6
26 14
26 18
26 21
27 4
27 23
27 24
28 5
28 9
28 17
28 19
28 34
28 39
28 56
28 62
28 76
28 78
28 82
28 91
28 108
28 109
28 116
28 118
28 119
28 136
28 140
28 146
28 154
28 165
28 168
28 169
28 170
28 173
28 176
28 187
28 196
28 201
28 202
28 203
28 293
28 296
28 303
28 305
28 307
28 313
28 394
28 397
28 402
28 406
29 11
29 13
29 18
29 34
29 41
30 44
30 46
30 47
30 50
30 61
30 65
30 68
31 6
31 7
31 10
31 23
31 41
31 45
31 46
31 48
31 50
31 56
31 65
31 71
31 73
31 79
31 86
31 99
32 3
33 25
35 38
35 41
35 46
35 50
35 67
35 77
35 90
35 94
35 98
35 103
35 104
35 108
35 109
35 113
35 116
35 119
35 135
35 136
35 145
35 149
35 151
35 154
35 158
35 164
35 165
35 167
35 181
35 185
35 187
35 190
35 195
35 200
35 204
37 62
37 70
37 75
37 78
37 85
37 89
37 147
37 158
37 171
37 172
37 173
37 180
37 186
37 188
37 191
37 195
37 197
37 206
37 212
37 213
37 223
37 227
37 235
37 253
37 254
37 319
37 322
38 10
39 53
39 56
39 63
39 81
39 83
39 89
39 104
39 106
39 114
39 116
39 118
39 119
39 121
39 122
39 135
39 153
39 155
39 160
39 166
39 175
39 178
39 179
39 189
40 1
40 11
40 17
40 20
40 32
40 33
40 34
40 53
40 70
40 73
40 75
40 95
40 101
40 103
40 104
41 1
41 4
41 6
41 27
41 28
41 29
41 32
41 37
41 40
41 72
41 76
41 87
41 91
41 93
41 106
41 111
41 115
41 119
41 125
41 130
41 133
41 138
41 144
41 147
41 151
41 165
41 180
41 181
41 184
41 189
41 190
41 191
43 15
43 64
43 69
43 77
44 115
44 121
44 134
44 139
44 142
44 151
44 154
44 155
44 157
44 160
45 20
45 29
45 32
45 33
46 8
46 15
46 25
46 28
46 34
46 35
46 43
49 57
49 61
49 67
49 73
49 77
49 83
49 88
49 90
49 99
49 100
49 125
49 144
49 154
49 155
49 157
49 166
49 175
49 183
49 188
49 196
49 202
49 203
49 219
49 222
51 90
51 92
51 94
51 115
51 116
54 38
54 40
54 48
54 52
54 56
54 60
54 68
54 69
54 75
54 76
54 81
54 212
54 213
54 217
54 218
54 222
54 234
54 238
55 8
55 9
55 25
55 28
55 30
55 33
55 42
55 43
55 44
55 47
55 49
57 76
57 81
59 27
59 35
59 36
59 45
59 56
59 64
59 65
59 66
59 67
59 73
59 94
59 96
59 97
59 101
59 166
59 172
59 176
59 177
59 181
59 186
59 193
59 195
59 198
59 200
59 206
59 209
59 211
59 215
59 221
61 31
61 32
61 42
61 58
61 65
61 68
61 76
61 81
61 88
62 1
62 4
62 6
62 17
62 22
62 25
62 26
62 28
62 57
62 59
63 68
63 78
63 84
63 90
63 96
63 99
63 107
63 108
63 120
63 122
63 129
63 130
63 147
63 148
63 150
63 283
64 13
64 28
64 30
64 32
64 40
64 45
64 52
64 55
64 70
64 82
64 85
64 94
64 99
64 100
64 116
64 117
64 123
64 124
64 128
65 24
66 1
66 5
66 9
67 1
67 2
67 11
67 19
67 23
67 34
67 46
67 50
67 62
68 2
68 7
68 8
68 12
69 1
69 4
70 12
70 14
71 3
71 4
71 11
71 21
71 31
71 40
72 2
72 8
72 15
72 29
72 34
72 38
72 39
72 41
73 9
73 11
73 14
74 29
74 33
74 81
74 95
74 102
75 1
75 4
75 10
75 11
75 16
75 19
75 27
75 39
75 45
75 50
76 30
76 34
76 40
76 43
76 46
76 48
76 50
76 66
76 71
76 77
76 81
76 86
76 90
76 93
76 98
76 101
76 114
76 120
76 124
76 126
76 129
76 132
76 155
76 156
76 158
76 171
76 176
76 183
76 186
76 190
76 191
76 202
76 209
78 31
78 32
78 39
78 81
80 2
80 4
80 9
80 11
80 13
80 21
80 30
80 37
80 38
80 40
80 47
80 49
80 50
80 52
80 54
80 62
80 65
80 82
80 85
80 87
80 89
80 93
80 108
80 135
80 138
80 143
80 148
80 159
80 160
80 164
80 179
80 183
80 186
80 188
80 192
80 199
80 203
80 205
80 222
80 226
80 228
80 255
80 276
80 286
80 291
80 292
80 298
80 322
80 323
80 329
82 3
82 7
82 11
82 18
83 3
83 5
83 13
83 14
83 15
83 17
83 26
83 27
83 32
83 34
83 35
83 37
83 38
83 42
83 48
84 4
84 8
85 50
85 58
85 63
85 65
85 72
85 75
85 76
85 86
86 1
87 2
87 3
87 12
87 17
87 21
87 22
87 32
87 34
87 47
87 48
87 50
87 69
87 70
87 79
87 81
87 95
87 193
87 194
87 200
87 205
87 211
87 232
87 238
88 3
88 4
88 5
88 6
88 15
88 22
88 33
88 55
88 56
88 65
88 66
88 71
88 76
88 81
88 89
88 112
88 117
88 133
88 134
89 4
89 8
89 11
90 6
90 16
91 13
91 14
91 15
91 26
91 31
91 41
91 43
91 46
91 59
91 60
91 67
91 70
91 71
91 76
91 77
91 151
91 153
91 159
91 163
91 167
91 168
91 173
91 174
91 176
91 177
91 181
91 198
91 201
91 203
91 206
91 210
91 214
91 230
91 237
91 238
91 259
91 265
91 267
91 278
93 16
95 1
97 12
97 18
97 25
97 38
97 40
97 42
97 44
97 50
97 52
97 70
97 116
97 118
97 120
97 124
97 125
97 136
97 143
97 148
97 153
97 163
97 173
97 181
97 182
97 183
97 186
97 187
98 7
99 3
99 7
99 9
99 11
99 21
99 25
99 30
99 32
99 34
99 37
99 39
101 9
101 10
101 22
101 24
101 26
101 30
101 37
101 40
101 41
101 50
101 53
101 65
101 72
101 81
101 87
102 1
102 5
102 8
102 13
102 17
102 30
102 32
102 36
102 41
102 42
102 46
102 55
102 64
102 72
102 73
102 75
102 77
102 95
102 124
102 125
102 127
102 136
102 140
102 141
102 146
102 151
102 154
