1 4
1 5
1 17
1 19
1 20
1 23
1 29
1 40
1 41
1 43
1 44
1 46
1 48
1 51
1 52
1 55
1 57
1 64
1 65
1 77
1 88
1 95
1 100
1 188
1 189
1 190
1 194
1 205
1 206
1 341
1 344
1 370
1 379
1 382
1 390
2 2
2 4
2 12
2 16
2 17
2 75
2 82
2 99
2 101
2 102
2 103
2 109
2 113
2 115
2 121
2 123
2 124
2 139
2 143
2 147
2 148
2 154
2 156
2 159
2 171
2 177
2 180
2 181
2 193
2 198
2 200
2 202
2 207
2 210
2 212
2 213
2 214
2 215
2 225
2 235
2 241
2 243
2 249
2 254
2 255
2 293
2 305
2 318
2 320
2 326
2 327
2 329
2 333
2 343
2 344
2 346
2 353
2 357
2 361
2 364
2 372
2 376
2 377
2 379
2 380
2 386
2 388
2 397
2 403
2 420
2 421
2 428
2 431
2 442
2 445
2 455
2 456
2 458
3 2
3 6
4 4
4 8
4 19
4 25
4 28
4 30
4 32
4 36
4 56
4 61
4 68
5 33
5 41
5 47
6 4
6 13
6 14
6 18
6 22
6 24
6 27
6 32
6 33
6 45
6 49
6 50
6 69
6 76
6 77
6 80
6 92
6 107
6 111
6 116
6 126
6 128
6 142
6 144
6 167
7 2
7 5
7 7
8 46
8 48
8 49
8 51
8 60
8 62
8 75
8 78
9 2
9 21
9 25
9 43
9 46
9 47
9 56
9 81
9 84
9 85
9 86
9 90
9 91
9 114
9 116
9 127
9 132
9 148
10 5
10 8
10 9
10 16
10 19
10 23
10 24
10 40
10 41
10 42
10 44
10 51
10 52
10 62
10 83
10 90
10 91
10 108
10 121
10 124
10 130
10 136
10 137
10 147
10 166
10 171
10 172
10 175
10 176
10 178
10 185
11 5
11 6
12 6
12 7
12 9
12 17
12 27
12 41
12 46
12 50
12 55
12 56
14 76
15 77
15 92
16 1
16 14
16 24
17 1
17 22
17 24
17 25
17 30
17 33
17 34
17 42
17 64
18 3
18 10
18 26
18 27
18 31
18 33
18 43
18 44
18 47
18 48
18 50
18 56
18 57
18 61
18 66
18 74
18 78
18 81
18 83
18 86
18 88
18 91
18 94
18 95
20 26
20 27
20 40
20 41
20 47
20 49
20 54
20 55
20 57
20 61
20 62
20 67
20 69
20 77
20 84
20 87
20 103
20 109
20 115
20 116
20 121
20 125
20 134
20 138
20 142
20 144
20 148
21 7
21 11
21 12
21 13
21 16
21 17
22 1
22 8
22 9
22 19
22 21
22 28
22 35
22 36
22 41
22 49
22 52
22 58
22 62
22 77
22 85
22 86
22 94
22 98
22 101
22 104
22 113
22 117
22 135
24 48
24 49
24 63
24 66
24 72
24 74
24 76
26 2
26 5
26 9
26 10
26 16
26 23
26 32
26 38
26 40
26 46
26 47
26 52
26 58
26 68
26 75
26 88
26 110
26 112
27 1
27 4
27 6
27 11
27 13
27 22
27 30
27 32
27 34
27 35
27 40
27 45
29 7
29 11
29 12
29 17
29 29
29 31
29 34
29 45
29 50
29 54
29 58
29 60
29 62
29 66
29 67
29 72
29 74
29 85
29 102
29 103
29 119
29 155
29 156
29 165
30 11
30 15
30 26
30 28
30 29
32 7
32 11
32 12
32 13
32 17
32 25
32 29
32 41
32 54
32 60
32 69
32 70
32 81
33 111
33 113
33 118
33 119
33 129
33 131
33 132
33 134
33 137
33 147
33 162
33 168
33 174
33 175
34 18
34 20
34 22
34 24
34 32
34 45
34 48
34 59
34 61
34 73
34 74
34 79
34 84
34 86
35 7
35 9
35 12
35 14
38 1
38 2
38 18
38 23
38 29
38 32
38 41
38 42
38 44
38 46
38 47
38 56
38 57
38 62
38 63
38 64
38 70
38 72
38 76
38 79
38 80
38 81
38 100
40 93
40 99
40 100
40 111
40 114
40 115
40 121
40 125
41 3
41 5
41 9
41 15
41 16
41 17
41 22
41 25
41 26
41 30
43 11
44 1
44 8
44 10
44 20
44 22
44 24
44 27
44 33
44 43
44 45
44 50
44 51
44 57
44 74
44 82
44 84
44 87
44 93
44 106
44 111
44 127
44 132
44 135
44 136
44 139
44 140
44 142
44 150
44 151
44 156
44 170
44 171
44 173
44 174
44 188
44 196
44 198
44 206
44 211
44 221
44 223
44 226
44 228
44 242
44 246
44 255
44 257
44 262
45 2
45 4
45 6
45 9
45 17
46 4
46 7
46 10
46 15
46 21
46 24
46 28
46 47
46 49
46 51
46 52
46 60
46 65
48 133
49 7
49 12
49 18
49 22
49 28
49 30
49 31
49 32
49 34
49 40
49 43
49 46
49 58
49 60
49 66
49 68
49 74
49 87
49 88
49 90
49 91
49 92
49 96
49 99
49 100
49 107
49 113
49 116
49 127
49 130
49 135
50 7
50 11
51 1
51 13
51 15
51 19
51 21
51 23
51 24
51 26
51 40
51 46
51 48
51 61
52 51
53 2
53 11
53 26
53 28
53 30
53 40
53 54
53 55
53 57
53 58
53 59
53 74
53 78
53 83
53 84
55 1
55 5
55 10
56 4
56 5
56 11
56 18
56 24
56 28
56 33
56 39
56 42
56 46
57 6
57 15
57 21
57 32
57 36
57 37
57 42
57 43
58 3
58 6
58 7
58 10
58 12
58 15
58 20
58 27
58 35
58 38
58 42
58 49
58 54
58 59
58 60
58 65
58 75
58 79
60 67
60 72
60 79
60 92
60 97
60 105
60 272
60 278
60 279
60 284
60 294
60 296
60 303
60 307
60 312
60 317
60 340
60 349
60 407
60 413
60 435
60 440
60 443
60 454
61 5
61 9
61 24
61 40
61 44
61 48
61 51
61 56
61 57
61 64
61 66
63 39
63 42
64 14
64 18
65 2
65 5
65 9
65 12
65 13
65 15
65 19
65 20
65 41
65 51
65 69
65 89
65 91
65 106
65 121
65 135
65 137
65 139
65 150
65 152
65 163
65 167
65 172
65 290
65 296
66 10
66 13
67 39
67 40
67 41
67 45
67 47
67 59
67 61
67 64
67 67
67 68
67 73
67 78
67 101
67 230
67 242
67 249
67 250
67 260
67 269
67 270
67 280
67 285
67 287
68 95
68 101
68 102
68 106
68 108
68 110
68 111
68 123
68 125
68 130
68 135
68 140
68 143
68 149
68 165
69 42
69 72
69 77
69 79
70 62
70 67
70 78
70 80
70 81
70 90
70 93
70 94
70 96
70 98
70 101
70 103
70 105
70 115
71 7
71 26
71 29
72 3
72 13
72 15
72 20
72 28
72 33
72 34
72 48
72 50
72 59
72 67
72 68
73 18
73 31
73 33
73 39
73 46
73 52
73 62
76 9
76 10
76 18
76 20
76 21
76 30
76 33
77 4
77 5
77 6
77 15
77 18
77 21
77 30
77 52
77 70
77 81
77 89
77 95
78 3
78 6
78 28
78 29
78 52
78 57
78 62
78 67
78 74
78 75
78 83
78 87
78 90
78 96
78 116
78 127
79 5
79 6
80 13
80 16
80 28
80 31
80 32
80 35
80 43
80 62
80 63
80 68
80 80
80 95
80 98
80 100
80 166
80 169
81 5
81 6
81 10
81 16
81 24
82 1
82 14
82 19
82 32
82 35
82 37
82 48
82 54
82 58
82 59
82 65
82 68
82 82
82 88
82 91
82 93
82 100
82 103
83 2
83 9
83 12
83 17
83 19
83 23
83 39
83 43
83 48
84 54
84 60
84 62
84 80
84 129
84 133
84 138
84 140
84 146
84 149
84 153
86 9
86 13
86 17
87 71
87 83
87 94
87 119
87 126
87 130
87 131
88 1
88 9
88 12
88 23
88 24
88 31
88 32
88 36
88 38
90 1
90 2
90 11
90 13
90 20
90 24
91 15
91 147
92 1
92 3
92 7
97 11
97 14
97 15
97 20
97 22
97 29
97 33
97 36
97 38
97 41
98 16
98 21
98 67
98 68
98 91
98 100
98 109
99 8
99 24
99 27
99 29
99 39
99 45
99 48
99 62
99 83
99 105
99 106
99 108
99 113
99 127
99 138
99 140
99 142
99 143
99 147
99 159
99 161
99 163
99 164
99 304
99 305
99 318
99 322
99 326
99 332
99 339
101 9
101 58
102 35
102 47
102 53
104 18
105 1
106 1
106 7
106 14
107 6
107 12
107 22
107 27
107 41
107 57
107 67
107 73
108 1
108 2
108 15
108 17
108 23
108 38
108 51
108 52
108 53
109 2
109 6
109 10
109 13
109 17
109 18
109 20
109 23
109 31
109 33
111 115
111 121
111 124
111 131
111 133
111 138
111 142
111 152
111 154
111 157
111 159
