1 2
1 4
1 5
1 9
1 10
1 14
1 21
1 22
1 28
1 29
1 41
1 43
1 45
1 48
1 51
1 62
2 7
2 11
2 13
2 18
2 23
2 29
2 34
2 35
2 42
3 13
3 14
3 18
3 22
3 23
3 27
3 120
3 125
3 144
3 148
3 149
3 152
3 226
4 61
4 63
5 105
5 107
5 113
5 116
5 129
5 135
5 137
5 144
5 146
5 163
5 169
5 173
5 175
5 192
5 199
5 201
5 210
6 63
6 97
6 110
6 112
6 114
6 115
6 153
6 161
6 162
6 175
6 180
6 182
6 185
6 186
6 190
6 193
6 199
6 203
6 207
6 213
6 226
6 244
6 247
10 38
10 39
10 41
10 44
10 46
10 48
10 49
11 2
11 5
11 7
11 8
11 9
11 15
13 9
13 12
13 14
13 15
13 16
13 21
13 22
13 88
13 96
13 99
13 100
14 1
14 2
14 23
14 34
14 48
14 51
14 52
14 62
14 64
14 79
14 81
15 1
15 5
15 6
15 12
15 14
15 16
16 66
16 70
16 84
16 85
16 143
16 153
16 154
16 159
16 188
16 192
16 199
16 202
16 213
16 217
16 223
16 232
16 259
16 260
16 266
16 280
16 409
17 4
17 7
17 19
17 33
17 34
18 129
18 132
18 135
18 142
18 145
18 159
18 163
18 165
18 181
18 188
18 195
18 239
18 241
18 247
18 252
19 35
19 37
19 41
19 56
19 58
19 69
19 78
19 81
19 86
19 176
19 178
20 6
20 9
20 10
20 21
20 22
20 35
20 36
20 42
20 43
20 44
20 50
20 52
20 53
21 74
21 77
21 80
21 88
21 101
21 108
21 109
21 117
22 17
22 24
22 45
22 90
22 99
22 100
22 102
22 103
22 104
22 105
22 113
22 122
22 123
22 126
22 135
22 136
22 142
22 143
22 176
22 181
22 199
22 202
22 206
23 15
23 20
23 24
24 8
24 15
24 20
24 21
24 38
24 41
24 46
24 53
24 54
24 68
24 70
24 73
24 76
24 83
24 84
24 90
24 101
24 102
24 104
24 107
24 109
25 20
25 22
25 26
25 36
25 40
25 43
25 63
25 67
25 80
25 87
25 92
25 100
25 111
25 112
25 125
25 129
25 133
25 135
25 139
25 147
25 162
25 163
25 168
25 173
25 181
25 183
25 194
25 202
25 207
25 212
25 224
25 231
25 257
25 267
25 271
25 283
25 284
25 290
26 2
26 4
26 5
26 17
26 23
26 32
26 40
26 41
26 51
26 55
26 62
26 63
26 69
26 71
28 5
28 38
30 33
30 37
31 17
31 19
31 28
31 38
32 24
32 39
32 40
32 65
32 66
32 76
32 77
32 79
32 80
32 93
32 102
32 109
32 116
32 125
32 126
33 6
33 14
33 28
33 34
33 35
33 41
33 51
33 53
33 54
34 3
34 6
34 8
34 37
34 41
34 43
36 11
36 12
36 16
36 19
36 20
36 23
36 26
38 1
38 5
38 10
38 18
38 20
38 41
38 55
38 57
38 73
38 77
38 79
38 82
38 85
39 10
39 19
39 20
39 33
39 48
39 51
39 53
39 57
40 2
40 3
40 7
40 15
40 16
40 17
40 30
40 32
40 44
40 50
40 54
41 84
41 93
42 5
42 11
42 12
42 14
42 19
42 22
42 39
42 42
42 43
42 44
42 50
42 57
42 61
42 69
42 71
42 76
42 96
44 4
44 11
44 15
44 21
46 6
46 25
46 26
47 2
47 9
47 140
47 143
47 148
47 151
47 152
47 153
47 156
47 165
47 169
47 181
47 311
47 314
47 318
47 322
47 328
47 338
47 339
47 342
47 345
48 8
48 10
48 11
48 24
48 36
48 42
49 3
49 7
49 9
49 10
49 15
49 16
49 29
49 30
49 32
49 36
49 43
49 46
49 47
50 3
50 4
50 138
50 139
50 144
50 145
50 162
50 164
50 168
50 183
50 185
50 187
50 191
50 204
50 209
50 220
50 229
50 232
50 236
50 241
50 244
50 249
50 254
50 255
50 257
50 258
50 265
50 273
50 286
50 289
50 294
50 304
50 306
50 310
50 336
50 343
50 358
50 373
50 381
50 386
50 391
50 401
50 402
50 429
50 434
50 435
50 442
50 461
50 467
50 478
50 485
50 486
51 111
51 113
51 116
51 122
51 167
51 178
51 179
51 211
52 2
52 9
52 10
52 14
52 26
52 28
52 53
52 55
52 67
52 107
52 109
52 110
52 113
52 117
52 127
52 138
52 140
52 141
52 148
52 149
52 152
53 8
53 17
53 20
53 43
53 44
53 56
53 73
53 74
53 76
53 78
53 81
53 92
53 97
53 99
53 111
53 159
53 166
53 169
53 172
53 174
53 177
53 201
53 203
53 205
53 222
53 223
53 232
53 238
53 239
53 244
53 245
53 248
53 253
54 4
54 16
54 18
54 19
54 20
54 21
55 3
55 4
55 10
57 12
57 13
57 14
57 24
57 43
57 59
57 60
57 62
57 67
57 82
57 86
57 87
57 88
57 90
57 119
57 123
57 124
57 127
57 132
57 142
57 143
57 145
57 148
57 167
58 125
58 131
58 132
58 147
58 161
58 165
58 170
59 7
59 21
59 24
60 2
60 3
60 4
60 24
60 27
60 33
60 41
60 42
60 54
60 64
60 73
60 75
60 80
60 82
60 97
60 101
60 104
60 111
60 120
60 126
60 132
60 137
61 7
61 18
61 22
61 24
61 27
61 32
61 39
61 46
61 51
61 56
61 93
61 106
61 107
61 111
61 112
61 114
61 120
61 129
64 5
64 11
64 29
64 35
64 38
64 41
64 53
64 57
64 67
65 15
65 24
65 27
65 28
65 31
65 39
65 41
65 42
65 45
65 46
65 59
65 67
65 68
66 2
66 4
66 10
66 12
66 16
67 4
68 13
68 14
68 18
68 19
71 18
71 19
71 22
71 23
71 29
71 30
71 41
71 44
71 48
72 2
72 9
72 10
72 20
72 35
72 36
72 42
72 43
72 49
72 50
72 51
72 52
72 60
72 75
72 78
72 81
72 84
72 100
72 109
73 7
73 8
73 15
73 145
73 148
73 149
73 151
73 170
73 175
73 176
73 182
73 184
74 7
74 11
74 27
74 28
74 43
74 49
74 50
74 63
74 67
74 73
74 76
74 81
74 87
74 92
74 101
74 109
74 111
74 127
74 156
74 161
74 163
74 168
74 171
74 173
74 175
74 187
74 205
74 213
74 220
74 222
75 6
75 10
75 53
75 58
75 62
75 67
75 69
75 70
75 76
75 81
75 96
75 97
75 106
75 110
75 111
75 130
75 138
75 148
76 31
76 43
76 51
76 54
76 61
76 63
76 71
76 78
76 81
76 86
77 16
77 21
77 22
78 5
78 6
78 7
78 28
78 32
78 34
79 1
79 5
79 6
79 26
79 28
79 34
79 36
79 80
79 83
79 87
79 89
79 95
79 105
79 143
79 160
79 161
80 6
80 12
80 14
81 27
81 29
81 30
81 35
81 40
82 9
82 10
82 19
82 21
82 24
82 25
83 36
83 38
83 39
83 44
83 46
83 50
84 8
84 9
84 19
84 28
84 33
84 36
84 37
84 38
84 43
84 45
84 48
84 49
84 66
84 73
84 77
84 89
84 90
84 91
88 12
88 20
88 22
88 27
88 28
88 35
88 43
88 44
88 50
89 65
89 69
89 71
89 73
89 74
89 78
89 86
89 87
89 109
89 110
89 118
89 124
89 130
90 7
90 11
90 18
90 21
90 22
90 24
93 8
93 15
93 18
93 19
93 20
93 21
93 24
93 25
94 1
94 7
94 14
95 2
95 13
95 14
95 50
95 51
95 52
95 59
95 69
95 72
95 73
95 166
95 174
95 176
95 181
95 190
95 203
95 206
95 210
95 215
95 218
96 2
96 3
96 7
96 15
96 27
96 30
96 31
96 52
96 57
97 1
97 5
97 6
97 12
97 14
97 17
97 23
97 24
97 26
97 28
97 34
97 88
98 6
98 8
98 24
98 25
98 29
98 30
98 143
98 146
98 153
98 174
99 128
99 130
99 143
