1 2
2 2
6 4
7 14
7 16
9 1
11 63
11 77
11 88
11 94
11 97
11 114
11 118
11 119
11 121
11 132
11 141
11 144
11 151
12 19
12 22
12 29
13 2
13 5
13 6
13 11
13 18
13 21
13 27
13 31
13 34
13 35
13 40
13 42
13 43
13 47
13 59
13 61
13 77
13 84
13 86
13 89
13 91
13 92
13 111
13 129
13 142
13 143
13 145
13 149
13 153
13 162
13 171
13 195
13 198
13 201
13 206
13 265
13 266
13 270
13 271
13 282
13 283
13 284
13 291
13 318
13 320
13 326
13 328
13 330
13 331
13 337
13 344
14 2
14 12
14 32
14 36
14 37
14 75
14 77
14 79
14 82
14 83
14 84
14 86
14 89
14 93
14 109
14 112
14 117
16 27
16 28
16 159
16 171
16 175
16 176
16 179
16 191
16 198
16 200
16 209
16 212
16 214
17 9
17 18
17 26
17 28
17 43
17 44
17 50
17 51
17 53
17 56
17 60
17 71
17 73
17 76
17 84
17 86
17 90
17 93
17 100
17 103
17 110
17 112
17 113
17 118
17 119
17 126
17 130
17 132
17 134
17 146
17 153
17 157
19 52
19 58
19 71
19 82
19 86
19 90
19 95
19 97
19 112
19 114
19 116
19 117
19 172
19 175
19 177
19 179
20 12
20 28
20 30
20 34
20 37
20 42
20 52
20 53
20 67
20 77
20 83
20 86
21 1
21 3
21 8
21 12
21 14
21 30
21 161
21 179
21 185
21 187
21 190
21 196
21 205
21 210
21 212
21 226
21 228
21 229
21 233
21 237
22 4
22 5
22 7
23 13
24 1
24 5
24 10
24 19
24 20
24 25
24 36
24 37
24 39
24 49
24 61
24 62
24 68
25 99
25 114
25 127
25 131
25 133
27 2
27 3
27 8
27 9
27 19
27 25
27 33
27 35
27 36
27 42
27 45
27 47
28 1
28 40
28 47
28 48
28 184
28 187
28 201
28 209
28 210
28 214
29 89
29 91
30 18
30 27
30 32
30 36
30 38
31 4
31 6
31 11
31 15
32 121
33 6
33 9
35 28
35 33
35 36
35 40
35 46
35 49
35 54
35 56
35 63
35 64
35 73
36 44
36 47
36 50
36 59
36 69
36 71
36 72
36 89
36 90
36 94
36 99
36 104
36 105
37 5
37 10
39 5
39 7
39 10
39 13
41 83
41 85
41 117
41 127
41 137
41 140
41 141
41 175
41 178
42 17
42 24
42 26
42 29
42 36
43 1
43 9
43 12
44 1
44 5
44 8
44 22
44 24
44 26
44 29
44 36
45 2
45 11
45 13
45 25
45 32
45 33
45 40
45 49
45 64
45 69
45 74
45 82
45 87
45 114
45 116
45 118
45 120
45 126
45 139
46 1
46 5
46 7
46 8
46 10
46 11
46 21
47 2
47 19
47 23
47 26
47 53
47 55
47 56
47 70
47 73
47 77
48 1
49 7
49 10
49 12
49 26
49 31
49 35
49 38
49 39
49 41
49 44
49 56
49 58
49 62
49 64
49 72
49 79
49 83
49 92
49 93
49 99
49 102
49 112
49 121
49 124
49 125
49 137
49 140
50 1
50 3
50 5
50 13
50 23
50 30
50 34
50 47
50 53
50 57
50 59
50 80
50 82
50 84
50 94
50 97
50 117
50 119
51 23
51 35
53 8
53 10
53 11
54 62
54 68
54 75
54 84
54 86
54 91
54 94
54 106
55 2
55 5
55 12
55 14
55 21
55 24
55 30
55 36
55 37
56 62
56 66
56 68
56 70
56 82
57 8
57 13
57 24
57 35
57 40
57 43
57 45
57 46
57 56
57 57
57 68
57 77
57 79
57 86
57 88
57 90
57 105
57 119
57 120
57 123
57 127
58 9
58 12
58 23
58 35
58 53
58 54
58 55
60 2
60 5
60 22
60 24
60 28
60 32
60 33
60 34
60 44
60 48
61 10
61 11
61 12
61 17
61 31
61 39
61 46
61 49
61 62
61 68
61 71
61 72
61 73
61 76
61 83
61 84
61 95
61 111
61 119
61 125
61 136
61 142
61 146
62 8
62 12
62 18
62 21
63 5
63 9
63 14
63 21
63 23
63 25
63 29
63 51
63 58
63 187
63 198
63 202
63 204
63 207
63 209
63 230
64 3
64 6
65 1
65 2
65 16
65 17
65 23
65 27
65 35
65 41
65 45
65 47
65 54
65 55
65 58
65 63
65 70
65 71
65 72
65 78
65 84
65 89
65 177
65 178
66 3
67 6
67 9
67 16
67 17
67 20
67 22
67 35
67 36
67 43
67 44
67 51
67 56
69 2
69 6
69 15
69 23
69 32
69 40
69 43
69 48
70 5
70 10
70 25
70 28
70 31
70 32
71 1
72 9
72 13
72 23
72 28
72 29
72 32
72 36
72 39
72 46
72 54
72 57
72 59
72 62
72 76
72 88
72 90
72 94
72 101
72 103
72 107
72 115
72 118
72 120
72 131
72 135
72 142
72 143
72 151
72 159
72 161
72 167
72 175
72 187
74 71
74 74
74 75
74 80
74 88
74 90
74 98
74 232
74 236
74 238
74 239
74 242
74 245
76 12
77 10
77 25
77 28
77 29
77 37
77 38
77 43
77 44
77 45
77 49
77 51
77 52
77 65
77 70
77 72
77 84
77 139
77 142
77 181
78 4
78 15
78 18
78 19
78 28
78 35
78 39
78 169
78 172
78 174
78 182
78 184
78 190
78 192
78 211
78 216
78 318
78 323
78 329
78 334
78 347
78 355
78 359
78 361
78 368
78 377
78 378
78 380
79 5
79 10
79 27
79 39
79 40
79 45
79 132
79 140
79 142
79 143
79 144
79 146
79 156
79 161
79 162
79 167
80 85
80 88
80 89
81 5
81 6
81 9
81 92
81 95
82 28
82 31
82 34
82 36
82 41
82 44
82 48
86 4
86 13
86 22
86 47
87 31
87 38
87 44
87 49
87 53
87 54
87 60
87 66
87 76
87 78
87 83
87 90
88 1
89 52
89 54
90 72
90 79
90 81
90 101
90 102
90 105
90 109
90 117
90 128
90 130
90 250
90 254
90 255
90 259
90 303
90 310
90 315
90 321
90 327
90 335
90 336
90 340
90 342
90 439
90 440
90 458
91 17
91 20
92 124
92 125
92 129
92 135
92 139
92 146
92 148
92 157
92 172
92 177
92 191
92 192
92 201
92 205
92 210
92 223
92 228
93 1
93 14
93 16
93 18
93 29
94 7
94 13
94 15
94 21
94 24
94 27
94 29
95 20
95 23
95 27
96 1
96 2
96 4
96 6
96 15
96 17
96 19
96 34
96 37
96 45
97 14
97 20
97 25
97 35
97 37
97 38
97 40
97 42
97 43
97 49
97 55
99 1
99 4
99 5
99 7
99 51
99 56
99 57
99 58
101 2
101 3
101 5
101 7
103 15
103 17
103 18
103 22
103 29
103 33
103 35
103 38
103 40
103 41
103 45
103 50
103 53
103 55
103 57
103 62
103 67
103 75
103 81
103 82
103 88
103 90
105 66
105 67
105 68
105 83
105 85
105 86
105 87
105 89
105 96
105 99
105 103
105 105
105 107
106 2
106 13
106 26
106 33
106 52
107 2
107 14
107 20
107 21
107 23
107 24
107 32
107 37
107 42
107 45
107 49
107 51
107 52
107 53
107 61
109 101
109 104
109 115
109 117
109 120
109 125
109 126
109 128
109 129
109 222
109 225
109 228
109 231
109 232
109 236
109 239
110 5
110 15
110 24
110 26
110 29
110 30
110 31
110 35
110 49
110 50
110 54
110 56
110 65
110 69
111 44
111 65
