1 11
1 44
1 53
1 63
1 64
2 26
2 28
2 31
2 32
2 35
2 40
3 38
3 41
3 48
3 50
3 54
5 15
5 25
5 27
5 29
5 30
5 31
5 32
5 33
5 39
7 11
7 13
7 22
7 26
7 29
7 34
7 35
7 46
7 50
7 51
8 2
8 3
9 12
9 27
10 2
10 4
10 10
10 18
10 22
10 23
11 13
11 16
13 1
13 3
13 30
13 33
13 38
13 47
13 54
14 2
14 12
14 13
14 17
14 29
14 31
14 38
14 47
14 94
15 7
17 51
17 55
18 1
18 5
18 12
18 17
18 21
19 27
20 19
20 20
20 33
20 61
20 64
20 75
20 84
20 85
21 2
21 3
21 6
21 10
21 23
21 25
21 26
21 47
21 59
21 60
21 61
22 6
22 15
22 20
22 30
22 36
22 38
22 42
22 45
22 61
23 9
23 50
23 53
23 56
23 59
23 61
23 69
24 2
24 14
24 17
24 18
24 28
24 30
24 31
24 34
24 95
24 98
24 99
25 6
25 14
25 22
25 39
25 45
25 46
25 47
25 57
25 61
25 78
25 90
25 95
25 97
25 105
25 106
25 109
25 124
25 125
25 128
25 134
25 137
25 154
25 161
25 172
25 180
25 181
25 189
25 196
25 204
25 213
25 215
25 217
25 347
25 349
26 1
26 19
26 28
26 30
26 32
26 34
26 35
26 38
26 53
26 57
26 69
26 70
26 72
26 75
26 79
27 9
27 27
27 31
27 36
28 3
28 9
28 13
28 17
28 27
28 29
28 35
28 46
28 48
28 65
28 68
28 71
28 73
28 86
28 87
28 103
28 104
30 45
30 48
30 49
31 11
31 14
31 25
31 26
31 27
31 29
31 30
31 32
31 42
31 45
31 65
31 67
31 70
31 78
31 83
31 84
31 92
31 94
31 96
33 41
33 43
33 53
34 15
34 21
34 32
34 33
34 41
34 59
34 63
34 67
34 73
34 83
34 84
34 86
34 89
34 91
34 100
34 103
34 108
34 116
34 122
34 129
35 57
35 60
35 61
35 66
35 75
35 78
35 90
35 91
35 97
35 100
35 102
37 41
37 59
37 63
37 70
37 78
37 86
37 90
39 13
39 22
39 29
39 30
39 35
39 49
39 51
39 61
39 63
39 77
39 81
39 86
39 88
39 89
39 103
39 104
39 107
39 111
39 115
39 119
39 125
39 131
39 132
39 142
39 153
39 156
39 160
39 167
39 168
40 3
40 47
40 53
40 116
40 121
40 131
40 132
40 140
40 142
41 30
41 35
42 20
42 21
42 35
42 38
42 50
42 51
43 2
43 11
43 17
43 20
43 23
43 24
43 33
43 47
43 51
43 65
43 80
43 81
43 88
43 98
43 111
43 112
43 114
43 115
43 119
43 120
43 126
43 135
43 142
43 144
43 152
45 14
46 1
46 6
46 13
46 14
46 22
46 23
46 24
46 30
46 36
46 39
46 43
46 51
46 54
46 71
47 3
47 18
47 35
47 50
47 56
47 60
47 61
47 64
47 69
47 74
47 80
47 81
47 90
47 91
47 100
47 104
47 108
47 120
48 26
48 29
48 45
48 47
48 52
48 59
48 68
48 70
48 71
48 77
48 87
48 92
48 93
48 111
48 114
48 118
48 125
49 10
49 12
49 20
49 32
49 36
49 41
49 42
49 51
49 64
49 68
49 71
49 78
49 79
49 98
49 101
49 106
49 108
49 113
49 114
49 120
49 124
51 11
51 13
51 18
51 20
51 21
51 22
51 33
51 42
51 47
51 48
51 56
51 62
51 68
51 69
51 72
51 74
51 76
51 77
51 78
51 98
51 110
51 117
51 121
51 163
51 170
51 176
51 182
51 191
51 205
51 206
51 215
52 54
52 61
52 72
52 74
52 75
52 77
52 79
52 80
52 84
52 88
52 92
52 101
53 12
53 14
54 7
54 9
54 14
54 16
54 36
54 57
54 59
54 63
54 68
54 72
54 88
54 97
54 101
54 112
54 114
54 116
54 119
56 16
56 24
56 26
56 27
56 34
56 51
56 52
56 56
56 63
56 64
56 66
57 50
57 52
57 55
57 57
57 59
57 65
57 91
57 94
57 95
57 100
57 103
57 105
57 120
58 3
58 9
58 10
58 12
58 13
58 42
58 45
58 47
58 48
58 60
58 66
58 74
58 89
58 95
58 96
58 105
58 106
60 2
60 4
60 21
60 22
60 24
61 7
62 14
62 17
62 18
62 33
62 36
62 54
62 57
62 58
62 69
62 70
62 75
62 80
62 83
62 96
62 102
62 103
62 107
62 111
62 116
62 121
62 122
62 131
62 136
62 155
62 156
62 158
62 176
63 6
63 10
64 4
64 14
64 16
64 22
64 26
64 27
65 3
65 9
65 23
65 25
65 27
65 32
65 33
65 38
65 42
65 52
65 55
65 58
65 62
65 69
65 86
66 9
66 12
66 26
66 29
66 38
66 39
66 170
66 171
67 5
68 4
68 9
68 21
68 24
68 25
68 28
68 58
68 82
68 87
68 95
68 100
68 103
68 106
68 110
68 115
70 12
70 15
70 22
70 23
70 30
70 34
70 46
70 48
70 126
70 129
70 132
70 134
70 138
70 139
70 149
70 150
70 153
76 45
76 48
76 50
76 59
76 64
76 80
76 85
76 106
76 109
76 120
76 121
76 136
76 141
76 142
76 143
76 150
76 152
76 154
76 162
76 163
76 165
76 175
79 16
79 17
79 27
79 36
79 39
79 47
79 48
79 49
79 51
79 53
80 1
80 3
80 19
80 31
80 32
80 33
80 37
80 41
80 42
80 49
80 55
80 67
80 69
80 82
80 87
80 88
80 94
80 105
80 123
82 3
82 5
83 8
83 9
83 10
83 11
83 12
83 14
83 22
83 23
83 32
83 37
83 39
83 41
83 42
83 59
83 64
84 8
84 12
85 49
85 56
85 63
85 76
85 77
85 80
85 83
85 87
86 7
87 18
88 1
88 4
88 9
88 14
88 15
88 20
88 26
88 29
88 31
88 35
88 47
88 64
88 69
88 77
88 83
88 87
88 97
88 110
88 113
88 114
88 116
88 119
88 122
88 206
88 217
88 224
88 225
88 241
88 244
88 263
88 265
88 396
88 403
88 415
88 419
88 420
88 423
88 473
88 483
88 496
88 501
88 507
88 511
88 523
88 525
88 526
88 531
88 534
88 535
88 537
89 1
89 3
89 5
90 1
90 15
90 19
91 5
91 12
91 13
91 22
91 29
92 3
92 27
92 30
93 13
93 24
93 25
93 29
93 40
93 48
93 52
93 63
93 65
93 68
93 72
93 87
93 107
95 2
95 9
95 19
95 32
95 48
95 49
95 53
95 56
95 58
95 63
95 69
95 71
95 77
95 88
95 91
95 100
95 105
95 106
95 128
95 129
95 132
95 134
95 139
95 141
95 146
95 158
95 170
95 175
95 176
95 186
95 195
95 197
95 200
95 204
95 215
95 218
95 222
95 264
95 265
95 269
96 62
96 63
97 2
97 3
97 5
97 10
97 13
97 14
97 24
97 30
97 31
97 35
97 38
97 42
97 50
97 59
98 1
98 6
98 7
98 15
98 25
98 30
98 32
98 35
98 36
98 57
102 6
102 11
102 150
102 160
102 161
103 5
104 70
104 72
104 75
104 84
104 89
104 104
104 142
106 4
106 6
106 37
106 45
106 49
108 3
108 11
108 15
108 31
108 34
108 43
108 46
108 48
108 61
108 62
108 63
109 12
109 16
109 18
109 26
109 29
109 41
109 46
110 8
110 30
110 46
110 47
110 51
110 54
110 56
110 63
110 81
110 88
110 91
110 94
110 100
111 16
111 24
111 27
111 29
111 45
111 46
111 64
111 66
111 67
111 78
111 89
111 98
111 106
112 7
112 11
112 14
112 19
112 35
112 36
112 39
112 42
113 9
113 22
113 25
114 77
114 79
114 85
114 91
114 92
114 95
114 96
114 97
114 98
114 105
114 109
114 110
115 3
115 5
115 6
115 11
115 13
115 18
116 2
116 6
116 31
116 45
116 46
116 50
116 51
116 53
116 56
116 62
116 73
116 83
116 90
116 95
116 96
116 165
116 170
116 177
116 181
116 208
116 210
116 212
116 216
116 227
116 232
116 244
118 3
118 4
118 21
118 42
119 4
119 13
