1 17
1 20
1 23
1 25
1 26
1 29
1 30
1 39
1 45
1 49
1 51
1 55
1 59
1 100
1 102
3 5
3 8
3 13
3 18
3 23
3 26
3 32
3 53
4 115
4 119
4 124
4 133
4 136
4 144
5 19
5 25
5 31
5 38
5 46
5 62
5 63
5 67
5 76
5 82
5 106
5 115
5 126
5 130
5 131
5 132
5 141
5 145
7 15
7 16
7 17
7 21
7 26
7 32
7 34
7 37
7 38
7 39
7 55
7 64
7 68
7 77
7 85
7 86
7 93
7 96
7 97
7 99
7 103
7 106
7 156
7 158
7 167
7 170
8 9
8 14
8 22
8 26
8 30
8 37
8 39
8 42
8 52
9 1
9 2
9 19
9 21
9 40
9 57
9 71
9 73
9 77
9 78
9 81
9 89
9 91
9 100
9 107
9 118
10 10
10 24
10 28
10 30
10 37
10 41
10 44
10 45
10 55
10 61
10 66
10 68
10 74
10 86
10 90
10 91
10 94
10 100
11 115
11 117
11 123
11 131
11 133
11 136
11 137
11 141
11 143
11 147
11 164
11 168
11 170
11 175
11 180
11 181
11 186
11 189
11 198
11 202
11 205
11 207
11 214
11 215
11 219
11 228
11 230
11 232
11 238
11 241
11 245
11 246
11 248
12 2
12 6
12 18
12 23
12 29
12 35
12 39
13 3
13 11
13 14
14 25
14 26
14 27
14 33
14 41
14 45
14 47
14 48
15 3
15 10
15 16
15 60
15 67
15 72
15 73
16 5
16 8
16 12
16 15
16 33
16 55
16 57
16 58
16 62
16 65
17 2
17 7
17 9
17 12
17 14
17 30
17 33
17 54
18 18
18 19
18 21
18 34
18 118
18 121
18 125
19 41
19 64
19 66
19 79
19 89
19 90
19 92
20 40
20 48
20 53
20 59
20 71
20 76
20 78
21 4
21 7
21 11
21 148
21 165
22 1
22 4
23 22
24 1
24 3
24 13
24 23
24 32
24 33
24 36
24 38
24 45
24 50
24 61
24 63
24 68
24 76
24 77
24 88
24 101
24 105
24 113
24 235
24 236
24 240
24 241
24 244
24 248
24 250
24 295
24 298
24 301
24 307
24 308
24 314
24 315
24 320
24 323
24 325
24 332
24 338
24 342
24 344
24 348
24 350
24 352
24 364
24 365
24 367
24 371
24 372
24 376
24 378
24 393
24 396
24 414
24 423
24 426
24 434
24 440
24 444
24 446
24 453
24 457
24 465
24 471
24 473
24 475
24 477
24 478
24 496
24 498
24 501
24 506
24 512
24 513
24 519
24 528
24 529
24 531
24 533
24 544
24 547
24 559
24 564
24 580
24 600
24 638
24 641
24 643
24 644
24 645
24 647
24 648
24 652
24 653
25 9
25 10
25 40
26 1
26 3
26 4
26 10
26 13
26 15
29 5
29 7
29 26
29 38
29 44
29 46
29 51
29 74
29 77
29 82
29 85
29 87
29 90
29 92
29 94
29 138
29 139
29 144
29 237
29 238
31 1
31 16
32 10
32 12
32 13
33 78
33 83
33 88
33 90
33 94
33 97
33 101
33 110
33 115
33 118
33 125
33 126
33 128
33 139
33 144
33 154
33 155
33 169
33 172
33 177
33 180
33 186
33 192
33 194
33 202
34 26
34 28
34 45
34 47
34 57
34 58
34 60
34 68
34 80
34 81
34 82
34 85
34 132
34 134
34 141
35 6
35 9
36 3
36 6
36 7
36 15
36 19
36 25
36 28
36 32
36 34
36 38
36 120
36 123
36 130
36 141
36 145
36 152
36 155
36 160
36 167
36 168
36 175
36 184
36 194
36 204
36 208
36 214
36 217
36 230
36 233
36 238
36 253
36 254
36 261
36 265
36 266
36 278
36 284
36 285
36 299
36 312
36 314
36 337
37 8
38 1
38 2
38 9
38 11
38 14
38 24
38 44
38 54
38 59
38 68
38 71
38 75
38 79
38 80
38 81
38 90
38 99
38 100
38 108
38 117
38 118
38 123
38 127
38 129
38 131
39 5
39 13
39 19
39 20
39 22
39 27
39 28
39 31
39 32
39 37
39 42
39 43
39 54
39 78
39 84
39 90
39 91
40 133
40 167
40 169
40 179
41 35
41 41
41 42
41 157
41 160
41 172
41 174
41 176
41 177
41 182
41 189
41 196
41 201
41 208
41 210
41 225
42 3
42 4
42 9
42 12
42 39
42 47
42 48
42 52
42 58
42 61
42 68
42 75
42 78
42 84
42 109
42 115
42 146
42 158
42 162
43 2
44 3
44 8
44 15
44 17
45 1
45 15
45 22
45 38
45 57
47 14
47 15
47 21
47 25
47 35
47 36
47 37
47 45
47 47
47 48
47 53
47 54
47 59
47 79
47 80
47 93
48 5
48 6
48 11
48 18
48 31
48 64
48 75
49 3
49 31
49 34
49 36
49 37
49 39
49 40
50 9
50 12
50 28
50 30
50 35
50 37
50 56
50 62
50 69
50 76
50 86
50 88
50 100
50 102
50 110
51 7
51 18
51 153
51 161
51 174
51 179
51 182
51 193
51 206
51 316
51 317
51 325
51 328
51 330
51 331
51 335
51 339
51 344
51 485
51 486
51 495
51 505
51 514
51 519
51 571
51 577
51 582
51 583
51 587
51 595
51 599
51 600
51 604
51 623
51 625
51 626
51 636
54 27
54 30
54 33
54 37
54 39
54 45
54 64
54 72
54 88
54 89
54 90
54 99
54 109
54 111
54 113
54 118
54 134
54 143
54 144
54 152
54 155
54 168
54 170
54 174
54 183
54 223
54 230
54 232
54 234
54 236
54 239
54 256
54 258
54 262
55 1
55 6
55 7
55 10
55 13
55 22
55 24
55 27
55 30
55 34
55 35
55 44
55 55
55 57
55 69
55 76
55 77
55 80
55 92
55 93
55 100
55 106
55 107
57 130
58 10
58 14
58 17
58 23
58 33
58 36
58 45
59 15
59 19
59 27
59 31
59 37
59 38
59 41
59 48
59 49
59 54
59 55
61 22
61 25
61 31
61 36
62 4
62 7
62 8
62 10
62 20
62 24
62 28
63 8
63 14
63 15
63 21
63 24
63 37
63 50
63 52
63 55
64 3
66 30
66 32
66 34
66 36
66 40
66 43
66 46
66 47
66 51
66 56
66 57
66 66
66 71
66 73
66 75
67 2
68 1
68 9
68 11
68 14
68 17
68 24
68 38
68 46
68 52
68 65
68 69
68 73
68 78
68 85
68 87
68 93
68 96
68 101
68 102
68 104
68 127
69 3
69 8
69 9
69 17
69 22
70 1
70 4
70 5
70 66
70 68
70 86
70 96
70 102
70 173
70 174
70 192
70 195
70 197
70 199
70 205
70 213
70 216
70 224
70 225
70 227
70 229
70 230
70 231
70 233
70 243
70 244
70 255
70 264
70 271
70 347
70 393
70 401
70 403
70 405
70 406
70 409
70 412
70 413
70 422
70 428
70 436
71 10
71 12
71 26
73 36
73 53
73 56
73 57
73 62
73 65
73 179
73 195
73 206
74 5
74 7
74 11
74 19
74 20
74 21
74 153
74 154
74 174
74 180
74 195
75 2
75 4
75 29
75 33
75 42
75 44
80 14
80 22
80 24
80 26
80 35
80 54
81 5
83 59
83 61
83 66
83 70
83 75
83 174
83 181
83 184
83 185
83 186
83 192
83 225
83 229
83 230
84 66
85 3
85 11
85 13
87 1
87 5
87 10
89 29
89 52
89 62
89 63
89 65
89 66
89 74
89 81
89 82
89 86
89 88
89 91
89 107
89 108
89 111
89 112
89 114
89 117
89 118
89 121
89 130
89 131
89 269
89 280
89 285
90 1
90 3
90 15
90 22
90 25
90 26
90 30
90 34
