1 14
2 21
2 38
2 41
2 42
2 50
2 52
4 1
4 2
4 7
4 8
4 18
4 19
4 31
4 33
4 36
4 46
4 47
4 50
4 51
4 60
4 62
4 71
4 90
4 92
4 100
4 106
4 110
4 127
4 136
4 139
4 145
4 154
4 159
5 5
6 2
6 10
7 94
8 7
8 10
8 22
8 31
8 40
8 43
8 48
8 50
8 54
8 56
8 84
8 85
8 87
8 91
8 95
8 96
8 100
8 104
8 123
8 127
8 130
8 131
8 138
8 143
8 148
8 153
8 156
9 1
9 3
9 5
9 12
9 23
9 25
9 26
9 27
9 32
9 33
10 4
10 6
10 7
10 16
10 17
10 21
10 29
10 33
12 2
13 2
13 20
13 22
14 1
14 4
14 8
14 23
15 1
15 11
15 26
15 27
15 30
15 35
15 39
16 46
16 47
16 81
16 85
16 96
16 98
16 99
16 100
16 102
16 112
16 115
16 120
16 122
16 129
16 132
16 136
16 153
16 154
16 259
16 260
16 266
16 268
16 269
16 270
16 277
16 279
16 281
16 282
16 283
16 287
17 41
17 50
17 59
17 62
17 63
17 65
17 67
17 73
17 81
17 83
17 85
17 86
17 108
17 120
17 124
17 135
17 141
17 143
17 145
17 151
17 152
17 171
17 196
17 209
17 210
17 213
17 220
17 229
17 235
17 236
17 237
17 241
17 242
17 250
17 252
17 253
17 255
17 260
18 2
18 5
18 13
19 5
19 14
19 15
19 29
19 31
19 33
19 39
19 57
19 64
19 72
19 78
19 84
19 86
19 93
23 3
23 13
23 14
26 27
28 91
28 94
28 100
29 1
29 7
30 6
30 14
30 16
30 19
30 20
30 25
30 31
30 50
30 61
30 82
30 91
30 94
30 98
30 101
30 102
30 103
30 109
30 112
30 122
30 168
30 169
30 177
30 178
30 179
30 180
30 268
30 274
30 282
30 286
30 320
30 321
30 322
30 325
30 336
30 337
31 32
31 33
31 45
31 56
31 70
31 72
31 73
32 6
32 11
32 23
32 25
32 27
33 12
33 13
33 19
33 22
33 24
33 25
33 27
33 28
33 38
33 48
33 57
33 59
33 65
33 67
35 5
35 7
35 17
35 19
35 25
35 33
35 39
35 48
35 54
35 57
35 60
35 67
35 75
35 77
36 1
36 6
36 9
36 11
36 21
36 25
36 26
36 29
36 32
36 60
36 61
36 64
36 94
36 106
36 109
36 116
36 121
36 123
36 131
36 132
36 134
36 148
36 185
36 190
36 200
36 204
36 211
37 42
37 48
38 10
38 14
38 39
38 46
38 48
38 49
38 55
38 123
38 129
38 145
38 158
38 160
38 173
38 185
38 195
40 174
40 176
41 18
41 19
41 22
41 159
41 161
41 169
41 185
41 189
41 191
41 197
41 200
41 268
41 272
41 281
41 282
41 283
42 3
42 5
42 29
43 2
43 3
43 4
43 8
43 9
43 15
43 17
43 18
45 4
45 6
45 7
45 10
45 26
45 28
45 36
45 39
45 41
45 42
45 54
45 55
45 59
45 73
45 75
45 94
45 106
45 139
46 1
51 6
51 12
51 17
51 26
55 46
55 61
55 63
55 66
55 76
55 87
55 92
55 95
55 108
55 113
55 114
55 116
55 121
55 140
55 144
55 146
55 149
55 152
55 153
55 160
55 177
55 198
55 199
55 202
56 3
56 9
56 19
56 27
56 29
56 32
56 38
56 42
56 45
57 2
57 3
58 3
58 9
58 10
58 66
58 95
58 103
58 145
58 147
58 148
58 155
58 162
58 164
58 170
58 203
58 214
58 223
58 237
58 242
58 246
58 253
58 257
58 260
58 264
58 270
58 277
58 279
58 281
58 383
58 395
58 524
58 525
60 132
60 135
60 138
60 139
60 140
60 143
60 144
60 146
60 151
61 3
61 14
62 46
62 47
62 60
62 62
62 66
62 73
62 74
62 84
65 58
65 78
68 51
68 52
68 56
68 71
68 72
68 76
68 84
68 89
68 92
68 114
68 116
70 18
70 21
70 43
70 44
70 46
70 47
70 49
70 56
70 69
70 86
70 88
70 92
70 104
70 112
70 118
70 123
71 22
71 25
71 39
71 40
74 80
74 84
74 86
74 97
74 100
74 106
74 107
75 69
75 83
75 105
75 106
75 108
75 110
75 134
75 148
75 149
75 150
75 152
75 156
75 157
75 161
75 179
75 181
75 198
75 204
78 4
78 5
78 6
78 7
78 13
78 24
79 3
79 45
79 46
79 53
79 57
79 119
79 126
79 127
79 132
79 147
79 150
79 154
79 155
79 164
79 166
79 167
79 176
79 184
79 187
79 198
79 205
79 207
79 211
79 213
79 215
79 218
79 225
79 227
79 238
79 242
79 247
80 59
80 71
80 109
80 115
80 116
80 119
80 121
80 123
80 138
80 163
80 165
80 168
81 1
81 5
81 17
82 2
82 5
82 13
82 21
82 24
82 26
82 30
82 33
82 52
82 67
82 73
82 79
82 82
82 90
82 104
82 106
82 112
82 113
83 18
83 29
83 47
83 50
83 57
83 68
83 79
83 85
84 86
84 90
84 95
84 100
84 114
84 117
84 121
84 122
84 144
84 154
84 162
84 170
84 189
84 190
84 195
84 200
84 203
84 205
84 208
84 209
84 213
84 224
84 232
84 251
84 262
85 2
85 21
85 24
85 26
85 29
85 32
85 35
85 48
85 64
85 75
85 78
85 106
85 112
85 119
86 31
86 32
86 35
86 37
87 13
87 16
87 17
87 46
87 48
87 56
87 58
87 59
87 62
87 63
87 83
88 2
88 10
88 20
88 22
88 30
88 33
88 36
88 43
88 49
88 51
88 59
88 60
88 68
88 69
88 78
88 80
88 94
88 108
88 109
88 111
88 119
88 134
88 144
88 145
88 146
88 152
89 4
89 6
89 8
89 9
89 11
89 12
89 17
90 2
90 13
90 14
91 80
93 18
93 64
93 78
93 79
93 80
93 82
93 92
93 97
93 98
93 99
93 104
93 117
93 120
93 121
93 130
93 133
93 153
93 156
93 182
93 183
93 184
93 210
93 216
93 218
93 219
93 223
93 228
93 229
93 230
93 231
93 234
93 241
93 249
93 251
93 253
93 262
93 274
93 277
93 283
93 285
94 27
94 34
94 38
94 42
94 47
94 49
94 51
94 56
94 57
94 59
94 66
94 68
95 5
95 11
95 17
95 23
95 24
95 32
95 81
95 102
95 120
95 122
95 125
95 126
95 134
95 139
95 144
96 94
97 2
97 11
97 13
97 24
97 28
97 29
97 31
97 49
97 53
97 54
97 58
97 190
97 194
97 210
97 219
97 229
97 230
97 236
97 239
98 13
98 17
98 20
98 26
98 29
98 32
98 33
98 42
98 45
98 52
98 54
98 56
98 57
98 64
98 92
98 94
98 96
98 98
98 110
98 112
98 114
98 124
98 125
98 126
98 130
99 1
99 4
99 11
99 12
99 20
99 24
99 26
99 27
99 28
99 37
99 40
99 50
99 57
99 64
99 65
99 72
99 78
99 80
99 82
99 85
99 92
99 97
99 98
99 102
99 110
99 118
99 121
99 128
99 135
99 141
99 143
99 148
99 153
99 163
99 165
99 170
99 171
99 175
99 180
99 182
99 183
99 185
99 192
99 215
99 275
99 412
100 3
100 8
100 10
100 39
101 12
101 14
101 21
101 23
101 24
101 27
101 29
106 11
106 13
106 14
106 21
106 30
106 32
106 34
106 38
106 41
106 46
106 49
106 52
106 62
106 63
107 104
107 197
