1 9
1 25
1 28
1 34
1 35
1 37
1 46
1 59
2 7
2 10
2 13
2 18
2 19
2 24
2 32
2 34
3 30
4 7
4 8
4 11
4 15
4 16
4 23
5 29
6 19
6 27
6 29
6 30
7 1
7 4
7 12
7 23
7 25
7 29
7 38
7 50
7 53
7 61
7 68
8 6
8 7
8 19
8 24
8 27
8 34
8 36
8 39
8 41
8 42
8 45
8 49
8 55
8 56
8 60
8 79
8 96
8 98
8 103
8 104
8 110
8 115
8 124
9 1
9 4
10 1
10 2
10 5
10 7
10 10
10 11
10 13
10 21
10 24
10 30
10 37
10 39
10 44
11 8
11 10
11 14
11 16
11 18
11 21
11 22
11 27
11 33
11 40
11 56
11 58
11 63
11 64
11 66
11 74
11 77
11 79
11 86
11 88
11 92
11 101
11 107
11 123
12 8
12 15
12 22
12 25
12 27
12 28
12 32
13 19
13 24
13 27
13 40
13 46
13 57
13 63
13 65
13 67
13 73
13 74
13 81
13 87
13 98
13 105
13 110
13 118
13 129
13 175
13 177
13 194
13 195
13 200
13 202
13 203
13 207
13 213
13 215
13 227
13 239
13 249
13 251
13 256
13 262
13 266
13 278
13 290
13 298
14 4
14 7
14 18
14 21
14 25
14 27
14 49
14 50
14 51
14 57
14 65
14 66
14 72
14 77
14 102
15 3
16 7
16 12
16 25
16 26
17 6
17 13
17 19
17 20
17 59
17 72
17 75
17 96
17 101
17 105
17 122
17 139
17 145
17 149
17 150
18 3
18 8
18 21
18 48
19 17
19 19
19 28
20 1
20 4
20 12
21 1
21 2
21 11
21 14
21 19
21 22
21 23
21 42
21 44
21 46
21 58
21 64
21 66
21 71
21 79
21 90
22 76
22 86
22 112
22 115
22 120
22 126
22 128
22 129
22 137
22 138
22 140
22 141
22 145
22 146
22 149
22 159
22 161
22 165
24 58
24 64
24 91
24 94
24 99
24 104
24 106
24 117
28 45
28 55
28 58
28 63
30 15
30 23
30 39
30 40
31 5
31 9
31 10
31 14
31 16
31 21
31 24
31 25
31 28
31 29
32 4
32 15
32 17
32 55
32 57
32 87
32 88
32 90
32 92
32 94
32 98
32 105
32 106
33 2
33 6
33 8
33 16
33 18
33 28
33 31
33 33
33 34
33 43
33 59
33 60
33 61
33 63
33 64
33 70
33 71
33 74
33 79
33 80
33 83
33 88
33 91
34 9
34 26
34 51
34 52
34 55
36 1
36 4
36 19
36 21
36 41
36 42
36 49
36 50
36 57
36 66
36 67
37 2
37 5
37 13
37 17
37 21
37 37
37 41
37 57
37 62
37 63
37 71
37 93
38 6
38 18
38 21
38 25
38 28
38 30
38 31
38 33
38 38
38 47
38 48
38 52
38 54
38 55
38 56
38 59
39 29
39 34
40 21
40 34
42 67
42 70
42 71
42 86
42 89
42 101
42 103
42 134
42 135
42 137
42 139
42 140
42 145
44 4
44 19
44 42
44 45
44 46
44 50
44 59
44 63
44 64
44 70
44 72
44 74
45 61
45 62
45 73
45 76
45 80
45 81
46 3
46 4
47 7
47 14
47 18
47 27
47 40
47 45
47 47
47 62
47 74
47 99
47 104
47 106
47 122
48 94
48 98
48 100
48 101
48 104
48 112
48 114
48 124
48 128
48 131
48 134
48 136
48 145
48 147
48 152
48 170
48 172
48 175
48 178
49 39
49 49
50 52
50 54
50 56
50 143
50 147
52 71
53 9
54 3
55 15
55 17
55 27
55 29
55 67
55 72
56 2
56 6
56 16
56 18
56 31
57 10
57 11
57 18
57 19
57 40
57 45
57 47
57 53
57 56
57 58
57 64
57 72
57 80
57 85
57 95
57 98
57 99
57 100
57 103
57 105
57 106
57 107
57 111
57 113
58 72
58 79
61 33
61 40
61 41
61 46
61 52
61 53
61 55
61 56
61 58
61 59
61 60
61 196
61 233
61 240
61 241
61 248
61 253
62 1
62 4
62 5
62 21
62 22
62 26
62 45
62 59
62 65
62 73
62 79
62 86
62 104
62 106
62 111
62 112
62 115
62 119
62 122
62 123
62 125
62 138
62 140
62 141
62 147
62 167
62 173
62 182
62 184
62 197
62 199
62 204
62 217
62 219
62 241
62 244
62 245
62 248
62 255
62 258
62 260
62 264
62 277
62 279
62 286
62 292
63 3
63 4
63 6
63 14
64 17
64 19
64 22
64 25
64 39
64 54
64 55
64 61
64 106
64 109
64 239
64 245
65 1
65 2
65 5
65 7
65 9
65 10
65 14
65 21
65 26
65 28
65 37
65 41
65 42
65 45
65 46
65 56
65 61
65 62
66 9
66 10
66 12
66 13
66 22
66 27
66 45
66 48
66 59
66 69
66 82
66 90
66 94
66 97
66 103
66 116
66 128
66 150
66 163
66 166
66 167
67 8
67 16
67 18
67 20
67 22
67 26
67 27
67 28
67 29
67 38
67 40
67 47
67 53
67 59
67 60
67 62
67 68
67 73
68 1
68 63
68 69
68 76
68 95
68 98
68 103
68 105
68 107
68 112
68 116
68 121
68 124
68 127
68 138
68 146
68 159
68 162
68 165
68 171
69 1
69 6
69 10
69 16
69 24
69 32
69 44
69 67
69 68
69 71
69 73
69 82
69 87
69 89
70 6
70 13
70 16
70 20
70 25
70 33
70 41
70 44
70 49
70 50
70 51
70 60
70 62
70 65
70 78
70 80
70 83
71 7
71 17
72 2
72 3
72 9
72 15
72 20
72 22
72 24
72 25
72 39
73 8
73 11
73 15
73 21
74 1
74 9
75 18
75 24
75 32
75 33
75 51
75 70
75 75
75 88
75 91
75 105
75 107
75 120
75 123
75 125
75 128
75 136
75 138
75 142
75 155
75 157
76 10
76 11
76 15
76 22
76 33
76 39
76 43
76 47
76 73
76 80
76 81
76 85
76 87
76 96
76 102
76 103
76 112
76 119
76 122
76 132
77 76
77 83
77 91
77 115
77 117
77 119
77 122
77 124
77 125
77 137
77 142
77 147
77 151
77 155
77 158
77 161
77 170
77 174
77 183
77 186
77 193
77 196
77 198
77 201
77 206
78 1
78 6
78 11
78 13
78 17
78 19
78 30
78 34
78 35
78 47
78 52
78 60
78 61
78 69
78 70
78 75
78 85
78 86
78 94
78 96
78 98
78 99
78 101
78 102
78 108
78 110
78 114
78 123
78 135
78 143
78 147
78 149
78 156
78 164
78 166
78 176
78 178
79 5
79 7
79 8
79 10
79 18
79 24
79 38
79 54
79 56
79 63
79 66
79 68
79 72
80 2
80 5
81 21
81 25
81 27
81 34
81 35
82 122
82 123
82 211
82 213
82 221
82 228
82 231
82 234
82 236
82 249
82 257
82 259
82 261
82 262
82 268
82 269
82 271
82 277
82 279
82 280
82 389
82 392
83 3
83 5
83 9
83 12
83 15
83 30
83 48
83 50
83 161
83 167
83 172
83 185
83 193
84 4
84 5
84 8
84 9
84 10
84 12
84 16
84 24
84 43
84 48
84 54
84 59
84 66
84 69
84 81
84 85
84 87
84 98
84 112
84 116
84 129
84 148
84 149
84 152
84 155
84 162
84 167
84 168
84 171
84 172
84 180
84 182
84 186
84 187
84 189
84 197
84 204
84 205
84 214
84 215
84 227
84 230
84 231
84 235
84 241
84 243
84 244
84 257
84 268
85 67
85 81
86 15
86 16
86 22
87 17
87 18
87 24
87 25
87 27
87 28
87 36
87 38
87 39
88 8
89 2
89 3
89 5
89 6
91 88
91 90
91 92
91 93
91 96
91 98
91 107
91 114
91 122
91 124
91 128
91 142
91 143
91 149
91 150
91 152
91 171
91 172
91 184
91 275
91 280
91 281
91 282
91 294
91 299
91 304
91 309
91 310
91 317
91 327
91 335
91 342
91 354
91 355
91 358
91 359
92 39
92 41
92 44
92 46
92 47
92 51
92 64
92 65
92 74
92 78
92 80
92 84
92 85
92 88
92 93
92 104
92 105
92 106
92 108
92 120
92 125
92 131
92 132
92 141
93 2
93 8
93 16
93 17
93 32
93 57
93 59
93 61
93 62
93 67
93 69
93 72
93 73
93 75
93 85
93 92
93 99
93 112
93 121
93 127
93 131
93 135
93 139
93 145
93 161
93 165
94 3
94 8
94 18
94 20
94 24
94 25
94 34
94 35
94 37
94 38
94 47
94 53
94 58
94 72
94 73
94 79
94 86
96 3
96 14
96 18
96 24
96 27
96 28
96 38
96 158
96 161
96 164
96 167
96 168
96 172
96 174
96 184
96 185
96 197
96 201
96 202
97 2
97 5
97 7
97 11
97 13
97 31
97 32
98 7
98 10
99 3
99 9
99 16
99 17
99 30
99 35
99 44
99 47
99 53
99 59
99 61
99 65
99 79
99 84
99 93
99 102
99 112
99 118
99 127
100 12
100 15
100 21
100 32
100 33
100 38
100 40
100 41
100 193
100 207
100 216
100 217
100 219
100 232
100 233
100 237
100 246
100 250
100 265
100 279
100 280
100 282
100 283
100 285
100 289
100 292
100 293
100 299
100 303
100 307
100 310
100 315
100 322
100 323
100 325
100 328
100 332
100 340
100 342
100 354
100 356
102 54
