3 8
3 16
3 17
3 21
3 22
3 33
4 9
4 11
4 42
4 48
4 50
4 61
4 67
4 68
4 80
6 24
6 26
6 34
6 44
6 46
6 47
7 4
7 6
7 10
7 11
7 38
7 39
7 40
7 68
7 83
7 87
7 88
7 95
7 100
7 101
7 103
7 104
7 107
7 109
7 124
7 131
7 136
7 137
7 143
7 155
7 156
7 158
7 163
7 171
7 179
7 191
7 203
7 221
7 225
7 234
7 235
7 365
7 366
9 71
10 14
10 20
10 27
10 31
10 46
10 49
10 55
10 64
10 66
10 80
10 84
10 87
10 88
10 100
10 102
10 104
10 127
10 133
10 138
10 139
14 84
14 105
14 107
14 109
14 171
14 176
14 177
14 182
14 183
14 186
14 187
14 189
14 202
14 217
14 225
14 231
14 247
15 22
15 26
15 31
15 42
15 43
15 44
15 47
15 49
17 14
17 21
17 26
17 28
17 37
18 12
18 42
18 48
18 56
18 61
18 68
18 70
18 74
18 77
18 78
18 82
18 83
18 85
18 86
18 102
18 111
18 112
18 114
18 123
18 136
18 140
19 5
19 7
19 10
19 20
19 21
19 25
19 46
19 74
19 87
19 90
19 92
19 95
19 108
19 121
19 123
19 126
19 127
19 129
20 6
20 14
20 26
20 30
20 33
20 44
20 51
20 183
20 197
20 204
21 82
22 3
22 6
22 18
22 20
22 28
22 43
22 49
22 52
22 60
22 61
22 65
22 69
22 70
22 71
22 85
22 93
22 94
22 99
22 110
22 114
23 7
23 9
23 13
23 19
23 42
23 43
23 50
23 53
23 54
23 57
23 121
23 123
23 126
23 131
23 132
25 20
25 32
26 38
26 50
26 62
26 72
26 79
26 81
26 84
26 85
26 91
26 97
26 101
26 105
26 112
26 129
27 6
27 7
27 17
28 60
28 68
28 75
29 7
29 10
29 12
29 14
29 16
29 38
29 41
29 47
29 59
29 61
29 64
29 67
29 72
29 96
30 1
30 18
30 23
30 32
30 35
30 48
30 58
30 59
30 69
30 70
30 82
30 89
30 92
30 97
30 117
30 126
30 132
30 140
31 61
31 63
31 70
31 74
31 85
31 90
31 96
31 98
31 105
31 108
31 115
31 117
31 118
31 120
32 3
33 136
33 140
33 142
34 5
34 8
34 10
34 13
34 14
34 21
34 25
34 39
35 1
35 3
35 5
35 99
35 101
35 105
35 106
35 112
35 115
35 116
36 25
36 39
36 107
36 111
36 116
36 117
36 119
36 122
36 124
36 139
36 140
36 146
36 154
36 157
36 161
37 4
37 6
37 136
37 146
37 150
37 171
37 174
37 180
37 185
37 198
38 7
38 9
38 19
38 25
38 27
38 32
38 41
38 44
38 45
38 50
38 51
38 53
38 56
38 57
38 132
38 149
38 152
38 155
38 161
38 166
38 167
38 170
38 179
38 183
38 188
38 192
38 194
38 208
38 210
38 218
38 219
38 225
38 229
38 238
38 241
38 250
38 277
38 285
38 290
39 1
39 7
40 5
40 11
40 14
40 20
40 36
40 45
40 48
41 3
41 5
41 7
41 15
41 29
41 34
41 38
41 39
41 44
41 46
41 50
41 58
41 61
41 64
41 69
41 70
41 82
41 85
41 92
41 97
42 8
42 10
42 13
42 16
42 20
42 48
42 52
42 64
42 74
43 35
43 38
43 46
43 50
43 56
43 58
44 2
44 9
44 10
44 22
45 3
45 9
45 17
45 18
45 19
45 24
45 27
45 29
45 38
45 43
46 10
47 1
47 3
47 7
47 17
47 20
47 27
47 42
47 60
47 73
47 80
47 81
47 84
47 95
48 12
49 27
49 30
50 6
50 15
50 18
50 129
50 130
50 139
50 202
50 206
50 218
50 220
50 225
50 227
50 228
50 229
50 230
50 232
50 233
50 239
50 246
50 253
50 262
50 263
51 6
51 7
52 9
52 16
53 5
53 15
53 19
53 22
53 28
53 30
53 38
53 39
53 40
53 53
53 56
53 57
53 58
53 65
53 72
53 82
53 83
53 90
53 93
53 94
53 97
53 99
53 100
54 7
54 19
54 20
54 21
54 23
54 25
54 28
54 33
54 35
54 37
55 19
55 26
55 39
56 4
56 7
56 10
56 11
56 24
56 30
56 31
56 39
56 57
56 61
56 73
56 86
56 88
56 104
56 121
56 125
56 129
56 135
57 1
57 5
57 13
57 92
57 93
57 100
57 108
57 114
57 117
57 124
57 176
58 1
58 3
58 4
58 10
58 18
58 23
58 24
58 25
58 32
58 38
58 42
58 46
58 58
58 66
58 70
58 74
58 75
58 76
58 87
58 91
58 109
58 111
58 112
58 114
58 115
58 117
58 119
58 121
58 123
58 126
58 129
58 143
58 149
60 37
60 45
60 55
60 56
60 57
60 58
60 62
60 65
60 66
60 69
60 71
60 75
60 76
60 80
60 108
60 112
62 30
62 32
62 33
62 35
62 36
62 38
62 39
62 40
62 50
62 184
62 196
62 206
62 207
63 4
63 10
63 11
63 15
63 28
63 31
63 36
63 50
63 54
63 56
63 57
63 64
63 68
63 69
63 73
63 108
63 117
63 120
63 121
63 127
63 128
63 129
64 2
64 3
64 6
64 10
64 13
64 22
64 29
64 32
64 41
64 47
64 64
64 65
64 68
64 71
64 79
64 80
64 81
64 87
64 88
64 98
64 101
64 110
64 111
64 127
64 142
64 147
64 152
64 158
64 167
64 174
64 180
64 182
64 185
64 186
64 189
64 192
64 197
64 200
64 204
64 205
64 211
64 213
64 222
64 228
64 230
64 234
64 239
64 247
64 248
64 256
64 280
65 4
65 8
65 13
65 17
65 31
65 32
65 162
65 164
65 165
65 171
65 177
65 183
65 186
65 192
65 196
65 204
65 209
65 210
65 214
65 215
65 221
67 29
67 39
67 44
67 51
67 54
67 55
67 67
67 69
69 36
69 44
69 45
69 54
69 64
69 69
69 79
69 92
69 100
72 48
72 49
72 60
72 65
72 66
72 67
72 73
72 74
72 76
72 81
72 93
72 96
72 107
72 109
72 112
75 32
76 1
76 5
76 12
76 23
76 27
76 36
76 45
76 48
76 54
77 101
77 106
77 112
77 117
77 246
77 248
78 6
78 8
78 13
78 29
78 32
78 36
78 37
78 45
78 48
78 52
78 67
78 72
78 82
79 5
79 12
79 29
79 32
79 33
79 41
79 50
79 53
79 73
79 81
79 85
81 34
81 39
81 43
81 47
82 1
82 5
82 8
82 21
83 29
83 33
83 34
83 40
83 45
83 61
83 72
83 76
83 77
83 79
83 103
83 104
83 106
83 109
83 110
83 111
83 113
83 116
83 124
83 126
83 129
83 152
83 157
83 160
83 165
83 175
83 178
83 180
83 182
84 5
84 12
84 18
84 26
85 1
85 3
85 6
85 8
85 9
85 142
85 143
85 145
85 151
85 153
85 161
86 7
86 8
86 14
86 15
86 16
87 11
87 29
87 33
87 34
87 42
87 44
87 57
87 58
87 59
87 66
87 67
87 72
87 78
87 81
87 84
87 91
87 92
87 103
87 118
88 50
88 51
88 59
89 11
89 32
89 46
89 52
89 54
89 55
89 61
89 62
89 64
89 66
89 71
89 84
89 92
89 93
89 97
89 100
89 109
89 113
89 236
89 239
89 247
89 252
89 253
89 260
89 266
89 267
89 280
89 283
89 285
89 294
89 296
89 314
89 332
89 334
89 339
89 345
89 349
89 354
89 355
89 362
89 368
89 371
89 372
89 374
89 387
89 410
89 414
89 426
89 429
89 441
91 37
91 39
91 44
91 67
92 5
92 17
93 58
