2 33
3 3
3 13
3 16
3 17
3 25
3 156
3 158
3 161
3 169
3 170
3 172
4 9
4 23
4 26
4 33
4 36
4 39
4 43
4 45
4 59
4 60
4 65
4 75
4 79
4 80
4 86
4 92
4 94
4 97
4 105
5 2
5 16
5 25
5 33
5 36
5 38
5 45
5 48
5 54
5 57
5 60
6 24
6 35
6 41
6 42
6 43
6 54
6 65
6 71
6 75
6 76
6 83
6 88
6 99
6 106
6 109
6 120
6 121
6 124
6 127
7 1
7 60
7 65
7 69
7 76
7 84
9 46
11 59
11 80
11 82
11 86
11 88
11 89
13 29
14 7
14 8
14 11
14 23
14 25
14 29
18 1
18 2
18 3
18 6
18 16
18 17
18 18
18 20
18 23
18 25
18 31
18 37
18 41
18 45
18 48
18 61
18 66
19 15
19 27
19 28
19 42
19 43
19 57
19 61
19 62
19 125
19 128
19 135
19 146
19 148
19 162
19 181
19 185
19 187
19 188
20 15
20 23
20 24
21 57
21 86
21 87
21 94
21 102
21 107
21 108
21 111
21 133
21 139
21 148
21 150
22 2
22 5
22 8
22 9
22 21
22 23
22 24
22 38
22 168
22 177
22 183
22 184
23 8
23 10
23 18
23 23
23 39
23 52
23 57
23 70
23 72
23 80
23 84
23 88
23 98
23 104
23 114
23 115
23 117
23 120
23 136
23 139
26 61
26 72
26 75
26 78
27 4
29 77
29 85
29 110
29 117
29 136
29 143
29 162
29 163
29 164
29 301
29 309
29 320
29 323
29 327
29 336
29 339
29 348
29 360
29 361
29 371
29 372
29 377
29 391
29 401
29 404
29 414
29 419
29 422
29 426
29 427
29 441
29 444
29 493
29 496
29 500
29 504
29 507
29 513
29 514
29 515
29 517
29 518
30 2
30 4
31 7
31 12
31 15
31 27
34 20
34 21
34 23
34 26
34 30
34 33
34 35
34 43
34 52
34 58
34 63
34 71
34 72
34 73
34 74
34 87
34 88
34 100
34 104
34 105
34 118
36 9
36 14
36 15
36 17
36 20
36 30
36 33
37 5
37 9
37 13
37 25
37 27
37 30
37 32
37 36
37 42
37 45
38 43
38 48
38 50
38 51
38 52
38 53
38 55
38 95
39 19
39 21
39 24
39 30
39 32
39 33
39 40
39 45
39 46
39 49
39 58
39 59
39 65
39 66
39 91
39 93
39 102
39 107
39 108
39 112
39 115
39 120
39 123
39 124
39 129
39 134
39 138
39 141
39 144
39 145
39 148
39 154
39 181
39 191
39 200
39 204
39 206
39 212
39 217
39 220
39 221
39 225
39 228
39 229
39 233
39 236
39 248
39 252
39 253
39 267
39 274
39 279
39 282
39 284
39 285
39 298
39 299
39 317
39 321
39 330
39 334
39 337
39 344
39 346
39 353
39 366
39 371
39 382
40 12
40 19
40 56
40 59
40 70
40 72
40 83
40 90
40 98
40 102
40 110
40 113
40 118
40 119
42 32
43 4
43 24
43 28
43 33
43 35
45 3
45 9
45 10
45 16
46 9
46 10
46 89
46 91
46 92
46 94
46 99
46 103
46 105
46 107
46 111
46 116
46 133
46 135
46 139
46 144
46 148
46 150
46 152
46 153
46 155
46 156
46 163
46 172
46 174
46 179
46 194
46 196
46 198
46 206
46 211
46 219
46 221
46 233
46 234
46 235
46 237
46 242
46 244
46 257
46 262
46 268
46 289
46 290
46 308
47 16
48 6
48 8
48 12
49 1
49 27
49 41
49 42
49 57
49 61
49 63
49 64
49 68
49 70
49 73
49 81
49 84
49 96
49 106
49 111
49 115
49 141
49 151
49 157
49 158
49 162
49 166
49 169
50 11
50 20
50 29
50 31
50 32
50 36
50 37
50 39
50 43
50 49
50 50
50 57
50 69
50 74
50 75
50 76
50 80
50 146
50 154
50 155
50 160
50 162
50 166
50 167
50 175
50 180
50 189
50 195
50 197
50 263
50 264
50 279
50 284
50 287
50 288
51 34
51 44
51 47
51 53
51 59
51 63
54 68
54 72
54 77
54 82
56 17
56 34
56 38
56 44
57 2
57 5
57 9
57 11
57 41
57 43
57 45
57 46
57 54
57 57
57 61
57 71
57 76
57 84
57 85
57 125
61 104
61 106
62 10
62 14
64 40
64 53
64 68
64 69
64 91
64 94
64 99
64 101
64 106
64 107
64 112
64 120
64 126
64 129
64 132
64 140
64 142
64 153
65 1
65 18
65 28
65 32
65 33
65 36
65 37
65 40
65 41
65 42
65 57
65 64
65 72
65 124
65 125
66 58
66 64
66 70
66 80
67 4
67 10
67 13
67 17
67 22
67 25
67 39
67 43
67 46
67 55
67 56
67 69
67 72
67 74
67 85
67 88
67 89
67 90
67 91
67 108
67 109
67 125
67 126
67 139
67 142
68 86
68 87
68 89
68 99
68 128
68 129
68 135
68 138
68 142
69 20
69 52
69 75
70 5
70 13
70 26
70 37
70 38
70 41
70 42
70 52
70 53
70 57
70 59
70 70
70 71
70 72
70 75
70 80
70 86
70 98
70 99
70 103
70 107
70 115
70 120
70 129
70 133
70 140
70 159
70 177
70 178
70 183
70 192
70 199
70 200
70 204
70 217
72 80
72 83
72 90
72 93
72 97
73 4
73 23
73 31
73 37
73 43
73 46
73 49
73 50
73 56
73 58
73 59
73 61
73 63
73 68
73 85
73 88
73 89
73 119
73 122
73 144
73 147
73 151
73 168
73 189
73 320
73 327
73 330
73 334
73 337
73 338
74 33
74 35
74 37
74 41
74 47
74 59
74 60
74 67
74 76
74 85
74 96
74 99
74 102
74 103
74 105
74 115
74 126
74 132
74 159
74 173
74 175
74 177
75 5
75 77
75 79
75 81
75 103
75 114
75 129
75 134
75 141
75 148
75 155
75 157
75 159
75 161
75 163
75 171
75 188
75 194
75 201
75 208
77 129
77 142
77 149
77 155
80 14
80 27
80 29
80 33
80 38
80 41
80 54
80 193
80 196
80 207
80 208
80 214
80 225
80 229
80 234
81 4
81 6
81 7
81 12
81 17
81 43
81 49
82 6
82 10
82 23
82 35
82 37
83 6
83 10
83 12
83 83
83 85
83 91
84 1
84 16
84 22
84 27
84 28
84 29
84 31
84 43
84 56
84 64
84 72
84 73
84 74
84 108
84 109
84 112
84 116
84 119
84 132
84 144
84 209
84 223
84 233
84 247
84 255
84 257
84 261
84 263
84 267
84 268
88 3
88 8
88 19
89 2
89 4
89 8
89 9
89 13
89 19
89 35
89 43
89 46
89 53
89 60
89 67
89 74
89 79
89 91
89 93
89 95
89 97
89 100
89 113
89 120
89 127
89 138
89 162
89 183
89 184
89 191
89 195
89 199
89 207
89 211
89 241
89 242
89 251
89 254
89 259
90 3
90 4
91 2
91 10
91 13
91 15
91 17
91 26
91 27
91 28
91 29
91 32
91 39
91 43
91 57
91 58
91 59
91 60
91 62
91 99
91 102
91 105
91 117
91 119
93 120
93 121
93 125
94 6
94 15
94 18
94 31
94 44
94 52
94 53
94 71
94 74
94 77
94 80
94 86
94 89
94 113
94 122
94 124
94 131
