1 3
1 9
1 10
1 15
1 27
1 31
1 43
1 44
1 52
2 1
2 7
2 16
2 18
2 24
2 25
2 28
2 31
2 34
2 43
2 46
2 49
2 64
2 65
2 81
2 86
2 90
2 93
2 103
2 107
2 121
2 122
2 128
2 130
2 138
2 147
4 9
4 12
4 16
4 17
4 29
4 31
4 45
4 58
4 59
4 62
4 63
4 72
4 74
4 116
4 118
4 122
4 128
4 141
4 142
4 158
4 165
4 170
4 187
4 190
4 197
4 203
4 205
4 214
4 218
4 227
5 92
5 95
5 103
5 108
5 109
8 12
8 26
8 27
8 38
8 39
8 55
8 56
8 65
8 68
8 71
8 72
8 75
8 78
8 80
9 9
9 15
9 28
9 31
9 32
9 44
9 46
9 47
9 48
11 14
11 15
11 17
11 22
11 32
11 36
11 46
11 59
11 80
11 83
11 88
11 112
11 117
11 118
11 124
11 133
11 135
11 147
11 153
11 157
12 20
12 22
12 35
12 37
12 40
12 45
12 65
12 67
12 68
12 69
12 70
12 84
12 93
12 106
12 107
12 119
12 128
12 139
12 143
12 144
12 153
12 154
12 163
12 167
12 173
12 209
12 218
12 222
12 225
12 230
12 233
13 1
13 4
14 1
14 4
14 8
14 18
14 24
14 27
14 35
14 36
14 38
14 40
14 44
14 48
14 59
14 63
14 74
14 88
14 89
14 98
14 105
14 110
14 112
14 115
14 127
14 152
14 153
14 159
14 166
14 171
14 182
14 190
14 206
14 215
14 216
14 219
14 220
15 1
16 2
16 4
16 8
16 9
16 17
16 24
17 26
17 34
17 35
17 43
17 60
17 66
17 77
17 79
17 81
17 88
17 91
17 106
17 107
17 109
17 114
17 117
17 121
17 131
17 135
17 146
17 158
17 165
18 7
20 74
20 84
20 85
20 99
20 100
20 103
20 104
20 105
20 113
20 127
20 131
20 137
20 141
20 142
20 143
20 281
21 15
21 19
21 27
21 28
21 36
21 38
21 56
21 58
21 70
21 71
21 75
21 85
21 98
21 101
21 103
21 115
21 121
21 123
21 131
23 14
23 53
23 56
23 58
23 59
23 70
23 71
23 77
24 38
24 44
24 46
25 2
25 4
25 116
25 117
25 126
25 127
25 134
25 138
25 149
25 152
25 156
25 160
25 162
25 171
25 173
25 185
25 187
26 11
26 12
26 22
26 31
26 34
26 39
26 43
26 49
26 54
26 55
28 10
28 19
28 36
28 38
28 40
28 41
28 59
28 91
28 99
28 100
28 107
28 108
28 113
28 116
28 121
28 129
28 130
28 140
28 151
28 152
28 172
28 180
28 184
28 190
28 201
28 205
28 206
28 217
28 225
28 226
28 228
28 234
28 245
28 256
28 258
28 280
28 287
28 292
28 293
28 300
28 371
28 374
28 390
29 119
29 124
29 127
29 162
29 163
29 180
29 182
29 193
29 198
29 200
29 201
29 211
30 6
30 11
30 20
30 22
30 23
30 24
30 31
30 33
30 34
30 37
30 42
30 47
32 8
32 10
32 19
32 23
32 24
32 27
32 34
32 35
32 42
32 43
32 46
32 55
32 62
32 63
32 70
32 81
32 84
32 93
32 95
32 96
32 106
32 122
32 124
32 127
32 130
32 132
32 133
32 156
32 172
32 174
32 178
33 5
33 16
33 20
33 21
33 28
33 32
33 33
33 49
33 53
33 55
33 60
34 9
34 10
34 24
34 28
34 35
34 42
34 43
34 127
34 128
34 130
34 142
34 144
34 147
34 149
34 155
34 164
34 165
34 170
36 8
36 15
36 18
36 21
36 28
37 6
37 9
37 11
37 12
37 15
37 16
37 19
37 22
37 23
37 28
37 40
37 43
37 45
37 48
37 49
37 53
37 55
37 69
37 77
37 81
37 82
37 84
37 85
37 94
37 115
37 118
37 125
37 128
38 14
38 15
38 17
41 8
41 9
41 12
41 14
41 15
41 19
41 22
41 26
42 16
42 26
42 27
42 30
42 31
42 32
42 33
43 1
43 7
43 139
43 143
43 144
43 145
43 153
43 166
43 213
43 217
43 226
43 227
43 254
43 258
43 266
43 267
43 270
43 276
43 277
43 280
43 281
43 285
43 299
43 302
43 306
43 307
43 314
43 325
43 326
43 333
43 344
43 346
43 348
43 349
43 352
43 356
43 359
43 363
43 370
43 374
43 384
43 390
43 397
43 401
43 408
43 410
43 416
43 422
43 425
43 428
43 429
43 430
43 436
43 446
43 455
43 457
43 459
43 460
43 472
43 475
44 35
44 36
44 40
44 51
44 61
44 63
44 199
44 209
44 229
44 234
46 2
46 3
46 6
46 17
46 25
46 30
46 31
46 35
46 38
46 39
46 45
46 52
46 56
46 68
46 84
46 88
46 91
46 135
46 137
46 140
46 142
46 145
46 148
46 153
46 162
46 167
46 169
46 176
46 177
46 178
46 191
46 202
46 203
46 213
46 221
46 236
46 247
46 248
46 250
46 365
46 366
46 369
46 374
46 375
46 378
46 388
46 389
46 392
46 397
46 408
46 409
46 411
46 412
46 420
46 421
46 422
47 5
47 6
47 12
47 23
47 29
47 33
47 39
47 47
47 55
47 67
47 77
47 80
47 82
47 84
47 87
47 96
47 108
47 109
47 111
47 121
47 125
47 136
47 139
48 1
48 2
48 4
48 10
48 14
48 19
48 22
48 30
48 39
48 44
48 46
48 48
48 52
48 54
48 58
48 60
48 65
48 71
48 72
48 73
48 88
48 102
48 115
48 118
48 120
48 128
48 133
48 138
48 146
48 150
48 157
48 160
48 162
48 165
48 174
48 176
48 192
48 194
48 204
48 294
48 296
48 303
48 311
48 313
48 314
48 315
48 317
48 319
48 330
48 335
48 337
48 338
48 339
48 348
48 353
48 354
48 356
48 358
48 376
48 379
48 468
48 476
48 478
48 481
48 483
48 486
48 490
48 492
48 498
48 500
48 516
48 524
48 526
48 540
48 552
48 553
50 1
50 3
50 6
50 8
50 21
50 25
50 32
50 49
50 56
50 57
50 63
50 79
51 13
51 19
51 22
51 23
51 26
51 28
51 35
52 3
52 6
52 11
53 3
53 6
53 7
53 15
54 1
54 2
54 10
54 11
55 1
56 4
56 7
56 19
58 42
58 43
58 52
58 55
58 62
58 71
58 72
58 74
58 78
58 79
58 87
58 88
58 91
58 92
58 93
58 94
58 97
58 105
58 111
58 116
58 121
58 138
58 160
58 161
58 166
58 167
58 170
58 175
58 179
58 181
58 188
58 191
58 199
58 202
58 234
58 243
58 259
58 261
58 264
59 2
59 14
59 17
59 21
59 22
59 24
59 27
59 30
59 34
59 39
59 44
59 49
59 76
59 85
59 87
59 96
59 99
59 101
59 104
59 107
59 112
59 118
59 122
59 131
59 142
59 148
59 151
59 160
59 163
61 1
61 9
61 11
61 25
61 29
61 30
61 38
61 41
62 3
62 4
62 13
62 16
62 21
63 3
64 81
64 89
64 94
64 101
64 102
64 106
64 124
64 134
64 137
64 150
64 170
64 180
64 190
64 191
64 192
64 197
64 199
64 203
64 204
64 223
64 234
64 254
64 261
64 287
64 289
64 292
65 13
65 15
65 19
65 21
65 29
65 30
65 31
65 32
65 33
65 39
65 41
65 42
65 52
65 58
65 77
65 81
65 87
65 89
65 90
65 93
67 48
67 49
67 58
67 63
67 77
67 81
67 94
67 102
67 109
68 2
68 4
68 6
68 8
68 17
68 29
68 31
68 34
68 43
69 9
69 13
69 14
69 34
69 35
69 43
69 44
69 56
69 58
69 72
69 74
69 88
69 89
69 96
69 98
69 102
69 108
69 111
69 119
70 114
70 117
70 122
70 129
71 2
71 6
71 14
71 16
71 18
71 24
71 27
71 31
71 33
71 39
71 48
71 58
72 68
72 79
72 100
73 9
73 10
73 11
73 12
74 2
74 12
74 14
74 18
74 21
74 36
74 42
74 43
74 45
74 46
74 64
74 79
74 83
74 102
74 107
74 108
74 114
74 130
74 132
75 47
75 54
75 57
76 9
76 16
77 2
77 5
77 9
77 14
77 16
77 19
77 21
77 31
78 5
78 7
78 9
78 14
78 16
78 37
78 40
78 43
78 47
78 48
78 50
78 94
78 98
79 6
79 61
79 72
79 85
79 97
79 105
79 114
79 116
79 121
79 136
80 6
80 12
80 17
80 18
80 19
80 20
80 23
80 34
80 39
80 52
80 54
80 185
80 186
81 10
81 14
81 21
81 26
81 27
81 29
81 36
81 43
82 1
84 19
84 20
84 27
84 39
84 41
84 42
84 48
84 58
84 78
84 84
86 3
86 6
86 19
86 20
87 10
87 14
87 25
87 36
87 37
87 40
87 41
87 118
87 121
87 126
87 129
87 131
87 132
87 136
87 138
87 142
87 145
87 154
87 156
87 158
87 160
87 168
87 171
87 181
87 182
88 4
88 5
88 13
88 20
88 21
88 24
88 79
88 91
88 130
88 140
88 149
88 150
88 151
88 155
88 158
88 160
88 161
88 170
88 172
88 184
88 192
88 200
88 203
88 206
88 208
88 216
88 219
89 1
91 11
91 16
91 26
91 27
91 33
91 49
91 55
91 70
91 74
91 79
91 85
91 86
91 87
91 89
91 116
91 117
91 118
91 123
91 137
91 140
91 144
91 146
91 148
91 149
91 163
91 169
91 174
91 192
92 10
92 12
92 18
92 23
92 62
