1 3
1 5
1 11
1 14
2 71
2 84
2 86
2 92
2 95
2 105
2 108
2 237
2 240
2 247
2 249
2 250
2 266
2 271
2 278
2 279
2 284
2 291
2 303
2 304
2 314
2 315
2 320
2 332
2 335
2 337
2 344
2 350
3 11
3 18
3 22
3 24
3 30
3 32
3 33
4 7
4 13
5 122
5 124
5 131
5 135
5 146
5 156
5 165
5 169
5 176
5 178
5 184
5 192
6 13
6 22
6 26
6 40
6 42
6 44
6 47
6 48
6 63
6 72
6 75
7 9
8 3
8 10
8 21
8 25
8 29
8 48
8 55
8 56
9 1
9 8
9 10
9 12
9 14
9 16
9 24
9 26
9 31
9 32
9 33
9 37
9 47
9 52
9 56
9 61
10 6
10 14
10 18
12 100
12 106
13 10
14 54
14 58
14 60
14 68
14 69
14 75
14 76
14 89
14 90
14 92
14 93
14 102
14 106
14 110
14 119
14 127
14 128
14 135
14 138
14 140
14 147
14 148
14 154
14 164
14 176
14 181
14 182
14 186
14 204
14 222
14 238
14 244
14 254
15 1
15 6
15 11
15 91
15 94
15 95
15 104
15 106
16 1
16 14
16 150
16 156
16 159
16 160
16 163
16 172
16 173
16 192
16 203
17 5
17 6
17 10
17 15
17 17
17 25
17 26
17 28
17 36
17 40
17 57
17 59
17 60
17 75
17 85
17 87
17 91
17 98
17 104
17 105
17 113
18 2
18 6
18 16
18 19
18 20
18 21
18 24
18 28
19 7
19 8
19 16
19 31
19 34
19 56
19 63
19 65
19 73
19 79
19 88
19 94
19 101
19 103
19 106
19 107
19 108
19 111
19 113
19 116
19 122
19 123
19 129
19 133
19 134
19 141
19 144
19 145
19 149
19 154
19 159
19 160
19 169
20 9
20 11
20 18
20 74
20 81
20 85
20 87
20 88
20 100
20 103
20 107
20 117
20 120
20 133
20 134
20 140
20 143
20 149
20 152
20 153
20 158
20 159
22 11
22 12
22 18
22 22
22 23
22 39
22 49
22 51
22 57
22 64
22 67
22 74
22 78
22 89
22 101
23 3
23 4
23 6
23 8
23 13
23 17
24 6
24 9
24 30
24 32
24 43
24 52
24 56
24 62
24 72
24 79
24 82
24 85
24 97
24 99
24 101
24 112
24 118
25 3
25 10
25 12
26 1
26 3
26 6
26 7
26 48
26 50
26 51
26 66
26 117
26 120
27 1
27 6
27 18
27 21
27 37
27 43
27 55
28 47
28 53
28 73
28 74
28 76
28 79
28 84
30 16
30 20
30 26
30 31
30 33
30 34
30 70
30 75
30 78
30 82
33 1
33 13
33 15
33 22
33 24
33 26
33 30
33 45
33 48
33 52
33 54
33 69
33 77
33 91
33 94
33 98
33 116
33 131
33 139
33 149
33 152
33 153
33 154
33 156
33 157
33 160
33 172
33 181
33 194
33 196
35 3
35 7
35 11
35 16
35 90
35 101
35 103
35 118
35 119
35 120
38 7
38 10
38 11
40 1
40 10
41 3
41 4
41 9
41 13
41 22
41 27
41 28
41 29
41 36
41 39
41 57
41 72
41 74
41 76
41 79
41 85
41 86
41 89
43 11
43 19
43 20
43 22
43 28
43 30
43 34
43 37
43 51
43 59
43 60
43 75
43 76
43 86
43 88
43 89
43 91
43 95
43 101
44 15
44 22
44 37
44 42
44 44
44 52
44 54
44 62
44 69
44 70
44 71
44 74
44 78
44 81
44 89
44 103
44 105
44 107
44 108
44 113
44 122
44 125
44 126
44 130
44 131
44 134
44 137
44 138
44 142
44 144
44 146
44 150
44 155
44 164
44 173
44 183
44 194
44 196
44 205
44 211
44 212
44 214
44 219
44 228
44 241
44 242
44 247
44 255
44 267
44 274
44 281
44 282
44 284
44 293
46 8
46 9
46 11
46 21
46 24
46 26
46 32
46 39
46 41
46 44
46 46
46 52
46 53
46 55
46 63
46 65
46 75
47 3
47 4
48 3
48 22
49 3
49 6
49 14
49 15
49 27
49 33
50 9
50 10
50 11
50 12
51 3
51 4
51 18
51 21
51 31
51 36
51 37
51 46
51 50
51 59
51 64
51 65
51 71
51 77
51 80
51 81
51 83
51 93
51 94
51 102
51 111
51 112
51 117
51 119
51 120
51 123
51 125
52 8
52 21
52 24
53 4
53 6
53 8
53 12
53 21
53 52
53 53
53 55
53 56
53 75
53 77
53 88
53 95
53 98
53 100
53 101
53 104
53 107
53 108
54 20
54 24
54 26
54 28
54 34
54 51
54 67
54 74
54 86
55 1
55 3
56 4
56 5
56 8
57 7
57 8
57 12
57 19
57 30
57 33
57 38
57 39
57 41
57 46
57 52
57 53
57 57
57 62
58 1
58 2
58 12
58 15
58 17
58 24
58 25
58 26
59 33
59 58
61 100
61 125
61 140
61 147
61 150
61 151
61 163
62 40
62 41
63 6
63 8
63 18
63 38
65 1
65 4
65 14
65 19
65 24
65 28
65 40
66 3
66 6
66 10
66 11
66 25
66 27
66 29
66 30
66 40
66 46
66 54
66 62
66 67
66 71
66 175
66 189
66 196
66 201
66 203
66 206
66 207
66 212
66 214
66 215
66 216
66 219
66 227
66 244
66 245
66 253
66 268
66 270
66 279
66 315
66 320
66 352
66 354
66 375
66 380
66 384
66 387
66 395
66 397
66 420
66 433
66 437
66 458
66 477
66 480
66 494
66 496
66 500
66 502
66 507
66 509
66 513
66 520
66 527
66 528
67 4
67 5
67 9
67 11
67 12
67 13
67 44
67 51
67 65
67 85
67 86
67 90
67 101
67 111
67 114
67 115
68 19
68 22
68 45
68 51
68 52
68 72
68 77
68 80
68 82
69 4
69 133
69 134
69 137
69 139
69 159
69 161
71 8
71 12
72 3
72 26
72 31
72 35
72 44
72 55
72 63
72 69
72 70
72 81
72 87
72 89
72 93
72 94
73 4
73 11
73 17
73 40
73 46
73 63
73 68
73 74
73 76
73 78
73 81
73 87
73 110
73 126
73 139
73 156
73 162
73 163
73 168
73 178
74 73
74 78
74 84
74 94
74 99
74 107
74 109
74 112
74 116
74 117
74 119
74 125
74 143
74 146
74 148
74 167
74 174
74 178
74 179
74 180
74 181
74 209
74 212
74 216
75 2
75 6
75 7
76 1
76 7
76 14
76 15
76 20
76 23
76 85
76 88
76 96
76 100
76 113
76 117
76 120
76 121
76 124
76 130
76 133
76 135
76 137
76 147
76 150
76 151
76 152
76 154
76 170
76 171
76 174
76 175
76 177
76 179
76 182
77 4
77 25
77 32
77 39
77 52
77 59
77 65
77 137
77 139
77 141
77 146
77 153
77 154
77 160
77 247
77 250
78 6
80 2
82 64
82 67
82 73
82 83
82 100
82 108
82 109
82 111
82 112
82 121
82 250
82 263
82 269
82 281
82 284
82 287
82 289
82 295
82 296
82 300
82 311
82 320
82 331
82 333
82 342
82 346
82 347
82 348
82 349
82 350
82 359
82 372
82 375
83 7
84 2
84 7
84 8
84 17
84 29
84 33
84 37
84 41
84 43
84 45
84 52
84 55
84 57
84 68
85 1
85 19
85 27
85 28
85 31
85 33
85 43
85 44
85 49
85 50
85 51
85 55
85 82
85 85
85 99
85 110
85 116
85 117
85 126
85 263
85 266
85 280
85 282
85 285
85 293
85 302
85 305
85 313
85 315
85 316
85 328
86 2
86 9
86 14
86 26
86 30
86 33
86 38
86 46
86 49
86 52
86 53
86 54
87 1
87 5
87 6
87 9
87 11
87 24
87 28
87 37
87 47
87 49
87 50
87 57
87 60
87 67
87 71
87 74
87 88
87 104
89 5
89 19
89 25
89 29
89 37
89 44
89 46
89 49
89 50
89 51
89 52
90 3
90 7
90 14
90 18
90 19
90 22
90 36
90 54
90 67
90 76
90 172
90 173
90 176
90 184
90 189
90 197
90 201
90 209
90 212
90 215
90 216
90 218
92 2
93 2
93 14
94 133
94 134
94 137
94 138
94 139
94 144
94 148
94 161
94 173
94 174
94 175
94 178
94 183
94 185
94 193
94 199
96 13
97 2
97 6
97 24
98 4
99 1
99 14
99 16
99 23
100 35
100 39
102 3
102 4
102 20
103 78
103 83
103 85
103 90
103 93
103 97
103 200
103 208
103 211
103 212
103 362
103 364
103 376
103 379
103 387
103 388
103 393
103 396
103 400
103 402
103 409
103 410
104 2
104 7
104 11
105 16
105 24
105 49
105 58
105 60
105 67
105 70
105 73
105 81
106 6
106 8
107 4
107 20
107 21
107 25
107 67
