1 6
1 10
1 18
1 21
1 36
1 52
1 54
1 55
1 78
1 80
1 86
2 10
2 11
2 13
2 19
2 20
2 25
2 54
2 126
2 129
2 135
2 154
2 159
2 173
2 175
2 178
2 185
2 196
2 198
2 234
2 235
2 238
2 247
2 250
2 251
2 253
2 257
2 261
3 3
3 5
3 8
3 29
3 33
3 85
3 88
3 93
4 3
4 4
4 8
4 14
4 18
4 23
4 24
4 25
4 28
4 33
4 36
4 49
4 50
4 54
4 60
4 66
4 67
4 77
4 84
4 95
4 103
4 130
5 20
5 25
5 26
5 34
5 40
5 48
5 52
5 57
5 63
5 65
5 67
5 69
5 75
5 87
5 145
5 151
5 159
5 214
5 219
5 220
5 225
5 234
5 242
5 249
6 1
6 6
6 10
6 12
6 18
7 1
7 10
7 38
7 46
7 48
7 58
7 64
8 91
8 99
8 104
8 108
8 159
8 162
8 163
8 169
8 175
8 192
8 193
8 195
8 200
8 203
9 3
9 5
9 12
9 18
9 24
9 25
9 33
9 37
9 40
9 43
9 47
9 54
9 57
9 61
9 62
9 86
9 96
9 98
9 100
9 103
9 104
9 107
9 109
9 113
10 2
10 3
10 8
10 17
10 27
10 46
10 53
10 58
10 66
10 69
10 71
10 77
10 83
10 87
10 97
10 105
10 107
10 111
10 115
10 120
11 6
11 7
11 14
12 3
12 5
12 25
13 17
13 35
13 41
14 6
14 10
14 14
14 19
14 26
14 48
14 50
14 58
15 6
15 15
15 18
15 46
15 50
15 52
15 72
15 83
15 88
15 92
15 116
15 122
15 143
15 147
15 153
15 167
15 182
15 184
15 188
15 194
15 220
15 221
15 224
15 230
15 237
15 238
15 242
15 244
15 259
15 265
16 34
16 38
16 52
16 55
16 69
16 78
16 82
16 85
16 95
16 96
16 98
16 103
16 106
16 118
16 139
17 100
17 101
17 103
17 109
17 114
17 116
17 118
17 120
17 126
17 140
17 167
17 238
17 240
17 243
17 250
17 251
17 256
17 272
17 275
17 277
17 288
17 300
17 306
17 312
17 316
17 317
17 318
17 325
17 330
17 341
17 344
17 349
17 351
17 361
20 24
20 25
20 27
20 30
20 32
20 37
20 44
20 49
20 52
20 53
21 1
21 3
21 4
21 5
21 20
21 21
21 53
21 55
21 66
21 70
21 86
21 89
21 94
21 99
22 11
22 23
22 36
22 45
22 49
22 59
22 60
22 65
22 71
22 73
22 116
22 119
22 124
22 133
22 134
22 148
22 149
22 151
22 153
22 156
22 157
22 165
22 169
22 170
22 173
22 180
22 183
22 186
22 192
22 193
22 194
22 201
22 208
22 217
22 218
22 222
22 225
23 54
23 64
23 65
23 87
23 88
23 89
23 91
23 93
24 1
24 4
24 7
24 8
24 20
24 22
24 30
24 46
26 6
26 11
26 25
26 27
26 30
26 43
26 50
26 54
26 66
27 2
27 18
27 23
27 28
29 95
29 101
29 105
29 106
29 114
29 126
29 142
29 145
29 148
29 150
29 151
29 161
29 163
29 164
29 173
29 184
29 192
29 195
31 17
32 3
32 4
32 6
32 9
32 13
32 15
33 2
33 5
33 13
33 25
33 35
35 7
35 8
36 121
36 122
36 137
36 143
36 149
36 162
36 168
36 173
40 60
40 66
40 71
40 73
40 76
40 95
40 101
40 104
40 110
40 111
40 119
40 129
40 137
40 141
40 146
40 157
40 161
40 166
40 168
40 169
40 173
40 180
40 186
40 194
40 202
40 204
40 214
40 223
41 5
41 7
41 9
41 23
41 26
41 43
41 46
41 47
41 51
41 61
41 67
41 69
41 74
41 84
41 89
41 96
41 117
41 130
41 131
41 133
41 142
41 143
43 35
43 37
43 46
43 57
43 62
43 78
43 80
43 85
45 6
45 12
45 50
45 58
45 65
45 66
45 80
45 136
45 164
45 170
45 178
45 180
45 187
45 195
45 199
45 200
45 215
45 217
45 226
45 232
45 233
45 234
45 242
45 246
45 258
45 261
45 264
45 265
45 269
45 272
45 276
45 285
45 292
45 307
46 4
46 5
46 10
46 14
46 15
46 21
46 33
46 35
46 37
46 40
46 48
46 55
46 60
46 69
46 75
46 76
47 5
47 6
47 17
47 20
47 22
47 27
47 36
47 45
47 49
47 50
47 52
47 59
47 60
47 61
47 68
47 70
47 85
47 89
48 100
49 3
49 4
49 9
49 10
49 11
50 14
50 17
50 18
50 30
50 47
50 49
50 63
50 68
50 82
50 86
50 89
50 93
50 101
51 8
52 6
52 8
52 15
52 17
52 18
52 20
52 28
52 40
52 45
52 47
52 79
52 80
52 84
53 5
53 7
53 9
53 13
54 3
54 9
54 11
54 12
54 17
54 18
55 8
55 9
55 20
55 45
55 48
55 58
55 59
55 64
55 65
58 69
58 78
58 88
58 113
58 114
58 124
58 128
58 130
59 2
59 13
59 15
59 38
59 41
59 45
59 50
59 52
59 53
59 57
59 58
59 64
59 65
59 68
62 1
62 12
62 18
62 30
62 32
62 46
63 108
63 110
63 112
63 115
63 116
63 120
63 121
63 125
63 126
63 128
63 133
63 136
63 149
63 151
63 154
63 159
63 163
64 11
64 13
64 16
64 31
64 37
64 41
64 42
64 43
64 53
64 59
64 61
64 63
64 66
64 69
64 71
64 84
64 90
64 91
64 99
64 105
64 110
65 15
65 18
65 20
65 23
65 28
65 45
65 49
65 50
65 52
66 1
66 2
66 135
66 141
66 150
66 163
66 166
66 167
66 171
66 300
66 308
66 317
66 329
66 337
66 343
66 344
66 345
66 351
66 356
66 358
66 359
66 360
66 362
66 371
66 373
66 379
66 381
66 387
66 388
66 395
66 407
66 410
66 418
66 422
66 431
66 457
66 459
66 532
66 535
66 540
66 543
66 549
66 556
66 562
66 563
66 565
66 574
66 575
66 578
66 587
66 588
66 593
66 594
66 595
66 601
66 603
66 604
66 616
67 2
68 5
68 19
68 20
68 28
71 61
71 64
71 65
71 71
71 78
71 97
71 98
71 104
71 105
71 112
71 120
71 121
72 14
73 5
73 6
73 30
73 36
73 41
74 40
74 49
74 51
74 58
74 59
74 72
77 49
77 55
77 58
77 59
77 78
77 80
77 83
77 84
77 86
77 87
77 88
77 120
77 122
77 127
78 1
78 3
78 6
78 12
78 13
78 14
79 10
79 16
79 18
79 29
79 34
80 1
81 3
81 4
81 9
81 18
81 34
81 42
81 54
81 57
81 61
81 66
81 78
81 80
81 85
81 95
81 103
81 105
81 111
81 112
81 113
81 120
81 126
81 129
81 132
81 135
81 139
81 141
81 150
81 155
81 159
81 160
81 175
81 178
81 181
81 182
81 188
81 189
81 200
82 7
82 9
84 29
84 31
84 36
84 39
84 42
84 47
84 48
84 52
84 55
84 59
84 80
84 82
84 83
84 86
84 96
84 97
84 107
84 116
84 119
84 122
84 131
85 6
85 11
85 14
85 15
85 27
86 2
86 4
86 8
86 9
86 20
87 5
87 6
87 17
88 3
88 4
88 5
88 8
88 11
88 16
88 20
88 24
88 39
88 42
88 48
88 55
88 64
88 72
88 83
88 89
89 6
89 7
89 8
89 23
89 34
89 37
89 38
89 39
89 40
90 1
90 13
90 19
91 9
91 15
91 24
91 26
91 32
91 36
91 39
91 40
91 44
91 50
91 58
91 75
91 95
91 101
91 102
91 109
92 20
92 27
92 29
93 16
93 29
93 55
93 57
93 68
93 69
93 74
93 77
93 86
93 89
93 90
97 13
97 17
97 28
97 31
97 35
97 37
98 2
98 4
99 98
99 100
99 102
99 104
99 105
100 24
100 39
100 40
100 50
100 58
100 74
100 77
100 82
100 85
100 87
100 97
100 108
102 6
102 7
103 2
103 9
103 10
103 12
103 14
103 71
103 75
103 82
103 84
103 87
103 91
103 92
103 102
103 103
103 138
103 164
103 168
103 171
103 173
103 177
104 4
104 5
105 5
105 6
105 8
105 27
105 29
105 31
105 33
105 48
105 62
105 73
105 75
105 86
106 8
106 19
106 31
106 32
106 33
106 37
106 133
106 134
