1 6
1 12
1 15
1 16
1 27
1 28
1 33
2 2
3 4
3 10
3 13
3 17
3 20
3 23
3 25
4 30
4 39
4 40
4 49
4 50
4 51
4 60
4 61
4 64
4 66
4 69
4 81
4 83
4 93
4 96
4 97
4 108
4 110
4 114
4 116
4 117
4 121
4 128
4 131
4 153
4 284
4 292
4 293
4 294
4 301
4 304
4 305
6 44
6 48
6 102
6 103
6 111
6 116
6 120
6 130
6 139
6 144
6 151
6 157
6 162
7 14
7 16
7 21
8 9
8 11
8 18
8 21
8 32
8 37
8 38
8 47
8 52
8 55
8 63
8 76
8 80
8 131
8 142
8 143
8 152
8 160
8 161
8 163
8 166
8 175
9 2
9 4
9 8
9 9
9 139
9 142
9 153
9 154
9 169
9 171
9 177
9 185
9 190
9 193
9 196
9 208
9 210
9 213
9 214
9 229
9 230
9 237
10 35
10 36
10 39
10 50
10 54
10 56
10 61
11 97
11 110
11 111
11 112
11 115
11 122
13 26
13 31
14 18
14 22
14 33
14 41
14 49
14 51
14 55
14 56
14 60
14 63
14 67
14 74
14 77
14 105
14 109
14 113
14 116
16 10
17 2
17 9
17 10
17 19
18 6
18 10
18 12
18 17
20 2
20 6
20 15
20 19
20 27
20 29
20 31
20 32
20 38
20 48
20 53
20 57
20 60
20 68
21 37
21 39
21 41
21 147
21 157
21 159
21 171
21 195
21 200
21 202
21 227
22 2
22 15
22 18
22 21
23 12
23 14
23 22
23 38
23 47
23 51
23 54
23 71
23 128
23 130
23 141
23 145
23 146
23 195
23 198
23 199
23 201
24 22
24 24
24 27
24 31
24 52
24 56
24 66
24 72
24 82
25 44
25 47
25 50
25 57
25 58
25 62
25 69
25 86
25 95
25 104
25 108
25 109
25 133
25 137
25 144
25 157
25 159
25 252
25 257
25 258
25 271
25 276
25 281
25 294
25 296
25 310
25 313
25 323
25 329
25 345
25 360
25 379
25 382
25 385
25 386
25 391
25 397
25 405
25 412
26 7
26 16
26 30
27 2
27 8
27 9
27 16
27 28
27 32
28 54
28 66
28 72
28 81
28 86
28 98
28 100
28 115
28 120
28 121
28 130
29 2
30 2
31 2
31 14
31 27
31 36
32 3
32 34
32 35
32 36
32 38
32 91
32 92
32 94
32 97
32 104
34 5
34 6
34 14
34 22
34 24
34 26
34 34
34 37
34 43
34 57
34 66
34 67
34 69
34 75
34 77
34 79
35 2
35 7
35 10
35 28
35 41
35 47
35 55
35 59
35 61
35 65
35 81
35 85
35 88
35 93
35 96
35 101
35 102
35 105
35 122
36 121
36 125
36 132
36 146
36 149
36 153
36 154
36 159
36 160
36 169
36 176
36 178
36 184
36 229
36 233
36 242
36 251
36 255
36 256
37 2
37 3
37 13
37 15
37 17
37 29
37 31
37 35
37 40
38 7
38 17
38 21
38 24
38 30
38 35
38 36
38 37
38 39
38 41
38 44
38 51
38 64
38 66
38 74
38 77
38 84
38 87
38 88
38 110
38 113
38 114
38 121
38 126
38 128
38 141
38 146
38 147
38 163
38 164
38 171
38 172
38 178
38 186
38 197
38 217
38 219
38 223
38 224
39 53
39 56
39 57
39 60
39 63
39 105
39 126
39 127
39 130
39 131
39 136
39 137
39 153
39 161
39 163
39 173
40 1
40 8
40 15
40 21
40 66
40 69
40 70
40 77
40 93
40 103
40 108
40 111
40 114
40 123
40 125
41 75
41 79
41 86
41 88
43 15
43 19
43 21
43 23
43 25
43 28
43 30
43 31
44 70
44 73
44 81
44 86
44 92
44 94
44 99
44 102
44 103
44 107
44 181
44 183
44 189
44 197
44 202
44 211
44 221
45 19
45 29
45 35
45 37
45 38
45 48
46 8
46 12
46 18
46 20
46 23
46 24
46 29
46 30
46 41
46 44
46 48
46 57
47 1
47 7
47 14
47 29
47 54
48 1
48 2
48 11
48 17
48 24
48 31
48 35
48 133
48 139
48 142
48 144
48 145
48 146
48 149
48 159
48 169
48 170
48 182
48 184
48 186
48 187
48 191
48 199
48 201
48 205
48 207
50 4
50 11
50 18
50 21
50 29
51 1
51 12
51 13
51 21
51 31
51 37
54 6
54 19
54 23
54 28
54 32
54 34
54 38
54 40
54 42
54 49
54 51
54 52
54 53
54 56
54 57
56 14
56 17
56 33
56 37
56 42
56 62
56 196
56 204
56 207
56 212
56 221
56 250
56 253
56 255
56 256
56 269
56 279
56 282
56 295
59 10
59 12
60 2
60 7
60 13
60 26
60 27
60 38
60 46
63 41
63 86
63 93
64 9
64 60
64 66
65 2
65 6
65 74
65 76
65 77
65 84
65 86
65 89
66 19
66 30
66 31
66 33
66 51
66 55
66 57
66 59
66 63
66 76
66 87
66 90
66 101
66 106
66 108
66 120
66 124
66 129
66 131
66 135
66 136
66 144
66 145
66 149
66 152
66 161
66 165
66 174
66 182
66 186
66 187
66 194
66 201
66 217
66 221
66 222
66 228
67 1
67 2
67 5
67 7
67 13
67 17
67 22
67 23
67 26
67 43
67 98
67 101
68 49
68 83
68 93
68 98
68 100
69 16
69 20
71 3
71 12
71 16
71 21
71 25
71 26
71 37
71 48
71 50
71 54
71 57
71 76
71 78
71 86
71 106
71 110
71 111
71 135
71 137
71 142
71 147
71 154
71 157
71 158
71 165
71 174
71 182
71 183
71 185
72 1
72 6
72 15
72 20
72 22
72 26
72 43
72 59
72 115
72 121
72 123
72 128
72 129
72 131
72 136
72 146
72 149
72 151
72 168
72 234
72 244
72 249
72 250
72 258
72 262
72 266
72 280
72 283
72 285
72 287
72 289
72 294
72 306
72 308
72 312
73 3
73 8
73 14
73 17
73 18
73 24
73 26
73 29
73 32
73 36
73 37
73 39
73 55
73 56
73 60
73 63
73 68
73 71
74 5
76 1
77 7
77 12
77 15
77 18
77 25
77 27
78 2
78 5
78 8
78 15
78 16
78 20
78 21
78 25
78 27
78 29
78 30
78 36
78 40
78 56
78 64
78 72
78 103
78 104
78 108
79 1
79 9
79 17
79 24
79 26
79 37
79 111
79 113
80 13
82 4
82 5
82 7
82 9
82 14
82 26
83 1
83 3
83 5
86 87
86 94
87 13
87 22
87 25
87 34
87 41
87 45
87 47
87 51
87 70
87 76
87 82
87 83
87 84
87 89
87 95
87 169
87 172
87 174
87 179
87 183
87 184
87 309
87 320
87 328
87 329
87 350
93 36
93 37
93 40
93 49
93 55
93 64
93 67
94 29
94 39
94 58
94 61
94 84
94 90
94 92
94 100
95 51
95 55
95 56
95 58
95 65
95 66
95 85
95 91
95 139
95 149
95 155
95 158
95 162
95 173
95 321
95 323
95 325
95 337
95 340
95 399
95 402
95 410
95 411
95 442
95 448
95 450
95 458
95 465
95 472
95 474
95 488
95 517
95 519
95 521
97 16
97 18
97 28
99 22
99 112
99 117
99 119
99 140
99 149
101 1
101 2
101 9
101 15
101 17
101 20
102 9
