1 15
1 19
1 29
1 33
1 34
1 38
1 41
1 46
1 54
1 70
1 71
1 83
1 84
1 87
1 89
1 94
1 97
1 99
1 106
2 8
3 1
3 3
3 6
3 8
4 10
4 20
5 3
5 4
5 47
5 48
5 52
5 72
6 11
6 21
6 32
6 38
6 40
6 47
6 48
6 54
6 55
6 81
9 4
9 5
9 9
9 15
9 28
9 33
9 35
9 36
9 44
9 46
9 47
10 16
10 21
10 27
10 29
10 31
10 32
10 39
10 40
10 41
10 42
10 58
10 60
10 87
10 92
10 104
10 107
10 109
10 113
10 117
10 122
10 130
10 131
10 145
10 152
10 161
10 170
10 177
10 178
10 184
10 193
10 194
10 203
10 204
10 217
10 248
10 253
10 256
10 277
11 30
11 37
11 52
11 61
11 63
13 33
13 35
13 38
13 43
13 54
13 59
13 63
13 69
13 74
14 20
14 26
14 28
14 32
14 39
14 45
14 49
14 51
14 58
14 62
14 67
14 71
16 92
16 101
16 108
16 117
16 120
16 124
16 125
16 131
16 133
16 134
16 145
16 147
16 148
17 5
17 6
17 8
17 9
17 16
17 25
17 33
17 36
17 40
17 46
17 49
17 51
17 54
17 57
17 65
17 75
17 87
17 88
17 91
17 97
17 99
17 107
17 113
17 122
17 126
17 128
17 129
17 131
17 133
17 152
17 155
17 165
17 167
17 171
17 174
17 198
18 8
18 9
18 14
18 16
18 34
18 38
18 41
19 1
19 23
19 32
19 39
19 42
19 45
19 47
19 50
19 58
19 61
19 66
19 67
19 68
19 71
19 72
19 74
19 75
19 78
19 84
19 86
19 112
19 113
19 117
19 119
19 136
19 154
19 159
19 171
19 173
19 178
19 181
19 194
19 199
19 204
19 205
19 208
20 15
20 17
20 19
20 37
21 13
21 25
21 29
21 38
21 39
21 44
21 50
21 52
21 60
21 64
21 69
21 73
21 86
21 89
21 110
21 114
21 124
21 256
21 265
21 267
21 290
21 292
21 295
21 310
21 314
21 327
21 332
21 464
22 6
22 8
22 29
22 36
22 60
22 62
22 70
22 81
22 100
22 102
22 103
22 105
22 106
22 107
22 110
22 113
22 123
22 126
22 128
22 134
22 141
22 142
22 174
22 178
22 181
22 182
22 185
22 187
22 191
22 192
22 201
24 4
25 24
25 25
25 30
25 31
25 40
25 143
29 12
29 13
29 17
29 18
29 20
29 22
30 103
30 185
30 186
30 188
30 189
30 197
30 202
30 203
30 206
30 218
30 226
30 227
30 228
30 229
30 237
30 253
30 255
30 260
30 261
30 272
30 273
30 283
30 288
30 289
30 292
30 294
30 298
31 10
31 11
31 22
31 168
31 177
31 180
31 192
31 195
31 215
31 219
31 229
31 233
31 237
31 238
31 245
31 248
31 256
31 261
32 3
33 17
33 21
33 24
34 8
35 2
35 3
35 4
35 7
35 40
35 41
35 47
35 65
35 69
35 71
35 73
35 76
35 81
36 18
36 20
37 3
37 5
37 6
37 13
37 147
37 157
37 158
37 159
37 161
37 165
37 172
37 174
37 182
37 184
37 185
37 187
38 54
38 63
38 68
38 77
38 116
38 121
38 132
38 193
38 200
39 3
39 4
39 18
39 28
39 35
39 48
39 49
39 50
41 84
41 86
41 87
41 90
41 107
41 112
41 113
42 2
42 8
42 25
42 28
42 38
42 39
42 41
42 48
42 72
43 13
43 24
43 27
44 2
44 8
44 10
44 16
44 24
44 25
44 32
44 34
44 53
44 58
45 49
45 50
45 52
45 55
45 61
45 69
45 85
45 87
45 94
45 97
45 98
45 105
45 113
46 1
46 4
46 10
46 24
46 26
46 31
46 34
47 42
47 43
47 47
47 48
48 1
48 2
48 122
48 131
48 138
48 143
48 153
48 171
48 172
48 180
48 185
48 186
48 187
48 200
48 201
48 202
48 206
48 208
48 215
48 219
49 10
49 16
49 17
49 21
49 22
49 28
49 35
49 37
49 45
49 74
49 75
50 4
50 5
50 7
52 44
52 48
52 51
52 56
52 61
52 68
52 72
53 47
53 48
53 49
53 56
53 60
53 62
53 65
53 66
53 81
53 89
53 101
53 112
53 114
53 128
53 132
53 133
53 137
53 139
53 141
53 142
53 145
53 157
53 165
53 166
53 167
53 178
53 183
53 184
53 185
53 188
54 68
54 69
54 72
54 75
55 98
55 105
55 107
55 109
56 9
56 12
56 14
56 15
56 18
56 29
56 30
56 31
56 40
56 49
56 58
56 65
56 71
57 3
57 9
57 13
57 91
57 93
57 95
57 102
57 112
57 114
57 115
57 116
57 119
57 121
57 128
57 135
57 137
57 143
57 157
57 159
57 160
57 179
57 180
57 182
57 188
57 193
57 194
57 196
57 200
57 201
57 203
57 208
57 211
57 214
57 227
57 247
58 4
58 7
58 9
58 16
58 17
58 24
58 57
60 7
60 11
60 61
60 69
60 72
60 78
60 86
60 94
60 110
60 111
60 112
60 133
60 144
60 145
60 163
60 187
60 193
60 288
60 289
60 292
60 294
60 301
60 316
60 323
60 327
60 328
60 342
60 347
60 351
60 354
60 355
60 371
60 375
60 382
60 391
60 410
60 414
60 428
60 434
60 436
60 439
60 440
60 443
61 4
62 3
62 4
62 6
62 11
62 25
62 27
62 32
62 45
63 6
63 16
63 26
63 40
63 51
63 52
63 55
63 67
63 82
63 84
64 37
64 39
64 41
64 42
64 43
64 50
65 2
65 6
65 22
65 31
65 40
65 42
65 53
65 69
65 73
65 74
65 80
65 81
65 90
65 92
65 93
65 101
65 126
65 128
65 136
65 147
65 148
65 157
65 159
65 177
65 193
65 195
65 201
65 205
65 207
66 11
66 15
66 17
66 18
66 20
66 26
66 29
66 37
66 40
66 43
66 50
66 58
66 64
66 65
66 67
66 68
66 127
66 134
66 144
66 148
66 152
66 155
66 182
66 191
66 194
66 195
66 209
67 34
67 37
67 60
67 72
67 78
67 82
67 104
67 106
67 109
67 111
67 113
67 116
67 120
67 126
67 129
69 5
69 17
69 22
69 26
69 33
69 40
69 46
69 59
70 10
70 20
70 23
70 27
70 28
70 33
70 36
70 48
71 3
71 5
71 20
71 23
71 26
71 30
71 40
72 1
72 2
72 60
72 72
72 81
72 82
72 207
72 212
72 213
72 215
72 228
72 235
72 238
72 241
72 245
72 254
72 260
72 262
73 2
73 5
73 13
73 15
73 20
73 22
73 33
73 35
73 48
73 55
73 56
73 57
73 59
73 189
73 190
73 200
73 201
73 203
73 204
73 206
73 213
74 1
74 4
77 74
77 104
77 108
77 111
78 4
78 8
79 5
79 8
80 17
80 34
80 39
81 1
81 3
81 7
81 9
81 23
81 31
81 33
81 37
81 44
82 9
82 11
82 41
82 45
82 56
82 63
82 65
82 69
82 73
82 83
82 85
82 86
82 92
82 105
82 116
82 134
82 143
82 150
82 155
83 5
83 20
83 23
83 24
83 25
83 27
83 32
83 34
83 35
83 50
83 51
83 52
83 53
83 55
83 60
84 69
84 70
85 36
85 41
85 42
85 44
85 46
85 54
85 57
85 63
85 64
85 82
85 83
85 88
85 98
85 103
85 105
85 109
85 116
85 119
85 120
86 54
86 57
86 59
86 83
86 110
86 117
86 133
86 138
86 139
86 141
86 155
86 168
86 177
86 178
86 205
86 215
86 219
86 221
86 233
86 234
86 239
86 259
86 266
86 267
86 369
86 370
86 379
86 411
86 412
86 421
86 433
86 435
86 441
86 446
86 450
86 454
87 2
87 9
87 19
88 4
88 7
88 9
88 22
88 23
88 36
88 39
89 9
89 11
89 13
89 142
89 143
89 146
89 155
89 159
89 165
89 290
