1 4
1 15
1 17
1 18
1 20
1 21
1 23
1 24
1 30
1 35
1 36
1 37
1 46
1 48
1 157
1 162
1 166
1 174
1 178
1 185
1 199
1 203
1 213
1 216
1 227
1 229
1 246
1 260
1 262
1 263
1 269
1 271
1 276
1 283
1 286
1 415
1 417
1 431
1 432
1 440
2 7
2 9
2 18
2 28
2 29
2 38
2 42
2 43
2 76
2 81
2 236
2 237
2 243
2 244
6 6
8 108
8 115
8 132
8 136
8 146
8 147
10 35
10 40
10 43
10 45
10 55
10 58
10 61
10 65
10 66
10 82
10 83
10 93
10 97
10 109
10 110
10 126
10 127
10 132
10 136
10 139
10 141
10 159
12 108
12 115
12 116
12 118
12 127
12 134
12 145
12 162
12 191
12 196
12 201
12 205
12 207
12 208
12 213
12 216
12 225
12 226
12 230
12 238
12 241
12 244
12 249
12 250
12 269
12 271
12 273
12 275
12 282
12 285
12 288
12 293
12 295
12 302
12 305
12 306
12 311
12 314
12 348
12 350
12 359
12 363
12 378
12 387
12 388
12 396
12 398
12 403
12 406
12 408
12 418
13 1
13 6
13 15
13 21
13 22
13 23
13 30
14 28
14 41
14 42
14 90
14 91
14 99
14 101
14 106
14 126
14 129
14 134
14 138
14 139
14 141
14 153
14 170
14 196
14 197
14 209
14 214
14 229
14 231
15 64
15 69
15 95
15 101
15 113
15 130
15 131
15 132
15 138
15 143
15 146
15 147
15 152
15 173
15 176
15 177
15 179
15 192
15 208
15 215
16 13
16 19
16 23
16 26
16 27
16 31
16 36
16 39
16 43
16 53
16 54
16 72
16 73
16 80
16 84
16 88
16 99
16 111
16 115
16 117
18 6
18 11
18 12
18 20
19 2
19 9
19 16
19 25
20 1
20 4
20 6
20 8
20 10
20 13
20 18
20 23
20 28
21 2
21 10
21 15
21 23
21 24
23 41
24 14
24 16
24 18
24 22
24 26
24 28
24 39
24 44
24 45
24 46
24 49
24 51
24 52
25 1
25 7
25 8
25 149
25 155
25 165
25 168
26 110
27 22
27 23
27 34
28 4
28 6
28 7
28 10
28 11
28 14
28 16
28 19
28 27
28 35
28 53
28 54
28 61
28 64
28 74
28 77
28 79
28 89
28 91
28 96
28 105
29 2
29 3
29 7
29 8
29 27
29 48
29 59
29 61
29 65
29 68
29 72
29 75
30 2
30 4
30 13
30 14
30 37
30 39
30 40
30 53
30 57
30 65
30 69
30 71
30 74
31 12
32 2
32 18
32 20
32 29
32 31
32 39
32 42
32 44
32 49
33 4
33 5
33 42
33 57
33 62
33 68
33 71
33 77
33 79
33 83
33 85
33 89
33 98
33 101
33 102
33 104
33 109
33 116
33 117
33 127
33 128
33 130
33 141
33 145
33 147
33 158
33 166
33 167
33 195
33 262
33 264
33 271
33 273
33 274
33 280
33 281
33 296
33 298
33 310
33 319
34 1
34 3
34 16
34 18
34 19
34 20
34 26
34 29
34 30
34 34
35 42
35 53
35 58
35 62
35 65
35 67
35 70
35 75
35 87
35 94
35 100
35 105
35 115
35 119
35 124
35 133
35 147
35 153
35 156
35 318
35 332
35 354
35 359
35 362
37 96
37 104
37 122
37 129
37 137
37 149
37 156
37 160
37 161
38 2
38 14
38 23
39 67
42 74
42 78
42 94
42 103
42 111
42 112
42 116
44 38
44 44
44 45
44 50
45 20
45 21
45 25
45 31
45 35
45 39
45 43
45 44
45 53
45 199
45 209
45 213
45 214
45 220
45 238
45 239
45 242
45 252
46 4
46 6
46 16
46 17
46 18
46 28
46 159
46 168
46 180
46 186
46 187
46 194
46 201
46 207
46 209
46 212
46 215
46 219
46 222
46 229
46 243
46 250
46 253
46 268
46 288
46 291
46 299
46 303
46 309
46 311
46 317
46 320
46 326
46 331
46 341
46 347
46 350
46 361
46 366
46 372
46 377
46 379
46 381
46 388
46 389
46 391
46 395
46 399
46 405
46 409
46 412
46 423
46 425
46 430
46 432
46 445
46 450
46 460
46 462
46 467
47 1
47 2
47 5
47 6
47 7
47 12
47 20
47 23
47 29
47 30
47 41
47 97
47 103
47 104
48 14
48 16
48 21
48 26
48 29
48 32
49 48
49 49
49 56
49 65
49 69
49 73
50 14
50 18
50 19
50 43
50 48
50 50
50 68
50 72
50 73
50 78
50 88
50 90
50 92
50 96
50 97
50 100
50 107
50 117
50 129
50 131
50 138
50 145
50 153
50 155
50 158
50 163
50 164
50 172
50 175
50 176
50 177
50 182
50 185
50 186
50 190
52 30
55 42
55 57
55 64
55 67
55 70
55 72
55 74
55 75
55 95
55 102
55 105
55 106
55 118
55 123
55 127
55 132
56 58
56 67
56 72
56 74
56 76
57 48
57 58
57 67
57 69
57 74
57 75
57 78
57 85
57 94
57 95
57 98
57 108
57 111
57 113
59 49
59 53
59 54
59 57
59 58
59 65
59 66
59 67
59 72
59 75
59 76
59 79
59 85
59 86
59 92
60 66
60 68
60 78
60 81
60 84
60 88
60 90
60 94
60 103
60 110
60 116
60 119
60 120
60 122
61 4
61 9
61 15
63 11
64 4
64 8
64 11
64 19
64 20
64 26
64 29
64 36
64 37
64 39
65 1
65 3
66 7
66 8
68 13
68 21
68 23
68 26
68 34
68 40
68 42
68 48
68 50
68 51
68 57
68 67
68 70
68 71
68 73
68 93
68 95
68 109
68 117
68 134
68 138
69 9
69 14
69 20
69 25
69 28
69 31
71 48
71 58
71 61
71 64
71 68
71 69
71 84
71 85
71 90
71 93
72 1
73 75
73 82
73 89
73 91
73 94
73 100
73 150
73 180
73 191
73 200
74 2
74 4
74 20
74 24
75 5
76 17
76 30
76 33
76 36
76 55
76 57
77 9
77 10
77 23
77 45
77 49
77 51
77 55
77 64
77 86
77 88
77 90
77 94
77 96
77 100
77 105
78 129
78 137
78 140
78 143
78 145
78 149
78 162
80 33
80 35
80 37
80 39
80 43
80 50
80 52
80 53
80 62
80 66
80 67
80 68
80 78
80 96
80 100
80 102
80 104
80 105
80 108
80 114
80 116
80 121
80 123
80 125
80 128
80 131
80 133
80 136
80 157
80 167
80 180
80 186
80 189
80 202
81 1
81 6
81 8
81 13
81 16
81 23
81 28
81 32
81 40
81 48
84 6
84 7
84 14
84 21
84 23
84 24
84 25
84 26
84 57
84 60
85 9
85 17
85 23
86 10
86 12
86 17
86 20
87 11
87 13
87 15
88 3
88 16
88 20
88 23
88 28
88 36
88 37
88 43
89 1
89 15
89 20
90 11
90 16
90 27
90 30
90 35
90 39
90 42
90 51
91 3
91 5
91 14
92 15
92 20
92 21
92 23
92 31
92 32
92 33
94 63
94 71
94 77
94 94
94 101
94 107
94 111
94 114
95 1
96 1
96 12
96 13
96 15
96 29
96 41
96 49
96 51
96 54
96 61
96 66
96 68
96 71
96 74
96 76
96 82
96 83
96 85
98 2
98 3
98 5
98 12
98 23
98 46
98 54
98 57
98 60
98 80
98 87
98 89
98 90
