1 1
1 2
1 11
1 16
2 3
2 18
2 31
2 33
2 59
2 61
2 65
2 66
3 66
4 1
4 138
4 139
4 140
4 142
4 143
4 144
4 145
4 149
4 161
4 163
4 165
4 168
4 171
4 178
4 182
4 200
5 4
5 11
5 19
5 20
5 27
5 28
5 30
5 37
5 43
5 54
5 64
5 71
5 80
5 84
5 87
5 104
5 109
5 117
5 118
5 120
5 121
5 122
5 127
5 128
5 131
5 137
6 4
6 8
6 20
6 25
6 26
6 28
6 29
6 45
6 56
6 59
6 64
6 65
6 68
6 71
6 74
7 1
7 5
7 7
7 9
7 10
7 17
7 19
7 22
10 22
10 25
11 4
11 6
11 8
11 10
11 11
11 17
11 27
11 88
11 137
11 141
11 151
11 214
11 218
11 226
11 227
11 232
11 233
11 238
11 239
11 242
11 243
11 247
11 248
11 252
11 254
11 265
12 46
12 47
12 49
12 50
12 54
12 59
12 60
12 68
12 80
12 84
13 45
13 46
13 51
13 52
13 68
13 80
13 81
13 112
13 114
13 120
13 125
13 134
14 48
14 59
14 60
14 64
14 65
14 76
14 81
14 87
14 91
14 94
16 59
16 60
16 64
16 73
16 83
16 87
16 94
16 97
16 110
16 114
16 121
16 128
16 130
16 131
16 132
16 142
16 145
16 147
17 1
17 2
17 5
17 10
17 16
17 23
17 25
17 27
17 38
18 12
18 15
18 29
18 30
18 33
18 42
18 49
18 59
18 65
18 71
18 77
18 82
18 84
18 86
18 88
18 92
18 97
18 98
18 113
18 117
18 120
18 128
18 129
18 132
18 133
18 137
18 141
18 147
18 156
18 159
18 163
18 168
18 172
18 181
18 184
18 188
19 8
19 10
19 20
19 32
19 33
19 43
19 47
19 48
19 57
19 61
21 6
21 11
21 12
21 13
21 22
21 29
23 43
24 9
24 10
24 15
24 28
24 33
24 35
24 40
24 41
24 45
24 49
24 51
24 54
26 86
26 92
26 100
26 101
26 121
26 127
26 136
26 140
26 142
26 170
26 177
26 178
26 308
26 316
26 321
27 6
27 14
27 17
27 20
27 24
27 35
27 44
27 47
27 49
27 51
27 62
27 85
27 151
27 162
27 167
27 176
27 181
27 190
27 194
27 197
27 199
27 205
27 207
27 212
27 220
27 225
27 235
27 240
27 242
27 250
27 264
27 266
27 268
27 278
27 283
27 292
27 314
27 317
27 322
28 33
28 34
28 35
29 4
29 11
29 12
29 20
29 33
29 36
29 47
29 52
29 92
29 95
30 3
30 13
30 14
30 18
30 25
30 27
31 21
31 31
31 35
31 48
31 55
31 63
31 64
31 68
31 69
31 71
31 73
31 75
31 82
31 84
31 99
33 7
33 15
33 19
33 28
34 3
34 6
34 9
34 18
34 29
34 38
34 41
34 44
34 69
34 74
34 78
34 84
34 118
34 120
34 128
34 135
34 142
34 143
34 144
34 151
34 154
34 165
34 172
34 173
35 15
36 5
36 136
36 143
37 1
37 15
37 38
37 43
37 45
37 61
37 73
37 84
37 137
37 143
37 144
37 149
37 157
37 160
37 162
37 164
37 166
37 168
37 170
38 1
38 2
38 13
38 14
38 21
38 22
38 23
38 30
38 43
38 44
38 47
38 52
38 54
38 63
38 65
38 69
38 71
38 74
38 75
38 83
38 84
38 92
38 99
38 118
39 16
39 20
39 38
39 46
39 48
39 53
39 62
39 65
39 74
39 77
39 80
39 81
39 83
39 86
39 87
39 93
39 96
39 98
40 19
40 24
40 31
40 47
40 52
40 53
40 54
40 56
40 60
40 61
40 73
40 81
40 97
40 100
43 22
43 26
43 33
43 35
43 40
43 41
43 45
43 50
43 52
43 54
43 57
43 59
43 65
43 71
43 74
43 81
43 82
43 86
43 91
43 123
43 124
43 126
43 135
43 138
43 145
43 150
43 151
43 155
43 160
43 165
43 168
43 170
43 171
43 177
43 183
43 187
43 197
43 202
43 224
43 236
43 238
43 241
43 247
43 253
43 266
44 4
44 9
44 19
44 22
44 25
44 28
44 81
44 90
44 93
44 96
44 97
44 99
44 104
44 116
44 122
44 133
44 138
44 140
44 156
44 164
44 168
44 169
44 171
44 173
44 179
44 191
44 193
44 194
44 195
44 196
44 202
44 211
44 212
44 219
44 236
44 246
44 250
44 288
44 291
44 294
44 295
44 296
44 300
44 302
44 307
44 309
44 312
44 318
44 321
44 322
44 325
44 339
45 5
45 8
47 55
47 60
47 63
47 67
47 71
47 72
47 101
48 1
49 1
49 39
49 42
49 43
49 46
49 57
49 73
49 81
49 83
49 86
49 87
49 96
49 99
50 5
50 9
50 13
50 18
51 10
51 13
51 22
51 23
51 33
53 95
53 96
53 98
53 100
53 103
53 116
53 119
53 122
53 159
53 302
53 310
53 311
53 314
53 318
53 320
53 329
53 330
53 331
53 340
53 341
54 8
54 15
54 20
54 21
54 27
54 33
54 37
54 38
55 8
55 21
55 22
55 28
55 30
55 177
55 181
55 187
55 199
55 202
55 203
56 1
56 14
56 21
56 23
56 42
56 51
56 54
56 67
58 6
58 11
58 15
59 3
59 7
59 12
59 28
59 33
59 35
59 47
59 50
60 4
60 9
60 17
60 26
60 35
60 36
60 39
60 45
60 47
64 6
64 12
64 16
64 20
64 22
64 26
64 33
64 35
64 41
64 49
64 50
64 51
64 54
64 60
64 62
64 65
64 80
64 82
65 4
65 7
65 10
65 11
65 25
65 26
65 27
65 30
65 38
65 42
65 46
65 47
65 48
65 50
65 55
65 58
65 59
65 61
65 64
66 4
66 11
66 16
66 18
66 27
66 42
66 49
66 60
66 64
66 66
66 80
66 85
66 92
66 97
67 36
67 42
67 61
67 73
67 80
67 83
67 92
67 94
67 108
67 112
67 122
67 123
67 127
67 137
67 139
67 143
67 145
67 149
67 157
67 160
68 14
68 16
68 17
68 21
68 27
68 28
68 34
68 36
68 46
68 178
68 181
68 193
68 194
68 196
68 200
68 206
68 207
68 210
68 214
68 217
69 3
69 8
69 11
69 13
69 15
69 19
69 24
69 26
69 28
69 35
69 36
69 38
69 49
69 52
69 53
69 58
69 65
69 72
69 74
69 79
69 80
69 83
69 85
69 104
69 107
69 108
69 112
69 113
70 5
70 6
71 13
71 24
71 29
71 38
71 43
71 54
71 56
71 58
71 76
71 82
71 86
71 93
71 100
71 109
71 113
71 119
72 1
72 28
72 29
72 39
72 49
72 52
72 56
72 57
72 62
72 63
72 65
72 74
72 78
72 99
72 100
72 103
72 105
72 111
72 113
72 114
72 147
75 20
75 27
75 31
76 82
76 87
76 90
76 98
77 14
77 20
77 23
77 30
77 32
77 34
77 44
77 49
77 53
77 57
77 59
77 67
77 73
77 83
77 85
77 87
77 88
77 92
77 98
77 104
77 106
77 108
77 113
77 121
77 122
77 125
77 135
77 136
77 141
77 143
77 145
77 169
77 170
77 173
77 176
77 181
77 188
77 191
77 195
77 201
77 202
77 203
77 204
77 227
77 232
77 238
77 252
77 256
77 257
77 266
77 289
77 291
77 297
77 298
77 308
77 309
77 311
77 317
77 320
77 321
77 325
77 326
77 329
77 330
77 336
77 338
77 345
77 354
77 361
77 362
77 369
77 373
77 385
77 390
77 399
77 406
77 410
77 411
77 421
77 426
77 428
77 432
77 433
77 438
78 11
78 16
79 5
80 11
80 22
80 30
80 31
80 34
81 13
81 16
81 20
81 22
81 33
81 40
81 63
81 83
81 89
81 92
81 100
81 103
81 149
81 154
81 162
81 164
81 204
81 300
81 303
81 308
81 315
81 327
81 332
82 5
82 7
82 21
82 32
82 40
82 56
82 66
82 69
82 71
82 82
82 87
82 89
82 92
82 96
82 97
82 111
83 3
83 5
85 14
85 25
85 29
85 42
85 45
85 46
85 48
85 50
85 87
85 90
85 103
85 108
85 111
85 112
85 116
85 126
85 127
85 134
85 135
85 142
85 143
85 146
86 36
86 47
86 49
86 60
86 63
87 39
87 47
87 49
87 51
87 53
87 55
87 59
87 63
87 67
87 72
87 77
87 83
87 84
88 83
88 88
89 119
89 122
89 124
89 132
89 147
89 148
89 152
90 3
90 7
90 11
90 16
90 22
90 28
90 29
90 31
90 38
90 41
90 45
90 64
90 65
90 70
91 3
92 17
92 27
92 28
92 33
92 36
92 37
92 44
92 51
92 59
92 66
92 76
92 82
92 95
92 96
93 1
93 2
93 6
93 7
93 10
93 13
93 15
93 29
93 36
93 42
93 60
93 81
93 82
93 84
93 85
93 100
93 101
93 103
93 106
93 111
93 120
93 124
93 129
94 5
94 10
94 12
94 17
95 1
95 4
95 11
95 15
95 18
95 20
95 21
95 31
95 40
95 44
95 50
95 54
95 58
95 63
95 65
95 70
95 74
96 4
96 5
96 11
96 13
97 4
98 1
98 9
98 15
98 19
98 20
98 36
98 38
98 48
98 52
98 54
98 56
98 62
98 64
