1 3
1 6
1 9
1 10
1 17
1 18
1 20
2 17
2 23
4 9
5 8
5 14
5 18
5 20
5 27
6 1
6 13
6 27
6 47
6 58
6 68
8 12
8 13
10 12
10 16
10 17
10 37
10 41
10 53
10 57
10 86
10 96
10 97
10 100
10 124
10 134
11 9
11 20
12 8
12 11
12 24
12 25
12 27
12 30
12 45
12 47
12 62
12 81
12 82
12 88
12 91
12 100
12 103
12 116
12 118
14 24
14 25
14 34
14 40
14 42
14 44
14 49
14 52
14 54
14 61
14 85
14 96
14 97
15 9
15 13
15 14
15 26
17 28
17 30
17 31
17 38
17 50
17 51
18 2
18 5
18 8
18 9
18 15
18 16
19 2
19 6
19 7
19 8
19 9
19 13
19 21
19 22
19 25
19 30
19 31
19 36
19 37
19 41
19 43
19 46
19 60
19 63
19 69
19 71
19 74
19 79
19 86
19 92
20 6
20 12
20 18
20 19
20 23
20 24
20 28
20 30
20 54
20 66
20 73
20 81
20 82
20 89
20 96
20 100
20 101
20 110
20 114
20 115
20 117
20 121
20 122
20 127
20 131
20 136
20 139
20 145
20 153
20 161
20 169
21 39
21 40
21 48
21 49
21 53
21 63
21 64
21 77
21 87
21 92
21 96
21 105
21 110
21 121
21 141
21 142
21 144
22 1
23 4
23 13
23 17
23 24
23 38
23 95
23 99
23 100
23 105
23 106
23 109
23 113
23 129
23 260
23 265
25 19
26 3
26 13
26 25
26 32
26 33
26 34
26 41
26 43
26 50
26 51
26 59
26 68
26 74
26 75
26 77
26 79
26 80
26 87
26 92
26 104
26 110
26 113
26 115
27 93
27 98
27 104
27 105
27 110
27 117
28 15
28 25
28 33
28 36
28 50
28 51
29 20
29 25
29 26
29 29
30 10
30 22
30 24
30 31
30 33
30 34
30 38
30 48
30 55
30 56
30 62
31 3
32 2
32 4
32 13
33 2
33 3
33 16
33 25
33 31
33 45
33 46
33 108
33 110
33 112
34 27
34 28
34 31
34 32
34 36
34 56
34 58
36 1
37 5
37 6
37 16
37 19
37 21
38 9
38 29
38 31
38 35
38 40
38 42
38 45
38 49
38 54
38 84
38 214
38 215
38 219
38 225
38 230
38 233
38 234
38 236
38 238
40 35
40 36
42 78
42 82
42 95
42 98
42 103
42 105
42 108
42 117
42 122
42 126
42 128
42 137
42 149
42 157
42 163
42 164
42 166
42 167
42 171
42 197
42 214
42 230
42 235
42 246
42 248
42 260
42 267
42 268
42 271
43 1
43 19
43 25
43 31
43 37
43 41
43 43
44 1
44 2
44 21
44 22
44 25
44 58
44 60
44 67
44 68
44 74
45 5
46 5
47 8
47 42
47 46
47 47
48 7
48 8
48 11
48 18
48 24
48 33
48 50
48 53
48 54
48 58
48 64
48 65
48 66
48 70
48 72
48 74
48 83
48 88
48 94
48 100
48 113
48 120
48 122
48 132
48 142
49 6
49 7
49 11
49 12
49 28
49 37
49 41
49 42
49 77
49 81
49 82
49 89
49 97
50 1
50 12
50 13
50 15
50 16
50 32
50 46
50 51
50 58
50 64
50 67
50 77
50 79
50 86
50 92
50 213
51 8
51 10
51 19
51 20
51 24
52 18
52 38
52 41
52 53
52 57
52 66
53 10
53 17
53 18
53 26
53 27
53 34
53 35
53 48
53 50
53 68
53 72
53 88
53 90
53 96
53 107
54 11
54 14
54 17
55 3
55 8
55 9
55 17
55 34
55 36
55 51
55 64
55 65
55 69
55 74
55 86
55 88
55 94
55 96
55 112
55 120
55 146
55 157
55 159
55 167
55 171
55 174
55 180
55 181
55 189
55 191
55 197
55 203
55 206
55 213
55 219
55 220
55 222
55 223
55 231
55 232
55 236
55 266
55 271
55 276
55 277
55 281
55 285
55 288
55 289
55 294
55 296
55 297
55 301
55 307
55 315
55 316
55 323
55 324
55 330
55 334
55 342
55 351
55 372
55 373
55 374
55 375
55 378
55 379
55 381
55 383
55 399
55 401
55 411
55 412
55 418
55 426
55 430
55 435
55 436
55 443
55 458
55 466
56 18
58 14
58 16
58 22
58 32
58 50
58 54
58 58
58 60
58 67
58 71
58 72
58 73
58 77
58 83
58 84
58 88
58 170
58 172
58 194
58 204
58 207
58 210
58 225
58 239
58 244
58 251
59 10
59 11
59 13
60 3
60 6
60 12
60 24
60 63
60 65
60 71
61 89
61 91
61 95
62 1
62 6
62 12
62 16
62 17
62 18
62 30
63 111
63 129
63 146
63 155
63 158
63 264
63 265
63 272
63 278
63 279
63 299
63 308
63 310
63 315
63 435
63 465
63 471
63 480
63 492
63 496
63 502
64 55
64 59
64 62
64 63
66 5
66 8
66 16
66 24
70 33
70 37
70 41
70 48
70 60
70 61
70 62
70 65
70 68
71 39
71 54
71 58
71 73
71 78
72 57
72 65
72 67
72 100
72 103
72 108
72 109
72 110
72 113
72 118
72 122
72 125
72 126
72 133
72 139
72 142
72 146
72 147
73 7
73 8
73 11
74 69
74 71
74 78
74 79
74 82
74 89
74 95
74 97
74 106
74 112
74 115
74 117
74 131
74 262
74 265
74 267
74 275
74 276
74 296
74 301
74 320
74 323
75 62
75 66
76 3
76 4
76 5
76 7
76 12
76 19
76 25
76 29
76 33
76 37
76 51
76 57
76 59
76 76
76 78
76 87
76 89
76 95
76 115
77 11
77 12
77 15
77 27
77 30
77 34
77 35
77 39
77 48
77 53
77 55
77 69
77 76
77 95
77 104
77 106
77 121
77 141
77 142
77 144
77 145
77 146
77 148
77 149
77 153
77 157
77 164
77 180
77 191
77 196
77 197
77 199
77 202
77 204
77 205
77 209
78 4
78 9
78 19
78 30
78 32
78 40
78 43
78 46
78 59
78 66
78 81
78 83
78 93
78 96
78 99
78 105
78 107
78 120
78 132
79 44
79 49
79 52
79 56
79 57
79 78
79 84
79 88
79 218
79 222
79 223
79 225
79 231
79 234
81 1
81 13
81 15
81 16
82 3
82 4
82 8
82 17
83 1
83 15
83 16
83 27
83 35
83 42
83 54
83 56
83 65
83 66
83 73
83 75
83 76
83 88
83 95
83 99
83 102
83 104
83 106
83 117
83 126
83 131
83 135
83 137
83 146
83 147
83 150
83 155
84 13
85 1
88 39
89 61
89 71
89 75
89 80
89 81
89 83
89 87
89 100
89 116
89 119
89 131
89 132
89 139
89 143
89 187
90 52
90 59
90 60
90 62
90 77
90 85
90 87
90 110
90 131
90 134
90 135
90 143
90 148
90 159
90 163
90 178
90 179
90 185
90 191
90 195
91 3
91 6
91 13
91 15
91 21
92 3
92 7
92 8
92 18
92 20
92 29
92 37
92 42
92 44
93 1
93 11
93 17
93 18
93 22
93 24
93 32
93 38
93 51
93 53
93 55
93 60
93 71
93 77
93 120
93 122
93 125
93 128
93 129
93 133
93 135
93 140
93 141
93 158
93 160
93 173
93 179
93 196
93 207
93 211
93 214
93 216
93 225
94 1
94 10
94 15
94 27
94 30
94 41
94 56
94 57
94 58
94 62
94 67
94 72
94 74
94 76
95 3
95 9
95 13
96 5
96 10
96 23
96 38
96 52
96 66
96 69
96 71
96 72
96 73
96 80
96 87
96 88
96 91
96 99
97 4
98 5
98 6
98 7
98 14
98 20
98 24
100 29
100 30
100 35
100 36
100 53
100 65
100 68
100 69
101 1
101 2
101 26
101 28
101 29
101 31
101 32
101 44
101 45
101 47
101 52
101 54
101 55
101 57
101 58
101 66
101 79
103 9
103 18
103 29
103 33
103 35
103 38
104 1
104 5
104 20
104 25
104 26
104 37
105 2
105 5
105 8
105 23
105 39
105 40
105 45
105 46
105 50
105 55
105 63
105 65
105 72
105 77
105 85
105 86
105 94
105 108
105 110
105 118
105 122
105 123
105 130
107 5
107 9
107 13
107 22
107 25
107 33
107 47
107 58
107 74
107 77
107 84
107 85
108 2
108 4
108 5
108 18
108 19
108 20
108 29
108 31
108 37
108 39
108 43
108 67
108 73
108 75
108 78
108 84
108 89
108 95
108 101
108 110
108 112
