1 25
1 29
1 31
1 37
1 39
1 52
1 68
1 72
1 81
1 82
1 84
1 94
1 118
1 123
1 134
1 144
1 146
2 31
2 38
2 54
2 66
2 70
2 75
2 81
2 85
2 93
2 95
2 107
2 112
2 113
2 114
2 121
2 129
2 130
2 134
2 141
2 143
2 154
3 1
4 5
4 13
4 18
4 20
4 23
4 35
4 36
4 43
4 46
4 68
4 72
4 75
4 84
4 88
4 94
4 95
4 102
4 110
4 115
4 120
4 123
4 130
4 131
4 135
4 140
4 144
4 146
4 150
4 151
4 161
4 166
4 170
4 178
4 191
4 192
4 193
4 200
4 202
4 207
4 212
4 214
4 218
4 222
4 229
4 232
4 236
4 241
4 247
4 254
4 256
4 267
4 269
4 272
4 273
4 277
4 290
4 300
4 316
4 320
4 324
4 326
4 333
4 335
4 339
4 347
4 352
4 353
4 361
4 365
4 374
4 378
4 383
4 384
4 392
4 404
4 406
6 9
6 10
6 20
6 22
6 23
6 28
7 22
7 23
7 26
7 33
7 38
7 43
7 44
7 47
7 48
7 52
7 56
7 66
8 71
8 124
8 126
8 144
8 199
8 201
8 202
8 206
8 209
8 218
8 223
8 234
8 239
8 245
8 252
8 254
8 255
8 256
11 32
11 36
11 37
11 38
11 97
11 102
11 103
11 111
11 112
11 114
12 12
12 27
12 33
14 7
14 11
14 13
14 15
14 16
14 18
14 69
15 2
15 8
15 22
15 25
15 26
15 50
15 69
16 1
16 23
16 29
16 30
16 39
16 40
16 41
16 45
16 60
16 80
16 85
16 87
17 5
17 10
19 25
19 64
19 68
19 85
19 87
19 99
19 102
19 105
19 107
19 111
19 112
19 114
19 120
19 126
19 130
19 158
19 162
19 165
19 172
22 12
22 13
22 25
22 26
23 7
23 8
23 16
23 22
24 5
24 7
24 12
24 14
24 16
25 4
25 14
25 15
25 20
25 21
25 22
25 28
25 31
25 56
26 2
26 15
26 17
26 18
26 23
26 45
27 10
27 24
27 33
27 35
27 44
27 48
27 66
27 67
27 81
27 82
27 87
30 25
30 36
30 41
30 49
30 53
30 56
30 60
30 71
30 72
30 82
34 33
34 35
34 37
34 46
34 48
34 59
34 64
34 65
34 72
35 2
35 14
36 103
36 106
36 109
36 111
36 112
36 128
36 141
36 146
36 152
37 4
37 16
37 17
37 21
37 34
37 39
37 44
37 58
37 88
37 89
37 90
37 91
37 94
37 98
37 101
37 107
37 111
37 119
37 125
37 130
37 135
37 138
37 142
37 150
37 181
37 187
37 192
37 193
37 197
37 200
37 206
37 207
37 208
37 215
37 224
37 229
37 230
37 237
38 41
38 43
38 53
38 54
38 55
38 58
38 92
40 10
40 16
40 26
40 30
41 2
41 27
41 30
41 31
41 47
41 48
41 53
41 61
41 68
41 69
41 71
42 7
42 14
42 21
42 23
42 28
42 29
42 30
42 35
42 48
42 54
43 10
43 16
44 3
44 4
44 9
44 15
44 16
44 17
45 3
45 5
45 9
46 1
46 9
46 11
46 13
46 16
46 20
46 27
46 28
46 29
46 49
46 52
46 66
47 141
47 155
47 161
47 167
47 168
47 171
47 174
47 177
47 180
47 188
48 4
48 10
48 12
48 14
48 21
48 28
48 38
48 43
48 56
48 58
48 59
48 60
48 63
48 64
48 76
48 82
48 86
48 90
48 91
50 44
50 51
50 54
50 58
50 59
50 60
50 62
50 64
50 82
50 84
50 90
50 91
50 96
50 98
50 101
50 104
50 116
50 117
51 10
51 12
51 13
51 15
51 33
51 38
51 55
51 56
51 72
51 74
51 79
51 82
51 86
51 89
51 92
51 95
51 107
51 108
51 245
51 249
52 5
52 8
53 40
54 1
54 2
54 3
54 12
54 19
54 26
54 27
54 35
54 40
54 42
54 50
54 52
54 57
56 5
56 7
56 19
56 20
56 25
56 27
56 28
56 32
56 38
56 41
56 44
56 56
56 60
56 68
56 70
56 71
56 72
56 75
57 9
58 1
59 1
59 16
62 15
62 23
62 26
62 27
62 29
62 32
62 38
62 52
62 68
63 1
63 2
63 6
63 7
63 8
63 11
63 16
63 19
63 36
63 47
63 52
63 58
63 61
63 64
63 74
63 75
63 77
63 90
63 96
63 101
63 108
64 2
64 5
64 12
64 17
64 18
64 21
64 32
64 36
64 47
64 50
64 57
64 58
64 68
64 74
64 104
64 106
64 118
64 123
64 124
64 130
64 133
64 135
64 136
64 137
64 139
64 145
64 149
64 150
64 154
64 175
64 185
64 187
64 196
64 206
64 207
64 215
64 216
64 218
64 223
64 224
64 228
64 230
64 239
64 248
64 257
64 266
64 269
64 275
64 291
64 292
64 299
64 300
64 310
64 318
64 321
64 323
64 335
64 339
64 343
64 346
64 355
64 357
64 363
64 372
64 382
64 418
64 423
64 425
64 432
64 435
64 436
64 438
64 447
64 454
64 463
64 472
65 1
65 11
65 23
65 31
65 161
65 166
65 180
65 184
65 187
65 190
65 196
65 200
65 202
65 226
66 1
66 2
66 7
67 12
67 14
67 19
67 20
67 23
67 28
67 29
67 30
67 47
67 49
67 51
67 59
67 66
67 97
67 98
67 107
67 114
67 126
67 130
67 138
67 152
67 157
67 158
67 166
67 167
67 189
67 194
67 199
67 208
67 209
67 215
67 217
67 219
67 230
67 256
67 263
67 272
67 278
68 5
68 13
68 17
68 18
68 35
68 41
68 62
68 72
68 77
68 79
68 89
68 93
68 99
68 102
68 111
68 112
68 113
68 124
68 125
68 135
68 136
68 139
69 6
69 26
69 36
69 37
69 49
69 55
69 63
69 69
69 72
69 78
69 79
69 81
69 86
69 104
69 111
69 112
69 119
69 120
69 122
69 136
70 9
70 52
70 58
70 65
70 66
71 1
71 3
73 19
74 2
74 8
74 10
75 13
76 2
76 7
77 23
77 26
77 34
78 2
78 14
78 15
78 17
79 2
80 2
80 9
80 15
80 18
80 39
80 41
80 47
80 62
80 65
80 77
80 94
80 96
80 101
80 103
80 107
80 108
80 114
80 119
80 121
80 124
80 133
80 136
81 14
82 2
82 7
82 9
82 15
82 24
82 31
83 17
83 22
83 24
83 31
84 16
84 20
84 24
84 32
84 41
84 57
84 62
84 69
84 76
84 79
84 81
84 90
85 44
85 49
85 51
85 63
85 71
89 2
89 4
89 20
89 27
89 35
89 43
89 45
89 47
89 50
89 55
89 65
89 68
89 73
89 87
89 89
89 90
89 100
89 105
89 110
89 114
89 119
89 123
89 124
89 133
89 140
89 141
89 147
89 170
89 171
89 177
89 306
89 307
90 11
92 35
92 36
92 37
92 39
92 40
92 41
92 45
92 51
92 62
92 65
92 68
92 71
92 76
92 96
92 97
92 98
92 112
92 119
92 122
92 129
92 132
93 3
93 10
93 18
93 30
94 16
94 20
94 26
94 27
94 75
94 86
94 87
94 96
94 104
94 110
94 113
94 118
94 124
94 125
94 126
94 129
94 141
94 153
94 167
94 172
94 182
94 183
95 18
95 32
96 6
96 18
96 27
96 42
96 45
96 47
96 65
98 20
99 2
99 22
99 26
99 31
99 39
99 49
99 57
99 59
99 76
99 82
99 84
99 89
99 92
99 94
99 96
99 97
99 107
99 108
99 110
100 2
102 9
102 101
102 107
103 1
103 3
103 6
103 10
103 18
103 29
103 30
103 36
103 38
103 40
103 48
103 56
103 84
103 85
103 87
103 91
103 94
103 97
103 101
103 102
103 103
103 106
103 117
103 131
103 134
103 139
103 147
103 149
103 150
103 158
103 164
103 296
103 297
107 42
107 45
107 46
107 51
107 64
107 81
107 82
107 84
107 87
107 92
107 99
107 102
107 109
107 111
107 113
107 117
107 118
109 43
109 46
109 48
110 4
110 11
111 4
111 6
111 14
112 37
112 39
112 46
112 47
113 3
113 9
113 22
113 29
113 30
113 39
113 42
113 44
113 45
114 2
114 3
114 10
114 13
117 5
117 7
117 12
117 13
117 18
117 25
117 29
117 41
117 42
117 51
117 61
117 62
117 65
117 67
117 71
117 82
117 90
117 91
117 94
118 1
119 3
119 12
119 16
122 15
122 17
122 39
122 46
122 57
122 58
122 63
123 9
123 11
123 13
126 12
126 13
126 25
126 29
