1 2
1 9
1 17
1 18
1 32
1 34
1 36
1 39
2 5
2 14
2 18
2 23
2 25
2 27
2 32
2 34
3 10
3 13
3 25
4 8
4 11
4 20
4 22
4 24
4 25
4 29
4 59
4 61
4 62
4 65
4 67
4 83
4 89
4 90
4 96
4 103
4 106
4 110
4 112
4 113
5 2
5 3
5 6
5 7
5 9
5 13
5 15
5 16
5 17
5 20
5 36
5 37
5 41
5 42
5 48
5 57
5 59
5 72
5 74
5 75
5 89
5 90
5 93
5 94
5 97
6 4
6 6
6 8
6 11
6 14
6 16
6 19
6 27
6 31
6 34
6 35
6 37
6 43
6 44
6 54
6 55
6 61
6 64
6 73
6 76
6 78
6 90
6 91
6 98
6 100
6 106
6 114
6 116
6 124
6 126
6 154
6 160
6 173
6 176
6 185
6 192
6 193
6 325
6 326
6 327
6 329
6 335
7 1
7 3
7 6
7 12
7 17
7 20
7 27
7 39
7 41
7 42
7 52
7 54
7 184
7 185
7 187
7 191
7 194
9 2
9 6
9 8
10 12
10 26
10 27
10 40
10 50
12 60
12 99
12 101
12 107
12 109
12 112
14 81
14 91
14 94
14 108
15 36
15 38
15 44
15 56
15 61
15 64
15 66
15 69
15 73
15 76
15 80
15 83
15 84
15 94
15 95
15 98
15 99
15 108
15 115
15 125
15 128
15 132
15 140
15 152
15 153
15 158
16 3
16 9
16 10
16 14
16 19
16 23
16 29
16 37
16 46
16 50
16 56
16 61
16 63
16 69
16 70
16 72
16 73
16 77
16 80
16 83
16 87
16 88
16 91
16 105
16 108
16 112
16 113
16 117
16 118
16 120
16 121
17 12
17 14
17 21
17 24
17 26
17 31
17 34
17 38
20 10
20 12
21 16
22 6
22 20
22 60
22 64
22 65
24 3
24 7
24 9
24 10
24 24
24 27
26 8
26 10
26 14
26 20
26 25
26 33
26 36
26 39
26 43
26 48
26 57
26 60
26 62
27 4
27 6
27 15
27 26
27 27
27 31
27 32
27 36
27 37
27 43
27 58
27 67
27 106
27 108
27 116
27 122
27 123
28 69
28 81
28 85
28 91
28 95
28 130
28 138
28 142
28 144
28 146
28 152
28 166
28 169
29 4
29 5
30 55
30 57
30 61
30 62
31 119
31 123
31 125
31 132
31 148
31 152
31 155
31 167
31 168
32 5
33 2
33 17
33 18
33 32
33 33
34 4
34 7
34 20
37 25
37 40
37 42
37 45
37 51
37 52
39 2
39 13
39 20
39 23
40 96
40 103
40 111
40 125
41 3
41 11
41 25
41 30
41 31
41 46
41 48
41 57
41 59
41 63
41 72
41 81
41 87
41 90
42 2
42 7
42 13
42 15
42 25
42 31
42 38
42 42
42 44
42 54
42 59
42 61
42 68
42 74
42 76
42 87
42 91
42 92
42 103
42 108
42 119
42 123
42 125
42 127
42 132
42 138
42 139
42 156
42 157
42 160
42 161
42 175
42 176
42 196
42 204
42 206
42 210
42 214
42 229
42 240
42 241
42 243
42 252
42 268
42 270
42 402
42 403
42 410
42 411
42 413
42 419
42 420
42 423
42 426
42 434
42 441
42 448
42 452
42 461
42 465
43 2
43 7
43 19
43 29
43 30
43 32
43 35
43 37
43 39
43 47
43 55
43 56
43 58
43 60
43 77
43 81
44 96
44 97
44 103
44 107
44 123
44 125
44 128
44 133
44 135
44 139
44 143
45 11
45 13
45 17
45 22
45 28
45 54
45 58
45 64
45 67
45 79
45 80
45 81
45 84
45 87
45 91
45 94
45 102
45 113
47 40
47 41
47 43
48 1
48 4
48 13
48 24
48 34
48 40
48 48
48 50
48 147
48 148
48 155
48 166
48 170
48 184
48 202
48 206
48 208
48 215
48 221
48 223
48 235
48 237
48 244
48 251
48 255
48 259
48 267
49 15
49 18
49 25
49 26
49 39
49 48
49 53
49 61
49 64
49 72
49 76
49 81
49 84
49 86
49 93
50 46
50 49
50 51
51 1
51 10
51 15
51 16
51 19
51 20
53 26
53 31
53 34
53 44
53 49
53 63
53 73
54 94
54 95
54 105
54 128
54 134
54 145
54 151
54 157
54 286
54 292
54 294
54 307
54 323
54 325
54 326
54 329
55 2
55 20
55 27
55 31
55 40
55 43
55 49
55 50
55 96
55 100
55 107
55 110
55 113
55 124
55 125
55 127
55 128
55 134
55 141
55 144
55 147
55 150
55 154
55 157
55 158
55 160
55 169
55 173
55 176
55 186
55 191
55 207
55 215
55 217
55 226
55 236
55 250
55 251
55 253
55 256
55 258
55 263
55 282
55 286
55 290
55 296
55 312
56 7
57 4
57 5
57 12
57 15
58 7
58 10
58 18
58 43
58 47
58 52
58 64
58 66
58 81
58 91
58 99
58 105
58 113
58 119
58 140
58 142
58 146
58 149
58 151
58 152
58 160
58 161
58 169
58 180
58 201
58 208
63 15
63 19
63 23
63 27
63 43
63 44
63 52
63 53
63 66
63 79
63 90
63 95
63 97
63 98
63 100
64 5
64 20
64 25
64 37
64 43
64 45
64 52
64 54
64 58
64 66
64 72
64 77
64 78
64 80
64 89
64 92
64 93
64 95
65 5
65 70
65 71
65 74
66 105
66 110
66 114
66 118
67 73
67 76
67 85
67 88
67 90
68 3
68 4
68 23
68 26
68 43
68 47
68 56
68 78
68 83
68 85
68 91
68 93
68 108
68 110
68 114
68 117
68 131
68 133
68 134
69 9
69 14
69 19
69 26
69 28
69 44
70 2
70 6
70 7
70 11
70 13
70 15
70 21
70 27
70 33
70 40
70 56
70 68
70 73
70 74
70 87
70 88
70 96
70 99
70 104
70 116
70 120
70 128
70 129
70 135
70 258
70 273
70 282
70 289
70 294
70 306
70 309
70 311
70 313
70 315
70 316
70 327
71 3
71 6
71 15
71 21
71 33
71 37
71 41
72 10
72 27
72 28
72 30
72 31
72 67
72 68
72 72
72 78
74 107
75 37
75 38
75 41
75 46
75 47
75 59
75 60
75 62
75 64
76 5
76 96
76 99
76 100
76 102
76 103
76 106
76 107
76 120
76 123
76 124
76 134
76 143
76 153
77 2
77 16
77 18
77 25
77 32
77 39
77 46
78 2
78 3
78 7
78 9
79 1
79 8
79 14
79 20
79 46
79 47
79 51
79 52
79 59
79 76
79 82
79 85
79 87
79 91
79 92
79 104
79 111
80 74
80 80
80 83
80 89
80 94
80 99
80 100
80 115
80 116
80 118
80 120
80 125
80 127
80 129
80 134
80 144
81 8
81 14
81 24
81 28
82 1
82 7
82 9
82 11
82 14
82 23
82 26
82 34
82 37
82 46
82 48
82 55
82 57
82 69
82 70
82 78
82 80
82 124
82 125
82 126
82 130
82 134
82 135
82 144
82 150
83 1
83 3
83 4
83 8
83 9
83 12
83 16
83 17
83 21
83 24
83 27
83 28
83 30
83 33
83 44
83 53
83 68
83 76
83 80
83 82
83 97
83 111
83 134
83 141
83 147
83 151
83 159
83 160
83 161
83 171
83 179
83 181
86 19
86 21
86 37
86 41
86 44
86 48
86 49
86 59
86 71
86 74
86 208
86 220
86 222
86 223
87 3
87 6
87 99
87 100
87 108
87 119
87 128
87 139
87 146
87 148
88 52
88 59
88 60
88 68
88 81
89 1
89 5
89 7
90 3
90 9
90 19
90 23
90 24
90 33
90 50
90 51
90 52
91 1
91 3
91 6
92 5
92 13
92 16
92 25
92 30
92 31
92 34
92 96
92 122
92 131
92 135
92 137
92 164
92 167
92 171
92 177
92 178
92 184
92 193
92 194
92 200
92 203
92 208
94 93
94 96
94 104
94 137
95 102
95 108
95 119
95 121
95 126
95 128
95 134
96 23
96 27
96 35
96 36
96 38
96 39
97 1
97 7
97 17
97 20
97 24
97 25
99 2
99 7
99 9
99 13
100 1
100 2
100 105
100 111
100 116
101 4
101 28
101 32
101 43
101 53
101 67
102 29
