1 6
1 10
1 19
2 7
2 11
2 15
2 23
2 27
2 32
2 33
2 35
2 42
5 9
5 13
5 15
5 20
5 41
5 66
5 80
5 81
5 85
5 89
5 98
6 2
6 3
6 4
6 20
6 21
6 22
6 23
6 28
6 29
6 41
6 47
6 53
6 56
7 9
7 13
7 23
7 26
7 89
7 97
9 20
9 27
9 28
9 34
9 36
9 48
9 49
9 50
9 64
9 68
10 4
10 10
11 10
11 12
11 16
11 17
11 24
11 28
11 29
11 30
11 32
11 35
11 51
11 56
11 69
11 73
11 82
11 83
11 95
11 105
11 108
11 117
11 123
11 126
11 135
11 138
11 146
11 149
11 166
11 190
11 193
11 202
11 204
11 206
11 207
11 213
11 235
11 243
12 7
12 8
12 16
12 22
12 27
13 18
13 28
13 34
13 40
13 44
13 49
13 85
13 87
13 101
13 109
13 114
13 115
14 1
14 14
14 17
14 22
14 46
14 47
15 15
15 16
16 2
16 12
16 16
16 20
16 22
16 30
18 23
18 27
18 33
18 136
18 138
19 7
20 39
20 41
20 72
20 73
20 77
20 202
20 205
20 209
20 210
20 213
21 7
21 14
21 15
21 30
21 49
21 50
21 58
21 70
21 80
21 81
21 83
21 87
21 91
21 92
21 95
21 98
21 100
21 103
21 107
21 115
21 125
21 144
21 155
21 195
21 205
21 211
21 215
21 217
21 221
22 4
23 3
23 17
23 18
23 21
23 26
23 29
23 31
23 34
23 50
23 52
24 1
24 2
24 5
24 6
24 9
24 11
24 36
24 40
24 43
24 48
24 56
24 70
24 83
24 86
24 90
24 92
24 94
24 95
24 100
24 102
24 106
24 113
24 126
24 129
25 6
25 10
25 15
25 17
25 23
26 1
26 3
26 4
26 9
27 1
27 2
29 1
29 5
29 7
29 24
29 38
29 41
29 49
29 50
29 54
29 62
29 65
29 66
29 70
29 71
29 76
29 84
29 87
29 94
29 102
29 103
30 38
30 42
30 43
30 45
30 46
30 54
30 55
30 59
30 60
30 77
30 78
31 4
31 9
31 18
31 22
31 26
31 33
31 39
31 42
31 43
31 52
31 53
31 65
31 66
31 80
31 83
31 85
31 95
31 99
31 100
34 5
34 6
34 11
34 16
34 68
34 71
34 89
34 94
34 95
35 105
35 110
35 112
35 120
37 95
37 106
37 115
37 116
37 120
37 122
37 129
37 131
37 134
37 152
37 155
37 156
37 168
37 169
37 172
37 174
37 178
37 179
37 189
37 190
37 204
37 218
37 225
37 232
37 239
37 240
37 245
37 246
37 254
37 260
37 261
37 264
37 269
37 273
37 275
37 276
37 285
37 291
37 307
37 309
37 313
37 326
37 340
37 343
37 345
37 357
39 40
39 44
39 46
39 48
39 55
39 62
39 64
39 66
40 6
40 8
40 22
40 29
40 36
40 38
40 45
40 49
40 68
40 73
40 76
40 82
40 85
40 89
40 92
40 96
40 225
41 51
41 100
41 143
41 147
41 153
41 157
41 165
41 175
41 191
41 198
41 202
41 204
41 208
42 1
42 3
42 4
42 9
42 12
42 15
42 18
42 19
42 24
42 27
42 30
42 33
42 34
42 36
42 47
42 50
42 51
43 4
43 7
43 10
43 21
43 25
43 40
43 41
43 51
43 57
43 61
43 69
44 3
45 10
45 27
46 26
46 27
46 31
46 33
46 39
46 45
46 46
46 49
46 55
47 1
48 2
48 3
48 11
48 30
48 48
48 61
48 63
48 64
51 37
51 39
51 40
51 41
51 52
51 53
51 54
51 119
52 11
52 27
52 51
52 52
52 60
52 61
52 63
52 69
52 71
52 76
52 80
52 89
52 92
52 96
52 101
52 110
52 112
52 119
52 120
52 136
52 137
52 139
52 141
52 150
52 154
52 156
52 157
52 160
52 162
52 174
52 180
52 186
52 192
52 202
52 203
52 211
52 214
52 232
52 237
52 241
52 243
53 107
53 109
53 112
53 115
53 119
53 120
53 123
54 1
54 2
54 8
54 24
54 26
54 32
54 35
55 1
55 4
55 6
55 9
55 18
55 24
55 28
56 1
56 2
56 3
56 4
56 7
56 11
56 21
56 23
56 29
56 30
57 19
58 3
58 4
58 7
58 9
58 19
58 22
58 33
58 44
58 58
58 63
58 68
58 77
58 86
58 92
59 3
59 29
59 30
59 31
59 38
59 42
59 70
59 72
59 82
59 83
59 86
59 107
59 128
59 131
59 136
59 140
59 141
59 170
59 176
59 183
59 189
59 193
59 202
59 208
59 214
59 217
59 219
59 224
60 55
60 59
62 15
62 20
62 26
62 27
62 29
62 38
62 39
62 45
62 47
62 52
62 125
62 131
62 134
62 143
62 144
63 98
63 102
64 12
64 14
64 18
64 33
64 34
64 35
64 37
65 4
65 14
65 15
65 16
65 18
65 23
65 25
65 33
65 37
65 39
65 44
65 46
66 4
66 64
66 65
66 68
66 84
66 85
66 86
66 92
66 134
66 136
66 141
66 142
66 147
66 167
66 170
66 177
68 29
68 32
68 37
68 40
68 51
68 64
69 4
70 27
70 32
70 39
70 48
70 65
70 67
71 30
71 31
71 33
71 35
71 37
71 42
71 44
71 45
71 47
72 2
72 6
72 8
72 9
72 10
72 29
73 24
73 39
73 42
73 44
73 63
73 65
73 66
73 72
73 91
73 93
73 94
74 6
74 28
74 33
74 35
74 37
74 46
74 51
74 55
74 56
74 59
74 71
74 89
74 92
74 93
74 99
74 101
74 102
74 105
74 108
74 109
74 114
74 118
74 125
74 127
74 128
74 134
74 136
75 11
75 17
75 26
75 29
75 37
75 47
75 178
75 193
75 206
75 207
75 224
75 225
75 245
75 259
75 269
75 273
75 274
75 277
75 282
75 285
75 295
75 301
75 302
75 308
75 309
75 311
75 314
76 5
76 11
76 12
76 17
76 33
76 44
76 48
76 55
76 60
76 118
76 126
76 127
76 131
76 132
76 147
76 148
76 155
76 178
76 182
76 194
76 219
76 224
76 225
76 230
76 233
76 234
76 246
76 254
76 255
76 261
76 265
76 269
76 271
76 285
77 7
77 14
77 22
77 23
77 24
77 39
77 40
77 42
77 43
77 48
77 49
77 63
77 66
77 67
77 72
77 82
77 84
77 92
77 94
77 106
77 116
77 118
77 119
79 3
79 7
79 11
79 14
79 22
79 25
79 26
79 30
79 34
79 36
79 42
82 14
82 16
82 19
82 36
82 41
82 47
83 1
84 3
84 13
84 29
84 37
84 41
84 43
84 47
84 48
84 51
84 108
84 110
84 118
84 119
84 121
84 128
85 5
85 6
85 14
85 20
85 24
85 32
85 35
85 36
85 48
85 49
85 57
85 59
85 66
85 74
85 85
85 91
85 93
85 97
85 107
86 21
86 25
86 26
86 31
88 21
88 35
89 2
89 8
89 11
89 17
89 25
89 26
89 38
89 39
89 42
89 44
89 52
89 65
89 78
89 80
89 89
89 90
89 92
89 94
89 104
89 106
89 110
89 114
89 125
89 129
89 134
89 142
89 144
89 154
89 168
89 170
89 173
89 182
89 188
89 189
89 190
89 200
89 212
89 217
92 43
92 51
93 1
93 6
93 13
93 49
93 54
93 60
93 66
93 79
93 82
93 83
93 84
93 85
93 88
93 98
93 103
93 107
93 112
93 155
93 173
93 182
93 184
93 186
93 188
93 189
93 201
93 204
93 240
93 241
93 263
93 268
93 269
93 276
93 280
93 288
94 4
94 8
94 9
94 10
94 16
94 23
94 24
94 25
94 27
94 32
94 35
94 45
94 46
94 50
94 65
94 69
95 1
95 3
95 50
95 68
95 72
95 75
95 83
95 94
95 101
95 104
96 19
96 27
96 57
96 68
96 72
96 75
98 34
98 38
98 41
98 77
98 78
98 84
98 86
98 96
98 97
98 107
98 115
98 116
98 124
98 133
98 175
98 177
98 182
98 215
98 229
98 236
98 237
98 246
98 251
98 257
98 259
99 2
99 6
99 16
99 27
99 29
99 36
99 39
99 40
99 41
99 43
99 48
99 51
99 52
99 62
100 64
100 67
100 68
101 1
101 4
101 6
101 23
101 26
101 28
101 35
102 2
102 9
102 10
102 11
102 17
102 19
102 32
102 138
103 12
103 22
103 28
103 32
103 34
103 35
103 49
