1 4
1 13
1 15
2 6
2 11
2 15
2 21
2 22
2 24
2 47
2 48
2 60
2 61
3 17
3 18
3 26
3 35
3 46
3 62
4 4
4 42
4 47
4 49
4 50
5 4
5 13
5 20
5 30
5 37
5 46
5 47
5 55
5 56
6 1
6 6
6 14
6 18
6 29
6 32
6 34
6 35
6 46
6 55
6 61
6 63
7 1
8 8
8 126
8 127
8 138
8 159
8 163
8 171
8 175
8 178
8 189
10 16
10 19
11 13
11 18
11 20
11 38
11 46
11 49
11 50
11 59
11 66
11 68
11 70
11 71
14 45
14 53
16 11
16 14
16 19
17 50
17 52
17 56
17 65
17 67
17 72
17 73
17 78
17 85
17 86
17 87
18 1
18 3
18 7
18 18
18 21
18 27
18 37
18 42
18 53
18 59
18 66
18 71
18 82
18 100
18 110
18 114
18 116
20 28
20 31
20 32
20 37
20 48
20 51
20 52
20 54
20 55
20 57
20 62
20 150
20 152
20 158
20 201
20 203
20 211
20 212
20 220
20 222
20 247
20 262
20 271
20 277
20 287
20 288
20 290
20 297
20 302
20 305
21 5
21 7
21 8
21 9
21 11
22 1
22 2
22 11
23 6
23 8
23 21
23 32
23 39
23 43
23 51
23 61
23 64
23 71
23 76
24 8
24 10
24 15
24 40
24 42
24 43
24 46
25 90
30 80
30 88
30 98
30 99
30 101
30 109
30 115
30 123
30 126
30 131
30 135
30 148
30 152
30 158
30 161
30 165
30 168
31 5
31 6
31 7
31 25
31 32
31 40
31 48
31 58
31 60
31 76
31 89
31 103
31 106
31 109
31 117
31 129
31 131
31 141
31 147
31 149
31 156
31 176
31 177
31 194
31 198
32 11
32 18
32 26
32 27
32 36
32 38
32 40
32 45
32 60
32 66
32 69
32 74
32 81
32 84
32 93
33 6
33 8
33 10
33 22
33 30
37 10
37 11
37 13
37 14
37 17
37 21
37 38
37 43
37 55
37 94
37 104
37 106
37 118
37 119
37 124
37 125
37 134
37 135
37 141
37 252
37 253
37 260
37 263
37 266
37 268
37 278
37 279
37 284
37 286
37 293
37 295
37 306
37 315
37 318
37 337
37 339
37 355
37 356
37 364
38 15
38 16
38 20
38 28
38 58
38 60
38 62
38 73
39 1
39 14
39 15
39 18
40 8
40 10
40 19
40 32
40 36
41 16
41 17
41 19
41 26
41 29
41 31
42 3
42 17
42 24
42 31
42 51
42 57
42 58
42 59
42 99
42 103
42 104
42 139
42 153
42 157
42 159
42 162
42 172
42 175
42 179
42 181
42 183
42 184
42 185
43 5
43 7
43 8
43 28
43 81
43 121
43 124
43 125
43 131
43 145
43 164
43 174
43 181
43 183
44 4
44 21
44 26
45 14
45 24
45 27
45 29
45 31
45 33
45 102
45 104
45 105
45 109
46 3
46 7
46 14
46 15
46 19
46 20
46 24
46 25
46 38
47 4
47 20
47 22
47 23
47 26
47 28
47 29
47 36
47 39
47 46
47 56
47 59
47 68
48 8
48 11
48 15
48 27
49 9
50 20
51 3
51 5
51 7
51 12
51 13
51 14
51 15
51 22
53 10
53 20
53 25
53 40
54 1
54 7
54 11
54 23
54 24
54 31
54 33
54 37
54 39
54 44
54 48
54 50
54 51
54 61
54 65
54 79
54 129
56 46
56 49
56 51
56 52
56 59
56 64
56 68
56 85
56 86
56 89
56 103
56 109
56 111
56 113
56 122
56 123
56 124
56 126
56 127
56 130
56 137
56 155
56 160
56 164
56 171
57 2
57 3
57 12
57 17
57 29
58 13
59 1
59 5
59 13
60 3
60 7
60 11
60 14
60 17
60 18
60 20
60 30
60 53
60 54
60 59
60 191
60 193
62 34
62 40
62 51
62 54
62 56
62 59
62 61
62 64
62 70
62 73
62 74
62 77
62 81
62 91
62 93
62 105
62 114
62 118
62 119
62 122
62 132
62 144
62 146
62 149
62 152
62 155
62 156
62 171
62 186
62 187
62 192
62 197
62 202
62 231
62 255
62 257
62 269
62 276
62 279
62 280
62 281
62 282
62 284
62 290
62 294
62 296
62 300
62 308
63 4
63 5
63 6
63 8
63 11
63 122
63 126
63 127
63 130
63 140
63 142
63 146
63 147
63 151
63 153
63 155
63 157
63 160
63 169
63 182
64 1
64 13
64 33
68 18
68 22
68 30
68 32
68 38
68 92
68 96
68 105
68 116
68 130
68 147
68 154
68 174
68 175
68 183
68 184
68 197
68 201
68 202
68 207
68 220
68 228
68 243
68 245
68 248
68 258
68 259
68 267
68 270
68 272
68 276
68 277
68 278
68 288
68 292
68 301
68 304
68 305
68 312
68 316
68 344
68 352
68 354
69 1
69 3
70 87
70 98
70 107
70 108
70 139
70 140
70 163
70 169
70 176
70 179
70 180
70 188
70 194
70 208
70 305
70 306
70 312
70 315
71 9
71 19
71 23
71 25
71 31
72 2
72 6
72 17
72 22
72 43
74 7
74 10
74 12
74 16
74 32
74 34
75 3
75 4
75 15
75 21
75 22
75 39
75 40
75 42
75 45
75 50
75 54
75 63
76 1
76 5
76 6
77 2
77 12
77 13
77 33
77 38
77 72
77 74
77 87
77 92
77 104
77 107
77 108
77 116
77 119
77 122
77 126
78 8
78 144
78 160
78 163
78 169
78 186
78 193
78 216
78 217
78 218
78 314
78 317
78 326
78 327
78 328
78 335
79 10
79 36
80 48
80 58
80 61
80 72
80 79
80 83
80 98
80 102
81 7
81 9
81 12
81 13
81 32
81 33
81 36
81 40
81 44
81 50
81 57
81 64
81 65
81 66
81 70
81 74
83 38
83 39
83 42
88 3
88 9
88 14
88 18
88 19
88 27
88 46
88 48
88 59
88 63
88 66
88 68
88 74
89 2
89 3
89 7
89 13
89 26
89 28
90 1
90 3
90 6
90 7
90 15
90 22
90 25
90 27
90 167
90 168
90 171
90 184
90 189
90 192
90 200
90 201
90 217
90 231
90 235
90 241
90 245
90 247
90 248
90 257
90 259
90 267
90 275
91 6
91 17
91 30
91 33
91 37
91 50
91 52
91 53
91 61
91 73
91 75
91 81
91 83
91 86
91 89
91 92
91 94
91 105
91 122
91 129
92 49
94 1
94 10
94 11
94 12
94 14
95 1
96 1
96 3
97 2
97 7
97 12
97 14
97 18
98 25
98 29
98 31
98 38
98 61
98 62
98 67
98 73
99 63
99 64
99 102
99 112
100 1
100 31
100 34
100 44
100 53
100 60
100 69
100 80
100 95
100 96
100 98
100 108
100 128
100 135
100 136
101 1
101 9
101 18
101 27
101 38
101 44
101 47
101 56
101 61
101 65
101 84
101 89
102 28
103 4
103 6
103 8
103 31
103 79
104 4
104 8
104 27
104 31
104 49
104 60
104 68
104 70
104 80
104 85
104 172
104 176
104 181
104 184
104 187
104 188
104 191
104 195
104 206
104 208
105 3
105 8
105 56
107 54
107 59
107 67
107 162
107 179
107 180
108 4
108 9
108 11
109 1
109 25
109 28
109 39
109 42
110 2
110 12
110 66
110 88
112 17
