1 4
1 7
1 10
1 11
2 6
2 12
2 13
2 23
2 24
2 29
3 3
3 5
3 6
5 96
6 1
7 21
7 22
7 24
7 43
7 49
7 65
7 92
7 101
7 104
7 105
7 109
7 111
7 113
7 118
7 146
7 150
7 163
7 170
7 174
7 178
7 185
7 187
8 23
8 39
8 47
8 49
8 55
8 57
8 59
8 65
8 69
8 76
8 78
8 93
8 101
9 1
9 2
10 9
11 4
11 12
11 17
11 28
11 30
11 31
11 32
11 35
11 57
11 58
11 60
11 61
11 67
11 80
11 100
11 101
11 114
11 115
11 130
11 136
11 141
11 142
11 167
11 170
12 6
12 20
12 22
12 35
12 50
12 66
13 1
13 11
13 18
13 25
13 27
13 32
13 42
13 45
13 49
13 51
16 9
16 13
16 24
16 31
17 6
17 10
17 17
17 24
17 29
17 34
17 39
17 41
17 44
17 50
17 56
18 36
18 174
18 176
18 180
18 182
18 185
18 194
18 195
18 198
18 201
19 66
19 67
19 69
19 82
19 93
19 96
19 98
19 100
20 6
20 10
20 15
21 5
21 15
21 16
21 34
21 41
21 47
21 51
21 67
21 73
21 75
21 78
21 81
21 94
21 98
21 102
22 3
22 13
22 21
22 23
22 28
22 36
22 50
22 52
22 53
22 55
22 60
22 69
22 73
22 75
22 89
22 90
22 97
22 108
22 110
22 127
22 128
22 132
22 148
22 236
22 237
22 247
22 248
22 259
22 260
22 266
23 5
24 30
24 41
24 48
24 65
24 66
24 77
25 10
25 15
25 21
25 24
25 25
25 39
25 41
25 49
25 59
25 65
25 74
25 87
25 90
25 126
25 128
25 133
25 236
25 242
25 245
25 251
25 252
25 267
25 281
25 283
25 285
26 5
26 9
26 27
26 32
26 35
26 56
26 63
26 68
26 78
27 16
27 23
27 27
27 42
27 48
29 39
29 43
29 44
29 51
29 52
29 62
35 49
35 55
35 57
35 64
35 80
35 90
35 94
35 117
35 119
35 126
35 136
35 142
35 149
35 171
35 176
35 180
35 183
35 186
36 20
36 21
36 24
36 26
36 29
36 32
36 44
36 47
36 49
38 51
38 59
38 66
38 67
38 72
38 73
38 85
38 97
38 99
38 103
38 104
38 106
38 245
38 248
38 252
38 260
38 264
38 277
38 287
38 294
38 296
38 301
38 302
38 305
38 307
38 310
38 314
38 323
38 328
39 2
39 5
39 6
39 15
39 31
39 38
39 41
39 43
39 46
39 58
39 62
39 67
39 79
39 81
39 86
40 5
40 11
40 25
40 26
40 32
40 43
40 44
40 52
40 55
40 56
40 59
40 73
40 75
40 78
40 83
40 86
41 2
41 4
41 6
41 12
41 23
41 33
41 34
41 38
41 50
41 76
41 77
41 81
41 88
41 94
41 108
41 111
41 114
41 119
41 123
41 125
41 127
41 130
41 143
41 151
41 163
41 171
41 172
42 8
42 12
42 15
42 22
43 2
43 5
43 10
43 15
43 16
43 26
43 32
43 34
43 40
43 43
43 45
45 6
45 12
45 18
45 21
45 22
45 30
46 19
46 22
48 12
48 13
48 16
48 23
48 53
48 68
48 199
49 6
49 7
53 10
54 29
54 44
54 47
54 62
55 1
55 13
55 15
55 18
55 22
56 4
56 5
56 6
56 11
56 15
56 18
57 8
57 16
57 19
57 32
57 38
57 44
57 51
57 56
57 69
57 75
57 88
57 94
57 96
57 97
57 100
57 102
57 121
57 125
57 126
57 127
57 129
57 134
57 137
58 2
58 3
58 5
58 11
58 15
58 30
58 35
58 37
58 41
58 43
58 44
58 49
58 51
58 55
58 56
58 67
58 69
58 72
58 77
58 79
58 85
58 95
58 96
58 99
58 101
58 102
58 106
58 107
58 115
59 59
59 61
59 65
59 79
59 102
59 111
59 113
59 116
59 122
59 129
59 131
59 133
59 152
59 167
59 171
59 173
59 175
59 176
59 184
59 192
59 195
60 23
60 31
60 32
60 33
60 34
60 35
60 45
60 53
62 2
62 3
62 5
62 15
62 25
62 30
62 32
62 38
62 41
62 43
63 47
63 51
63 53
63 56
63 64
63 65
65 14
65 23
65 25
65 29
65 30
65 33
65 34
65 36
65 42
65 43
65 61
65 191
65 192
65 193
65 195
65 204
65 210
65 211
65 212
65 216
65 219
65 220
65 225
65 228
65 247
65 249
65 260
65 263
65 264
65 269
65 278
65 283
65 288
65 290
65 293
65 307
66 3
66 4
66 7
66 19
66 29
67 4
68 37
68 60
68 63
68 69
68 71
68 75
68 83
68 88
68 93
68 100
68 104
68 110
68 112
68 113
68 117
68 122
68 124
68 126
68 137
68 138
68 140
68 142
68 146
68 147
68 150
68 151
68 156
68 161
68 169
68 179
68 181
68 182
68 187
68 193
69 41
69 51
69 60
69 65
69 70
69 76
69 80
69 84
69 86
69 90
69 99
69 128
69 129
69 137
69 140
69 142
69 143
69 150
69 155
69 159
69 160
69 161
69 166
69 167
69 172
71 4
71 6
71 8
71 11
71 23
71 52
71 55
71 63
71 81
71 97
71 98
71 103
71 108
71 111
71 112
71 121
71 124
71 136
71 137
71 141
71 154
71 156
71 163
71 167
71 171
71 173
71 180
71 187
71 194
71 195
71 199
71 214
71 215
71 216
72 25
72 29
72 32
72 46
72 51
72 53
72 62
72 70
72 74
72 80
73 5
73 15
73 22
73 23
73 26
73 34
73 36
73 42
74 38
74 39
74 44
74 47
74 51
74 52
75 8
77 82
77 84
77 90
79 83
79 88
79 90
79 97
79 110
79 111
79 113
79 116
82 15
82 16
83 14
83 18
83 20
83 162
83 187
83 191
83 198
83 209
83 212
83 217
83 219
83 227
83 229
83 232
83 235
83 238
83 240
84 1
84 2
86 47
86 49
86 51
86 54
86 56
88 12
88 15
88 22
88 24
88 25
88 39
88 45
88 46
88 48
88 57
88 58
88 59
88 61
88 63
88 67
88 68
88 73
88 81
88 88
88 92
88 94
88 95
88 98
88 103
88 203
88 216
88 219
89 1
89 13
89 15
89 21
89 29
89 35
89 37
89 44
89 59
89 61
89 63
89 67
89 87
90 1
90 3
90 9
90 41
91 1
92 1
92 2
93 21
94 45
94 52
94 53
94 58
94 60
94 63
94 64
94 65
95 1
95 10
96 4
96 5
96 6
96 15
96 25
96 26
96 28
96 46
96 49
96 53
96 54
96 57
96 70
96 73
96 75
97 1
97 7
97 15
97 28
97 30
97 42
97 144
97 146
97 152
97 153
97 162
97 164
97 165
97 177
97 192
97 198
97 200
97 219
97 227
97 230
97 235
97 240
97 248
97 252
97 253
97 254
97 257
97 261
97 269
97 277
98 16
99 9
99 12
99 21
99 24
99 26
99 30
99 31
99 37
99 38
99 39
100 49
100 52
100 58
100 61
100 69
100 82
101 38
101 48
101 60
101 82
101 85
101 150
101 151
101 167
101 174
101 179
101 180
101 184
101 186
101 195
101 204
101 206
101 207
101 223
101 224
103 1
103 2
103 4
103 13
103 14
103 27
103 28
103 47
103 49
103 67
103 73
103 80
103 85
103 88
103 90
103 95
103 99
103 100
103 111
103 113
103 130
103 134
103 136
103 139
103 143
103 175
103 176
103 180
103 182
103 184
103 191
103 195
103 200
103 210
103 212
103 221
103 227
103 228
103 230
103 232
103 239
103 244
103 249
103 284
103 285
103 287
103 304
103 308
103 309
103 310
103 312
103 319
103 322
103 324
103 327
103 335
103 339
103 340
103 351
103 352
103 355
103 358
103 359
103 360
103 363
103 365
103 368
103 372
103 376
103 386
103 387
103 394
103 420
103 425
103 435
