1 4
1 12
1 18
1 19
1 26
1 36
1 44
1 51
1 59
1 60
1 63
1 73
1 78
2 5
2 8
2 10
2 11
2 18
2 20
2 24
2 31
2 40
2 41
2 50
2 51
2 58
2 64
2 65
2 71
2 91
2 104
2 107
2 109
2 115
2 118
2 121
2 122
2 134
2 157
2 164
2 166
2 171
2 319
2 366
2 367
2 369
2 375
2 393
2 396
2 397
2 403
2 416
2 427
4 2
4 4
4 18
4 31
4 46
4 57
4 60
4 80
4 91
4 96
6 8
6 9
6 14
6 15
6 26
6 38
6 42
6 44
6 47
9 26
9 28
9 30
9 32
9 46
9 65
9 71
9 75
9 86
9 87
9 94
9 109
9 120
9 142
9 143
9 148
9 155
9 159
9 163
9 172
9 176
9 181
9 197
9 200
9 201
9 204
10 60
10 63
10 65
10 82
11 9
11 11
11 15
11 70
11 73
11 82
11 83
11 86
11 91
11 92
11 99
11 103
11 104
11 107
11 109
11 119
11 123
11 143
11 150
11 151
11 156
11 159
11 167
11 168
11 175
11 192
11 196
11 197
11 201
11 203
11 215
11 221
11 257
11 260
12 2
12 4
12 5
13 6
13 10
13 12
13 15
14 4
15 10
15 11
15 22
15 49
15 51
15 53
15 54
15 56
15 67
15 70
15 72
15 76
15 77
15 80
15 237
15 262
15 270
15 273
15 285
15 296
15 306
15 308
15 310
15 311
15 327
15 332
16 6
16 18
16 24
19 2
19 3
19 21
19 22
19 31
19 39
19 44
19 50
19 59
19 65
19 74
19 75
19 177
19 189
19 191
19 194
19 202
19 206
19 209
19 211
19 217
19 221
19 225
19 233
19 234
19 237
20 3
20 9
20 13
20 23
20 24
20 43
20 55
20 115
21 8
21 58
21 59
21 61
21 71
22 2
22 184
22 186
22 201
22 202
22 205
22 215
22 216
22 250
23 1
24 22
24 24
24 27
24 28
24 32
24 91
24 106
24 107
24 114
24 116
24 117
24 118
24 119
24 123
24 126
24 129
24 131
24 145
24 147
24 156
24 157
25 83
25 135
25 146
25 150
25 156
25 158
25 159
25 161
25 171
25 177
25 179
25 186
25 189
25 190
25 191
25 201
26 15
26 22
26 23
26 56
27 2
27 12
27 15
28 14
28 15
28 17
28 18
28 22
28 24
28 26
28 30
28 41
28 45
28 49
28 50
28 53
28 55
28 56
28 77
28 79
28 82
28 94
28 95
28 98
28 102
28 103
28 107
28 112
28 123
28 124
28 136
31 17
31 20
31 23
31 30
31 34
31 37
32 52
32 56
32 58
32 60
32 71
32 74
32 83
32 85
32 97
32 101
32 108
32 109
32 124
32 131
32 135
32 139
32 142
33 10
33 31
34 10
34 18
35 1
35 2
35 4
35 9
35 10
35 18
35 20
35 36
35 39
35 40
35 54
35 55
35 74
35 90
35 94
35 97
36 8
36 9
36 11
36 12
36 14
36 16
36 31
37 3
37 4
38 15
38 22
38 31
38 32
38 38
38 40
43 26
43 62
43 65
43 86
43 99
43 108
43 111
43 114
43 121
45 2
45 16
45 19
45 22
45 32
45 35
45 36
45 39
45 40
45 44
45 45
45 47
45 52
46 7
46 21
46 30
47 5
47 6
47 7
47 15
47 18
47 24
47 27
47 28
47 37
47 65
47 71
47 77
47 79
47 86
47 88
47 96
47 104
48 3
49 79
49 82
49 86
49 90
49 109
49 139
50 10
50 14
50 15
50 18
50 19
50 28
50 32
50 47
50 51
51 18
51 30
52 4
52 10
52 12
52 28
52 29
52 34
52 35
52 38
52 48
53 13
53 14
53 16
53 18
53 29
53 31
53 41
53 44
54 6
54 11
54 15
54 23
54 24
54 27
54 35
54 38
54 42
54 47
54 54
54 61
54 75
54 91
54 102
54 105
54 110
54 115
54 120
54 121
54 123
54 124
54 125
54 152
54 153
54 155
54 158
54 163
54 172
54 176
54 179
55 18
55 19
55 29
56 5
56 11
56 13
56 20
56 26
56 35
56 37
56 45
56 48
56 53
56 56
56 62
56 64
56 65
56 67
57 73
57 75
57 77
57 78
57 80
57 81
57 90
57 104
58 19
58 20
58 22
58 30
58 68
58 71
58 74
58 80
58 86
58 105
58 107
58 131
58 160
58 170
59 115
59 125
59 127
59 144
59 148
59 153
59 160
59 161
59 164
59 166
59 168
59 176
59 177
59 180
59 190
59 195
59 196
59 200
59 203
59 214
59 220
59 221
59 223
59 226
59 229
59 230
59 231
59 232
60 11
60 12
60 14
60 15
60 23
60 26
60 31
60 36
60 40
60 43
60 45
60 47
60 50
60 51
60 61
60 70
60 77
60 79
64 61
64 66
64 77
64 79
64 84
64 86
64 101
64 102
65 1
65 25
65 30
65 34
67 38
67 43
67 49
67 54
67 56
67 70
68 9
69 6
69 13
69 15
69 18
69 23
69 24
69 25
69 58
69 61
69 62
69 65
70 2
70 7
70 18
70 29
70 36
70 49
70 53
70 65
70 68
71 31
71 34
71 36
71 43
71 46
71 47
71 58
71 69
71 71
71 72
71 77
71 79
71 82
71 89
71 90
71 153
71 155
71 167
71 171
71 172
71 174
71 178
75 42
75 49
75 51
75 64
75 68
75 81
75 83
75 86
75 93
75 122
75 204
75 212
75 219
75 224
75 231
75 241
75 242
75 246
75 248
75 255
75 259
75 263
75 265
75 266
75 270
76 7
76 11
76 13
76 20
76 31
76 32
76 58
76 67
76 71
76 75
76 76
76 79
76 91
76 94
76 95
76 96
76 99
76 100
76 117
76 124
76 143
76 149
76 153
76 158
76 168
76 217
76 219
76 221
76 222
76 225
77 9
77 13
77 23
77 40
78 31
78 34
78 40
79 23
79 24
79 26
79 37
79 41
79 42
79 43
79 46
79 54
79 57
79 68
79 77
79 83
79 194
79 198
79 260
79 262
81 1
81 7
81 12
81 14
81 23
81 24
82 3
82 5
82 17
82 19
82 24
82 28
82 35
83 2
83 6
83 8
83 21
84 2
84 16
84 20
84 22
84 37
84 61
84 75
84 88
84 90
84 92
84 106
84 112
84 117
84 121
85 125
85 129
87 1
87 2
87 14
87 22
87 38
87 39
87 42
87 45
87 57
87 62
87 63
87 73
87 157
87 162
87 174
88 2
88 4
88 15
88 16
88 19
88 23
88 28
88 34
88 37
88 40
88 42
88 44
88 54
88 55
88 57
88 58
88 67
88 78
88 79
88 95
88 112
88 120
89 76
89 81
89 84
89 90
89 95
89 102
89 106
89 111
89 114
89 122
89 129
89 130
89 141
89 149
89 154
89 155
89 164
89 169
89 177
89 182
89 184
89 191
89 192
89 194
89 195
89 202
89 203
89 204
89 229
89 244
89 250
89 263
89 269
89 275
89 280
89 282
89 290
93 11
93 18
93 20
93 21
93 31
93 32
93 163
94 14
95 7
95 8
95 10
95 11
95 16
95 20
95 29
95 36
95 40
96 8
96 11
96 26
97 1
97 7
97 14
97 24
97 29
97 33
97 36
97 41
97 43
97 46
97 51
97 67
97 76
97 91
97 92
102 67
102 68
102 71
102 76
102 83
102 88
103 7
103 12
103 21
103 28
103 29
104 3
104 15
104 21
104 23
104 24
104 26
104 36
104 38
104 44
104 46
104 50
104 54
104 55
104 63
106 22
106 25
106 28
106 35
106 40
106 43
106 46
106 47
106 57
