1 8
1 13
1 16
1 17
1 31
1 42
1 48
1 53
1 55
1 58
1 62
1 73
2 2
2 8
3 16
3 17
3 23
3 37
3 44
3 45
3 52
3 55
3 56
3 58
3 65
3 69
3 71
3 76
3 86
4 11
5 69
5 83
5 89
5 93
5 98
5 100
5 101
5 202
5 209
5 210
5 213
5 215
5 216
5 225
5 226
5 233
5 236
5 241
5 242
5 247
5 249
5 251
5 253
5 262
5 271
5 274
5 279
5 280
5 285
5 292
5 295
5 299
5 303
5 313
5 315
5 317
5 327
5 336
5 338
5 340
5 380
5 387
6 4
6 15
6 40
6 45
6 49
6 51
6 56
6 71
6 75
6 86
6 87
6 94
6 106
6 107
7 5
7 8
7 14
8 49
8 60
8 73
8 81
8 82
8 83
8 86
8 89
8 92
8 111
9 4
9 10
9 11
9 13
9 15
9 27
9 30
9 42
9 43
9 46
9 50
9 59
10 2
10 6
11 4
11 10
11 17
12 58
12 62
12 63
12 64
12 70
12 71
13 7
14 7
14 15
14 19
14 23
14 25
14 27
14 40
14 42
14 44
14 50
14 55
14 60
14 61
14 65
14 69
14 72
14 89
14 102
14 104
14 105
14 106
14 114
14 116
14 118
14 122
14 123
14 126
14 137
14 143
14 149
14 152
14 155
14 160
14 161
14 173
14 177
14 198
14 211
14 215
14 219
14 233
14 246
14 256
16 7
16 8
16 16
16 19
16 20
17 5
17 9
18 5
18 13
18 14
19 5
19 12
19 15
19 19
19 26
19 28
19 29
19 43
19 49
19 52
19 56
19 57
19 61
20 22
20 25
20 35
20 36
20 46
20 53
20 54
20 56
20 58
20 61
20 69
20 70
20 74
20 83
20 96
21 14
21 19
21 20
21 42
21 47
21 51
21 66
21 114
21 120
21 130
21 132
21 144
21 146
21 148
21 149
21 152
21 158
21 159
21 162
21 163
21 168
21 174
21 175
21 177
21 182
21 197
21 205
21 211
21 213
21 221
21 234
21 236
21 237
21 239
21 248
21 249
21 252
22 2
22 6
22 8
22 29
22 31
22 37
22 40
22 43
22 62
22 76
22 78
22 79
22 98
22 100
22 107
22 110
22 115
22 118
22 120
22 127
22 130
22 136
22 139
22 142
22 144
22 150
22 161
22 165
22 166
22 170
22 177
23 65
24 12
24 13
24 19
24 25
24 28
25 10
25 12
25 13
25 17
25 19
25 24
25 27
26 1
26 3
26 23
26 100
26 104
26 106
26 108
27 2
27 8
27 12
27 16
27 20
27 33
27 34
27 45
27 56
27 67
28 8
28 23
28 24
28 29
28 39
29 109
29 121
29 129
29 131
29 132
29 142
29 150
29 151
29 160
29 164
29 166
29 169
29 180
29 183
29 185
29 186
29 190
29 195
29 196
29 203
29 205
29 207
29 214
29 217
29 229
29 230
29 232
29 241
29 247
29 248
30 24
30 25
30 47
30 52
30 53
30 54
30 55
30 61
30 65
30 87
30 92
30 96
30 98
30 103
30 105
30 109
30 113
33 22
33 25
33 27
33 33
33 34
33 160
33 161
33 166
34 4
34 8
34 12
34 30
35 56
37 103
38 1
38 2
38 16
38 29
39 11
41 1
41 2
41 3
41 5
41 6
41 10
41 13
41 22
41 23
41 28
41 34
41 38
41 43
41 52
41 62
41 68
41 69
41 87
41 103
41 107
42 5
42 8
42 21
42 25
42 30
42 35
42 48
42 53
42 58
42 60
42 68
42 96
42 98
42 100
42 103
42 104
42 235
42 236
42 241
42 243
42 253
42 254
42 256
42 270
42 273
42 308
42 315
42 319
42 321
42 323
42 327
43 4
43 62
43 66
43 115
43 118
44 4
44 11
44 20
44 23
44 97
44 100
44 104
44 105
44 118
44 122
44 136
44 137
44 139
44 141
44 149
44 153
44 156
44 157
44 159
44 164
44 168
44 169
44 250
44 266
44 277
44 286
44 287
44 298
44 307
44 310
44 311
44 326
44 329
45 2
45 4
45 7
45 9
45 14
45 22
45 24
45 27
45 29
45 41
45 45
45 53
45 57
45 67
45 68
45 70
45 73
45 80
45 84
45 85
45 86
46 55
47 1
47 8
47 24
47 36
47 48
49 43
49 44
49 52
49 54
49 62
49 64
49 66
49 67
49 210
49 214
49 218
49 220
49 221
49 230
49 234
49 239
49 243
49 245
49 252
49 256
49 269
50 2
50 5
50 8
50 43
50 45
51 6
51 9
51 10
51 16
51 22
51 35
51 40
51 45
51 181
51 182
51 184
51 185
51 187
51 204
51 217
51 235
51 243
51 249
51 253
51 262
51 264
51 265
51 270
52 9
52 26
52 27
52 31
52 36
52 37
52 46
52 52
52 57
52 58
52 67
52 69
52 70
52 71
52 75
52 78
52 82
52 83
52 91
52 93
52 96
52 101
52 103
52 109
52 110
52 111
52 123
52 125
52 134
52 138
52 141
52 156
52 159
52 161
52 169
52 186
52 193
52 194
52 195
52 199
52 200
52 205
52 207
52 220
54 39
54 40
54 43
54 67
56 43
56 44
56 46
56 97
56 105
56 127
56 129
56 141
56 144
56 147
56 148
56 155
56 159
56 163
56 165
56 167
56 169
56 170
56 172
56 176
56 177
56 182
56 185
56 186
56 194
56 200
56 209
56 211
56 212
56 215
56 219
56 220
56 223
56 229
56 238
56 239
56 257
56 258
56 278
56 286
56 287
60 18
60 20
60 25
60 28
60 32
61 18
61 19
63 39
63 42
63 44
63 47
64 2
64 3
64 5
64 10
64 16
64 24
64 29
64 33
64 34
64 35
66 20
66 22
66 25
66 30
66 31
66 54
66 61
66 191
66 195
66 197
66 200
66 229
67 4
67 5
67 7
67 11
67 12
67 21
67 22
67 27
67 48
67 51
67 58
67 191
67 193
67 202
67 204
67 211
67 214
67 219
67 224
68 57
68 62
68 64
68 68
68 74
68 76
68 77
68 82
68 94
68 95
68 102
68 104
68 108
68 112
68 113
68 114
68 121
69 51
69 59
70 14
70 15
71 10
71 16
71 21
71 22
71 25
71 26
71 34
71 38
71 47
71 49
71 56
71 61
71 170
72 55
72 56
72 58
72 60
72 61
72 62
72 67
72 69
72 98
72 119
72 135
72 150
72 153
72 156
73 9
73 15
73 16
74 31
75 10
75 13
75 15
75 20
75 35
75 42
75 46
75 52
75 54
75 63
75 65
75 69
75 71
75 73
75 78
75 86
75 100
75 109
75 110
75 123
75 125
75 127
75 137
75 139
75 140
75 141
75 143
75 158
75 179
75 187
75 191
75 192
75 213
75 216
75 217
75 229
75 241
75 243
75 248
75 250
75 252
75 266
75 272
75 275
76 6
76 7
76 11
76 14
76 17
76 28
76 30
76 31
76 42
79 110
79 113
79 114
79 122
79 124
79 126
79 136
79 139
79 140
79 142
79 144
79 147
79 155
79 159
79 183
79 189
79 193
79 195
79 205
79 234
79 236
79 238
79 242
79 244
79 249
79 252
79 254
79 256
79 260
79 270
79 324
79 335
79 344
79 349
79 350
79 361
79 363
79 366
79 370
79 374
79 377
80 6
82 58
82 68
82 72
82 74
82 93
82 129
83 1
83 9
83 18
83 28
83 37
83 56
83 57
83 58
83 74
84 8
84 12
84 13
84 18
84 53
84 54
84 55
85 72
85 86
85 129
85 143
85 148
85 164
86 6
86 17
86 23
86 28
86 31
86 35
86 47
86 52
86 62
86 89
86 90
86 91
87 2
88 2
88 4
88 12
88 14
88 31
89 2
89 9
89 23
89 25
89 33
89 41
89 57
89 58
89 61
89 62
89 65
89 69
89 71
89 84
89 90
89 105
89 117
89 122
89 131
90 9
90 10
90 11
90 20
90 22
90 24
90 59
90 61
90 63
90 68
90 74
90 77
90 84
90 87
90 90
93 77
95 5
95 6
95 10
95 14
95 22
95 26
96 14
96 20
96 24
96 27
96 39
96 40
96 50
96 53
98 17
98 19
98 26
98 34
98 37
98 42
98 58
98 64
98 77
99 68
99 69
99 79
99 80
99 88
