1 1
2 12
2 14
4 88
4 89
4 90
4 97
4 98
5 45
5 59
8 54
8 191
8 192
8 198
8 208
9 6
9 9
9 15
9 29
9 45
9 107
9 109
9 110
9 121
9 122
9 123
9 125
9 260
9 262
9 265
9 267
9 275
9 278
10 80
10 85
10 88
10 230
10 231
10 235
10 246
11 63
11 74
11 78
11 79
11 81
11 88
11 105
12 2
12 18
12 22
12 23
12 24
12 29
12 31
12 41
12 57
12 62
12 64
12 67
13 5
13 17
14 2
14 3
14 5
14 20
14 26
14 27
14 35
15 2
16 52
16 66
16 68
16 69
16 70
16 71
16 78
16 83
16 85
16 179
16 197
16 208
16 214
16 218
16 224
16 232
16 240
16 241
16 245
16 258
16 262
16 276
16 286
16 290
17 65
17 66
17 67
17 68
17 156
17 177
17 179
17 184
17 190
17 197
17 200
17 203
17 219
17 223
17 225
17 226
17 230
18 1
18 2
18 5
18 8
18 10
18 21
18 30
18 32
18 33
18 34
18 60
18 63
18 64
18 68
18 98
18 106
18 115
19 78
19 82
19 83
21 82
21 83
21 90
21 95
21 98
21 105
21 110
21 112
21 115
21 178
21 183
22 4
22 6
22 16
22 19
22 26
22 29
22 36
22 43
22 47
22 52
22 53
22 56
22 58
22 62
22 64
22 72
22 73
22 74
22 78
22 211
22 212
22 227
22 228
22 229
23 2
23 7
23 21
23 52
23 69
23 71
23 72
23 75
23 86
23 104
23 110
23 111
23 118
23 125
23 137
23 149
23 150
23 154
24 1
24 3
24 4
24 9
24 11
24 19
24 35
24 40
24 42
24 43
24 60
24 62
24 63
24 65
24 66
24 78
24 86
24 87
24 90
24 97
24 110
24 112
25 6
25 10
26 1
26 33
26 38
26 39
26 42
26 45
26 54
26 55
26 75
26 79
26 80
26 83
26 90
26 97
26 103
26 111
26 115
26 117
26 121
26 130
26 133
26 134
26 148
26 150
26 152
26 164
26 167
26 173
26 174
26 178
26 181
26 183
26 189
26 203
26 217
26 222
26 231
26 233
26 237
26 248
26 253
26 254
26 259
26 272
26 278
26 279
26 286
26 289
26 290
26 299
26 311
26 314
26 327
26 329
26 339
26 349
26 352
26 358
26 360
26 363
26 366
26 372
26 376
26 377
26 381
26 391
29 84
29 90
29 91
29 94
29 95
29 97
29 120
31 13
31 17
31 18
31 19
31 21
31 27
31 31
31 36
31 40
31 46
31 50
31 68
31 79
31 80
31 82
32 2
32 10
32 11
32 14
32 19
32 21
32 22
33 2
33 10
33 11
33 14
33 26
33 34
33 38
33 43
33 47
33 59
34 1
34 6
34 30
34 43
34 49
34 51
34 54
34 57
34 107
34 111
34 117
34 118
35 3
36 2
36 11
36 14
36 26
36 27
36 29
36 35
36 42
36 47
36 48
36 85
36 90
36 92
36 95
36 96
36 101
36 104
36 111
37 14
37 16
37 18
37 31
38 1
38 6
38 8
38 14
38 18
38 24
38 32
38 102
38 122
38 123
38 129
38 132
38 135
38 137
38 139
38 146
38 150
38 154
38 161
38 165
38 173
38 180
38 190
38 193
38 201
38 211
38 213
38 272
38 274
38 275
38 281
38 285
38 286
38 343
38 348
39 1
40 6
40 9
40 10
40 12
40 18
40 33
40 42
40 43
40 45
40 65
40 70
40 77
40 78
40 82
40 96
40 114
40 116
40 122
40 131
40 136
40 138
40 139
40 158
40 159
40 167
41 50
41 54
41 59
41 71
41 75
42 4
42 5
42 11
42 12
42 21
42 22
42 23
43 10
43 109
44 5
44 7
45 1
45 11
45 17
45 18
45 118
45 119
45 132
45 133
45 135
45 138
45 143
45 151
45 255
45 256
45 260
45 262
47 2
47 6
47 9
47 20
47 33
48 98
48 115
48 120
48 125
48 139
48 144
49 4
49 17
50 11
50 22
50 24
50 42
50 49
50 153
50 155
50 162
51 4
51 6
51 13
51 14
52 17
52 30
52 40
52 50
52 180
52 184
52 188
52 195
52 197
52 203
52 204
52 214
52 221
52 223
52 227
52 230
52 232
52 241
52 269
52 338
52 347
53 4
53 6
54 2
54 22
54 41
54 61
54 62
55 1
55 21
55 27
57 42
57 47
57 53
57 57
57 80
57 90
57 110
57 114
57 116
57 117
57 118
57 119
57 122
57 124
57 126
57 130
57 131
57 135
57 136
57 140
57 141
58 15
58 21
58 30
58 33
58 35
58 46
58 58
58 65
58 66
58 68
58 78
58 80
58 82
58 89
58 90
58 96
58 100
58 103
58 125
58 132
58 136
59 1
59 3
60 2
60 3
60 12
60 14
60 18
60 33
60 35
61 3
61 16
61 19
61 20
61 28
61 40
61 44
62 5
62 11
62 12
62 16
62 22
62 31
62 32
62 34
62 172
62 177
62 179
62 180
62 184
62 187
62 194
62 206
62 207
63 8
63 145
64 5
64 15
64 17
64 18
64 20
65 5
65 12
65 14
65 20
65 24
67 2
67 19
67 21
67 156
67 157
67 159
67 160
67 174
67 193
67 199
68 5
68 15
68 16
68 25
68 27
68 28
68 30
68 38
68 54
68 72
68 74
68 76
68 79
68 113
68 114
68 117
68 127
68 131
68 141
68 142
68 146
69 18
69 35
69 43
69 49
69 55
69 62
69 63
69 77
69 97
69 101
69 103
69 112
69 114
69 115
69 129
69 140
69 146
69 148
69 149
69 152
69 163
69 176
69 179
69 184
69 194
69 197
69 215
69 221
69 232
69 302
69 303
69 306
70 99
70 110
70 112
70 115
70 119
70 130
70 131
70 159
71 58
71 59
71 61
71 75
71 77
71 88
71 90
71 96
71 102
71 114
71 117
71 118
71 130
71 142
71 146
71 147
71 152
71 153
71 158
71 167
72 5
72 8
72 12
72 14
72 19
72 33
72 36
73 78
74 1
74 3
75 30
75 32
75 51
75 54
75 56
76 2
76 4
76 13
76 18
76 22
76 23
76 24
76 28
76 31
76 37
76 48
76 61
77 1
77 2
77 5
77 7
77 141
77 147
77 148
77 151
77 153
77 154
77 155
77 167
77 175
77 181
77 183
78 6
78 7
78 23
78 26
79 16
79 18
79 20
79 21
79 37
79 46
79 48
79 51
79 56
79 57
79 65
79 66
79 71
80 1
81 3
81 10
81 29
81 35
81 37
81 39
81 48
82 44
82 45
82 49
82 60
82 72
82 80
82 85
82 86
84 30
84 34
84 37
84 39
85 4
85 25
85 27
85 36
85 40
85 53
88 36
88 54
88 55
88 57
88 58
88 61
88 101
88 111
88 113
88 114
88 129
88 131
88 167
89 5
89 8
89 11
89 18
89 20
89 28
89 32
89 38
89 40
89 45
89 52
89 54
89 57
89 61
89 67
89 82
89 83
89 87
89 89
89 90
89 94
89 111
89 116
89 123
89 133
89 140
89 141
89 153
89 156
89 159
89 165
89 170
89 174
89 175
89 178
89 182
89 208
90 3
90 4
90 9
90 23
90 39
90 169
90 171
90 172
90 182
90 189
90 192
90 195
90 200
90 202
90 203
90 205
90 208
90 212
90 220
90 223
90 262
90 263
90 274
90 298
90 299
90 308
90 310
90 311
90 315
90 319
90 325
90 326
90 327
90 329
90 332
90 335
90 337
90 359
