1 6
1 14
1 35
1 36
1 46
1 48
1 59
1 61
1 64
1 78
1 80
1 93
1 95
1 102
1 103
1 121
1 128
1 129
1 134
1 137
1 152
1 156
1 158
1 160
1 163
1 178
1 180
1 182
1 184
1 206
5 17
5 31
5 32
5 34
5 40
5 41
5 47
5 53
5 57
5 70
5 76
5 77
5 84
5 86
5 184
5 193
5 202
5 203
5 204
5 205
5 209
5 213
5 215
5 220
5 237
5 248
5 250
5 256
5 266
6 20
6 35
6 46
7 24
7 25
11 28
11 31
11 37
11 44
11 46
11 66
11 73
11 85
11 99
11 104
11 107
11 108
11 242
11 244
11 247
11 250
11 252
11 256
12 5
12 6
13 7
14 7
14 53
14 128
14 131
14 137
14 138
14 144
14 153
14 156
14 158
15 9
15 17
15 27
15 33
15 38
15 59
17 33
17 39
17 41
17 49
17 53
17 59
18 64
18 67
18 72
18 81
18 90
18 92
18 95
19 51
19 60
19 69
19 77
20 1
20 4
20 9
20 26
20 28
20 34
20 41
20 64
20 70
20 72
20 75
20 77
20 79
20 81
20 83
20 84
20 88
20 90
20 91
20 95
20 108
20 113
20 117
20 120
20 130
20 134
20 137
20 143
20 145
20 148
22 17
22 24
22 30
23 3
23 33
23 37
23 39
23 45
24 11
24 13
24 14
26 11
26 15
26 22
26 35
26 50
26 51
26 69
26 70
27 1
27 8
30 21
30 22
30 31
30 34
31 7
31 8
31 15
31 16
31 31
31 56
31 58
31 60
31 65
31 67
31 69
31 71
31 73
31 75
31 77
31 166
31 167
31 172
31 175
31 200
31 217
31 219
31 226
31 243
31 245
31 247
31 256
31 258
31 260
31 267
31 274
31 278
31 280
31 282
31 284
31 289
31 290
31 291
31 299
31 302
31 303
31 309
31 313
31 338
31 354
31 358
31 363
31 365
31 368
31 370
31 375
31 376
31 381
31 383
31 395
31 401
31 404
32 14
32 112
32 131
33 5
33 14
33 17
33 30
33 31
33 46
33 50
34 45
34 49
34 55
34 63
34 70
34 76
34 87
34 88
34 94
34 100
34 102
34 112
35 2
36 4
36 23
36 25
36 31
36 37
36 38
36 42
36 46
36 51
36 65
36 86
36 91
36 116
36 120
36 121
36 123
36 125
36 127
36 135
36 145
36 150
36 151
36 165
36 170
36 171
36 201
36 232
36 234
36 236
36 237
38 1
38 7
38 15
38 16
38 22
38 23
38 24
38 26
38 33
38 44
38 46
38 61
38 74
38 81
38 86
38 90
38 104
38 110
38 115
38 132
38 144
38 148
38 149
38 153
38 158
38 172
38 191
38 192
38 207
38 210
38 217
38 251
38 253
38 259
38 262
38 265
38 267
38 274
38 275
38 278
38 280
38 282
39 6
39 12
39 15
39 17
39 18
39 21
39 27
39 33
39 34
39 50
39 54
39 57
39 76
39 78
39 86
39 94
39 186
39 193
40 2
40 3
40 10
40 15
40 22
40 23
40 24
40 26
40 29
40 33
40 35
40 37
41 16
41 19
41 32
41 37
41 39
41 42
41 43
42 40
42 44
42 45
42 54
42 55
42 64
42 67
42 69
42 76
42 78
42 82
42 83
42 85
42 88
42 91
42 100
42 125
43 1
43 7
43 8
43 16
43 18
43 25
43 33
43 44
43 48
43 56
43 66
43 72
43 74
43 78
43 82
44 4
44 5
44 9
44 10
45 9
45 13
45 30
45 31
45 38
45 39
45 41
45 46
45 51
45 63
46 1
46 16
46 18
46 21
46 26
46 27
46 34
46 36
46 73
46 78
46 85
46 88
46 90
46 97
46 98
47 2
47 9
47 32
47 35
47 43
47 52
47 61
47 64
47 66
47 67
47 69
47 73
47 74
47 79
47 96
47 105
47 106
47 172
47 181
47 182
47 184
47 190
47 205
48 2
48 3
48 5
48 7
48 8
48 10
48 16
48 19
48 25
48 37
48 169
48 175
48 183
48 187
48 189
48 194
48 195
48 197
48 336
48 356
48 357
48 362
48 367
48 381
48 383
48 435
48 441
48 445
48 452
49 1
49 7
49 8
49 17
49 21
49 24
49 66
49 73
49 75
49 87
49 116
49 118
50 1
50 6
50 14
50 20
51 16
53 20
53 22
53 48
53 55
53 56
53 57
53 123
53 132
53 137
53 143
53 147
53 150
53 185
53 187
53 190
53 191
53 192
53 199
53 205
53 219
53 220
53 224
53 233
53 234
54 5
54 16
54 22
56 10
56 15
56 19
56 30
56 35
56 46
56 60
56 63
57 3
59 2
60 2
60 10
60 12
60 16
60 18
61 6
61 9
62 1
62 5
62 9
62 15
62 23
62 43
66 8
66 11
66 13
66 25
66 28
67 17
67 21
67 24
67 25
67 40
67 41
67 46
67 80
67 82
67 85
67 87
67 88
67 91
67 92
68 59
68 62
68 65
68 66
69 74
69 94
69 107
69 108
69 114
69 117
69 121
69 128
69 129
69 132
69 140
69 143
69 147
69 151
69 153
69 155
69 156
69 157
69 166
69 255
69 261
69 265
69 269
69 292
69 305
69 389
70 2
70 109
70 115
70 119
70 128
70 142
70 148
70 150
70 152
70 171
70 172
70 176
70 186
70 187
70 195
70 197
70 202
70 226
70 244
70 256
70 262
70 263
70 264
70 268
70 273
70 283
70 286
70 353
70 361
70 371
70 381
70 386
70 387
70 393
70 397
70 405
71 110
71 114
71 118
71 126
71 138
71 140
71 147
71 277
71 282
71 291
71 295
71 301
71 332
71 339
71 340
71 342
72 8
72 13
73 10
73 16
73 20
73 25
73 37
73 39
74 3
74 11
74 12
74 29
74 30
74 43
74 46
74 48
74 53
74 54
74 74
74 88
74 89
74 90
74 100
74 101
74 102
74 106
74 108
74 115
74 117
74 118
75 9
75 13
75 15
75 27
75 37
75 38
75 46
75 52
75 54
75 57
76 5
76 7
76 9
76 12
76 13
76 14
76 19
77 4
77 5
77 24
77 29
77 35
77 37
77 40
77 60
77 64
77 65
77 67
77 70
77 72
77 84
77 88
77 91
77 96
77 102
77 110
77 111
77 121
77 132
77 137
77 138
77 140
77 151
78 5
78 13
78 18
78 24
78 29
78 35
78 40
78 42
78 50
78 53
78 72
78 73
78 83
78 84
78 89
78 93
78 97
78 98
79 21
79 25
79 27
79 29
79 31
79 38
79 39
81 36
81 40
81 44
81 51
81 53
81 58
81 60
81 70
81 79
81 89
81 93
81 100
81 103
81 104
81 117
81 121
82 14
82 15
82 23
82 25
82 27
82 37
82 50
82 52
82 61
82 63
82 70
82 75
82 79
82 85
82 112
82 117
82 122
82 124
82 129
82 137
82 143
82 150
82 152
82 156
82 159
82 167
82 175
82 176
82 178
82 179
82 183
82 185
82 186
82 190
82 215
82 219
82 227
82 232
82 252
82 253
82 256
82 257
82 260
82 261
83 13
83 15
83 18
83 22
83 24
83 25
83 31
84 5
84 9
84 12
84 15
84 17
84 22
84 26
84 31
84 34
84 39
84 40
84 41
84 47
84 71
84 72
84 74
84 75
84 206
84 214
84 226
84 232
85 53
85 54
85 55
85 57
85 62
85 63
85 70
85 73
85 75
85 92
85 96
85 101
85 104
85 109
85 112
85 118
85 125
85 131
85 135
85 139
85 140
85 150
85 151
85 152
85 157
85 164
85 169
86 19
86 20
86 25
86 157
86 158
86 163
87 1
87 10
87 16
87 26
87 28
87 30
87 32
88 47
88 50
88 51
88 62
88 75
88 81
88 83
88 93
88 97
88 100
88 104
88 107
88 113
88 119
88 124
88 125
88 131
88 136
88 141
88 142
90 27
90 28
90 30
90 39
90 44
90 63
90 65
90 66
90 73
90 74
90 84
90 88
90 95
90 98
90 101
90 102
90 103
90 104
90 110
90 119
90 129
90 137
90 151
90 152
90 162
90 164
90 173
90 179
90 190
90 191
90 193
90 196
90 201
90 203
90 207
90 214
90 216
90 217
90 227
91 50
91 59
91 60
91 64
91 65
91 70
91 73
91 80
91 90
91 92
91 93
91 94
91 99
91 106
91 112
91 114
91 117
91 119
92 4
