1 1
1 21
1 23
1 25
1 26
1 35
1 39
1 58
1 65
1 68
1 83
1 84
1 88
1 97
1 98
1 100
1 103
1 104
1 121
1 124
2 2
2 4
2 5
2 6
2 8
2 10
2 32
2 34
3 3
3 6
3 10
3 11
3 19
3 20
3 23
3 33
3 36
3 39
3 41
3 42
3 46
3 47
4 16
5 5
5 6
5 9
5 25
5 26
5 32
5 37
5 47
5 56
5 57
5 62
5 64
5 68
5 77
5 84
5 99
5 101
5 108
5 110
5 112
5 136
5 149
5 155
5 156
5 160
5 162
5 165
5 171
5 185
5 186
5 212
5 218
5 223
5 236
5 243
5 256
5 257
5 278
5 330
5 337
5 342
5 346
5 355
5 362
6 20
6 23
6 24
6 26
6 32
6 41
6 42
6 45
6 48
6 81
6 85
6 96
6 99
6 109
7 3
7 4
7 6
7 13
7 20
7 22
7 32
7 35
7 36
7 47
7 48
7 49
7 65
8 13
8 25
8 36
8 56
8 62
8 67
8 83
8 85
8 89
9 3
11 38
11 42
11 43
11 45
11 47
11 62
11 81
11 85
11 95
12 4
12 8
12 42
12 46
12 48
12 57
12 61
12 62
12 65
12 68
12 70
12 77
13 4
14 1
14 4
14 84
14 85
14 97
14 99
14 113
14 132
14 148
15 5
15 13
16 3
16 4
16 23
16 32
16 34
16 41
16 57
16 77
16 92
16 101
16 110
16 111
16 119
16 179
16 181
16 193
16 196
16 202
16 203
16 204
16 211
16 213
16 215
16 217
16 224
17 3
17 4
17 19
17 20
17 22
17 23
17 31
17 33
17 34
17 41
17 42
17 43
17 54
17 65
17 76
17 85
17 87
17 93
17 103
17 113
17 117
17 127
17 128
17 134
17 136
17 139
17 142
17 144
17 162
17 166
17 171
17 172
17 176
17 177
17 186
17 188
17 189
18 2
18 11
18 44
18 45
18 48
18 49
19 21
19 29
19 34
20 1
20 8
20 13
20 23
20 31
20 34
20 37
20 48
20 64
20 68
20 75
20 79
21 1
22 12
22 25
22 28
22 36
22 42
22 43
22 46
22 56
22 62
22 67
22 69
22 82
22 95
22 101
22 108
22 113
22 114
22 117
22 122
22 137
22 149
22 152
22 158
22 159
22 179
22 187
22 192
22 193
22 194
22 195
22 200
22 207
22 209
22 223
22 248
22 258
22 263
22 270
22 274
23 2
23 4
23 6
23 11
23 16
23 18
23 23
24 2
24 3
24 18
24 22
24 28
24 32
24 40
24 47
24 49
24 51
24 54
24 64
24 67
24 84
25 65
25 68
25 71
25 76
25 80
25 84
25 88
25 91
25 94
25 100
25 105
25 111
25 112
25 117
25 124
25 125
25 128
25 135
25 140
26 104
27 26
27 29
27 37
27 40
27 42
27 44
27 50
27 54
27 73
27 75
28 2
28 4
28 6
28 7
28 10
32 65
32 66
32 89
32 99
32 108
32 109
32 119
33 84
33 91
33 106
33 107
33 122
33 125
33 132
33 133
33 137
33 138
33 140
33 151
33 152
33 155
33 199
33 200
33 203
33 206
33 207
33 212
33 213
33 214
33 218
33 220
35 11
35 12
35 18
35 24
35 26
35 68
35 99
35 101
35 105
35 115
35 120
35 122
35 124
35 133
35 142
35 144
35 145
35 146
35 148
35 155
35 158
35 161
35 163
35 164
35 165
36 2
36 3
36 11
36 38
36 44
36 66
36 72
36 76
36 81
36 86
36 89
36 100
36 103
36 123
36 129
36 134
36 135
37 11
37 15
39 3
39 10
40 81
40 102
40 114
40 118
41 37
41 40
41 46
41 53
41 58
41 65
41 66
41 78
41 87
41 95
41 98
41 99
41 109
41 116
41 117
41 121
41 123
41 127
41 133
41 134
41 135
41 138
41 146
41 149
41 152
41 156
41 164
41 166
41 171
41 183
41 186
41 187
41 201
41 206
41 208
41 209
41 211
41 214
41 219
41 221
41 224
42 3
42 6
42 18
42 20
42 42
42 49
42 55
42 58
42 70
42 71
42 78
42 79
42 85
42 87
42 89
42 119
42 120
42 121
42 123
43 3
43 4
43 21
43 22
43 28
43 35
43 37
43 43
43 48
43 60
43 69
43 73
44 3
44 18
44 19
44 20
44 27
44 38
44 39
44 41
44 55
44 58
44 65
44 68
44 75
44 91
44 97
45 3
45 11
45 18
45 48
45 49
45 57
45 58
45 59
45 68
45 71
45 73
45 75
45 81
45 83
45 84
45 96
45 97
45 104
45 107
45 108
45 121
45 123
45 128
45 130
45 141
45 142
45 151
45 153
46 4
46 9
46 17
46 19
46 21
49 2
49 4
49 14
49 17
50 5
50 7
50 20
50 26
50 27
50 33
50 34
50 45
50 47
51 87
51 97
51 100
51 109
51 112
51 115
51 117
51 119
51 137
51 145
51 156
51 161
51 181
51 186
51 200
51 217
51 219
51 220
51 240
51 245
51 247
53 6
53 28
53 30
53 40
54 4
54 9
54 17
54 26
54 27
54 32
54 35
54 39
55 5
58 20
58 27
58 30
58 35
58 51
58 129
58 133
58 134
58 139
58 148
58 170
58 171
58 175
58 186
58 199
58 205
58 208
58 216
58 222
58 226
58 229
58 232
58 238
58 242
58 244
58 245
58 246
58 256
58 262
58 264
58 267
58 272
59 18
59 20
59 28
59 39
59 40
59 47
59 48
59 65
59 66
59 72
59 73
59 75
59 77
59 80
59 83
59 84
59 85
59 91
59 94
59 97
59 108
60 2
60 3
60 13
60 20
60 28
61 2
61 4
61 14
61 17
61 23
61 24
61 30
61 37
61 38
61 41
61 173
61 181
61 182
61 186
61 195
61 202
61 203
61 216
61 217
61 224
61 236
61 239
61 241
61 247
62 7
62 35
62 36
62 39
62 41
62 56
62 72
62 76
62 125
62 126
62 127
62 128
62 137
62 142
62 151
62 157
62 160
64 2
64 7
64 11
64 20
64 34
64 39
64 41
64 46
64 47
67 99
67 112
67 115
67 117
67 118
68 13
68 17
68 19
68 20
68 28
68 29
68 40
68 43
68 52
68 54
68 57
68 62
68 68
68 70
68 74
68 78
68 79
68 82
68 93
68 94
68 99
68 104
68 108
68 117
68 120
68 128
68 129
68 133
68 138
68 142
68 148
68 151
68 161
68 176
68 177
68 178
68 179
68 186
68 192
69 26
69 30
69 35
69 43
69 45
69 50
69 53
69 60
69 72
69 91
69 104
70 1
70 3
70 4
70 15
70 25
71 8
71 17
71 18
71 19
71 27
71 39
71 40
71 41
71 43
71 53
71 57
71 68
71 79
71 82
71 85
71 86
71 89
71 91
71 96
71 102
71 109
72 79
72 81
72 82
72 106
72 112
72 113
72 114
72 118
72 129
72 130
72 134
72 154
73 7
73 25
73 26
73 37
73 38
73 53
73 54
73 55
73 72
73 81
73 82
73 84
73 85
73 87
73 88
73 130
73 132
73 136
73 137
73 140
73 141
73 146
73 151
73 155
73 162
73 170
73 171
77 15
77 21
77 23
77 24
77 36
77 39
77 41
77 45
77 81
77 83
77 84
77 86
77 92
77 93
77 112
77 155
77 156
77 165
77 299
78 5
78 7
78 10
79 6
79 8
80 27
80 29
80 30
80 35
81 7
81 16
81 24
81 27
81 30
81 34
81 35
81 36
81 38
81 52
81 56
81 60
81 62
81 63
81 66
81 67
81 71
81 82
82 1
82 7
82 20
82 24
82 38
82 41
82 47
82 49
82 69
82 73
82 75
82 76
82 79
82 83
82 84
82 85
82 91
82 99
83 11
83 13
83 27
83 48
83 55
83 58
83 67
83 69
83 72
83 143
83 147
83 150
84 7
84 15
85 28
85 30
86 99
86 100
86 104
86 233
86 234
86 236
86 239
86 240
86 246
86 252
86 258
86 280
86 292
86 297
86 305
86 309
86 319
86 322
86 332
86 336
86 339
86 346
86 348
86 360
86 375
86 376
86 380
88 9
88 20
88 24
88 27
88 32
88 43
88 46
88 51
88 54
88 66
88 72
88 80
88 82
88 86
88 95
88 99
88 108
88 112
88 115
88 117
88 120
88 122
88 124
88 132
89 1
89 16
89 17
89 24
89 27
89 30
89 36
89 46
89 48
90 2
91 2
91 4
91 10
91 12
91 28
91 75
91 76
91 79
91 84
91 89
91 103
91 105
91 112
91 120
91 132
91 142
91 144
91 146
92 16
92 18
92 31
93 6
93 7
93 9
93 11
93 13
93 19
93 32
93 34
93 39
93 40
93 47
93 48
94 2
94 8
94 11
94 13
94 24
94 29
95 11
95 22
95 36
95 39
95 55
95 56
97 4
97 6
97 13
97 17
97 46
97 48
97 50
97 59
97 70
97 72
97 74
97 125
97 128
97 134
97 164
97 170
98 24
99 32
99 35
99 39
99 46
100 11
100 12
100 16
100 22
100 25
100 27
100 31
100 33
100 42
100 44
100 49
100 53
101 4
101 22
