1 12
2 12
2 47
2 53
2 59
2 61
2 65
2 76
2 77
2 88
2 95
2 97
2 101
2 103
2 106
2 107
3 81
3 90
3 98
3 105
3 111
4 58
4 68
4 69
4 75
4 78
6 80
7 12
7 13
7 24
7 27
7 28
7 31
7 43
7 44
7 53
7 57
7 61
7 62
7 68
7 72
7 73
7 79
7 82
7 85
7 90
7 93
7 98
7 104
7 106
7 107
7 115
7 173
7 174
7 175
7 179
7 184
7 185
7 187
7 190
7 191
7 192
7 194
7 196
7 212
7 215
7 222
7 231
7 236
7 241
7 245
8 41
8 47
9 3
9 4
9 8
11 29
11 39
11 43
11 46
12 8
12 9
13 15
14 4
14 6
15 1
15 8
15 14
15 15
15 20
15 21
15 37
15 43
15 50
15 53
16 2
16 13
16 14
16 17
16 19
16 22
16 27
16 35
16 36
16 37
16 43
16 47
16 49
16 53
16 57
16 68
16 76
16 77
16 78
16 99
17 11
17 20
17 26
18 2
18 3
18 10
18 12
18 14
19 9
19 11
19 16
19 23
19 26
19 28
19 31
20 1
20 4
20 5
20 14
20 17
20 18
20 24
20 25
20 30
20 34
20 36
20 40
20 44
20 55
20 56
20 58
20 61
20 71
20 75
20 132
20 133
20 135
20 154
20 159
21 63
21 64
21 76
21 78
21 80
21 81
21 96
21 117
22 1
22 3
22 29
22 31
22 32
22 39
22 49
22 53
24 53
25 103
25 105
25 112
25 118
25 122
25 124
25 125
26 3
26 139
26 148
26 153
26 154
26 162
26 165
26 168
26 173
26 176
26 199
27 4
28 1
28 9
28 12
28 19
29 1
29 2
29 9
29 44
30 25
31 125
32 14
32 21
33 17
33 20
33 22
33 23
34 105
34 110
34 127
34 129
34 143
34 155
34 159
34 160
34 167
34 183
34 184
34 197
34 198
34 200
34 202
34 221
34 223
34 234
34 237
35 5
35 42
35 62
35 67
35 83
35 101
35 102
35 104
35 106
35 113
35 119
35 122
35 130
35 136
35 137
35 141
35 146
35 149
35 151
35 174
35 198
35 204
36 2
36 9
36 17
36 19
36 24
36 27
36 30
36 31
36 36
37 1
37 3
37 10
37 11
37 18
37 22
38 49
38 68
38 73
38 81
38 85
38 88
38 91
38 101
40 13
40 14
40 18
40 26
40 37
40 46
40 52
40 57
40 58
40 59
40 62
40 82
40 92
40 109
40 115
40 137
40 138
40 148
40 151
40 177
40 178
40 181
40 193
40 198
40 211
40 214
40 232
40 233
40 250
41 4
41 15
41 18
41 26
41 31
41 41
42 19
42 39
42 42
42 51
42 87
43 2
44 2
44 10
44 12
44 18
44 21
44 30
45 2
45 8
45 18
45 22
45 28
45 30
45 35
45 38
45 41
45 48
45 49
46 1
46 2
46 4
46 125
46 126
47 18
48 1
48 2
48 8
48 10
48 14
48 28
48 32
48 34
48 35
48 36
48 40
48 43
48 59
48 60
48 153
48 157
48 159
48 168
48 176
49 36
49 39
49 55
49 56
49 59
49 65
49 68
49 71
49 75
49 80
49 83
49 91
49 93
49 95
49 105
49 123
49 129
49 138
49 142
49 154
49 156
49 157
50 16
50 30
50 34
51 1
51 2
51 5
51 7
51 12
51 14
51 17
51 20
51 26
51 27
51 28
51 38
51 40
51 41
51 172
51 176
51 179
51 182
51 184
51 187
51 200
51 207
51 214
51 216
51 217
51 221
51 222
51 225
51 226
51 229
51 232
51 234
51 236
51 237
52 1
52 4
52 7
52 13
52 16
52 19
52 21
52 24
52 27
52 38
52 138
52 142
52 145
52 146
52 151
53 1
53 2
54 8
54 31
54 33
54 46
55 33
55 38
55 64
56 4
56 16
56 20
56 30
57 6
57 8
57 10
57 14
58 1
58 12
58 17
58 33
58 39
58 40
58 43
58 48
58 65
59 11
59 14
59 19
60 10
60 56
60 60
60 72
60 75
60 80
60 81
60 84
60 94
60 95
60 98
60 100
60 118
60 124
62 96
62 109
62 110
63 1
63 6
63 8
63 11
63 52
63 54
63 57
63 63
63 69
66 12
66 25
66 26
66 30
66 31
66 40
66 52
66 56
66 66
66 74
66 77
66 80
66 85
66 86
66 91
66 114
66 123
66 127
66 336
66 339
66 348
66 353
66 366
66 391
66 396
66 402
66 405
66 408
66 409
66 411
66 417
66 422
66 423
66 429
66 432
66 435
66 437
66 442
66 446
66 450
66 454
66 456
66 457
66 461
66 465
66 476
68 3
68 8
68 17
68 22
68 23
68 27
68 46
68 51
68 57
68 61
68 191
68 192
68 197
68 200
68 212
68 222
68 225
68 227
68 238
68 240
68 244
68 249
68 251
68 265
68 275
68 279
68 284
69 2
69 5
69 7
69 8
69 14
69 20
69 24
69 28
69 31
69 34
69 38
69 45
69 49
69 54
69 71
69 75
69 93
69 97
69 107
69 116
69 120
69 121
69 124
69 136
69 137
71 2
71 15
71 27
71 28
71 37
71 38
71 42
71 46
71 56
71 62
71 67
71 72
71 77
71 84
71 86
71 90
71 91
71 92
71 94
71 96
71 112
71 117
73 57
73 62
73 73
73 74
73 81
73 85
73 95
73 100
73 107
73 118
73 120
73 123
73 141
73 143
73 148
73 151
73 159
73 163
73 165
73 176
73 178
73 186
73 191
73 199
73 200
73 202
73 204
74 6
75 6
75 15
75 19
75 24
75 34
77 1
77 2
77 4
77 9
77 17
77 18
77 19
77 25
78 2
78 13
78 14
78 16
79 8
79 9
79 16
79 18
79 21
79 22
79 27
79 29
79 37
79 41
79 43
80 2
80 4
80 6
80 7
80 17
80 28
80 34
80 40
80 43
80 44
80 45
80 59
81 45
81 56
81 58
81 62
81 64
81 70
81 79
81 80
81 82
81 93
81 94
81 104
81 108
81 110
81 113
81 114
81 116
82 5
82 15
82 23
82 26
83 4
83 12
83 16
83 20
83 33
83 37
83 39
83 42
83 46
83 52
83 59
83 60
83 72
83 88
83 93
83 99
83 104
83 105
83 108
83 121
83 129
83 133
83 137
83 138
83 145
84 6
84 9
84 17
84 20
84 23
85 9
85 10
85 17
85 18
85 22
86 3
86 18
86 20
86 21
86 31
86 33
86 35
86 36
86 40
87 2
87 3
87 11
87 16
87 18
87 24
87 27
87 28
87 46
88 4
88 7
88 12
88 14
88 25
88 30
88 31
88 33
88 34
88 51
88 57
89 57
89 68
89 70
89 75
89 80
89 81
89 96
89 97
89 102
89 104
89 116
89 117
89 129
89 133
89 139
91 6
91 38
91 46
91 49
91 52
91 54
91 55
91 61
91 72
91 73
91 75
91 76
91 91
91 102
91 105
91 106
91 115
91 142
91 150
91 155
91 167
92 96
92 104
95 21
95 24
95 25
95 32
95 33
95 38
95 52
95 59
95 62
95 66
95 80
95 83
95 92
96 4
96 12
96 14
96 27
96 33
96 34
96 36
96 42
96 43
96 45
97 7
97 22
97 39
97 41
97 58
97 77
97 88
97 89
97 92
97 93
97 107
97 108
97 109
97 208
97 217
97 232
97 234
97 246
97 254
97 255
97 258
97 259
97 262
97 263
97 271
98 1
98 3
98 5
98 6
98 10
98 11
98 17
98 26
98 33
98 51
98 67
98 71
98 78
98 86
98 96
98 97
98 100
99 7
99 13
99 19
99 21
99 59
99 64
100 4
100 7
101 5
101 7
102 65
103 42
103 53
103 59
103 62
103 63
103 65
104 4
104 8
106 10
106 12
106 19
107 117
107 118
107 128
107 133
107 145
107 151
107 173
107 180
107 183
107 189
107 192
107 194
107 195
107 215
107 220
107 222
107 223
107 228
107 230
107 231
107 275
107 279
107 290
107 294
107 299
107 301
107 309
107 310
107 324
107 328
107 334
107 339
107 340
107 341
107 348
107 369
107 380
107 386
107 387
107 390
107 398
107 400
107 402
107 405
107 412
107 419
107 420
107 421
107 425
108 1
108 6
108 18
108 25
108 143
108 156
108 161
108 167
108 169
108 170
108 175
108 181
108 182
109 28
