1 11
1 23
1 33
1 34
1 54
1 60
1 61
1 65
1 82
1 89
1 91
1 101
1 111
1 116
3 106
3 107
3 109
3 110
3 114
3 117
3 121
3 134
4 2
4 3
4 4
4 5
4 10
4 11
4 12
4 20
4 30
4 36
4 46
4 47
5 3
5 6
5 7
5 19
5 20
5 26
5 32
6 5
6 7
6 14
6 18
6 20
6 22
6 33
6 35
6 41
6 45
6 66
6 73
6 79
6 91
6 93
6 99
6 104
6 105
6 123
6 125
6 129
6 137
6 142
6 146
6 152
6 158
6 164
6 173
6 175
6 340
6 344
6 345
6 349
6 351
6 356
6 362
6 377
6 379
6 384
6 385
6 394
6 397
6 411
6 424
6 428
6 436
6 439
6 444
6 464
6 467
7 52
7 57
7 61
7 66
7 70
7 74
7 79
7 82
8 2
8 9
8 22
8 37
8 47
8 69
8 79
8 91
8 93
8 97
8 98
8 102
8 113
8 116
8 120
8 122
9 4
9 9
9 11
9 12
9 14
9 19
9 40
9 41
9 45
10 6
10 7
10 9
10 12
10 15
10 34
10 41
10 50
10 54
10 56
10 78
10 81
10 85
10 86
11 2
11 7
11 8
11 16
11 17
11 36
11 46
11 50
11 55
11 56
11 62
11 63
11 75
11 81
11 95
11 108
11 111
11 117
11 118
11 120
11 139
11 140
11 144
11 145
11 148
11 152
11 153
11 158
11 170
12 18
12 24
12 29
12 30
12 40
12 46
12 56
12 57
12 74
12 82
12 84
12 86
12 92
12 95
12 112
12 114
12 117
12 118
12 135
12 139
12 141
12 148
12 149
12 153
13 3
13 13
13 15
13 28
13 39
16 47
16 53
16 65
16 70
16 75
16 85
16 87
16 91
16 96
16 118
16 140
16 147
16 156
16 159
16 163
16 164
16 167
16 168
16 172
16 174
16 180
17 3
17 6
17 12
17 15
17 18
17 21
17 28
17 33
17 36
17 38
17 39
17 91
17 92
17 94
17 96
19 73
19 76
19 77
19 84
19 86
19 90
19 91
19 98
19 102
19 112
19 129
19 137
19 243
19 255
19 256
19 261
19 269
19 272
19 275
19 276
19 280
19 290
19 291
19 297
19 426
22 9
22 16
22 17
22 23
22 41
23 2
24 6
24 44
25 5
25 12
25 23
25 24
25 25
25 26
25 43
25 56
25 58
25 66
26 57
28 1
28 7
28 9
28 14
28 16
28 26
28 30
28 32
28 35
28 41
28 45
28 53
28 57
28 66
29 2
29 27
29 144
29 146
29 165
29 175
29 176
29 186
29 187
29 192
29 208
29 214
30 4
30 6
30 7
30 15
30 16
30 27
30 35
30 39
31 3
31 4
31 7
31 10
31 13
31 41
31 47
31 48
31 56
31 64
31 66
31 88
31 108
31 115
31 117
31 120
32 3
32 8
32 10
32 14
32 21
32 29
32 39
32 52
35 6
35 14
35 24
35 29
35 30
35 47
35 48
35 53
35 55
35 62
35 71
35 75
35 80
37 18
37 26
37 31
37 37
37 52
37 57
37 65
37 68
37 92
37 94
37 96
37 105
37 107
37 114
37 124
37 132
37 133
38 2
38 7
39 5
39 6
39 12
39 27
39 32
39 33
39 37
39 47
39 53
40 5
40 6
40 11
40 12
40 18
40 22
40 25
40 30
40 33
40 36
40 38
40 42
41 44
41 59
42 82
42 83
42 88
42 91
42 94
42 98
43 1
43 3
43 9
43 14
43 20
43 25
43 29
43 46
43 66
43 70
43 73
43 75
43 79
43 94
43 97
43 98
43 99
43 100
44 1
44 10
44 46
44 57
44 59
45 40
46 3
46 111
46 112
47 51
47 54
47 58
47 67
47 71
47 72
47 74
47 76
47 77
47 78
47 85
47 101
47 116
47 128
47 130
47 132
47 134
47 138
47 139
47 140
47 141
47 150
47 151
47 153
47 154
47 155
47 169
47 171
47 174
47 198
47 260
47 262
47 269
47 272
47 274
47 277
47 287
47 310
47 318
48 10
48 21
48 32
48 36
48 39
48 41
49 1
49 2
49 7
49 16
52 58
52 62
52 75
52 76
52 82
52 91
52 102
52 107
52 111
52 112
52 180
52 185
52 187
52 193
52 194
52 196
52 197
52 201
52 208
52 215
52 245
52 249
52 259
52 267
52 268
52 274
52 283
52 285
52 296
52 303
52 317
52 321
52 323
52 325
52 373
52 374
52 385
52 390
52 394
52 395
52 396
52 399
52 401
52 405
52 406
52 408
52 411
52 417
53 13
53 19
53 25
53 41
53 52
53 65
53 66
53 72
53 77
53 79
53 84
53 87
53 97
53 110
53 113
53 117
54 7
54 12
54 14
54 17
54 21
54 35
54 48
54 60
54 66
54 71
54 76
54 81
54 96
55 1
55 7
55 16
55 22
55 24
55 26
55 30
56 3
56 16
56 22
56 23
56 39
56 43
56 49
56 55
56 69
56 70
56 73
56 80
56 82
57 1
57 15
58 14
58 18
58 20
58 26
58 28
58 35
58 38
58 40
58 41
58 47
58 48
58 67
58 71
58 76
58 80
58 85
58 93
58 99
58 103
58 125
58 126
58 139
58 155
58 169
58 177
62 4
62 17
62 23
62 24
62 34
62 35
62 39
63 1
63 34
63 35
64 1
64 4
64 10
64 13
64 39
64 44
64 45
64 48
64 58
64 61
64 63
64 67
64 69
64 77
64 79
64 80
64 87
64 94
64 223
64 228
64 237
64 241
64 244
64 249
64 256
64 266
64 268
65 3
65 8
65 12
65 24
65 25
65 32
66 5
66 10
66 15
66 16
67 125
67 140
67 142
67 143
67 147
67 148
67 150
68 1
68 3
68 5
68 6
68 10
68 13
68 15
68 24
68 26
68 35
68 40
68 47
68 53
68 70
68 74
68 77
68 80
68 81
68 86
68 87
68 90
68 96
68 98
69 3
69 16
69 22
69 24
69 25
69 27
70 6
70 15
70 24
70 28
70 32
70 33
70 35
70 37
70 41
70 42
70 58
70 62
70 113
70 117
70 120
70 121
70 124
70 130
70 143
70 156
70 167
70 172
72 80
72 83
72 86
72 109
72 120
72 129
72 134
72 140
72 146
72 147
72 153
72 154
72 160
72 165
72 173
72 182
72 185
72 207
72 220
72 223
72 227
72 234
72 241
72 248
72 250
72 254
72 258
72 262
74 51
74 55
74 56
74 133
76 1
76 3
76 15
76 17
76 20
76 27
76 28
76 37
76 42
76 54
76 60
76 61
76 62
76 75
76 76
76 78
76 84
76 86
76 87
76 97
76 98
76 100
76 107
76 121
76 124
78 77
79 1
79 8
79 15
79 21
79 42
79 52
79 66
79 69
79 73
80 25
80 31
81 2
81 4
82 132
82 136
82 150
85 13
85 18
85 151
85 153
85 165
85 169
85 184
85 185
85 191
85 193
85 200
86 8
86 13
86 24
86 122
86 130
86 135
86 144
86 148
86 157
86 159
86 166
87 28
87 48
87 54
87 71
87 84
87 108
87 111
87 114
87 122
87 140
87 143
87 149
89 17
89 33
89 35
90 73
90 83
90 95
90 96
90 102
90 109
90 116
90 119
90 123
90 129
90 131
90 138
90 142
91 3
91 5
91 6
91 11
91 16
91 18
91 36
91 37
91 41
91 43
91 44
91 56
92 13
92 18
92 22
92 26
92 27
92 30
92 33
92 34
92 38
93 2
93 13
93 17
93 21
93 23
93 25
93 31
93 36
93 38
93 46
93 47
93 51
93 60
93 61
93 62
93 65
93 80
93 81
94 5
94 11
94 12
94 17
94 18
94 61
94 78
94 81
94 83
94 84
94 90
95 26
95 31
95 41
95 45
95 47
95 49
96 3
96 10
96 16
96 30
97 3
