1 6
1 11
1 14
1 18
1 19
1 20
1 24
1 29
1 36
1 48
2 6
2 10
2 17
2 18
2 28
2 32
2 166
2 170
2 174
2 175
2 176
2 179
2 183
2 184
2 186
2 189
2 197
2 202
2 205
2 206
2 207
2 212
2 221
2 228
2 230
2 231
2 243
2 257
2 259
2 266
2 271
2 272
2 273
2 275
2 276
2 280
2 281
2 284
2 285
2 288
2 297
2 300
2 303
2 306
2 324
2 346
2 350
3 30
3 39
3 40
4 76
4 77
4 79
4 81
4 86
4 88
4 92
4 96
4 99
4 101
4 106
4 116
4 123
4 125
4 126
4 128
4 141
4 143
4 145
4 146
4 157
4 160
5 3
5 4
5 6
5 12
6 5
6 8
6 10
6 34
6 44
6 45
6 46
6 49
6 51
6 55
6 64
6 72
6 81
6 99
6 259
6 263
6 273
7 3
7 16
7 31
7 32
7 37
7 47
7 56
7 60
7 70
7 75
7 89
7 94
7 98
7 103
7 106
9 3
9 9
9 21
9 26
9 36
9 42
9 43
9 45
9 49
9 59
9 163
9 172
9 178
9 180
10 2
10 44
10 49
10 50
10 51
10 59
10 62
10 63
10 65
10 69
10 72
10 76
10 86
10 104
10 110
10 113
10 127
10 130
10 146
10 148
10 150
10 151
10 154
10 157
10 163
10 164
10 168
10 179
10 232
10 236
10 237
10 245
10 250
10 256
10 261
10 269
10 279
10 284
10 289
10 290
10 298
10 389
10 390
10 391
10 392
10 393
10 396
10 403
10 409
10 412
10 413
10 416
10 420
10 426
10 429
10 432
10 451
10 455
10 457
10 458
10 465
10 470
10 485
10 487
10 488
10 489
10 490
10 493
10 497
10 505
10 523
10 534
10 537
10 541
10 546
10 561
10 573
11 76
11 87
11 95
11 99
11 103
11 124
12 5
12 12
12 14
12 16
12 21
12 31
13 34
13 36
14 3
14 4
14 20
14 25
14 31
14 39
14 56
14 60
14 61
14 62
16 55
16 56
16 63
16 64
16 65
16 74
16 77
16 81
16 92
16 101
16 106
16 109
16 111
16 114
16 115
16 125
16 134
17 2
17 5
17 6
17 7
17 12
17 14
17 18
17 28
17 32
17 33
17 55
17 57
17 61
18 1
18 2
18 7
18 10
18 21
18 26
18 31
20 43
20 48
20 49
20 53
20 57
20 62
20 66
20 69
21 73
21 76
21 85
21 102
21 107
21 110
21 111
21 116
22 3
22 6
22 7
22 14
22 17
22 22
22 28
22 29
22 31
22 32
22 33
22 35
22 42
22 50
22 54
22 72
22 73
22 76
22 78
22 79
22 80
22 92
22 96
22 103
22 121
22 122
22 130
22 136
22 138
22 140
22 149
22 154
22 160
22 163
22 172
22 174
22 185
22 186
22 189
23 9
23 20
23 35
23 36
24 1
24 3
24 6
24 9
25 6
25 18
25 21
25 24
25 26
26 1
26 3
26 6
26 15
26 20
26 33
26 38
26 40
26 44
26 50
26 61
26 70
26 76
26 94
26 95
26 102
26 106
28 28
28 30
28 31
28 39
28 40
28 51
28 53
31 43
32 1
32 11
32 13
32 17
32 18
32 32
32 35
32 37
32 48
32 49
32 57
32 58
32 64
32 66
32 70
33 4
33 11
33 145
33 151
33 152
33 163
33 168
34 1
34 2
34 3
34 16
34 21
34 22
34 24
34 31
35 2
35 22
35 23
35 26
35 27
35 29
35 34
35 40
35 49
35 50
35 54
35 56
35 60
35 67
35 75
35 206
35 210
35 217
35 219
36 38
36 56
36 60
36 62
36 67
36 82
36 86
36 87
36 89
36 90
36 95
36 119
37 1
37 2
37 14
38 5
38 6
38 9
38 15
38 23
38 28
38 38
38 41
38 43
38 48
38 52
38 62
38 65
38 67
38 75
38 76
38 91
38 98
39 69
39 96
40 2
40 17
40 20
40 21
40 23
40 24
41 3
41 32
41 38
41 43
41 44
43 3
44 11
45 7
45 12
45 28
45 30
47 127
47 131
47 132
47 137
47 138
47 141
50 8
50 16
50 18
50 20
50 21
50 29
50 80
50 83
50 85
52 17
52 21
52 23
52 30
52 32
52 33
52 42
52 67
52 73
52 74
52 83
52 95
52 117
52 123
52 125
52 126
52 128
52 131
52 142
52 145
52 157
52 158
52 163
52 164
54 60
54 61
54 62
54 75
54 76
54 81
54 88
54 96
54 104
54 114
54 134
54 263
54 287
54 290
54 302
54 303
54 308
54 316
54 324
54 327
54 331
54 340
54 344
54 354
54 358
54 364
54 366
54 369
54 375
54 393
55 2
55 5
55 8
55 11
55 21
55 35
55 44
55 45
55 51
56 2
56 16
56 28
57 18
57 20
57 40
57 41
58 28
58 34
58 41
58 54
58 69
58 70
58 72
58 77
59 4
59 8
59 24
59 26
59 30
59 32
59 41
59 50
60 1
60 11
60 13
60 15
60 25
60 26
60 30
60 52
60 53
62 32
62 45
62 49
62 52
62 54
62 55
62 61
62 62
62 66
62 68
62 74
62 75
62 82
62 92
62 94
62 108
62 111
62 115
62 124
62 137
62 139
63 8
63 10
63 45
63 51
63 61
63 72
63 96
63 98
63 103
63 105
63 107
63 114
63 130
63 136
63 143
65 9
65 21
65 23
66 1
66 8
66 14
66 15
66 33
66 58
66 64
66 78
66 87
66 92
66 94
66 95
67 1
67 3
67 7
67 12
67 13
67 15
67 17
67 23
67 38
67 39
67 44
67 53
67 55
67 58
67 68
67 70
67 71
67 80
67 81
67 94
67 100
67 101
67 105
67 109
70 48
70 79
70 91
70 99
70 101
70 111
70 116
70 117
70 118
70 121
70 124
70 125
70 131
70 132
70 134
71 2
71 3
71 14
71 18
71 20
71 21
71 35
71 47
71 54
71 61
71 66
72 105
72 113
72 127
72 129
72 132
72 146
73 28
73 29
73 30
73 49
73 52
73 59
73 67
74 3
74 11
74 14
74 19
74 20
74 24
74 25
74 30
74 33
74 37
74 57
74 86
74 89
74 99
74 100
74 106
74 129
74 130
74 140
74 145
74 151
75 37
75 38
76 2
76 4
76 12
76 18
76 19
76 24
76 33
78 29
78 40
78 64
78 193
78 194
78 195
78 199
78 202
81 32
81 49
81 67
81 69
81 72
81 77
81 80
81 90
81 98
81 121
81 125
81 140
81 149
81 150
82 18
82 20
82 27
82 31
82 37
82 38
82 40
82 45
82 60
82 61
82 71
82 73
82 77
82 83
82 87
82 88
82 93
82 103
82 105
82 108
82 142
82 148
82 152
83 7
83 8
83 11
83 21
84 2
84 7
84 14
84 15
85 1
85 3
85 6
85 15
85 16
85 19
85 22
85 24
85 26
85 33
85 37
85 38
85 39
85 42
85 44
85 46
85 49
85 51
85 62
85 64
85 65
85 75
85 77
85 83
85 93
85 98
85 112
85 116
85 118
85 136
85 142
85 143
85 148
85 150
85 151
85 154
85 168
86 4
86 7
86 17
86 23
86 26
86 29
86 36
86 46
86 49
86 57
86 68
86 74
86 75
86 80
86 84
86 97
87 102
87 104
87 109
87 110
87 121
87 122
88 1
89 2
89 7
89 12
89 20
89 24
89 27
89 34
89 35
89 41
89 49
89 50
89 53
89 63
90 6
90 13
90 15
90 28
90 30
90 48
90 72
90 81
90 82
90 97
90 99
90 100
91 6
91 9
91 12
91 20
91 22
91 24
91 27
91 32
91 33
92 3
92 4
92 10
92 13
92 14
92 18
92 19
92 21
92 25
92 26
92 29
92 34
92 36
92 41
92 47
92 56
92 58
92 61
92 62
92 67
92 115
92 121
92 129
92 137
93 56
94 4
94 5
94 7
94 10
94 11
94 15
94 17
94 24
94 28
94 32
94 34
95 20
95 22
95 26
95 27
95 30
95 45
95 48
95 54
95 60
95 70
95 79
95 90
95 100
95 102
95 117
95 128
95 132
95 147
95 160
95 170
95 185
95 190
95 193
95 341
97 46
