2 4
2 34
3 1
3 2
3 16
3 17
3 22
4 27
5 1
5 6
5 15
5 21
5 29
5 31
5 36
5 41
5 42
5 58
5 59
6 6
6 49
6 52
6 63
6 77
6 98
6 104
6 114
6 136
6 265
6 268
6 274
6 277
6 286
6 289
6 293
8 4
8 6
8 7
8 19
8 20
8 30
8 44
8 52
8 53
8 64
8 77
8 91
9 1
9 2
9 3
9 5
9 7
9 8
9 15
9 17
9 19
11 15
11 40
11 50
11 54
11 57
11 59
11 190
11 195
11 199
11 201
11 202
11 276
11 282
11 288
11 292
11 307
11 316
11 319
11 323
11 341
12 12
15 92
15 93
15 112
15 118
15 125
16 4
16 6
16 13
16 15
17 89
17 90
17 95
17 105
17 106
17 114
17 117
17 129
17 135
17 138
17 139
17 140
17 144
17 150
17 153
18 17
18 21
18 25
18 29
18 40
18 41
18 46
19 1
19 4
19 7
19 18
19 19
19 20
19 25
19 27
19 32
19 36
19 37
19 48
19 52
19 56
19 58
19 66
19 143
19 144
19 162
19 164
19 169
19 172
19 173
19 178
20 1
20 15
20 17
21 1
21 2
21 7
21 15
21 22
21 32
21 33
21 34
21 41
21 45
21 67
21 68
21 77
21 84
21 88
21 95
21 102
21 106
21 114
22 10
22 12
22 23
22 32
22 44
22 49
22 57
22 67
22 72
22 75
22 77
23 13
23 17
23 20
23 23
23 25
23 27
23 28
23 29
23 47
23 49
23 50
23 56
23 62
23 70
24 2
24 3
24 8
24 15
24 28
24 31
24 38
24 43
25 7
25 9
25 15
25 23
25 25
25 30
25 31
25 38
25 42
25 45
25 46
25 57
25 61
25 62
25 66
26 1
26 12
26 24
26 29
26 31
26 40
26 43
26 44
26 46
26 51
26 53
26 59
26 93
26 95
26 97
27 9
27 10
27 76
27 83
27 93
27 96
27 98
27 170
27 177
27 182
27 189
27 202
27 206
27 215
27 216
27 219
27 225
27 227
27 230
28 2
28 5
28 8
28 11
28 12
28 21
28 30
28 35
28 56
28 61
28 72
28 89
29 10
30 3
30 11
30 19
30 21
30 25
30 42
30 50
30 54
30 65
30 67
30 78
30 80
30 86
30 100
30 103
30 108
32 1
32 12
32 21
32 22
32 25
35 4
35 17
35 19
35 25
35 26
35 33
35 37
35 45
35 54
35 59
35 61
35 63
35 66
35 77
35 80
35 82
35 97
35 105
35 113
35 125
35 137
35 148
35 164
35 165
35 167
35 173
35 180
35 191
35 206
35 207
35 208
35 212
35 217
35 219
35 221
35 222
35 224
35 229
35 234
35 236
35 250
35 254
35 257
35 263
35 265
35 268
35 277
35 289
35 290
35 301
35 305
35 307
35 315
35 317
35 318
35 323
35 324
35 328
35 331
35 359
35 360
35 378
35 379
36 5
36 6
36 12
36 19
36 20
36 30
36 37
36 38
37 3
37 6
37 16
37 21
38 81
38 83
38 105
38 106
38 107
38 123
38 128
38 137
38 142
38 146
38 149
38 168
38 172
38 174
38 176
38 184
38 196
38 197
38 198
39 4
39 6
39 7
39 17
39 22
39 23
39 49
39 57
40 59
40 60
41 8
42 7
42 9
42 10
42 14
42 16
42 18
42 23
42 28
42 39
42 41
42 43
42 59
42 60
42 64
42 71
43 6
43 7
43 10
43 20
43 21
43 25
43 27
43 35
43 45
43 57
43 63
43 75
43 78
43 93
43 94
43 95
43 100
43 104
43 110
43 114
43 116
43 122
43 142
43 183
43 190
43 206
43 217
43 221
43 227
43 230
43 231
45 1
45 8
45 15
45 26
45 30
45 40
46 66
47 5
47 11
47 24
47 26
47 27
47 34
47 40
47 41
47 55
47 56
47 58
47 61
47 62
47 64
47 70
47 75
47 79
47 84
47 90
47 101
47 102
47 104
47 107
47 113
47 115
47 118
47 122
47 126
47 135
47 144
47 145
47 159
47 165
47 181
47 182
48 12
48 13
48 16
48 20
48 27
48 29
48 33
48 36
48 38
48 39
48 41
48 47
50 32
50 34
50 39
50 41
50 42
50 44
50 75
50 81
50 88
50 93
50 107
50 115
51 13
51 15
51 18
51 22
51 24
51 25
51 32
52 6
52 8
52 9
52 11
52 17
52 23
52 26
52 29
52 36
54 5
54 13
54 20
54 21
54 23
54 34
54 42
54 46
54 50
54 61
54 74
54 77
54 84
54 89
54 97
54 99
54 100
54 116
54 128
54 130
54 134
54 137
54 141
54 146
54 152
54 157
54 158
54 162
54 168
54 177
54 184
54 202
54 207
54 213
56 4
56 8
56 12
57 5
57 9
57 17
57 21
58 4
58 21
58 24
59 1
59 22
59 24
60 12
60 15
60 16
60 20
60 116
60 118
60 135
60 140
60 154
60 165
60 170
60 177
60 185
60 193
60 194
60 195
60 201
60 206
60 211
60 221
61 76
61 91
61 104
61 115
62 4
62 8
62 10
62 50
62 54
62 56
63 2
63 3
63 4
63 19
63 21
63 22
63 23
63 29
63 34
63 41
63 53
63 54
63 62
63 69
63 76
63 78
63 79
63 85
63 93
63 94
63 95
63 109
64 3
64 4
64 10
64 11
64 14
64 44
64 57
64 59
64 63
64 70
64 115
64 116
65 2
65 8
66 2
66 5
66 12
66 59
66 63
66 65
67 53
67 61
67 67
67 76
67 82
67 83
68 102
68 104
68 105
68 130
68 134
68 138
68 139
68 149
68 154
68 156
68 157
68 158
68 179
68 189
68 190
68 198
68 204
68 206
68 210
69 10
69 54
69 65
70 1
70 5
70 6
70 7
70 8
70 10
70 18
70 24
71 7
71 12
71 22
71 25
71 44
71 47
72 5
72 12
73 5
73 8
73 12
73 14
73 20
73 22
73 23
73 26
73 28
73 48
73 49
73 51
73 52
73 69
73 79
73 82
73 83
73 85
73 88
73 95
73 100
74 8
74 14
74 32
74 38
74 39
74 46
74 50
74 57
75 13
75 16
75 28
75 35
76 4
76 9
77 97
77 101
80 32
80 36
80 37
80 41
80 58
80 65
80 79
81 1
81 21
81 25
81 33
81 34
81 36
81 89
81 101
81 102
81 107
81 110
82 1
82 15
82 20
83 1
83 4
83 37
83 40
83 43
83 174
83 176
83 184
83 208
83 221
83 233
83 235
83 236
84 2
84 3
84 7
84 9
84 10
84 17
84 25
84 33
84 41
84 43
84 44
84 46
84 50
84 64
84 66
84 73
84 89
84 90
84 95
85 10
85 11
85 29
85 30
85 42
85 55
85 59
85 68
85 74
85 81
85 82
85 83
85 96
85 110
85 116
86 17
87 108
87 121
87 122
87 124
87 129
87 130
87 140
87 148
87 151
87 153
87 160
88 1
88 3
89 12
89 17
89 44
89 47
89 48
89 50
89 52
89 53
89 64
89 66
89 87
89 88
89 89
89 101
89 111
89 129
89 130
89 139
89 141
90 15
90 22
90 32
90 33
90 42
90 46
90 47
90 48
90 49
93 37
93 39
93 42
93 62
93 66
93 80
93 90
93 91
93 93
94 2
94 4
95 4
95 9
95 20
95 30
95 52
95 54
95 62
95 66
95 67
95 70
95 71
95 79
95 88
95 91
95 92
95 115
95 120
95 135
95 145
95 161
95 164
95 167
95 168
95 169
95 177
95 181
95 185
95 186
95 191
95 193
95 194
95 196
95 199
95 205
95 208
95 218
95 226
95 233
95 241
95 243
96 136
96 145
96 148
96 152
96 166
98 6
99 6
100 11
100 19
100 21
100 22
100 68
101 7
101 13
101 15
101 16
101 59
103 10
103 17
103 28
103 30
103 40
103 44
103 46
104 26
104 29
104 33
104 35
104 40
104 46
104 51
104 134
104 150
104 155
104 156
104 159
104 180
104 188
104 190
104 194
104 202
104 209
104 211
105 3
105 33
105 37
105 62
105 68
105 91
105 94
105 98
105 99
105 103
105 108
105 129
105 133
105 147
106 9
106 10
106 14
106 16
106 20
106 23
106 33
106 35
106 36
106 38
106 42
106 45
106 47
106 54
106 56
106 65
106 70
106 72
106 84
106 90
106 91
106 93
106 94
106 96
106 98
106 100
106 116
106 117
106 120
107 1
107 118
