1 1
1 4
1 7
2 13
2 14
2 27
2 29
3 2
3 13
3 27
3 31
3 48
3 52
3 59
4 1
5 4
5 8
5 10
5 11
5 13
5 15
5 17
5 41
6 7
6 10
6 14
6 22
6 32
6 34
6 35
6 36
6 40
6 53
6 58
7 28
7 40
7 43
7 48
7 55
7 57
7 67
7 70
7 75
7 78
7 90
9 46
11 83
11 100
11 111
11 112
12 7
12 12
12 14
12 21
12 25
12 26
12 37
12 193
12 198
12 200
12 204
12 206
13 4
13 5
13 8
13 14
13 52
13 58
13 60
13 86
13 90
13 94
13 103
13 113
13 115
13 117
13 118
14 25
14 30
14 32
14 47
15 2
15 3
15 11
15 20
15 23
15 24
15 27
16 63
16 65
16 66
21 24
21 31
21 35
21 45
22 5
22 7
22 8
22 17
22 20
22 22
23 4
23 18
24 27
24 29
24 47
24 50
24 55
24 62
24 64
24 77
24 79
24 82
24 88
24 90
24 91
24 100
24 101
24 106
24 113
24 116
24 117
24 130
24 133
24 134
24 138
24 148
24 149
24 151
24 154
24 157
24 159
24 164
25 3
25 78
25 81
25 83
25 106
25 108
25 110
25 118
25 122
25 124
25 125
25 133
25 137
26 9
26 14
26 15
26 35
26 36
26 45
26 47
26 50
26 53
26 74
26 76
27 7
27 25
27 26
27 39
27 40
27 46
27 55
27 57
28 126
28 127
28 138
28 140
28 147
28 148
28 150
28 151
28 162
28 163
28 169
28 181
28 186
28 193
28 196
28 202
28 211
28 218
28 223
28 234
29 1
29 3
29 7
29 8
29 21
29 143
29 149
29 155
32 34
32 56
32 58
32 62
32 75
32 81
33 11
33 19
33 34
33 35
33 43
33 44
33 49
33 60
33 72
33 77
33 78
33 90
33 98
33 101
33 103
33 107
33 109
33 110
34 4
34 6
34 32
34 46
34 48
34 50
34 55
34 57
34 78
34 81
34 85
34 91
34 94
34 95
34 99
34 100
34 102
34 119
34 127
36 18
36 21
37 5
37 10
37 16
37 34
37 36
37 46
37 56
37 57
37 58
37 59
37 74
37 87
37 89
37 94
37 95
37 97
37 99
37 102
38 5
38 6
38 13
38 16
38 49
38 50
38 51
38 74
38 77
38 78
38 109
38 114
38 115
38 116
38 126
38 132
41 10
41 11
41 13
41 15
41 16
41 18
41 28
42 11
43 5
43 6
43 28
43 33
43 37
43 39
43 41
43 44
43 48
43 98
43 100
43 104
43 117
43 124
43 128
43 131
43 133
43 134
43 136
43 152
43 153
43 154
43 174
43 177
44 3
44 5
44 14
44 22
45 120
45 126
45 145
45 153
45 160
45 161
45 162
45 171
45 177
45 189
45 191
45 222
45 225
45 232
45 236
45 254
45 267
45 282
45 287
45 293
45 294
45 300
45 307
45 313
46 2
46 3
48 66
48 77
48 78
50 65
50 175
50 179
50 181
50 188
50 190
50 195
50 198
50 220
50 222
50 227
50 230
50 233
50 236
50 246
50 251
50 252
50 254
50 259
50 272
50 279
50 282
50 287
51 2
51 6
51 7
51 11
51 14
51 15
51 26
51 33
51 35
51 36
52 63
52 64
52 69
53 1
53 3
53 4
53 18
53 21
53 23
53 25
53 27
53 35
53 40
53 41
53 42
53 46
53 52
53 54
53 57
54 5
54 6
55 1
55 4
55 10
55 15
55 17
55 20
56 1
56 10
56 17
56 32
56 44
57 11
57 20
57 26
57 33
57 41
57 46
57 56
57 57
57 60
57 67
57 73
57 76
58 39
58 45
58 53
58 54
59 6
59 18
59 31
59 34
59 38
59 39
59 40
59 45
59 63
59 74
60 7
60 10
60 17
60 18
60 21
61 4
61 8
61 12
61 18
63 4
66 72
66 75
66 85
66 86
66 91
66 93
66 98
66 100
66 101
67 7
67 18
67 26
67 30
67 31
67 34
67 43
67 52
67 56
67 57
67 58
67 61
67 63
67 66
67 80
67 101
67 103
67 109
67 121
68 4
68 5
68 7
68 12
68 15
68 24
68 35
68 38
68 41
68 43
68 45
68 48
68 53
68 59
69 3
69 4
69 7
69 19
69 24
69 31
69 47
69 48
70 11
70 22
70 38
70 40
70 43
70 44
70 46
71 5
71 10
71 14
71 31
73 13
73 15
73 17
73 18
73 26
73 131
73 138
73 141
73 145
73 152
73 156
73 159
73 178
73 182
73 183
73 185
73 186
73 201
73 204
73 206
73 215
73 219
73 228
73 234
73 235
73 240
73 250
73 264
73 267
73 272
73 274
73 278
73 284
73 295
73 300
73 306
73 307
73 308
73 320
73 329
73 336
73 337
73 348
73 350
73 352
73 356
73 357
73 360
73 361
73 368
73 370
73 381
73 383
73 389
73 395
73 403
73 405
73 414
73 417
73 423
73 424
73 431
73 449
73 460
73 466
74 35
74 40
74 42
74 43
74 56
76 82
76 83
76 90
76 97
76 101
77 78
77 102
77 110
77 115
77 120
77 121
77 123
77 125
77 132
77 143
77 144
77 154
77 158
77 159
77 167
77 170
77 179
77 183
77 192
77 195
77 199
77 212
77 216
77 222
77 227
77 263
77 268
77 269
77 272
77 292
77 293
77 307
77 312
77 316
77 319
77 353
77 360
77 366
77 369
77 377
78 4
78 10
78 12
78 25
78 36
79 109
79 114
79 116
79 119
79 124
79 128
79 129
79 139
79 140
79 141
79 150
80 3
80 7
80 10
80 18
80 22
81 1
81 2
81 120
81 122
81 123
81 130
81 135
82 2
82 3
82 15
82 29
82 33
82 36
82 59
82 63
84 7
85 11
85 24
85 27
85 32
85 42
85 50
86 9
86 10
86 15
86 20
86 42
86 49
86 50
87 30
87 37
87 43
87 49
87 53
87 56
87 61
87 69
87 71
88 22
88 29
88 32
88 35
88 39
88 40
88 48
88 65
88 66
88 67
88 68
88 76
88 99
88 102
88 107
88 110
88 114
88 124
88 128
92 69
92 75
92 91
92 97
92 99
92 112
92 115
92 118
92 121
92 123
92 127
92 129
92 130
92 137
92 147
92 149
92 161
92 171
92 175
92 203
92 210
92 220
92 230
92 232
92 237
92 240
92 243
92 246
92 253
92 255
93 2
93 4
93 15
93 20
93 21
93 24
93 34
93 36
93 42
93 43
93 46
94 1
94 10
94 11
94 15
94 16
94 29
94 31
94 32
95 2
95 4
95 9
95 10
95 18
95 19
96 37
96 39
96 44
96 46
96 62
97 18
98 19
100 2
100 4
100 137
100 144
100 149
100 151
100 183
100 184
100 221
100 235
100 243
101 3
101 8
101 20
101 25
101 26
101 28
101 29
101 32
101 58
101 62
101 67
101 97
101 111
101 112
101 120
101 129
101 259
101 260
101 264
101 266
101 268
101 270
101 275
101 276
101 285
104 2
104 8
104 20
104 24
104 29
104 32
104 33
104 36
104 42
104 47
104 51
104 61
104 64
104 68
104 93
104 114
104 118
104 119
104 120
104 122
104 126
105 12
105 13
105 20
105 35
105 42
105 44
105 54
105 61
105 64
105 73
105 77
105 79
105 81
105 101
107 60
107 74
107 75
107 77
107 82
108 3
108 5
108 12
108 31
108 33
108 38
108 44
108 49
108 50
108 104
108 120
108 122
108 129
108 131
108 135
108 137
108 145
108 173
108 174
109 5
109 11
109 13
109 14
109 16
109 19
109 23
109 25
111 13
111 14
111 15
114 16
114 18
114 21
115 5
