1 6
2 4
2 11
2 18
2 25
2 28
2 29
2 35
2 39
2 57
2 72
2 80
2 93
2 94
2 96
2 102
2 106
2 107
2 119
2 130
2 134
2 139
2 145
2 212
2 215
2 225
2 229
2 231
2 234
2 235
2 242
2 244
2 253
2 264
2 273
2 283
2 285
2 287
2 288
2 291
2 297
2 310
3 14
4 14
4 33
4 40
4 44
4 70
4 76
4 78
4 80
4 92
4 93
5 14
5 21
5 28
5 55
5 56
6 2
8 27
8 32
8 40
8 50
8 51
9 13
9 16
9 24
9 28
9 34
9 38
9 42
9 49
9 82
9 85
9 90
9 99
10 4
10 38
10 55
10 59
10 65
10 66
10 68
10 71
10 72
10 75
10 77
11 39
11 41
11 46
11 48
11 77
11 80
11 81
11 84
11 92
11 93
11 100
11 103
11 104
12 6
12 10
12 14
14 3
14 11
14 15
14 39
14 47
14 48
14 51
14 58
14 59
14 63
14 64
14 74
14 77
14 82
14 89
14 94
14 100
14 103
14 105
14 112
15 5
15 14
15 16
15 22
15 33
15 36
16 3
16 8
16 14
16 15
16 24
16 29
16 30
16 56
16 59
16 62
16 64
16 69
17 32
17 39
17 48
17 52
17 54
17 55
17 57
17 60
17 61
17 73
17 74
17 78
17 80
17 82
18 168
18 174
18 185
18 189
18 191
19 33
19 38
19 59
19 74
20 2
20 6
20 7
20 8
20 20
20 22
20 33
20 34
20 36
20 40
20 41
20 49
20 51
20 52
20 53
20 55
23 33
23 39
23 42
24 12
24 13
24 15
24 16
24 34
24 36
24 39
24 43
24 52
24 56
24 69
24 74
24 75
24 87
24 95
24 97
24 99
24 107
24 113
24 114
24 117
24 118
24 119
24 125
24 137
24 148
24 152
24 158
24 294
24 299
24 406
24 408
24 412
24 416
24 425
24 428
24 430
24 433
26 39
26 46
26 47
28 84
28 90
28 93
28 101
28 110
28 112
28 116
28 122
28 126
28 136
28 137
28 141
28 149
28 151
28 153
28 154
28 161
28 167
28 173
28 184
28 187
28 189
28 190
28 192
28 244
28 259
28 261
28 275
28 280
28 281
28 287
28 295
28 296
28 299
28 316
29 5
29 10
29 11
29 16
29 21
29 23
29 39
29 42
29 44
30 2
32 11
32 22
32 32
33 2
33 3
34 3
34 7
34 10
34 17
34 18
34 20
34 26
34 34
34 36
34 37
34 38
34 40
34 46
34 49
34 50
34 180
34 183
34 196
34 199
34 207
35 2
35 3
35 6
36 9
36 17
36 18
37 3
37 28
37 48
37 49
37 57
37 60
37 64
37 72
37 74
37 78
37 93
37 95
37 99
40 72
40 73
40 74
40 205
40 206
40 216
40 226
40 228
40 248
40 259
40 260
40 271
40 278
40 286
40 290
41 2
41 5
41 8
42 73
42 82
42 121
42 125
42 127
42 135
42 142
42 144
42 151
42 158
42 164
43 2
43 5
43 14
43 15
43 36
43 82
44 3
44 4
44 33
44 35
44 52
44 54
44 61
44 70
44 71
44 85
44 89
44 91
45 3
45 5
45 13
45 14
45 17
45 18
45 24
45 25
45 33
45 34
45 40
45 44
45 54
45 56
45 58
45 59
45 63
45 68
45 71
45 76
45 77
45 80
45 82
45 84
45 87
45 102
45 103
45 113
45 126
45 130
45 138
45 158
45 173
45 175
45 179
45 183
45 191
45 199
45 205
45 206
45 217
45 223
45 224
46 6
46 7
46 28
46 44
46 45
46 56
46 59
46 75
46 76
46 88
46 96
46 99
46 100
46 101
46 135
46 141
46 144
46 150
47 11
47 18
47 26
47 27
47 28
47 41
47 42
47 44
47 52
47 54
47 70
47 71
47 77
47 79
47 90
47 91
47 95
47 103
47 110
47 117
47 124
47 130
47 131
47 135
47 136
47 141
47 143
47 152
47 155
47 172
47 179
47 180
47 183
47 192
47 200
47 202
47 211
47 226
47 231
47 240
47 254
47 256
47 259
47 260
47 262
47 267
47 272
47 285
47 291
47 292
47 294
47 303
47 308
47 309
47 310
48 70
48 74
48 82
48 83
48 92
48 97
48 99
48 111
48 113
48 118
48 122
48 128
48 130
48 145
49 1
49 2
49 8
49 9
49 10
49 18
49 19
49 21
49 31
49 44
49 47
49 50
49 52
49 58
49 62
49 64
49 70
49 74
50 67
50 85
50 86
50 93
50 94
50 104
50 105
50 106
50 111
50 117
50 119
50 120
50 121
50 129
50 137
50 141
50 154
50 158
50 159
50 294
50 295
50 302
50 303
50 304
50 308
50 318
50 322
50 325
50 326
50 330
50 333
51 1
51 113
51 114
51 117
51 118
51 119
51 128
51 130
51 134
51 138
51 151
51 164
54 4
54 5
55 1
55 6
56 4
56 15
56 16
56 23
56 32
56 33
56 36
56 39
56 46
56 48
56 55
56 57
56 70
56 81
56 83
56 91
57 3
57 135
57 143
57 146
57 148
57 161
57 172
57 173
57 174
57 180
57 182
57 186
57 187
57 210
57 215
57 221
57 223
57 224
57 229
58 1
58 4
60 51
61 1
61 4
61 5
63 34
63 35
63 41
63 58
63 66
63 67
63 74
63 82
63 90
63 91
63 104
63 128
63 129
63 134
63 139
63 145
65 73
65 76
65 79
65 88
65 94
65 95
65 101
65 102
65 110
65 111
65 113
65 115
67 26
67 28
67 53
68 1
68 10
68 11
68 15
68 36
68 41
68 99
68 106
69 140
69 148
69 151
69 155
69 158
69 159
69 162
69 166
69 168
70 5
70 10
70 11
73 1
74 2
74 7
74 11
74 13
74 28
74 30
74 41
74 45
74 49
74 52
74 56
75 5
75 8
75 9
75 10
75 16
75 32
75 35
75 37
75 40
75 46
75 50
75 52
75 54
75 58
75 59
76 4
76 13
76 106
76 107
76 113
76 116
77 18
78 40
78 56
78 65
78 68
78 73
78 74
78 80
78 81
79 12
79 35
79 43
79 50
79 67
79 99
79 105
79 120
79 122
79 129
79 146
79 147
79 171
79 174
81 3
81 10
81 15
81 58
81 65
81 70
81 74
81 75
81 83
81 92
81 96
82 9
82 15
82 19
83 3
84 26
84 29
84 31
84 33
84 50
84 58
87 36
87 38
87 39
87 42
87 45
87 46
87 55
87 57
87 58
87 63
87 73
87 75
87 77
87 78
87 79
87 97
87 98
87 109
87 111
87 117
87 119
87 120
87 122
87 134
87 136
87 140
87 141
87 155
87 159
89 2
89 3
89 5
89 7
89 9
89 15
89 18
89 20
89 22
89 39
89 44
89 47
89 48
89 50
90 1
90 2
90 7
90 18
90 25
91 15
91 37
91 38
91 41
91 49
91 52
91 55
91 57
91 60
91 128
91 136
91 137
91 143
91 144
91 145
91 153
91 154
91 162
91 188
91 198
91 202
91 204
92 10
92 14
92 29
92 39
92 41
92 45
92 51
95 53
95 58
95 64
95 74
95 75
95 76
95 78
95 83
95 88
95 89
95 93
95 96
95 104
95 105
95 119
95 121
95 140
97 39
97 41
97 42
97 44
97 51
97 59
97 60
97 63
97 65
97 69
97 70
97 79
97 82
97 88
97 105
97 119
97 127
97 134
97 141
97 142
97 143
97 153
97 155
97 160
97 164
97 167
97 170
97 177
97 180
99 11
99 17
99 35
99 36
99 38
99 118
99 123
99 127
99 137
99 141
99 144
99 146
99 152
99 153
99 158
100 3
100 7
101 3
101 5
101 10
101 11
101 15
101 18
101 21
101 26
101 34
101 36
101 37
101 39
101 41
101 46
101 51
101 57
101 64
101 66
101 67
102 9
102 13
102 15
102 24
103 16
104 4
104 7
104 10
104 12
104 13
104 18
104 20
104 25
104 26
104 30
104 37
104 45
104 49
106 5
