1 8
1 9
1 11
1 15
1 20
1 21
1 22
1 28
1 32
1 33
1 35
1 39
1 48
1 56
1 60
1 65
1 66
1 68
1 72
1 80
1 81
1 113
1 117
2 1
2 6
2 12
2 16
2 76
2 79
3 5
3 7
3 14
3 20
3 23
3 72
3 79
3 83
3 86
3 89
3 96
3 99
3 105
3 107
3 108
3 109
3 112
3 158
3 167
3 181
3 186
3 189
3 192
3 200
3 212
5 1
5 13
5 14
5 19
5 27
6 6
6 10
6 24
7 4
7 11
7 13
7 15
7 19
7 24
8 55
8 57
8 64
8 72
8 75
9 77
9 82
9 85
9 88
10 20
10 21
10 31
10 37
11 2
11 10
11 19
11 23
11 25
11 29
11 30
11 32
11 35
11 45
11 48
11 54
11 71
11 80
11 86
11 98
11 101
11 103
11 107
11 116
11 124
11 130
11 134
11 138
11 142
11 153
11 156
11 170
11 174
11 176
11 179
11 187
11 189
11 199
11 200
11 203
11 210
11 218
11 231
11 240
11 243
11 255
11 326
11 333
12 85
12 89
12 98
13 3
13 4
13 8
13 10
13 14
13 21
14 3
14 10
14 11
14 17
14 21
17 12
17 18
17 21
17 24
17 33
17 38
18 15
18 16
18 18
18 27
18 32
18 34
18 43
18 45
18 47
18 48
18 60
19 2
19 8
19 24
19 26
19 30
19 37
19 41
19 47
19 49
19 52
19 57
19 65
19 69
20 42
20 46
20 52
21 9
21 18
21 20
21 29
21 30
21 165
21 178
21 185
21 199
21 201
21 203
21 209
21 210
21 218
22 12
22 18
22 26
22 27
22 29
22 32
22 41
22 42
22 47
22 54
22 66
23 1
23 12
23 15
23 18
23 25
23 34
23 38
23 40
23 44
23 63
23 66
23 68
23 72
23 81
23 87
23 109
23 224
23 226
23 227
23 247
23 253
23 255
25 39
26 2
26 8
26 11
28 79
28 87
30 12
30 14
30 17
30 23
30 36
30 43
30 54
30 68
30 70
30 76
31 5
31 6
31 7
31 10
31 11
31 15
31 17
31 19
31 25
31 26
31 30
31 31
31 33
31 36
31 38
31 39
31 46
31 47
31 58
32 6
32 8
32 23
32 24
32 49
32 50
32 57
32 62
32 64
32 68
32 81
32 93
32 97
33 6
33 8
33 16
33 17
33 19
33 30
33 51
33 58
33 70
33 75
33 79
33 83
33 89
33 90
33 98
33 102
34 2
35 2
35 25
35 31
36 6
36 8
36 18
36 26
36 30
36 31
37 3
38 15
38 35
39 1
39 12
39 17
39 27
39 36
39 38
39 40
39 41
39 43
39 52
39 59
39 74
39 89
39 92
39 96
39 107
39 121
39 125
39 134
39 139
39 140
39 144
39 149
39 152
39 154
39 158
40 3
41 10
41 29
41 36
41 52
41 58
41 60
41 62
41 70
41 71
41 73
41 78
41 83
42 1
42 12
42 16
42 19
42 32
42 35
42 37
42 49
43 4
43 11
43 17
43 26
43 41
43 50
45 72
46 124
46 143
46 144
46 161
46 162
46 167
46 179
46 324
46 337
46 338
46 340
46 345
46 347
47 38
47 40
47 53
47 58
47 59
47 76
47 97
48 20
48 21
48 38
48 39
48 43
48 46
48 48
48 49
48 51
48 53
48 58
48 63
48 68
48 73
48 74
48 79
48 83
48 90
48 98
48 113
48 119
48 126
48 130
49 2
49 10
49 12
49 15
49 17
49 23
49 25
49 33
49 37
49 44
49 45
49 49
49 51
49 55
49 62
49 64
49 70
49 77
49 87
49 94
49 100
49 105
50 93
50 95
50 228
50 229
50 232
50 235
50 239
50 243
50 260
51 80
51 82
53 4
53 6
53 7
54 21
54 27
54 101
54 105
54 239
54 246
54 247
54 252
55 7
55 24
57 14
57 24
57 26
57 30
57 36
57 38
57 39
57 42
57 47
57 52
57 61
57 64
57 68
57 70
57 73
57 82
57 97
57 98
57 112
57 117
57 121
57 135
57 146
57 150
58 5
58 16
58 22
58 25
58 35
58 38
58 194
58 197
58 198
58 201
58 214
58 222
58 232
58 238
58 256
58 259
58 263
58 268
58 281
58 286
58 347
58 353
58 354
59 1
59 8
59 9
59 12
59 13
59 20
59 34
59 35
60 140
61 35
62 1
62 2
62 11
62 12
62 14
62 24
62 46
62 47
63 5
63 6
63 8
63 9
63 25
63 37
63 53
63 60
63 76
63 81
63 84
63 92
63 100
63 106
63 113
63 115
63 119
63 127
63 131
63 136
63 141
63 154
63 157
63 159
63 167
63 169
63 171
66 10
66 16
66 22
67 2
67 5
67 8
67 14
68 5
68 12
68 14
68 25
69 2
69 8
69 9
69 14
69 17
69 22
69 30
69 33
69 35
69 75
69 82
69 108
69 109
69 114
69 115
69 122
69 124
69 127
69 133
69 134
69 136
69 138
69 143
69 148
69 153
70 1
70 7
70 11
70 26
70 39
70 45
70 49
70 51
71 1
71 10
71 13
71 20
71 22
71 24
71 30
71 49
71 53
71 64
71 68
71 74
71 75
71 119
71 126
71 160
71 173
71 302
71 319
71 320
71 321
71 327
71 328
71 331
71 341
71 343
71 358
71 366
71 373
71 384
71 387
71 392
71 410
71 413
71 429
71 430
71 437
71 442
71 446
71 452
71 453
71 458
71 469
71 472
71 478
71 481
71 484
72 68
72 69
72 70
73 5
73 12
73 44
73 45
73 64
73 66
73 67
73 74
73 76
73 77
73 87
73 93
73 99
73 115
73 120
73 121
73 124
73 128
73 129
73 134
73 141
74 10
74 15
74 20
74 27
74 30
74 33
74 37
74 40
74 45
74 46
74 49
74 57
74 69
74 72
75 2
75 6
76 76
76 77
76 83
76 85
76 95
76 99
76 144
76 150
76 155
76 160
76 162
76 164
76 177
76 178
76 184
76 186
76 193
76 203
76 288
76 291
76 299
76 303
76 307
76 311
76 315
76 321
76 323
77 2
77 12
78 10
78 12
79 2
79 4
79 10
79 28
79 32
79 38
79 39
79 41
79 42
79 135
80 1
80 4
80 5
80 8
80 35
80 36
80 47
81 122
82 9
82 18
82 24
82 33
82 40
82 54
82 59
82 64
82 65
82 72
82 91
82 156
82 157
82 169
82 170
82 176
82 203
82 218
84 4
84 82
84 84
84 85
84 98
84 105
84 107
84 110
84 112
84 123
84 129
84 131
84 147
84 151
84 155
84 222
84 238
84 245
84 251
84 263
84 266
84 268
85 63
85 67
85 68
85 72
85 96
85 100
85 101
85 102
85 105
85 110
85 115
85 119
85 124
85 125
86 1
86 3
86 4
86 11
86 12
86 18
86 26
86 35
86 40
86 54
86 62
86 63
86 67
86 68
86 69
86 70
86 76
86 81
86 122
86 124
87 11
87 14
87 17
87 18
87 31
88 2
88 3
88 20
88 28
88 29
88 81
88 85
88 87
88 90
88 94
88 110
88 111
88 116
88 119
88 120
88 130
88 135
88 137
89 1
89 15
89 24
89 31
89 36
89 39
89 53
89 56
89 57
89 63
89 90
89 95
89 105
89 112
89 118
89 125
89 130
89 133
89 136
89 139
89 141
89 146
89 151
89 153
89 163
91 2
91 24
91 34
91 38
92 4
92 8
92 16
92 19
92 22
92 24
92 28
92 31
92 33
92 40
92 48
92 180
92 189
92 200
92 202
92 204
92 206
92 208
92 212
92 217
92 232
92 235
92 290
92 300
92 313
93 5
93 9
93 16
93 18
94 1
94 2
94 9
95 1
95 3
96 32
