1 18
1 33
1 41
1 42
1 50
1 51
1 54
1 58
1 65
1 67
1 71
1 73
1 74
1 94
1 99
1 105
1 106
1 114
1 115
1 132
1 141
1 153
1 163
1 176
1 177
1 188
2 2
2 9
2 19
2 22
2 23
2 27
2 37
3 20
3 51
3 52
3 59
3 61
3 69
3 84
3 90
3 92
3 100
4 1
4 2
4 7
4 141
4 146
5 11
5 21
5 32
5 33
5 36
5 37
5 50
5 58
5 65
5 71
5 79
5 85
5 89
5 99
5 100
5 101
5 110
5 113
6 7
6 8
6 9
6 14
6 24
6 26
6 27
6 28
6 44
6 47
6 56
6 60
6 64
6 69
6 71
6 74
6 86
8 10
8 11
8 13
8 14
8 20
8 29
8 32
8 33
8 37
8 39
8 41
8 72
8 73
8 76
8 77
8 126
8 130
8 133
8 134
8 136
8 138
8 139
8 141
8 146
8 154
9 1
9 7
9 10
9 11
9 21
9 30
9 33
9 34
9 36
9 55
9 77
9 78
9 86
9 92
9 103
9 112
9 127
9 128
9 147
9 150
9 155
9 161
9 164
9 170
9 176
10 32
10 49
10 58
10 69
10 70
10 82
10 94
10 97
10 98
10 99
11 119
11 124
11 134
11 137
11 140
11 146
11 147
11 151
11 290
11 301
11 302
11 303
11 305
11 312
11 316
11 317
11 328
11 329
11 347
11 359
11 361
11 363
11 364
11 381
11 398
11 403
11 405
11 406
11 408
11 412
11 414
11 415
11 429
11 431
11 436
11 452
11 454
11 455
11 462
11 467
11 472
11 484
11 491
11 496
11 611
11 613
11 634
11 636
11 638
14 56
14 57
15 61
16 4
16 8
16 10
16 12
16 13
16 23
16 25
16 30
16 41
16 42
16 45
16 50
16 51
16 54
16 61
16 69
17 57
17 59
17 62
17 81
17 83
17 87
17 90
17 91
17 95
17 98
18 3
18 8
18 9
18 15
18 16
19 5
19 10
19 12
19 22
19 103
19 119
20 1
20 3
20 6
20 8
20 17
20 19
21 2
21 12
21 14
21 17
21 21
21 31
21 46
21 47
21 49
21 60
21 64
24 41
24 64
24 72
24 79
24 84
24 96
24 100
24 105
24 106
24 107
24 113
24 115
24 123
24 126
25 2
25 11
25 26
25 30
25 112
25 117
25 118
25 253
25 260
25 264
25 278
25 290
26 1
27 5
27 6
27 9
27 10
27 14
27 19
27 26
27 34
27 36
27 39
27 43
27 46
27 56
27 64
29 14
29 15
29 20
29 21
29 29
31 26
31 32
31 38
31 87
31 88
31 90
31 92
31 94
31 95
31 100
31 105
31 107
31 108
31 124
31 132
31 140
31 142
31 144
31 147
31 150
31 151
31 166
31 169
31 174
31 314
31 322
31 333
31 336
31 344
31 358
31 361
31 366
31 367
31 393
31 401
31 406
31 423
31 433
31 434
31 451
31 460
31 468
31 469
34 29
34 38
34 58
34 63
34 64
34 70
34 72
36 9
36 10
36 43
36 45
36 46
36 61
36 69
36 85
36 97
36 99
37 1
38 3
40 22
40 42
40 44
40 49
40 60
40 68
40 74
40 77
40 80
40 81
40 88
40 102
40 103
40 117
40 124
40 138
40 139
40 143
40 148
40 149
40 152
40 157
40 161
40 163
40 168
40 185
40 193
40 195
40 196
40 200
40 202
40 206
40 208
40 225
40 232
40 234
41 1
41 2
41 5
42 1
43 58
43 61
43 62
45 11
45 15
46 15
46 21
46 26
48 93
48 96
48 103
49 2
49 21
51 17
51 20
51 22
51 28
51 44
51 59
51 64
51 69
51 78
51 79
51 97
51 107
51 117
51 126
51 127
52 1
52 11
52 13
52 14
52 18
52 20
52 24
52 28
53 12
53 14
53 25
53 39
53 40
53 45
53 47
53 52
53 53
53 59
53 64
53 122
53 123
53 124
53 136
53 140
53 141
53 144
53 146
53 157
53 158
53 168
53 174
53 177
53 190
53 196
53 201
53 202
53 205
53 207
53 209
53 218
53 223
53 271
53 278
53 279
53 282
53 411
53 419
53 422
53 423
53 433
53 441
53 442
53 445
53 446
53 455
53 456
53 472
53 538
53 541
53 544
53 549
53 562
53 572
54 8
55 6
55 8
55 9
55 14
55 27
55 42
55 46
55 55
55 59
55 142
55 144
55 152
55 155
55 159
55 165
55 167
55 170
55 177
55 182
55 197
55 204
55 206
55 209
55 210
55 213
55 219
55 223
55 225
55 230
55 233
55 241
56 1
56 6
56 7
56 8
56 40
56 48
58 6
58 17
58 18
59 106
59 150
59 153
59 169
59 170
59 178
59 185
60 1
60 12
60 15
60 17
60 21
61 9
61 10
61 12
61 13
62 96
62 97
62 98
63 37
63 38
63 42
63 43
63 50
63 51
63 59
64 6
64 22
64 25
64 49
64 52
64 55
64 68
65 1
65 5
65 7
65 10
66 11
66 21
66 22
66 23
66 81
66 85
68 4
68 7
68 8
68 12
68 13
68 15
68 17
68 22
68 25
68 34
68 37
68 40
68 46
68 55
68 69
68 81
68 82
68 89
68 92
68 94
68 99
68 112
68 123
68 124
68 128
69 5
69 14
69 15
69 16
69 17
69 22
69 30
69 33
70 41
70 50
71 79
71 80
71 82
71 88
71 91
72 1
72 6
72 13
72 18
72 19
72 22
72 38
72 40
72 55
72 57
72 58
72 64
72 65
72 72
72 75
72 91
72 94
72 105
72 107
72 111
72 121
72 128
72 149
72 167
72 169
72 173
72 177
72 265
72 268
72 272
72 276
72 281
72 283
72 285
72 289
72 294
72 296
72 297
72 302
72 308
72 312
72 316
72 323
72 333
72 335
72 350
72 351
72 360
72 406
72 419
72 422
72 427
73 1
75 14
75 18
75 34
75 36
75 43
75 46
75 56
75 61
75 66
75 102
75 114
76 9
76 12
76 13
76 26
76 30
76 39
76 69
76 75
76 76
76 81
76 82
76 97
76 108
76 125
76 128
76 131
76 132
76 133
76 138
77 4
77 19
77 40
77 44
77 48
77 50
77 62
77 69
77 74
77 76
77 77
77 208
77 209
77 214
77 215
77 221
77 222
77 230
78 2
79 11
79 14
79 23
79 30
79 40
79 41
79 42
79 44
79 47
79 48
79 59
79 68
79 69
79 72
80 17
80 18
80 21
80 23
81 13
81 15
81 16
81 19
81 20
81 22
81 29
81 36
81 42
82 2
82 6
82 14
82 22
82 25
82 29
82 36
82 107
82 114
82 116
82 126
82 131
82 203
82 207
82 209
82 214
82 216
83 5
83 14
83 18
83 29
83 31
83 36
83 49
83 52
83 53
83 55
83 59
83 71
83 84
83 91
83 92
83 95
83 98
83 100
83 106
83 117
83 118
85 5
85 7
86 4
86 8
86 9
86 13
86 18
86 23
86 28
86 39
86 46
86 49
86 56
86 60
86 66
86 122
86 123
86 136
86 149
86 151
86 155
86 157
86 158
86 163
86 168
86 174
86 177
86 179
86 180
87 1
87 11
87 14
87 19
87 126
87 132
87 133
87 137
87 141
87 146
87 148
87 151
87 157
87 162
87 169
87 178
87 197
87 200
87 206
87 213
87 217
87 220
87 239
87 243
87 244
88 13
88 20
88 35
88 48
88 62
88 63
88 69
89 6
89 9
89 20
89 33
89 35
89 37
89 40
90 41
90 42
90 43
90 58
90 72
90 73
90 74
90 75
90 82
90 86
90 94
90 105
90 106
95 33
95 35
95 42
95 82
95 83
