1 3
1 8
1 11
2 49
3 17
3 25
3 41
3 45
3 79
3 81
3 94
3 100
3 105
3 106
3 111
3 114
3 119
3 123
3 128
3 129
3 135
3 138
3 147
3 151
3 176
3 181
3 186
3 187
3 191
3 192
3 198
3 201
3 210
3 216
3 217
3 219
3 228
3 233
3 245
3 253
3 254
3 264
3 266
3 276
3 277
4 2
4 11
4 22
4 23
4 34
4 40
4 44
4 47
4 49
4 51
4 52
5 2
5 12
5 22
5 23
5 26
5 27
5 28
5 39
5 44
5 62
5 63
5 65
6 2
6 8
6 15
6 17
6 72
6 77
7 4
7 7
7 11
7 21
7 28
7 30
7 34
7 38
7 41
7 43
7 58
7 66
7 69
7 74
7 78
7 82
7 83
7 85
7 87
7 93
7 96
7 100
7 104
7 105
7 110
7 148
7 149
7 150
8 8
8 58
9 2
9 14
9 20
9 30
9 34
9 35
9 43
9 49
9 53
10 1
11 8
11 9
11 12
11 17
11 69
13 60
13 66
13 67
13 69
13 75
13 81
13 82
13 84
13 128
13 133
13 138
13 147
13 151
13 160
13 162
13 164
13 173
13 175
14 80
14 84
14 89
14 91
14 94
14 95
14 109
14 110
14 114
14 115
14 118
14 128
14 153
15 6
15 10
15 14
15 20
15 32
15 49
15 57
15 60
15 71
15 77
15 79
15 86
15 87
15 96
15 97
15 103
15 111
15 120
15 122
15 129
16 4
16 6
16 7
16 15
17 2
17 6
17 10
17 14
17 15
17 19
17 117
17 118
17 120
17 130
17 131
17 133
17 140
17 143
17 144
18 63
18 80
19 1
19 4
19 15
19 16
21 26
21 27
21 31
21 32
21 36
21 50
21 57
21 95
21 97
21 98
21 101
21 105
21 108
21 126
21 132
21 136
21 138
21 139
21 146
21 147
21 158
21 159
21 162
21 163
21 189
21 191
21 217
21 219
21 242
21 275
21 277
21 281
22 2
23 12
23 23
23 26
23 29
23 31
23 33
23 39
23 41
23 47
23 55
23 61
23 81
23 86
23 93
23 98
23 99
23 106
23 108
23 116
23 121
23 130
23 147
23 149
23 150
23 151
23 154
23 159
24 22
24 26
24 29
24 30
24 31
24 38
24 40
24 41
24 42
24 46
25 4
25 12
25 20
26 1
26 6
26 7
26 33
26 35
26 38
26 41
26 46
26 48
26 52
26 60
26 78
26 87
26 98
26 101
26 115
26 116
26 119
26 120
26 121
26 136
26 154
26 158
27 4
27 14
27 15
27 37
27 49
27 52
27 64
27 67
27 71
27 74
27 77
28 4
28 5
28 6
28 7
28 14
28 18
28 22
28 28
28 35
28 36
28 38
28 43
28 48
28 59
28 65
28 68
28 83
28 86
28 90
28 96
29 3
30 4
30 9
30 14
30 16
30 17
30 20
30 21
30 39
30 40
30 42
30 47
30 48
30 49
31 1
32 12
32 15
32 20
32 26
32 30
32 32
32 40
32 41
32 45
32 49
32 56
32 64
32 69
33 3
33 7
33 17
33 19
33 29
33 44
33 48
33 59
33 63
33 71
33 77
33 78
34 7
34 8
34 15
34 23
34 27
34 31
34 32
34 33
34 39
34 50
34 51
34 53
34 61
38 19
38 26
38 29
38 38
38 41
38 60
38 83
38 87
38 90
38 91
38 94
38 100
38 230
38 231
38 232
38 237
38 244
38 250
38 258
38 260
38 264
40 3
40 4
40 9
40 33
40 45
40 51
40 58
40 59
40 66
40 77
40 79
41 4
41 7
41 15
41 22
41 27
41 44
42 8
42 9
42 18
42 40
42 43
42 44
42 48
42 58
42 59
42 63
42 64
42 66
42 70
43 1
43 3
43 4
43 12
43 22
43 24
43 25
43 27
43 31
43 33
43 34
43 37
43 52
43 53
43 58
43 71
43 80
43 96
43 100
43 104
43 110
43 111
44 6
44 7
44 20
44 28
44 32
44 39
44 43
44 44
44 54
44 58
44 62
44 68
44 73
46 26
46 33
47 85
47 91
47 100
47 106
47 111
47 116
48 7
48 39
49 1
49 2
49 8
49 10
49 13
49 27
49 43
49 44
49 46
49 51
49 54
49 68
49 72
49 75
49 86
49 96
49 120
49 121
50 32
50 33
50 34
50 39
51 16
51 17
52 2
52 9
52 13
52 21
52 26
52 30
52 32
52 47
52 48
52 49
52 54
52 55
52 71
52 79
52 83
52 84
52 96
52 99
52 100
52 108
52 120
52 122
52 123
52 125
52 132
52 147
54 67
54 91
54 94
54 95
54 96
54 97
55 10
56 5
56 15
56 16
56 23
56 24
57 76
57 77
57 81
57 89
57 102
57 103
58 14
58 59
58 65
58 68
58 81
58 83
58 86
59 16
59 17
61 5
61 6
62 7
62 11
62 13
63 13
63 20
63 51
63 55
63 56
63 59
63 61
63 66
63 67
63 71
63 76
63 78
63 80
63 82
63 86
63 88
63 92
63 94
63 95
64 56
64 66
64 70
64 76
64 83
64 85
64 88
64 90
64 92
64 97
64 98
64 121
64 125
64 129
64 137
64 140
64 145
64 150
64 158
64 174
64 184
64 187
64 188
64 189
64 192
64 194
64 200
64 201
64 205
64 223
64 229
64 238
64 249
64 252
64 254
64 256
64 257
64 260
64 264
64 270
65 3
65 6
65 9
65 10
65 14
65 16
66 4
66 11
66 16
66 32
66 34
66 38
66 39
66 42
66 43
66 47
66 55
66 62
66 68
66 74
66 79
66 83
66 84
66 86
66 98
66 103
70 1
70 22
70 28
70 29
70 37
70 42
73 42
73 44
73 53
73 111
73 112
73 114
73 118
73 122
73 124
73 133
73 139
73 141
73 145
73 157
73 159
75 3
75 7
75 15
75 16
75 29
75 31
75 53
75 56
75 59
75 65
75 66
75 69
75 70
75 96
75 101
75 103
75 104
75 121
75 125
75 129
75 132
75 133
75 139
75 142
75 150
75 157
75 163
75 169
75 171
75 184
75 190
75 191
75 192
75 208
75 210
76 5
76 10
76 13
76 19
77 5
77 9
77 10
77 11
77 17
77 22
77 24
77 26
77 27
77 32
77 57
77 59
78 2
78 4
78 5
78 6
79 33
79 40
79 44
79 48
79 61
79 62
79 99
79 108
79 112
79 122
79 124
79 132
79 136
79 138
79 148
79 163
79 164
79 165
79 170
79 173
79 174
79 191
79 197
79 204
79 209
79 215
79 221
79 231
79 241
79 242
79 257
79 269
80 2
80 5
80 19
81 7
81 19
82 5
82 11
82 27
82 33
82 36
82 37
82 45
82 46
82 47
83 49
83 50
83 69
83 71
83 79
83 88
83 93
83 101
83 106
83 107
83 112
83 120
85 5
85 17
85 18
85 24
85 27
85 31
85 37
85 38
85 49
85 52
85 54
86 4
86 11
86 17
86 21
86 24
86 27
86 30
86 31
87 9
87 13
88 7
89 109
90 5
90 6
90 13
90 17
90 19
90 20
90 23
90 28
90 37
90 40
90 41
90 43
90 54
90 56
90 57
90 66
90 67
90 68
90 82
91 29
91 40
91 49
91 51
91 60
91 61
91 70
91 81
91 88
92 1
92 5
92 7
92 44
92 46
92 66
92 68
92 76
92 81
92 90
92 97
92 99
92 101
92 106
92 108
92 115
92 119
92 132
92 133
93 6
93 7
93 20
93 21
93 28
93 39
94 2
94 8
94 112
94 118
94 127
94 129
95 2
95 4
95 5
95 12
95 21
95 22
95 23
95 26
96 3
96 5
96 10
96 13
96 29
96 30
96 54
96 58
96 59
96 64
96 66
96 71
96 76
97 2
98 78
98 79
98 80
98 97
99 1
99 5
99 12
99 14
99 18
99 30
99 33
100 15
101 79
101 82
101 87
101 92
101 93
101 95
101 97
101 100
101 102
101 106
101 107
101 112
102 117
102 119
102 122
103 4
103 14
103 117
103 127
103 128
103 135
103 150
103 161
103 163
103 165
103 185
103 188
103 190
103 202
103 224
103 241
104 11
104 22
105 1
105 7
105 13
105 18
105 20
106 2
106 4
107 5
107 7
107 11
107 13
107 15
107 16
107 18
107 19
107 20
107 21
107 22
107 25
107 27
107 28
107 33
108 1
108 7
108 27
108 36
109 11
109 12
109 20
109 25
109 29
110 14
110 34
110 35
110 37
110 47
110 49
110 52
110 53
110 70
110 71
110 78
110 93
110 98
110 101
110 120
110 122
110 130
110 139
110 141
110 150
110 154
110 155
110 278
110 279
110 288
110 298
110 306
110 313
110 327
110 338
110 357
110 362
110 368
110 371
110 372
110 383
110 388
110 401
111 5
111 6
111 11
111 13
112 5
113 20
113 31
113 35
113 45
113 57
114 79
114 90
114 96
114 97
114 101
114 103
114 104
114 105
114 114
114 117
114 122
114 124
114 125
114 229
114 234
114 240
115 3
115 4
115 5
115 11
115 21
115 22
115 25
115 40
115 43
115 46
115 50
116 9
116 49
116 50
116 53
116 55
116 59
116 63
116 67
116 75
116 86
116 89
116 102
116 108
117 8
117 13
117 14
117 28
117 36
117 37
117 38
117 55
117 61
117 63
117 65
117 68
117 76
117 77
117 82
117 84
117 92
117 95
117 110
117 119
117 124
117 129
117 133
117 140
117 148
117 149
117 160
