1 2
1 144
1 156
1 158
1 160
1 172
1 174
1 204
1 208
1 209
2 55
2 56
2 61
2 63
2 74
2 76
2 78
2 86
2 88
2 91
2 93
2 98
2 99
2 100
2 111
2 122
2 127
2 132
2 142
2 144
2 147
2 153
2 164
2 171
2 177
2 181
2 182
2 186
3 2
3 5
3 7
3 15
3 18
3 32
3 50
3 61
3 190
3 191
3 196
3 198
3 203
3 216
4 4
4 5
4 12
4 18
4 23
8 9
8 11
8 12
9 17
9 23
9 24
10 2
10 3
10 7
10 16
10 25
10 26
10 28
10 30
10 38
10 43
10 57
10 60
10 67
10 133
10 136
10 147
11 43
11 45
11 46
11 48
11 50
12 1
12 2
12 6
13 1
13 6
13 9
13 13
13 144
13 146
13 159
13 163
13 168
13 175
15 61
15 70
15 74
15 80
15 85
15 87
15 92
15 107
15 115
15 127
15 128
15 139
15 140
15 143
15 150
15 156
15 162
16 2
18 55
18 56
18 77
18 84
18 87
18 94
18 100
18 106
18 109
18 124
18 125
18 128
18 131
18 133
19 2
19 6
19 7
19 8
19 94
20 2
20 4
20 6
20 137
20 142
20 143
20 145
20 149
21 2
21 10
21 17
23 4
23 5
24 50
24 64
24 70
24 71
24 76
24 78
24 79
24 91
25 1
25 4
25 5
26 2
26 3
26 10
26 12
26 18
26 20
26 22
26 23
26 25
26 28
26 32
27 1
27 2
27 6
27 12
27 13
27 17
27 18
27 26
27 38
27 57
29 46
29 51
29 55
29 57
29 68
29 77
29 79
29 158
29 159
29 174
29 176
29 181
29 201
29 211
29 214
29 219
29 230
30 3
31 18
31 46
32 6
33 2
33 16
33 30
33 34
33 39
33 51
33 141
33 146
33 151
33 157
33 158
34 13
34 31
35 10
35 12
35 13
35 15
35 20
35 23
35 35
35 38
35 50
37 17
37 42
37 45
37 46
37 48
37 52
37 59
37 60
37 62
37 79
37 85
37 89
37 105
39 1
39 3
39 20
39 21
39 25
39 32
39 38
39 44
39 47
39 102
39 112
39 113
39 118
39 126
39 130
39 133
39 142
44 13
44 14
44 19
44 22
45 2
45 8
45 18
45 22
45 23
45 28
45 33
45 37
45 42
45 43
45 47
46 1
46 6
46 9
46 30
46 33
46 43
46 47
46 60
46 65
46 67
47 29
47 30
47 35
47 40
47 51
47 59
47 60
47 63
47 73
47 75
47 85
48 4
48 7
48 15
48 40
49 9
50 17
51 8
51 13
52 6
52 7
52 12
52 27
52 28
52 33
52 35
52 63
52 68
52 74
53 8
53 10
53 26
53 27
53 28
53 30
53 34
53 37
53 49
53 52
53 55
53 58
53 59
53 62
53 63
53 64
53 66
53 197
54 32
54 42
54 44
54 45
54 56
54 57
54 73
54 75
54 128
55 3
55 4
56 10
56 13
56 15
56 20
56 21
57 16
57 32
57 39
57 47
57 51
57 55
57 65
57 67
57 70
57 77
58 8
58 9
58 12
58 21
58 29
58 30
58 37
58 38
58 41
58 42
58 53
58 58
58 62
58 66
58 68
60 5
60 8
60 37
60 48
60 49
60 52
60 55
60 63
60 68
60 72
60 87
60 91
60 94
60 109
60 111
60 120
60 125
60 127
60 133
60 137
60 140
60 156
60 157
60 158
60 165
60 171
60 175
60 201
60 202
60 217
63 7
63 11
63 15
64 89
64 111
64 114
65 6
65 7
65 8
65 11
65 14
65 16
65 19
65 24
65 27
65 31
65 32
65 40
65 41
65 46
65 49
65 51
65 97
65 102
65 111
65 112
65 119
65 122
65 128
66 2
66 4
66 8
66 17
66 19
66 27
66 30
66 73
66 75
66 77
66 78
66 95
66 110
66 125
66 129
69 11
69 15
69 21
69 26
69 31
69 35
69 38
69 39
69 48
69 59
69 190
70 36
70 43
70 65
70 67
70 69
70 71
70 76
71 17
71 22
71 29
71 30
71 32
72 4
72 19
72 22
73 1
73 15
73 30
73 39
73 42
73 48
73 55
73 62
73 66
75 16
75 23
75 25
75 29
75 30
75 32
75 44
76 62
76 64
76 66
77 55
77 63
77 65
78 1
78 3
78 9
78 25
78 156
79 16
79 17
79 24
79 26
79 28
79 53
79 89
79 92
79 104
79 105
80 12
80 13
80 85
80 94
80 96
80 105
80 106
80 108
80 324
80 331
80 333
83 26
84 5
84 15
84 22
84 41
84 43
84 49
84 60
84 80
84 86
84 87
84 93
84 98
84 103
84 105
84 129
84 137
84 142
84 149
84 160
85 1
85 4
85 16
85 19
85 20
85 25
85 38
85 41
85 173
85 174
85 175
85 187
85 188
85 197
85 201
85 207
85 212
88 18
88 22
88 32
88 40
88 49
88 58
88 59
88 63
88 65
89 5
89 7
89 11
89 13
89 14
89 16
89 22
89 32
89 47
89 51
89 55
89 61
89 67
89 83
89 90
89 92
89 223
89 233
89 237
89 239
89 245
89 248
89 249
89 250
89 255
89 281
89 286
89 289
89 293
89 295
89 301
89 305
89 306
89 310
89 320
89 324
89 326
89 327
89 329
89 330
89 341
89 357
89 363
89 371
89 379
89 390
89 397
89 406
91 36
91 39
93 18
93 22
93 34
93 38
93 44
93 51
93 63
93 70
93 74
94 7
94 12
94 17
94 18
94 19
94 20
95 5
95 8
95 12
95 13
95 18
95 26
95 27
96 9
96 11
96 19
96 20
96 39
96 40
96 41
96 42
96 51
96 54
96 61
96 69
96 80
96 87
98 7
98 8
98 10
98 19
98 25
98 57
98 60
98 62
98 63
98 65
98 74
98 82
98 85
99 2
99 3
99 4
99 5
100 27
100 29
100 30
100 42
100 51
100 55
100 57
100 58
100 61
100 77
100 101
100 105
100 108
100 109
100 167
100 168
100 173
100 177
100 180
100 182
104 8
104 13
104 17
104 19
104 22
104 27
105 16
106 9
106 23
106 24
106 30
107 6
109 48
109 61
110 10
110 12
110 13
110 22
110 23
110 25
110 26
111 1
111 6
111 10
111 11
111 13
111 22
111 23
111 29
111 41
111 76
111 82
111 85
111 97
111 100
111 112
111 114
111 127
111 129
111 130
112 13
112 17
112 18
112 25
112 26
112 36
112 38
112 40
112 45
112 47
112 52
112 61
112 62
112 65
112 69
112 73
112 79
112 81
112 85
112 91
112 94
112 99
112 101
112 234
112 235
112 237
112 248
112 251
112 255
112 257
114 1
114 3
114 10
114 11
115 2
115 3
115 8
115 11
115 18
117 21
117 25
117 26
117 30
117 32
117 35
117 47
117 127
118 2
118 16
118 28
118 30
120 29
