1 4
1 10
1 19
1 21
1 30
1 43
1 49
1 58
1 63
1 73
1 76
1 80
1 81
2 3
2 8
2 12
2 16
2 17
2 23
2 30
2 38
2 39
2 40
2 42
3 2
3 10
3 13
3 18
3 19
4 2
4 3
4 5
4 13
4 15
4 22
4 23
4 30
4 31
4 32
4 87
4 89
4 93
5 3
5 136
5 145
5 158
5 159
5 160
5 166
5 171
5 180
6 1
6 7
6 10
6 29
6 46
6 49
7 2
7 8
7 15
7 20
8 21
8 33
8 40
8 43
9 1
9 4
9 11
9 12
9 13
9 14
9 15
9 16
9 31
9 36
9 44
9 45
9 49
9 50
9 51
11 9
11 12
11 15
11 27
11 29
12 2
12 4
12 11
12 19
13 67
13 72
13 83
14 3
14 6
14 14
14 15
14 17
14 18
14 24
14 34
14 36
14 45
15 4
15 7
15 10
15 18
15 19
15 31
15 34
15 35
15 36
15 39
15 40
15 48
15 57
15 63
15 69
15 70
15 72
15 84
15 86
15 93
16 15
16 17
16 21
16 33
16 36
16 39
16 42
16 44
16 52
18 21
19 8
19 17
19 18
19 26
19 33
19 34
19 37
19 48
19 51
19 53
19 59
19 62
19 69
19 73
19 80
19 89
19 102
19 106
19 107
19 110
20 8
20 15
20 18
20 25
20 28
20 31
20 34
20 36
20 81
20 87
20 101
20 102
20 108
20 118
20 120
20 124
20 125
20 128
20 133
20 138
20 141
20 148
20 156
20 161
20 172
20 173
20 175
20 187
20 190
20 193
20 194
20 197
20 203
20 212
20 214
20 231
20 234
20 250
20 271
20 275
20 277
20 279
20 280
20 281
20 284
20 290
20 291
21 4
21 6
21 16
21 21
21 28
21 30
21 36
21 41
21 49
21 51
21 54
21 62
21 65
21 69
21 82
21 87
21 89
21 96
21 102
21 106
21 112
21 113
21 133
21 134
21 135
21 149
21 155
21 157
21 160
21 162
21 171
21 172
21 173
21 177
21 185
21 197
21 290
21 316
21 319
21 326
21 349
21 351
21 352
21 355
21 356
21 359
21 370
21 378
21 385
21 390
21 393
21 395
21 402
21 405
21 408
21 416
21 417
21 434
21 435
21 442
21 448
21 450
21 451
21 463
21 469
21 478
21 481
21 490
21 491
21 575
21 578
21 585
21 587
21 588
21 591
21 595
21 606
21 630
21 637
21 645
21 658
21 662
26 17
26 18
26 20
26 25
26 26
26 27
26 36
26 40
26 42
26 46
26 48
26 56
26 62
26 84
26 87
26 88
26 89
26 103
26 105
26 115
26 120
26 122
26 127
26 128
26 137
26 138
26 139
26 144
26 145
26 157
27 3
27 7
27 12
27 13
27 18
27 19
27 22
27 24
27 26
27 37
28 10
28 12
28 17
28 23
28 26
28 28
29 99
29 100
29 103
29 117
29 123
29 143
29 155
29 162
29 184
29 187
29 193
29 194
29 197
29 198
29 199
29 206
29 213
29 215
29 222
29 229
29 237
29 242
29 248
29 254
29 263
29 267
29 268
29 275
29 278
30 3
30 7
30 12
30 13
30 19
30 26
30 68
31 26
31 27
31 28
31 30
31 37
31 41
31 49
31 60
31 67
31 77
31 80
31 81
31 103
31 112
31 122
31 133
31 149
31 156
32 2
32 23
32 31
32 35
32 49
33 9
33 144
33 152
33 156
34 4
34 23
34 24
34 28
34 34
34 45
34 53
34 57
34 64
34 65
34 66
34 70
34 77
34 81
34 83
34 88
34 94
34 97
34 99
34 107
34 109
34 111
34 112
34 115
34 127
34 146
34 151
35 15
35 18
35 34
35 46
36 2
36 10
36 14
37 7
37 15
37 21
37 24
37 71
37 75
38 5
38 9
38 11
38 13
38 25
38 35
39 7
39 9
39 10
39 11
39 18
39 31
41 19
41 21
41 22
41 27
42 3
42 7
42 9
42 31
42 32
42 33
42 39
42 42
42 69
42 71
42 72
42 77
42 110
44 48
44 57
46 65
46 72
47 2
47 3
48 3
49 1
50 23
50 27
50 46
50 53
50 55
50 61
50 73
50 84
50 95
50 99
50 102
50 111
50 172
50 178
52 1
52 26
52 31
52 32
52 34
54 26
54 30
54 36
54 39
54 41
54 43
54 49
54 58
54 68
54 69
54 72
54 76
54 82
54 95
54 96
54 102
54 106
54 107
54 109
54 116
54 131
54 137
54 139
54 150
54 153
54 162
54 164
54 175
54 190
54 195
54 212
54 225
54 230
54 233
54 235
54 237
54 240
54 243
54 248
54 380
54 385
54 392
55 4
55 5
55 10
55 25
55 27
55 34
55 45
55 46
55 54
55 60
55 65
55 72
55 74
55 86
55 89
56 1
56 10
56 14
56 17
56 21
56 22
56 33
56 38
56 46
56 59
56 63
56 70
56 71
56 78
56 79
56 84
56 85
56 89
56 92
56 93
56 97
56 110
56 111
56 120
56 123
56 133
56 142
56 153
56 200
56 217
56 225
56 227
56 230
56 238
56 239
56 249
56 254
56 258
56 262
56 271
56 272
57 132
57 134
57 136
57 146
57 148
57 150
59 112
59 116
59 136
59 145
59 150
60 16
60 17
60 23
60 24
60 29
60 32
60 41
60 44
60 47
60 48
60 72
60 75
61 7
61 11
61 12
61 32
61 33
61 35
61 36
61 38
61 39
61 44
61 45
61 48
62 6
62 22
62 25
62 27
62 30
62 31
62 42
62 46
63 3
63 35
63 36
63 37
63 44
63 59
63 60
63 61
63 64
63 68
64 12
64 15
64 24
64 25
64 29
64 30
65 9
66 11
66 14
66 15
66 25
66 36
66 37
66 44
69 30
69 35
69 43
69 46
69 51
69 56
69 68
69 87
69 88
69 93
69 94
69 118
69 129
69 131
70 9
72 50
72 53
72 71
72 77
72 78
72 85
72 94
72 103
72 105
72 108
72 123
72 124
72 127
72 189
72 190
72 196
72 200
72 203
73 5
73 13
73 154
74 4
74 6
74 7
74 18
74 26
74 67
74 71
74 74
74 78
74 80
74 84
74 90
74 97
74 99
74 102
74 107
74 111
74 112
74 113
74 121
74 126
74 129
74 131
76 1
76 9
76 12
77 2
77 4
77 8
77 9
77 17
77 37
78 9
78 12
78 13
78 18
78 23
78 24
78 27
78 30
78 39
78 81
78 84
78 92
78 95
78 101
79 39
79 42
79 70
79 71
79 74
79 77
79 83
79 87
79 95
79 99
80 14
81 1
81 11
81 12
81 19
81 24
82 8
82 11
82 19
83 1
83 11
83 14
83 25
83 29
83 31
83 50
83 52
83 53
83 63
83 68
83 81
83 82
83 91
83 94
83 96
84 5
84 10
84 16
85 3
85 15
85 18
85 26
85 29
85 34
85 35
85 40
86 1
86 5
88 37
88 43
88 46
88 47
88 50
88 52
88 55
88 57
88 66
88 68
89 40
89 45
89 55
89 59
89 64
89 71
89 129
89 131
89 132
89 142
89 152
91 5
91 6
91 24
91 33
91 37
91 42
91 45
92 7
93 5
93 9
94 10
94 31
94 32
94 34
94 38
94 47
94 48
94 52
94 61
94 63
94 64
95 2
95 7
97 9
97 39
97 55
97 58
97 61
97 72
97 77
97 78
97 97
97 100
97 107
97 111
97 118
97 123
97 126
97 127
97 141
97 154
97 169
97 170
97 179
97 180
97 188
97 195
97 196
97 235
97 239
97 247
97 263
97 264
97 269
97 277
97 279
97 280
97 288
97 309
97 316
97 318
97 320
97 322
97 334
97 342
97 343
97 355
97 358
97 360
97 364
97 367
97 369
97 381
97 383
97 393
97 394
97 397
97 398
97 423
97 425
97 428
97 438
97 439
97 442
97 450
99 40
99 48
99 50
99 66
99 70
99 74
99 84
99 85
99 92
99 101
99 103
99 109
99 116
100 30
100 40
100 45
100 47
100 48
100 51
100 60
100 66
100 68
100 80
100 81
100 131
100 135
100 138
100 141
100 169
100 173
100 181
100 182
100 183
100 192
100 196
100 205
100 212
100 214
100 225
102 2
102 5
102 14
103 10
103 32
103 33
103 40
103 43
103 47
103 49
103 52
103 54
103 61
103 67
103 75
103 76
103 84
103 88
103 89
103 97
103 99
103 100
104 22
104 24
104 25
104 26
104 27
104 33
104 42
105 134
105 138
105 139
105 150
106 1
106 2
106 4
106 5
106 13
106 16
106 37
106 43
106 45
106 53
106 55
106 56
106 67
106 84
106 89
106 91
106 95
106 108
106 116
106 118
106 133
106 135
106 136
106 139
106 153
106 155
106 157
106 163
106 164
108 5
108 6
108 11
108 15
108 20
108 26
108 39
108 55
108 65
108 70
108 77
108 79
108 89
108 103
108 104
108 112
108 114
108 116
108 138
108 144
108 148
108 159
108 166
108 172
109 7
109 13
109 16
111 2
111 12
111 14
111 18
111 28
111 29
111 31
111 48
