1 1
1 4
1 12
1 13
1 15
1 28
1 36
2 5
2 13
2 19
2 31
2 48
2 54
2 56
2 65
2 68
2 74
2 75
2 80
2 85
2 100
2 102
2 103
2 118
2 121
2 135
2 141
2 145
2 152
2 154
3 1
3 4
3 5
3 6
3 7
3 8
3 10
3 17
3 20
3 27
3 35
4 1
4 13
4 15
4 23
4 26
4 27
4 36
4 38
4 42
5 4
6 21
6 26
6 28
6 37
6 38
6 46
6 60
6 63
6 67
6 70
6 75
6 78
6 81
6 98
6 103
8 3
8 4
8 13
8 16
8 29
9 34
9 42
9 44
10 9
10 15
11 18
13 30
13 35
14 127
16 4
16 8
16 9
16 13
16 18
16 19
16 21
16 29
16 44
16 45
16 49
16 56
16 58
16 112
16 113
16 117
16 122
16 125
16 126
16 127
16 128
16 132
16 135
16 140
17 2
17 6
17 18
17 25
17 32
17 34
17 35
17 37
17 38
17 39
17 45
17 49
17 63
17 64
17 68
17 74
17 75
18 7
18 9
18 21
18 25
18 28
18 30
18 55
18 110
19 7
19 8
19 9
24 24
24 25
24 32
24 34
26 97
26 99
29 25
29 31
29 33
31 2
31 3
32 6
32 19
32 23
32 41
32 46
32 51
32 59
32 86
32 95
32 107
32 126
33 1
33 13
33 34
33 35
33 37
33 61
33 72
33 76
33 82
33 87
34 3
34 24
34 26
34 28
34 31
34 34
34 37
34 42
34 49
34 50
34 53
34 58
34 64
34 66
34 69
34 70
34 76
34 77
34 79
35 15
36 7
36 28
37 4
38 2
38 18
38 58
38 62
39 77
39 92
39 96
39 102
39 106
39 116
39 117
39 118
39 126
39 130
39 132
39 138
39 143
40 1
40 4
40 8
40 9
40 17
40 19
40 21
40 31
41 3
41 8
41 10
43 57
43 64
43 66
43 81
43 82
43 85
43 95
43 96
43 102
43 103
43 107
43 114
43 120
43 128
43 129
43 135
43 140
43 150
43 159
43 180
43 202
43 204
43 207
43 208
43 211
43 216
43 225
43 227
43 230
43 242
43 279
43 282
43 284
43 285
43 293
43 313
43 318
43 321
43 325
43 326
43 335
43 336
43 338
43 344
43 348
43 360
44 4
44 11
44 13
44 20
44 45
44 55
44 74
44 81
44 85
44 93
45 10
45 13
45 19
45 49
46 1
46 4
46 14
46 15
46 18
49 37
49 67
49 68
49 70
49 71
49 73
49 76
49 85
49 89
49 91
49 101
49 114
49 122
49 128
49 129
49 133
49 137
49 152
50 1
50 9
51 1
51 25
51 27
51 36
51 57
51 62
51 77
51 90
51 91
51 95
51 96
51 107
52 20
52 27
52 29
52 37
52 38
52 44
53 11
53 17
53 19
53 20
53 23
53 29
53 40
53 57
53 62
53 64
53 67
53 71
53 78
53 81
53 82
53 91
53 96
53 111
53 144
53 147
53 163
53 164
53 170
53 172
53 176
53 178
53 181
53 196
53 199
53 207
53 209
54 3
54 26
54 38
54 46
54 49
55 21
55 29
55 34
56 1
56 8
56 11
56 16
56 23
56 28
56 39
56 49
56 50
56 64
56 68
56 80
56 81
56 90
56 113
56 126
56 127
56 131
56 140
56 141
56 145
56 156
56 163
56 164
59 48
59 49
59 60
59 71
59 97
59 98
59 193
59 196
59 199
59 208
59 214
60 5
60 6
60 41
61 112
61 113
61 121
61 135
61 143
61 158
61 171
61 175
61 183
62 1
62 8
62 13
62 14
62 21
62 22
62 24
62 25
62 26
62 34
62 46
62 47
62 56
62 67
62 68
62 70
62 77
62 81
63 13
63 20
63 21
63 23
63 31
63 37
63 38
66 2
66 42
68 37
68 46
68 52
68 57
68 64
68 68
68 76
68 79
70 72
72 16
72 28
73 2
73 4
75 42
75 46
75 48
75 60
75 66
75 67
75 68
75 77
75 83
75 89
75 104
75 106
75 109
75 111
75 116
75 163
75 255
75 259
75 268
76 18
76 27
76 35
76 38
76 43
76 45
76 48
76 49
76 59
76 60
76 82
76 84
76 85
76 104
76 105
76 111
76 125
76 126
76 135
76 137
76 138
76 139
76 146
76 154
76 157
76 172
76 177
76 178
76 180
76 182
76 183
76 186
76 188
76 189
76 197
76 220
76 238
76 241
76 242
76 243
76 250
76 255
76 259
76 274
76 279
76 281
76 310
76 316
76 317
77 7
77 17
77 18
77 19
77 25
77 29
77 35
77 40
77 44
77 45
77 51
77 54
77 70
79 35
79 36
79 42
79 55
80 9
80 13
80 16
80 20
80 25
80 29
80 32
80 38
80 48
81 14
81 23
81 27
81 31
81 32
81 36
81 45
81 51
81 55
81 68
81 70
81 74
81 81
81 88
81 204
81 209
81 226
81 232
81 233
81 235
81 241
81 245
81 249
81 250
81 256
81 267
81 284
81 285
81 303
81 304
81 309
81 319
81 322
81 330
81 337
81 339
81 352
81 353
81 365
81 374
81 377
81 381
81 383
82 1
82 5
82 22
82 33
82 34
82 43
82 46
82 57
82 65
82 71
82 74
82 87
82 88
82 93
83 8
84 8
84 9
84 26
84 28
84 30
84 36
84 41
84 46
84 51
84 57
84 68
84 77
84 83
84 84
84 119
84 130
85 7
85 8
85 12
85 19
85 20
85 21
85 31
85 36
85 38
85 45
85 56
85 72
85 76
85 77
85 87
85 90
85 95
85 111
85 120
85 124
86 12
86 13
86 38
86 47
86 48
86 53
86 54
86 58
86 63
86 64
86 66
86 79
86 81
86 83
86 84
87 1
87 3
87 9
87 14
87 17
87 18
87 22
87 30
87 32
87 37
87 44
88 54
88 61
89 56
89 57
89 65
89 66
89 69
89 72
89 85
89 87
90 5
90 17
90 19
90 31
91 36
91 38
91 44
91 50
91 52
91 53
91 54
91 56
92 2
92 3
92 11
92 15
92 19
93 12
93 13
93 24
93 26
93 32
93 34
93 35
93 42
94 5
94 6
94 9
94 16
94 19
94 26
94 29
94 33
94 50
94 57
94 65
94 68
94 73
94 74
94 84
94 93
94 94
94 114
94 116
94 123
94 124
94 132
94 157
94 167
94 169
94 171
94 186
95 3
96 12
96 14
96 17
97 5
97 8
98 5
98 6
98 10
98 16
98 17
98 19
98 22
98 27
98 38
98 40
98 42
98 44
98 49
98 54
98 58
98 60
98 62
98 64
98 169
98 172
98 180
98 181
99 2
99 5
99 13
99 21
99 33
99 46
99 47
99 55
99 58
99 59
99 66
99 70
99 75
99 85
99 87
99 94
99 99
99 108
99 116
99 117
99 119
99 121
100 13
100 15
101 121
101 128
101 131
101 133
101 137
101 160
101 164
101 176
101 186
101 190
101 194
101 198
101 200
101 201
101 208
101 210
101 264
103 1
103 6
103 9
103 10
103 14
103 20
103 27
103 31
103 32
103 36
103 41
103 68
103 72
103 82
103 84
103 86
103 95
103 97
103 108
103 109
103 120
103 124
103 125
103 132
103 133
103 135
103 136
103 144
104 130
104 134
104 148
104 151
104 156
105 1
105 4
105 10
105 12
106 14
106 17
106 20
106 22
106 25
106 35
106 41
106 63
107 24
107 37
107 41
107 42
107 45
107 47
108 1
108 4
109 6
109 7
109 10
109 20
109 25
109 29
110 2
110 6
110 8
110 12
110 20
110 48
110 56
110 64
111 3
112 7
112 8
112 20
112 37
112 41
112 42
112 55
112 59
112 62
112 65
112 77
112 86
112 87
112 91
112 99
113 3
113 6
113 9
113 12
113 14
113 15
113 16
113 27
113 40
113 44
113 51
113 52
113 53
113 58
113 67
