1 3
1 4
1 13
1 23
1 24
1 26
1 27
1 31
1 36
1 38
1 39
1 58
1 64
1 79
1 83
1 96
1 101
1 102
1 104
1 110
1 135
1 141
1 148
1 154
1 155
2 1
2 4
2 21
2 31
2 34
2 43
2 44
2 50
2 51
2 182
2 186
2 191
2 192
2 197
2 198
2 210
2 213
2 219
2 233
2 235
2 238
2 365
2 367
2 371
2 385
2 388
2 391
3 2
3 4
3 20
3 22
3 29
3 31
3 41
3 44
3 54
3 56
3 61
3 69
3 79
3 96
3 101
3 103
3 105
3 110
3 112
3 120
3 129
3 131
4 6
4 7
4 23
4 26
4 27
4 31
4 38
4 40
4 99
4 101
4 105
4 116
4 128
4 135
4 138
4 146
5 3
5 10
5 25
5 26
5 30
9 22
9 28
9 30
9 44
9 45
9 55
9 59
9 66
9 84
9 90
9 92
9 103
10 8
10 10
10 13
10 30
10 31
10 36
11 4
11 6
12 1
12 4
12 18
12 20
12 23
12 34
12 36
12 42
12 48
12 49
12 54
12 55
12 69
13 3
13 13
13 17
13 18
13 23
13 28
13 51
13 68
13 69
13 76
13 77
13 83
13 85
13 89
13 96
13 97
13 106
13 117
13 119
13 132
14 1
14 3
14 14
14 18
14 24
14 27
14 33
14 34
14 36
14 48
14 50
15 2
15 6
15 8
15 16
15 17
15 22
15 27
15 31
15 35
15 38
15 39
15 40
15 53
15 57
15 68
15 74
15 80
15 114
16 17
16 40
17 8
17 10
17 11
17 13
17 21
17 22
17 27
17 38
17 48
17 57
17 61
17 62
17 63
17 66
17 74
17 76
17 96
17 98
17 100
17 103
17 109
17 121
17 124
17 125
17 129
17 136
17 138
17 273
17 274
17 278
17 283
17 294
17 295
17 300
17 356
17 359
17 367
17 374
18 9
18 76
18 79
18 82
19 24
19 40
19 44
19 47
19 49
19 57
19 65
19 198
19 201
19 206
19 209
20 8
20 12
20 14
20 15
20 22
20 33
20 38
20 48
20 57
20 58
20 62
20 73
20 75
20 86
20 92
20 97
20 100
20 103
20 112
20 124
20 127
20 129
20 148
20 151
20 157
20 160
20 161
20 172
20 194
20 198
20 199
20 204
20 222
20 223
20 226
20 229
22 1
22 2
23 1
23 23
23 30
23 34
24 1
24 12
24 28
24 34
24 35
24 40
24 41
24 48
24 50
24 54
24 59
24 67
24 69
24 79
24 83
24 106
24 110
24 115
24 119
24 155
24 163
24 170
24 174
24 178
24 190
24 193
24 195
24 204
24 206
24 218
24 234
24 241
24 244
24 247
24 249
24 252
24 254
24 264
24 266
24 268
24 269
24 271
24 283
24 294
24 295
24 307
24 309
24 319
24 323
24 325
24 326
24 327
24 335
24 339
24 345
25 50
25 52
25 60
25 63
25 102
25 114
26 25
26 27
26 43
26 49
26 58
26 59
26 60
26 73
26 85
26 89
26 90
26 96
27 5
27 11
27 12
27 17
27 18
27 19
27 23
27 31
27 37
27 39
27 43
27 79
27 85
27 87
27 94
27 107
28 5
28 7
28 11
28 20
28 36
28 39
28 42
28 45
28 48
28 50
28 57
30 33
30 34
30 42
30 60
30 63
30 67
30 76
30 79
30 80
30 83
30 85
30 87
30 89
30 90
30 135
30 136
30 139
30 141
30 142
30 155
30 156
30 163
31 5
31 9
31 13
31 19
31 20
31 23
31 25
31 27
31 29
31 30
31 40
31 49
31 53
31 62
31 63
31 79
31 83
31 85
32 19
33 2
33 10
33 15
33 17
33 32
33 36
33 80
33 86
33 94
33 95
33 101
33 108
33 109
33 110
33 121
33 123
33 135
33 140
33 144
34 7
34 8
34 12
34 16
34 17
34 30
34 37
34 42
34 43
34 50
34 52
34 71
34 86
34 87
34 95
34 97
34 102
34 104
34 115
34 124
34 125
34 127
34 149
36 3
36 5
38 37
38 39
38 51
38 52
38 55
38 60
38 61
38 65
38 80
38 85
38 87
39 2
39 12
39 13
39 108
39 109
39 121
39 131
39 139
39 147
39 168
40 37
40 42
40 45
40 49
41 57
41 61
41 87
41 88
41 220
41 222
41 226
41 230
41 231
41 236
41 248
42 1
42 3
43 2
43 3
43 17
43 23
43 26
43 29
43 39
43 46
43 49
43 51
43 76
43 81
44 2
44 6
46 1
46 3
46 4
46 5
46 7
46 14
46 17
46 30
46 36
47 2
47 6
51 10
51 14
51 17
51 21
51 27
51 29
51 31
51 32
51 37
51 40
51 49
51 50
51 53
51 56
51 57
51 59
52 3
52 4
56 38
57 5
57 26
57 37
57 42
57 140
57 145
57 146
57 155
57 159
57 163
57 171
57 174
57 175
57 177
57 194
57 197
57 200
57 204
57 216
57 225
57 234
57 240
57 245
57 250
57 251
58 2
58 3
58 13
58 15
58 17
58 20
58 24
58 31
58 38
58 43
58 54
58 59
58 63
58 64
58 66
58 73
58 74
58 78
58 79
58 86
58 87
58 102
58 115
59 1
59 2
59 3
59 18
59 21
59 32
59 33
59 43
59 48
59 54
59 65
59 71
59 74
60 2
60 23
60 27
60 28
60 29
60 31
60 32
60 40
60 42
60 44
63 56
64 3
65 7
65 74
65 76
66 1
66 14
66 24
66 28
66 29
66 33
66 44
66 49
66 63
66 71
66 74
66 77
67 1
67 6
67 20
67 21
67 26
67 29
67 33
67 40
67 46
67 52
69 2
69 9
69 13
69 14
69 15
70 15
70 20
70 24
70 26
70 38
70 46
71 1
71 2
74 32
74 38
74 40
74 172
74 178
74 181
74 190
74 191
74 195
74 197
74 199
74 204
74 208
74 213
74 215
74 218
74 219
74 226
75 2
75 3
75 4
75 12
75 21
75 26
76 15
76 23
76 32
76 33
76 34
76 49
76 99
76 102
76 103
76 112
76 114
76 116
76 117
76 122
76 128
76 133
77 2
77 9
77 14
77 25
77 57
77 61
77 75
77 76
77 80
77 81
77 95
77 105
77 107
77 109
77 112
77 122
77 124
77 125
77 130
77 133
77 134
78 1
78 3
78 4
78 29
78 31
79 13
79 15
79 25
79 27
79 29
79 31
80 4
80 13
80 19
80 20
80 34
80 45
80 49
80 57
80 68
80 70
80 81
80 95
84 12
84 27
84 31
84 32
84 43
84 44
84 48
84 49
84 51
84 53
84 65
84 69
84 76
84 79
84 84
84 86
84 90
86 18
86 24
86 27
86 35
86 43
87 10
87 19
87 30
87 34
87 42
87 43
87 58
87 59
87 62
87 64
87 70
87 74
87 193
88 13
88 20
88 24
88 31
88 39
88 42
88 46
88 49
88 55
88 59
88 61
88 78
88 84
88 88
88 97
88 100
88 101
88 102
88 109
88 115
88 121
89 5
89 9
89 17
89 18
89 23
89 27
89 28
89 29
89 31
90 1
90 16
90 18
90 20
90 33
90 35
90 38
90 48
90 66
90 79
90 93
90 100
90 106
90 110
90 111
90 120
92 6
92 9
92 12
92 28
92 29
92 32
92 42
92 43
92 57
92 59
92 82
92 83
92 87
92 92
92 94
92 99
92 107
92 112
92 121
92 122
92 132
92 136
92 143
92 145
92 147
92 152
92 153
92 157
92 160
92 166
92 167
92 169
93 6
93 9
93 10
93 21
93 22
93 23
93 30
93 32
93 39
93 41
93 44
94 7
94 12
94 14
94 22
94 38
94 39
94 42
94 46
94 55
95 1
95 13
95 19
95 43
96 4
96 14
96 15
96 27
96 39
96 40
97 2
97 12
97 14
97 17
97 35
97 47
97 61
97 63
97 65
98 2
98 4
98 15
98 17
98 31
98 48
98 77
98 81
98 83
98 85
98 93
98 96
98 97
98 100
98 103
98 109
98 110
98 119
98 122
98 127
98 133
98 134
98 137
98 141
98 142
98 144
98 146
98 168
98 190
98 201
98 202
98 209
99 1
99 22
99 26
99 31
99 35
99 40
99 46
99 53
99 55
99 61
99 74
99 81
99 83
99 91
100 10
100 15
100 20
100 22
100 24
100 25
100 37
100 41
101 17
101 18
101 20
102 7
102 10
102 15
102 28
102 35
102 43
102 65
104 57
104 59
104 61
106 17
106 150
106 151
106 157
108 38
