1 3
1 8
1 10
1 11
1 14
1 29
1 32
1 42
1 45
1 63
1 66
1 67
1 72
1 73
1 83
1 108
1 110
2 10
2 26
2 35
2 37
2 40
2 50
2 72
2 78
2 79
2 82
2 83
2 94
2 104
2 105
2 108
3 9
3 15
3 23
3 24
3 27
3 38
3 41
3 50
3 52
3 59
3 66
3 69
3 72
3 85
3 87
3 88
3 89
3 97
3 99
3 101
3 104
3 122
4 22
4 30
4 35
4 38
4 40
4 41
4 62
4 76
4 77
4 86
4 92
4 93
4 99
4 104
4 107
4 113
4 129
4 136
4 137
4 149
4 155
4 158
4 166
4 168
4 175
4 180
4 184
4 194
4 195
4 203
4 207
4 218
4 232
4 237
4 244
4 246
4 258
4 259
4 266
5 8
5 11
5 16
5 20
5 42
5 50
5 52
5 57
5 58
5 60
5 66
5 67
5 68
5 73
5 75
5 77
5 92
5 101
5 111
5 117
6 15
6 20
6 21
6 23
6 27
6 28
6 32
6 39
6 40
7 4
7 7
7 16
7 18
7 23
7 27
7 36
7 37
7 39
8 5
9 60
9 62
9 68
9 83
9 103
9 110
9 111
9 112
9 118
10 11
10 18
10 28
11 1
11 4
11 9
11 15
11 18
11 26
11 27
11 29
11 33
12 48
13 17
13 33
13 35
13 40
13 42
13 63
13 66
13 67
13 68
13 70
13 77
13 84
13 90
13 94
13 95
14 2
14 7
14 16
14 30
14 46
14 47
14 56
14 58
14 64
14 65
15 105
15 106
15 108
15 116
15 118
15 120
15 121
15 129
15 131
15 132
15 133
15 135
15 138
15 139
15 142
15 143
15 160
15 163
15 167
15 174
15 175
16 1
16 6
16 15
16 22
16 33
16 34
16 38
16 42
16 43
16 47
16 55
16 75
16 78
16 90
16 95
17 6
17 7
17 11
18 33
18 39
18 53
18 54
18 55
18 69
18 70
18 74
18 81
18 83
18 85
18 101
18 107
18 113
18 119
18 126
18 129
18 130
18 134
18 137
18 145
18 149
18 151
18 153
18 154
18 162
18 169
18 172
18 177
18 182
18 183
18 191
18 192
18 194
18 202
18 204
18 205
18 211
18 215
18 216
18 218
18 220
19 2
19 11
19 15
19 18
19 98
19 103
23 18
23 26
23 30
23 40
23 47
23 62
23 67
23 68
23 69
23 73
23 77
23 81
23 86
25 14
25 19
25 23
25 25
25 31
25 32
25 44
25 54
25 56
25 80
25 84
25 87
25 93
25 94
25 96
25 99
25 107
25 111
25 114
25 125
25 127
25 129
25 147
25 160
25 174
25 180
25 193
25 194
25 196
25 201
25 202
25 234
25 246
25 247
25 248
25 252
26 120
26 135
26 138
26 149
26 153
26 271
26 279
26 282
26 288
27 9
27 13
27 14
27 15
27 19
27 23
27 29
27 35
27 39
27 42
27 108
27 109
27 111
27 112
27 115
27 126
27 130
27 133
27 138
27 139
27 141
27 143
27 145
27 147
27 149
27 150
27 156
27 288
27 289
27 290
27 291
27 293
27 298
30 44
30 53
30 70
30 93
30 97
30 100
30 114
30 116
30 120
30 121
30 122
31 2
31 5
31 10
31 11
31 15
31 18
31 33
31 40
31 41
31 43
31 48
32 62
32 66
33 103
34 1
34 4
34 14
34 19
34 32
34 40
34 47
35 2
35 6
35 8
35 21
35 23
35 27
35 29
36 4
36 8
36 14
36 34
36 45
36 49
36 59
36 61
36 70
36 75
36 77
36 78
36 79
36 92
36 94
36 96
36 105
36 109
36 112
36 116
36 117
36 121
36 125
36 130
36 133
36 141
36 159
36 183
36 194
36 198
36 201
36 204
36 208
36 211
36 213
36 223
36 224
36 236
36 256
36 259
36 273
36 279
36 280
36 292
36 305
36 313
36 321
36 326
37 2
37 4
37 127
37 129
37 134
38 3
38 5
38 10
38 26
38 31
38 42
38 51
38 59
38 60
38 67
38 68
38 70
38 74
38 75
38 80
38 86
38 92
38 102
38 106
38 107
38 115
40 100
40 113
40 117
40 125
40 132
40 153
40 155
40 160
40 166
40 174
40 190
40 195
40 197
41 14
41 15
41 16
41 25
41 26
41 28
42 7
42 9
42 13
42 21
42 25
42 31
42 36
42 47
42 52
42 55
43 3
43 7
43 16
46 4
46 8
47 2
47 6
47 9
47 31
47 46
47 52
47 58
47 59
47 64
47 195
47 199
47 233
47 239
47 247
47 249
49 33
49 35
49 36
49 42
49 43
49 53
49 56
49 67
49 68
49 78
49 81
49 84
49 88
49 89
49 90
49 95
49 97
49 106
49 107
49 108
49 109
49 112
49 113
49 126
49 127
49 133
49 136
49 137
49 144
49 148
49 149
49 152
49 157
49 168
49 172
49 174
49 177
49 181
49 186
49 189
49 211
49 214
49 216
49 217
49 218
49 222
49 223
49 226
49 234
49 245
49 248
49 256
49 272
49 277
49 278
49 281
49 285
50 11
50 14
50 19
52 3
53 2
53 20
53 23
53 26
53 27
53 30
54 1
54 9
54 16
54 33
54 35
54 36
54 48
54 49
54 64
54 67
54 68
54 79
54 80
54 83
54 88
54 89
54 95
54 100
54 101
54 105
54 116
54 123
54 125
54 132
54 138
54 153
54 159
54 166
54 171
54 172
55 3
55 11
55 14
55 15
55 20
55 24
55 34
55 38
55 45
55 49
55 50
55 56
55 57
55 58
55 59
55 60
55 190
55 193
55 205
55 220
55 221
55 237
55 248
55 264
55 269
55 290
56 12
56 14
56 23
57 6
57 18
58 1
58 9
58 15
58 37
58 40
58 43
58 49
58 55
58 83
58 91
58 93
58 95
58 96
59 4
59 6
59 14
59 16
59 20
59 24
59 37
59 44
60 2
60 5
60 7
61 39
61 42
61 43
61 46
64 13
64 15
64 19
64 27
64 35
64 40
64 47
64 51
64 53
64 55
64 60
64 64
64 66
64 69
64 85
64 88
64 106
64 108
64 109
64 110
64 111
64 116
64 117
64 124
64 130
64 131
64 136
64 143
64 159
64 160
64 164
64 165
64 166
64 169
64 172
64 174
64 175
64 182
64 189
64 199
64 201
64 207
64 209
64 210
64 213
64 219
64 224
64 228
64 237
64 246
64 251
64 258
64 266
64 268
64 269
64 283
64 297
64 302
64 305
64 306
64 317
64 325
64 328
64 331
64 333
64 334
64 354
64 356
64 357
64 364
64 371
64 380
64 382
64 385
64 391
64 404
64 417
64 421
64 432
64 435
64 444
64 457
64 458
64 463
64 464
64 475
64 480
65 5
65 6
65 14
66 15
66 149
67 2
67 14
67 17
67 18
67 26
67 32
67 42
67 44
67 45
67 62
68 6
70 6
70 40
70 43
70 46
70 47
70 51
70 52
70 53
70 83
70 85
70 95
70 100
70 106
70 126
70 135
70 140
70 159
70 177
70 180
70 188
70 194
70 200
70 209
70 211
70 219
70 221
70 225
70 238
70 240
70 248
70 270
70 271
70 280
70 290
71 2
71 6
71 18
71 19
71 29
71 31
71 35
71 41
71 45
72 17
72 25
72 27
72 35
72 39
72 41
72 54
72 56
72 63
72 65
72 78
72 84
72 85
72 86
72 89
72 99
72 108
72 112
72 119
72 153
73 2
73 9
73 10
74 1
74 9
75 16
75 18
75 20
76 2
76 10
76 12
76 33
76 41
76 49
76 52
76 68
76 69
77 15
77 19
77 24
77 45
77 55
77 66
77 69
77 79
77 80
77 81
77 86
77 91
77 97
77 104
77 113
77 114
78 4
78 15
78 19
78 29
79 2
79 3
79 6
79 7
79 9
80 2
81 34
81 46
81 52
81 56
81 63
81 66
81 70
81 73
82 3
82 20
82 26
82 31
82 39
82 42
82 49
82 51
82 53
82 62
82 63
82 67
82 81
82 87
82 93
82 98
82 105
82 106
82 114
82 125
82 138
82 273
82 274
82 283
82 285
82 291
82 296
82 344
82 345
82 346
83 6
83 7
83 172
83 176
83 180
83 181
83 188
83 196
83 203
83 205
83 212
83 227
83 237
83 250
83 252
83 253
83 260
83 272
83 274
83 292
84 9
84 17
85 90
85 94
85 103
85 118
85 120
85 122
85 125
86 5
86 11
86 14
86 18
87 5
87 15
87 18
87 25
87 32
88 2
88 8
88 14
88 20
88 21
88 26
88 29
88 35
88 41
88 45
89 96
89 100
89 109
89 120
89 131
89 137
89 140
89 143
89 215
89 225
89 234
89 237
89 241
89 250
90 50
90 51
90 58
90 59
90 62
90 65
90 73
90 76
90 84
90 92
90 93
90 95
91 13
91 17
91 23
91 24
91 29
91 30
91 162
91 174
91 186
91 189
91 197
91 198
