1 9
1 10
2 68
2 85
2 100
2 107
2 112
2 119
2 126
2 127
3 3
3 10
3 16
3 17
3 18
3 22
3 27
3 36
3 37
3 39
4 7
4 21
4 31
4 36
4 38
4 42
4 44
4 46
4 69
4 70
4 72
4 83
4 84
4 99
4 110
4 200
4 202
4 210
4 219
4 222
4 233
4 237
4 254
4 256
4 258
4 259
4 263
4 279
7 33
7 42
7 77
7 79
7 80
7 81
7 84
7 94
7 95
7 100
7 102
7 115
7 130
7 132
7 133
7 144
7 145
7 152
7 154
7 155
7 161
7 174
7 175
7 177
7 178
7 179
7 200
7 206
7 209
7 212
7 219
7 223
7 232
7 234
7 236
7 240
7 253
7 254
8 3
8 5
8 10
8 27
8 34
8 42
8 46
8 49
8 63
8 68
8 80
8 83
8 94
9 4
9 12
9 24
9 38
9 46
9 47
9 54
9 55
9 57
9 58
9 60
9 66
10 4
10 8
10 10
10 11
10 29
10 34
10 40
10 41
10 50
10 60
10 62
10 64
10 72
13 86
13 89
13 90
13 92
13 115
13 127
13 128
13 129
14 2
14 3
14 5
14 7
14 8
14 12
14 16
14 27
14 51
15 3
15 6
15 10
15 11
15 16
15 44
15 47
15 53
16 8
16 16
16 30
16 46
17 10
17 15
18 1
18 5
18 6
18 8
18 10
18 12
18 24
18 28
18 32
18 34
18 35
19 1
19 6
19 14
19 21
19 22
19 26
19 34
19 38
19 39
19 46
19 50
19 58
19 63
19 72
19 88
19 89
19 105
19 110
20 66
20 69
20 72
20 75
21 6
21 10
21 16
21 17
21 29
21 34
21 44
22 7
22 10
22 12
22 20
25 55
25 59
26 1
26 3
26 4
26 12
26 16
26 18
26 20
26 23
26 51
26 53
26 58
26 62
26 67
26 69
27 5
27 16
27 19
27 20
27 78
27 98
27 104
27 107
27 108
27 113
27 115
27 123
27 135
27 136
28 4
28 12
28 16
28 17
28 21
28 25
28 26
28 33
28 34
28 48
28 133
28 134
28 138
28 159
28 180
30 1
30 5
30 8
30 11
30 23
30 25
30 41
30 44
30 61
30 67
30 70
30 73
31 6
31 11
31 12
31 21
31 36
31 45
31 53
31 74
31 78
31 92
31 94
31 95
31 99
31 105
31 108
31 242
31 245
31 247
31 250
32 8
32 18
32 24
32 28
32 34
33 25
33 35
33 36
33 40
33 45
33 46
33 53
33 60
33 69
33 70
33 71
33 73
33 79
33 81
33 92
33 97
34 4
34 21
34 27
34 28
34 29
34 31
34 34
34 38
34 46
34 52
34 55
34 62
34 68
34 77
34 95
34 99
34 106
34 111
34 112
34 120
34 123
34 131
34 132
34 141
34 143
34 148
34 151
34 159
34 162
34 165
34 172
34 178
34 200
35 8
35 11
35 15
35 18
35 20
35 27
35 29
35 34
35 66
35 77
35 80
35 87
35 91
35 102
35 110
35 122
35 128
35 130
35 132
36 4
36 6
36 8
37 11
37 14
37 15
38 37
38 38
41 7
41 9
41 13
41 24
41 33
41 36
41 38
41 39
41 44
41 45
41 79
41 85
42 18
45 34
45 37
45 39
46 2
46 5
46 17
46 20
47 1
47 3
47 6
47 14
47 23
47 32
47 34
47 38
47 52
47 53
47 61
47 80
47 88
48 6
48 7
48 9
48 12
48 16
48 27
48 43
48 52
48 61
48 63
48 70
48 72
48 76
48 81
48 90
48 100
48 103
48 119
48 121
48 132
48 134
48 157
48 159
49 3
49 19
49 42
49 46
49 125
49 133
49 139
49 143
49 154
49 166
49 179
49 189
49 195
49 197
49 202
49 206
49 209
49 231
49 264
49 266
49 273
50 34
50 42
50 52
50 55
50 102
50 105
50 107
50 110
50 112
50 115
50 116
50 120
50 125
50 137
50 140
50 148
50 152
50 157
51 4
51 6
51 15
51 17
52 2
52 3
52 5
52 7
52 9
52 11
52 14
52 18
52 22
52 35
52 36
52 37
52 41
52 47
52 78
52 79
56 10
56 19
56 27
56 31
56 36
56 37
56 46
56 56
56 59
56 66
56 78
56 80
56 88
56 90
56 93
57 11
57 13
57 14
57 18
57 19
57 29
57 31
57 38
57 56
58 1
58 4
58 6
58 7
58 8
58 11
58 18
58 19
58 29
58 35
59 5
59 7
59 19
59 20
59 23
59 42
59 47
59 54
59 55
59 59
59 62
59 63
59 64
59 65
59 77
59 92
59 97
59 99
60 55
60 56
60 67
60 68
60 74
60 81
60 82
60 90
60 101
61 14
61 37
61 45
61 47
61 50
61 53
61 69
61 83
61 158
62 4
62 8
62 11
62 20
62 21
63 1
63 99
63 106
64 1
64 4
64 142
64 143
64 147
64 162
64 163
64 164
64 167
64 168
64 173
64 182
64 183
64 335
64 337
64 338
64 340
64 341
64 348
64 355
64 360
64 363
64 384
64 386
64 404
64 406
64 407
64 410
64 417
64 419
64 428
65 87
65 131
65 141
65 144
65 145
65 156
65 161
65 170
65 179
66 16
66 24
66 29
66 37
66 38
66 39
66 41
67 2
67 6
67 7
67 14
67 17
67 23
67 24
67 25
67 30
67 35
67 48
67 49
67 65
67 87
67 89
67 94
69 16
69 18
70 10
70 18
70 28
70 30
70 34
70 44
72 3
72 5
73 2
73 132
73 147
73 148
73 152
73 158
73 177
73 184
73 188
73 189
73 190
73 320
74 5
74 6
74 33
74 39
74 49
75 6
76 121
76 123
76 128
76 129
76 135
76 137
76 149
76 158
76 162
76 165
76 186
76 187
76 192
76 194
76 196
77 8
77 11
77 12
78 1
78 3
78 5
78 10
78 12
78 14
78 45
78 46
78 51
78 54
78 89
78 90
78 95
81 11
81 16
81 20
81 28
81 31
81 32
81 45
81 47
81 63
82 4
82 5
82 21
82 34
82 36
82 40
82 42
82 54
82 59
82 60
82 61
82 67
82 85
83 1
83 7
83 8
83 14
83 15
83 21
83 31
84 62
84 80
84 83
84 87
84 92
84 96
86 84
86 98
86 99
86 108
86 114
86 128
87 12
87 37
87 39
87 41
87 45
87 51
87 57
87 63
87 64
87 71
87 73
87 79
87 81
87 87
87 89
89 51
89 77
89 78
89 81
89 84
89 86
89 194
89 197
89 198
89 206
90 16
90 19
90 24
90 28
91 5
91 8
91 11
91 15
91 19
91 31
93 62
93 63
93 68
93 70
93 75
93 82
93 84
93 94
94 9
98 11
98 14
98 15
98 17
98 19
98 32
98 37
98 42
98 49
98 53
98 62
98 69
98 73
98 109
98 116
98 117
98 118
98 120
98 121
98 125
98 158
98 159
98 166
98 168
98 173
98 177
98 183
98 186
98 193
98 194
99 7
99 28
100 10
102 52
102 54
102 57
102 60
102 67
102 74
102 104
102 110
102 115
102 119
102 122
102 123
102 124
102 130
103 10
103 22
103 35
103 40
103 44
103 48
104 18
104 20
104 21
104 33
104 41
104 42
104 46
104 47
104 49
104 73
104 79
104 85
104 86
104 87
104 89
104 95
106 1
106 4
109 8
109 13
109 16
109 28
109 31
109 40
109 45
109 50
109 59
109 61
109 62
109 63
109 64
109 71
109 72
109 73
109 86
109 143
109 145
109 150
109 152
109 157
109 158
110 1
110 7
110 8
110 13
110 44
110 47
111 2
111 5
111 8
111 9
111 10
111 13
111 24
111 25
112 1
112 4
112 20
112 26
112 30
112 31
112 72
