1 24
1 26
1 30
1 33
1 36
1 37
1 42
1 52
1 53
2 2
2 9
2 10
3 4
3 5
3 7
3 19
3 22
3 23
3 27
3 31
3 32
3 34
3 37
3 45
3 58
3 101
3 106
5 16
5 18
5 24
5 34
7 2
7 10
7 12
7 17
7 25
7 33
8 1
8 8
8 14
8 29
8 30
8 32
8 79
8 81
8 83
9 1
9 3
9 16
9 21
9 26
9 27
9 33
9 36
9 40
9 42
9 51
9 53
9 60
9 63
9 76
9 79
9 81
9 88
9 92
9 97
9 105
10 4
10 12
11 9
11 11
11 16
11 18
11 25
11 32
11 35
11 42
11 46
11 50
11 53
11 65
12 52
12 66
12 68
12 74
12 77
13 1
13 15
13 40
13 47
13 109
13 117
13 125
14 1
14 5
14 9
14 13
15 10
16 2
16 3
16 6
16 7
17 3
17 14
17 17
17 26
18 93
18 106
18 108
18 112
18 126
19 6
19 12
19 21
21 2
22 7
23 119
23 120
23 122
23 163
23 165
23 179
23 181
23 184
24 1
24 3
24 4
24 10
24 11
24 13
24 16
24 19
24 22
24 23
24 26
24 28
24 30
24 36
25 1
25 3
25 7
25 8
25 11
25 20
25 34
25 40
25 50
25 51
25 57
25 58
25 62
25 72
25 78
25 93
25 123
25 124
25 137
25 146
25 154
26 10
26 14
26 16
26 27
26 47
26 82
26 90
26 94
26 100
26 103
26 105
26 107
26 113
26 121
26 124
26 127
28 49
28 63
28 64
28 67
28 81
28 85
28 90
28 94
28 106
28 124
28 125
28 131
28 205
28 206
28 252
28 258
28 259
28 261
28 263
28 265
28 267
28 278
28 281
28 282
28 284
28 288
29 2
29 4
29 5
29 6
29 32
29 34
29 35
29 36
29 40
29 45
29 48
29 50
29 52
29 54
29 57
29 59
29 68
29 78
29 89
29 96
29 100
29 102
29 103
29 107
29 108
29 109
29 123
29 133
29 141
29 157
34 6
34 7
37 33
37 50
38 2
38 8
38 9
39 1
39 21
39 22
39 36
39 43
39 49
40 1
40 4
42 11
42 19
42 26
42 36
42 75
42 104
44 1
44 6
44 9
44 23
44 32
45 6
45 10
45 32
45 37
45 38
45 54
45 55
45 155
45 157
46 1
46 2
46 7
46 8
46 10
46 11
46 19
46 20
48 11
48 18
52 6
52 12
52 18
52 25
52 39
52 45
52 46
52 171
52 177
52 180
52 184
52 187
52 189
52 192
52 194
52 198
52 207
52 210
52 214
52 222
52 226
52 231
52 235
52 236
52 246
52 248
52 250
52 255
52 257
52 262
52 269
53 51
53 54
53 55
53 58
53 61
53 63
53 68
53 73
53 79
54 17
54 18
54 20
54 24
54 39
54 43
54 48
54 62
54 66
54 67
54 75
54 80
54 81
54 83
55 5
55 7
55 9
55 128
55 136
55 138
55 207
56 3
56 8
56 9
56 15
56 16
56 19
56 28
56 29
56 30
57 2
57 3
57 13
57 14
58 11
58 13
58 18
58 21
58 24
58 30
58 31
58 53
58 54
58 60
58 70
58 71
58 78
58 84
58 86
58 216
58 229
58 234
58 241
58 242
58 251
58 382
58 405
58 410
58 411
58 427
58 431
58 441
58 444
58 456
58 458
58 459
58 469
58 481
58 485
58 500
59 51
59 53
59 57
59 58
59 65
59 73
59 83
59 86
59 87
59 89
59 91
59 106
59 107
59 130
59 134
60 107
60 129
61 1
61 13
61 22
61 32
61 39
62 37
63 3
63 7
63 11
63 15
63 17
63 18
63 24
63 28
64 1
65 9
65 11
65 12
65 17
65 29
65 33
65 41
65 45
66 7
66 8
67 11
67 20
67 25
67 32
67 37
67 39
67 53
67 62
67 64
67 95
67 97
67 100
67 102
67 113
67 124
67 125
67 132
67 133
67 145
67 154
67 156
67 159
67 163
67 167
67 170
67 178
67 180
67 182
67 183
67 188
67 193
67 198
67 207
69 30
69 32
69 34
70 37
70 43
70 53
70 54
70 56
70 57
70 75
70 84
70 85
70 100
70 119
70 122
70 125
70 129
70 135
70 144
70 156
70 159
70 160
71 1
72 1
72 5
72 8
72 18
73 10
73 13
73 27
73 31
73 33
73 42
73 55
73 57
73 58
73 72
73 74
73 79
73 99
73 104
73 105
73 110
73 118
74 2
74 9
74 10
74 11
74 13
74 16
74 25
74 33
74 39
74 52
74 53
74 56
74 60
74 67
74 82
74 105
74 114
74 115
74 117
74 124
74 126
74 141
74 149
74 161
74 164
74 166
74 169
76 58
76 63
77 92
77 103
77 104
77 109
77 119
77 123
77 128
77 129
77 139
77 144
77 146
77 149
77 151
77 169
77 179
77 183
77 186
77 190
77 195
77 197
77 199
77 205
78 16
78 26
78 27
78 33
78 37
78 43
78 46
78 48
78 50
78 55
78 65
78 67
78 69
78 79
78 82
78 85
78 86
78 94
78 100
78 102
78 104
78 110
78 111
78 112
78 113
78 115
78 117
78 118
78 133
78 137
78 141
78 145
78 146
78 148
78 149
78 165
78 176
78 179
78 187
78 190
78 194
78 198
78 206
78 214
78 220
78 222
78 229
79 4
79 5
79 10
79 142
79 147
79 148
79 164
79 165
79 167
79 178
79 179
79 185
79 187
79 191
79 192
79 193
79 204
79 209
79 212
79 213
79 220
79 225
79 227
79 238
79 239
79 244
79 245
79 254
79 262
79 263
79 264
79 267
79 282
79 286
79 299
79 306
79 315
80 3
80 5
80 25
80 30
80 44
81 18
81 24
81 26
82 26
82 32
82 36
82 71
82 75
82 77
82 92
82 96
82 101
82 104
82 120
82 127
82 128
82 132
82 162
82 173
84 49
84 53
84 61
84 63
84 73
84 75
85 102
85 104
86 2
86 5
86 6
86 7
86 9
86 19
86 25
86 27
86 45
87 3
87 9
87 12
88 11
89 1
89 6
89 8
89 21
89 29
89 30
89 39
89 43
89 44
89 48
89 56
89 66
89 70
89 72
90 8
90 9
90 27
90 37
90 46
90 53
90 56
90 60
90 62
90 69
90 75
90 77
90 82
90 95
90 102
90 104
90 107
90 108
90 114
90 126
90 129
90 130
90 133
90 151
90 159
90 179
90 180
90 182
90 185
90 187
90 231
90 234
90 239
90 259
90 260
90 263
91 26
93 48
93 55
93 59
93 62
93 72
93 75
93 77
93 88
93 90
93 95
94 10
94 13
94 15
94 28
94 30
94 43
94 44
94 47
94 53
94 56
94 74
94 83
94 84
94 93
94 116
94 129
94 259
94 262
94 264
94 269
94 281
94 294
94 300
94 316
94 323
94 331
94 337
94 338
94 340
94 348
94 350
94 354
94 378
94 385
95 35
96 1
96 7
96 13
96 16
96 18
96 19
96 22
96 26
96 29
96 40
96 56
96 59
96 60
96 68
96 80
96 103
96 105
97 1
97 19
97 24
97 26
97 28
97 29
97 35
97 43
97 46
97 58
97 62
97 157
98 2
98 8
98 13
98 14
98 34
100 8
100 15
100 26
100 36
100 38
101 16
105 86
105 216
106 1
106 4
106 11
106 22
106 36
106 42
106 43
106 51
106 52
106 55
106 57
106 75
106 104
106 140
106 157
106 167
106 169
106 170
106 172
106 177
107 2
107 19
107 27
107 30
107 40
107 41
109 14
109 22
109 29
109 30
109 32
109 41
109 46
109 48
109 51
109 59
109 63
109 68
109 73
109 74
109 91
109 96
109 229
109 234
109 236
109 238
109 241
109 257
109 258
109 259
109 265
110 9
110 10
110 27
110 35
110 46
110 49
110 60
110 64
110 71
111 8
111 12
111 25
111 26
111 40
111 47
