1 7
1 8
2 15
2 35
2 40
2 44
2 141
2 149
3 7
4 3
4 4
4 5
4 14
5 8
5 9
5 14
5 19
5 35
5 37
5 38
5 47
5 53
5 55
5 56
5 62
5 193
5 197
6 3
6 4
6 13
6 15
6 27
6 28
6 47
6 53
6 54
6 55
6 57
7 9
7 12
8 8
8 11
8 20
8 21
8 30
8 108
8 111
8 160
8 161
8 162
8 171
8 172
8 188
8 196
8 205
8 210
8 225
8 230
8 235
8 238
8 242
8 246
8 251
8 257
8 259
8 262
8 263
12 26
12 30
12 32
12 34
12 36
12 41
12 67
12 70
12 85
12 89
12 96
12 106
12 107
12 109
12 125
12 133
12 135
12 136
12 170
13 57
13 58
13 59
13 79
13 81
13 82
13 92
14 17
15 5
15 17
15 20
15 26
15 32
15 41
15 42
15 46
15 47
15 48
15 62
16 2
16 4
16 15
16 22
16 23
16 25
16 29
16 33
17 9
19 113
19 121
19 127
19 129
19 145
20 4
20 7
20 8
20 14
20 17
20 79
20 82
20 84
20 85
20 90
20 93
21 4
21 5
21 6
21 22
21 28
21 31
21 41
21 51
21 53
21 55
21 57
21 60
23 95
23 101
23 104
23 105
23 110
23 111
23 112
23 122
23 124
23 131
23 133
23 134
23 137
23 151
23 192
23 198
23 328
23 334
23 348
23 350
23 354
23 365
23 374
23 385
23 389
23 391
23 397
23 410
23 431
23 432
23 441
23 442
23 452
23 468
23 472
23 490
23 493
23 515
23 521
23 526
23 618
23 619
23 622
23 625
23 626
23 633
23 640
23 649
25 18
25 27
25 35
25 50
25 55
25 60
25 75
25 80
26 12
26 149
26 153
27 2
27 5
27 6
27 10
27 14
27 15
27 16
28 3
28 19
29 3
29 8
29 14
29 19
30 2
30 5
30 17
30 28
30 30
30 33
30 164
30 171
30 172
30 201
30 205
30 206
30 218
30 219
30 228
30 231
30 239
30 251
30 254
30 259
30 260
30 268
30 269
31 3
31 7
31 9
31 24
31 29
31 34
31 39
31 48
31 53
31 61
31 72
31 93
31 103
31 105
31 115
31 156
31 172
31 181
31 200
31 204
31 208
31 212
31 213
31 215
31 219
33 28
33 53
33 54
33 62
33 77
33 82
35 7
35 12
35 13
35 14
35 18
35 21
35 27
35 40
35 75
35 79
35 81
35 91
35 92
35 98
35 106
35 113
35 119
35 124
35 128
35 130
35 143
35 148
35 156
35 167
35 169
35 170
35 172
35 176
35 180
35 192
35 193
35 212
35 220
35 225
35 227
35 231
35 235
35 236
35 242
35 243
35 244
35 254
35 262
35 265
35 272
35 288
38 25
38 37
38 38
38 43
38 45
38 53
38 54
38 68
38 78
38 81
38 83
38 88
38 97
38 101
38 104
39 2
39 15
39 20
39 22
39 23
39 26
39 28
39 33
40 22
40 24
40 37
40 39
40 40
40 60
40 62
41 18
41 24
41 34
41 37
41 38
41 39
41 51
41 64
41 67
41 71
41 78
41 79
41 91
41 92
41 93
42 2
42 6
42 7
42 9
42 25
44 37
44 43
44 53
44 64
44 72
44 73
44 75
44 78
44 85
45 130
45 134
45 139
45 140
45 142
45 143
45 145
45 160
45 162
46 2
47 1
49 39
49 44
49 49
49 66
49 67
49 70
49 73
49 74
49 75
49 79
49 82
49 83
49 86
49 88
49 95
49 96
49 108
49 111
49 124
49 137
49 139
49 150
49 161
49 175
50 1
51 1
51 15
51 18
51 158
51 163
51 175
51 197
51 198
51 199
51 201
51 255
51 260
51 261
51 269
51 272
51 275
51 299
51 302
51 305
51 306
51 312
51 321
51 326
51 331
51 334
51 345
51 351
51 357
51 436
51 438
51 442
53 4
53 13
53 15
53 17
53 19
53 23
53 40
53 45
53 49
53 64
53 66
53 67
53 70
53 78
54 3
54 11
54 16
54 20
54 27
54 31
55 4
55 6
55 8
55 11
55 13
55 16
55 18
55 23
55 34
55 36
55 37
55 38
55 47
55 49
55 54
55 88
55 91
55 93
55 95
55 96
55 106
56 47
56 61
56 62
56 68
56 69
56 77
56 89
57 2
57 6
57 8
57 10
57 11
57 32
57 35
57 36
57 42
57 45
57 51
57 82
57 83
57 88
60 3
60 12
60 13
60 23
60 26
60 27
60 164
60 171
60 172
60 181
60 187
60 189
60 194
60 206
60 208
60 210
60 231
60 234
60 235
60 238
60 246
61 1
61 10
61 12
63 12
63 16
63 21
63 92
63 123
63 136
63 142
63 153
63 171
63 172
63 191
63 208
63 209
63 210
63 224
63 227
63 228
63 230
63 233
63 234
63 235
63 242
63 250
63 253
63 255
63 256
63 266
63 267
63 271
63 285
63 289
63 290
63 298
63 325
64 11
64 16
64 20
64 22
64 24
65 1
65 6
65 9
65 20
65 23
65 30
65 38
66 35
67 11
67 12
67 18
67 20
67 26
67 35
68 10
68 14
68 25
68 29
68 32
68 34
69 2
69 26
69 27
69 31
69 32
69 33
70 19
70 22
70 25
70 28
70 31
70 32
70 37
71 11
71 20
71 31
71 40
71 46
71 51
71 56
71 63
71 65
71 67
71 90
71 91
71 93
71 115
71 116
71 124
72 7
72 8
72 16
72 19
72 25
72 32
72 37
72 39
72 40
72 47
72 49
72 58
72 62
72 63
72 66
72 67
72 74
72 80
72 86
72 94
72 112
72 114
72 115
72 123
72 126
72 129
73 18
74 12
74 18
74 19
74 24
74 25
75 69
75 70
75 88
75 89
75 90
75 99
75 108
75 110
75 118
75 124
75 134
75 135
75 136
75 146
75 148
75 164
75 168
76 34
76 40
76 44
76 47
76 50
76 57
76 82
76 83
76 91
76 103
76 106
76 115
76 121
76 123
76 127
76 135
76 139
76 141
76 142
76 150
76 151
76 152
76 162
77 18
77 25
77 29
77 32
77 35
77 49
77 55
77 67
77 74
77 79
77 82
77 87
77 91
77 95
77 98
77 105
77 112
77 116
77 121
77 124
77 141
77 142
77 145
77 155
77 166
77 167
77 174
77 177
77 187
77 195
77 200
77 201
77 207
78 6
79 2
79 18
79 22
79 30
79 35
79 37
79 40
79 47
80 41
80 47
80 53
80 67
80 69
80 80
80 86
80 87
81 1
81 2
81 11
81 14
81 15
81 39
81 44
81 46
81 52
81 53
81 58
81 59
81 71
82 3
82 4
82 12
82 16
82 19
82 22
82 25
82 28
82 29
82 70
82 71
82 76
82 86
82 94
82 100
82 134
82 142
82 143
82 146
82 147
82 153
82 166
82 167
82 171
82 176
82 180
82 185
82 202
82 207
82 216
82 221
82 223
82 229
82 236
83 5
83 14
83 20
83 21
83 22
83 24
84 1
84 3
84 8
84 10
84 11
84 13
84 16
86 6
86 7
86 10
86 19
86 21
86 57
86 59
86 61
86 65
87 56
87 57
87 59
87 62
87 65
87 86
87 90
87 95
87 99
87 104
87 106
87 238
87 246
87 270
87 275
87 277
87 280
87 286
87 287
87 289
87 291
87 305
87 307
87 310
87 326
87 330
87 338
88 19
88 20
88 22
88 23
88 26
88 40
89 5
89 9
89 27
89 34
89 37
89 41
89 42
89 48
89 49
89 50
89 55
89 62
90 6
90 8
90 9
90 10
90 20
90 34
90 38
90 39
90 41
90 44
90 47
90 56
90 57
90 63
90 67
90 69
90 74
90 85
90 86
92 64
94 1
94 11
94 15
94 19
94 113
94 116
94 119
94 121
94 159
94 210
94 215
94 220
94 243
94 245
95 17
95 18
95 36
95 40
95 41
95 70
95 78
95 81
95 130
