1 3
1 12
1 14
1 25
1 30
1 31
6 53
6 55
6 81
6 86
6 91
6 97
6 103
6 104
6 111
6 118
6 128
6 130
6 137
6 138
6 146
6 148
8 2
8 5
8 9
8 14
8 37
8 74
8 77
8 82
9 2
9 18
9 19
9 34
9 39
9 45
9 56
9 60
9 63
9 79
9 96
10 4
10 18
10 31
10 34
11 88
12 5
12 16
12 17
12 20
12 25
12 26
12 54
12 55
12 64
12 68
12 76
13 32
13 128
13 129
13 133
13 136
13 141
13 144
13 147
13 149
13 151
13 152
13 154
13 166
13 170
13 173
13 174
14 1
14 18
14 23
14 25
14 26
14 30
14 35
15 4
15 7
15 13
15 16
15 21
15 24
15 30
15 35
15 42
15 44
15 47
15 50
15 52
15 54
15 55
15 72
15 88
15 89
15 95
15 100
15 101
15 106
15 115
15 120
15 126
15 132
15 135
15 140
15 156
15 159
15 168
15 169
15 177
15 193
19 11
19 14
19 18
19 32
19 33
19 34
19 38
19 45
19 49
19 51
19 53
19 57
19 66
19 68
19 70
19 83
19 84
19 86
20 2
20 3
20 5
20 11
20 12
20 14
20 22
20 26
20 30
22 7
22 13
22 15
22 16
22 21
22 23
23 2
23 3
23 6
23 49
23 59
23 66
23 67
23 78
23 85
23 103
23 107
23 126
23 133
23 139
24 7
24 14
24 23
24 24
24 39
24 50
24 59
24 60
27 14
27 24
27 31
27 34
27 39
27 40
27 48
27 75
27 78
27 81
28 16
28 17
28 25
28 29
28 33
28 46
28 54
28 56
28 62
28 63
28 64
28 67
28 71
28 72
28 74
28 76
28 82
28 90
28 92
28 96
31 85
31 88
32 3
32 10
32 17
33 2
33 6
33 9
34 16
34 147
34 154
34 155
34 156
34 158
34 162
34 173
34 189
34 191
34 194
34 201
34 209
34 210
34 212
34 233
34 235
34 247
34 253
38 19
38 22
38 24
38 34
38 40
38 44
38 48
39 3
39 10
39 13
39 14
39 17
39 19
39 20
39 22
39 24
39 29
39 75
40 54
40 104
40 125
40 128
40 131
40 136
41 11
41 13
42 6
42 7
42 12
42 13
43 94
44 93
44 100
44 101
44 105
44 113
44 127
44 131
44 135
44 141
47 9
47 12
48 5
48 9
48 26
48 27
48 35
48 41
48 49
48 54
48 65
48 71
48 72
48 75
48 81
48 87
50 26
50 29
50 30
50 34
50 42
50 47
50 58
50 60
50 70
50 71
50 74
51 2
51 10
52 1
52 3
52 4
52 13
52 22
52 29
52 41
56 7
56 16
57 4
57 7
57 15
57 18
57 20
57 26
57 37
57 40
57 170
57 171
57 174
57 304
57 322
57 328
57 332
57 349
57 351
57 363
57 367
57 374
57 376
57 377
57 378
57 381
57 383
57 384
57 392
59 32
59 36
60 6
60 9
60 24
60 26
60 33
60 78
61 8
61 10
61 11
61 12
61 15
61 19
61 20
61 22
61 23
61 24
61 41
61 52
61 54
62 67
62 69
62 80
62 92
62 95
62 99
62 108
62 114
62 115
62 119
62 123
62 128
62 132
62 135
62 141
63 14
63 19
63 20
64 130
64 144
64 155
64 216
64 220
64 222
64 283
64 284
64 287
64 292
64 294
64 298
64 299
65 9
65 30
65 37
66 34
66 43
66 47
66 53
66 56
66 69
66 70
66 73
66 76
66 79
66 83
66 87
66 91
66 97
66 111
66 113
66 115
66 116
67 5
67 10
67 16
67 18
67 19
68 1
68 8
68 20
68 26
68 32
68 37
68 42
68 44
68 46
68 66
68 79
68 82
69 3
69 8
69 10
69 18
69 48
69 53
69 57
69 63
69 95
69 107
69 109
69 115
69 118
69 120
70 35
70 47
70 57
70 69
70 76
70 86
70 87
71 69
72 3
72 7
72 11
72 13
72 15
72 17
72 20
72 21
72 27
72 28
72 29
72 45
73 3
73 9
73 21
73 25
73 26
73 27
73 39
73 49
73 51
73 54
73 58
73 65
73 77
73 88
73 99
73 104
73 105
74 3
76 1
76 8
76 21
76 22
76 31
76 44
77 3
77 4
77 10
77 24
77 26
77 30
77 33
77 42
77 52
77 53
77 56
77 59
77 63
77 65
77 66
77 69
77 149
77 152
77 159
77 160
77 167
77 172
77 182
77 189
77 192
77 196
77 202
77 205
77 206
77 207
77 210
78 6
78 35
78 36
78 61
78 66
78 74
78 87
78 88
78 92
78 95
78 100
78 106
78 119
79 7
79 10
79 25
79 28
79 31
79 35
79 37
79 41
79 43
79 53
79 69
79 70
79 73
79 77
79 80
81 13
81 16
81 18
81 23
81 27
81 30
81 31
81 43
81 53
81 59
81 65
81 66
81 68
81 84
81 89
81 94
81 107
81 108
81 113
81 127
81 129
81 132
81 133
81 135
82 4
82 6
82 27
82 31
82 44
82 57
82 63
82 65
83 123
83 128
83 132
83 139
83 155
83 161
85 73
85 77
85 80
85 95
85 102
85 103
85 112
85 124
85 126
85 140
85 144
85 146
86 2
86 7
86 9
86 11
86 12
86 18
86 21
86 29
86 49
86 55
86 56
86 60
86 62
86 74
86 79
86 83
86 88
86 91
86 98
86 105
88 2
88 9
88 10
88 14
88 15
88 24
88 25
88 28
88 36
88 37
88 48
88 57
89 5
89 26
89 27
89 37
89 40
89 43
89 49
89 51
89 62
89 64
89 66
89 71
89 80
89 89
89 93
89 94
89 99
89 104
89 107
89 112
89 123
90 8
90 10
90 13
90 32
91 11
93 84
93 91
93 94
93 97
93 100
93 104
93 109
93 120
93 129
93 141
93 164
93 173
93 189
93 191
93 193
93 195
93 199
93 207
93 209
93 211
93 217
93 235
93 241
93 245
93 248
93 254
93 260
93 262
93 265
93 273
94 9
94 13
94 14
94 15
94 17
94 19
94 26
94 37
94 42
94 174
94 176
94 184
94 201
94 209
94 211
94 212
94 215
94 219
94 225
94 232
94 239
94 242
94 243
94 244
94 247
94 249
94 253
94 268
94 272
94 273
94 286
94 289
94 290
94 296
94 297
94 300
100 6
100 7
100 14
100 25
100 26
100 32
101 1
101 3
101 6
102 26
102 42
102 47
102 48
102 51
102 62
103 46
103 51
103 52
103 53
103 66
103 75
104 1
104 6
104 16
104 38
104 43
104 47
104 55
104 57
104 80
104 83
104 89
104 93
104 97
104 106
104 113
104 126
104 128
104 130
104 133
104 135
104 138
104 144
104 152
104 157
104 160
104 181
104 186
104 199
104 200
104 206
104 218
104 226
104 228
104 234
105 3
107 3
108 2
108 9
108 15
108 16
108 21
108 26
108 31
108 41
108 52
109 1
109 5
109 10
109 16
109 17
109 19
109 22
109 23
109 27
109 29
109 30
109 43
109 47
109 61
109 62
109 65
109 74
110 2
110 10
110 13
111 106
111 107
111 116
111 118
112 4
113 42
113 44
113 47
114 28
114 33
114 35
114 38
114 40
114 52
116 9
116 11
116 14
116 16
116 33
116 34
116 49
116 53
116 55
116 58
116 59
116 67
116 73
116 78
116 81
116 83
116 89
116 91
116 97
116 114
116 121
116 151
116 161
116 164
117 3
117 6
117 8
117 14
119 14
119 26
119 27
119 50
119 66
119 72
119 83
119 91
119 92
119 94
119 100
119 107
119 110
119 111
119 113
119 119
119 124
119 125
119 126
119 130
119 142
119 146
119 154
119 160
119 164
119 165
119 169
119 187
119 200
119 201
119 205
120 30
120 31
120 40
120 48
120 51
120 64
120 65
120 75
121 40
121 46
121 53
121 57
121 58
121 63
121 66
121 68
121 73
121 81
121 89
121 102
121 132
121 149
121 152
121 162
121 164
121 167
122 1
122 11
122 13
123 1
123 10
123 11
123 12
125 15
125 27
