1 7
1 48
1 55
1 59
1 60
1 63
1 69
1 103
1 110
1 116
1 117
1 123
1 124
1 130
1 138
1 148
1 154
1 155
1 158
1 171
1 172
1 176
1 177
1 181
1 184
1 194
1 227
1 229
1 230
3 43
3 50
3 73
3 85
3 89
3 91
3 103
3 104
4 5
4 28
4 29
6 5
6 9
6 13
6 17
6 20
6 21
6 24
6 46
6 51
6 53
7 2
7 6
7 9
7 10
8 119
8 121
10 11
10 20
10 25
10 28
10 34
10 42
10 55
10 56
10 59
10 64
10 71
10 91
10 94
10 97
10 105
10 108
10 109
10 112
10 114
10 115
10 117
10 120
10 123
10 125
10 128
10 258
10 262
10 266
10 283
10 285
10 289
11 3
12 3
12 5
12 10
12 11
13 2
13 7
13 8
13 12
13 16
13 20
13 28
13 54
13 66
13 75
13 80
13 88
13 114
13 128
13 132
13 146
13 175
14 7
14 11
14 27
15 3
16 3
16 6
16 14
16 27
16 39
16 49
16 50
16 66
16 74
16 87
16 92
16 93
16 96
17 2
17 9
17 13
17 16
17 40
17 117
17 121
17 125
17 126
17 129
17 140
17 160
17 161
17 164
17 174
17 176
17 178
17 186
17 188
17 197
17 204
17 223
17 225
18 1
19 1
20 5
20 8
20 11
20 23
21 4
21 7
23 6
23 7
23 12
23 14
24 1
24 3
24 6
24 8
24 18
24 21
24 22
24 28
24 30
24 31
24 36
24 37
24 44
24 50
24 57
24 59
24 60
24 68
24 70
24 71
24 75
25 10
25 21
25 29
25 31
25 35
25 42
25 44
25 50
25 51
25 67
25 73
25 78
25 79
25 84
25 86
25 97
25 112
25 113
26 2
26 3
26 23
26 32
26 69
26 70
26 71
29 17
29 20
29 21
29 33
29 34
29 36
29 50
29 57
29 68
29 69
29 78
29 87
29 88
29 106
29 115
29 126
29 131
29 140
29 147
29 156
29 161
30 25
30 26
30 29
30 49
30 55
30 62
30 69
30 73
30 91
30 101
30 109
30 114
30 116
30 122
30 127
30 128
30 130
30 136
30 140
30 145
30 148
30 153
30 154
30 159
30 168
30 181
30 182
30 194
31 133
31 138
31 140
31 146
31 150
31 210
31 221
31 225
31 235
31 236
31 244
31 249
31 251
31 252
31 254
31 255
31 278
31 284
31 289
31 291
31 303
31 309
32 8
32 12
32 18
32 20
32 27
32 31
32 37
32 38
32 39
32 40
32 47
32 65
32 77
32 80
32 83
33 95
34 2
34 6
34 16
34 17
34 18
34 20
34 24
34 29
34 38
34 83
34 89
34 92
34 95
34 253
34 257
34 259
34 261
34 262
35 6
35 7
35 9
35 14
35 25
35 34
35 43
35 49
35 53
35 54
35 57
35 58
37 99
38 9
38 11
38 25
38 28
38 39
38 45
38 60
38 68
38 81
39 4
39 5
39 10
39 13
39 26
39 30
39 42
39 45
39 54
39 67
39 69
39 80
39 82
39 102
39 109
40 2
41 30
41 38
41 39
41 41
41 59
41 64
41 76
41 77
41 79
41 82
41 86
41 87
41 97
41 101
41 107
41 108
41 114
41 143
41 145
43 82
43 85
43 228
43 231
43 235
43 237
43 241
43 243
43 246
43 249
43 250
43 260
43 266
43 269
43 275
44 3
44 4
44 14
44 42
44 51
44 54
44 67
44 76
44 83
44 96
44 101
44 105
44 107
44 113
44 118
46 5
46 8
46 9
46 14
46 15
46 17
46 25
46 27
46 32
46 40
46 42
47 4
47 15
47 17
47 28
47 36
47 49
47 50
47 54
47 57
47 60
47 61
47 65
47 80
48 5
48 18
48 22
48 24
48 29
48 31
48 40
48 43
48 54
48 58
49 5
49 8
49 11
49 14
49 15
49 17
49 23
49 24
49 26
49 27
49 35
49 40
49 47
49 49
49 54
49 59
50 55
50 58
50 66
50 69
50 70
50 77
50 111
50 112
50 114
50 121
50 127
50 140
50 145
50 146
50 151
50 156
50 160
50 163
50 245
50 247
50 249
50 259
50 271
50 272
50 275
51 5
51 9
52 2
52 11
52 12
52 19
52 30
52 31
52 32
52 36
52 39
52 40
52 53
52 63
52 65
52 70
52 88
53 4
53 6
53 9
53 13
53 16
53 19
53 21
53 34
53 36
53 40
53 41
54 2
54 12
54 14
54 17
54 18
54 38
54 43
54 44
54 53
54 70
54 78
54 79
54 83
54 102
54 107
54 112
55 6
55 7
55 16
55 22
55 26
56 1
56 4
56 6
56 22
56 29
56 37
56 44
56 47
56 48
56 52
57 19
57 27
57 30
57 31
57 39
57 42
57 45
57 47
57 49
57 50
57 52
58 7
58 18
60 6
60 14
60 22
60 41
60 44
60 54
60 57
60 62
60 70
60 81
60 83
60 84
60 88
60 111
60 114
60 127
60 133
60 134
60 152
60 153
60 164
60 167
60 172
60 178
60 186
60 191
60 198
60 202
60 204
60 212
60 216
60 225
60 228
60 238
60 240
60 249
60 250
60 251
60 256
60 283
60 287
60 294
60 296
60 304
60 316
60 331
60 334
60 343
60 351
60 357
60 363
60 370
60 381
60 382
60 415
60 416
60 428
60 487
60 488
60 491
60 504
61 6
62 3
62 20
62 22
62 26
62 34
62 37
62 39
62 45
62 86
62 98
62 101
62 102
62 103
62 107
62 109
62 112
62 115
62 122
63 4
63 101
63 103
63 106
63 109
63 118
63 119
63 120
63 122
63 125
63 128
63 132
63 133
63 134
63 135
63 153
63 155
63 157
63 161
63 165
63 166
63 169
63 187
63 190
64 50
64 56
64 63
64 64
64 67
64 70
64 76
64 79
64 84
64 85
65 8
65 11
65 14
65 30
65 35
65 45
65 46
65 54
65 64
65 71
66 2
66 23
66 28
66 34
66 35
66 37
68 7
68 15
68 18
68 30
68 36
68 165
68 175
69 5
69 19
69 21
69 23
69 30
69 46
69 55
69 57
69 59
69 60
69 62
69 65
69 68
69 69
69 71
69 77
69 94
69 112
69 131
69 134
70 1
70 5
70 11
70 13
70 19
70 22
70 24
70 28
70 30
70 33
70 48
70 50
70 56
70 70
70 71
70 77
70 82
70 83
70 85
70 94
70 99
70 102
70 107
70 111
70 116
70 127
70 134
70 135
71 13
71 26
71 27
71 29
72 31
72 35
72 46
72 50
72 75
72 82
72 84
72 90
72 96
72 99
72 108
72 110
72 116
73 20
73 21
74 1
74 4
74 11
74 13
74 23
74 24
74 33
74 34
74 40
74 42
74 44
74 53
74 60
74 61
75 2
75 4
75 19
78 3
78 13
78 14
78 28
79 12
79 16
79 18
79 20
79 23
79 25
79 29
79 34
79 35
79 50
79 51
79 52
79 60
79 69
79 73
79 81
79 84
79 87
79 93
79 102
79 104
79 108
79 112
79 116
79 118
79 123
80 12
80 20
80 23
80 24
80 27
80 39
80 40
80 45
81 7
81 12
81 14
81 26
81 27
85 4
85 11
85 14
85 19
85 43
85 46
85 47
85 50
85 55
85 61
85 62
86 15
86 17
86 22
86 32
86 41
86 54
86 56
88 52
88 59
88 61
88 64
88 66
88 77
88 80
88 81
88 90
88 99
88 101
88 102
88 107
89 5
89 11
89 14
89 15
89 17
89 19
89 22
89 23
89 29
90 80
90 82
90 89
90 92
90 93
90 94
91 6
91 47
91 49
91 51
91 55
91 58
91 65
91 69
91 74
91 76
91 78
91 79
91 83
92 4
92 10
92 13
92 16
92 33
92 93
92 108
92 111
92 113
92 124
92 125
92 128
92 136
92 151
92 160
92 166
92 175
92 176
92 178
92 181
92 185
92 191
92 203
92 207
92 211
92 283
92 286
92 290
93 4
93 5
93 12
93 14
93 16
93 17
93 19
93 51
93 53
93 60
93 63
93 66
93 73
95 1
95 4
95 8
96 1
96 8
96 12
96 29
96 35
96 162
96 164
96 165
96 167
96 172
96 173
96 176
96 183
96 244
96 273
96 276
96 290
98 1
98 4
98 5
99 64
99 67
99 69
99 71
99 75
99 76
99 78
99 81
99 82
102 88
102 90
102 104
103 5
103 8
103 11
103 36
103 46
103 47
103 50
103 71
103 80
103 81
103 83
103 89
103 90
103 96
103 104
103 107
103 118
103 119
103 123
103 127
103 132
103 137
103 138
103 142
103 143
103 146
103 156
104 92
104 94
104 95
104 97
107 44
107 45
107 46
107 47
107 56
107 59
107 64
107 72
107 92
107 100
107 105
107 113
107 117
107 128
107 130
107 139
107 148
