1 1
1 7
1 16
2 75
2 77
2 78
2 89
2 97
2 98
2 103
3 3
3 11
3 12
3 13
3 26
3 27
4 1
4 2
4 11
4 16
4 19
4 20
4 26
4 28
4 29
4 32
4 41
4 62
4 69
4 70
4 76
4 91
4 96
4 98
4 100
4 107
4 121
4 124
4 126
4 147
5 2
5 14
5 25
5 30
5 34
5 42
5 46
5 47
5 59
5 70
5 73
5 202
5 286
5 287
5 304
5 308
5 316
5 317
5 319
5 321
5 327
5 331
5 337
5 340
5 343
5 346
6 58
6 59
8 26
8 30
8 48
8 49
8 57
8 65
8 89
8 94
8 95
8 107
8 110
9 11
9 19
9 27
9 28
9 34
9 46
9 51
9 56
9 63
9 95
10 37
10 42
10 51
10 60
11 14
11 16
11 23
11 36
11 44
11 45
11 54
11 55
11 131
11 136
11 154
11 156
11 161
11 169
11 170
11 183
11 184
11 187
11 198
11 200
11 202
11 203
11 204
11 222
11 229
11 239
11 244
11 245
12 4
12 16
12 32
12 46
12 59
12 62
12 79
12 94
12 97
12 108
12 112
12 119
12 153
13 8
14 30
14 36
14 38
14 39
14 46
14 53
14 59
14 64
14 69
14 137
14 141
14 152
14 158
14 159
14 160
14 164
14 170
14 172
14 180
14 183
14 184
14 190
14 191
14 193
14 198
14 200
14 205
14 224
14 226
14 234
14 242
14 257
14 266
14 276
14 278
14 287
14 302
14 304
14 310
14 312
14 314
14 321
15 87
15 97
16 16
16 18
16 20
16 21
16 23
17 1
17 2
17 4
17 10
17 17
17 18
17 21
17 26
17 30
17 36
17 52
17 53
17 56
18 6
18 7
18 8
18 9
18 28
18 30
21 14
21 17
21 23
21 24
21 27
21 38
21 39
21 90
21 108
21 135
21 138
21 144
21 150
21 157
21 170
21 171
21 174
21 183
21 188
22 1
22 3
22 7
22 29
22 135
22 137
22 140
22 149
22 178
22 185
22 188
22 194
23 3
23 4
23 16
23 20
23 21
23 24
23 30
23 31
23 32
23 35
23 47
23 146
23 151
23 152
24 1
24 8
24 9
24 10
25 1
25 4
25 8
25 9
25 16
25 17
25 18
26 2
26 10
26 13
26 16
26 17
26 19
26 24
26 28
26 29
26 30
26 36
26 55
26 56
26 61
26 67
26 68
26 72
26 111
26 116
26 124
26 127
26 162
26 170
26 178
26 180
26 182
26 183
26 189
26 191
26 199
26 204
26 208
26 214
26 216
26 223
26 238
26 250
26 251
26 252
26 259
26 263
26 264
26 271
26 272
26 282
26 288
26 299
26 300
26 301
26 310
26 316
26 320
26 324
26 341
26 348
26 350
26 361
26 367
26 370
26 374
26 375
29 6
29 9
29 13
29 20
29 25
29 31
29 38
29 53
29 64
29 78
29 80
29 89
29 91
29 92
29 94
29 98
29 103
29 104
29 115
29 116
29 123
30 6
30 18
31 12
31 15
31 21
31 25
31 27
31 29
33 26
33 32
33 41
33 174
33 177
33 186
33 195
33 209
33 210
33 217
33 218
33 225
33 229
33 232
33 234
33 237
33 247
33 248
33 255
33 256
33 266
33 288
33 296
33 298
33 302
33 303
33 311
35 1
36 14
36 17
36 21
36 26
36 32
36 33
37 1
37 5
37 7
37 8
38 5
38 6
38 11
38 19
38 26
38 31
38 32
38 43
38 49
38 51
38 55
38 59
39 1
39 2
39 3
39 4
39 8
39 17
39 25
39 27
39 33
39 38
39 56
39 78
40 69
40 70
40 74
40 75
40 80
40 87
40 88
40 103
40 117
40 119
40 125
40 126
40 129
40 130
41 1
41 3
41 4
41 5
41 17
41 23
41 27
42 53
42 63
42 64
42 76
42 78
42 81
42 83
42 84
42 86
42 88
42 99
43 52
43 53
43 59
43 67
43 68
43 70
43 72
44 5
44 17
44 22
44 24
44 28
44 38
44 40
44 72
44 87
45 6
45 10
46 5
46 15
46 19
47 86
47 89
47 95
47 224
47 229
47 233
47 234
47 238
47 243
47 244
47 245
47 250
47 252
47 253
47 255
47 260
47 262
47 265
47 283
47 290
47 295
47 299
47 304
47 307
47 314
47 315
47 319
47 325
47 338
47 345
47 350
47 351
47 356
47 362
47 365
47 371
47 374
47 384
47 385
47 386
47 390
47 394
47 402
47 414
47 430
47 437
47 447
48 3
48 16
48 25
48 27
49 7
50 4
50 7
50 8
50 11
50 15
51 3
51 6
51 14
51 17
51 18
51 19
51 39
51 43
51 51
51 64
51 66
51 67
51 79
51 84
51 87
52 2
52 9
52 11
52 109
52 116
52 124
52 127
52 133
52 136
52 140
52 148
52 149
52 160
52 173
52 180
52 184
52 186
53 1
53 51
53 74
53 82
53 90
53 93
53 94
53 97
53 111
53 113
53 130
53 135
53 142
53 143
53 162
53 167
53 169
53 171
53 182
53 185
53 193
53 194
53 195
53 204
53 225
53 227
53 230
53 236
53 244
53 246
54 68
55 5
55 6
55 15
55 16
55 24
55 25
55 27
55 31
55 34
55 35
57 10
57 15
57 34
57 37
57 41
58 9
58 15
58 25
59 13
59 24
59 43
59 46
59 56
59 58
59 61
59 62
59 63
59 74
59 84
59 97
59 102
59 110
59 124
59 126
59 128
60 1
60 5
60 8
60 25
60 29
60 47
60 51
61 1
61 7
61 15
61 37
61 47
61 57
62 3
62 5
62 6
62 8
62 9
62 11
62 18
62 19
62 29
62 33
62 35
62 36
63 37
63 38
63 40
63 41
63 63
63 68
63 74
63 80
63 83
63 91
63 93
63 118
63 121
63 122
63 123
63 129
63 133
63 137
64 5
64 6
64 33
64 35
65 33
65 44
65 45
66 3
66 88
66 90
66 106
66 115
66 122
66 128
66 131
66 133
66 138
67 4
67 10
67 25
67 26
68 13
68 15
68 16
68 18
68 22
68 23
68 36
68 41
68 44
68 48
69 33
69 39
69 44
69 52
69 182
69 189
69 195
69 197
69 198
70 3
70 7
70 9
70 22
70 30
70 32
70 38
70 41
70 47
70 50
70 51
70 52
70 56
70 59
70 62
70 65
70 72
70 75
70 77
70 78
70 79
70 90
70 103
70 104
70 115
70 120
70 129
70 147
70 149
70 151
70 152
70 153
70 162
70 167
70 175
70 268
70 283
70 284
70 291
70 298
70 301
70 309
70 320
70 326
71 30
71 36
71 40
71 42
71 43
71 46
71 48
71 52
71 65
71 70
71 73
71 79
71 83
71 96
71 111
71 125
71 126
71 127
72 2
72 3
72 8
72 10
73 18
73 22
73 25
73 26
73 109
73 119
73 121
73 122
75 59
75 61
75 67
75 70
75 75
75 77
75 80
75 87
75 96
75 108
75 120
75 121
75 123
75 138
75 141
75 142
75 149
75 181
75 185
75 189
75 190
75 196
76 107
76 108
76 239
76 241
76 242
76 244
76 251
76 252
76 254
76 255
76 267
76 270
76 271
77 6
77 17
77 35
77 39
77 54
77 55
77 57
79 38
79 46
79 47
79 49
79 59
79 64
79 69
79 73
79 74
79 88
80 7
80 18
80 32
80 35
80 43
80 52
80 55
80 57
80 63
80 67
80 68
81 2
81 11
81 16
81 19
82 8
82 9
82 14
82 29
82 65
82 69
83 2
83 8
83 13
83 18
83 23
83 28
83 38
83 53
83 61
83 74
83 75
83 78
83 87
83 94
83 99
83 105
83 107
84 3
85 4
85 14
85 16
85 19
85 26
85 27
85 35
85 40
85 46
85 51
85 71
85 76
85 81
85 83
85 85
85 87
85 92
85 97
85 99
85 104
85 113
85 115
85 116
85 125
85 132
86 2
86 19
86 21
86 40
86 41
86 42
86 43
87 30
87 40
87 60
87 62
87 67
87 90
87 106
87 119
87 136
87 139
87 143
87 146
87 147
87 153
87 156
87 164
87 165
87 166
87 169
88 3
88 12
88 13
88 20
88 24
88 27
88 31
88 37
89 1
89 5
89 6
89 7
89 12
89 20
89 29
89 32
90 1
90 2
92 9
92 21
92 33
92 37
92 43
92 48
92 49
92 50
93 1
93 52
