1 7
1 9
1 15
1 23
1 24
1 29
1 31
1 48
3 6
3 11
3 12
3 15
3 19
3 23
3 30
3 33
3 40
3 48
3 56
3 58
3 70
3 78
3 82
3 92
3 95
4 5
4 11
4 25
4 27
4 30
4 32
4 35
4 39
4 40
4 42
4 53
4 59
4 60
5 18
5 20
5 26
5 27
5 33
5 39
5 40
5 51
5 55
5 58
5 64
5 68
5 74
5 78
5 81
5 82
5 85
5 91
5 96
5 126
5 129
5 130
5 134
5 142
5 149
5 150
5 151
5 154
5 159
5 160
5 161
5 169
5 176
5 209
5 214
5 219
5 225
5 226
5 228
5 233
9 5
9 12
9 15
9 16
9 22
9 24
9 25
9 34
9 35
9 40
9 43
9 45
9 57
9 67
9 73
9 75
9 91
9 92
10 2
10 4
10 8
10 12
10 13
10 14
10 19
10 30
10 34
10 145
10 162
10 163
10 165
10 174
11 9
11 10
11 14
12 6
12 9
12 11
12 15
12 17
12 18
12 20
12 22
12 29
12 47
12 52
13 1
13 3
13 6
13 12
13 13
13 14
13 20
13 21
13 28
13 36
13 43
13 50
13 56
13 73
13 79
13 82
13 85
14 2
14 3
14 17
14 78
14 87
14 114
14 116
14 121
14 149
14 159
15 6
15 10
15 12
15 17
15 22
15 26
15 27
15 40
15 55
15 59
15 62
15 72
15 77
15 81
15 87
15 89
15 90
15 91
15 97
16 126
16 135
16 136
16 142
16 150
16 151
17 15
17 18
17 19
17 23
17 32
17 45
17 57
17 60
17 66
17 73
17 76
17 79
17 81
17 85
17 86
17 98
17 184
17 188
17 189
17 193
17 207
17 340
17 345
17 347
17 351
17 353
18 1
18 20
18 23
18 30
18 32
18 43
18 50
18 51
18 58
18 60
18 74
18 81
18 83
21 18
21 34
21 36
21 41
21 43
21 48
21 50
22 51
22 53
22 57
23 9
23 19
23 20
23 31
23 32
23 61
23 77
23 82
23 85
23 89
23 105
23 108
23 109
23 116
23 122
23 126
23 131
23 133
23 135
23 148
23 154
23 158
23 168
23 173
23 174
23 179
23 180
23 194
23 203
23 211
23 218
23 219
23 221
25 46
25 52
25 60
25 61
25 64
26 2
30 9
30 15
30 30
30 40
30 41
30 42
30 44
30 45
30 47
30 50
30 55
30 58
30 66
30 67
30 77
31 14
31 16
31 19
31 22
31 32
31 37
31 42
31 50
31 57
31 62
31 111
31 114
31 127
31 128
31 133
31 136
31 146
32 6
33 1
33 17
33 22
33 29
33 30
34 7
34 8
35 5
35 8
38 1
38 3
38 5
38 19
38 20
38 28
38 35
38 45
38 53
38 54
38 56
38 62
38 66
38 95
38 98
39 15
39 24
39 92
39 96
39 106
39 112
39 115
39 118
39 119
39 150
39 162
39 167
39 186
39 198
39 199
40 4
40 5
41 6
41 7
41 10
41 11
42 16
42 21
42 23
42 40
42 51
42 53
42 56
42 64
42 65
42 66
42 70
42 73
42 152
42 153
43 4
46 1
46 2
46 9
46 24
46 35
46 51
46 54
46 59
46 62
46 68
47 3
47 15
48 6
48 10
48 24
48 26
48 27
48 28
48 32
48 38
48 52
48 63
48 78
49 108
49 109
49 116
49 120
49 122
49 126
49 245
49 250
49 252
49 254
49 256
49 291
49 293
49 295
49 305
49 310
49 312
49 324
49 329
49 330
49 331
50 1
50 6
50 8
50 10
50 11
51 3
51 14
51 22
51 23
51 24
51 27
51 28
51 39
51 48
51 50
51 51
51 52
51 54
51 55
51 59
51 62
51 69
51 70
51 72
51 73
51 80
51 88
51 89
51 99
51 103
51 118
51 123
52 16
52 22
52 29
52 36
52 41
52 57
52 58
52 60
52 64
52 66
52 75
52 87
52 95
52 99
54 17
54 28
54 30
54 41
54 42
55 37
55 168
55 182
55 184
55 185
55 186
55 196
55 204
55 211
55 213
56 36
56 48
56 49
57 2
57 4
57 5
57 8
57 9
57 13
57 14
57 25
57 26
58 13
59 4
59 17
59 20
59 22
59 32
60 7
60 11
60 20
60 30
61 6
61 12
61 14
61 23
61 28
61 33
61 43
61 44
61 48
61 52
64 11
64 28
64 30
64 35
64 46
64 49
64 50
64 54
64 55
64 57
64 59
64 61
64 66
64 67
64 68
64 70
64 125
64 129
64 132
64 143
65 6
65 17
65 25
65 29
65 32
65 33
65 38
65 46
65 51
65 53
65 60
65 62
65 65
66 2
66 5
66 7
66 10
66 16
66 17
66 21
67 3
67 7
67 19
67 21
67 37
67 56
67 59
67 68
68 91
68 95
68 99
68 100
68 102
68 104
68 111
68 121
68 125
68 126
69 2
69 3
69 9
69 27
69 34
69 35
69 36
69 39
69 44
69 53
69 55
69 137
69 138
69 139
69 145
69 147
69 151
69 152
69 164
69 170
70 48
70 49
70 50
70 51
70 53
70 60
70 61
70 75
70 76
70 81
70 210
70 220
70 227
70 231
70 284
71 2
71 9
71 110
71 120
72 1
72 3
72 7
72 8
72 15
72 16
72 17
72 26
72 27
72 30
72 38
72 42
72 51
72 61
72 72
72 177
72 181
72 192
72 193
72 200
72 208
73 1
73 2
73 4
73 8
74 2
74 4
74 5
75 40
75 46
75 57
75 59
75 64
75 66
75 70
75 73
75 89
75 95
75 101
75 102
75 107
75 111
75 118
75 126
75 128
75 130
75 139
76 65
77 3
77 11
77 22
77 23
77 152
77 153
77 154
77 169
77 170
77 172
77 182
81 7
81 9
81 20
81 31
81 35
81 46
81 51
81 52
81 70
81 76
81 82
81 85
81 214
81 250
81 269
81 271
81 285
81 287
81 288
81 300
81 304
81 313
82 10
82 13
83 3
83 8
83 16
83 17
83 30
83 32
83 34
83 35
83 36
83 39
83 50
83 55
83 59
83 70
83 91
83 94
83 99
83 107
84 6
84 9
84 16
84 19
84 28
85 1
85 3
85 39
85 41
85 42
85 50
85 58
85 63
85 67
86 3
86 8
86 17
86 18
86 21
86 24
86 26
86 135
87 1
87 4
87 7
87 13
87 20
87 21
87 25
88 2
89 12
89 15
89 16
89 23
89 24
89 39
89 48
89 53
89 54
89 55
89 56
89 61
89 62
89 154
89 156
89 171
89 183
89 189
89 194
89 199
89 200
89 210
89 214
89 230
89 232
89 233
89 234
89 236
89 237
89 280
89 289
94 3
94 8
94 18
94 23
94 24
94 71
94 75
94 78
94 79
94 92
94 98
94 100
95 11
95 12
95 14
95 19
95 22
95 29
95 34
95 35
95 39
95 41
95 53
95 54
95 63
95 82
95 83
95 87
95 90
95 92
95 100
96 1
97 6
97 12
97 13
98 1
98 3
98 13
98 17
98 25
98 27
98 36
98 38
98 43
98 44
98 50
98 135
98 144
100 63
101 9
101 10
101 18
101 25
101 35
101 44
103 1
103 6
103 19
103 29
103 32
103 34
103 44
103 45
103 68
103 79
103 82
103 95
103 98
103 101
103 104
103 109
103 114
103 120
103 123
103 126
103 127
103 136
103 148
103 155
103 161
103 164
103 177
103 188
103 193
103 200
103 218
103 220
103 223
103 235
103 242
103 255
103 256
103 262
103 263
103 266
104 3
104 9
104 13
104 26
104 30
104 38
105 1
105 15
105 20
105 43
105 44
105 48
107 2
107 11
107 20
107 31
107 38
107 44
109 22
109 23
109 29
109 30
109 34
110 1
110 4
110 5
110 10
110 107
110 112
110 115
110 116
110 117
110 120
110 132
110 133
110 137
110 140
110 146
110 150
110 157
110 159
