1 3
1 4
4 49
5 1
5 8
5 10
5 14
5 21
5 23
5 29
5 32
5 41
5 46
5 48
5 56
6 4
6 6
6 7
6 10
6 21
8 1
9 44
9 54
9 55
9 56
9 57
9 67
9 71
9 73
9 74
9 75
9 79
9 89
9 92
9 103
9 109
9 115
9 117
9 122
9 125
9 127
9 128
11 49
12 34
12 51
12 62
14 7
14 12
14 21
14 27
14 32
14 36
14 43
14 44
14 50
14 56
14 57
14 59
14 61
14 65
14 67
14 73
14 104
14 120
14 121
14 123
14 126
14 127
14 136
14 147
14 149
14 152
14 159
14 161
14 163
14 168
14 169
14 185
14 188
14 189
14 197
14 202
14 203
14 209
14 210
14 233
14 234
14 244
14 245
14 356
14 362
14 365
14 397
14 400
14 412
14 416
14 421
14 423
14 430
14 436
14 438
14 441
14 442
14 448
14 455
14 458
14 467
15 4
17 22
17 23
17 29
17 33
17 34
17 121
17 127
17 256
18 1
18 8
18 10
19 2
19 12
20 6
20 7
20 9
20 10
20 12
20 26
20 29
21 13
21 20
21 22
21 25
21 30
21 35
21 70
21 72
21 82
21 86
21 100
21 103
22 5
22 10
22 16
22 30
22 38
22 52
22 54
22 59
22 63
22 64
22 132
22 138
22 140
22 143
22 148
23 1
23 9
23 30
23 31
23 32
23 38
23 45
23 47
23 50
23 52
24 2
24 4
24 5
24 8
26 34
26 39
26 44
26 50
26 51
26 57
29 15
29 21
29 35
29 49
29 52
29 61
29 64
29 65
29 80
29 82
29 87
29 219
30 5
30 17
30 20
30 23
30 33
30 37
30 42
30 62
30 67
30 69
30 74
30 75
31 2
31 12
31 15
31 16
31 26
31 28
31 30
31 44
31 66
31 76
31 77
31 78
31 86
31 89
31 91
31 96
31 97
31 102
32 4
32 83
32 90
32 95
32 105
32 108
32 113
32 115
32 118
32 120
32 124
32 126
32 142
32 149
32 150
32 156
32 159
32 164
32 170
32 172
32 180
32 181
32 192
32 199
32 218
32 221
32 223
32 226
32 308
32 311
32 313
32 323
32 324
32 327
32 349
32 352
32 354
32 363
32 367
32 371
32 376
32 386
32 451
32 453
32 456
32 457
32 464
32 465
32 468
32 470
32 474
32 499
32 500
32 501
32 517
32 520
32 523
32 524
32 531
32 533
32 534
32 541
32 552
32 554
32 558
32 559
32 564
32 568
32 575
32 582
32 583
32 594
32 600
32 607
32 613
32 614
32 615
32 616
32 625
32 626
35 14
35 18
35 19
35 27
35 30
35 32
35 33
35 35
35 63
35 65
35 67
35 73
35 79
36 8
36 17
36 32
36 33
36 37
36 39
36 45
36 54
36 61
36 64
36 69
36 72
36 73
36 74
36 77
36 83
37 20
37 22
37 29
37 33
37 43
37 47
37 48
37 53
37 57
37 86
37 89
37 97
37 111
37 112
37 116
37 123
37 126
37 134
37 135
38 11
38 77
38 79
38 83
39 3
39 4
39 5
39 9
40 18
40 19
40 35
40 47
40 48
40 52
40 101
41 7
41 8
41 12
41 16
41 22
41 23
41 26
41 33
41 44
41 47
41 52
41 53
41 57
41 59
41 70
41 75
41 87
42 1
42 5
42 6
43 5
44 6
46 111
46 122
46 126
46 131
46 132
46 140
46 146
49 43
49 47
50 1
50 3
51 1
51 7
51 14
51 19
51 27
51 36
51 40
51 41
51 44
51 45
51 48
51 50
51 80
51 82
51 89
51 92
51 100
51 101
51 104
51 106
53 114
53 127
53 129
53 132
53 133
53 138
53 139
53 145
53 151
53 159
53 163
53 179
53 184
53 200
53 204
53 337
53 340
53 341
53 345
54 1
54 3
54 15
54 24
54 26
54 39
54 42
54 50
54 62
54 65
54 68
55 2
55 6
56 1
57 10
57 17
57 19
57 20
57 27
57 28
57 30
57 38
58 45
58 51
58 61
58 73
58 76
58 77
58 79
58 81
58 82
58 87
58 104
58 115
58 119
58 134
58 138
58 144
58 146
58 149
58 153
58 172
58 184
58 194
58 204
58 214
59 2
59 5
59 8
60 3
60 9
60 10
60 13
60 22
60 28
60 38
60 45
61 5
61 9
61 13
61 15
61 16
61 23
61 28
61 49
61 52
61 53
61 69
61 75
61 78
62 1
62 11
62 140
62 147
62 154
62 168
67 24
67 37
67 42
67 51
67 58
67 67
67 75
67 91
67 95
67 113
67 129
67 142
67 148
67 149
67 162
67 165
67 171
67 186
67 191
67 193
67 199
67 202
67 203
67 205
67 213
67 224
67 228
67 233
67 234
67 248
67 257
67 258
67 264
67 266
67 269
67 273
67 274
67 289
67 291
67 298
67 300
67 309
67 313
67 347
67 351
67 366
67 369
67 389
67 399
67 435
67 437
67 444
67 445
67 454
67 455
67 457
67 460
67 464
67 467
67 468
69 2
69 10
69 11
69 13
69 14
69 18
69 21
69 23
69 28
69 34
69 36
69 44
69 49
69 52
71 91
72 10
72 13
72 14
72 19
72 35
72 37
72 38
72 39
72 42
72 43
72 53
72 56
72 65
72 66
72 68
72 72
72 83
72 85
72 86
72 97
72 98
72 106
72 115
72 117
72 125
72 150
72 163
72 165
72 167
72 174
72 175
72 203
72 204
72 205
72 219
72 237
73 138
73 143
73 152
73 158
73 159
73 160
73 165
73 166
73 168
73 169
73 172
73 175
73 184
73 185
73 198
74 1
75 5
75 7
75 10
75 18
76 111
77 17
77 21
77 23
77 25
77 31
77 35
77 49
77 57
77 58
77 62
77 69
77 71
78 10
78 14
78 21
78 31
78 32
78 45
78 52
78 94
80 11
80 15
80 18
80 19
80 22
80 25
80 28
80 31
80 37
80 43
80 50
80 68
80 74
80 79
80 82
80 83
80 91
80 122
80 127
81 5
81 8
81 28
81 32
81 35
81 39
81 45
81 55
81 64
81 72
81 77
82 1
82 10
82 17
82 20
82 34
84 36
85 13
85 15
86 2
86 20
86 43
86 45
86 49
86 53
86 68
86 74
86 75
86 79
86 81
86 91
86 94
86 99
86 102
86 113
86 123
86 129
87 3
87 15
87 17
87 20
87 28
87 39
87 47
87 72
87 84
87 86
87 98
88 7
88 9
88 14
88 20
88 36
89 1
90 29
90 41
90 42
90 70
90 96
90 107
90 112
90 113
90 114
90 119
90 123
91 1
91 7
91 9
91 24
92 1
92 4
92 21
92 23
92 26
92 29
92 30
92 38
92 40
92 44
92 54
92 60
92 61
92 69
92 71
92 90
92 92
93 3
93 5
93 12
93 21
93 25
93 36
93 43
93 58
93 59
93 60
93 62
93 74
93 77
93 82
93 83
93 89
93 90
93 96
93 100
93 101
93 103
93 104
93 105
93 114
93 116
93 131
93 132
93 134
93 137
93 138
94 5
94 20
94 22
94 36
94 37
94 46
94 48
94 55
94 61
94 95
94 98
94 105
94 125
94 127
95 8
95 60
95 62
95 65
95 67
95 68
95 77
95 78
95 262
95 265
95 372
95 378
96 4
96 13
96 19
96 22
96 62
97 7
100 3
100 6
101 6
101 91
101 113
101 127
101 129
101 140
102 1
102 6
102 18
102 28
102 36
102 38
102 40
102 47
102 49
102 50
102 58
102 64
102 76
102 81
102 87
102 90
102 92
102 93
102 98
102 103
102 107
102 109
102 126
102 130
102 132
102 149
102 152
102 153
102 162
102 166
102 170
102 171
102 177
102 183
102 188
102 189
102 190
102 192
102 193
102 194
102 200
102 210
102 217
102 220
102 225
102 229
102 267
102 280
102 290
102 310
102 318
102 335
102 359
102 360
102 364
102 365
102 370
102 372
102 379
103 2
103 9
103 10
103 12
103 13
103 16
103 29
103 36
103 38
103 42
103 44
103 57
103 62
103 64
103 68
103 74
104 112
104 115
104 125
106 70
106 84
107 5
107 19
107 22
107 26
107 30
107 36
108 3
108 6
108 10
108 19
108 22
108 38
108 39
108 40
108 45
108 47
108 48
108 57
108 71
108 75
108 79
108 86
108 88
108 89
108 95
108 97
109 9
111 30
111 37
111 42
111 47
114 16
