1 1
1 2
1 10
1 13
1 16
1 21
2 2
2 132
2 134
2 139
2 140
2 142
2 146
2 148
2 157
2 161
2 162
2 165
2 166
2 172
2 178
2 189
2 197
2 327
2 336
2 350
2 351
2 356
3 39
3 46
3 47
3 49
3 52
3 56
3 72
3 73
3 91
3 92
3 96
3 98
3 104
3 106
3 112
3 117
3 118
3 120
3 121
3 125
3 128
3 130
3 154
3 160
3 163
3 165
3 169
3 176
4 8
4 12
4 13
4 17
4 18
4 34
4 43
4 53
4 57
4 59
4 64
4 68
4 93
4 106
4 110
4 111
4 116
4 120
4 129
4 133
4 139
4 156
5 9
5 13
5 14
5 16
5 21
5 26
5 28
5 34
5 38
5 39
5 58
5 69
5 73
5 74
5 76
5 77
5 84
5 91
7 16
7 18
7 20
7 23
7 26
7 34
7 46
7 49
7 63
7 66
7 67
7 80
7 83
7 84
7 105
7 109
7 118
7 128
7 150
7 151
7 154
7 162
9 5
9 6
9 15
9 17
9 27
9 33
9 42
9 50
9 55
9 71
9 93
9 98
9 101
9 107
9 110
9 112
9 113
9 116
9 118
9 127
9 130
9 134
9 136
9 142
10 10
10 15
10 35
10 38
10 40
10 41
10 57
10 60
10 64
10 68
12 39
12 51
12 75
12 130
12 138
12 139
12 144
12 146
12 149
12 157
12 159
12 167
12 171
13 1
13 6
13 7
13 12
13 34
13 37
13 42
13 53
13 54
13 70
16 13
16 27
16 36
16 38
16 39
16 49
16 179
16 191
16 195
16 197
16 200
16 228
16 233
16 237
16 240
16 377
16 384
16 391
16 402
16 404
16 406
16 412
17 10
17 15
17 24
17 35
17 42
17 48
17 55
17 60
17 63
17 65
17 68
17 71
17 74
17 75
17 85
17 87
17 88
17 95
17 96
17 99
17 102
17 110
17 112
18 17
18 26
18 27
18 36
20 7
20 10
20 20
21 2
21 69
21 71
21 73
21 76
21 83
21 94
21 103
21 122
21 129
22 61
22 69
22 72
22 90
22 91
22 92
22 97
22 105
22 108
22 110
22 119
22 121
22 127
22 134
22 136
22 138
22 271
22 296
22 302
22 303
22 311
22 317
22 320
22 322
22 324
22 326
22 332
22 337
22 342
22 343
22 347
22 348
23 18
23 21
23 24
23 25
23 32
23 43
23 44
23 52
23 77
23 80
23 85
23 86
23 95
23 98
23 100
28 10
29 1
29 16
29 21
29 23
29 156
29 157
29 163
29 167
30 18
30 21
30 35
31 114
31 121
31 122
31 126
31 130
31 158
32 9
34 100
34 116
34 122
34 125
34 131
34 132
35 3
35 21
35 36
35 41
35 49
35 55
35 60
35 62
35 65
35 68
35 94
35 95
35 100
35 104
35 105
35 141
35 197
35 202
35 206
35 212
36 14
36 15
36 16
36 31
36 33
36 45
36 46
36 54
36 57
36 69
36 76
36 97
37 56
37 101
37 104
37 107
37 110
37 112
37 125
37 127
37 136
37 142
37 149
37 153
37 155
37 156
37 159
37 166
40 5
40 11
40 16
40 19
40 27
40 31
40 35
40 36
40 49
40 60
40 67
40 73
40 78
40 82
40 87
40 88
40 94
40 95
40 104
40 107
40 108
40 112
40 114
40 122
40 132
40 133
40 138
40 139
40 143
40 144
40 146
40 152
41 2
43 14
43 18
43 21
43 31
43 42
44 2
44 3
44 13
45 11
46 7
46 17
47 5
47 11
47 14
47 20
47 22
47 36
47 37
47 40
47 41
47 77
47 79
47 84
47 86
47 87
47 88
47 97
47 102
47 105
47 111
47 113
47 131
47 134
47 135
47 140
47 145
47 148
47 152
47 172
47 173
47 179
47 184
47 190
47 234
47 242
48 7
49 1
49 24
49 35
49 40
49 45
49 57
49 66
50 1
50 7
50 22
50 23
50 24
51 5
51 13
51 16
51 25
51 27
51 31
51 39
51 45
51 52
51 53
51 74
51 77
51 97
52 2
52 5
52 18
52 19
52 20
52 21
52 25
52 28
53 79
53 109
53 110
53 112
53 113
53 120
53 128
53 134
53 140
53 146
53 148
53 149
53 154
53 155
53 166
53 167
53 180
53 181
53 183
53 186
53 199
53 201
53 202
53 203
53 207
53 208
53 210
54 4
54 6
54 12
54 16
56 2
56 6
56 8
56 10
56 12
56 24
56 33
56 35
56 54
56 58
56 67
56 77
56 84
56 92
56 100
56 114
56 117
56 123
56 136
56 137
56 141
56 143
57 12
57 15
57 18
57 19
57 20
57 24
57 26
57 32
58 16
58 17
58 23
58 31
59 9
59 11
59 12
59 14
60 4
60 10
60 11
60 12
60 13
60 23
60 32
60 73
61 4
62 125
62 137
62 141
62 142
62 150
62 154
62 155
62 162
62 164
62 170
62 177
64 19
64 20
64 26
64 27
64 33
64 35
64 38
65 13
65 15
65 20
65 21
65 22
65 26
65 28
65 40
65 44
65 49
65 51
65 60
65 61
65 72
65 79
65 81
65 84
65 101
65 108
65 118
66 3
66 6
66 7
66 13
66 21
66 23
66 29
66 31
66 32
66 34
67 22
69 2
69 3
69 11
69 14
69 26
69 49
69 52
69 53
69 59
69 66
69 72
69 80
69 84
69 214
69 215
69 221
69 224
69 228
69 235
69 304
69 314
71 13
71 20
71 22
71 24
72 15
72 36
72 40
72 45
72 47
72 48
72 49
72 57
72 61
72 65
72 69
72 72
72 152
72 295
72 298
72 301
72 304
72 305
72 308
72 309
72 325
72 347
72 355
72 372
72 406
72 409
72 414
72 416
72 426
72 433
72 436
72 439
72 441
72 442
72 448
72 449
72 451
72 468
72 469
73 6
73 20
73 22
73 32
73 52
73 82
73 90
73 94
74 2
75 4
75 6
75 7
75 8
75 9
75 12
75 14
76 9
76 20
76 23
76 24
76 50
76 51
76 55
76 57
76 69
76 73
76 79
77 1
77 19
77 21
81 6
81 7
81 10
81 12
81 15
81 27
81 34
81 48
81 52
81 55
81 59
81 64
81 66
81 69
82 5
82 6
82 16
82 24
82 28
82 51
82 59
82 71
83 45
83 48
83 51
83 52
83 68
83 69
83 72
83 73
83 77
83 79
83 85
83 111
83 112
84 1
86 2
86 3
86 5
86 23
86 64
87 2
87 5
87 11
87 13
87 21
87 22
87 27
87 28
87 33
87 43
87 51
87 108
87 137
87 138
87 150
87 157
87 158
87 159
87 160
87 161
87 173
87 181
87 182
87 188
88 13
88 15
88 25
88 40
88 49
88 54
88 59
88 67
88 74
88 76
88 92
88 97
88 107
88 125
88 136
88 142
88 149
88 164
88 176
91 4
91 5
91 10
91 17
91 24
91 26
92 6
92 7
92 8
92 10
92 11
92 37
92 41
93 2
93 6
93 12
93 15
93 17
93 24
93 28
93 38
93 45
93 47
93 51
93 53
93 56
93 58
93 60
93 61
93 65
93 68
93 69
93 75
93 76
93 141
93 142
93 145
93 166
93 168
93 169
94 9
94 11
94 15
94 23
94 25
94 26
94 27
94 36
94 37
94 38
94 44
95 35
95 52
95 58
95 75
95 77
95 83
95 85
95 86
95 94
97 32
97 33
97 36
97 38
97 39
97 51
97 52
97 70
97 84
97 87
97 90
97 114
97 117
97 199
97 202
97 207
97 208
97 214
97 234
97 238
97 272
97 274
98 14
98 37
98 39
98 55
98 56
98 70
98 72
98 74
98 86
98 93
98 103
98 110
99 18
99 25
99 27
99 28
99 30
99 31
99 33
99 34
99 39
99 49
99 62
99 66
99 69
99 73
99 75
99 90
99 92
99 95
99 101
99 108
99 114
99 118
99 119
