1 1
1 8
1 11
1 12
1 15
1 19
1 20
1 25
1 29
2 2
3 2
3 4
3 7
3 8
3 11
3 21
3 31
3 32
4 5
4 9
4 22
4 32
4 36
4 56
4 72
4 81
4 82
4 85
4 91
4 95
4 105
4 110
4 113
4 125
4 136
4 142
4 147
4 151
6 13
6 19
6 20
6 25
6 30
6 37
6 51
6 61
6 72
6 73
6 74
6 76
6 80
6 84
6 87
6 94
6 97
6 99
6 108
6 111
6 113
6 121
6 129
6 133
6 134
6 136
6 141
6 143
6 151
6 153
6 156
7 3
7 15
7 34
7 35
7 41
7 42
7 45
7 48
8 10
8 13
8 19
8 20
8 25
8 33
8 39
8 42
8 172
8 176
8 182
8 190
8 205
8 207
8 216
8 217
8 221
8 225
8 235
8 239
9 1
9 4
9 9
11 21
11 26
11 29
11 33
11 34
11 39
13 84
13 93
13 99
13 120
13 128
13 137
13 140
13 144
13 147
13 149
13 168
13 169
14 1
14 4
14 13
14 19
14 33
14 34
14 44
15 71
15 78
15 83
15 87
15 89
15 98
15 110
15 117
16 2
17 9
18 3
18 4
18 8
18 19
18 37
18 46
18 47
18 52
18 54
18 60
18 64
18 65
18 67
18 72
18 76
18 79
18 82
18 102
19 27
19 124
19 138
19 141
19 142
19 148
19 149
19 154
21 15
21 28
21 30
21 33
21 40
21 44
22 5
23 2
23 3
23 6
23 8
23 21
23 33
24 40
24 41
24 48
24 52
24 55
24 68
25 38
27 5
27 7
27 9
27 13
27 18
27 19
27 20
27 25
27 36
28 15
28 24
28 104
28 106
28 107
28 109
28 120
28 122
28 126
28 127
28 131
28 134
28 137
28 148
28 150
28 152
28 162
28 169
28 177
28 181
28 184
28 188
28 189
28 209
28 212
28 213
28 222
28 224
28 231
28 232
28 233
28 234
28 236
28 241
28 246
28 256
28 276
28 279
28 283
28 286
28 289
28 300
28 302
28 314
28 317
28 322
28 324
28 329
28 331
28 334
28 335
29 3
29 4
29 10
30 5
30 9
30 13
30 17
30 19
30 22
30 29
30 30
30 33
30 35
30 37
30 39
30 42
30 48
30 51
30 56
30 63
33 11
33 12
33 15
33 16
33 27
33 30
33 32
33 33
33 39
33 42
33 53
33 54
33 66
33 68
33 70
33 76
33 78
33 85
33 87
33 89
33 98
33 102
33 103
34 3
34 4
34 34
34 39
34 40
34 48
34 62
34 63
34 64
34 69
35 10
35 21
35 23
35 40
35 41
35 47
35 52
35 53
35 55
35 61
35 70
35 72
35 74
35 76
35 89
35 95
35 97
35 98
35 107
35 130
36 9
36 14
36 146
36 154
36 159
36 164
36 165
36 179
36 185
36 187
36 190
36 194
36 211
36 212
36 225
36 228
36 233
37 14
37 18
38 6
38 13
38 15
38 28
38 35
38 42
38 43
38 58
38 65
38 66
38 67
38 79
38 82
38 83
39 15
39 16
39 19
39 29
39 33
39 48
39 52
39 72
39 74
39 77
40 4
40 6
40 15
40 24
40 27
40 50
40 58
40 59
40 63
40 70
41 12
41 16
42 13
42 14
43 2
43 3
43 6
43 12
43 15
43 18
44 33
44 38
44 39
44 47
44 56
44 67
44 76
46 2
46 3
46 6
46 14
46 19
46 23
46 27
46 33
46 51
46 56
46 58
46 72
46 84
46 88
46 91
46 95
46 98
49 61
49 63
49 66
49 68
51 16
52 16
52 17
52 31
52 48
52 107
53 13
53 23
53 24
53 34
53 42
54 22
54 27
54 31
55 110
55 111
55 113
55 116
55 118
55 120
55 122
55 191
55 193
55 196
55 197
56 10
56 19
56 33
56 35
56 37
56 39
56 47
56 65
56 66
56 71
56 73
56 74
57 1
57 6
57 12
58 84
58 86
58 95
58 98
58 119
58 120
58 124
58 128
59 6
59 9
59 14
59 17
59 22
59 23
59 29
59 34
59 39
60 1
60 22
60 29
60 30
60 34
60 38
60 43
60 52
60 70
60 76
60 77
60 79
60 82
61 8
61 12
61 16
61 17
61 25
61 38
61 40
61 41
61 54
61 55
61 57
61 60
63 14
63 17
65 37
65 42
65 58
68 10
68 12
68 14
68 17
68 22
68 24
70 54
70 55
70 69
70 71
70 73
70 76
70 77
71 3
71 4
71 28
71 37
71 46
71 49
71 57
71 59
71 64
74 46
74 53
74 54
74 57
74 68
74 78
74 82
74 85
74 94
75 9
75 13
75 14
75 21
75 22
75 24
75 27
76 10
76 15
76 16
76 21
76 22
76 24
76 27
76 29
76 33
76 34
76 36
76 37
76 42
76 45
76 46
76 47
76 48
76 63
76 68
76 70
76 75
76 82
76 86
76 90
76 99
76 104
76 113
76 120
76 122
76 123
76 128
76 135
76 137
76 155
76 162
77 20
77 26
77 33
77 49
77 76
77 211
78 1
78 6
78 21
78 24
79 18
79 21
79 28
79 32
79 38
79 43
79 45
79 47
79 53
79 54
80 3
80 6
80 10
80 18
80 20
80 39
80 45
80 46
80 50
80 51
80 59
80 65
80 68
80 70
80 71
80 82
80 117
80 118
80 120
80 122
80 130
80 135
80 136
80 142
80 193
80 195
80 196
80 208
80 209
80 218
80 224
80 230
80 246
80 253
82 21
82 23
82 31
82 35
82 43
82 44
83 4
83 6
83 9
83 10
83 13
83 22
83 37
83 46
83 52
83 56
85 55
85 64
85 82
85 88
85 95
85 97
86 1
86 2
86 3
86 12
87 15
87 17
87 21
87 24
87 28
87 32
87 36
87 37
87 46
87 48
87 50
87 52
87 58
87 59
87 60
87 73
87 77
87 79
87 86
87 102
87 105
87 110
87 112
87 115
87 126
87 128
87 137
87 149
88 2
88 3
88 5
88 14
89 3
89 13
89 14
89 18
90 17
90 18
90 36
90 38
90 40
90 42
90 45
90 58
90 63
91 47
92 1
92 20
92 23
92 25
93 1
93 20
95 14
95 16
95 19
95 23
95 35
95 40
95 44
95 49
95 94
95 113
95 115
95 116
95 118
96 4
96 12
97 8
98 4
98 7
98 16
98 20
100 29
100 39
100 42
100 49
100 51
100 55
100 65
100 68
100 72
100 88
100 99
100 102
100 115
100 117
100 121
100 123
100 125
100 129
100 134
101 1
101 8
101 10
101 13
101 19
101 23
101 25
101 28
101 39
101 64
101 69
101 117
101 119
101 122
101 137
101 140
101 141
101 143
101 151
101 153
102 41
102 42
102 47
102 49
102 59
103 2
103 5
103 12
103 18
103 19
103 26
103 31
103 33
104 1
105 7
105 9
105 14
105 16
105 19
105 21
105 33
105 35
105 40
106 3
106 5
106 12
106 21
106 30
106 31
106 37
106 39
106 41
106 45
106 56
106 63
106 69
106 70
107 1
107 6
107 7
107 9
107 10
107 12
107 19
107 35
107 37
107 41
107 42
107 51
107 52
107 54
107 55
107 184
107 191
107 202
108 3
108 9
108 13
108 16
108 17
108 18
108 39
108 43
108 45
108 62
108 83
108 88
108 90
108 98
108 105
108 106
108 108
109 1
109 2
109 4
109 87
109 90
109 92
109 94
109 97
109 99
109 101
109 105
109 111
109 112
109 113
109 119
109 128
109 129
109 132
110 57
110 60
110 65
110 67
110 79
110 80
110 153
110 158
110 166
110 169
110 230
110 241
110 243
110 250
110 254
111 2
112 6
112 40
112 51
112 53
112 60
112 65
112 100
112 101
112 106
112 117
112 118
113 3
113 5
113 10
113 15
115 76
115 90
115 94
116 1
116 8
116 9
116 14
116 28
116 39
116 40
117 1
117 8
117 10
118 10
118 17
118 26
118 31
118 38
118 43
118 49
118 53
118 63
118 64
118 193
118 194
118 200
118 201
118 202
118 205
118 206
118 207
118 215
118 230
118 232
118 237
118 244
119 2
119 6
119 13
119 15
119 19
119 22
119 39
119 60
