2 1
2 16
2 25
2 30
2 34
2 36
3 7
4 6
4 7
4 9
4 12
4 30
5 1
5 5
5 9
7 5
7 8
7 10
7 14
7 28
7 29
7 36
7 38
7 39
7 41
7 44
7 45
7 52
7 56
7 57
7 61
7 66
7 74
7 80
7 89
7 94
7 98
7 100
7 102
7 112
7 114
7 122
7 125
7 129
7 134
7 137
7 150
7 151
7 156
7 159
7 165
7 166
7 179
8 3
8 4
8 13
8 20
10 52
10 55
12 75
12 80
12 85
12 87
12 90
12 91
12 96
13 81
13 83
13 91
13 96
13 100
13 110
13 114
13 120
13 127
13 130
13 131
13 134
13 160
13 170
13 189
13 192
13 195
13 197
13 199
13 213
13 219
13 249
13 251
13 258
13 259
13 283
15 18
15 19
15 25
15 32
16 38
16 39
16 43
16 46
16 48
16 65
16 73
16 80
16 82
16 87
21 121
24 2
24 3
24 11
24 13
24 18
24 21
24 31
24 32
24 36
24 48
24 72
24 73
24 75
24 79
24 81
24 83
24 84
24 85
24 86
24 90
24 94
24 95
24 96
24 97
24 99
24 107
24 116
24 118
24 122
24 124
24 135
24 144
24 150
24 159
24 162
24 164
24 165
24 166
24 168
24 173
24 176
24 180
24 181
24 189
24 190
24 193
24 195
24 197
24 200
24 201
24 204
24 225
24 226
24 227
24 235
24 243
26 2
26 5
26 6
26 10
26 11
26 18
26 20
26 25
26 33
26 35
26 41
26 43
26 44
26 46
26 58
26 64
26 65
26 75
26 83
26 88
26 97
26 103
26 108
26 116
26 136
26 137
26 142
26 148
26 155
26 161
26 163
26 169
26 176
26 181
26 184
26 185
26 186
26 193
26 195
26 198
26 205
26 208
26 215
26 222
26 223
26 233
26 236
26 240
26 331
26 335
26 339
26 352
26 353
26 360
26 364
26 371
26 373
26 379
26 381
26 392
26 395
26 397
26 399
26 402
28 58
28 61
28 66
28 70
29 6
29 38
29 39
29 55
29 86
29 104
29 168
29 175
29 176
29 227
29 229
29 230
29 232
29 241
29 247
29 254
29 260
29 263
29 273
29 278
29 279
29 280
29 281
29 284
30 1
30 7
30 12
30 15
30 23
30 28
31 5
31 92
31 94
31 109
31 118
31 121
31 124
31 132
31 134
31 161
32 22
32 26
32 28
32 33
32 35
32 52
32 56
33 35
33 41
33 42
33 46
33 50
33 52
33 54
33 56
33 62
33 71
34 1
34 6
34 15
34 18
34 21
34 24
34 25
34 36
34 47
34 53
34 60
34 84
35 6
35 11
35 14
35 23
35 41
35 43
35 45
35 49
35 175
35 178
35 181
35 185
35 186
35 187
35 190
35 197
35 204
35 206
35 207
35 216
35 231
35 236
35 244
35 266
35 268
37 17
38 8
38 9
38 13
38 25
38 32
38 47
38 51
38 64
38 79
38 82
39 130
39 131
39 136
39 228
39 231
39 277
39 295
39 299
39 314
39 315
39 328
39 333
39 339
39 347
39 348
39 351
39 356
39 359
39 360
39 361
39 369
39 410
39 412
39 423
40 3
40 4
40 13
40 19
40 21
40 28
40 29
40 31
43 19
43 20
43 28
43 53
43 54
43 56
44 1
44 2
44 13
44 20
44 77
44 79
44 87
44 88
44 95
44 111
44 122
44 130
44 132
44 139
44 163
44 168
44 169
44 179
44 193
44 194
44 196
44 197
44 198
44 205
44 210
44 213
44 218
44 219
44 224
44 228
44 229
45 9
45 60
45 63
45 65
45 81
45 90
45 99
45 104
45 109
45 111
45 119
45 122
45 134
46 1
46 4
46 23
46 24
46 26
46 30
46 37
48 36
48 40
48 45
48 47
48 55
48 56
48 65
48 67
48 69
48 72
48 80
48 81
48 83
48 96
48 103
52 3
53 11
53 19
53 25
53 29
54 6
54 13
54 23
54 26
54 27
54 29
54 34
54 35
54 39
54 40
54 43
54 47
54 48
54 53
54 63
54 64
54 66
54 72
54 90
54 94
54 98
54 116
54 132
54 134
54 147
54 149
54 151
54 156
54 158
54 161
54 168
54 170
54 171
54 179
54 181
55 48
55 51
55 64
55 69
55 73
55 78
55 83
55 100
55 113
55 116
55 117
55 125
55 131
55 135
55 136
55 138
56 1
56 6
56 10
56 15
56 16
56 18
56 25
57 1
57 43
57 52
57 53
57 55
57 91
57 94
57 96
57 97
57 101
57 103
57 119
57 120
57 129
57 141
57 144
57 145
57 152
57 155
57 166
57 168
57 197
57 198
57 201
57 202
57 205
57 214
57 218
57 221
57 222
57 232
57 233
57 238
57 240
57 246
58 52
58 53
58 60
58 65
58 68
58 77
58 81
58 184
58 190
58 203
58 222
58 226
58 228
58 230
58 236
58 247
58 257
58 258
58 267
58 271
58 281
58 282
58 285
58 294
58 308
58 310
58 313
58 444
58 448
58 451
58 458
58 463
58 473
58 474
59 145
59 160
59 161
59 163
59 165
59 172
59 189
59 202
59 209
59 212
59 216
59 219
59 253
59 254
59 260
59 261
59 265
60 1
60 2
60 4
60 5
60 8
60 9
60 11
60 13
60 22
60 31
60 44
60 55
60 66
60 67
60 85
60 88
60 89
61 1
61 4
61 6
61 7
61 11
61 14
61 19
61 21
61 25
61 27
61 39
61 42
61 53
61 58
61 61
61 63
61 65
61 66
61 70
62 1
62 9
62 13
62 15
62 18
62 22
64 21
64 27
64 31
64 32
65 8
65 19
65 22
65 30
65 35
65 47
65 48
65 50
65 52
65 54
65 84
65 86
67 9
67 13
67 15
67 104
67 107
67 110
68 14
68 158
68 165
69 39
69 43
69 46
69 48
69 55
70 3
71 4
71 10
72 33
72 40
72 55
72 58
74 2
74 3
74 6
74 13
74 19
74 30
74 38
74 45
74 47
74 50
74 56
74 57
74 85
74 87
74 88
74 96
74 102
74 108
74 111
74 121
74 134
74 136
74 137
74 142
74 152
76 11
76 31
76 42
76 46
76 53
76 55
78 54
78 56
78 65
78 67
78 70
78 77
78 90
78 91
78 92
78 93
78 95
78 97
78 100
78 105
78 128
78 129
78 133
78 136
78 137
78 147
78 149
78 155
78 176
78 184
78 186
78 190
78 192
78 201
78 205
78 206
78 209
78 212
78 228
78 235
78 236
78 241
78 372
79 1
79 3
79 7
79 17
79 22
79 25
79 34
79 36
79 59
79 62
79 67
79 69
79 70
79 82
81 5
81 13
81 24
81 33
81 37
81 50
81 60
81 71
81 72
81 75
81 76
82 2
82 12
82 16
82 19
82 27
82 28
82 30
82 31
82 46
82 62
82 65
82 80
82 93
82 107
82 110
82 122
82 124
82 125
82 135
82 140
82 143
82 145
82 151
82 159
82 163
82 164
83 5
83 17
83 32
83 38
83 40
83 44
83 52
83 53
83 57
83 69
83 72
83 78
83 87
83 88
83 91
83 106
83 111
84 1
84 2
84 13
84 19
84 20
84 23
84 28
84 37
84 55
85 15
85 21
85 26
85 28
85 43
86 1
86 4
86 36
86 51
86 61
86 64
86 66
86 70
86 71
86 99
86 114
86 128
86 129
87 76
87 84
87 86
87 98
87 104
87 106
87 114
87 116
87 120
88 9
89 14
89 15
89 38
89 87
89 91
89 93
89 101
90 8
90 17
90 29
90 45
90 47
90 53
90 65
90 66
90 69
90 84
90 88
90 89
90 101
91 6
91 8
91 9
91 11
92 8
92 12
92 14
92 19
92 38
92 45
92 50
92 51
92 58
92 60
92 71
92 72
92 76
92 81
92 85
92 89
92 93
93 78
93 79
93 83
93 88
93 89
93 96
94 4
94 7
94 8
94 9
94 10
94 26
94 27
94 40
94 46
94 64
94 67
