1 10
1 20
1 30
1 37
1 42
1 46
1 47
1 51
1 54
1 56
1 64
1 65
1 66
1 68
1 77
1 79
1 81
1 87
1 88
1 106
1 112
1 120
1 132
1 136
1 138
1 139
1 141
1 144
1 147
1 151
1 174
1 176
1 180
1 184
1 197
1 203
1 207
1 213
1 214
1 218
1 224
2 12
3 13
3 17
4 1
4 4
4 5
4 10
4 14
4 18
4 24
4 25
6 12
6 16
6 149
6 158
6 164
6 166
6 176
6 178
6 195
6 206
6 207
6 276
6 278
6 281
6 287
6 309
6 321
6 327
6 328
6 333
6 334
6 337
6 342
9 55
9 57
9 61
9 65
9 67
9 71
10 2
10 9
10 13
10 17
10 21
10 41
12 13
12 24
12 28
12 29
12 37
12 41
12 42
12 47
12 53
13 9
13 17
13 29
14 20
14 29
14 39
14 44
14 45
14 52
14 53
14 63
14 64
14 69
14 77
16 3
16 4
16 10
16 14
16 16
16 19
16 22
16 28
16 29
16 32
16 34
16 43
16 45
16 57
16 58
16 62
16 66
16 76
16 78
16 87
16 137
16 148
16 154
16 166
16 186
16 188
16 190
16 191
16 200
16 202
16 208
16 212
16 221
17 5
17 6
17 7
17 8
17 9
17 10
17 23
17 26
17 28
17 30
17 31
17 41
17 43
17 60
17 63
17 86
17 95
17 103
18 7
18 11
18 14
18 18
18 22
18 23
18 60
18 75
18 77
18 81
18 84
18 86
18 87
18 90
18 121
18 127
18 131
18 177
18 231
18 233
19 2
19 6
19 15
19 19
20 1
20 9
20 16
20 17
20 31
20 45
20 50
20 53
20 184
20 193
20 194
20 197
20 203
20 209
20 212
20 220
20 248
20 262
20 264
20 268
20 331
20 332
20 336
20 337
20 466
20 469
20 471
20 478
20 487
20 494
20 506
20 515
20 516
20 524
20 622
20 631
20 633
20 644
20 648
20 654
20 657
20 670
20 672
20 677
20 684
20 686
21 12
21 15
21 16
22 1
22 9
22 11
22 22
22 31
22 35
22 114
22 123
22 126
22 133
22 145
22 161
22 177
22 194
22 195
22 202
22 205
22 206
22 209
22 212
22 220
22 222
22 230
22 238
22 242
22 252
22 254
22 258
22 259
22 263
22 271
22 272
22 273
22 277
22 278
22 283
22 287
22 288
22 301
22 313
22 316
22 322
22 334
22 345
22 357
22 366
22 368
22 375
23 5
23 21
23 29
23 32
23 33
23 48
23 62
23 79
23 81
23 93
23 95
23 98
23 100
23 103
23 110
23 111
23 116
23 117
23 122
23 125
23 127
23 134
23 189
23 190
23 192
23 215
23 220
23 221
24 2
24 7
24 8
24 12
25 4
25 7
25 8
25 13
25 18
25 28
26 23
26 31
26 33
26 40
26 60
26 61
26 85
26 92
26 141
26 144
26 145
26 148
26 162
26 164
26 166
26 173
26 176
26 179
26 182
26 183
26 190
26 194
26 195
26 198
26 206
26 208
26 222
26 241
26 244
26 256
26 258
30 12
30 14
31 4
32 49
32 52
32 53
32 56
32 65
32 66
32 69
32 71
32 75
32 84
34 55
34 67
34 71
34 72
34 73
34 76
34 78
34 97
34 105
34 114
34 117
34 120
34 129
34 133
34 135
34 142
34 147
34 279
34 288
34 292
34 299
34 303
34 305
34 384
34 390
34 391
34 394
34 401
34 402
35 13
35 16
35 19
35 25
35 39
35 47
35 49
35 51
35 54
35 63
35 78
35 80
35 197
35 211
35 221
35 223
35 225
35 230
35 231
35 232
35 235
35 238
35 240
35 241
35 243
35 244
35 245
35 247
35 261
35 283
35 287
35 292
36 51
36 55
36 58
36 61
36 68
36 72
36 81
36 87
36 88
36 92
36 93
36 104
36 105
36 119
36 122
36 123
36 131
36 237
36 251
36 252
36 254
36 255
36 262
36 272
36 282
36 290
36 295
36 300
36 306
36 308
36 309
36 315
37 18
37 24
37 30
38 10
38 11
38 12
38 27
38 28
38 33
38 50
38 56
38 66
38 81
38 88
40 8
40 10
40 19
40 22
40 24
40 27
40 29
40 32
40 46
40 47
40 56
40 60
40 65
40 66
40 106
40 109
40 149
41 4
41 6
41 20
41 21
41 24
42 4
42 6
42 10
42 20
42 24
42 26
43 2
44 13
44 14
44 17
44 21
44 23
44 27
44 31
44 34
46 27
46 37
46 41
46 45
46 46
46 53
46 65
46 66
46 78
47 2
47 4
47 6
47 7
47 9
47 18
47 31
47 34
47 46
47 48
47 60
48 15
48 25
49 3
50 48
50 52
50 55
50 56
50 63
50 70
50 72
50 74
50 77
50 88
52 14
52 23
52 29
52 55
52 58
52 59
52 63
52 66
52 72
53 16
54 13
56 38
56 45
56 52
56 56
56 66
56 80
56 83
56 92
56 96
56 106
56 114
56 117
57 16
57 21
57 26
57 40
57 57
57 58
57 59
57 65
57 68
57 95
57 106
57 112
57 124
57 125
57 127
57 130
57 148
58 12
58 14
58 15
58 37
58 39
58 40
58 46
58 47
58 54
58 60
58 68
58 71
58 78
58 83
60 97
60 105
60 107
60 110
60 111
60 112
60 113
60 116
61 7
61 12
61 13
61 36
61 42
61 44
61 46
62 9
62 10
62 37
62 46
64 43
64 45
64 51
64 53
64 54
64 56
64 63
64 65
64 80
64 87
65 78
65 79
65 81
65 85
65 90
65 95
65 99
65 100
65 103
65 108
65 119
65 206
65 223
65 227
65 232
66 12
66 25
66 33
66 34
66 170
66 174
66 178
66 181
66 187
66 190
66 201
66 204
67 1
67 13
67 14
67 15
67 18
67 21
67 28
67 29
67 38
69 1
69 15
69 17
69 27
70 29
70 36
70 40
70 45
70 53
70 54
70 55
70 60
70 61
70 72
70 73
70 79
70 93
70 95
70 99
70 104
70 131
71 3
71 5
71 6
71 10
71 11
71 20
71 27
71 37
71 42
71 47
71 52
72 16
72 24
72 38
72 40
72 56
72 63
72 64
72 66
72 71
72 74
72 87
72 101
73 1
73 5
73 8
73 23
73 25
74 1
74 3
74 7
74 17
74 22
74 23
74 50
74 53
74 54
74 69
74 71
74 72
74 74
74 86
74 87
75 2
75 6
75 10
75 12
75 13
75 16
75 19
75 20
75 22
75 44
75 54
75 56
75 59
75 61
75 68
75 199
75 210
75 231
75 238
75 244
75 255
75 258
75 266
75 279
75 286
75 288
75 305
75 307
75 310
75 315
75 320
77 40
77 42
77 46
77 48
77 49
77 72
77 74
77 76
77 77
77 81
77 85
77 86
77 100
77 114
77 118
77 126
77 129
77 137
77 138
77 149
77 154
77 161
77 163
78 9
78 10
78 14
78 24
80 67
80 68
80 80
80 82
80 84
80 88
80 90
80 92
80 98
80 100
80 101
80 109
80 110
80 113
80 118
80 125
80 128
81 1
82 10
82 36
82 38
82 45
82 58
82 60
82 66
82 76
82 114
82 120
82 122
82 127
82 131
82 148
82 154
82 157
82 159
82 160
82 166
84 16
84 23
84 38
84 40
84 48
84 59
84 60
87 45
88 4
88 6
88 19
88 23
88 31
88 32
88 49
88 50
88 55
89 136
89 138
89 153
89 158
89 163
89 166
89 168
89 170
89 171
89 173
89 185
89 237
89 242
89 255
89 257
89 259
89 268
89 271
89 274
89 275
89 277
89 283
89 288
89 289
89 291
89 293
90 25
90 27
90 30
93 65
