1 3
1 8
1 13
3 102
3 115
3 116
3 118
3 126
4 1
4 2
4 10
4 12
4 14
4 16
4 25
4 28
4 40
4 44
4 52
4 53
4 54
6 4
6 15
6 20
6 24
6 29
6 33
6 36
6 43
6 46
7 20
7 25
7 31
7 33
7 37
7 44
7 48
7 50
7 142
7 155
7 164
7 165
7 169
7 172
7 175
7 177
7 179
7 187
7 205
7 212
7 214
7 216
7 220
7 230
7 231
7 239
7 249
7 253
7 264
7 269
7 293
7 300
7 308
7 310
7 312
7 316
8 1
8 5
8 6
8 7
8 20
8 29
8 40
8 54
8 66
9 1
9 2
9 3
9 4
9 10
9 13
9 21
9 27
10 8
10 9
10 15
10 20
10 26
10 34
12 93
12 107
12 120
12 122
12 128
12 131
12 137
12 140
12 151
12 154
12 160
12 182
12 186
13 3
13 7
13 8
14 1
14 5
14 7
14 25
14 30
15 1
15 3
15 17
15 23
15 28
15 31
15 45
15 46
16 2
16 54
16 57
16 59
16 64
16 73
16 81
16 86
16 91
16 98
16 99
16 102
16 103
16 108
16 109
16 110
16 123
16 127
16 132
16 143
16 155
16 165
16 169
16 171
16 184
16 196
17 29
19 78
19 79
19 88
19 102
19 243
19 244
19 258
19 273
19 277
19 284
19 285
19 291
19 294
19 295
19 298
19 317
19 325
19 333
19 338
19 339
19 369
19 370
19 381
22 23
23 2
23 4
23 13
23 24
23 25
23 45
23 56
23 61
23 65
23 79
23 80
23 81
23 84
23 88
23 103
23 104
23 106
23 111
23 113
24 11
24 43
24 51
27 104
28 6
28 12
28 13
28 15
28 44
28 60
28 62
28 73
28 76
28 81
28 82
28 86
28 90
28 114
28 121
28 123
28 124
28 137
28 139
28 140
28 146
28 147
28 149
28 157
28 160
28 162
28 184
28 189
30 2
30 3
30 7
30 11
31 10
31 19
31 21
31 23
31 32
31 33
31 38
31 45
31 46
32 15
32 16
32 22
32 23
32 26
32 27
32 29
32 38
32 39
32 43
32 48
32 49
32 55
32 56
32 63
32 76
32 78
32 81
32 95
32 98
33 1
33 6
34 1
34 3
34 13
34 18
34 24
34 33
34 38
34 60
34 69
34 75
34 109
34 111
34 113
34 115
34 128
34 227
34 231
34 366
34 371
35 3
35 5
35 12
35 13
35 16
35 19
35 28
35 39
35 42
35 46
35 64
35 66
35 68
35 69
35 72
35 78
35 80
35 165
35 167
36 1
36 9
36 11
36 14
36 15
36 21
36 23
36 29
36 65
36 67
36 76
36 78
36 83
36 84
36 91
36 140
36 142
36 144
37 99
37 105
37 124
37 145
37 166
37 173
37 176
37 186
37 201
38 1
40 53
41 4
41 6
41 7
41 11
41 12
42 8
42 13
42 21
42 28
42 32
42 39
42 55
42 56
42 59
42 68
42 71
42 72
42 80
43 5
43 8
43 17
43 26
43 27
43 57
43 60
43 61
43 62
43 66
43 68
43 75
43 77
43 82
43 83
43 97
43 100
43 106
43 108
45 15
45 32
45 38
45 43
45 45
45 53
45 54
45 63
45 73
45 79
45 84
45 96
45 105
46 68
46 71
46 77
46 83
46 88
46 94
46 97
46 99
47 1
47 2
47 12
47 15
47 17
47 22
47 27
47 29
47 35
47 37
47 39
47 50
47 52
47 56
47 57
47 65
47 73
48 1
48 14
48 19
48 20
48 25
48 26
48 32
49 1
49 2
49 5
49 41
49 42
50 9
50 15
51 12
52 6
52 7
52 31
52 33
52 45
52 50
52 56
52 57
52 72
52 77
52 79
52 85
52 89
52 96
52 114
52 118
52 132
52 137
53 20
53 36
53 37
55 5
55 10
55 12
55 13
55 15
55 23
55 27
55 33
55 40
55 50
55 56
55 58
55 59
55 61
55 66
55 72
55 80
55 86
55 109
55 125
55 126
56 6
56 7
56 137
56 138
56 140
56 141
56 193
56 194
57 51
61 65
61 68
61 69
61 70
61 77
61 79
61 80
61 81
61 88
61 97
61 99
61 233
61 235
61 244
61 251
61 262
61 265
61 276
61 279
61 281
61 282
61 283
61 307
61 310
61 324
61 327
61 335
61 336
61 363
61 368
61 369
61 374
61 383
61 387
61 401
61 407
61 418
61 422
61 430
61 441
61 443
61 457
61 458
62 27
62 34
62 37
62 39
62 47
62 49
62 50
62 65
62 73
62 74
62 85
62 97
63 6
63 28
63 34
63 41
64 1
64 3
64 9
64 12
64 15
65 2
65 13
65 19
65 21
65 22
65 30
65 32
66 63
66 64
66 65
66 66
66 163
66 164
66 173
66 175
66 176
66 179
66 181
72 8
72 9
72 15
72 26
72 35
72 39
72 41
72 42
72 45
72 47
72 51
72 52
72 55
72 70
72 75
72 83
72 85
72 89
72 118
72 123
72 127
72 131
72 151
72 152
72 155
72 156
72 159
73 11
73 18
73 109
73 110
73 111
73 120
75 18
75 21
75 25
75 26
75 27
75 28
75 29
75 30
75 34
75 39
75 99
75 106
75 109
75 112
75 127
75 130
75 133
75 141
75 142
75 153
75 155
75 161
76 31
76 46
76 61
76 62
76 64
76 66
76 67
76 68
76 71
76 81
76 101
76 106
76 115
76 116
76 119
76 128
76 145
76 157
76 162
76 170
76 172
76 174
78 3
78 25
78 29
78 36
78 40
78 47
78 51
78 61
78 66
79 10
79 11
80 7
80 15
80 16
80 23
80 31
80 38
80 42
80 44
82 37
82 39
82 70
82 86
82 88
82 89
82 91
82 99
82 197
82 201
82 204
82 216
82 230
82 240
83 4
83 5
83 18
83 31
84 11
84 39
84 41
84 44
84 179
84 191
86 38
86 40
86 51
86 52
86 60
86 63
86 95
86 105
86 108
86 113
86 115
86 121
86 122
86 125
86 131
86 138
86 174
86 197
89 6
90 93
90 95
90 97
90 105
90 111
90 115
90 126
91 5
91 17
91 21
91 26
91 32
91 33
91 63
91 64
91 88
93 2
93 3
93 4
93 7
93 13
93 17
93 19
93 25
93 29
93 31
93 59
93 60
93 73
93 80
93 122
93 140
93 142
93 145
93 149
93 164
93 171
93 180
93 192
93 195
93 206
93 207
93 211
93 213
93 216
93 224
93 225
93 233
93 242
93 243
93 265
93 275
93 276
93 278
93 280
93 285
94 2
94 3
94 10
94 14
94 24
95 1
95 6
96 3
97 2
97 5
97 12
97 43
97 46
97 47
97 50
97 51
98 5
98 7
98 13
98 22
98 24
98 34
98 35
98 39
98 54
98 74
98 79
98 88
100 50
100 54
100 58
100 64
100 66
100 73
100 75
100 76
100 80
100 84
100 85
100 87
100 92
100 99
100 110
100 112
100 123
100 129
100 136
100 142
101 3
103 75
103 80
103 86
103 91
103 94
103 97
103 120
103 121
103 131
103 135
103 145
103 149
103 154
103 156
103 158
103 161
103 163
103 167
103 177
103 182
103 185
103 191
103 198
103 241
104 35
