1 5
2 1
2 5
2 6
2 8
2 24
2 39
2 44
2 55
3 13
3 17
3 20
3 23
3 24
3 25
3 33
3 34
3 35
3 37
3 44
3 45
3 48
3 49
3 51
3 62
3 63
3 69
3 71
3 73
3 74
3 79
3 94
3 97
3 103
3 120
3 122
3 123
3 126
4 10
4 15
4 17
4 20
4 24
4 28
4 33
4 40
4 45
4 56
4 58
4 59
4 71
4 73
4 77
4 90
4 99
4 101
4 103
4 104
4 112
4 116
4 134
4 142
4 144
4 151
4 154
4 161
4 167
4 170
4 171
4 184
4 191
5 5
5 8
5 15
5 33
5 36
5 39
5 46
5 51
5 53
5 69
5 70
5 79
5 81
5 84
5 86
5 90
5 92
5 100
5 101
5 102
5 109
5 116
5 118
5 250
5 251
5 254
5 256
5 260
5 261
5 272
5 275
5 279
5 283
5 285
5 293
5 294
5 297
5 303
5 304
5 308
5 309
5 313
5 321
5 341
5 349
5 356
5 358
5 362
5 405
5 407
5 414
5 422
5 431
5 433
5 439
5 443
5 461
5 467
5 471
5 484
5 486
5 488
5 494
5 514
5 528
6 3
6 5
6 6
6 16
6 24
6 26
6 29
7 78
7 93
7 99
7 101
7 102
7 114
7 120
7 129
7 142
7 146
7 155
7 156
7 159
7 164
7 165
7 168
7 173
7 177
7 180
7 181
7 185
7 186
7 187
10 10
10 17
10 19
10 21
10 22
10 31
10 34
10 36
10 40
10 41
10 47
10 53
10 59
10 67
10 81
11 1
11 4
11 10
11 11
11 21
11 28
11 30
11 38
11 41
11 56
11 60
11 67
11 73
11 79
11 83
12 12
12 21
12 22
12 23
12 30
12 31
12 38
12 39
12 49
12 50
12 56
12 58
12 61
12 65
12 71
12 72
12 74
12 81
12 89
12 91
12 105
12 109
12 122
12 124
12 129
12 133
12 143
12 150
13 7
13 9
13 15
13 20
13 22
13 35
14 1
14 2
14 9
14 21
15 39
15 41
15 48
15 52
16 1
16 5
16 10
16 11
16 12
16 15
16 19
16 24
16 36
16 37
16 39
16 42
16 53
16 54
16 60
16 61
16 71
16 88
16 93
16 95
16 98
16 115
17 17
17 19
17 21
17 28
21 48
21 54
21 63
21 72
21 77
21 82
21 117
21 118
21 124
21 145
21 152
22 1
22 4
22 13
22 17
23 10
25 37
25 39
26 1
27 2
27 13
27 20
27 21
27 32
27 37
28 9
28 37
28 38
28 39
28 56
31 66
31 68
31 77
31 78
31 88
31 95
31 103
31 134
31 136
31 142
31 151
31 164
31 184
31 185
32 3
33 9
34 12
34 14
34 23
35 2
35 17
35 24
35 25
35 39
35 61
35 62
35 68
35 71
35 76
35 77
35 84
35 89
35 95
36 26
36 37
36 38
36 47
36 50
36 51
36 54
36 56
36 64
36 77
36 126
36 128
36 135
36 137
36 141
36 142
36 145
36 161
36 165
37 110
37 173
37 178
37 180
37 183
37 187
37 188
37 194
37 196
37 203
37 204
37 208
37 246
37 252
37 259
37 263
37 264
37 271
37 272
37 273
37 282
37 291
37 292
37 293
37 305
37 320
37 321
37 329
37 331
37 332
37 335
37 351
37 354
37 368
38 2
38 7
38 8
39 4
39 7
39 10
39 29
41 53
42 3
42 4
42 8
43 22
43 24
43 27
43 31
43 33
43 35
43 41
43 46
43 51
43 61
43 71
43 77
43 82
44 4
44 5
44 13
44 15
44 41
44 42
44 46
44 52
44 54
44 60
45 105
45 120
45 121
45 127
45 135
45 154
45 157
45 161
46 2
46 5
46 14
46 17
46 18
46 20
46 29
46 32
46 35
46 36
46 38
46 39
46 52
46 57
46 72
46 80
46 90
47 6
47 11
47 12
47 18
47 19
47 23
47 25
47 32
47 46
47 52
47 60
47 61
47 67
47 68
47 76
47 80
47 83
47 86
47 98
47 101
47 104
47 107
47 108
47 110
47 115
47 117
47 125
47 136
47 144
47 167
47 168
47 171
47 177
47 182
47 187
47 201
47 202
49 15
49 45
49 107
49 116
49 117
49 119
49 120
49 122
49 141
49 148
49 189
49 193
49 197
49 201
49 203
49 240
49 250
50 16
50 20
51 7
51 12
51 16
52 1
52 2
52 8
52 16
52 25
52 26
52 45
52 50
52 140
52 142
52 144
52 147
52 155
52 156
52 162
52 165
52 187
52 189
52 195
52 199
52 201
52 208
52 217
52 221
53 1
53 6
53 23
53 25
53 27
53 33
53 38
53 48
54 2
54 5
54 15
54 22
54 27
54 33
54 41
54 45
55 1
55 8
55 21
55 27
55 40
55 44
55 64
55 65
55 69
55 83
55 84
55 85
55 88
58 40
59 24
59 36
59 62
59 63
59 64
59 66
59 74
60 10
60 13
60 26
60 27
60 37
60 47
60 56
63 2
63 48
63 57
63 73
63 86
63 90
65 4
65 8
65 11
65 19
65 23
65 32
65 35
65 38
66 2
67 1
67 6
68 96
68 103
68 107
68 109
68 117
68 120
68 121
68 123
68 130
68 136
68 145
68 150
68 151
68 156
68 159
68 179
68 180
68 198
68 204
68 211
68 212
68 221
68 222
68 225
68 227
68 233
68 235
68 238
68 244
68 254
68 257
68 258
68 259
68 273
68 279
69 1
69 5
69 6
69 9
69 13
69 15
69 24
69 26
69 27
69 30
69 36
69 42
69 46
69 52
69 58
70 106
70 113
70 119
70 120
70 129
70 131
70 134
70 146
70 150
70 155
70 156
70 160
71 8
71 9
71 10
71 21
71 23
71 34
71 35
71 80
71 81
71 82
71 85
71 89
71 91
71 93
71 99
71 101
71 112
71 119
72 68
72 69
72 79
72 85
72 87
73 70
73 72
73 80
73 84
73 87
73 92
74 85
74 108
75 4
75 10
75 80
75 84
75 96
75 109
75 110
75 113
75 115
75 120
75 122
75 127
75 129
75 130
75 146
75 154
75 156
75 162
75 163
75 167
75 169
75 181
75 193
75 198
75 199
75 204
75 216
75 222
75 224
75 244
75 247
77 8
77 15
77 19
77 25
77 32
77 36
77 49
77 52
77 54
77 61
77 64
77 65
77 73
77 76
77 77
77 78
77 83
77 84
77 104
77 106
77 107
77 118
77 120
77 130
77 131
77 141
77 143
77 152
77 163
77 170
77 181
79 12
79 29
79 32
79 33
79 37
79 42
79 92
79 100
79 115
79 116
79 117
79 121
79 134
79 135
79 143
79 157
79 160
79 166
79 175
79 180
79 188
79 194
79 196
82 6
82 9
82 11
82 22
82 38
82 43
82 44
82 51
82 52
82 57
82 63
82 65
82 66
82 105
82 114
82 116
82 126
83 3
84 6
84 7
84 28
86 12
90 1
90 8
90 19
90 21
90 23
90 26
90 31
90 32
90 47
90 49
90 51
90 52
90 60
90 62
92 34
92 42
92 49
92 53
92 58
92 60
92 62
92 64
93 2
94 34
94 49
94 54
95 2
95 7
95 8
96 12
97 12
97 14
97 19
97 23
97 26
97 28
97 32
99 13
99 14
100 8
100 10
100 16
100 22
100 65
100 70
100 71
100 124
100 207
100 230
100 251
100 257
100 258
100 264
100 273
100 299
100 309
100 381
100 392
100 394
100 395
100 400
100 402
100 412
100 490
100 493
100 495
100 499
100 535
100 540
100 560
100 562
102 8
102 11
102 12
102 14
102 40
102 43
102 47
102 60
102 78
102 80
102 83
102 93
102 95
102 116
103 1
103 7
103 8
103 19
103 24
103 26
103 28
103 38
103 43
103 48
103 56
103 57
103 67
104 4
104 6
104 14
104 19
104 20
104 21
104 23
104 47
104 51
104 52
104 53
104 56
106 10
106 11
106 15
106 16
106 19
106 23
106 24
107 9
107 10
107 26
107 40
107 42
108 48
108 53
108 58
109 2
109 13
109 14
109 16
109 32
109 36
109 39
109 40
109 52
109 78
110 12
110 20
110 31
110 33
110 42
110 45
110 47
110 49
110 54
110 55
110 56
110 59
111 5
111 15
111 19
111 26
111 56
