1 29
1 31
1 35
1 44
1 45
1 47
1 54
1 79
1 80
1 82
1 90
2 11
2 16
2 32
2 36
2 37
2 66
2 71
2 77
2 79
2 80
2 81
2 83
2 94
2 95
2 107
2 110
2 114
2 116
2 120
2 124
2 133
2 134
2 140
2 152
2 154
2 155
2 156
2 169
2 180
2 203
2 209
2 218
2 219
2 222
2 227
2 228
2 238
2 245
2 257
2 263
3 125
3 129
3 138
3 139
3 142
3 143
3 149
3 152
4 1
4 7
4 14
4 16
4 25
4 38
4 43
4 54
4 62
4 65
4 66
4 72
4 80
4 103
4 104
4 108
4 109
4 119
4 121
4 124
4 130
5 5
5 27
5 29
5 163
5 174
5 187
5 188
5 189
5 192
5 202
5 207
5 209
6 3
6 14
6 16
6 17
6 22
6 24
6 42
6 45
6 47
6 48
6 49
6 50
6 53
6 54
6 146
6 149
7 89
7 90
7 91
8 8
8 14
8 25
8 31
8 40
8 46
8 55
8 61
8 66
8 69
8 71
8 82
8 83
8 92
8 95
8 100
9 1
9 19
9 23
9 24
9 27
9 29
9 39
9 43
10 5
10 12
10 14
10 15
11 9
11 12
11 23
11 25
11 27
11 39
11 41
11 49
11 50
11 58
11 60
11 68
11 75
11 77
12 7
12 8
12 13
12 26
12 28
13 76
13 77
13 81
13 94
13 96
13 99
13 102
13 105
13 110
13 154
13 178
13 195
14 7
14 10
14 12
14 16
14 24
14 31
14 49
14 55
14 62
14 65
14 68
14 70
14 71
14 74
14 75
14 79
14 84
14 90
14 225
14 231
14 233
14 235
14 242
14 244
14 254
14 280
14 283
14 293
14 297
14 314
14 317
14 328
14 329
14 333
14 352
14 370
14 371
14 373
14 376
14 387
14 388
14 395
14 400
14 404
16 157
16 158
16 160
16 166
16 172
16 175
17 4
17 12
17 15
17 20
18 36
18 44
18 61
18 62
18 73
18 83
18 86
18 90
18 107
18 109
18 110
18 117
18 129
18 138
19 17
19 22
19 36
19 41
19 59
19 60
19 62
19 67
19 68
19 72
19 79
19 98
19 99
19 100
19 109
20 20
20 21
20 34
20 49
20 56
20 65
20 77
20 79
20 86
20 98
20 143
20 163
20 165
20 178
20 182
20 183
20 194
20 200
20 202
20 203
20 209
20 225
20 229
21 3
21 4
21 14
21 22
21 23
21 30
21 33
21 35
21 37
21 42
21 43
21 44
21 46
21 47
21 52
21 55
21 58
21 64
21 86
21 90
21 99
21 121
21 125
21 133
21 136
21 143
26 25
26 27
26 31
26 40
26 42
26 44
26 47
26 51
26 52
26 66
26 68
27 4
27 9
27 11
27 18
27 23
27 33
27 47
28 1
28 2
28 4
28 7
28 9
28 10
29 5
29 10
29 11
29 13
29 18
32 64
32 77
32 85
32 94
32 97
32 99
32 107
32 117
33 2
33 3
33 12
33 18
33 19
33 32
33 33
33 41
33 43
33 44
33 51
33 53
33 54
33 60
33 62
33 71
34 26
34 35
34 40
34 44
34 45
34 50
34 52
34 61
34 69
34 70
34 71
35 22
35 26
35 34
35 42
36 7
36 10
36 18
36 21
36 32
36 33
38 7
38 14
38 15
38 21
38 29
38 38
38 40
39 6
39 7
39 10
40 1
41 18
41 19
41 21
41 22
41 24
41 26
41 28
41 36
41 37
41 46
41 53
42 6
42 15
42 19
42 39
42 71
42 79
42 82
42 89
42 98
42 100
42 113
42 115
42 120
42 137
42 139
42 142
42 146
42 153
42 158
42 169
42 191
44 78
44 81
44 82
44 98
44 101
44 106
44 109
44 112
44 115
44 122
44 123
44 130
45 1
45 10
45 15
45 21
45 23
45 28
45 35
45 37
45 41
45 43
45 46
45 47
45 48
45 55
45 61
45 67
45 70
45 71
45 83
45 86
45 96
45 97
46 2
46 10
46 14
46 21
46 29
46 38
46 40
46 48
46 50
46 51
46 61
46 71
46 72
46 73
46 80
46 88
46 102
46 104
47 8
47 10
47 12
47 18
47 22
47 28
47 33
47 35
47 54
47 60
48 82
48 93
48 95
48 105
51 38
51 41
51 42
51 44
51 48
51 58
51 63
51 64
51 67
51 69
51 75
52 28
52 35
52 126
53 4
53 6
53 9
53 10
53 11
53 25
53 42
53 43
53 45
53 48
53 52
53 54
53 55
53 59
53 65
53 75
53 87
53 99
54 2
54 5
54 23
54 50
54 53
55 2
55 7
55 16
55 17
55 27
55 29
55 36
55 39
55 43
55 44
55 52
55 58
55 60
55 61
58 32
58 63
58 65
58 111
58 113
58 121
58 123
58 126
58 128
58 138
58 145
58 168
58 178
58 186
58 198
58 203
59 1
61 1
61 2
61 105
61 106
61 108
61 114
61 115
61 120
61 124
61 131
61 138
61 147
61 151
61 153
61 159
61 160
61 172
61 173
61 195
61 203
62 3
62 4
62 6
62 8
63 2
63 4
63 11
63 23
63 41
63 43
63 44
63 47
63 50
63 53
63 58
63 66
63 71
63 79
63 93
63 97
63 114
65 27
66 13
66 16
66 18
66 30
67 8
67 19
68 1
68 3
68 4
68 19
68 26
68 30
68 37
68 39
68 46
68 50
68 54
68 55
68 58
68 68
68 82
68 83
69 127
69 129
69 131
69 133
69 134
69 139
69 147
69 148
69 159
69 167
69 172
69 178
69 182
69 185
69 190
69 193
69 200
70 16
70 36
71 1
71 16
71 24
71 26
71 29
71 30
71 48
71 54
71 60
71 63
71 64
71 68
72 21
72 27
72 31
73 11
73 12
73 17
73 19
73 26
73 28
73 36
73 45
74 82
75 1
75 2
75 17
75 23
76 5
76 14
76 27
76 30
77 41
78 5
78 6
78 19
78 28
78 31
78 38
78 51
78 54
78 184
78 228
78 230
78 243
78 247
78 265
78 266
78 282
78 283
79 84
79 87
79 89
79 91
79 102
79 107
79 109
79 112
79 114
79 115
79 128
79 141
79 144
79 152
79 153
79 178
79 179
80 2
80 10
80 49
80 55
80 58
80 67
80 69
80 80
80 84
80 85
80 89
80 99
80 105
80 111
80 112
80 116
80 123
80 125
80 127
80 142
80 144
81 112
81 117
81 122
82 1
82 6
82 24
82 39
82 47
82 67
82 71
82 77
82 81
82 89
83 47
83 65
83 76
83 78
83 81
83 86
83 109
83 116
83 117
83 124
83 131
83 132
83 138
83 142
83 149
83 153
83 157
83 163
84 12
84 13
84 15
84 123
84 129
84 142
84 145
84 149
84 153
84 189
84 193
84 197
84 203
84 204
84 212
84 213
84 216
85 33
85 36
85 38
86 11
86 12
86 17
86 21
86 23
86 28
86 29
86 31
86 38
86 43
86 50
86 52
86 53
86 56
86 66
86 69
87 100
87 106
87 108
87 109
87 128
88 5
88 16
88 19
88 22
88 24
89 18
89 20
89 41
89 57
89 63
89 80
89 103
93 77
93 81
93 82
93 92
93 96
93 99
93 109
93 111
93 116
93 123
93 139
93 146
93 150
93 154
93 155
93 172
93 173
93 176
93 180
93 181
93 184
93 191
93 201
93 204
93 226
93 236
93 240
93 259
93 261
93 273
93 276
93 277
93 286
93 287
94 12
94 22
94 32
94 49
94 50
95 19
95 24
95 25
95 30
95 31
95 51
95 55
95 59
95 63
95 66
96 31
96 37
96 40
96 43
96 47
96 48
98 26
98 33
98 34
98 37
98 39
98 40
98 48
98 52
98 54
98 69
98 71
98 213
98 223
98 237
98 243
98 244
98 249
98 257
98 260
98 265
98 268
98 274
98 285
98 287
98 289
98 295
98 296
98 305
98 401
98 406
98 414
98 422
98 443
98 453
98 458
98 463
98 464
98 467
98 473
98 478
99 34
99 43
99 53
99 58
99 61
99 68
99 70
99 72
99 75
99 78
99 91
99 96
99 106
99 109
