1 6
1 7
1 12
2 6
2 8
2 9
2 16
2 17
2 21
2 24
2 32
2 62
2 67
2 78
2 80
2 87
2 91
3 4
4 3
5 1
5 10
5 13
5 14
5 15
5 18
5 32
5 39
5 41
5 44
5 51
5 56
5 57
5 60
5 68
5 69
5 75
7 77
7 98
7 103
8 6
8 13
8 15
8 17
8 19
8 28
8 30
8 31
8 33
8 45
8 46
8 62
8 67
8 74
8 78
8 79
8 96
8 108
8 118
9 3
9 21
9 26
9 27
9 63
9 64
9 69
9 100
10 65
10 67
10 70
10 80
10 81
10 84
10 91
10 94
10 95
10 108
10 110
10 114
11 3
11 5
11 108
11 126
11 128
11 136
11 140
11 153
11 154
11 156
11 171
11 176
11 182
11 183
11 194
11 207
11 212
11 214
11 217
11 230
11 232
11 233
11 246
11 253
11 259
11 266
11 269
11 273
11 275
11 277
11 279
11 285
11 288
11 295
11 297
11 298
11 302
11 308
11 315
11 318
13 10
13 23
13 27
13 28
14 1
14 8
14 16
15 3
15 10
16 6
16 10
16 12
16 21
16 26
16 35
16 38
16 44
16 50
16 53
16 75
16 84
16 89
16 107
16 114
16 117
16 119
16 120
16 125
16 254
16 267
16 271
16 272
16 279
16 280
16 282
16 285
16 286
16 288
16 305
16 311
16 316
16 322
16 325
16 326
16 328
16 330
16 340
16 345
16 362
16 492
16 497
16 510
16 521
16 525
16 526
17 2
17 16
17 19
17 22
17 23
17 26
17 32
17 34
17 39
17 42
17 95
17 109
17 128
17 142
17 147
17 148
17 151
17 153
19 20
19 32
19 44
19 45
19 47
19 49
19 59
19 60
19 62
19 64
19 75
20 37
20 39
20 48
20 49
20 56
21 81
21 82
21 83
21 95
21 96
21 100
21 115
21 116
21 128
21 131
21 136
21 148
21 265
21 269
21 283
21 286
21 287
21 292
21 294
21 295
21 297
21 299
21 308
21 319
22 2
22 3
22 10
22 23
22 24
22 27
22 29
22 31
23 3
24 6
24 9
24 11
24 15
24 18
24 20
24 26
24 28
24 34
24 37
25 114
25 118
25 139
25 140
25 146
25 151
25 152
25 159
25 160
25 173
25 176
25 179
26 6
27 4
27 12
27 13
27 16
27 17
27 18
27 21
27 47
27 51
28 19
28 23
28 24
28 31
28 38
28 46
28 50
28 55
30 3
30 5
30 6
30 7
30 24
30 26
30 30
30 39
31 103
31 104
31 108
31 116
31 117
31 119
31 130
31 133
31 135
31 164
31 181
31 191
31 203
31 207
31 209
31 295
32 34
32 40
32 41
32 45
33 6
33 10
33 19
33 25
33 27
33 29
33 32
33 125
33 131
33 135
33 160
33 162
33 167
33 171
33 172
33 174
33 177
34 20
34 28
34 32
34 38
34 39
34 65
34 66
35 16
35 24
35 29
35 38
35 42
35 43
35 47
35 61
35 66
35 70
35 72
36 14
36 15
36 17
36 30
36 31
36 32
36 35
36 42
36 46
38 1
38 10
38 21
38 24
38 27
38 28
39 2
39 8
39 10
39 31
39 56
39 58
39 62
39 66
39 67
39 77
39 80
39 85
40 3
40 4
40 10
40 15
40 19
40 28
40 29
40 31
40 32
40 37
40 44
40 46
40 50
40 52
40 56
41 4
41 5
41 6
41 8
41 143
41 145
41 148
41 151
41 161
41 164
41 165
42 1
42 2
43 19
44 8
44 10
44 12
46 14
46 31
46 43
46 46
46 49
46 58
47 8
47 12
47 16
47 35
48 25
48 26
48 30
48 32
48 34
48 60
48 66
48 78
48 87
48 93
48 97
48 109
48 111
48 113
48 114
48 118
48 125
48 127
48 134
48 137
48 138
48 142
48 147
49 16
50 9
51 1
52 101
52 107
52 111
52 121
52 123
52 128
52 132
52 134
52 136
52 138
52 141
52 144
52 150
52 152
52 153
52 162
52 163
52 165
52 168
52 179
52 188
52 190
52 192
52 194
52 198
52 221
52 228
52 234
52 235
52 248
52 331
52 334
52 337
53 12
53 13
53 14
53 16
53 17
53 20
53 93
54 16
54 17
54 33
54 39
54 41
54 46
54 57
54 58
54 62
54 63
54 74
54 77
54 89
54 90
54 93
54 98
54 114
54 115
54 118
54 134
54 170
54 182
54 195
54 201
54 202
56 1
57 1
57 4
57 9
57 22
57 26
57 33
58 1
58 8
59 41
59 48
59 51
59 56
59 63
59 72
59 73
61 111
61 113
61 115
61 122
61 139
61 140
61 145
62 4
62 15
62 18
62 20
62 25
62 30
62 31
63 1
64 102
64 106
64 113
64 114
64 117
64 118
64 124
64 151
64 152
64 178
65 2
65 10
65 11
65 21
65 24
65 26
65 40
65 42
65 51
65 54
65 55
65 57
65 61
65 74
65 81
65 84
65 92
65 101
65 105
65 106
67 13
67 14
67 20
68 11
68 17
68 19
69 13
69 19
69 22
69 24
69 32
69 35
69 40
69 57
69 59
69 69
69 71
69 72
69 74
69 76
69 78
69 82
69 91
69 98
69 101
69 106
69 108
69 128
69 134
69 145
69 148
69 153
69 156
69 162
69 163
69 170
69 173
69 177
69 178
69 184
69 188
69 192
69 194
69 204
69 212
69 216
69 220
69 226
69 227
69 232
69 235
69 236
69 257
69 266
69 268
71 1
71 11
71 17
71 25
71 27
72 6
72 11
72 12
73 2
73 7
73 9
73 11
73 27
74 13
74 15
74 92
74 93
75 5
75 9
75 10
75 30
75 39
75 68
75 71
75 75
75 81
75 86
75 89
75 94
76 53
76 56
76 58
76 65
76 69
76 76
76 77
76 84
76 100
76 102
76 103
77 2
77 3
77 13
77 14
78 1
78 5
78 10
78 12
78 16
78 18
78 20
78 24
78 30
78 40
78 44
78 48
78 54
78 63
78 72
78 86
78 90
78 98
78 102
78 117
78 120
78 121
78 132
78 149
78 158
78 178
78 179
78 184
78 186
78 206
78 230
78 232
78 234
78 240
78 253
78 256
78 267
78 268
78 290
78 291
78 300
78 304
78 313
78 315
78 327
78 329
78 333
78 334
78 351
78 354
78 361
78 362
81 72
81 79
81 91
81 99
81 228
82 1
82 2
82 5
82 17
82 20
83 22
83 27
83 34
83 37
83 47
83 60
83 64
83 65
83 71
83 75
83 76
83 101
83 107
83 110
83 112
83 119
83 127
84 1
84 5
84 6
84 11
84 21
84 52
84 55
84 58
84 63
84 67
84 68
84 80
84 94
84 119
84 127
85 1
85 5
86 1
87 1
87 4
87 6
87 7
87 12
88 4
88 7
88 41
88 50
88 58
88 59
89 55
89 58
89 59
89 62
89 63
89 70
89 71
89 74
89 87
90 5
90 43
90 47
90 92
90 108
92 108
93 4
93 13
93 14
93 17
93 29
93 30
93 38
93 52
93 61
93 73
93 79
93 87
93 91
93 98
93 103
93 106
93 111
93 113
94 24
94 28
94 35
94 46
94 51
94 58
94 62
95 22
95 24
95 30
95 34
95 35
95 41
95 43
95 47
95 116
95 135
95 150
95 151
95 186
95 195
95 202
95 203
95 204
95 206
95 207
95 211
95 212
95 213
96 120
96 126
97 2
97 3
97 7
97 18
97 27
97 30
97 35
97 36
99 4
99 10
99 11
99 13
99 23
99 26
99 30
99 32
99 37
99 55
99 59
99 73
99 86
99 102
99 103
99 108
99 110
99 120
99 121
99 125
99 127
99 136
99 142
99 145
99 158
99 161
99 165
