1 17
1 22
1 28
1 34
1 37
1 44
1 48
1 57
2 14
2 28
2 49
2 55
2 57
2 59
2 68
2 70
2 72
2 74
2 76
2 78
3 23
4 10
4 24
4 30
4 40
4 48
4 51
4 65
4 67
4 95
4 99
4 100
4 123
4 124
4 133
4 135
4 139
4 141
4 145
4 147
5 7
5 8
6 13
6 15
6 24
6 27
6 29
6 30
6 34
7 12
7 13
7 29
7 36
7 39
7 40
7 43
7 49
7 57
7 66
8 17
9 18
9 24
9 28
9 36
9 41
9 43
9 46
9 58
9 60
9 61
9 62
9 67
9 73
9 120
9 126
9 130
9 132
9 136
9 140
9 146
9 156
9 159
9 174
9 175
9 181
9 190
11 13
11 14
11 16
12 2
12 5
12 8
12 13
13 18
13 40
13 46
14 7
14 125
14 131
14 135
14 137
14 144
14 151
14 157
14 172
14 177
14 184
14 186
14 187
14 202
14 207
14 213
14 215
14 217
14 219
14 223
16 4
16 11
16 12
16 22
16 29
16 30
17 5
17 10
17 11
18 3
18 4
18 135
18 142
19 7
19 8
19 16
19 17
19 19
19 21
19 22
19 39
19 171
19 173
19 177
19 193
20 1
20 7
20 17
20 19
20 21
20 27
20 62
20 70
20 72
20 75
20 80
21 17
21 23
21 32
21 41
21 63
21 67
21 68
21 112
21 115
21 123
21 124
21 125
21 276
21 292
21 297
21 368
21 371
21 377
22 1
22 11
22 15
22 18
22 19
22 26
22 32
22 39
26 29
26 50
26 54
26 61
26 65
26 66
26 68
26 73
26 85
26 88
26 95
26 96
26 98
26 99
26 106
26 107
26 114
26 115
26 116
26 118
26 122
26 129
26 130
26 132
26 134
26 140
26 142
26 143
28 44
28 51
28 52
28 72
28 76
28 79
28 83
28 84
28 89
28 90
28 97
28 98
28 104
28 106
28 161
28 162
28 164
28 182
28 195
29 16
29 98
29 106
29 109
29 112
29 121
29 126
29 128
29 139
29 142
29 143
29 153
29 329
29 332
30 3
30 21
30 43
30 50
30 55
30 68
30 72
30 80
30 92
30 94
30 106
30 108
30 111
30 112
30 128
30 130
30 150
30 156
30 177
30 180
30 184
30 185
30 191
30 192
30 205
30 206
30 213
30 217
30 222
30 223
30 242
30 247
31 1
31 6
31 10
31 11
31 12
31 20
31 22
31 29
31 37
31 62
31 64
31 67
31 76
31 82
31 83
31 92
31 135
31 140
31 141
31 152
31 153
31 154
31 157
31 158
31 164
31 171
31 181
31 192
31 195
31 201
32 3
32 12
32 20
32 21
32 29
32 48
32 61
32 69
32 78
32 87
32 89
32 92
32 98
32 103
32 106
34 2
34 4
34 10
34 11
34 13
34 16
34 19
34 39
34 42
34 44
34 46
34 48
34 53
34 55
34 57
34 59
35 12
35 20
36 6
36 7
36 8
36 15
37 17
37 29
37 40
37 49
37 50
37 76
38 36
38 37
38 39
38 41
38 43
38 46
38 53
38 66
38 68
38 98
38 101
38 106
38 116
38 123
38 125
38 132
38 138
38 139
38 143
38 148
38 150
38 157
38 169
38 188
38 189
38 198
38 203
38 205
38 212
39 2
39 3
39 7
39 10
39 12
40 5
40 13
40 14
40 19
40 20
42 1
43 2
43 4
43 5
43 7
44 19
44 23
45 85
45 89
45 117
45 118
45 123
45 175
45 206
45 209
45 218
45 221
45 228
45 232
45 237
45 246
45 254
45 299
45 304
45 307
45 312
45 326
45 333
45 337
45 338
45 341
45 342
45 345
45 358
45 360
45 364
45 365
45 367
45 369
45 371
45 374
45 382
45 383
45 391
45 397
45 398
46 2
46 56
47 3
47 6
47 37
47 52
47 54
47 64
48 2
48 3
48 8
48 13
48 17
48 21
48 28
48 30
48 34
48 51
48 62
48 75
48 85
48 90
48 99
48 107
48 110
49 30
49 32
50 29
50 31
50 35
50 74
52 16
52 25
52 29
52 46
52 57
52 60
52 61
52 67
52 68
52 69
52 70
52 73
52 78
52 80
52 86
52 91
52 93
52 96
52 101
52 231
52 240
52 243
52 267
52 288
52 343
53 20
53 21
53 22
53 25
53 29
53 32
53 50
53 52
53 53
53 59
53 63
53 68
53 71
53 74
53 76
53 82
53 149
53 150
53 153
53 155
53 157
53 162
53 165
53 170
53 182
53 189
54 1
54 4
54 7
54 22
54 24
54 33
55 77
55 80
55 81
55 86
55 88
55 89
55 93
55 98
55 105
55 109
55 112
55 114
55 119
55 124
55 131
55 141
56 59
56 67
56 75
56 77
56 79
56 84
56 89
56 90
56 100
56 104
56 108
56 113
56 127
56 137
56 148
56 154
57 1
57 5
57 11
57 13
57 24
58 7
58 12
58 19
58 21
58 25
58 28
58 33
58 42
58 43
58 45
58 50
58 55
58 61
58 63
58 79
59 8
59 10
59 25
59 27
59 29
59 30
59 32
59 33
60 1
60 2
60 4
60 6
60 7
60 10
60 15
60 18
61 5
61 9
61 11
61 21
61 30
62 7
62 8
62 10
62 11
62 141
62 149
62 154
62 155
62 160
62 165
62 175
63 60
63 62
63 72
63 73
63 85
63 87
63 89
63 95
63 98
63 118
63 120
63 128
63 143
63 146
63 148
63 150
63 152
63 163
63 180
63 189
64 2
64 10
64 12
64 13
64 25
66 34
66 44
66 47
66 72
66 85
66 91
66 97
66 102
66 116
66 123
66 125
66 135
66 145
66 153
66 157
66 158
66 171
66 172
66 178
66 180
66 181
66 190
67 1
67 7
67 12
67 24
67 32
67 37
67 42
67 43
67 58
67 63
67 70
67 74
67 75
67 77
67 91
67 93
68 2
70 35
70 42
70 58
70 61
70 66
70 83
70 91
70 106
70 107
70 108
70 119
70 120
71 28
71 30
71 34
72 5
72 11
72 31
72 32
72 33
73 47
73 48
73 60
73 61
73 71
73 80
73 83
73 88
73 105
73 107
73 114
73 123
74 3
74 7
74 9
74 20
74 23
74 28
74 34
74 37
74 42
74 48
74 53
74 67
74 71
74 79
74 80
75 3
75 4
75 9
75 24
75 25
75 27
75 33
75 36
75 54
75 55
75 59
75 65
75 84
75 90
75 91
75 92
75 101
75 105
75 107
75 110
75 116
75 120
75 134
75 148
75 167
75 173
75 178
75 181
75 183
75 186
75 194
75 198
75 221
75 228
75 257
75 258
75 262
75 268
75 272
75 283
75 287
75 288
75 292
75 294
75 295
75 298
75 302
75 304
75 311
75 316
76 4
76 20
76 22
76 25
77 6
77 9
77 14
77 42
77 52
77 59
77 65
77 66
77 84
77 85
77 99
77 104
77 112
77 209
77 218
77 223
77 224
77 232
77 241
77 243
77 248
77 249
77 257
77 263
77 273
78 1
78 4
78 6
78 7
79 17
79 19
79 20
79 25
79 30
79 40
79 43
79 54
79 57
79 58
79 61
79 62
79 67
79 71
79 76
79 78
86 14
86 21
86 36
86 38
86 136
86 161
86 164
86 165
86 171
86 175
87 1
87 3
87 16
87 70
87 74
87 77
87 87
87 89
87 92
87 95
87 98
87 103
87 106
87 107
87 110
87 111
87 116
87 119
88 11
88 12
88 14
88 18
88 26
88 28
88 108
90 58
90 65
90 67
90 69
90 71
90 76
90 87
90 88
90 98
90 119
90 125
91 4
91 9
91 11
91 41
91 49
91 51
91 53
91 72
91 77
91 78
91 80
91 84
91 92
91 109
91 112
93 5
93 13
93 16
93 21
93 29
93 34
93 43
93 72
93 80
94 19
94 22
94 23
94 32
94 35
94 37
94 42
94 44
94 47
94 52
94 53
94 56
94 57
94 78
94 80
94 81
94 82
94 97
94 98
94 102
94 237
96 4
96 12
96 13
96 14
96 26
96 33
96 39
