1 15
2 4
2 6
2 7
2 10
3 5
3 12
3 13
3 26
3 29
3 40
7 83
7 90
7 92
7 98
7 103
7 104
7 108
7 121
7 123
7 125
7 132
7 133
7 137
7 139
7 142
7 157
7 162
7 163
7 169
7 170
7 177
7 179
7 184
7 189
7 200
7 203
7 207
7 208
7 211
7 216
7 217
7 232
7 234
7 239
7 251
7 252
7 258
7 263
7 264
7 271
7 272
7 279
7 307
7 317
7 325
7 336
7 343
7 349
7 382
7 383
7 389
7 397
7 398
7 409
7 410
7 428
7 452
7 461
7 463
7 477
8 1
8 3
8 4
8 10
9 12
9 13
9 24
9 26
9 31
9 41
9 43
10 8
10 16
10 17
10 24
10 46
10 47
10 51
10 61
10 62
10 63
12 4
12 5
12 43
12 45
12 47
13 13
13 15
13 28
13 32
13 38
13 40
13 41
13 50
13 53
13 65
13 66
13 67
13 68
13 199
13 207
13 209
13 214
13 258
13 263
14 10
14 20
14 28
14 31
14 43
14 44
14 53
14 56
14 62
14 83
14 92
14 99
14 106
14 126
14 127
14 130
14 150
14 165
14 167
14 172
14 181
14 185
14 191
14 207
14 302
14 307
15 1
15 15
15 18
15 25
15 30
15 35
16 16
16 18
16 20
16 21
18 10
18 14
18 24
18 25
18 35
18 44
18 45
18 57
18 65
18 89
18 90
18 91
18 93
18 108
18 109
18 110
18 239
18 243
18 247
18 262
18 263
18 273
18 284
18 289
18 301
18 304
18 307
18 308
18 311
18 318
18 320
18 326
18 333
18 334
18 336
18 339
18 347
18 348
18 359
18 374
18 375
19 8
19 11
19 12
19 16
19 18
19 20
19 40
19 41
19 44
19 47
19 48
19 55
19 65
19 72
19 73
19 76
19 78
19 85
19 89
20 28
20 32
21 12
21 21
21 25
21 27
21 28
21 39
21 40
21 44
21 52
21 54
22 17
22 18
22 26
22 32
22 44
24 6
24 9
24 14
24 19
24 20
24 24
24 32
24 33
25 1
25 26
25 27
25 31
25 33
25 38
25 44
26 3
26 42
26 43
26 51
26 61
26 68
26 74
26 77
28 28
28 127
29 1
29 9
29 10
29 25
29 26
29 30
29 34
29 36
29 42
29 44
29 45
29 46
29 47
29 57
29 58
29 59
29 66
29 72
29 81
29 85
30 9
30 142
30 151
30 168
31 24
31 25
31 27
31 30
31 33
32 8
32 18
32 25
32 30
32 32
32 46
32 56
32 58
32 60
32 65
32 68
32 71
32 74
32 76
32 85
32 87
32 100
32 103
32 110
32 129
32 133
32 138
32 148
32 151
32 162
33 111
33 129
33 133
33 137
33 140
33 148
33 149
33 156
33 171
33 177
33 180
33 185
33 190
33 193
33 194
33 198
33 210
33 213
33 214
33 222
33 223
33 225
33 231
33 249
33 259
33 262
33 264
33 265
33 278
33 279
33 281
33 284
33 297
33 298
33 300
34 2
34 3
34 12
34 13
34 163
34 175
34 180
34 182
34 184
34 204
34 214
34 217
34 226
34 252
34 254
34 255
34 262
34 263
34 269
35 4
35 10
35 11
35 15
35 17
35 22
35 23
35 25
35 29
35 34
35 37
35 40
35 54
35 61
35 65
35 66
35 68
35 83
35 85
35 98
35 99
35 107
36 4
36 5
36 17
37 2
37 4
37 13
37 15
37 144
37 145
37 149
37 152
37 163
37 166
37 167
38 3
38 13
38 20
38 21
38 22
38 28
38 35
38 36
38 37
38 41
38 46
38 49
38 56
39 34
39 40
40 1
40 3
40 9
40 12
40 14
40 19
40 20
40 28
40 35
40 50
40 51
40 54
40 56
40 104
40 111
40 112
40 114
40 117
40 122
40 127
40 128
40 131
40 132
40 136
40 152
40 159
40 161
40 189
40 192
42 2
43 3
43 19
43 21
43 24
43 31
43 47
43 54
43 57
43 65
44 3
44 12
44 14
45 9
45 12
45 23
45 33
45 36
45 37
47 38
47 42
47 50
47 52
47 54
47 56
47 57
47 59
47 72
47 75
47 76
47 80
47 82
47 84
47 87
47 89
47 91
47 102
47 108
47 120
47 125
47 129
47 138
47 139
47 140
48 25
48 33
48 35
48 39
48 45
48 49
48 57
48 65
49 3
49 19
49 35
50 10
50 13
50 20
50 24
50 26
50 28
50 40
51 1
51 5
51 7
51 9
51 11
51 14
51 16
51 51
52 4
53 16
54 10
56 15
59 11
59 14
59 16
59 29
59 37
59 42
59 75
60 2
60 4
60 11
60 73
60 86
60 89
60 93
60 95
60 109
60 111
60 114
60 116
60 124
60 140
61 4
61 5
61 6
61 17
61 18
61 26
61 37
61 47
61 59
61 60
61 63
61 68
61 69
61 70
61 78
61 91
64 1
64 3
64 7
64 22
64 26
64 31
66 3
66 7
66 11
66 21
66 39
66 40
66 45
67 7
67 21
67 22
67 28
67 33
67 44
67 50
67 54
68 4
68 44
68 51
68 53
68 55
68 68
68 84
68 88
68 91
68 92
68 94
69 1
73 32
73 33
73 55
73 65
73 67
73 75
73 89
73 108
73 115
73 132
73 137
73 141
73 169
73 171
73 176
73 177
73 180
73 185
73 193
73 200
73 202
73 207
73 208
73 215
73 221
73 227
73 231
73 233
73 234
73 236
73 246
73 253
73 264
73 266
73 278
73 282
73 290
73 293
73 295
73 296
73 322
73 344
73 347
73 350
73 354
73 360
73 363
73 368
73 369
73 376
73 400
73 402
73 403
73 534
73 536
73 540
73 541
73 542
73 543
73 546
73 549
73 552
73 558
73 563
73 569
73 571
73 577
73 584
73 588
73 591
73 592
73 596
73 621
73 623
73 626
75 1
75 3
75 5
75 12
75 14
75 77
75 82
75 106
75 113
75 117
76 12
76 13
76 23
76 30
76 66
76 67
76 72
76 80
76 84
76 93
76 97
76 99
76 100
76 108
76 112
76 113
76 114
76 117
76 124
76 125
76 127
76 140
76 157
76 158
76 166
76 174
76 179
76 180
76 187
76 191
77 74
77 76
77 79
77 84
77 88
77 93
78 3
78 16
78 29
78 54
78 55
78 64
78 67
78 80
78 90
78 93
78 95
78 96
78 97
78 102
78 107
78 110
78 128
78 137
78 145
78 146
78 147
78 152
78 155
78 172
79 9
80 6
80 32
80 37
80 39
81 72
81 94
81 102
81 104
81 114
81 115
81 128
81 134
81 135
81 138
81 149
81 161
81 166
81 167
81 171
81 172
81 179
81 180
81 185
81 190
81 196
81 202
81 222
81 224
81 226
81 231
81 235
81 242
81 243
81 246
81 254
81 256
81 265
81 270
81 271
81 278
81 279
81 286
81 287
81 290
82 1
82 26
82 28
82 44
82 45
82 48
82 49
82 51
82 57
82 60
82 69
82 86
82 92
82 97
82 107
84 18
85 130
85 134
86 1
86 4
86 10
86 14
88 48
88 58
88 60
88 63
88 64
88 69
88 85
88 99
89 2
89 9
90 38
91 1
91 5
91 8
91 9
91 18
91 24
91 25
91 28
91 29
92 11
92 18
92 20
92 21
92 29
92 31
92 33
92 38
92 45
92 46
92 48
92 66
92 82
92 84
92 91
92 93
92 95
92 111
92 114
92 115
92 122
92 124
92 126
92 131
92 136
92 139
92 157
92 160
92 163
92 170
92 182
92 183
92 184
92 189
92 190
92 212
92 213
92 216
92 221
92 230
94 79
96 7
96 12
96 22
96 25
96 28
97 2
97 5
97 27
97 37
97 102
98 64
98 65
98 69
98 71
99 1
99 3
99 27
99 28
99 39
99 44
99 57
99 64
99 67
99 79
99 83
99 85
99 90
99 105
99 111
99 115
99 118
99 122
99 123
100 2
100 3
100 7
100 9
102 76
102 77
102 90
102 93
102 94
102 100
102 106
105 5
105 13
105 14
105 34
105 44
105 53
105 54
105 65
107 39
107 41
107 43
107 44
107 102
107 108
107 112
107 132
107 135
107 140
107 145
107 147
107 150
107 155
107 159
107 162
107 165
107 175
107 184
107 189
107 191
107 192
107 217
107 228
107 240
108 1
108 2
108 15
108 21
108 22
108 27
108 31
108 37
108 45
108 48
108 57
108 59
108 62
108 63
110 44
110 51
