1 9
1 17
1 28
2 4
2 6
2 9
2 10
3 86
4 2
4 9
4 11
4 13
5 27
5 28
5 29
5 34
5 39
5 43
5 65
5 66
5 74
5 75
5 83
5 84
5 86
6 3
6 7
6 15
6 17
6 19
6 26
6 27
6 59
6 62
6 63
6 69
7 2
7 9
7 10
7 17
7 20
7 28
7 29
7 30
7 32
9 79
9 80
9 81
9 98
9 105
9 121
9 124
9 126
10 3
10 6
10 10
10 13
12 144
12 146
12 152
12 160
13 34
13 39
13 40
13 50
13 56
13 75
13 76
13 84
13 96
13 99
13 106
13 112
13 131
13 133
13 148
13 149
13 153
13 162
13 174
13 177
13 179
14 1
14 2
14 3
14 9
14 138
14 146
14 149
14 177
14 178
14 188
15 5
15 18
15 23
15 30
15 36
15 43
15 51
15 53
15 54
15 66
15 69
15 73
15 81
15 89
15 100
15 116
15 131
15 140
16 13
16 18
17 2
17 6
17 7
17 10
18 2
18 13
18 15
18 19
19 1
19 4
19 5
19 12
19 16
19 22
19 23
19 36
19 38
19 41
19 44
19 57
19 66
19 67
19 68
19 71
19 84
19 90
19 92
19 95
19 100
19 103
19 112
19 115
19 123
19 133
19 134
19 147
19 155
19 158
19 159
19 160
19 161
19 172
19 175
19 176
19 181
19 192
19 194
19 198
19 200
19 206
19 207
19 208
19 213
19 220
19 232
20 25
20 27
20 30
20 35
20 36
20 44
20 47
20 48
20 61
20 64
20 66
20 68
20 70
20 74
20 75
20 77
20 86
20 91
20 92
20 104
20 107
20 109
20 116
20 118
20 121
20 122
21 10
21 19
21 24
21 26
21 31
21 34
21 36
21 39
21 41
21 45
21 47
21 55
21 61
21 63
21 66
21 69
21 83
21 91
22 4
22 6
22 27
22 29
23 33
23 34
24 8
24 9
25 2
25 7
25 8
25 10
25 14
25 19
26 1
26 7
26 8
26 21
26 23
26 28
26 31
26 35
26 36
26 37
27 103
27 111
27 112
27 117
27 120
27 125
27 127
27 135
27 141
27 142
27 147
27 150
27 153
27 156
27 157
27 161
27 163
27 165
27 167
27 169
27 223
28 2
28 6
30 2
30 7
30 20
30 22
30 23
30 24
30 32
30 34
30 35
30 39
30 40
30 42
30 52
30 53
30 57
30 58
30 63
31 54
31 57
31 58
31 67
31 73
31 75
33 36
33 43
33 47
33 76
33 79
33 95
33 104
33 106
33 107
33 113
33 119
33 128
33 147
33 153
33 186
33 200
33 201
33 205
34 3
34 9
34 11
34 13
34 19
34 27
34 35
35 3
35 4
35 9
35 23
35 26
35 30
35 32
35 57
36 6
36 7
36 11
36 19
36 21
36 23
36 30
36 32
36 53
36 60
36 73
36 84
36 86
36 96
36 99
36 101
36 102
36 103
36 107
37 10
37 12
37 61
37 65
37 77
37 78
37 80
37 90
38 85
38 93
39 8
39 12
39 15
39 16
39 19
39 25
39 27
39 51
39 55
39 56
39 57
39 69
39 70
39 73
39 77
39 79
39 224
39 228
39 229
39 231
39 236
40 2
41 4
41 10
41 13
43 34
43 37
43 51
43 64
43 70
43 73
43 83
43 85
43 245
43 357
43 362
43 377
43 382
43 397
43 401
43 403
43 404
43 428
43 449
43 450
44 57
44 62
44 64
45 38
45 42
45 50
45 65
45 72
45 88
45 90
45 98
45 102
45 104
46 3
46 9
46 10
46 12
46 14
46 18
46 20
46 22
46 24
46 25
46 41
46 48
46 50
46 52
46 59
46 63
46 65
46 70
46 77
48 1
48 23
48 42
48 44
48 48
48 55
48 66
49 2
49 4
49 13
49 21
49 30
49 32
49 40
49 42
49 44
49 50
49 57
49 73
49 76
49 78
49 80
49 85
49 86
49 91
49 93
49 106
49 120
49 131
49 135
49 137
49 138
49 240
49 241
49 251
49 254
49 255
49 259
49 261
49 268
49 280
49 290
49 291
49 303
49 304
49 309
50 1
50 15
50 19
50 81
50 90
50 93
50 94
50 98
50 99
50 101
50 105
50 115
51 32
51 49
51 52
51 61
51 63
51 69
51 71
51 76
51 87
51 94
51 102
51 105
51 113
51 114
51 115
51 124
51 127
51 149
51 158
51 160
51 186
51 203
51 217
51 218
51 221
51 236
51 237
51 256
51 258
51 260
51 262
51 266
51 281
51 304
51 310
51 323
51 332
51 338
52 29
52 32
52 33
53 3
53 7
53 10
53 15
53 16
53 23
53 25
53 26
53 37
53 38
53 44
53 51
53 116
53 142
53 150
53 153
54 108
54 134
54 137
54 138
54 140
54 147
54 153
54 154
54 159
54 181
54 190
54 194
54 200
54 201
54 208
54 214
54 221
54 222
54 233
54 239
54 241
54 257
54 260
55 4
55 12
55 14
55 15
55 19
55 28
55 36
55 53
55 56
55 58
55 63
55 80
55 100
55 103
55 106
55 113
55 117
55 128
55 134
55 140
55 146
55 156
55 158
55 159
55 177
55 182
55 184
55 195
55 200
55 207
55 214
55 217
55 220
55 222
55 225
55 226
55 234
57 4
57 8
57 16
57 19
57 20
57 24
57 60
57 64
58 1
58 11
59 10
59 28
59 38
59 39
59 45
59 52
59 57
59 65
59 75
59 81
59 213
59 221
59 230
59 231
59 242
60 1
60 14
60 18
60 32
60 33
60 39
60 46
60 54
60 68
60 73
60 79
61 10
61 12
61 15
61 24
61 29
61 36
61 39
61 43
61 49
62 3
62 12
62 15
62 20
62 24
62 27
62 30
62 33
63 11
66 38
66 40
67 1
67 10
67 11
68 17
68 18
68 22
69 30
69 36
69 44
70 5
70 7
70 15
70 19
70 28
72 2
72 7
72 30
72 33
72 42
72 45
72 47
72 56
72 59
72 62
72 63
72 66
72 164
72 166
72 178
72 184
72 185
72 196
72 199
72 201
72 203
72 204
72 208
72 211
73 45
73 46
73 56
73 69
73 76
73 81
73 89
73 99
74 9
74 16
74 21
74 24
74 28
74 32
74 37
74 38
74 40
74 70
74 78
74 80
74 82
74 84
74 108
74 110
74 122
74 146
74 147
74 152
74 154
74 155
74 156
74 166
74 169
74 184
74 187
74 192
74 207
74 208
74 212
74 215
74 217
74 219
74 220
74 223
75 2
76 11
76 12
76 13
76 21
76 28
76 33
76 37
76 38
76 39
76 44
76 45
76 49
76 68
77 1
77 12
77 13
77 21
77 31
77 174
77 176
77 184
77 188
77 197
77 199
78 5
78 8
78 9
78 15
78 24
78 62
78 78
78 88
78 100
78 101
78 103
78 106
78 108
78 111
79 4
80 7
80 10
80 30
80 32
80 43
80 47
80 52
80 57
80 58
80 60
81 36
81 40
82 6
82 19
85 61
85 64
85 77
85 83
85 89
85 109
87 5
87 11
87 16
87 42
87 46
87 47
87 48
87 70
87 71
87 72
87 77
87 80
88 2
88 8
88 9
88 26
88 31
88 34
88 38
89 2
90 2
90 7
90 21
90 23
90 25
90 31
90 32
90 35
90 40
91 1
91 4
91 7
91 13
91 28
91 34
91 40
91 54
91 58
91 59
91 64
91 68
92 7
92 25
92 26
92 28
92 35
92 56
92 60
92 66
92 73
92 83
92 85
92 86
92 90
92 92
92 111
92 112
92 141
92 142
92 151
92 154
92 156
92 157
92 165
92 169
92 184
92 187
93 107
93 109
93 112
93 114
93 121
93 123
93 124
93 140
93 142
93 147
93 148
93 151
94 121
94 123
94 126
94 129
94 137
94 139
94 159
94 163
94 164
94 165
94 167
95 5
95 8
95 10
95 16
95 19
96 85
96 87
96 101
96 104
97 1
97 4
97 12
97 17
97 19
100 21
100 26
100 28
100 37
100 48
102 28
102 29
102 31
102 33
102 38
102 43
102 44
102 49
102 60
102 64
102 66
102 70
102 77
102 87
102 99
102 102
102 106
102 109
102 110
102 116
102 120
102 121
102 122
102 126
102 136
102 138
102 147
102 176
