1 3
1 4
1 5
1 83
1 95
1 101
1 105
1 106
1 129
3 35
3 37
3 41
3 55
3 60
3 72
3 78
3 86
3 91
3 95
3 96
3 100
3 115
3 121
3 124
3 127
3 258
3 263
3 267
3 269
3 279
3 290
3 295
5 8
5 103
5 107
5 128
5 130
5 150
5 182
5 184
5 186
5 187
5 198
6 3
6 6
6 9
7 9
8 7
8 8
9 7
9 11
9 15
9 16
9 22
9 156
9 171
9 173
9 177
9 180
11 6
11 11
11 17
11 18
11 31
11 39
11 41
11 55
11 61
12 10
12 12
12 23
12 32
13 5
14 1
14 14
14 20
14 22
14 26
14 27
14 36
14 39
14 43
14 46
14 52
14 59
14 63
14 66
15 1
15 14
15 24
15 55
15 56
15 57
15 66
15 85
15 97
15 151
15 154
15 159
15 165
15 169
15 173
16 4
16 15
16 17
16 21
16 24
16 26
16 27
16 33
16 35
16 44
16 45
16 47
16 48
16 162
16 174
16 179
16 182
16 183
16 184
16 191
17 107
17 108
17 112
17 113
17 115
17 119
17 120
17 125
17 131
17 140
17 147
17 150
18 7
18 9
18 13
19 12
19 20
19 22
19 31
19 34
19 36
19 40
20 7
20 12
20 23
20 31
20 35
20 36
20 38
20 43
20 47
20 48
20 51
20 61
20 63
21 4
21 5
21 9
21 18
21 24
22 2
22 6
22 8
22 10
24 1
24 2
25 44
26 3
26 8
26 11
26 17
26 19
26 21
26 25
27 122
27 123
27 129
27 131
27 132
27 135
27 137
27 138
29 33
29 48
29 64
30 39
30 41
30 113
30 115
30 124
30 126
30 129
30 133
30 145
30 158
30 164
30 178
30 179
30 180
30 211
30 215
30 220
30 302
30 307
30 419
30 423
30 431
30 446
30 448
30 462
30 463
31 111
31 116
31 119
31 120
31 126
31 128
31 133
31 144
31 145
31 149
31 164
31 165
31 175
31 190
31 204
31 216
31 223
31 226
31 234
31 244
31 245
31 247
31 250
31 256
31 261
31 263
31 265
31 273
31 280
31 286
31 291
31 293
31 304
31 306
31 310
31 311
31 315
31 321
31 331
31 336
31 347
31 350
32 37
32 38
32 44
32 45
32 49
32 50
32 52
32 53
33 3
33 6
33 14
33 16
34 25
34 28
36 12
36 24
36 25
37 6
37 7
38 3
38 20
38 22
38 25
38 27
38 32
39 32
42 26
42 29
42 30
42 68
42 72
42 142
42 143
42 154
43 8
43 10
43 11
43 27
43 35
43 42
43 46
43 47
43 50
43 57
43 58
43 68
43 80
43 85
43 86
43 88
43 89
43 95
43 97
43 107
43 108
43 111
43 113
43 118
43 123
43 125
43 130
43 136
43 154
43 157
43 159
43 163
43 164
43 171
44 1
44 6
44 13
44 23
45 9
46 3
46 4
46 31
46 35
46 43
46 48
46 50
46 119
46 121
46 122
46 123
46 126
46 138
49 54
49 69
49 73
49 75
49 76
49 82
49 87
49 107
50 12
50 14
50 17
51 1
51 2
52 4
52 5
52 7
52 13
52 15
52 18
52 24
52 31
52 32
52 33
53 15
53 41
53 52
53 61
53 62
53 64
53 70
54 4
54 6
55 5
55 13
55 16
55 19
55 32
55 33
55 47
55 48
55 55
55 60
55 66
55 70
55 71
55 79
55 90
55 101
56 9
56 12
56 16
56 18
56 21
56 23
56 29
56 30
56 31
56 36
56 46
56 83
56 93
56 104
56 109
56 110
56 116
56 117
56 124
56 130
56 131
56 132
56 136
56 146
56 153
56 154
57 5
57 14
57 17
57 21
57 23
57 26
57 29
57 31
57 50
57 51
57 59
57 65
57 67
57 68
58 17
58 52
58 79
58 88
58 91
58 96
58 97
58 100
58 116
58 123
58 129
58 143
58 146
58 152
58 156
58 167
58 171
59 51
59 64
59 65
59 75
59 80
59 81
59 84
59 87
59 98
59 115
59 133
59 140
59 142
59 155
59 165
59 166
59 171
59 172
59 173
59 184
59 191
59 195
59 196
59 200
59 202
59 207
59 209
59 217
59 226
59 244
59 255
59 259
59 265
59 279
59 285
59 286
59 287
60 15
60 19
60 27
60 31
60 39
61 1
62 2
62 5
63 90
63 92
63 100
63 322
63 334
63 343
63 350
63 351
63 360
63 361
63 370
63 372
63 374
63 375
63 378
63 380
63 381
63 386
63 394
63 395
63 397
63 402
67 13
67 15
67 17
67 30
67 40
67 45
67 50
67 51
67 53
68 1
68 2
68 6
68 12
68 25
68 159
68 165
68 167
68 175
68 177
68 185
68 188
68 196
68 201
68 207
68 222
68 225
68 253
70 50
70 56
70 65
70 67
70 70
70 79
70 80
70 88
71 94
71 106
71 114
72 43
72 59
72 117
73 10
73 11
73 15
74 38
75 5
75 6
75 21
75 25
75 26
75 33
75 40
75 43
75 44
75 55
75 57
75 65
75 71
75 76
75 77
75 80
75 85
75 86
75 96
75 106
75 107
75 108
75 113
75 114
75 119
75 121
77 21
77 23
77 27
77 46
77 49
77 50
77 58
77 62
77 63
78 11
79 2
79 3
79 14
79 16
79 17
79 30
79 34
79 39
79 40
79 49
79 51
79 77
79 78
79 79
79 81
79 94
79 101
79 103
79 119
79 130
79 131
79 133
79 136
79 140
79 150
79 155
79 162
79 163
79 169
79 181
79 182
79 184
79 185
79 192
79 195
79 198
79 208
79 212
79 219
79 220
79 232
79 236
79 237
79 239
79 246
79 248
79 249
79 252
80 59
80 62
80 63
80 64
80 66
80 68
80 72
80 83
80 92
80 109
80 110
80 118
80 119
80 124
80 132
80 146
80 148
80 158
80 162
80 181
80 189
80 195
80 198
80 208
80 213
80 217
80 220
80 222
80 231
80 232
80 236
80 239
80 240
80 242
80 243
80 246
80 254
80 258
80 262
80 271
80 280
80 282
80 288
80 291
80 300
80 303
80 317
80 326
80 330
80 331
80 334
80 343
80 344
81 4
81 10
81 11
81 16
81 24
81 26
81 33
81 38
81 40
81 43
81 53
81 54
82 14
82 29
82 31
82 32
82 34
82 40
82 43
82 44
82 49
82 52
82 54
82 57
82 66
82 67
82 78
82 80
82 87
82 88
82 101
84 13
84 14
85 1
85 17
86 102
86 103
86 112
86 113
86 144
86 145
86 146
86 150
86 161
86 163
87 4
87 9
87 11
87 22
87 24
87 42
87 59
87 121
87 123
87 128
88 7
88 10
88 18
88 32
88 35
89 2
89 3
89 5
89 10
89 60
90 8
90 17
90 22
90 38
90 56
90 63
90 75
90 82
90 86
90 100
90 107
90 108
90 119
90 125
90 127
90 128
90 131
90 132
90 153
90 154
90 159
90 167
90 174
90 185
90 187
90 193
90 194
90 201
90 214
94 46
94 48
94 73
94 79
94 87
94 88
94 94
94 100
94 104
94 107
94 114
94 129
94 138
94 146
94 150
94 154
94 158
94 162
94 182
94 186
94 189
94 200
94 202
94 211
94 215
94 217
94 230
94 233
94 244
95 31
95 32
95 38
95 50
95 51
95 67
96 6
96 25
96 48
96 54
96 58
96 64
97 4
97 5
97 6
97 21
97 22
97 141
97 144
100 14
100 15
100 27
100 46
101 6
101 10
101 25
101 30
103 37
