1 10
1 12
1 18
1 19
1 24
2 2
2 7
2 11
2 17
2 21
2 32
2 39
2 46
2 51
2 58
2 60
2 62
2 79
2 89
2 93
2 107
2 108
2 114
2 124
2 125
2 127
2 132
3 2
3 4
3 8
3 11
3 17
3 22
6 21
6 34
6 39
6 41
6 42
6 45
6 46
6 56
6 61
6 72
6 73
6 74
6 80
7 15
9 6
9 9
9 10
9 20
9 21
10 5
10 7
10 10
10 14
10 21
10 23
10 31
10 33
10 39
10 43
10 46
10 56
12 25
12 28
12 32
12 36
12 40
12 52
12 60
12 61
12 62
12 68
12 72
12 78
12 83
12 99
12 101
12 130
12 132
12 135
12 139
12 150
12 156
12 166
12 175
12 184
12 188
12 194
12 200
12 201
12 204
12 208
12 209
13 30
13 31
13 33
13 35
13 38
13 52
14 2
14 5
14 6
14 9
14 18
14 20
14 21
14 85
14 92
14 95
14 127
14 128
14 130
14 132
14 141
14 145
14 151
14 157
14 158
14 160
14 172
14 177
15 2
15 5
15 26
15 31
15 32
15 34
15 35
15 41
15 50
15 51
15 58
15 59
15 65
15 98
15 99
15 108
15 113
15 115
15 121
15 126
15 189
15 204
15 212
15 213
17 1
17 2
17 4
17 12
17 32
17 38
17 45
17 51
17 62
17 67
17 68
17 75
17 93
18 22
18 25
18 26
18 28
18 35
19 6
19 30
19 38
19 45
19 46
19 51
19 55
19 94
20 2
21 2
21 16
21 23
21 24
21 27
21 33
21 34
21 37
21 40
21 62
21 66
21 73
21 103
21 104
21 108
21 113
21 114
22 9
22 20
22 25
22 27
22 33
22 52
22 60
22 61
22 63
22 82
22 89
22 95
22 102
23 1
23 14
23 21
23 24
23 25
23 37
23 56
23 61
23 62
23 83
25 4
26 45
26 58
26 66
26 72
26 73
26 78
26 79
27 9
27 21
27 22
28 75
28 77
28 78
29 44
29 58
29 60
30 2
30 5
30 6
30 11
30 16
30 21
32 64
32 65
32 72
32 76
33 1
33 15
33 17
34 9
34 23
34 26
34 29
34 33
34 34
34 39
34 41
35 4
35 6
35 9
35 12
35 14
35 20
35 22
35 26
35 27
35 54
35 57
36 5
36 7
36 12
36 14
36 15
36 31
36 34
36 35
36 37
36 38
36 46
36 48
36 52
36 53
36 64
36 66
36 75
36 91
38 22
38 25
38 31
38 71
38 72
38 73
38 77
38 78
38 97
38 98
38 102
38 116
38 119
38 129
38 144
38 145
38 149
38 155
38 172
38 302
38 303
39 10
40 5
42 65
42 66
42 77
42 85
42 89
42 93
42 99
43 11
43 12
43 13
43 17
43 21
43 23
43 50
43 53
43 58
43 63
43 74
44 5
44 14
44 27
44 30
44 48
44 57
44 66
44 85
44 90
44 99
44 103
44 118
44 122
44 138
44 141
44 142
44 167
45 84
45 87
45 105
45 112
45 113
45 121
45 123
45 125
45 126
45 137
45 138
45 139
45 190
45 195
45 196
45 203
45 207
45 208
45 212
45 215
45 221
45 225
45 235
45 239
45 245
45 246
45 254
45 260
45 282
45 284
45 286
47 34
47 38
47 46
47 47
47 51
47 55
47 58
47 63
47 65
47 72
47 133
48 10
48 15
48 20
48 24
48 45
48 101
48 105
48 107
48 115
48 119
48 146
48 153
48 164
49 20
49 27
50 11
50 16
50 18
50 25
51 3
51 6
51 11
51 21
51 25
51 44
51 51
53 34
53 38
53 50
54 3
54 6
54 7
54 12
54 21
54 24
56 2
56 4
56 7
56 11
57 44
57 52
57 54
57 57
57 78
57 81
57 85
57 90
57 91
57 95
57 109
57 110
57 111
57 114
57 121
57 141
57 143
57 147
57 149
57 162
57 183
57 184
57 190
57 193
57 194
57 196
57 201
57 235
57 243
57 255
58 9
58 12
58 32
58 36
58 37
58 40
58 49
58 61
58 62
58 63
58 69
58 76
58 78
59 54
59 55
59 62
59 75
60 9
60 12
60 13
60 16
60 23
60 160
60 166
60 171
60 186
60 189
60 216
61 105
61 108
62 1
62 4
62 9
62 17
62 21
62 22
62 28
62 32
62 40
62 43
62 46
62 52
62 53
62 60
62 66
62 84
62 85
63 11
63 13
63 23
63 33
63 34
63 39
63 46
63 51
63 56
64 1
65 6
65 7
65 22
65 23
65 31
67 3
67 13
67 16
67 17
67 22
67 23
67 30
67 31
67 36
67 42
67 45
67 46
67 52
67 73
67 76
67 77
67 82
67 83
67 95
67 110
67 133
67 145
68 108
69 78
69 84
69 87
69 93
69 94
70 6
70 9
70 28
70 39
70 44
70 45
70 47
70 93
70 94
70 99
70 102
70 104
70 106
70 122
70 125
70 130
70 133
70 138
71 15
71 16
71 23
71 34
71 40
71 51
71 82
71 84
71 85
71 86
71 89
71 91
71 99
71 103
71 104
71 108
71 115
71 123
71 128
71 142
72 4
72 6
72 9
74 28
74 33
74 35
74 38
74 51
74 53
74 68
74 88
74 108
74 122
74 126
75 4
75 5
75 20
75 34
75 35
75 47
75 54
75 59
75 60
75 94
76 13
76 17
76 21
77 4
77 12
77 14
77 16
77 17
77 18
77 26
78 16
78 20
78 28
78 30
78 53
78 59
78 63
78 64
78 66
78 85
78 97
78 100
78 106
78 109
78 112
78 244
78 246
78 252
78 261
78 268
78 282
78 286
78 288
79 2
79 4
80 3
80 7
81 6
81 17
82 6
82 30
82 32
83 6
83 7
83 11
84 3
84 8
85 1
85 5
85 17
85 25
85 34
85 36
85 39
85 41
85 44
85 53
85 54
86 5
86 6
86 9
88 52
88 54
88 66
88 68
88 73
90 32
90 38
90 40
90 42
90 43
90 46
90 51
90 64
90 70
90 74
90 82
90 84
90 85
90 87
93 85
93 93
93 101
93 102
93 108
93 109
93 111
93 116
93 117
93 122
93 125
93 130
93 133
93 138
93 140
93 142
93 153
93 167
93 171
93 172
93 175
93 179
93 181
93 185
93 186
93 204
93 208
93 212
93 246
93 249
93 250
93 252
93 254
93 256
95 35
95 37
95 87
95 90
96 9
96 19
96 24
97 8
97 19
97 26
97 28
97 37
98 2
98 6
98 27
98 29
98 44
98 54
98 55
98 57
98 68
98 75
98 78
98 85
98 89
98 97
98 118
98 165
98 166
98 296
98 299
98 305
98 309
98 312
98 321
98 327
98 330
98 344
98 347
98 350
98 353
98 369
98 371
98 374
98 382
98 388
98 395
98 401
98 421
99 11
99 12
99 15
101 51
101 54
101 62
101 66
101 74
101 75
101 81
101 86
101 87
101 102
101 104
101 109
101 117
101 122
101 128
102 6
102 15
102 18
102 22
102 24
102 25
102 29
102 35
102 55
102 59
102 60
102 66
102 70
102 75
102 78
102 95
104 24
104 25
104 30
104 32
104 38
104 42
104 55
104 64
104 65
104 73
104 76
104 81
104 83
104 85
104 89
104 92
104 94
104 97
104 101
104 117
104 123
104 134
104 150
104 151
104 157
106 22
107 1
107 5
108 5
108 9
108 16
108 38
108 43
108 50
108 52
108 56
108 57
108 72
108 73
108 76
108 79
108 80
108 81
108 82
108 88
108 90
108 95
108 98
108 106
108 114
108 119
108 144
108 147
108 161
108 167
108 169
108 170
109 28
109 32
109 42
109 47
111 78
111 79
111 84
111 93
111 96
111 100
111 115
111 120
111 121
111 160
112 10
112 14
114 4
114 6
114 19
114 29
114 34
114 37
115 3
115 10
115 11
115 17
115 68
