1 5
1 6
1 11
1 13
1 23
1 31
1 51
1 52
1 57
1 58
1 64
1 73
1 78
1 92
1 94
1 95
1 100
1 102
1 104
1 110
1 113
1 114
1 134
1 139
1 180
1 185
1 194
2 3
2 7
2 18
2 20
2 25
2 35
2 38
2 41
3 60
3 64
3 67
4 9
4 14
4 32
4 37
4 45
4 48
4 60
4 62
4 67
4 82
4 106
4 117
4 149
4 150
4 153
4 157
4 158
5 1
5 2
6 8
6 90
7 3
7 10
7 18
7 22
7 35
7 51
7 59
7 62
7 66
8 2
8 5
9 49
9 50
9 51
9 57
9 66
9 71
9 77
9 96
9 101
9 104
9 111
9 131
9 132
9 137
9 142
10 1
10 3
10 6
10 11
10 14
10 23
10 28
10 46
10 58
10 65
10 76
10 78
12 23
12 33
12 39
12 47
12 51
12 54
12 59
12 70
12 74
12 75
12 76
12 81
12 82
12 94
12 101
12 108
12 111
12 113
12 115
12 117
12 123
12 124
12 126
12 128
12 129
12 130
12 142
12 147
12 158
12 161
12 172
13 26
13 29
13 39
13 41
14 2
14 10
14 18
15 16
15 51
15 57
15 58
16 119
16 130
16 132
16 145
16 147
16 158
16 161
16 169
16 172
16 178
16 183
16 192
16 193
16 204
16 206
16 215
16 217
16 218
16 222
16 235
16 237
16 240
16 329
16 334
16 338
16 349
16 354
16 362
16 367
16 377
16 378
16 383
16 384
16 386
16 392
16 393
17 5
18 1
18 4
18 6
18 9
18 15
18 29
18 30
18 33
18 42
18 58
18 82
18 86
18 87
18 99
18 101
18 107
18 113
18 115
18 118
18 120
18 121
19 2
19 3
19 7
19 10
19 15
19 19
19 35
19 40
19 42
19 49
19 50
19 56
19 59
19 60
19 63
19 82
19 83
20 102
20 103
20 104
20 110
20 111
20 141
20 142
20 144
20 147
20 155
20 162
20 163
20 167
20 168
20 171
20 176
20 185
20 192
20 205
20 208
20 216
20 231
20 232
20 236
20 245
20 254
21 5
21 19
21 26
21 30
21 31
21 33
21 36
21 38
21 53
21 55
21 58
21 63
21 64
21 68
21 71
21 75
21 87
21 89
21 97
22 8
24 20
25 7
25 10
25 17
25 24
25 35
25 36
25 40
25 102
26 1
26 9
26 17
26 20
26 22
26 29
26 30
26 33
26 35
26 37
26 70
26 83
26 84
26 85
28 9
28 13
28 16
28 21
28 23
28 26
28 43
28 46
29 6
29 7
29 18
30 17
30 28
30 32
30 39
31 7
31 14
31 20
31 25
31 33
32 2
32 3
32 6
32 8
32 13
32 25
32 31
32 33
32 37
32 40
32 49
32 50
32 51
32 55
32 58
32 61
32 63
32 66
32 69
32 70
32 76
32 78
32 80
32 87
32 88
32 92
32 99
32 103
33 14
34 18
34 32
34 36
34 39
34 54
35 5
36 4
36 6
36 23
36 27
36 42
36 50
36 55
36 78
36 79
36 81
36 92
37 10
37 17
37 19
37 20
37 21
37 25
38 5
38 20
38 25
38 28
38 33
38 43
38 45
38 49
38 72
38 76
38 77
38 81
38 82
38 86
38 92
38 95
38 96
38 99
38 106
38 107
38 109
38 114
38 115
38 116
38 118
39 1
40 5
40 9
40 15
40 22
41 8
41 9
41 13
41 14
41 18
41 24
41 26
41 27
41 40
41 44
41 52
41 59
41 60
41 67
41 68
41 88
41 89
41 91
41 92
41 101
41 102
41 103
41 104
41 111
41 112
41 121
41 130
41 131
41 136
41 144
41 146
41 148
41 151
41 154
41 157
41 160
41 162
41 169
41 172
41 174
41 176
41 177
41 186
41 189
41 192
41 195
41 201
41 205
41 212
41 221
41 232
41 260
41 268
41 275
41 285
41 287
41 293
41 294
41 299
41 302
41 303
42 115
42 123
42 127
42 129
42 133
42 134
42 138
42 139
42 140
42 154
42 155
42 158
42 159
44 60
44 79
44 88
44 92
44 97
44 104
44 110
44 111
44 112
44 120
44 127
44 129
44 130
44 134
44 136
44 142
44 144
44 147
44 276
44 277
44 278
44 287
44 294
44 296
44 297
44 304
44 307
45 1
45 2
45 3
45 5
45 6
45 7
45 8
45 15
45 16
45 30
45 38
45 106
45 113
45 116
45 125
45 128
45 129
45 134
45 140
45 163
45 164
45 174
45 175
45 180
45 187
45 194
46 2
46 4
46 9
46 12
46 31
46 47
46 48
46 57
47 8
47 19
47 21
47 22
47 24
47 27
47 36
47 37
47 46
47 57
47 60
47 70
47 73
47 76
47 79
47 84
47 99
47 104
47 106
47 107
51 28
51 42
51 45
51 60
51 61
51 75
51 76
51 77
51 93
52 10
52 30
53 56
53 58
53 59
53 77
54 5
54 6
54 9
54 10
54 16
54 33
54 35
54 41
54 43
54 53
54 56
54 57
54 61
54 64
54 69
54 77
55 2
55 3
55 9
55 13
55 14
55 20
55 21
55 27
55 29
55 94
55 111
55 112
55 117
55 124
55 133
55 152
55 156
55 158
55 159
56 7
56 17
56 21
56 26
56 29
57 14
57 19
57 23
57 27
57 29
57 31
57 42
57 48
57 58
57 64
57 71
57 80
57 216
57 217
57 221
57 225
57 229
57 232
59 36
59 47
60 6
61 6
61 18
61 86
61 91
61 104
61 111
61 115
61 120
61 124
61 129
61 130
61 132
63 34
63 52
63 57
63 66
64 15
64 20
64 21
65 8
65 12
65 15
65 22
65 23
65 28
65 30
65 33
65 38
65 39
65 41
65 54
65 58
65 59
65 67
65 78
65 91
65 93
65 105
65 107
65 108
65 114
65 115
65 121
65 132
65 137
65 143
65 150
65 152
65 153
65 158
65 160
66 13
66 17
66 22
66 23
66 31
66 35
66 36
66 46
66 71
66 78
66 79
66 81
66 82
66 86
67 19
67 20
67 23
67 35
68 3
68 5
68 12
68 15
68 30
68 40
69 79
70 5
70 8
70 10
70 11
70 18
70 19
70 25
70 26
70 43
70 45
70 50
70 91
70 93
70 97
70 114
70 117
70 123
70 125
70 129
70 134
71 80
72 7
72 17
72 21
72 28
72 34
72 35
75 36
75 37
75 39
75 57
75 61
75 62
75 63
75 68
75 71
75 76
76 6
76 9
76 10
76 16
76 28
76 35
76 39
76 41
76 43
76 47
76 59
78 8
78 9
78 24
78 25
78 29
78 30
78 42
79 16
79 18
79 25
79 28
79 31
79 37
79 44
79 48
79 57
79 67
81 10
81 23
81 26
81 27
81 29
81 31
81 47
81 50
81 56
81 60
81 69
81 72
81 130
81 150
81 151
81 163
81 170
81 172
81 183
81 185
81 194
81 198
81 201
81 204
81 205
81 209
81 211
81 214
82 3
82 4
82 12
82 21
82 22
82 24
82 28
82 41
82 47
82 49
83 6
83 51
83 71
83 74
83 75
83 88
83 91
83 98
83 100
83 110
83 127
83 133
83 139
83 143
83 160
83 164
83 171
83 177
83 188
83 191
83 196
83 200
83 204
83 219
83 225
83 241
83 250
83 261
83 268
83 274
83 286
83 291
86 99
86 101
86 110
86 112
86 115
86 116
86 132
86 139
86 141
86 143
86 152
87 102
87 105
87 108
87 119
87 125
88 3
88 7
88 8
88 9
88 17
88 19
88 28
88 30
88 31
88 47
88 49
88 51
88 71
88 76
88 103
88 106
89 1
89 12
89 17
89 25
89 28
89 31
89 41
89 45
89 46
89 52
89 55
89 56
89 58
89 67
89 69
89 70
89 77
89 81
89 87
89 89
89 98
89 101
89 114
90 2
93 45
93 50
96 31
96 32
96 37
96 41
96 42
96 45
96 49
96 66
96 88
96 96
96 98
96 110
96 115
96 120
96 139
96 140
96 141
96 144
96 150
96 156
96 183
97 2
97 3
97 7
97 13
97 41
98 93
98 103
98 106
98 114
98 121
98 124
98 130
98 145
98 149
98 151
98 157
98 166
98 169
98 174
98 178
98 188
98 195
98 205
98 222
98 223
98 226
98 255
98 261
98 266
98 270
98 273
98 282
98 288
98 290
98 299
98 301
98 305
102 72
102 99
102 102
102 103
102 110
102 120
102 122
102 241
103 5
103 10
105 72
105 88
105 92
105 103
105 104
105 105
105 112
105 126
105 133
105 137
105 141
105 145
105 146
105 151
105 165
106 2
106 8
106 10
106 18
106 34
106 40
106 41
107 2
107 4
107 6
107 8
107 10
107 28
107 30
107 36
107 58
107 66
107 68
107 86
107 102
107 106
107 107
107 110
107 111
107 120
107 138
107 139
107 145
