1 1
1 19
1 25
1 33
1 45
1 57
1 72
1 77
1 125
1 128
1 131
1 139
1 141
1 145
1 162
1 167
1 170
1 173
1 174
1 186
1 187
1 188
1 228
1 242
3 122
3 124
4 78
4 81
6 14
6 20
6 27
6 28
6 34
6 60
6 69
6 79
6 83
6 88
6 93
6 94
6 96
6 98
7 9
7 14
7 18
7 23
7 35
7 38
7 40
7 43
7 45
7 49
7 60
7 88
7 98
7 100
7 203
7 223
7 234
7 236
7 240
7 251
7 255
7 259
7 260
7 261
7 273
7 290
7 293
7 311
7 320
7 324
7 325
7 345
7 365
7 376
7 383
7 388
7 394
7 397
7 400
7 407
7 415
7 417
7 424
7 426
7 427
7 436
7 439
7 447
7 449
7 452
7 454
7 458
7 462
7 465
7 471
7 475
7 480
8 34
8 37
8 38
8 40
8 46
8 54
8 60
8 159
8 162
8 163
8 172
8 173
8 175
9 8
9 14
9 20
9 30
9 52
9 60
9 61
9 62
9 102
9 113
10 3
12 36
12 37
12 41
12 47
13 8
13 17
13 18
14 1
14 6
14 14
14 20
14 21
14 28
14 30
14 36
14 38
14 43
15 23
15 24
15 26
15 29
15 30
15 34
15 41
15 52
15 59
15 61
15 72
15 75
15 78
15 85
15 96
15 97
15 101
15 105
15 121
15 122
15 136
16 13
16 23
16 37
16 41
16 44
16 48
16 60
16 65
16 67
16 75
16 77
16 79
16 81
16 88
16 97
16 99
17 9
17 11
17 15
17 17
18 124
18 131
19 1
19 2
19 10
19 14
20 6
20 9
20 13
20 14
20 25
21 1
21 8
21 9
21 12
21 15
21 20
22 140
22 152
22 153
22 177
22 184
22 196
22 197
22 212
22 213
22 220
22 223
22 232
22 235
22 238
22 240
22 241
23 6
23 11
23 48
25 1
25 8
25 39
25 46
25 48
25 52
25 54
25 57
25 70
25 82
25 87
25 91
25 92
25 99
25 112
25 120
25 131
25 132
25 139
25 152
25 172
25 175
26 131
26 133
26 136
27 12
27 14
27 44
27 50
27 58
27 71
27 73
27 86
27 89
27 98
27 109
27 112
27 122
27 128
27 129
27 135
27 151
27 153
27 154
27 157
27 159
27 164
27 166
27 191
28 4
28 5
28 16
29 8
29 10
32 12
32 17
32 34
32 40
32 41
32 48
32 51
33 15
33 17
33 18
33 20
33 30
33 31
33 36
33 41
33 51
34 3
34 4
34 9
34 11
34 32
34 37
34 42
34 44
34 49
34 50
34 66
34 71
35 2
35 8
35 12
35 15
35 18
36 7
36 16
36 18
36 19
36 21
36 23
36 34
36 36
36 50
36 54
37 13
37 16
37 18
37 31
37 41
37 52
37 62
37 91
38 1
38 3
38 11
38 12
38 13
38 14
39 19
39 40
39 44
39 54
39 59
40 3
40 4
40 13
40 26
40 35
40 38
40 44
40 45
40 177
40 209
41 114
41 127
41 130
41 138
41 141
41 142
41 153
41 156
41 159
41 167
42 124
42 125
42 142
42 146
42 152
42 156
42 172
42 182
42 184
42 198
42 199
42 201
42 210
42 211
44 25
44 30
44 52
44 54
44 56
44 60
44 65
44 69
45 29
45 56
45 58
45 59
45 62
45 64
45 69
45 77
45 81
45 83
45 94
45 97
45 100
45 103
45 105
45 107
45 110
45 112
45 115
45 121
45 127
45 133
45 134
46 2
47 84
47 96
47 98
47 99
47 109
47 110
47 114
48 1
49 11
49 13
49 78
49 80
49 86
49 87
49 97
50 9
50 12
50 20
50 33
50 34
50 37
50 39
50 54
50 59
50 60
50 63
50 64
50 70
50 76
50 79
50 88
50 96
50 104
50 107
50 114
50 115
50 129
50 136
50 138
50 145
50 155
50 159
50 164
50 182
50 191
50 192
50 204
50 205
50 206
50 209
50 211
50 217
51 14
51 17
51 21
51 28
51 30
51 32
52 1
52 4
52 6
52 21
52 24
53 2
54 1
54 5
54 7
54 9
54 13
55 1
56 60
56 66
56 68
56 80
56 84
56 107
56 109
56 112
56 114
56 115
56 119
56 122
57 2
57 15
57 25
57 27
57 39
57 40
57 52
57 58
57 67
57 69
57 70
57 78
57 79
57 83
57 90
57 99
57 101
57 107
58 3
58 31
58 35
58 36
58 39
58 45
58 66
58 68
59 9
59 11
62 2
62 9
62 10
62 14
62 17
62 18
63 22
63 67
63 69
63 74
63 77
63 79
63 80
63 83
63 84
63 89
64 1
64 2
64 5
64 14
64 15
64 29
64 33
64 34
64 39
64 46
64 54
65 6
65 8
65 13
65 29
65 31
65 34
65 35
65 41
65 50
66 4
66 8
66 33
66 37
66 43
66 66
66 72
66 74
66 78
67 18
67 20
69 60
69 70
69 110
69 111
69 119
69 126
69 127
69 129
69 131
69 132
69 149
69 161
69 163
69 178
69 195
69 196
69 210
69 220
70 80
70 82
70 91
70 93
70 101
70 102
70 105
70 117
70 118
70 125
72 6
72 15
72 19
72 25
72 30
72 52
74 33
74 40
75 2
75 15
75 37
75 47
75 52
75 61
75 65
75 72
76 8
76 31
76 33
76 39
76 40
76 43
76 55
76 57
76 67
77 10
77 12
77 14
77 15
77 18
78 2
80 24
80 34
80 37
80 40
80 49
80 52
80 55
80 62
80 68
80 71
80 73
81 16
82 55
82 59
82 69
82 71
82 79
82 81
82 83
82 93
82 94
82 95
82 96
82 98
82 102
82 113
82 135
82 138
82 139
83 125
84 1
84 8
84 14
84 17
84 18
84 29
84 31
84 32
84 35
84 45
84 49
84 52
84 55
84 67
84 76
84 89
84 104
84 106
84 146
84 155
84 167
84 172
84 185
84 186
84 199
85 21
85 22
85 23
85 28
85 32
85 38
85 40
85 44
85 48
85 53
85 69
85 77
85 94
85 95
85 101
85 105
85 108
85 114
85 128
85 129
85 134
85 135
85 137
85 147
85 153
85 161
85 176
85 177
85 179
85 183
85 185
85 186
85 191
85 192
85 198
86 10
86 23
86 28
87 20
88 71
88 75
88 80
88 102
88 117
88 121
88 125
88 127
88 131
88 139
88 145
88 160
88 169
88 173
88 179
88 182
88 189
88 191
88 339
88 344
88 354
88 355
88 358
88 359
88 361
88 363
88 370
88 384
88 387
88 391
88 393
88 394
88 396
89 9
89 15
89 16
89 20
89 22
89 25
89 26
89 28
89 133
89 149
89 157
89 162
89 173
89 174
89 176
89 180
90 5
91 2
91 4
91 18
93 4
93 6
93 16
93 30
93 32
93 34
93 36
93 39
93 40
93 44
93 48
93 49
93 58
93 90
93 96
93 120
93 124
93 129
95 5
95 9
95 16
95 26
95 27
95 34
95 78
95 79
95 82
95 84
96 1
96 6
98 26
98 28
98 29
98 30
98 37
98 42
98 44
98 45
98 50
98 51
98 64
98 68
98 76
99 68
99 69
99 79
99 83
99 85
100 3
100 13
100 16
100 26
100 33
100 45
100 55
100 56
100 58
100 62
100 66
100 79
100 85
100 86
100 97
100 98
100 99
100 102
100 121
100 126
100 129
100 138
100 142
100 161
100 162
100 163
100 166
100 168
100 176
100 181
100 192
100 196
100 198
100 200
100 208
100 229
100 231
100 234
101 13
101 16
101 33
101 34
101 48
101 49
101 57
