1 5
1 11
1 23
1 31
2 13
5 47
5 53
5 57
5 61
5 62
5 71
5 78
6 8
6 10
6 20
6 22
6 25
6 30
6 31
6 33
6 37
6 45
6 48
7 2
7 3
7 4
7 9
7 20
7 31
7 36
7 37
7 81
7 83
7 88
7 165
7 168
7 186
7 189
7 192
7 197
7 200
7 204
7 209
7 245
7 269
7 275
7 286
7 300
7 311
7 312
7 407
8 31
8 46
8 49
8 52
8 143
8 149
8 150
8 151
8 155
8 164
8 172
8 177
8 214
8 218
8 223
8 229
8 252
8 257
8 259
8 261
8 263
8 266
9 3
9 7
9 16
9 19
9 25
10 2
10 11
12 2
13 8
15 14
15 25
15 41
15 49
15 60
15 66
15 71
16 15
16 26
16 40
16 54
16 56
16 58
16 60
16 61
16 67
16 70
16 73
16 77
16 79
16 85
16 86
16 90
16 96
16 98
16 99
16 103
16 104
16 113
16 117
16 123
16 126
16 138
16 146
16 147
16 150
16 153
16 157
17 8
17 21
17 31
17 71
18 2
18 12
18 30
18 41
18 46
18 47
18 52
18 58
18 83
18 85
18 88
18 89
18 97
19 26
19 29
20 6
20 12
20 14
20 21
20 22
21 3
21 9
21 12
21 19
21 23
21 29
21 32
21 39
22 5
22 10
22 15
22 40
22 43
22 58
22 59
22 73
22 123
22 125
22 128
22 137
22 142
22 148
23 69
23 74
23 80
23 89
23 146
24 18
24 19
24 26
24 27
24 36
24 49
24 50
24 65
24 66
24 68
24 75
24 84
24 87
24 93
24 95
24 104
24 207
24 209
24 212
25 3
25 13
25 28
25 37
25 62
25 64
25 68
25 75
25 86
26 1
26 4
26 16
26 22
26 26
26 28
26 31
26 34
26 36
26 37
26 41
27 2
27 3
27 4
27 8
27 9
27 19
27 21
27 23
27 25
27 26
27 30
27 34
27 47
27 53
27 67
27 69
27 73
29 71
29 74
29 75
29 80
29 85
29 86
29 95
29 99
29 106
29 107
29 116
29 135
29 137
29 152
30 10
30 17
30 19
30 37
30 45
30 59
30 60
30 65
30 67
30 70
30 88
30 90
30 94
30 95
30 104
30 106
30 115
30 118
30 139
32 72
32 78
32 105
32 111
32 120
32 123
32 129
32 136
32 137
33 124
33 125
33 128
33 132
33 134
33 176
33 177
33 178
33 180
33 181
33 184
33 281
33 282
33 285
33 286
33 312
33 313
33 321
33 339
33 350
33 355
34 66
37 2
37 4
37 7
37 15
37 17
37 19
37 25
37 30
37 31
37 38
38 1
38 4
38 9
38 12
38 36
38 40
38 52
38 63
39 3
39 16
39 21
39 39
39 43
39 45
39 57
39 59
39 75
39 206
39 207
39 213
39 214
39 219
39 223
39 225
39 229
39 230
39 233
39 238
39 240
40 20
40 23
40 29
40 30
40 56
40 73
42 36
42 39
42 42
42 60
42 61
42 63
42 64
42 67
42 68
42 70
42 76
42 81
42 82
42 86
42 88
43 23
43 25
43 36
43 46
43 52
43 74
43 77
43 79
45 12
46 2
47 4
47 8
48 6
48 8
48 10
48 11
48 21
48 35
48 39
48 42
48 48
49 53
49 56
49 57
49 58
49 60
49 70
49 71
49 170
49 181
49 190
49 198
49 201
49 202
50 2
51 6
51 8
51 9
51 27
53 8
54 5
54 6
54 9
54 14
54 15
54 19
54 20
54 22
54 23
54 29
57 3
57 4
57 8
57 9
57 11
57 12
57 16
57 27
57 29
57 38
57 40
57 42
57 47
57 50
57 71
57 79
57 82
57 88
57 95
57 101
57 103
57 105
57 114
57 116
57 123
58 13
59 8
59 16
59 25
59 36
59 39
59 73
59 78
59 79
59 175
59 196
59 197
59 198
59 199
59 204
59 209
59 213
59 216
59 225
59 234
59 357
59 361
59 362
59 367
59 368
59 410
59 414
59 418
59 419
59 433
60 10
60 11
60 18
60 19
60 23
60 33
61 17
63 2
63 7
63 18
63 37
63 48
63 52
65 4
65 11
65 26
65 33
65 61
65 63
65 65
65 66
65 71
65 79
65 83
65 94
65 123
66 1
66 23
67 6
67 16
67 17
67 18
67 40
67 41
67 43
67 44
67 45
67 49
67 58
67 64
67 72
67 76
67 80
67 112
67 113
67 122
67 124
67 129
67 134
67 136
67 155
67 157
67 159
68 7
68 10
68 23
68 77
68 79
69 10
69 24
69 31
69 35
69 42
69 48
71 1
71 15
71 17
71 20
71 21
71 23
71 31
71 35
71 37
71 43
71 57
71 59
71 68
71 71
71 72
71 78
71 82
72 1
72 18
72 21
74 37
74 41
74 46
74 69
74 73
74 79
74 81
75 18
75 47
75 178
75 182
75 184
75 186
75 190
75 199
75 214
75 220
75 225
76 8
76 13
76 14
76 28
76 38
76 47
76 50
76 52
76 75
76 77
76 83
77 7
77 8
77 18
77 22
77 24
77 28
77 36
77 40
77 41
77 47
77 52
77 58
78 9
78 10
78 12
78 14
78 20
78 24
79 1
79 2
79 3
79 5
79 6
79 13
79 16
79 18
79 21
79 69
79 81
79 82
79 88
79 90
79 95
79 97
79 101
79 108
79 112
79 129
79 151
79 159
79 162
79 166
79 286
80 4
80 5
80 8
80 17
80 19
80 23
80 39
80 41
80 43
80 44
80 54
80 64
80 71
81 8
81 10
81 42
82 29
82 35
82 37
82 39
82 46
82 51
82 52
82 67
82 81
82 86
82 98
82 106
82 114
82 126
82 137
82 141
82 150
82 151
82 161
82 163
82 165
82 167
85 7
85 11
85 21
86 3
87 11
87 18
87 21
89 3
89 5
89 17
89 21
89 28
89 36
89 47
89 49
89 56
89 57
90 1
90 17
90 21
90 32
90 33
90 42
90 79
90 89
90 99
90 105
90 107
90 111
90 112
90 114
90 118
90 123
90 124
90 146
90 168
90 169
90 170
91 29
91 34
91 36
91 39
91 48
92 1
92 79
92 87
92 94
92 108
92 182
92 187
92 229
94 33
94 36
94 39
94 41
94 55
94 59
94 65
94 76
94 77
94 81
94 85
94 91
95 30
96 1
96 10
96 45
96 58
96 59
96 65
96 69
96 82
96 83
96 88
96 92
96 98
96 107
96 108
96 110
96 114
96 125
96 129
96 131
96 137
96 140
96 141
96 144
97 35
97 36
97 37
97 41
98 1
98 5
98 17
98 34
98 35
98 39
98 41
98 45
98 53
99 5
99 17
99 21
99 33
99 48
99 58
99 62
99 67
99 79
99 82
99 92
99 93
99 123
99 127
99 128
99 181
99 192
99 202
99 204
99 212
100 4
100 13
100 15
100 20
101 2
101 83
101 89
101 92
101 94
101 100
101 103
101 107
101 110
101 113
101 114
101 115
101 126
102 1
102 2
102 7
102 18
102 27
102 42
102 43
102 44
102 53
102 58
102 110
102 113
102 114
102 118
102 120
102 124
102 129
