2 61
2 65
2 68
3 14
3 18
3 72
3 73
3 77
3 80
3 85
3 100
3 101
3 106
3 107
3 224
3 227
3 229
3 230
3 235
4 9
4 24
4 29
4 40
4 45
4 48
4 56
5 5
5 9
5 10
5 13
5 17
5 24
5 32
5 43
5 45
5 46
5 52
5 53
5 64
5 65
5 71
5 76
5 91
5 105
5 112
5 117
5 124
5 128
5 132
5 136
5 137
5 138
5 145
5 275
5 276
5 282
5 288
7 35
7 45
7 53
7 54
7 61
7 75
7 78
7 80
7 85
7 116
7 117
7 217
7 220
7 229
7 230
7 242
7 259
7 261
7 264
7 267
7 276
7 281
7 381
7 382
7 387
7 391
7 399
7 406
7 407
7 408
7 415
7 422
7 423
7 426
7 430
7 438
7 451
7 458
7 475
7 490
7 495
7 514
7 520
7 526
8 2
9 122
9 124
9 129
9 130
9 133
9 143
9 147
9 149
9 158
9 162
9 163
9 169
9 170
10 51
10 53
10 54
10 56
10 73
10 75
10 85
10 90
10 94
10 98
10 105
10 109
10 121
10 126
10 128
10 137
10 138
10 140
10 148
10 150
10 151
11 14
11 19
11 25
11 48
11 51
11 62
11 67
11 72
11 76
11 77
11 86
11 92
11 94
11 96
11 97
11 99
11 105
11 110
11 115
11 119
11 124
12 3
12 6
12 13
12 21
12 25
12 30
12 31
12 39
12 48
12 51
12 54
12 60
12 65
12 69
12 86
12 87
12 88
12 96
12 98
12 100
12 107
12 127
12 130
12 138
12 160
12 165
12 166
12 174
12 199
12 200
12 201
12 207
12 212
12 217
12 223
12 228
13 3
13 6
13 9
13 12
13 15
13 16
13 19
13 24
13 35
13 50
13 56
15 8
15 9
15 10
15 17
15 20
16 6
16 10
16 12
16 13
17 4
17 7
17 9
17 12
17 32
17 37
17 46
17 47
17 48
17 54
17 58
17 59
17 61
17 73
18 7
18 15
18 26
18 31
18 40
18 41
18 45
18 49
18 52
19 6
20 58
20 61
20 63
20 69
20 72
20 73
20 74
20 77
20 78
20 86
20 89
20 96
20 100
21 4
21 5
21 11
21 14
21 19
21 23
21 27
21 33
21 41
21 45
21 46
21 49
22 6
23 122
23 125
23 129
23 131
23 145
23 152
23 159
23 160
23 170
23 184
23 185
23 186
23 195
23 198
23 227
23 230
23 233
23 234
23 236
23 238
23 239
23 241
23 245
23 254
23 256
23 259
23 267
23 269
23 275
24 2
24 9
24 18
24 41
24 43
24 53
24 57
24 63
24 68
25 104
25 110
25 118
25 130
25 136
25 148
25 161
25 169
25 172
25 173
25 179
25 181
32 9
32 17
32 23
32 28
32 33
32 43
32 172
33 11
33 12
33 20
33 21
33 23
33 31
33 33
33 36
33 37
33 41
33 43
33 48
33 107
33 112
33 114
33 116
33 128
33 130
33 135
33 145
33 150
33 155
34 31
34 41
34 49
34 50
34 54
34 83
34 84
34 87
34 90
34 95
34 107
34 113
34 114
34 118
34 122
34 136
34 143
34 144
34 158
35 2
35 3
35 28
35 46
35 56
35 67
35 72
35 78
35 80
35 90
35 104
35 114
35 129
35 132
36 118
36 119
36 124
36 139
36 142
36 152
36 155
36 165
36 170
36 172
36 173
36 176
36 185
36 196
36 210
36 222
36 227
36 231
36 232
36 236
36 257
36 280
36 286
36 293
36 302
36 304
36 310
36 312
36 325
36 327
36 328
37 4
37 6
37 9
37 12
37 20
37 22
37 24
37 39
37 40
38 1
38 3
40 110
40 117
40 119
41 6
41 20
41 27
41 33
41 37
41 43
41 44
42 2
42 5
42 7
42 9
42 13
42 20
42 22
42 25
42 26
42 34
42 50
42 55
42 58
42 60
43 131
43 134
43 135
43 143
43 145
43 151
43 168
43 169
43 174
43 177
43 187
43 191
43 193
43 194
43 196
43 197
43 202
44 1
44 6
44 9
44 12
44 19
44 26
44 137
44 149
44 155
44 161
44 168
44 171
44 174
44 181
44 184
44 189
44 191
44 198
44 201
44 204
44 205
44 206
44 212
44 215
44 224
44 238
44 239
44 241
44 248
44 255
44 264
44 266
44 277
45 13
45 25
45 29
45 31
45 39
45 47
45 57
45 65
46 1
46 4
48 18
48 19
48 38
48 39
48 46
48 50
48 54
48 57
48 58
48 61
48 64
48 74
48 78
48 82
48 84
48 90
48 91
48 108
48 113
48 121
48 159
48 163
48 165
48 169
48 180
48 181
48 185
48 187
50 3
50 5
50 6
50 9
50 11
50 18
50 20
50 21
50 28
50 42
51 13
51 29
51 32
51 34
51 40
51 48
51 54
51 57
51 59
51 68
52 3
52 17
52 22
52 30
52 36
52 53
52 55
52 56
52 59
52 78
52 85
52 86
52 88
52 89
52 94
52 101
52 102
52 105
52 106
52 108
52 110
52 116
52 124
52 131
52 132
52 136
52 139
52 140
53 44
53 50
53 55
53 57
53 60
53 65
53 67
53 68
53 69
53 75
53 87
53 88
53 89
53 94
53 98
53 107
53 108
53 118
53 123
53 125
55 20
56 1
57 5
60 12
60 13
60 16
60 17
60 26
60 29
62 44
62 54
62 65
62 77
62 84
62 96
62 103
62 105
62 114
62 120
62 125
62 127
62 128
62 131
62 135
62 136
62 138
62 139
62 140
62 156
62 158
63 18
63 24
63 39
63 55
63 59
63 92
63 97
63 98
63 105
63 107
63 113
63 114
63 116
63 126
63 134
63 159
63 161
63 171
63 174
63 182
63 185
64 16
64 17
64 20
64 23
64 25
64 27
64 32
64 33
64 35
64 37
65 65
65 67
65 70
65 72
65 73
65 83
65 88
66 2
66 3
66 8
66 10
66 16
66 18
66 27
66 51
66 60
68 10
68 12
68 15
70 2
70 3
70 9
70 12
71 1
71 9
71 10
71 11
71 56
71 70
71 72
71 77
71 79
71 88
71 89
71 92
72 17
73 7
73 8
73 21
73 23
73 32
73 43
74 43
74 51
74 57
74 58
74 61
74 63
74 66
75 2
75 4
75 5
75 8
75 11
75 17
75 20
75 22
75 37
75 40
75 44
75 47
75 50
75 60
75 63
75 67
75 68
75 69
76 71
76 75
76 209
76 213
76 221
76 230
76 235
76 243
76 252
76 253
76 254
76 267
76 269
76 271
76 272
77 1
77 2
77 28
77 30
77 32
77 37
77 128
77 134
77 139
78 68
78 69
79 1
79 5
79 7
79 10
79 14
79 16
79 23
79 24
79 31
79 32
79 34
79 59
79 70
79 73
79 76
79 83
79 92
79 100
79 108
79 110
79 114
79 138
79 164
79 171
79 172
79 177
79 181
80 33
80 40
80 43
80 44
80 49
80 52
80 53
80 55
80 56
80 62
80 63
80 70
80 77
80 79
80 84
80 87
80 88
80 91
80 98
80 104
80 114
80 120
80 140
80 148
80 168
80 185
80 187
80 190
80 195
80 199
80 207
80 215
80 216
80 217
80 225
80 226
80 246
80 251
80 275
80 276
80 282
80 284
80 294
81 14
81 21
82 1
82 3
82 5
82 10
82 18
82 25
82 32
83 3
83 8
83 27
83 32
83 33
83 40
84 3
84 4
84 9
84 14
84 15
84 17
84 22
84 28
84 31
84 33
84 40
84 60
84 74
84 77
84 78
84 83
84 93
84 96
84 98
84 153
84 160
84 167
84 168
84 170
84 175
84 183
84 184
84 188
84 191
84 192
84 198
84 199
85 1
85 3
85 122
86 7
86 17
86 19
86 30
87 1
87 11
87 12
87 13
87 17
87 21
87 24
89 4
89 8
89 10
89 14
89 24
89 30
89 34
89 39
89 43
89 54
89 58
89 69
89 70
89 74
89 76
90 4
90 12
90 16
90 22
90 26
90 27
90 38
90 40
90 42
91 5
91 15
91 16
91 27
91 34
92 12
92 13
92 20
92 25
92 27
92 28
92 39
93 22
93 25
93 27
93 28
93 31
93 38
93 43
93 45
93 61
93 67
93 70
93 79
93 82
93 83
93 92
93 97
93 98
93 107
94 21
94 25
94 44
94 48
94 49
94 52
94 54
95 1
95 4
95 9
95 12
95 15
95 16
95 17
96 13
96 16
96 21
97 1
97 5
97 7
97 14
97 16
97 19
97 20
97 24
97 25
98 2
98 4
98 6
98 8
98 13
98 16
98 23
98 26
98 32
98 54
98 57
98 59
98 63
98 67
98 68
101 1
101 5
101 6
101 20
101 21
101 25
101 26
101 27
101 32
101 37
101 39
101 44
101 48
101 51
101 63
101 69
101 71
101 72
101 82
101 87
101 90
101 101
101 102
101 109
101 110
101 113
101 122
101 132
102 18
102 26
102 29
102 67
102 75
102 80
102 88
102 98
102 107
102 109
