1 7
1 14
2 20
2 26
2 45
2 46
2 49
2 51
2 59
2 61
2 66
2 68
2 75
2 80
2 85
2 104
2 105
2 109
2 116
2 124
2 146
2 147
2 160
2 169
2 178
2 196
2 200
2 202
2 225
2 234
2 252
2 255
2 261
2 266
3 43
3 44
3 48
3 51
3 55
3 69
3 72
3 80
3 84
3 85
4 3
4 11
4 13
4 14
4 34
4 42
4 45
5 26
5 31
5 33
5 41
5 43
5 46
5 47
5 52
5 58
5 84
5 87
5 88
5 96
5 100
5 106
5 111
5 122
6 7
6 18
6 21
6 28
6 31
7 4
7 9
7 26
7 47
7 50
7 53
7 60
7 63
7 75
7 77
7 80
7 82
7 84
8 1
8 4
8 7
8 10
8 24
8 30
8 37
8 40
9 93
9 108
9 110
9 125
9 127
10 4
10 8
10 16
10 20
10 37
10 38
10 45
10 46
10 54
10 57
10 61
10 64
11 5
11 19
11 20
11 22
11 29
11 35
11 41
11 47
11 54
11 62
12 3
12 7
12 12
12 17
12 18
12 22
12 23
12 24
12 27
12 39
12 113
12 114
12 124
12 138
14 20
14 21
14 27
14 28
14 31
14 46
14 47
14 53
14 55
14 60
14 65
14 68
14 69
14 72
14 77
14 80
14 81
14 82
14 83
14 87
14 98
14 113
14 242
14 244
14 248
14 250
14 265
14 271
14 272
14 279
14 281
14 285
14 293
14 301
14 302
14 306
14 311
14 312
14 322
14 332
14 333
15 1
15 4
15 7
15 9
15 16
15 30
15 31
15 36
15 42
15 43
15 172
15 195
15 211
15 219
15 222
15 223
15 228
15 233
15 323
15 355
15 357
15 362
15 363
15 366
15 382
15 394
15 397
15 402
16 6
16 21
16 22
16 45
16 48
16 55
16 57
17 8
17 25
18 10
18 21
18 22
18 38
18 43
20 18
20 19
20 25
21 29
21 32
21 40
21 44
21 48
21 54
21 59
21 69
21 75
21 77
21 92
21 96
21 98
21 105
21 110
21 126
21 130
21 133
21 144
21 158
21 161
21 164
21 170
21 184
21 199
21 202
21 210
21 219
21 222
21 223
21 233
21 235
21 251
21 256
22 5
22 7
22 10
22 15
22 21
22 23
22 25
22 26
22 28
22 34
22 59
22 73
22 79
22 82
22 212
22 215
22 221
22 225
22 226
22 232
22 284
22 288
22 292
24 9
24 19
24 24
24 25
24 31
27 28
27 31
27 37
27 40
27 41
27 42
27 44
27 45
27 52
27 63
27 70
27 72
27 88
27 108
27 114
27 124
27 129
27 132
27 133
27 139
27 142
28 38
28 43
28 49
28 54
28 57
28 62
28 64
28 65
28 66
28 68
28 72
28 76
28 78
28 79
28 84
28 92
28 102
28 120
28 128
28 135
28 140
28 145
28 151
28 153
28 156
28 265
28 273
28 302
28 303
28 310
28 317
28 332
28 337
28 341
28 343
28 345
28 350
29 2
29 12
29 15
29 17
29 25
29 37
29 39
29 45
29 50
29 51
29 62
29 64
29 70
29 73
29 76
29 78
29 79
29 84
29 108
29 142
29 143
29 147
30 13
30 17
32 2
32 4
32 5
32 10
33 1
33 3
33 5
33 7
33 12
33 18
33 24
33 33
33 43
33 45
33 46
33 49
33 53
33 57
33 58
33 74
33 83
33 84
33 89
33 97
34 12
34 33
34 110
35 7
35 9
35 15
35 17
36 25
37 2
37 3
37 6
37 11
37 20
37 24
37 36
37 43
38 83
38 90
38 93
38 100
38 112
38 117
39 10
39 12
39 15
39 22
39 28
39 33
39 38
39 40
39 44
39 46
39 167
39 168
39 179
39 183
40 9
40 10
40 11
40 15
40 17
40 18
40 21
40 23
40 26
40 30
40 42
40 43
40 44
40 45
40 47
40 64
40 69
40 82
40 89
40 91
40 97
40 101
41 47
43 61
43 67
43 70
43 73
43 74
43 85
43 88
43 110
43 115
43 118
43 120
43 122
43 125
43 126
43 131
43 134
43 136
43 140
43 155
43 158
44 4
44 21
44 22
44 27
44 30
44 34
44 52
44 56
44 57
44 70
44 75
44 79
44 80
44 82
44 83
44 84
44 92
44 100
44 101
44 104
45 125
45 130
45 208
45 235
45 236
45 240
45 264
45 266
45 267
45 270
45 278
46 2
46 3
46 9
46 10
46 17
46 23
46 25
46 35
47 4
47 5
47 9
47 13
47 15
47 20
47 23
47 27
47 28
47 40
47 44
47 118
47 119
48 1
48 4
48 15
48 22
48 34
48 82
48 84
48 168
48 175
48 179
48 196
48 198
48 215
48 217
48 218
49 1
49 4
53 26
53 42
53 48
53 52
53 56
53 61
53 65
53 74
53 81
53 87
53 196
53 197
53 200
53 203
53 208
53 212
53 217
53 223
53 233
53 246
53 248
53 256
53 259
53 261
53 264
53 267
53 268
53 275
53 276
54 27
54 35
54 46
55 21
55 31
55 33
55 36
55 45
55 54
55 57
55 58
55 62
55 65
55 67
55 77
55 80
55 81
56 8
56 15
56 16
56 32
56 35
56 50
56 51
56 71
56 81
56 87
56 89
57 5
57 10
57 14
57 16
57 21
57 22
57 24
58 21
58 28
58 45
58 48
58 55
58 56
58 61
58 62
58 63
58 66
60 15
60 19
60 20
60 27
60 35
60 167
60 249
60 369
60 370
60 371
60 373
60 374
60 378
60 385
60 386
60 388
60 389
60 401
60 403
62 26
62 27
62 33
62 34
62 37
62 49
62 52
62 54
62 55
62 61
62 72
62 135
62 137
62 143
62 146
62 147
62 156
62 158
62 160
62 165
62 167
62 179
62 183
62 185
62 186
62 197
62 211
63 18
63 23
63 28
63 29
63 32
64 1
64 8
64 13
64 18
64 20
64 21
66 4
66 23
66 31
66 36
66 42
66 56
66 59
66 61
66 62
66 75
66 77
66 95
66 96
66 100
66 107
66 114
67 2
67 5
67 6
67 20
67 21
67 28
67 31
67 42
67 43
67 46
67 59
67 64
67 71
67 79
67 81
67 86
67 93
67 103
67 112
69 35
69 37
70 1
70 11
70 15
70 23
70 25
70 34
70 49
70 53
70 57
70 66
70 69
70 71
70 72
70 82
70 83
70 86
70 97
70 101
70 102
70 103
70 106
70 107
70 109
70 110
70 113
70 114
70 119
70 122
70 125
70 134
70 141
70 145
70 147
70 158
70 160
70 161
70 164
70 167
70 177
70 233
70 246
70 287
70 288
70 296
70 299
70 313
70 331
70 491
70 501
70 504
70 532
70 533
70 543
70 547
70 548
70 549
70 670
70 672
70 689
71 6
71 8
71 18
71 30
71 31
71 37
72 5
72 6
72 8
72 27
72 31
72 40
72 44
72 45
72 48
72 53
72 55
72 61
72 85
72 88
72 90
72 95
72 97
72 113
72 115
72 117
72 125
72 126
72 129
73 37
73 61
73 69
74 1
74 2
74 6
74 12
74 13
74 21
74 23
74 28
74 29
74 43
74 53
74 57
74 63
74 64
74 69
74 70
74 71
74 74
74 80
74 86
74 93
75 7
75 8
75 10
76 19
76 21
76 45
76 49
76 55
77 97
77 99
77 110
77 112
77 113
77 115
77 116
77 123
77 128
77 131
77 133
77 242
77 258
77 261
77 271
77 272
77 280
77 292
77 294
77 301
77 313
80 32
80 33
80 40
80 46
80 49
80 52
80 53
80 55
80 69
80 78
80 80
80 82
80 87
