1 8
1 11
1 15
1 22
1 25
1 28
1 31
1 35
1 41
1 51
1 61
1 63
1 69
2 5
2 6
2 12
2 38
2 42
2 44
2 46
2 48
2 50
3 30
3 40
3 41
3 44
4 38
4 40
4 45
4 71
4 75
4 79
4 83
4 88
4 99
5 1
8 19
8 26
8 29
8 37
8 39
10 48
10 50
10 53
10 57
10 74
10 77
10 79
12 20
12 25
13 12
13 14
13 16
13 21
13 25
13 29
13 33
13 37
13 44
13 51
13 53
13 55
13 60
13 61
13 64
13 72
14 2
14 7
14 17
14 23
14 46
15 12
16 1
16 19
16 20
18 17
18 24
18 25
18 29
18 30
18 40
18 46
18 47
18 52
18 56
18 60
18 62
18 66
18 67
18 77
18 79
18 84
18 88
18 91
19 2
19 20
19 23
19 25
19 32
19 34
20 1
20 2
20 4
20 18
21 14
21 17
22 2
22 17
22 19
22 20
22 27
22 33
22 49
22 50
22 59
22 66
22 67
22 71
22 80
22 87
22 103
22 127
22 131
22 133
22 139
22 142
22 148
22 160
22 178
22 181
22 182
22 186
22 187
22 189
22 194
22 196
22 206
22 221
22 225
22 234
22 235
24 2
24 8
24 9
24 24
24 34
24 37
24 38
24 43
24 45
24 48
24 50
24 51
24 57
24 59
24 67
24 73
24 81
24 83
24 88
24 90
24 95
24 105
24 111
24 112
24 118
24 124
24 133
24 136
24 143
24 144
24 147
25 59
25 61
25 63
25 70
25 83
25 85
25 95
25 101
25 102
25 107
25 110
25 118
25 119
26 3
26 9
26 12
26 13
26 19
26 27
26 40
26 46
26 51
26 53
26 84
26 90
26 91
26 107
26 108
26 113
26 117
26 245
26 256
26 258
26 261
26 274
26 283
27 5
27 9
27 31
27 32
27 38
27 41
27 43
27 49
27 59
27 71
27 74
27 77
27 81
27 82
27 86
27 91
27 95
27 103
27 105
27 184
27 191
27 195
27 199
27 215
27 245
27 247
27 256
27 259
27 261
27 266
27 271
27 280
27 296
27 297
27 298
27 303
27 306
27 307
27 309
27 321
27 329
27 331
27 334
27 347
27 348
27 351
27 354
27 359
27 363
27 369
27 370
27 376
27 380
27 381
27 383
27 408
27 412
27 413
27 415
27 418
28 4
28 10
28 14
28 22
28 23
28 24
28 27
28 43
29 3
29 7
29 24
29 38
29 41
29 46
29 50
29 58
30 15
31 1
31 9
31 15
31 18
31 28
31 34
31 40
32 6
32 10
32 15
32 16
32 17
32 20
32 24
32 30
32 32
32 37
32 42
32 45
33 9
33 16
33 18
33 24
33 28
33 32
34 15
34 17
34 25
34 27
34 29
34 42
34 48
34 53
34 59
34 60
34 61
34 65
34 67
34 73
34 74
34 125
34 130
34 136
34 137
34 169
34 171
34 183
34 187
34 190
34 192
34 197
34 209
34 223
34 224
34 232
34 237
34 250
34 260
34 261
34 404
35 9
35 10
35 11
35 19
35 22
35 23
35 25
35 30
36 3
36 4
36 6
36 8
36 10
36 12
36 13
36 24
36 27
37 9
37 19
37 21
37 24
37 31
37 37
37 39
37 46
37 50
37 52
37 55
37 58
37 85
37 87
37 94
37 107
37 116
37 133
37 137
37 143
39 7
39 11
40 6
40 7
40 8
40 10
40 21
40 24
40 35
40 41
40 45
40 47
40 52
40 60
40 70
41 1
41 3
41 4
42 5
42 7
42 9
42 11
42 14
42 17
42 25
42 26
42 28
42 33
42 46
42 48
42 57
42 81
42 89
42 96
42 104
42 116
42 121
42 138
42 140
42 143
42 144
42 154
42 162
42 168
42 185
42 202
42 225
42 241
42 243
42 253
42 256
42 353
42 355
42 359
42 362
42 366
42 370
42 381
42 400
44 31
44 34
44 37
44 56
44 60
44 62
44 69
44 99
44 109
44 123
44 125
44 126
46 13
46 22
46 28
48 35
48 53
48 55
48 75
48 78
48 80
48 85
48 103
48 104
48 108
48 111
48 116
49 1
49 4
49 5
49 11
49 21
49 32
49 45
49 48
49 59
49 63
49 67
49 87
49 90
50 10
50 13
50 14
50 17
50 36
50 41
50 60
51 6
51 8
51 17
51 24
51 32
51 39
51 40
51 44
52 116
52 118
53 82
53 84
53 85
53 87
53 89
53 90
53 91
53 94
53 104
53 105
53 107
53 109
53 110
53 120
53 124
53 129
53 183
53 185
56 2
56 4
56 5
56 7
56 9
56 22
56 25
56 29
57 5
57 13
58 6
58 15
58 20
58 35
58 36
58 37
58 42
58 50
58 53
58 65
58 68
58 73
58 75
58 81
59 4
59 6
59 12
59 43
59 58
59 63
59 68
60 93
61 2
61 7
61 8
61 15
63 88
63 113
63 116
63 134
63 136
63 146
66 12
66 20
66 26
66 29
66 39
66 58
66 74
66 83
66 89
66 102
67 40
67 42
67 47
67 52
67 65
67 80
67 82
67 89
67 94
67 102
67 104
67 114
67 117
67 125
67 129
67 130
68 4
68 9
68 11
68 24
68 25
68 33
69 6
70 12
70 17
70 20
70 26
70 36
71 7
71 8
71 10
71 136
71 138
71 139
71 144
71 145
71 277
71 280
71 286
72 20
72 44
72 46
72 53
72 58
72 60
72 61
72 65
72 70
72 76
72 82
72 83
72 85
73 13
73 16
73 19
73 23
74 1
74 18
75 44
75 49
75 52
75 59
75 66
75 67
75 69
75 71
75 95
75 99
75 102
75 105
75 119
75 121
75 130
75 149
75 150
75 232
75 235
75 237
75 238
75 324
75 325
75 343
75 350
75 356
75 357
75 360
75 361
75 363
75 368
77 1
77 3
77 4
77 7
77 17
77 23
77 24
77 36
77 53
77 56
77 59
77 63
77 66
77 71
77 74
77 76
77 83
77 91
77 94
78 3
78 7
78 12
78 22
78 27
78 32
78 38
78 39
78 62
78 79
78 93
78 124
78 130
78 133
78 134
78 177
78 185
78 188
78 325
78 329
78 330
80 2
80 3
81 7
81 24
81 25
82 1
82 10
82 12
82 19
82 30
82 32
82 54
82 59
83 35
83 39
83 51
83 58
83 129
83 139
83 143
83 149
83 154
83 162
83 166
83 195
83 202
83 203
83 204
83 211
83 215
83 217
83 218
83 222
83 224
83 225
83 231
83 233
83 234
83 242
83 258
83 259
83 283
83 302
83 303
83 308
83 312
83 314
83 321
83 322
83 339
83 349
83 351
83 352
83 366
83 378
83 397
83 399
84 2
84 23
84 25
84 26
84 30
84 32
84 40
84 45
84 57
84 63
84 64
84 65
84 79
86 18
87 10
88 3
88 12
88 27
88 30
88 33
88 47
88 49
88 56
89 2
89 3
90 5
90 6
90 11
90 137
90 138
90 145
90 158
91 2
91 5
91 13
91 15
91 17
91 19
92 2
92 5
92 16
92 83
92 86
92 88
92 95
92 101
92 107
93 11
93 20
93 24
93 27
93 30
93 31
93 32
93 39
93 40
94 1
94 6
94 10
94 15
94 23
94 24
94 44
94 47
94 50
94 65
94 66
94 70
94 72
94 73
94 75
94 80
94 85
94 87
94 88
94 106
97 1
97 4
97 8
97 13
97 15
97 24
97 147
97 277
97 289
97 291
97 300
97 306
97 307
97 311
97 315
97 316
97 318
97 319
97 328
97 330
97 344
97 353
97 361
97 368
97 374
97 390
97 394
97 397
97 402
97 404
97 418
97 426
97 428
97 433
97 451
97 452
98 13
98 16
98 20
98 23
98 24
98 25
98 28
98 31
98 39
98 50
98 53
98 68
99 20
99 22
99 34
99 35
99 44
99 52
99 53
99 65
99 68
101 15
101 18
101 27
101 28
101 48
101 50
101 109
