1 3
1 21
1 44
1 46
1 48
1 84
1 90
1 102
1 108
1 111
1 113
1 118
1 119
1 127
1 130
1 132
2 3
2 18
2 22
2 24
3 5
3 11
3 12
3 22
3 24
3 27
3 28
3 31
3 39
3 45
3 56
3 73
3 74
3 146
3 192
3 203
3 205
3 213
3 215
3 219
3 224
4 12
4 13
4 20
4 32
4 34
4 37
5 20
8 51
8 52
8 53
8 63
8 68
9 7
9 22
9 35
9 114
9 122
10 112
10 120
10 125
10 126
10 128
10 139
10 143
10 144
10 149
10 156
10 158
11 3
11 6
11 19
11 23
11 29
11 36
11 44
11 49
11 51
11 55
11 65
11 67
11 97
11 103
11 105
11 106
11 140
11 145
11 149
11 153
11 155
11 160
11 161
11 168
11 169
11 173
12 4
12 6
12 10
15 16
15 23
16 2
16 3
16 4
16 6
16 9
16 22
16 23
16 39
16 64
16 84
18 3
18 7
20 4
20 5
20 10
20 12
20 14
20 24
20 30
20 32
20 38
20 39
20 44
20 48
20 49
20 67
21 2
21 13
21 44
21 49
21 61
23 61
23 69
23 74
23 76
23 77
23 78
23 106
23 115
23 116
23 118
23 120
23 122
23 129
23 133
23 138
23 140
23 144
23 154
23 156
23 159
23 163
23 169
23 176
23 184
23 196
23 199
23 207
23 213
23 263
23 274
23 278
23 288
23 294
23 301
24 41
24 46
24 59
24 61
24 68
24 72
24 86
24 92
25 2
25 10
25 14
25 18
25 30
25 48
25 54
25 61
25 68
25 69
25 72
26 11
26 12
26 13
26 15
26 20
28 6
28 9
28 11
28 13
28 19
28 25
28 37
28 39
28 54
28 58
29 111
29 123
35 2
35 13
35 16
35 20
35 42
37 2
37 4
37 9
37 12
37 15
37 22
37 32
37 34
37 37
37 38
37 55
37 58
37 67
37 73
37 75
40 135
40 141
40 145
41 66
41 68
41 70
41 72
41 78
41 79
41 83
41 84
41 85
41 86
41 95
41 101
41 103
41 104
41 115
41 126
41 133
41 134
41 139
41 142
41 144
41 145
41 151
41 153
41 155
41 158
43 5
43 6
44 4
44 6
44 15
46 4
46 11
46 12
46 19
46 26
46 31
46 34
47 6
48 4
48 6
48 10
48 23
48 26
48 30
48 32
48 47
48 65
48 74
48 82
48 85
48 87
48 91
48 93
48 96
48 98
48 106
48 111
48 114
48 127
48 128
48 129
48 130
49 114
49 121
49 137
49 144
49 146
50 3
50 10
50 17
50 40
50 41
50 43
50 51
51 80
51 98
51 111
51 118
51 124
52 3
52 4
53 69
53 73
53 86
53 87
53 94
53 103
53 105
53 114
53 115
53 117
53 120
53 122
53 124
54 1
56 26
57 11
57 18
57 24
57 26
57 38
57 40
57 42
57 49
57 51
58 13
58 25
58 26
58 28
58 29
59 10
59 15
59 16
59 20
60 1
60 2
60 6
60 8
60 13
60 17
60 22
60 28
60 33
60 40
60 68
60 73
60 77
60 79
60 82
60 89
60 90
60 92
60 95
60 96
60 105
60 110
60 114
60 116
60 119
60 122
60 135
60 138
60 139
60 148
60 151
60 207
60 209
60 217
60 219
60 225
60 229
60 243
60 244
60 246
60 248
60 251
60 255
60 256
60 282
60 288
60 300
60 303
60 304
60 318
60 319
60 323
60 338
60 347
60 351
60 357
60 358
61 8
62 3
62 11
65 32
65 36
65 54
65 56
65 59
65 71
65 72
65 83
65 86
66 2
66 5
66 11
66 19
66 31
66 34
68 23
68 24
68 41
68 47
68 65
69 1
69 7
70 3
70 15
70 16
70 26
70 29
70 30
70 40
71 2
71 4
71 7
71 10
71 15
71 32
72 7
72 12
73 5
73 11
73 28
73 29
73 31
73 32
73 37
73 45
73 46
73 56
73 59
73 62
73 73
73 76
73 91
73 100
73 111
74 1
74 10
74 31
74 34
74 35
74 40
74 42
74 56
74 58
74 59
74 82
74 83
74 84
74 89
74 91
74 97
74 114
74 115
74 132
74 154
74 163
74 173
74 177
74 179
74 187
74 217
74 225
74 228
74 229
75 79
75 84
75 97
75 101
75 102
75 105
75 107
75 109
75 116
75 117
76 20
76 21
76 22
76 24
76 26
76 28
76 30
76 32
76 40
76 53
76 55
76 60
76 65
76 72
76 77
76 80
76 88
76 93
76 107
76 109
77 97
78 1
78 2
78 5
78 6
78 10
78 14
78 19
78 39
78 48
78 49
78 52
79 1
79 12
79 14
79 15
79 20
79 34
79 36
79 40
79 43
79 60
79 62
79 69
79 88
79 89
79 128
79 142
79 148
79 157
79 159
79 167
79 173
79 180
79 184
79 201
79 202
79 211
79 238
79 239
79 243
79 255
79 270
79 273
79 275
79 301
79 305
79 307
79 310
79 311
79 319
79 321
79 328
79 336
79 343
79 345
79 346
79 347
79 352
79 358
79 360
79 363
79 365
79 378
79 380
79 389
79 391
79 398
79 411
79 417
79 418
79 419
79 423
79 425
79 426
79 436
79 454
79 455
79 465
79 473
79 478
79 490
79 491
80 4
80 5
80 7
80 12
80 15
81 16
81 35
81 37
81 39
81 44
81 54
81 57
81 60
81 64
81 65
81 73
81 75
81 78
81 79
81 84
81 87
81 94
81 103
81 108
81 109
81 117
81 138
81 140
81 143
82 1
82 4
82 8
82 19
82 20
82 21
82 31
82 35
82 37
82 72
84 93
84 94
84 95
84 106
84 137
85 68
85 81
85 82
85 88
86 10
86 15
86 19
86 28
86 35
86 37
86 51
86 52
86 59
86 61
86 62
86 67
86 71
86 72
86 80
87 1
87 5
87 21
88 3
88 7
88 9
88 11
88 13
88 28
89 1
90 15
90 25
90 26
90 29
90 36
90 37
90 38
91 1
91 4
91 10
91 17
93 96
93 101
93 109
93 115
93 116
93 121
93 125
93 126
93 131
94 8
94 9
94 39
94 50
94 59
94 67
94 68
94 77
94 89
94 90
94 92
94 98
94 102
94 103
94 105
94 109
94 127
94 129
94 133
94 134
94 136
94 138
94 140
94 142
94 148
94 150
94 223
94 232
94 237
94 241
94 243
94 253
95 3
95 5
95 7
95 8
95 13
95 29
95 30
95 32
95 36
95 48
95 63
95 64
95 68
95 81
95 84
95 96
96 2
96 7
96 12
97 23
97 24
97 28
97 39
97 45
97 48
97 52
97 54
97 156
97 164
97 168
97 170
97 173
97 180
98 4
98 6
98 9
98 11
98 14
98 17
98 18
98 19
98 22
98 23
98 28
98 31
98 36
98 38
98 43
98 44
98 53
98 54
98 55
98 68
98 69
98 71
98 73
98 83
98 84
98 157
99 7
99 14
99 18
99 26
99 30
99 43
99 131
99 135
99 140
99 150
99 152
99 153
99 157
99 162
99 164
99 168
99 169
99 175
99 185
99 192
99 204
100 6
100 7
100 9
100 11
100 25
100 35
100 39
100 46
100 47
100 50
100 53
100 54
101 2
101 8
101 16
101 22
101 25
101 31
101 34
101 36
101 37
101 40
101 47
102 1
102 5
103 1
103 3
103 6
103 13
103 16
103 36
103 40
103 60
103 67
103 68
103 95
103 96
103 103
103 113
103 116
103 118
103 126
103 135
103 140
103 148
103 157
103 160
103 164
103 172
103 178
103 182
103 186
103 188
103 317
103 318
104 46
104 48
104 53
104 60
104 62
104 76
104 82
107 40
107 42
107 53
107 59
107 60
107 72
107 75
107 76
107 80
107 91
107 100
107 101
107 103
107 105
108 80
109 7
109 23
109 26
109 27
109 42
109 43
109 44
109 45
109 48
109 56
109 60
109 67
109 68
109 77
109 81
109 84
109 86
109 93
110 6
110 14
110 23
110 29
110 32
110 38
110 40
110 43
110 44
110 46
110 56
110 58
110 61
110 64
110 84
110 86
110 94
110 97
110 106
110 128
110 129
110 140
111 21
