1 2
1 5
1 11
1 16
1 24
1 25
1 29
1 33
2 15
2 25
2 29
2 34
2 35
2 39
2 73
2 74
2 77
2 79
2 82
2 87
2 99
3 1
3 2
3 61
3 62
3 73
3 74
4 125
5 1
5 3
5 13
5 15
5 24
5 25
5 28
5 44
5 45
5 53
5 60
5 67
5 78
5 81
5 87
5 91
5 94
5 96
6 16
6 115
6 125
6 126
6 133
6 138
6 140
6 141
6 143
6 147
6 148
6 149
6 168
6 179
6 180
6 187
6 189
6 198
6 201
6 202
7 7
7 23
7 25
7 33
7 40
7 49
7 50
7 55
7 58
7 62
7 67
7 74
7 75
7 81
7 84
8 4
8 14
8 15
8 16
8 29
8 30
8 46
8 49
8 56
9 1
9 2
9 8
9 19
12 6
12 24
12 29
12 30
12 31
12 44
12 45
12 52
12 53
12 81
12 85
12 111
12 113
12 116
12 120
12 124
12 127
12 131
14 4
15 8
15 20
16 7
17 28
18 103
18 105
18 119
18 128
18 129
18 180
18 195
18 196
18 202
18 216
18 229
18 233
18 238
18 239
18 252
18 253
18 258
18 260
18 262
18 275
18 283
18 287
18 293
18 297
18 308
18 312
18 324
18 327
18 330
18 331
20 48
20 55
20 56
20 75
20 81
20 85
20 88
20 89
20 92
20 93
20 99
20 106
20 112
21 5
21 6
21 19
21 31
21 40
21 42
21 51
21 55
21 63
21 79
21 86
21 106
21 127
21 134
21 144
21 273
21 276
22 115
22 116
22 132
22 136
22 137
23 2
24 54
24 56
24 58
25 104
25 105
26 1
26 2
26 7
26 9
26 12
26 14
26 18
26 19
26 22
26 36
26 38
26 42
26 59
26 70
26 76
29 13
29 25
29 27
29 32
29 37
29 38
29 42
29 44
29 46
29 47
29 48
29 60
29 63
29 64
31 48
31 60
31 79
31 83
31 84
31 87
31 106
31 111
31 112
32 17
32 20
32 26
32 38
32 39
35 51
35 52
35 54
35 67
35 80
35 85
36 7
36 9
36 18
36 24
36 30
36 36
36 40
36 41
36 51
36 54
36 184
36 185
37 2
37 5
37 13
37 16
37 18
39 10
39 17
39 20
39 24
39 25
39 28
39 38
40 2
41 123
41 124
41 127
41 129
41 131
41 132
41 143
41 144
41 145
41 174
41 175
41 180
41 181
41 187
41 189
41 196
41 199
41 202
41 203
41 208
41 213
41 220
41 221
41 222
41 229
41 232
41 234
41 237
41 238
41 241
41 246
41 247
43 8
43 10
44 59
44 68
44 69
44 73
44 94
44 98
44 99
44 105
44 109
45 112
46 1
46 21
46 23
46 28
46 38
46 40
46 41
46 48
47 3
47 5
47 6
47 10
47 12
47 18
47 31
47 32
47 35
47 36
47 37
47 51
47 55
47 56
48 10
48 12
48 13
48 20
48 60
48 66
48 77
48 82
48 90
48 121
48 126
48 132
48 137
48 144
48 151
48 152
48 154
53 51
53 58
53 64
53 65
53 76
53 77
53 85
53 86
53 89
53 91
53 93
53 94
55 44
55 45
55 49
56 1
56 5
57 4
57 7
57 9
57 10
57 12
57 22
57 26
57 27
57 33
57 38
57 47
57 54
57 65
57 70
57 94
57 99
57 200
57 203
57 205
57 211
57 225
57 229
57 234
57 237
57 244
57 247
57 255
57 260
57 266
57 284
57 287
57 288
57 289
58 36
59 7
60 1
62 23
62 24
62 26
62 29
62 31
62 33
62 36
62 46
62 48
62 60
63 1
63 64
63 86
63 91
63 95
63 96
63 97
63 101
64 1
64 22
64 36
64 41
64 43
64 47
64 49
64 50
64 52
64 54
64 62
64 63
64 65
64 73
64 84
64 87
64 96
64 111
64 119
64 135
65 11
65 44
65 45
65 51
65 57
65 61
65 62
65 74
65 84
65 86
65 91
65 97
65 107
65 113
65 122
65 129
65 130
66 13
66 15
66 30
66 37
66 44
66 45
66 61
66 65
66 68
66 72
66 75
66 76
66 78
66 83
66 98
66 99
66 100
66 102
66 110
66 112
66 117
66 119
68 13
68 19
68 25
68 27
68 28
68 34
68 37
68 54
68 128
68 131
68 164
68 166
68 167
68 187
68 189
69 1
69 12
69 23
69 33
69 42
69 44
69 62
69 71
69 73
69 84
69 162
69 164
69 167
69 172
69 173
71 38
71 43
71 54
71 57
73 21
73 50
73 58
73 67
73 72
73 76
73 78
73 80
73 89
73 93
73 100
73 107
73 109
73 111
73 130
73 131
73 135
73 142
73 148
73 151
73 154
73 158
73 159
75 39
75 64
75 65
75 80
75 81
75 95
75 98
75 108
75 111
75 114
75 116
76 3
76 7
76 9
76 10
76 15
76 21
76 24
76 29
76 34
76 40
76 44
76 58
76 73
77 3
77 10
77 22
77 25
77 36
77 38
77 47
77 48
77 53
77 76
77 78
77 83
77 84
78 5
78 10
78 12
78 22
78 24
78 60
78 76
78 79
78 90
78 94
78 99
78 100
78 111
78 118
78 132
78 134
78 137
78 139
78 140
78 141
78 142
78 149
78 150
78 163
78 164
79 5
79 12
79 13
80 9
80 10
80 16
80 28
80 35
80 47
80 48
80 57
80 60
80 63
80 70
80 77
80 86
80 91
80 94
80 100
80 101
80 107
80 114
80 115
80 123
80 129
80 133
80 205
80 208
80 212
80 217
80 218
80 227
80 228
80 233
80 251
80 255
80 260
80 263
81 12
81 14
81 15
81 22
81 23
81 24
81 28
81 30
81 34
81 35
81 36
81 50
81 62
81 65
81 66
81 67
81 82
81 86
81 91
81 92
81 226
81 227
81 230
82 6
82 11
84 69
84 105
84 114
84 116
84 119
84 120
85 14
85 16
85 21
85 40
85 42
86 8
86 11
87 2
89 14
90 3
90 5
91 2
91 3
91 9
91 11
91 13
91 15
91 18
92 1
92 14
92 18
92 19
92 55
92 57
92 59
92 65
93 19
93 34
93 42
93 46
93 51
93 56
93 61
93 68
93 69
93 74
93 77
93 79
93 81
93 82
93 84
93 90
93 105
93 108
93 112
93 115
93 129
93 131
93 135
93 140
93 141
93 153
93 155
93 157
93 159
93 273
93 274
93 276
93 277
94 4
94 31
94 34
94 35
94 37
94 38
94 46
94 48
94 49
94 61
94 62
94 64
94 66
95 8
95 9
95 30
95 42
95 47
96 1
97 1
97 6
97 17
97 21
97 22
97 34
97 36
98 118
98 130
98 210
98 216
99 7
99 10
99 16
99 18
99 28
99 31
99 43
99 44
99 54
99 55
99 65
99 67
99 68
99 76
100 58
100 66
100 82
102 76
102 79
102 87
102 89
104 17
105 18
105 21
106 1
106 6
106 9
106 17
106 21
106 25
106 26
106 28
106 39
106 40
106 41
106 47
106 57
106 58
106 65
106 67
106 79
106 83
106 85
107 2
107 12
107 13
107 16
107 18
107 25
107 31
107 51
107 105
107 118
107 125
107 132
107 143
107 151
107 153
107 156
107 157
111 23
111 25
111 29
111 31
111 33
112 13
112 81
112 84
112 86
112 88
112 93
112 94
112 96
