1 1
1 8
2 11
3 120
3 128
3 131
3 136
4 118
4 119
4 123
4 124
4 136
4 137
4 138
4 156
4 239
4 284
5 13
5 18
5 19
5 21
5 24
5 49
5 58
5 68
5 71
5 78
9 40
9 43
9 60
9 65
10 11
10 26
10 35
10 39
10 97
10 98
10 102
10 106
10 109
10 117
10 120
10 122
11 6
11 15
11 21
11 27
11 38
11 66
11 67
11 79
11 80
11 84
11 85
11 90
11 91
11 94
11 102
11 123
11 132
11 139
11 145
11 147
11 148
11 165
11 178
11 184
11 185
11 190
11 197
11 200
11 201
11 205
11 214
11 215
11 217
12 2
12 9
12 23
12 29
12 30
12 36
12 45
13 16
13 19
13 26
13 37
13 43
13 50
13 59
13 61
13 62
13 69
13 73
13 78
17 58
17 61
17 62
17 63
17 92
17 94
17 96
17 102
17 107
17 113
17 120
17 123
18 1
18 4
18 7
18 8
18 20
18 24
18 30
18 33
18 43
18 46
18 48
18 51
18 55
18 59
18 75
18 79
18 87
18 95
18 128
18 137
18 158
18 166
18 170
18 184
18 197
18 198
18 217
18 219
18 234
18 240
18 282
18 310
18 314
18 321
18 327
18 328
18 340
18 473
18 479
18 480
18 481
19 78
19 83
19 84
19 85
19 88
19 93
19 95
19 97
19 237
19 241
19 242
19 254
19 256
19 279
19 281
19 288
19 289
19 291
19 293
19 297
19 304
19 315
19 323
19 355
19 362
19 368
19 373
19 377
19 378
19 386
19 387
19 388
19 391
19 392
19 393
19 403
21 53
22 24
22 26
22 29
22 34
22 39
22 47
22 50
23 11
23 19
24 55
24 63
24 83
24 89
24 99
24 109
24 116
24 127
24 135
24 139
24 149
24 161
24 162
26 13
26 14
27 11
27 16
27 21
27 32
27 33
27 36
27 45
27 46
27 65
27 66
27 97
27 103
27 104
27 109
27 119
27 120
27 122
29 6
29 13
29 21
29 23
29 24
29 25
29 26
29 27
29 32
29 49
29 57
29 58
29 61
29 63
29 64
29 70
29 77
29 81
29 83
29 85
29 87
29 92
29 93
29 106
29 114
29 115
29 148
29 159
29 177
29 178
29 179
29 183
29 186
29 187
29 192
29 194
30 4
30 6
30 10
30 18
30 20
30 24
30 25
30 40
30 116
30 119
30 122
30 127
30 128
31 1
31 2
31 9
31 15
31 21
31 29
31 72
31 74
32 5
32 25
32 26
32 33
32 35
32 37
32 46
32 47
32 48
32 53
32 68
32 69
32 71
32 83
32 86
32 101
32 118
32 119
33 2
33 9
33 11
33 16
33 17
33 21
33 25
33 39
34 5
34 8
34 16
34 19
34 20
34 30
34 32
35 4
35 10
35 21
35 23
35 27
35 33
35 40
35 49
35 50
35 83
35 86
35 95
35 96
35 103
37 6
37 12
37 14
37 23
37 51
37 53
37 54
37 55
37 56
38 6
38 7
38 24
38 56
38 60
38 61
38 75
38 76
38 83
38 104
39 1
39 3
39 6
39 18
39 23
39 27
39 42
39 43
39 45
39 50
40 1
40 11
40 14
40 17
40 23
42 53
42 54
43 98
43 99
43 108
43 122
43 139
43 140
43 141
43 144
43 145
43 154
44 1
44 5
45 5
45 21
45 22
45 24
45 25
45 26
45 101
47 115
47 124
47 125
47 133
48 1
48 12
48 15
48 18
48 29
48 32
48 47
48 52
48 69
48 73
48 77
48 209
48 347
48 357
48 358
48 367
48 368
48 380
48 387
48 388
48 392
48 398
48 399
48 402
48 407
48 412
48 413
48 415
48 419
48 425
48 434
49 54
50 33
50 37
50 38
50 51
50 54
50 57
51 1
51 2
51 4
51 5
51 7
51 9
51 14
51 18
51 20
51 21
51 28
51 33
51 37
51 38
51 39
51 57
51 58
51 63
51 71
51 79
51 84
51 86
51 91
51 98
51 109
51 112
51 114
51 119
51 133
51 134
51 137
51 156
51 157
51 158
51 161
51 174
51 175
51 177
51 178
51 181
51 184
51 187
51 200
51 203
51 204
51 214
51 221
51 226
51 232
51 236
51 238
51 240
54 52
55 65
55 79
55 83
55 84
55 88
55 94
55 97
55 106
55 115
55 123
55 151
55 154
55 164
55 175
55 176
55 183
55 187
55 193
55 194
55 198
55 200
55 210
55 224
55 229
55 234
55 241
55 244
55 245
55 264
55 272
55 273
55 278
55 279
55 291
56 64
56 76
56 77
56 79
57 1
57 5
57 19
57 20
57 21
57 24
57 34
57 37
57 39
57 46
57 47
57 55
60 28
60 36
61 22
61 89
61 90
61 94
61 106
61 118
61 123
61 126
61 127
61 132
61 140
61 143
61 151
61 156
61 159
61 166
61 168
61 179
61 245
61 255
61 259
61 260
62 6
62 17
62 30
62 39
62 41
62 48
62 52
62 71
62 78
62 80
62 83
62 85
62 93
62 100
62 111
62 112
62 228
62 231
62 242
62 245
62 256
62 259
62 269
62 276
62 277
64 9
64 11
64 19
64 24
64 33
64 45
64 64
64 65
64 89
65 4
67 1
67 3
68 8
68 13
68 19
68 105
68 125
68 127
68 129
68 132
68 133
68 137
68 156
68 160
68 161
68 169
68 172
68 179
69 78
69 82
69 90
69 92
69 93
69 94
69 97
69 100
69 101
69 110
69 114
69 115
69 119
69 122
69 123
69 131
70 13
70 16
70 23
71 3
71 11
71 21
71 23
71 24
71 26
71 28
72 1
72 7
72 22
72 27
72 30
72 39
72 98
72 106
73 3
73 6
73 8
73 13
73 14
73 17
73 19
73 20
73 21
73 23
73 24
73 26
73 27
74 3
74 14
74 16
74 17
74 19
74 22
74 32
74 33
74 36
74 37
74 41
74 46
74 51
74 52
74 55
74 56
74 63
74 64
74 69
74 84
74 86
74 91
74 98
74 100
74 104
74 112
74 114
74 121
74 124
74 125
74 127
75 26
75 40
75 50
75 56
75 65
75 74
75 84
75 85
75 89
75 97
75 100
75 102
75 111
75 120
75 125
75 184
75 185
75 186
75 188
75 190
75 195
75 196
75 200
75 205
75 209
75 219
75 221
75 222
75 223
75 226
75 231
75 232
75 239
75 240
75 241
75 246
76 5
76 7
76 9
76 77
76 81
76 84
76 85
76 95
76 99
76 100
76 102
76 104
76 105
76 115
76 122
76 126
76 132
76 139
76 154
76 159
76 161
76 162
76 163
76 166
76 173
76 177
76 186
76 188
76 189
76 191
76 193
76 200
76 204
76 217
77 7
77 11
77 21
77 24
77 26
77 31
77 43
77 44
77 61
77 62
77 70
77 71
77 80
77 92
77 95
77 106
77 107
77 113
77 122
77 125
78 7
78 8
78 9
78 11
78 141
78 142
78 144
78 157
78 159
78 161
78 168
78 170
78 178
79 2
80 1
80 10
80 23
80 26
82 2
82 3
82 9
82 20
83 181
83 183
83 185
83 187
83 192
83 197
83 216
83 222
83 228
83 231
83 240
83 252
83 258
83 270
83 271
83 276
83 292
83 294
83 297
83 302
83 303
83 306
83 322
83 323
83 325
83 340
83 356
83 361
83 362
83 379
83 395
83 404
83 405
83 406
83 409
84 15
84 23
84 25
84 33
85 2
85 9
85 18
85 34
85 45
85 46
85 53
85 57
85 73
85 80
85 81
85 89
87 6
88 11
88 17
88 22
90 9
90 29
91 5
91 24
91 25
91 27
91 34
91 40
91 50
91 52
92 5
92 19
92 20
92 21
92 25
92 27
92 31
92 36
92 41
92 46
92 48
94 93
94 102
94 109
94 111
94 112
94 121
95 18
95 20
95 39
95 48
95 52
95 64
95 67
95 71
95 80
95 97
95 100
95 102
95 123
95 128
96 6
97 13
97 14
97 20
97 22
97 23
97 28
97 29
97 40
