1 5
1 12
1 16
1 24
1 26
1 28
1 157
1 170
1 171
2 25
2 29
2 44
2 47
2 52
2 54
2 55
2 56
2 57
2 59
2 71
2 75
2 81
2 86
2 102
2 110
2 118
2 125
2 128
2 131
2 137
2 138
2 143
2 157
2 159
2 161
2 162
2 174
2 180
2 185
2 190
2 193
2 200
2 209
4 2
4 4
4 6
4 10
4 13
4 25
4 29
4 30
4 33
4 46
4 50
4 51
4 63
4 69
4 72
4 73
4 76
4 78
4 82
4 83
4 140
4 141
4 148
4 152
5 6
5 7
5 17
5 18
5 25
5 29
6 33
6 51
6 55
6 58
6 62
6 80
6 95
6 104
6 112
6 120
6 124
6 125
6 126
6 128
6 129
7 3
7 9
7 11
7 14
7 18
7 19
7 22
9 44
9 46
9 52
9 69
9 70
9 72
9 89
9 91
9 93
9 114
10 33
10 39
10 44
10 46
10 48
10 57
10 59
10 74
10 76
11 2
11 9
11 10
11 16
11 19
11 21
11 27
11 31
11 36
11 42
11 45
11 58
11 61
11 64
11 73
12 4
12 10
12 13
12 14
12 27
12 29
12 31
12 34
12 35
12 40
12 41
12 43
13 4
13 27
13 35
13 36
13 40
13 43
13 49
13 70
13 76
13 81
13 91
13 95
13 97
13 116
13 120
13 135
13 138
13 139
13 149
13 153
13 154
13 172
13 173
13 183
13 186
14 7
14 16
16 17
16 18
16 21
16 22
16 27
16 39
16 40
17 39
17 49
17 51
17 58
17 75
17 83
17 87
18 1
18 5
18 7
18 15
18 21
18 36
18 46
18 48
18 50
18 58
18 59
18 134
18 138
18 152
19 15
19 30
19 32
19 38
19 46
19 60
19 61
19 69
19 112
19 114
19 117
19 120
19 122
19 123
19 127
19 136
19 137
20 32
21 1
21 3
21 10
21 11
21 13
21 23
21 24
21 26
21 27
21 30
21 32
21 36
21 40
21 42
21 43
21 47
21 53
21 59
21 61
21 65
22 2
22 8
22 10
22 16
22 26
22 33
22 36
22 37
22 43
22 46
22 48
23 2
23 6
23 8
23 11
23 12
23 20
23 28
23 30
23 34
23 37
23 41
23 48
23 53
25 88
25 91
25 93
25 95
25 96
25 100
25 105
25 106
25 109
25 111
25 117
25 119
25 120
25 122
25 126
25 132
26 21
26 26
26 27
28 37
28 40
28 42
28 44
28 158
28 166
28 173
28 183
29 12
29 13
29 20
29 32
29 35
30 9
30 126
30 132
31 2
31 3
31 9
31 13
31 14
31 17
31 23
31 25
31 33
31 37
31 39
31 40
31 41
31 45
31 48
31 52
31 63
31 67
31 68
31 70
31 74
31 76
31 108
31 112
31 119
31 120
31 129
32 8
34 60
34 61
34 75
34 78
34 80
34 103
34 107
34 108
34 113
35 4
35 7
35 10
35 12
35 17
35 18
35 27
35 28
35 29
35 35
35 36
35 39
35 40
35 55
35 57
35 65
35 67
35 73
35 78
35 89
35 92
35 94
35 143
35 144
35 145
35 146
35 150
35 157
35 160
35 162
35 167
35 168
35 169
35 173
35 175
35 178
35 180
35 181
35 187
35 190
35 205
35 206
35 209
35 218
35 236
35 246
35 273
35 275
35 290
35 292
35 293
35 294
35 299
35 300
35 317
35 322
35 335
35 336
35 339
35 345
35 358
35 373
35 380
35 390
35 400
35 412
35 419
35 425
35 432
35 433
35 434
35 436
35 444
35 446
35 447
36 2
36 6
36 11
36 15
36 16
36 28
36 37
36 38
36 39
36 42
36 83
36 86
36 91
36 99
36 108
36 115
36 122
36 144
36 147
36 152
36 187
36 192
36 198
36 200
36 204
36 206
36 208
36 215
36 230
36 231
36 232
36 235
36 241
36 242
36 250
36 252
36 279
36 285
36 289
36 294
36 354
37 4
37 6
37 29
37 34
37 39
37 41
37 49
37 51
37 52
37 63
38 12
38 13
38 16
38 26
38 30
38 34
38 52
38 62
38 124
38 129
38 131
38 136
38 142
38 146
38 158
39 69
39 70
39 96
39 98
39 101
39 106
39 107
39 117
39 121
39 128
39 135
39 140
39 146
39 148
39 166
39 172
39 178
39 179
39 180
39 188
39 190
39 197
39 209
39 220
39 223
39 227
39 232
39 235
39 243
39 246
39 249
39 309
43 8
43 11
43 16
43 23
43 24
43 26
43 27
43 28
43 29
43 32
43 37
43 39
43 47
43 48
44 5
44 26
44 31
44 47
44 58
44 61
44 70
44 73
45 2
45 12
45 29
45 38
45 48
45 51
45 52
45 54
45 60
45 66
45 68
45 73
45 75
45 133
45 140
45 153
45 157
45 160
45 167
45 169
47 12
47 22
47 173
47 194
47 202
47 204
48 10
48 12
48 17
48 23
48 24
48 33
48 34
48 36
48 44
48 56
48 59
48 65
51 53
51 58
51 60
51 62
51 74
51 80
51 82
51 83
51 84
51 98
51 103
51 109
51 111
51 242
51 246
51 248
51 258
53 25
54 13
54 24
54 25
54 27
54 39
54 40
54 51
54 63
54 92
55 20
55 22
55 27
55 31
55 36
55 37
55 44
55 74
55 76
55 77
55 79
55 93
55 99
55 101
55 116
55 122
55 131
55 132
56 7
56 24
56 25
57 13
57 15
57 21
57 34
57 39
57 49
57 61
57 63
57 72
57 74
57 93
57 97
57 98
57 107
57 110
57 112
57 120
57 128
57 129
57 136
57 138
57 145
58 1
58 8
58 10
58 11
59 72
61 3
61 5
61 7
62 4
62 6
62 11
62 29
62 47
62 56
62 65
62 72
62 73
63 12
63 19
63 24
63 26
63 43
63 44
63 45
63 60
63 86
63 98
63 99
63 102
63 107
63 109
63 112
63 116
63 126
63 135
63 139
63 142
63 148
63 150
63 158
63 165
63 174
63 177
63 185
63 207
63 210
63 213
63 242
63 246
63 248
63 258
63 260
63 269
63 270
63 271
63 275
63 290
63 297
63 304
63 308
63 310
63 323
63 327
63 332
63 333
63 341
63 354
63 357
63 377
63 380
63 384
63 385
63 388
64 16
64 22
64 25
64 29
66 23
66 28
66 31
66 35
68 25
68 26
68 29
68 158
68 159
68 174
68 178
68 181
68 182
68 191
68 192
69 6
69 7
69 19
69 20
69 21
69 45
69 55
70 11
70 13
70 21
70 23
70 32
70 35
70 45
70 50
70 52
70 53
70 85
70 88
70 93
70 105
70 116
70 117
70 128
70 131
70 135
70 154
70 158
70 160
70 163
70 172
70 175
70 182
70 191
70 197
70 201
70 209
70 211
70 216
70 218
70 224
70 225
70 233
70 237
70 242
70 244
70 247
70 253
70 362
70 367
70 369
71 14
71 16
71 35
71 42
71 82
71 83
71 85
71 91
72 1
72 27
72 34
72 39
72 40
72 41
72 43
72 48
72 51
73 5
73 9
73 15
73 17
73 18
74 89
74 97
74 98
74 102
74 104
74 111
74 113
74 116
74 121
74 135
74 154
74 161
74 162
74 166
74 169
74 175
74 181
76 12
76 28
76 29
76 30
76 39
76 41
77 25
77 26
77 27
78 7
78 17
78 18
78 19
78 20
78 23
78 28
78 29
78 36
78 39
78 48
78 50
78 51
79 3
79 12
79 29
79 32
79 33
79 42
79 47
79 50
79 58
79 82
79 89
79 90
80 8
80 15
80 34
80 36
80 37
80 55
80 62
80 67
80 193
80 197
80 199
80 203
81 2
81 13
81 15
82 3
82 5
82 11
82 16
82 18
83 4
83 9
83 14
83 22
83 26
83 27
83 44
83 50
83 52
83 57
83 58
83 60
84 6
84 8
84 14
84 16
84 35
84 43
84 44
84 50
84 69
84 75
84 83
84 89
86 20
86 25
86 30
86 31
87 11
88 5
88 7
88 11
88 14
88 16
88 25
88 29
89 33
89 75
89 78
89 87
89 91
89 96
89 98
89 107
89 111
89 113
89 118
89 120
89 125
89 137
89 139
89 146
89 165
89 173
89 179
89 180
89 183
90 7
90 22
91 6
91 8
91 15
91 19
91 22
91 72
