1 4
1 92
1 94
1 96
1 97
1 104
1 105
1 107
1 109
1 127
1 128
1 143
1 148
1 151
1 162
2 3
3 8
3 11
3 13
3 14
3 19
3 36
3 39
3 40
3 42
3 56
3 57
3 59
3 60
3 62
3 65
3 75
3 76
3 108
3 110
3 114
3 123
3 127
3 129
3 131
3 133
3 139
3 160
3 163
3 168
3 175
3 177
3 187
3 188
3 234
4 1
4 5
4 9
4 10
4 16
5 3
5 4
5 15
5 20
5 32
5 33
5 38
5 40
5 48
5 61
5 67
5 71
5 78
5 85
5 92
5 101
6 2
6 4
6 9
6 11
6 13
6 26
6 43
6 44
6 48
6 185
6 189
6 193
6 201
6 220
6 221
6 234
6 254
6 255
6 258
6 259
6 273
6 274
6 278
6 289
6 297
6 301
6 308
6 324
6 325
6 330
6 334
6 340
6 341
6 344
6 357
6 362
6 370
6 375
6 377
6 411
6 412
6 421
6 432
6 437
6 440
6 442
6 453
6 454
7 9
7 10
7 67
7 72
8 1
8 11
8 17
8 18
9 4
9 5
9 7
9 17
9 69
9 77
10 9
10 11
10 21
10 26
10 27
10 34
10 38
10 43
10 45
10 54
10 55
10 64
10 65
10 71
11 2
12 2
12 4
12 6
12 10
12 24
12 28
12 29
12 33
12 34
12 166
12 189
12 192
12 198
12 203
12 216
12 218
12 222
12 233
12 235
12 236
12 237
12 240
12 245
12 248
12 249
12 254
12 255
12 259
12 262
12 264
12 271
12 276
12 282
12 288
12 310
12 311
12 314
12 316
12 322
12 335
12 337
12 343
12 352
12 355
12 359
13 1
14 10
14 13
14 16
14 23
14 30
14 52
14 71
14 75
14 77
14 82
14 85
14 86
15 7
15 8
15 29
15 33
15 38
15 40
15 42
15 46
15 49
15 54
16 4
16 5
16 14
16 22
16 31
16 32
16 35
17 14
17 16
17 68
18 1
18 13
18 17
18 30
18 32
18 34
18 35
18 47
18 48
18 55
18 76
18 81
18 83
18 84
18 85
18 89
18 96
18 100
18 104
18 109
19 1
19 4
19 7
19 20
19 28
19 32
19 36
19 40
19 44
19 99
19 113
19 116
19 118
19 119
19 135
19 136
19 140
20 4
20 9
20 10
20 25
20 31
20 33
20 39
20 40
20 41
20 43
20 124
20 126
20 129
20 131
20 145
20 147
20 155
20 170
20 196
20 199
21 46
21 47
22 89
23 1
23 9
23 12
23 13
23 14
23 16
23 27
24 2
24 10
24 12
24 13
24 18
24 21
24 23
24 41
24 43
24 47
24 48
24 62
24 84
24 89
24 90
24 95
24 108
24 112
24 113
24 117
24 120
25 8
26 2
26 9
26 13
26 18
26 19
28 48
28 51
28 54
28 58
29 79
29 89
29 94
30 2
30 3
30 9
30 25
30 26
30 35
30 43
30 45
32 37
32 48
32 50
32 57
32 62
32 64
32 68
32 69
32 73
32 74
32 82
32 93
32 102
33 63
33 64
33 67
34 42
34 44
34 45
34 54
34 56
34 189
34 190
34 214
34 219
34 235
34 250
34 253
34 256
34 282
34 290
34 298
34 308
34 309
36 98
36 112
36 128
37 44
37 47
37 49
37 54
37 59
37 86
37 92
37 105
37 107
37 108
37 112
37 117
37 122
37 128
37 130
37 135
37 136
37 139
37 141
37 143
37 147
37 150
37 153
37 156
37 160
37 166
37 168
37 170
37 179
37 185
37 187
37 188
37 198
37 214
38 4
38 6
38 7
38 9
38 42
38 46
38 60
38 61
38 63
38 66
41 20
41 24
41 28
41 33
41 35
41 36
41 37
41 44
41 46
41 53
41 58
41 61
41 65
41 67
43 71
43 86
43 91
43 98
43 99
43 107
43 116
43 121
43 123
43 185
43 196
43 206
43 207
43 211
44 2
44 14
46 73
46 80
46 81
46 86
46 88
46 90
46 100
46 120
46 126
46 130
49 4
49 17
49 19
49 27
49 28
49 29
49 32
49 35
49 52
49 61
49 62
49 63
50 3
50 12
50 13
51 4
51 10
51 11
51 16
52 10
52 16
52 17
52 20
52 68
52 70
52 88
52 92
53 1
53 7
53 31
53 49
53 52
53 54
53 55
53 56
53 62
54 6
54 7
54 10
54 11
54 14
55 1
56 11
56 13
57 25
58 3
58 6
58 8
58 13
58 18
58 90
58 101
58 105
58 115
58 119
59 6
61 2
62 80
62 81
62 86
62 90
62 97
63 3
63 8
63 12
63 15
63 18
63 19
63 22
63 23
63 28
63 31
63 34
63 39
63 45
63 49
63 50
63 51
63 106
63 110
64 12
67 18
67 31
67 33
67 34
67 37
67 39
67 47
67 54
67 58
67 73
67 76
67 78
67 80
67 89
67 91
67 127
67 143
67 154
67 161
67 164
67 177
67 184
67 208
67 209
67 218
67 230
67 232
67 235
67 238
67 239
67 242
67 244
67 250
67 254
67 256
67 258
67 264
67 277
67 283
67 296
67 300
67 312
67 313
67 326
67 327
67 337
67 340
67 342
67 346
67 349
67 359
67 360
68 3
68 6
68 19
68 30
68 32
68 37
68 45
68 50
68 54
68 67
68 76
68 82
68 86
68 218
68 221
68 223
68 230
68 245
68 247
68 255
68 258
68 264
69 8
69 15
69 22
69 26
70 1
70 2
70 11
70 25
70 26
70 29
71 6
71 7
71 11
71 13
71 23
71 35
71 36
71 43
71 48
71 57
71 58
71 68
71 73
71 82
71 84
71 88
74 27
74 38
74 41
74 42
74 52
74 57
74 60
74 64
74 65
74 81
74 91
74 92
74 94
74 97
74 100
74 105
74 160
74 163
74 165
74 166
74 249
74 254
74 337
74 338
74 339
74 354
74 364
74 390
78 3
78 21
78 25
78 30
78 40
80 15
80 24
80 26
80 28
80 33
80 40
80 45
80 48
80 126
81 3
81 5
81 7
81 9
81 11
81 12
81 20
82 2
82 4
82 6
82 9
82 10
82 11
82 13
82 15
82 20
82 24
82 28
82 33
82 43
82 52
82 57
82 67
82 76
82 80
83 2
83 6
83 13
83 14
83 19
83 20
83 27
83 28
83 36
83 41
83 42
83 90
83 93
83 94
83 96
83 99
83 102
83 109
83 112
83 181
83 183
83 186
83 187
83 189
83 202
83 207
83 282
83 286
83 294
83 300
83 412
83 418
84 13
84 19
84 29
84 32
84 34
85 7
85 20
85 22
85 26
85 36
85 41
85 46
85 60
85 61
86 4
86 12
86 27
86 32
86 34
86 37
86 42
86 51
86 54
86 56
86 59
86 62
87 2
87 4
87 7
87 10
87 14
87 17
87 25
87 32
87 34
87 40
87 43
87 53
87 54
87 56
91 36
91 40
91 49
91 62
91 63
91 79
91 81
91 83
91 85
91 86
91 88
91 97
91 110
91 125
91 128
91 132
91 133
91 135
91 139
91 153
93 5
93 10
93 14
93 15
93 18
93 23
93 28
93 31
93 33
93 44
93 45
96 79
98 9
98 15
98 21
98 23
98 24
98 25
98 32
98 34
98 39
98 121
98 125
98 132
98 134
98 140
98 142
98 184
98 187
98 189
98 210
98 220
99 1
99 6
99 9
99 10
100 1
100 9
100 10
100 23
100 33
100 41
100 42
100 44
100 47
100 58
100 62
100 68
102 6
102 13
102 21
102 26
102 27
102 32
103 22
104 5
105 8
105 13
105 14
105 15
107 1
107 3
107 6
107 9
108 51
108 53
108 56
108 81
108 86
108 91
108 96
108 101
108 106
108 107
108 109
108 110
108 111
108 117
108 118
108 126
108 133
108 135
108 141
108 147
108 150
108 154
108 171
108 183
108 184
109 7
109 9
110 3
110 5
110 8
110 9
110 21
110 30
110 40
110 44
110 53
110 54
110 57
110 63
110 68
