1 20
1 28
1 33
1 39
2 70
2 72
2 75
2 85
2 88
2 89
2 91
2 97
3 1
3 8
3 20
3 23
3 24
3 27
3 48
4 1
4 5
4 8
4 10
5 29
5 40
6 4
6 7
6 20
6 22
6 23
6 24
7 5
7 10
7 21
7 27
7 35
8 52
8 56
9 7
9 16
9 18
10 1
10 2
10 5
10 7
10 8
10 10
10 14
13 47
13 54
13 58
13 132
13 134
13 146
14 1
14 2
14 5
14 8
14 10
14 17
14 23
14 25
17 38
17 43
17 44
17 52
17 55
17 69
17 208
18 5
18 6
18 10
18 17
18 21
18 37
18 40
18 42
18 45
18 49
19 3
19 5
19 6
19 9
19 12
19 25
19 27
19 31
19 37
19 42
19 60
19 62
19 69
19 71
19 74
19 78
19 81
20 7
20 15
20 16
20 51
20 61
20 62
20 66
20 88
20 98
20 114
20 115
20 120
20 132
21 28
21 30
21 32
21 35
21 39
21 47
21 66
21 68
26 20
26 22
26 32
26 40
26 43
26 46
26 47
26 49
26 55
26 58
26 60
26 68
26 72
26 73
26 83
26 87
26 88
26 100
26 102
26 103
26 105
26 107
26 109
26 112
26 113
26 117
26 119
26 121
26 127
26 136
26 137
26 141
26 145
28 32
28 35
28 41
28 47
28 54
28 59
28 60
28 70
28 72
28 75
28 81
28 86
28 88
28 89
28 90
28 92
28 93
28 174
30 4
30 11
30 21
32 9
32 10
32 11
32 12
32 14
32 15
32 33
32 40
32 41
32 44
32 48
32 61
32 63
32 67
32 68
32 70
32 93
32 97
32 108
32 129
34 33
34 35
34 36
34 40
34 41
34 45
34 48
34 49
34 65
34 67
35 4
35 5
35 23
36 1
36 10
36 19
36 20
36 21
36 106
36 112
36 115
36 129
36 134
36 135
37 90
37 96
37 107
37 109
37 110
37 120
37 122
37 128
37 131
37 134
37 140
37 150
37 151
38 15
38 23
38 27
38 28
38 29
38 33
38 35
38 37
38 40
38 60
38 61
38 66
38 79
38 91
38 93
38 109
38 116
38 119
38 131
38 136
38 138
38 139
38 145
38 150
38 151
38 152
38 161
38 164
38 167
38 169
39 6
39 9
39 20
39 25
39 26
39 34
39 43
39 46
39 47
39 48
39 50
39 53
39 89
39 92
39 98
39 103
39 119
39 124
39 129
39 140
39 144
39 150
39 151
39 152
39 158
39 164
39 165
39 171
39 173
39 182
39 183
39 185
39 186
39 187
39 196
39 198
39 199
39 210
39 211
39 213
39 240
41 2
41 4
41 6
41 14
41 20
41 22
41 26
41 29
41 36
41 37
42 6
42 8
43 3
44 4
44 11
44 13
44 85
44 87
44 92
45 52
45 65
45 69
45 70
45 74
46 92
46 94
46 106
46 112
46 113
46 120
46 125
46 127
48 9
48 14
48 17
48 23
48 25
48 30
48 33
48 35
48 38
48 40
49 3
49 9
50 6
50 21
50 23
50 43
50 45
50 49
50 56
50 61
50 64
50 70
50 99
50 100
50 102
50 104
50 106
50 107
50 109
50 115
50 131
50 140
50 142
50 144
50 155
50 164
50 165
50 166
50 169
50 171
50 172
50 190
50 193
50 194
50 197
50 203
50 205
50 206
50 208
50 209
50 212
50 224
50 233
50 235
50 238
50 259
50 265
50 267
50 273
50 275
50 276
50 279
50 281
50 287
50 294
50 298
50 307
50 313
50 321
50 332
50 342
50 350
50 358
50 362
50 364
52 63
52 82
52 92
52 93
52 101
52 250
52 256
52 258
52 261
52 264
52 269
53 70
53 73
53 74
53 77
53 101
53 110
53 117
53 118
53 123
53 130
53 143
53 202
53 204
53 210
53 212
54 22
54 38
54 40
54 42
54 43
54 48
54 54
54 56
54 61
54 63
55 7
55 55
55 57
55 65
55 66
55 75
55 79
55 81
57 15
57 112
57 120
57 150
57 151
57 152
57 154
57 157
57 170
57 177
57 179
57 193
57 211
57 212
57 214
57 215
57 216
57 223
57 225
57 229
59 7
59 18
59 26
59 27
61 48
61 59
61 62
61 70
61 71
61 74
61 79
61 93
61 96
62 1
62 6
62 13
62 17
62 24
62 27
62 32
64 39
64 49
65 52
65 53
65 60
65 78
65 85
65 88
65 118
65 119
65 129
65 134
65 137
65 141
65 146
65 147
65 155
65 160
65 163
65 164
65 168
65 170
65 171
65 196
65 199
65 202
65 203
65 210
65 212
65 223
65 240
65 245
65 271
65 284
65 287
65 294
65 296
65 297
65 403
65 406
65 407
65 410
65 414
65 418
65 427
65 430
65 441
65 446
65 478
65 481
65 486
65 496
65 499
65 505
65 507
65 510
65 514
65 528
65 540
65 548
65 550
65 559
65 567
65 568
65 569
65 594
65 603
65 623
65 646
65 647
65 650
65 654
65 667
65 676
65 679
65 688
65 700
65 705
65 709
65 710
65 714
65 718
65 724
65 725
65 727
65 729
65 739
65 760
65 766
65 771
65 773
65 774
65 784
65 785
65 794
65 811
65 815
65 824
65 825
65 836
66 2
66 3
66 17
66 18
66 19
66 20
67 3
67 4
67 18
67 21
67 29
67 41
67 43
67 50
67 52
67 60
67 64
67 80
67 83
67 86
67 88
67 92
67 100
67 101
67 105
67 112
67 113
67 118
67 122
67 128
67 142
67 143
67 150
67 160
67 164
67 166
67 171
68 119
68 125
68 126
68 127
68 132
68 146
68 176
68 177
68 180
68 182
68 183
68 184
68 186
68 194
68 196
68 200
68 204
70 33
71 8
71 22
71 27
71 36
71 42
71 44
72 3
72 12
72 18
75 34
75 36
75 37
75 38
75 44
75 47
75 52
75 53
75 64
75 85
75 86
75 89
75 99
75 100
75 106
75 110
75 127
75 138
75 140
76 5
76 17
76 20
76 33
76 35
76 46
76 61
76 69
80 21
80 34
80 41
80 44
80 57
80 84
80 85
80 110
80 111
80 119
80 122
80 135
80 143
80 146
80 202
80 210
80 217
80 232
80 249
80 250
80 257
80 259
80 263
80 268
80 289
80 292
80 303
80 315
80 317
80 319
80 327
80 329
80 330
80 335
80 336
80 338
80 341
80 343
80 344
80 357
80 358
80 362
80 366
80 370
80 371
80 377
80 380
80 382
80 393
80 394
80 404
80 406
80 413
80 418
80 419
80 422
80 427
80 430
81 6
81 13
81 24
81 28
81 30
81 34
81 36
81 37
81 40
81 46
81 48
81 53
81 133
81 139
81 146
81 148
81 150
81 156
81 167
81 169
81 176
81 188
81 193
81 200
81 203
81 211
81 217
81 221
81 383
81 398
82 15
82 21
83 2
83 10
83 11
83 24
83 32
83 33
83 42
84 1
84 19
84 25
84 86
84 87
84 88
84 90
84 109
84 127
84 136
84 139
84 141
87 82
87 83
88 2
89 1
89 8
89 11
89 19
89 31
89 40
89 48
89 52
89 53
90 11
90 12
90 24
90 25
90 27
90 34
90 38
90 39
90 47
90 51
90 52
90 54
90 68
90 115
91 7
91 16
91 17
92 2
93 7
93 8
93 20
93 21
94 15
94 17
94 23
94 28
94 33
94 41
94 42
94 49
94 74
94 75
94 78
94 79
94 80
94 85
94 87
94 90
94 103
94 109
94 111
94 115
94 118
94 119
94 166
94 174
94 176
94 185
94 186
94 188
94 191
94 218
94 224
94 226
94 239
95 4
95 11
95 13
95 17
95 34
96 3
96 7
96 10
96 24
96 34
96 47
96 52
96 54
96 55
96 62
98 1
98 2
99 16
99 30
99 31
99 36
99 43
99 54
99 55
99 59
101 1
101 3
101 9
101 14
101 18
101 28
101 31
101 35
103 8
103 14
103 18
103 23
103 27
103 34
103 36
103 37
104 60
104 65
104 74
104 76
104 79
104 82
104 86
105 26
