1 3
1 9
1 14
3 18
3 34
4 1
4 11
4 15
4 20
4 29
4 30
4 38
4 40
4 44
4 53
4 57
5 21
6 6
6 9
6 10
6 23
6 32
6 41
6 48
6 54
6 55
6 70
6 71
6 72
6 75
7 11
7 13
7 14
7 16
7 19
7 30
7 33
7 35
7 36
7 37
7 44
7 48
7 91
7 100
7 101
7 107
7 115
7 124
7 125
8 16
8 27
8 33
10 43
11 2
11 11
12 1
12 2
12 4
12 6
12 7
12 8
12 21
12 58
12 61
12 63
12 71
12 76
12 87
12 89
12 103
13 3
13 4
13 8
13 14
13 30
14 5
14 11
14 33
14 39
14 41
15 27
15 42
15 46
15 48
15 61
15 64
15 77
15 81
15 91
15 93
15 109
15 115
15 116
15 118
16 40
16 42
16 45
16 169
16 174
16 178
16 184
16 189
16 192
16 198
16 202
17 3
17 11
17 29
17 45
17 47
17 54
17 58
17 60
17 62
17 80
17 96
17 98
17 102
17 109
17 128
17 131
17 132
17 148
17 156
17 183
17 192
17 196
17 235
17 364
17 381
17 383
17 392
17 396
17 400
17 402
17 413
17 415
17 422
17 424
17 426
17 437
17 442
17 456
17 459
17 460
17 463
17 491
17 497
17 506
17 508
17 510
17 513
17 516
17 524
17 527
17 540
18 29
18 43
18 49
18 81
18 93
19 3
19 10
19 12
19 19
19 23
19 40
19 41
19 43
19 48
19 54
20 102
20 105
20 108
20 110
20 165
20 186
20 191
20 199
20 206
20 209
20 210
20 212
20 213
20 218
20 225
20 230
20 231
20 235
20 236
21 1
21 18
21 24
21 28
21 30
21 35
21 37
21 41
23 54
23 55
23 64
23 74
23 78
23 79
24 4
24 20
26 72
26 92
27 65
27 67
27 75
27 79
27 87
27 88
27 98
27 117
27 120
27 121
27 123
27 129
27 130
28 107
28 109
28 111
28 122
29 8
29 11
31 29
32 2
32 3
32 4
33 2
34 11
35 2
35 3
35 5
35 16
35 20
35 23
36 23
37 1
37 9
37 12
37 27
37 46
37 49
38 127
39 4
39 5
39 12
39 14
39 22
39 25
39 37
39 40
40 15
40 19
40 22
40 29
40 36
40 40
40 42
40 45
40 47
40 48
40 63
40 83
40 84
40 87
40 91
40 92
40 104
41 1
41 3
41 12
41 40
41 169
41 175
42 3
42 7
42 13
42 14
42 18
42 32
42 35
42 36
42 37
42 45
42 46
42 49
42 50
42 52
42 53
42 55
42 57
42 58
42 69
43 2
43 13
43 18
43 22
43 29
43 30
44 4
45 28
46 24
46 37
47 13
47 21
47 76
47 85
47 86
47 94
47 96
47 105
47 109
48 72
48 84
48 86
48 97
48 109
48 111
48 112
48 114
50 62
50 66
50 71
50 88
50 96
50 104
50 113
50 121
50 133
50 140
50 156
50 165
50 170
51 9
51 13
51 16
51 35
51 37
51 42
51 43
51 47
51 51
51 53
51 55
51 56
51 57
51 58
51 59
51 61
52 16
53 3
53 7
53 8
53 16
53 29
53 32
53 34
53 56
53 65
53 66
53 68
53 70
53 94
53 96
54 76
54 108
54 109
54 115
55 59
55 63
56 9
56 15
56 16
56 25
56 28
56 37
57 4
57 5
57 9
57 10
57 12
57 14
57 23
57 24
57 25
57 35
57 37
59 60
59 65
59 70
59 71
59 72
59 74
59 77
59 78
59 80
59 89
59 101
59 104
59 108
59 112
59 117
59 118
59 157
59 170
59 171
59 186
59 187
59 189
59 197
59 258
59 262
59 263
59 278
59 283
59 294
59 296
59 297
59 299
61 50
62 8
62 100
62 101
62 108
62 110
62 118
62 119
62 123
62 129
62 139
62 141
62 149
62 151
62 158
63 12
63 15
63 17
63 18
63 19
63 24
63 25
63 27
63 33
63 44
63 48
63 56
63 61
63 67
63 72
63 76
64 1
65 3
65 10
65 19
65 26
65 28
65 41
66 6
66 10
66 11
66 16
67 1
67 8
67 9
67 10
67 13
67 14
67 26
67 27
67 33
67 36
67 45
67 48
67 50
67 54
67 55
67 58
67 71
67 72
69 13
69 24
69 27
69 31
69 38
69 55
69 72
72 39
72 42
72 56
72 62
72 82
72 83
72 88
73 53
73 55
73 57
73 58
73 65
73 69
73 79
73 80
73 83
73 91
73 101
73 106
73 114
73 135
73 136
73 142
73 145
73 149
73 153
73 154
73 156
73 158
73 165
73 171
73 172
73 182
73 188
73 191
73 192
73 198
73 199
73 209
73 298
74 7
74 13
74 18
74 20
75 1
75 3
75 10
75 18
75 22
75 27
75 28
75 33
75 43
75 55
75 57
75 58
75 66
75 70
75 76
75 85
77 2
77 7
77 14
78 6
78 7
78 11
78 27
79 5
79 6
79 8
79 12
81 84
81 93
81 94
81 97
81 103
81 105
81 204
81 207
81 210
81 214
82 1
82 8
82 12
82 13
82 16
82 28
82 30
82 57
83 5
83 6
83 7
83 9
83 15
83 19
83 22
83 23
83 24
83 27
83 28
83 35
83 44
83 51
83 55
83 58
83 72
83 75
83 80
83 81
83 84
83 99
83 107
83 135
83 151
83 152
83 156
83 159
83 169
83 170
83 176
83 189
83 190
83 194
83 197
84 3
84 4
84 13
84 14
84 15
84 21
84 24
84 25
85 2
85 3
85 11
85 14
85 53
85 58
85 59
85 65
85 66
85 70
85 73
85 74
86 74
86 78
88 15
88 21
88 26
88 28
88 52
88 54
88 57
88 58
88 66
88 73
88 79
88 81
88 83
89 12
89 25
89 28
89 30
89 47
89 62
89 63
89 66
89 71
89 75
89 76
89 81
89 84
90 4
90 6
90 12
90 46
90 47
92 53
92 67
92 78
92 85
92 92
93 22
93 29
93 32
93 34
93 40
93 49
94 5
94 6
94 9
94 20
95 5
95 17
95 18
95 22
95 24
97 5
97 8
97 11
98 3
98 14
98 16
98 17
98 18
98 26
99 7
99 15
99 34
99 35
99 37
99 89
99 102
100 6
101 2
101 4
101 7
101 12
101 14
101 15
103 95
103 99
103 108
103 117
103 126
103 129
103 132
103 134
103 137
103 142
103 146
103 152
103 158
106 27
106 31
106 32
106 37
106 40
106 41
106 43
106 44
106 51
106 60
106 65
106 66
107 6
107 7
107 10
107 12
107 13
107 16
107 22
107 27
107 28
107 29
107 33
107 40
107 44
107 46
107 52
107 53
107 58
107 67
107 73
107 83
107 90
107 92
107 93
107 95
107 109
107 118
107 123
107 126
107 129
108 18
108 19
108 28
108 29
108 43
108 87
108 89
108 96
108 100
108 112
108 117
108 145
108 146
108 152
108 157
108 165
108 172
108 176
108 179
108 181
108 190
108 191
108 196
108 205
108 214
108 223
108 301
108 307
108 312
108 314
108 316
108 322
108 356
108 358
108 386
108 391
108 407
108 410
108 425
108 433
108 436
108 438
108 443
108 444
108 445
108 447
108 450
108 452
108 457
108 461
108 470
108 478
108 487
108 504
108 511
108 512
109 5
109 7
109 10
109 23
109 36
110 12
110 16
110 27
110 28
110 56
110 105
111 1
111 7
111 12
111 17
111 23
111 25
111 26
111 31
111 38
111 47
111 59
111 75
111 77
111 87
111 88
