1 2
1 3
1 7
1 9
1 15
1 16
1 18
1 36
1 46
1 56
1 57
1 62
1 66
1 69
1 77
1 83
1 85
1 96
1 106
1 108
1 109
1 111
1 112
1 117
1 120
1 123
1 126
1 130
1 133
1 135
1 137
1 146
1 149
1 162
1 164
1 166
1 180
1 183
1 202
1 212
1 216
1 237
1 241
1 244
3 3
3 8
3 9
3 12
3 14
3 15
3 18
3 26
5 30
5 31
5 33
5 121
5 124
6 12
6 18
6 25
6 45
6 46
6 54
6 60
6 73
6 76
6 81
8 35
8 36
8 41
8 50
8 55
8 56
8 97
8 107
8 108
8 120
8 132
8 133
8 139
8 142
8 154
8 159
8 163
8 180
8 181
8 185
8 191
8 195
8 219
8 222
8 231
8 233
8 234
8 247
8 257
8 260
8 264
8 267
8 275
8 278
8 280
8 283
8 285
8 286
8 295
8 297
8 310
8 315
8 318
8 319
9 3
9 19
9 24
9 30
9 34
9 40
9 55
9 58
9 63
10 3
10 66
10 69
10 70
10 72
11 10
11 15
11 22
11 38
11 44
12 1
12 9
12 15
12 19
12 20
12 45
12 46
12 56
12 64
12 66
12 70
12 71
12 76
12 78
12 85
12 92
12 104
12 109
12 125
12 128
12 131
12 134
12 136
12 191
12 192
12 206
12 208
12 230
12 245
12 246
12 252
12 253
12 256
12 258
12 260
12 263
12 264
12 270
14 78
15 3
15 9
15 40
15 43
15 55
19 112
19 116
19 117
19 125
19 232
19 233
20 23
20 28
20 29
20 37
20 43
20 45
20 47
20 53
20 62
20 63
20 64
20 65
20 71
20 79
20 92
20 100
20 104
20 111
20 112
20 116
20 120
20 127
20 128
20 137
20 139
20 140
20 150
20 154
20 155
20 163
20 164
20 165
20 168
20 175
20 177
20 181
20 183
20 192
20 193
20 204
20 206
20 212
20 228
20 232
20 237
20 257
20 258
20 263
20 267
20 270
20 297
20 302
20 323
20 324
20 325
20 326
20 339
20 343
22 27
22 28
22 97
22 98
22 99
22 107
22 118
23 1
24 2
24 5
24 6
24 11
24 17
24 36
24 42
24 44
24 49
24 56
24 63
24 65
24 71
24 78
24 80
24 93
24 102
24 103
24 110
24 115
24 125
24 190
24 192
24 206
24 209
24 211
24 230
24 238
24 240
24 253
24 255
24 261
24 288
24 302
24 304
24 306
24 310
24 327
24 329
24 332
24 350
24 355
24 356
24 357
24 369
24 375
24 380
24 385
24 386
25 2
26 1
26 3
26 22
26 25
26 47
26 59
26 63
26 64
26 65
26 68
26 74
26 76
26 80
26 92
26 120
26 122
26 145
27 13
28 45
28 56
28 60
28 70
28 71
28 75
28 77
28 83
28 84
28 91
28 94
29 35
29 44
29 48
29 51
29 55
29 62
29 67
29 73
29 89
29 91
29 94
29 251
29 253
29 259
29 261
29 267
29 268
29 274
29 278
29 279
29 285
29 295
29 298
29 325
29 326
29 335
29 338
29 341
29 392
29 400
29 401
29 406
29 414
29 416
30 2
31 1
31 132
31 136
31 140
31 142
31 144
31 149
31 159
31 161
31 167
33 4
33 14
33 148
33 150
35 13
35 22
35 23
35 26
35 38
35 53
35 63
35 79
36 2
36 11
36 15
36 39
36 42
36 74
36 100
36 104
36 108
36 125
36 127
36 131
36 133
36 162
36 163
36 179
36 204
36 205
36 213
36 228
36 237
36 238
36 251
36 253
36 254
36 258
36 265
36 334
37 8
37 13
37 15
37 21
37 23
37 24
37 42
38 22
38 28
38 30
39 90
40 5
40 7
40 26
40 32
40 43
40 44
41 1
41 2
41 4
41 12
41 23
41 36
41 40
41 56
41 58
41 72
41 78
41 82
41 99
41 106
41 109
41 118
41 124
41 126
41 137
41 142
41 161
41 171
41 173
41 179
41 181
41 195
41 208
41 215
41 216
41 225
41 227
41 229
41 232
42 11
42 13
42 14
42 22
42 31
42 47
42 49
42 59
42 60
42 113
42 114
42 119
42 120
42 125
42 136
42 137
42 142
42 149
43 17
43 21
43 25
43 30
43 39
43 40
43 44
43 49
43 55
43 60
43 61
43 67
43 70
43 83
43 89
43 90
43 93
43 99
43 102
43 103
43 104
43 105
43 106
43 110
43 120
43 134
43 139
43 141
43 143
43 150
43 219
43 230
43 232
43 237
43 243
43 244
43 247
43 248
43 253
43 254
43 262
43 321
43 331
43 336
43 337
43 350
43 359
43 361
43 362
43 365
43 366
43 368
43 370
43 375
43 384
43 386
43 388
43 404
43 419
43 431
44 2
44 14
44 21
44 23
44 30
44 31
44 37
44 54
44 57
44 60
44 62
44 67
44 74
45 13
45 23
45 25
45 31
45 55
45 61
45 83
45 87
45 90
45 95
45 98
45 100
45 102
45 106
45 112
45 115
45 134
45 142
45 148
45 159
45 161
45 165
45 166
45 170
45 171
45 173
45 177
45 180
45 199
45 203
45 210
45 234
45 246
45 249
45 250
45 254
45 264
45 267
45 268
45 270
45 274
45 276
45 282
45 292
45 293
45 294
45 295
45 296
45 305
45 307
47 152
47 156
47 157
47 163
47 166
47 167
47 194
47 201
47 204
47 210
47 211
47 216
47 230
47 237
47 242
47 262
47 263
47 268
47 272
47 274
47 276
47 292
47 403
47 404
48 1
48 21
48 69
48 77
49 81
49 83
49 84
49 91
49 98
49 109
49 118
49 124
49 130
49 135
49 145
49 147
49 152
49 154
49 167
49 183
49 188
49 192
49 205
49 211
49 212
49 215
49 217
49 225
50 1
50 2
50 5
50 6
50 9
50 12
50 22
50 46
50 51
50 53
51 1
51 6
51 8
51 12
51 14
51 17
51 20
51 22
51 23
51 29
51 32
51 41
51 45
51 53
52 124
52 127
53 6
54 14
54 17
54 36
54 40
54 44
54 53
54 57
54 59
54 68
54 73
54 77
54 81
54 91
54 96
54 100
54 112
55 1
55 3
55 4
55 10
55 11
55 15
55 16
56 1
56 5
56 25
56 30
56 31
56 33
57 7
57 16
58 1
58 22
58 24
58 27
58 31
58 34
58 37
58 134
58 140
58 151
58 157
58 158
59 9
59 12
59 24
59 25
59 28
60 3
60 13
61 5
61 25
61 45
61 46
61 48
61 51
61 64
61 70
61 71
61 75
64 5
64 6
64 8
64 12
64 15
64 16
64 17
64 25
65 6
65 11
65 13
65 14
65 17
65 22
66 2
66 15
66 17
66 25
66 26
66 30
66 32
66 37
66 51
66 52
66 53
66 58
66 64
66 75
66 76
66 78
66 81
66 90
66 97
66 106
66 109
66 110
67 3
67 7
67 14
67 15
67 16
67 17
67 33
67 37
67 39
67 44
67 50
67 59
68 5
68 7
68 10
69 3
69 11
69 12
69 25
69 31
69 44
69 46
69 53
69 56
69 61
69 67
70 11
72 54
72 58
72 77
72 79
72 88
72 91
72 93
72 106
72 114
72 118
72 127
72 130
72 140
72 143
72 144
72 151
72 154
72 167
72 170
72 187
72 198
72 199
72 201
72 204
72 207
72 211
73 34
73 43
73 46
73 52
73 62
74 6
74 8
74 15
74 18
74 21
74 23
74 32
74 40
74 58
74 60
74 63
74 64
74 68
74 72
74 85
74 92
75 12
75 20
75 23
75 24
75 27
75 46
75 50
75 56
75 57
75 59
75 60
75 68
75 71
75 81
75 85
75 93
75 94
75 102
75 109
76 5
76 13
76 14
76 18
76 24
76 28
77 3
78 23
78 24
78 29
78 32
78 35
78 49
78 54
78 57
78 60
78 67
78 68
78 69
78 76
80 14
80 19
80 27
80 28
80 36
80 37
80 40
80 51
80 52
80 54
80 58
80 60
80 66
80 71
80 72
80 77
80 81
80 91
80 102
80 105
81 24
81 29
82 4
82 6
82 14
82 25
82 44
82 58
82 64
82 66
82 70
82 77
82 82
82 91
82 100
82 108
82 112
83 2
83 10
83 21
83 29
83 32
84 46
84 47
84 51
84 62
86 83
86 93
86 95
86 99
86 100
86 105
86 108
87 2
87 7
87 17
87 37
