1 1
1 5
1 8
1 13
1 23
1 25
1 31
1 51
1 52
1 66
2 4
2 9
2 11
2 13
2 15
2 40
2 41
2 45
2 54
2 55
2 61
2 65
2 72
2 152
2 157
2 158
2 172
2 173
2 184
2 190
2 205
5 25
5 26
5 28
6 4
6 11
6 104
6 111
6 113
6 114
6 116
6 118
6 120
6 123
6 125
6 127
6 135
6 137
6 152
6 227
6 234
6 235
6 237
7 2
7 5
7 11
7 47
7 53
7 61
7 62
7 66
7 76
7 83
7 85
7 88
7 89
7 90
7 91
7 105
7 130
7 140
7 146
7 279
7 283
7 286
7 287
7 292
7 299
7 300
7 304
8 13
8 18
8 19
8 23
8 30
8 35
8 36
8 46
8 47
8 55
8 59
8 72
8 73
8 80
8 81
8 84
8 214
8 226
10 20
10 21
10 22
10 30
10 39
10 52
10 60
10 70
10 75
10 81
10 82
10 91
10 92
10 95
10 97
10 103
10 111
10 112
10 115
10 118
10 121
10 129
10 139
10 140
10 146
10 147
10 152
10 222
10 228
10 247
10 257
10 258
10 260
10 345
10 456
10 464
10 471
10 476
14 2
14 8
14 10
14 17
14 18
14 23
14 26
14 42
14 44
14 46
14 62
14 69
14 71
14 76
14 78
14 80
14 81
14 88
14 96
14 108
14 113
14 125
14 127
14 142
14 143
14 149
14 156
14 163
14 175
14 205
14 223
14 226
14 246
15 1
15 3
15 4
15 5
15 14
15 28
15 30
15 31
15 35
15 38
15 42
15 44
15 46
17 6
17 13
17 14
18 17
19 1
19 10
19 15
19 17
19 23
19 33
19 37
19 50
19 61
19 62
19 63
19 82
19 88
19 92
19 105
20 3
20 4
20 7
20 13
20 18
20 22
20 24
20 25
20 34
20 37
20 105
20 106
20 121
20 126
20 128
20 133
20 134
20 137
20 141
20 145
20 184
20 187
20 200
20 205
20 215
20 216
24 5
24 7
24 19
24 33
25 6
25 22
25 23
25 31
25 32
26 3
26 9
26 12
26 13
26 17
26 21
26 31
26 41
26 44
26 54
26 58
26 61
26 62
26 66
26 68
26 76
26 86
26 88
26 92
26 95
26 96
26 111
26 115
26 120
27 2
27 6
27 13
27 15
27 21
28 4
28 5
28 7
28 151
28 269
28 272
28 273
28 278
28 324
29 80
29 104
29 107
29 112
29 119
29 120
29 122
29 136
29 140
29 146
29 166
30 2
30 12
30 14
30 25
30 30
30 33
31 95
31 101
31 106
31 186
31 200
31 208
33 43
33 50
33 60
33 88
33 95
33 98
33 116
33 117
33 118
33 130
33 137
33 139
33 140
33 142
34 108
34 115
34 116
34 118
34 121
34 124
34 126
34 140
34 141
34 148
34 155
34 159
34 162
34 163
34 170
34 171
34 172
35 7
35 11
35 17
35 19
35 24
35 29
36 10
36 11
37 3
37 10
37 18
37 57
37 67
37 93
38 1
38 3
38 12
39 4
39 136
39 141
39 147
39 151
39 152
39 156
39 168
39 171
39 187
39 188
39 190
39 194
39 200
39 208
39 214
40 2
40 3
40 5
40 21
40 24
40 27
40 47
40 51
40 62
40 68
40 75
40 76
40 81
42 8
43 9
46 13
46 18
46 23
46 58
46 60
46 64
46 68
46 73
46 81
46 83
46 87
46 97
46 100
46 104
46 108
46 168
46 176
46 198
46 200
46 206
46 210
46 211
46 218
46 219
46 241
46 248
46 252
46 259
47 2
47 4
47 9
47 16
47 24
47 25
47 26
47 29
47 33
47 38
47 53
47 59
47 67
47 205
47 223
47 224
47 250
48 2
48 11
48 12
48 13
48 144
48 155
48 156
48 159
48 160
48 169
48 175
48 178
49 9
49 12
49 20
49 31
50 1
50 7
50 14
50 20
50 31
50 37
50 43
50 47
50 51
50 54
50 60
50 62
51 9
51 10
51 19
53 66
53 75
53 77
53 78
53 80
53 88
53 96
53 99
53 100
53 104
54 3
54 14
54 16
55 13
55 15
55 17
55 25
55 29
55 31
55 42
55 46
55 53
55 55
55 63
55 64
55 67
55 75
55 83
55 93
55 95
55 96
55 106
55 110
55 119
55 120
55 130
55 133
55 137
55 154
55 175
55 176
55 179
55 180
55 183
56 19
56 28
56 34
56 39
56 47
56 80
56 85
56 93
56 103
56 116
56 140
56 270
56 276
56 277
56 278
56 300
56 314
56 318
56 323
56 324
56 325
56 326
56 332
57 1
57 2
57 136
58 47
58 49
58 50
58 53
58 63
58 67
59 28
59 30
59 31
61 30
61 32
61 39
61 41
61 55
61 57
61 73
65 46
65 55
65 57
66 59
67 7
67 9
67 26
67 29
67 41
67 48
67 60
67 73
67 75
67 90
67 91
68 97
68 101
68 113
68 117
68 129
68 130
68 149
69 3
69 7
69 10
69 12
69 16
69 21
71 18
71 23
71 26
71 27
71 28
71 29
71 34
71 55
71 60
71 62
71 84
71 86
71 107
71 128
71 130
71 138
71 153
71 155
72 1
72 3
72 6
72 10
72 15
72 28
72 33
72 38
72 41
72 43
72 45
72 49
72 53
72 56
72 60
72 70
72 71
72 72
75 2
75 5
75 6
75 18
75 26
75 31
75 34
75 43
75 191
75 192
75 196
75 198
77 83
81 3
81 4
81 8
81 14
81 18
81 28
81 37
81 39
81 43
81 44
83 1
83 15
83 17
83 19
83 25
83 40
83 53
83 58
83 59
84 7
84 8
84 32
84 33
84 35
84 41
84 43
84 52
84 55
84 57
85 7
85 10
85 11
85 19
86 2
86 3
86 6
86 30
86 35
86 44
86 45
86 47
86 50
86 52
86 68
86 69
86 72
86 75
87 11
87 17
87 20
87 28
87 48
89 51
89 55
89 62
89 70
89 71
89 74
89 78
89 85
89 91
89 94
89 96
89 97
89 100
89 107
89 110
89 124
89 127
89 130
89 131
89 136
89 150
89 152
89 153
89 155
89 156
89 157
89 164
89 172
89 187
89 195
89 201
89 205
89 210
89 212
89 219
90 1
91 12
91 19
91 20
91 22
91 24
91 26
91 34
91 37
91 39
92 84
92 88
92 111
92 119
92 127
92 173
92 185
92 192
92 195
92 196
92 206
92 209
92 211
92 218
92 234
92 239
92 246
93 17
93 22
93 24
93 28
93 34
93 46
93 49
93 51
93 52
93 59
93 61
93 62
93 104
94 63
94 140
94 153
94 161
94 162
94 176
94 181
94 182
95 42
95 51
95 66
96 5
97 1
97 12
97 13
97 15
97 21
97 24
97 26
97 31
97 41
97 45
97 58
97 59
97 65
97 67
