1 4
1 6
1 11
1 12
1 13
1 30
1 31
1 32
1 35
1 37
1 39
1 43
1 51
1 59
2 13
2 20
2 24
2 27
2 65
2 73
2 81
4 13
4 18
4 22
4 23
4 27
4 29
4 36
5 110
5 113
5 119
5 121
5 122
5 127
5 134
5 135
5 141
5 171
5 179
5 181
5 188
5 191
5 192
5 196
5 197
5 199
6 3
6 7
6 8
6 11
6 20
6 23
6 25
6 31
6 32
6 37
6 39
6 44
6 51
6 56
6 61
6 75
6 78
7 9
7 16
7 18
7 26
7 28
7 34
9 21
9 27
9 28
9 31
9 42
9 183
9 184
9 188
9 199
9 200
10 4
10 15
10 19
10 34
10 41
10 51
10 52
10 54
11 18
11 19
11 23
11 38
11 39
11 46
11 51
11 52
12 1
12 15
14 6
14 17
14 21
14 41
14 47
14 53
15 98
16 6
16 17
16 18
16 23
16 30
16 32
16 35
16 38
16 41
16 43
17 2
17 9
17 11
17 15
17 20
17 23
17 25
17 37
17 43
17 44
17 46
17 55
17 60
17 62
17 68
17 71
17 72
18 3
18 4
18 8
18 12
18 19
18 20
18 26
19 1
20 91
20 94
20 110
20 111
20 117
20 129
20 133
20 142
20 143
20 147
20 154
20 161
20 166
20 167
20 170
20 177
20 178
20 180
20 188
20 189
20 191
20 200
20 215
20 245
20 246
20 247
20 253
20 258
20 259
21 4
21 8
21 11
21 14
21 18
21 21
21 22
21 23
21 26
21 29
22 15
22 17
22 98
22 108
22 122
22 130
22 136
22 139
22 144
22 147
22 154
22 156
22 161
22 168
22 170
22 191
22 193
22 199
22 202
22 203
22 209
22 213
22 214
22 220
22 221
22 227
22 233
22 236
22 246
22 247
22 252
22 272
23 29
23 31
23 38
23 47
23 56
23 57
23 61
23 74
23 75
23 81
23 96
23 110
23 113
23 123
23 132
23 133
23 142
23 151
23 152
23 158
23 159
23 160
23 169
23 175
23 176
23 179
23 184
23 197
24 45
24 47
24 50
24 55
24 62
25 5
25 15
25 20
25 26
25 32
25 38
25 43
25 47
26 2
27 7
27 17
27 24
28 8
31 2
31 4
31 13
31 15
31 25
32 2
32 3
32 6
32 11
32 20
33 3
33 7
33 9
34 15
34 31
34 32
34 35
34 46
34 48
34 50
34 54
34 56
34 57
34 67
34 76
34 82
34 83
34 85
35 7
35 15
35 22
35 132
35 134
35 135
35 146
35 151
35 152
35 161
35 164
35 165
35 167
35 176
35 179
35 190
35 196
36 4
36 7
36 10
37 1
37 5
37 6
37 11
37 12
38 1
38 8
38 9
38 19
38 27
38 32
38 37
38 41
39 94
40 33
40 34
40 35
40 53
40 59
40 62
40 63
40 71
41 4
41 12
41 14
41 23
41 26
41 27
41 28
41 161
41 189
41 191
41 195
41 200
41 205
41 220
41 227
42 12
42 142
42 143
42 148
42 152
42 153
43 38
43 43
48 20
48 42
48 45
48 46
51 59
51 63
51 71
51 72
51 85
51 89
51 96
51 103
51 113
51 118
51 124
51 127
51 143
51 146
51 148
51 157
51 159
51 173
53 50
53 52
53 73
53 78
54 56
54 63
54 64
55 1
55 2
55 4
55 15
56 2
56 3
57 6
57 9
57 16
57 18
57 33
57 36
57 38
57 42
57 44
57 45
57 50
57 53
57 60
57 61
57 70
57 78
57 79
58 6
58 17
59 11
59 15
59 21
59 22
59 34
59 37
60 2
61 24
61 42
61 48
61 51
61 65
61 67
61 69
61 74
61 76
61 77
61 79
61 80
61 88
61 98
61 104
61 107
61 111
61 115
61 118
61 119
61 122
61 137
61 156
61 161
61 162
61 171
61 177
62 2
62 12
62 16
62 19
62 21
62 153
62 160
62 163
63 4
65 22
65 29
65 53
66 19
66 77
66 85
66 86
66 88
66 134
66 160
66 161
66 172
70 4
70 9
70 14
70 22
70 35
71 2
71 4
71 11
71 24
71 27
71 35
71 164
71 167
71 171
71 174
71 175
72 2
72 7
72 17
72 19
72 20
72 23
72 25
72 27
72 28
72 32
72 37
72 49
72 65
72 69
72 85
72 97
72 110
72 120
72 121
72 128
72 129
72 132
72 136
72 139
72 141
72 143
72 150
73 1
73 57
74 1
74 3
74 8
74 10
74 35
74 41
75 9
75 26
75 46
76 1
76 7
76 22
76 35
76 40
76 41
76 51
76 55
76 60
77 4
77 24
77 25
77 26
77 30
77 34
77 37
77 41
77 43
77 50
77 63
77 126
77 130
77 131
77 138
78 8
78 10
78 13
78 16
78 21
79 3
79 8
79 15
79 31
79 33
79 38
79 41
79 44
79 56
80 2
81 18
81 21
81 27
81 35
81 43
81 45
82 2
82 4
82 8
82 20
82 21
82 34
82 37
82 46
82 53
82 56
82 60
82 65
82 69
82 73
82 78
82 79
82 80
82 94
82 95
82 99
82 104
82 106
82 110
82 117
82 124
82 125
82 145
84 1
84 8
84 25
86 11
86 13
86 27
86 37
86 48
86 52
86 68
86 77
86 83
86 94
87 3
87 5
87 7
87 14
87 19
87 21
87 30
87 32
87 33
87 34
87 35
87 48
87 52
87 53
87 80
87 85
87 92
87 98
87 102
87 116
87 117
87 120
87 123
87 124
87 129
87 130
88 20
88 21
92 6
92 11
92 16
92 19
92 22
92 24
92 32
92 33
92 35
93 36
93 45
94 4
94 25
94 27
94 28
94 38
94 46
94 48
95 6
95 12
95 21
95 23
95 30
95 40
95 49
95 50
95 63
95 65
95 66
95 67
95 203
95 205
95 210
95 215
95 218
95 225
95 239
95 240
95 246
95 254
96 1
96 4
96 6
96 10
96 17
96 18
96 19
96 24
96 26
97 16
97 20
97 25
97 34
97 36
97 60
97 61
97 63
97 65
97 73
97 78
97 102
97 108
97 109
97 129
97 130
97 135
97 142
97 143
97 145
97 148
97 150
98 6
100 18
100 20
100 24
100 34
100 36
100 37
100 38
101 1
101 12
101 17
101 23
101 27
101 29
101 30
101 36
101 40
101 45
101 46
102 5
102 11
102 19
102 36
102 46
102 49
102 52
102 54
102 89
102 91
102 98
102 100
103 1
103 2
103 9
103 14
103 15
103 18
103 21
103 41
103 42
103 61
103 69
103 70
103 72
103 77
103 80
103 90
103 105
103 113
104 28
104 31
104 33
104 34
104 35
104 36
104 40
104 42
104 45
104 48
104 49
104 52
104 56
104 62
104 67
105 8
105 14
105 15
105 17
105 18
105 21
105 22
105 25
105 66
105 75
105 76
105 83
105 86
105 88
105 93
105 198
105 204
105 208
106 1
106 12
106 20
106 22
106 24
106 29
106 33
106 35
106 52
106 74
106 90
106 92
106 100
106 111
106 112
106 117
106 119
106 123
106 128
106 135
106 144
107 20
107 21
107 30
107 35
107 37
107 43
107 47
110 19
110 20
110 59
110 60
110 61
110 72
111 6
111 15
112 4
112 7
112 20
112 25
112 31
113 1
113 13
114 1
114 5
114 8
115 42
115 46
115 50
115 59
115 65
115 66
115 77
117 7
117 11
117 15
117 22
117 23
117 24
117 33
117 46
117 145
117 146
117 154
117 164
117 170
