1 2
1 3
1 6
1 10
1 15
1 18
1 24
1 118
1 120
1 131
1 134
1 135
1 145
1 151
1 152
1 165
1 170
1 179
1 182
1 203
1 204
1 206
1 211
1 218
1 220
1 241
1 248
1 250
1 253
1 262
1 285
1 286
1 288
1 293
1 301
1 304
1 306
1 317
1 321
1 333
1 351
1 364
1 368
1 373
1 388
1 398
1 410
1 414
1 422
1 426
1 432
1 435
1 437
1 439
1 441
1 444
1 445
1 454
2 15
2 20
2 24
2 30
2 41
2 46
4 2
4 7
4 11
6 73
6 78
6 83
6 89
6 98
6 109
6 116
6 119
6 125
6 128
6 134
6 136
6 143
6 159
6 165
6 166
7 43
7 49
7 50
9 19
9 38
9 46
10 2
10 4
10 24
10 26
10 38
10 51
10 56
10 58
10 78
10 82
10 88
10 103
11 10
11 21
11 29
11 31
11 33
12 3
12 5
12 19
12 29
12 30
12 33
12 46
12 56
12 60
12 68
12 73
12 78
12 81
12 101
12 103
12 110
12 113
12 116
12 123
12 127
12 128
12 136
12 144
12 146
12 147
12 151
12 170
12 176
12 177
12 192
12 195
12 202
12 204
12 206
13 5
13 8
13 26
13 30
13 31
14 4
14 10
14 11
14 20
14 28
14 37
14 42
14 44
14 54
14 57
15 2
15 4
15 14
15 18
15 22
15 24
15 34
15 35
15 42
15 44
15 47
15 50
15 55
15 56
17 86
17 95
17 106
17 108
17 112
17 113
17 130
17 133
17 155
17 158
17 164
17 167
17 173
17 184
17 212
17 216
17 225
17 228
17 229
18 2
18 4
18 5
19 31
19 33
19 44
19 60
19 61
19 64
19 68
19 71
19 75
19 80
19 83
19 85
19 86
21 11
21 18
21 27
21 36
21 37
21 41
21 59
21 61
21 66
21 74
21 82
22 6
22 11
22 30
22 32
22 45
22 57
22 58
22 62
22 64
22 68
22 69
23 5
23 8
23 17
23 18
23 22
23 24
23 27
23 36
23 37
23 51
24 15
24 17
24 21
24 22
24 29
24 41
24 43
24 45
24 51
24 55
24 60
24 62
24 69
24 97
24 155
24 158
24 159
24 169
24 182
24 195
24 206
24 207
24 208
24 213
24 215
24 233
24 238
24 241
24 246
24 260
24 265
24 275
24 280
24 282
24 289
24 303
24 312
24 316
24 319
25 2
25 3
25 13
25 14
25 19
25 25
25 36
25 38
25 40
25 46
25 47
25 90
25 91
25 92
25 94
25 97
25 98
25 105
25 107
25 118
25 119
25 125
25 127
26 15
26 19
26 24
27 2
27 5
27 21
27 52
27 53
27 56
27 63
27 68
27 70
27 80
27 85
27 87
27 95
27 104
27 159
27 160
28 1
28 10
29 88
29 90
29 105
29 112
29 121
29 123
30 4
30 5
30 12
30 15
30 25
30 26
30 27
30 33
30 35
31 4
31 8
31 37
31 38
31 44
31 51
31 53
31 57
31 62
31 65
31 72
31 76
31 86
31 125
31 131
31 138
31 148
31 149
31 152
31 154
31 158
31 160
31 163
31 171
32 1
32 12
32 41
35 2
35 5
35 10
35 19
37 12
37 14
37 15
37 24
37 28
40 47
40 49
40 58
40 62
40 71
40 72
40 73
40 119
40 136
40 137
41 3
41 136
41 138
41 141
42 6
43 3
43 21
43 24
44 8
44 11
44 18
44 20
44 21
45 1
45 4
46 7
46 14
46 15
46 150
46 159
46 161
46 163
46 164
46 287
46 290
46 296
46 298
46 299
46 305
49 13
49 19
49 22
49 33
49 46
49 50
49 55
49 59
51 51
51 55
51 58
51 65
51 66
51 67
51 72
51 80
51 81
51 87
51 88
51 91
51 95
51 113
51 118
51 119
51 126
51 130
53 77
53 78
53 79
53 91
53 99
53 128
53 135
53 139
53 140
53 143
53 144
53 166
53 169
53 176
53 183
54 2
54 36
55 48
55 51
55 52
55 56
55 58
55 73
55 82
55 85
55 87
55 89
55 90
55 93
55 95
55 229
55 240
55 242
55 246
55 291
55 296
55 299
55 301
55 302
55 307
55 317
55 322
55 328
55 330
55 333
55 338
55 339
55 344
55 349
55 366
55 369
55 376
55 377
55 387
55 390
55 392
55 403
55 406
57 13
57 16
57 31
57 37
57 38
57 45
57 48
58 65
58 68
58 71
58 78
58 83
58 87
58 88
58 90
58 92
58 93
58 97
58 102
58 118
58 120
60 35
60 38
60 41
60 42
60 47
60 53
60 54
60 57
60 61
60 65
60 68
60 69
60 75
60 78
60 80
60 86
60 90
60 98
60 107
61 1
61 15
61 16
61 29
61 36
61 37
61 39
61 116
61 127
61 128
61 137
61 140
61 141
61 146
61 150
61 160
61 164
61 169
63 2
63 4
63 10
63 21
63 24
63 25
63 27
63 129
63 132
63 138
64 66
64 68
64 69
64 73
64 80
64 82
64 87
64 107
64 132
64 140
64 151
64 156
64 160
64 167
64 168
64 178
64 189
64 193
64 195
64 196
64 204
64 205
64 214
64 219
64 221
65 23
65 31
65 72
65 78
65 82
65 84
65 95
65 108
66 2
66 11
66 15
67 73
67 80
69 1
69 5
69 7
69 19
69 28
69 37
69 44
69 47
69 57
69 60
69 64
69 107
69 108
69 123
69 127
69 133
69 136
69 154
69 159
69 165
69 170
69 174
71 50
71 62
71 68
71 76
71 77
72 3
73 33
73 35
74 3
74 4
74 13
74 61
74 92
74 94
74 95
74 102
74 104
74 105
74 107
74 188
74 189
74 193
74 194
74 202
74 208
74 213
74 214
74 228
74 230
74 232
74 233
74 241
74 243
74 245
78 10
78 14
78 16
78 18
79 8
79 10
79 12
79 15
79 23
79 31
79 40
79 41
79 48
79 64
79 70
80 1
80 8
80 9
80 13
81 7
81 9
81 13
81 16
81 26
81 31
81 38
81 39
81 43
81 54
81 61
81 64
81 77
81 80
81 89
81 91
81 93
82 6
82 14
82 16
82 26
82 29
82 40
82 42
83 6
84 8
84 12
84 15
84 19
84 23
84 28
84 30
84 37
84 41
84 56
84 74
84 80
84 91
84 115
84 138
84 144
84 146
84 155
84 157
84 163
85 59
85 63
85 70
85 79
85 100
85 101
85 107
85 110
85 116
85 126
85 138
85 141
85 150
85 153
86 91
86 95
86 101
86 105
86 108
86 122
86 130
86 132
86 133
86 138
86 142
86 147
86 159
86 165
86 167
86 172
86 182
86 185
86 187
86 192
86 201
86 212
86 217
86 221
86 225
86 234
86 243
86 246
86 247
86 248
86 259
86 262
86 293
86 294
87 80
87 125
87 130
87 145
87 147
87 151
88 7
88 12
88 15
88 18
88 24
88 26
88 39
88 40
88 56
89 11
89 21
89 22
89 23
89 27
89 29
89 40
89 54
89 76
89 78
89 80
89 91
89 117
89 125
89 130
89 141
89 144
89 145
89 147
89 149
89 187
89 189
89 197
89 205
89 211
89 216
89 218
89 226
89 235
89 239
89 241
89 243
89 244
89 248
91 79
92 8
92 15
93 3
93 5
93 6
93 11
93 13
93 14
93 20
93 23
93 26
93 30
93 31
93 51
93 56
93 68
93 74
93 75
93 77
93 80
93 100
93 111
93 118
94 4
94 11
94 12
94 20
95 9
95 14
96 50
96 59
98 11
98 16
98 18
98 26
98 27
100 19
100 31
100 37
100 39
100 42
100 45
100 50
100 67
100 70
100 83
100 86
101 4
101 84
101 132
101 151
101 153
101 157
101 161
101 163
101 166
101 174
101 177
101 179
101 182
101 188
101 191
101 192
101 193
101 202
101 203
101 209
101 210
101 212
101 213
101 219
101 243
101 244
101 249
101 251
