1 1
1 16
1 17
1 31
1 44
1 54
1 67
1 80
1 89
1 106
1 112
2 3
2 4
2 9
2 26
6 27
6 28
6 29
6 42
6 43
6 49
6 50
6 69
6 77
6 85
6 86
6 88
6 89
6 103
6 108
6 114
6 116
7 12
7 21
7 27
7 28
7 29
7 32
7 37
7 40
7 42
7 51
7 54
7 64
7 92
7 100
7 106
7 110
7 115
7 129
7 132
7 138
7 139
7 146
7 148
7 161
7 164
7 175
7 179
7 180
7 185
7 195
7 199
7 332
7 340
7 346
7 350
7 362
7 364
7 379
7 381
7 384
7 388
7 392
8 7
9 23
10 10
10 21
10 32
10 34
10 38
10 47
10 62
10 63
10 66
10 67
10 69
10 76
10 78
10 86
10 96
10 99
10 113
10 116
10 127
10 130
10 131
10 139
11 9
11 17
11 19
11 25
11 27
11 39
11 40
11 42
11 46
11 49
11 50
12 2
12 20
12 21
12 25
12 27
12 34
12 36
12 40
12 41
12 44
12 58
12 59
12 61
12 64
12 76
12 77
12 78
12 84
12 88
12 92
13 3
13 16
13 22
13 24
13 25
13 28
13 33
13 34
13 36
13 37
13 39
13 45
14 24
14 37
14 40
14 41
15 9
15 10
15 11
15 13
15 21
15 23
15 24
15 33
15 34
15 38
15 44
15 50
15 57
16 1
16 4
16 13
16 15
16 35
16 38
16 44
17 4
17 5
17 6
17 16
18 9
18 52
18 59
18 62
18 69
18 70
19 1
19 6
19 11
19 15
20 5
20 8
20 10
20 22
20 28
20 37
20 39
20 48
20 53
20 54
20 64
20 68
20 71
20 85
20 93
20 94
20 97
20 104
20 109
20 119
20 130
20 131
20 136
20 142
20 150
20 169
20 173
20 184
20 237
20 241
20 242
20 254
20 258
20 271
21 9
21 13
21 15
22 1
23 1
23 4
23 11
23 13
23 16
23 17
23 21
23 23
23 24
23 34
23 35
23 49
24 45
24 46
24 51
24 56
24 59
24 62
24 68
24 72
24 78
24 83
24 85
24 86
24 93
24 95
24 98
24 103
24 108
24 109
24 110
24 112
24 118
24 122
24 123
24 127
24 136
24 137
24 140
24 145
24 147
25 1
25 10
25 25
25 34
25 38
25 45
25 52
25 53
25 139
25 140
25 143
25 150
25 161
25 163
25 166
26 1
26 5
26 8
26 10
26 16
29 15
29 32
29 47
29 52
30 1
30 2
30 6
30 7
31 3
31 10
31 15
31 19
31 24
31 28
31 32
33 24
33 29
33 45
33 55
33 56
33 60
33 67
33 94
33 97
33 104
33 108
33 109
33 112
33 117
33 125
33 161
33 163
33 175
33 182
33 185
34 5
34 13
34 14
34 16
34 29
34 36
34 38
34 40
34 41
34 45
34 50
34 56
34 60
34 63
34 66
34 73
34 75
35 4
35 29
35 32
35 38
35 45
35 56
35 57
35 59
35 61
39 9
40 10
41 1
41 7
41 14
41 19
42 1
42 8
43 2
43 12
43 17
43 29
43 121
44 6
44 12
44 16
44 26
45 8
46 8
46 11
46 19
46 36
46 40
46 43
46 47
46 48
46 50
46 51
46 57
46 58
46 69
46 71
46 79
46 85
46 98
46 99
46 102
46 104
46 111
46 159
46 166
46 249
46 250
46 257
46 264
46 274
46 276
46 281
46 294
46 301
47 6
48 1
48 112
48 116
48 119
48 142
48 149
48 152
48 153
49 12
49 16
49 26
49 32
49 33
49 37
49 41
49 48
50 2
50 9
50 14
50 15
50 23
50 29
50 32
50 37
50 60
50 69
50 79
50 93
50 94
51 1
51 6
51 11
51 14
51 24
51 26
51 28
51 35
51 43
51 46
51 55
51 59
51 63
51 78
51 81
51 87
51 102
51 103
51 110
51 114
51 120
51 121
51 125
53 3
53 6
53 7
53 11
53 13
53 15
53 32
53 41
53 42
53 59
53 61
53 62
53 64
53 76
53 79
53 90
53 98
54 3
54 5
54 6
55 3
55 5
55 6
55 15
55 18
55 26
55 30
55 40
55 44
55 109
55 116
55 129
55 139
55 152
55 177
56 13
56 24
56 40
56 41
56 45
56 51
56 60
56 67
62 29
62 30
62 31
62 161
62 163
62 167
62 175
62 190
62 203
62 207
62 209
67 11
67 17
67 19
67 32
67 36
67 40
67 43
67 84
67 86
67 93
67 101
67 102
67 108
67 111
68 22
68 23
68 29
68 30
68 38
68 47
68 55
68 56
68 59
68 60
68 62
68 64
68 71
68 73
68 86
68 90
68 93
68 96
68 109
68 112
68 114
68 126
68 129
68 135
68 137
68 141
68 166
68 179
68 195
68 209
68 210
68 225
68 226
68 231
68 232
69 3
69 4
69 8
69 11
69 20
69 22
69 23
70 1
70 9
70 12
70 18
70 25
70 30
70 35
70 87
70 91
70 97
70 99
70 101
70 103
70 104
70 106
70 115
70 119
70 120
70 127
70 130
70 133
70 144
70 150
70 151
70 173
70 181
70 189
70 205
70 206
70 210
70 219
70 227
70 228
70 246
70 253
70 255
70 272
70 273
70 276
70 284
70 293
70 300
70 302
70 308
70 312
70 336
70 341
70 349
70 353
72 18
72 25
72 28
74 1
74 7
74 16
74 17
74 18
74 20
74 30
74 34
74 64
74 66
74 75
74 81
74 85
74 90
74 92
74 94
76 3
77 24
77 25
77 27
77 29
78 5
78 10
78 27
78 34
78 42
78 62
78 71
78 75
78 99
78 103
78 108
78 110
78 113
79 11
79 15
79 30
79 31
79 56
80 63
82 3
82 4
82 21
82 27
82 30
82 35
82 36
82 46
82 54
82 56
82 58
82 64
82 65
82 69
86 19
86 30
86 60
86 67
86 70
86 72
86 77
86 88
86 89
86 91
86 100
86 105
86 108
86 120
88 43
88 57
88 58
88 60
88 80
88 89
88 93
88 94
88 103
88 107
88 110
89 101
89 102
89 103
89 105
89 111
89 116
89 119
89 120
89 126
89 147
89 148
89 149
89 150
89 156
90 8
90 16
90 24
90 26
90 28
90 72
90 89
90 93
90 101
90 107
90 112
90 116
91 5
91 9
91 11
91 13
92 8
92 20
92 23
92 34
92 42
92 46
92 48
92 73
92 77
92 86
92 89
92 92
92 97
92 99
92 104
92 105
92 113
92 124
92 128
92 131
92 140
92 148
92 153
92 162
92 166
92 168
92 175
92 178
92 181
92 187
92 190
92 231
92 232
92 237
92 276
92 283
92 289
93 1
95 8
95 13
96 17
96 36
96 38
96 39
96 40
96 45
96 48
97 107
97 108
97 114
97 129
97 130
97 162
97 163
97 178
97 179
97 185
97 202
97 203
97 211
97 213
97 214
97 220
97 234
98 1
98 6
98 7
98 10
98 13
98 16
99 28
99 36
99 43
99 44
99 53
99 60
100 4
100 5
100 6
100 9
100 33
100 40
100 41
100 42
100 54
100 57
100 64
100 68
100 71
100 76
100 77
100 81
100 87
100 90
100 94
101 7
101 15
101 20
101 24
101 27
101 28
101 33
102 6
102 9
102 19
102 23
103 3
103 6
103 17
103 32
103 33
103 35
103 48
103 49
103 55
103 65
103 66
103 67
103 76
103 78
103 81
103 84
103 89
103 94
103 96
103 102
104 1
104 3
104 6
104 49
104 56
104 63
104 71
106 34
106 36
106 39
106 43
106 53
106 56
106 61
106 62
106 68
106 91
106 96
106 102
106 105
106 113
106 120
106 123
106 128
106 131
106 133
106 144
106 145
106 167
107 3
107 8
107 14
107 31
107 47
107 58
107 60
107 67
107 73
107 85
107 87
107 88
107 94
107 100
107 101
107 103
107 116
108 19
108 35
108 40
108 46
108 47
108 52
108 72
108 77
108 78
108 80
108 83
108 87
108 88
110 39
110 44
110 162
110 167
110 168
110 182
110 191
110 204
110 205
110 206
110 210
110 213
110 224
111 8
111 11
111 22
111 23
111 25
111 32
111 37
111 105
111 126
111 128
111 132
111 133
111 136
111 139
111 140
111 142
111 145
111 150
111 155
112 6
114 72
114 73
114 75
114 77
114 83
114 93
114 104
114 105
114 116
114 123
114 133
114 135
114 137
114 145
114 156
114 230
114 243
114 246
114 249
118 10
118 12
118 22
118 64
118 80
118 85
118 92
119 6
119 19
119 34
119 37
119 41
119 47
119 126
119 135
119 148
119 158
119 159
119 162
119 164
119 166
119 173
119 176
