1 4
1 140
1 146
1 152
1 154
1 180
1 187
2 1
2 16
2 19
2 21
3 15
3 19
3 22
3 29
3 30
3 36
3 39
3 41
3 44
3 49
3 50
3 61
3 64
3 68
3 73
4 9
4 11
4 19
4 20
5 6
5 17
5 29
5 30
5 44
5 63
5 74
5 83
6 19
6 21
6 26
6 27
6 37
6 40
6 41
6 42
6 44
6 46
6 48
6 53
6 57
6 61
6 63
6 72
6 73
6 75
6 89
6 97
6 101
6 110
6 115
6 116
6 118
6 125
6 133
6 134
6 146
6 169
6 182
6 184
6 191
9 15
9 17
9 21
9 23
9 29
9 32
9 33
9 34
9 38
9 42
9 45
9 48
9 51
9 52
9 71
9 77
9 78
9 83
9 92
9 96
9 100
9 101
9 102
9 106
9 202
9 212
9 215
9 216
9 226
10 2
12 123
12 137
12 141
12 148
12 156
12 159
12 187
12 196
12 199
12 205
12 206
12 224
12 227
12 230
12 235
12 238
12 241
12 248
12 264
12 274
12 278
12 295
12 305
12 307
12 317
12 320
12 322
12 327
12 335
12 337
12 350
12 359
12 360
12 365
12 368
15 30
15 34
15 35
15 44
15 55
15 65
15 68
15 69
15 75
15 76
15 80
15 84
15 88
15 93
15 95
15 119
15 123
15 260
15 268
15 269
15 270
15 274
15 275
15 278
15 314
15 321
15 340
15 345
15 352
15 357
15 358
15 373
19 10
19 11
19 16
19 27
19 29
19 31
19 32
19 33
19 34
19 35
19 39
19 44
19 45
19 57
19 60
19 61
19 65
19 144
19 149
20 3
20 11
20 21
20 22
20 31
20 37
20 38
20 39
21 9
21 11
21 15
21 16
21 19
23 99
23 117
23 118
23 123
23 132
23 133
23 139
23 145
23 147
23 155
23 156
23 157
23 159
23 174
23 210
24 37
24 40
24 44
24 60
24 61
24 62
29 57
29 60
29 61
29 72
29 78
29 80
29 90
29 95
29 96
29 102
29 108
29 114
29 135
29 136
29 140
29 142
29 144
29 145
29 150
29 154
29 156
29 159
29 164
29 166
29 167
29 168
29 169
29 179
29 181
29 183
29 187
29 189
29 200
29 209
29 210
29 218
29 246
29 266
29 271
29 273
29 275
29 280
29 286
29 303
29 306
29 315
29 322
29 326
29 335
29 339
29 344
29 351
30 140
30 146
30 147
30 151
30 283
30 304
30 308
30 310
30 312
30 326
30 331
30 337
30 353
30 354
31 3
31 9
31 67
33 40
33 41
33 51
33 56
33 69
33 82
33 113
33 125
33 133
33 136
33 154
33 162
33 166
33 174
34 1
34 3
34 6
35 3
35 10
35 11
35 16
35 25
35 41
35 43
35 45
35 49
35 56
35 60
35 61
35 63
35 65
35 66
35 71
35 73
35 75
35 131
35 141
35 149
35 151
35 152
35 166
35 167
35 184
35 387
35 401
35 406
35 408
35 414
38 28
38 29
38 30
38 49
38 50
38 51
38 60
38 64
38 74
38 76
38 113
38 119
39 7
41 19
41 21
41 25
44 19
44 20
44 24
44 29
45 2
45 5
45 17
45 18
45 24
45 32
45 44
46 18
46 24
46 42
47 31
47 34
47 39
47 47
47 53
47 54
47 55
47 59
47 64
47 65
48 13
48 37
48 43
48 51
48 58
49 2
49 3
49 11
49 17
49 21
50 14
50 27
50 69
50 78
50 88
50 96
50 98
50 102
50 103
50 104
51 41
52 13
52 25
52 31
52 36
52 37
53 25
53 29
53 46
53 49
53 57
53 59
53 61
53 63
53 66
53 69
53 73
53 74
53 80
53 88
54 6
55 1
55 2
57 10
57 22
57 26
57 27
57 36
57 43
57 50
57 53
57 66
57 70
57 76
57 86
57 90
57 92
59 62
59 90
59 96
59 102
59 103
59 107
59 108
59 110
59 113
59 122
59 123
59 133
59 144
63 2
63 21
63 35
63 38
63 163
63 176
63 202
63 203
63 207
63 218
65 75
65 76
65 79
65 80
65 81
65 90
65 93
65 104
66 1
66 7
66 8
67 22
67 30
67 57
67 58
67 65
67 71
67 73
67 86
67 88
67 98
67 105
67 111
67 118
67 119
67 125
67 134
68 9
68 19
68 26
68 40
68 50
68 63
68 67
68 81
68 82
68 88
68 95
69 14
69 18
69 22
69 23
69 46
69 47
69 51
69 55
69 65
69 69
69 72
69 74
69 77
69 79
69 81
69 82
69 88
69 95
72 28
72 35
72 36
72 40
72 41
72 52
72 57
72 58
72 64
72 66
74 35
74 39
75 4
75 9
75 10
75 34
76 2
76 5
77 3
77 9
77 12
77 15
79 68
79 88
79 90
80 9
80 19
80 23
80 28
80 36
80 37
81 41
81 46
81 47
81 60
81 73
81 77
81 85
81 86
81 87
81 91
82 2
82 8
82 9
82 12
83 1
83 12
83 14
84 5
84 7
84 27
84 29
85 5
85 75
85 79
85 81
86 16
86 20
86 27
86 30
86 31
86 165
86 170
86 172
86 180
86 207
86 224
86 230
86 236
86 241
86 249
86 257
86 262
86 265
86 281
86 293
86 294
86 296
86 297
86 298
86 308
87 3
87 5
87 7
87 17
87 21
87 24
87 25
88 12
88 13
88 18
88 19
88 21
88 22
88 23
88 37
88 41
88 43
88 45
88 57
88 76
88 93
88 94
88 97
88 172
88 184
88 185
89 23
89 24
89 27
89 32
89 33
89 35
89 43
89 44
89 49
89 63
89 66
89 72
89 74
89 83
89 88
89 90
89 91
89 100
89 101
89 119
89 123
89 128
89 130
89 136
89 138
89 145
89 272
89 277
90 80
90 92
91 3
91 5
91 6
91 7
91 17
91 21
91 23
91 25
91 30
91 32
91 35
91 54
92 80
92 81
92 90
93 2
93 4
94 11
94 18
94 19
94 50
94 52
94 71
94 75
94 80
94 93
94 94
94 99
94 113
94 115
94 118
94 127
94 162
94 167
94 169
94 171
94 172
94 173
95 1
95 2
95 6
95 10
95 13
95 16
95 17
95 19
95 23
95 24
95 32
95 40
95 49
95 60
95 73
95 88
95 95
95 105
95 108
95 113
95 114
95 115
95 120
95 124
95 129
95 142
95 161
95 165
95 166
95 167
96 1
96 2
96 6
96 16
96 17
96 30
96 33
96 34
96 46
96 52
98 15
98 20
98 23
98 29
98 33
99 4
99 8
99 11
99 16
100 20
100 46
100 47
100 55
100 58
100 79
101 10
101 11
101 16
101 17
102 2
102 10
102 15
102 144
102 155
102 232
102 233
102 264
102 265
102 273
103 2
104 7
104 13
104 14
104 27
105 104
105 106
105 110
105 119
105 132
105 137
105 139
105 141
105 145
105 148
