1 26
1 34
1 40
1 46
1 49
1 52
1 56
2 5
2 8
2 11
2 25
2 27
3 3
3 9
3 13
3 16
3 24
3 25
3 39
3 40
3 41
3 44
3 45
3 47
3 53
3 60
3 72
3 74
4 7
4 15
4 18
4 22
4 28
4 39
4 45
4 62
4 64
4 68
4 72
4 80
4 102
4 106
4 108
4 122
5 2
5 4
5 20
5 25
5 30
5 41
5 67
5 71
5 73
5 76
5 81
5 84
6 13
6 17
6 19
6 21
6 28
6 40
6 42
6 46
6 58
6 66
6 73
6 75
6 76
6 85
6 93
6 95
6 98
6 105
6 106
6 114
6 118
6 120
6 133
7 8
7 16
7 18
7 21
7 24
7 29
7 42
7 45
8 10
8 16
8 40
8 43
8 46
8 94
8 96
8 99
8 110
8 113
11 3
11 8
11 15
11 16
12 1
12 6
12 10
12 17
12 22
12 23
12 24
12 52
12 56
12 59
12 70
12 72
12 84
12 87
12 88
12 89
13 3
13 5
14 1
14 7
15 1
15 7
15 8
17 23
17 25
17 26
17 27
17 31
17 33
17 34
17 39
17 48
18 6
18 11
18 13
18 19
18 23
18 27
18 29
18 30
18 40
18 46
18 51
18 54
18 57
18 62
19 85
19 91
19 150
19 151
20 40
20 41
20 46
20 47
20 58
20 72
20 73
20 83
22 2
22 5
23 8
23 25
23 28
23 32
23 40
23 44
23 45
23 48
23 52
23 66
23 69
23 76
23 89
23 111
24 20
24 23
24 36
24 40
24 47
24 70
24 78
24 97
27 44
27 52
27 59
27 62
27 73
27 79
28 9
28 16
28 19
28 23
29 9
29 10
29 22
29 33
29 41
31 2
31 5
31 14
31 15
31 25
31 29
31 31
31 32
31 37
31 39
31 41
31 42
31 46
32 6
32 21
33 2
33 8
33 12
33 13
33 15
37 6
37 22
37 23
37 25
37 31
37 37
37 49
37 51
37 53
37 62
37 67
37 70
37 71
37 78
37 80
37 82
37 84
37 89
37 90
37 101
37 114
38 63
38 69
38 75
38 79
39 4
39 5
40 1
40 4
40 5
40 8
40 9
40 26
40 27
40 56
40 66
41 13
41 15
41 16
41 21
41 35
41 38
41 47
41 59
41 65
42 2
42 9
42 20
42 33
42 54
42 55
42 56
42 58
42 63
42 72
42 79
42 85
42 93
42 97
42 138
42 139
42 144
42 147
42 157
42 169
42 182
42 188
42 189
42 199
42 336
42 338
42 339
42 341
42 345
42 348
42 352
42 355
42 381
42 395
43 37
43 38
43 39
43 42
43 43
45 1
45 3
45 9
45 10
45 11
45 17
45 19
47 1
47 11
47 19
47 26
47 32
47 37
47 39
47 45
47 49
47 51
47 53
47 60
47 64
47 76
47 78
47 80
47 89
47 90
47 93
47 96
47 98
47 103
47 117
47 118
47 120
47 123
47 124
47 125
47 130
49 84
49 98
49 99
49 114
50 47
50 49
50 54
50 55
50 57
50 61
50 69
50 73
50 83
50 86
50 88
50 89
50 91
50 93
50 96
50 99
50 100
50 105
51 6
51 9
54 28
54 29
56 10
56 12
56 16
57 28
57 33
57 54
57 63
57 70
57 72
57 73
57 75
57 76
57 79
58 1
58 10
58 14
60 35
60 40
60 50
60 52
61 1
61 8
61 12
61 14
61 16
61 26
61 37
61 45
61 50
61 51
61 60
62 27
62 30
62 31
62 35
64 43
65 1
65 4
65 11
65 13
65 31
65 36
65 40
65 81
65 82
66 92
66 106
66 108
67 2
67 9
67 14
67 15
67 19
67 22
67 30
69 23
69 41
69 43
69 48
69 54
69 68
69 76
69 82
69 86
69 92
69 97
69 99
69 102
69 103
70 11
70 13
70 26
70 30
70 43
72 1
72 5
72 19
72 29
72 33
72 41
75 22
75 35
75 45
75 52
75 57
75 61
75 68
75 76
75 79
75 80
75 86
75 102
75 103
75 113
75 123
76 1
76 8
76 22
76 34
76 35
76 43
76 51
76 54
76 58
76 68
76 73
77 12
77 19
77 22
77 25
78 1
78 10
78 11
78 16
78 25
78 27
78 29
78 34
78 35
78 38
78 42
78 49
78 57
78 58
78 59
78 63
78 64
78 70
78 72
78 73
78 75
78 77
78 91
79 115
79 116
79 117
79 124
83 3
83 27
84 6
84 10
84 15
84 16
84 23
84 48
84 54
85 6
86 1
86 22
86 48
86 51
86 53
86 62
86 66
86 67
87 4
87 6
87 8
87 10
87 12
87 29
87 30
87 35
87 37
87 48
87 54
87 57
87 62
87 72
87 73
87 74
87 75
87 95
87 96
87 97
87 99
87 102
87 103
87 106
87 107
87 109
87 116
89 78
89 83
89 84
89 85
89 89
89 90
89 92
89 94
89 99
89 103
89 104
90 96
90 99
91 13
91 18
91 30
91 170
91 171
92 2
92 18
93 131
93 133
93 135
93 136
93 146
93 151
93 153
93 155
93 158
94 18
94 21
99 13
99 19
99 35
102 19
102 21
102 28
102 31
102 33
102 45
102 64
102 68
102 72
102 73
102 79
102 81
102 84
102 89
103 3
103 5
105 16
106 15
106 22
106 27
106 38
106 44
106 52
107 2
107 10
107 13
107 28
107 41
107 47
111 79
111 84
111 86
111 88
112 130
112 141
112 145
112 148
112 171
112 184
112 185
112 186
112 191
112 195
112 198
112 205
112 206
112 213
112 223
112 227
112 238
113 5
113 8
113 11
113 21
113 23
113 25
113 35
113 45
113 47
113 49
113 52
113 54
113 67
113 72
113 79
113 83
113 88
113 97
113 106
113 107
113 110
113 128
113 130
114 66
114 89
114 91
114 98
114 100
114 101
114 110
114 116
114 124
115 13
115 15
115 17
115 22
115 23
115 34
115 37
115 48
115 49
115 56
115 64
115 65
115 81
116 4
116 7
116 8
116 12
116 13
116 24
116 27
116 36
116 41
116 43
116 46
116 52
116 56
116 60
116 63
116 65
116 67
116 74
116 78
116 79
116 100
116 105
116 112
116 120
117 98
118 7
118 11
120 2
120 3
120 6
120 7
121 19
121 23
121 24
121 30
121 32
121 42
121 45
121 53
121 54
121 55
121 61
121 67
121 74
121 76
121 90
121 99
121 104
121 108
121 121
122 2
122 13
122 19
122 21
122 41
122 56
122 61
122 75
122 77
122 99
122 100
123 17
123 19
123 25
123 28
123 40
123 41
123 45
123 52
123 59
123 65
123 71
123 73
123 76
123 83
123 84
123 92
123 93
123 97
123 100
123 111
123 118
123 128
123 139
123 190
123 197
123 200
123 223
123 224
123 227
123 230
123 240
123 244
123 248
123 253
123 254
123 266
123 268
123 272
123 296
123 298
123 310
123 317
123 321
123 322
123 327
123 328
123 338
123 351
123 353
123 410
124 12
124 16
124 27
124 33
124 43
124 44
124 126
124 129
124 138
124 140
124 141
124 147
124 160
124 163
124 174
124 175
124 201
124 202
124 210
124 220
124 226
124 230
124 233
124 247
125 6
125 69
125 70
125 78
125 80
125 81
125 83
125 93
125 100
127 1
127 6
127 10
127 13
127 16
127 25
127 39
127 45
127 46
127 50
127 52
128 8
128 9
128 11
128 15
128 21
128 28
128 29
128 51
128 58
128 61
128 65
129 27
129 28
129 29
129 44
129 50
129 99
129 106
130 13
130 18
130 27
130 32
130 34
130 35
130 42
130 44
130 45
130 47
130 51
130 52
131 2
131 5
131 11
131 15
131 16
131 39
131 40
131 49
