1 1
1 10
2 97
2 98
3 3
3 14
4 8
4 17
4 25
4 50
4 52
4 58
4 59
5 1
5 3
5 6
5 8
5 12
5 13
5 22
5 29
5 35
5 36
5 116
5 121
5 122
5 127
5 135
5 136
5 138
5 145
5 163
5 166
6 26
6 27
6 29
6 41
6 43
6 44
7 18
7 20
7 26
7 30
7 32
7 38
7 39
7 40
7 45
7 46
7 52
7 58
7 66
7 73
7 83
7 91
7 92
7 95
7 102
7 131
7 132
7 139
7 143
7 144
8 7
8 8
8 15
8 16
8 17
8 24
8 33
8 40
8 41
8 45
8 46
8 60
8 69
8 74
8 100
8 101
8 112
8 113
8 115
8 121
8 126
10 27
10 32
10 52
10 61
10 69
10 78
10 88
10 95
10 119
10 122
11 129
11 130
11 135
11 136
11 139
11 140
11 152
11 163
11 164
11 168
11 178
11 179
11 182
12 37
12 38
12 40
12 41
12 47
12 72
12 79
12 81
12 85
12 93
12 102
12 104
12 108
12 111
12 114
12 121
12 123
12 130
12 134
12 148
12 159
12 162
12 168
12 171
12 172
13 46
13 63
13 71
13 76
13 77
13 79
13 82
13 85
13 90
17 44
17 49
17 51
17 54
17 61
17 65
17 68
17 71
18 7
18 13
18 15
18 20
18 72
18 80
18 85
18 93
18 97
18 98
19 5
19 7
19 8
19 12
19 13
19 22
19 28
19 31
19 39
19 41
19 45
19 47
19 59
20 86
20 88
20 92
20 93
20 110
20 111
21 8
21 20
21 27
21 29
21 36
21 42
21 55
21 57
21 69
21 73
21 79
21 84
21 92
21 105
21 107
21 108
21 123
21 124
21 138
21 141
21 142
21 163
21 164
21 165
21 168
22 1
22 5
22 6
22 14
22 16
23 2
23 3
23 8
25 78
25 82
25 87
25 88
25 94
25 109
25 116
25 124
26 13
26 15
27 6
27 14
27 28
27 31
27 36
27 38
27 43
27 54
27 58
27 61
28 3
28 5
29 9
29 12
29 15
29 16
29 32
29 40
29 41
29 43
29 49
29 53
29 57
29 61
29 64
29 67
29 75
29 76
29 79
29 80
29 83
29 97
29 99
29 101
29 103
29 111
29 112
29 114
29 119
29 123
29 125
29 126
29 136
29 177
30 2
30 3
31 1
31 5
31 12
31 13
31 20
32 12
32 16
32 19
32 26
32 28
32 31
33 1
33 5
33 7
33 10
33 45
33 51
34 4
34 18
34 19
34 25
34 30
34 32
34 45
34 47
34 53
34 55
34 65
34 69
34 73
34 77
34 82
34 89
34 90
34 97
34 98
34 103
34 105
34 118
34 120
34 125
34 128
34 133
34 134
34 138
34 142
34 146
34 177
34 180
34 198
34 202
34 207
34 209
34 212
34 213
34 218
34 223
34 236
34 253
34 254
34 259
34 267
34 268
34 280
34 281
34 285
34 286
34 299
34 300
34 304
34 305
34 325
34 326
34 331
34 335
34 345
34 347
34 356
36 15
36 34
36 35
36 184
36 188
36 189
36 214
36 230
36 231
36 248
36 258
36 261
36 269
36 272
36 292
36 308
36 309
36 314
36 316
36 321
38 9
38 11
38 16
38 20
38 22
38 29
38 31
38 33
38 34
38 38
38 41
38 42
38 44
38 47
38 48
38 58
38 76
38 78
38 81
38 94
38 95
38 103
39 13
41 20
41 21
41 24
41 32
41 34
41 37
41 40
41 49
41 50
41 59
41 62
41 65
41 69
41 73
41 75
41 81
41 82
41 83
41 87
41 92
41 97
41 105
41 106
41 125
41 200
41 202
41 209
42 3
42 8
42 10
42 21
42 23
42 29
42 38
42 41
42 42
43 1
43 4
43 5
43 6
43 21
44 15
44 18
45 31
45 37
45 38
45 39
45 45
45 47
45 50
45 63
45 67
48 40
48 49
48 57
48 79
48 80
48 81
48 84
48 91
49 87
49 88
49 92
49 102
49 105
49 106
49 107
49 115
49 116
49 122
49 126
49 127
49 129
49 135
52 29
52 38
52 43
52 48
52 177
52 184
52 233
52 234
52 244
52 247
52 253
52 257
52 259
53 10
53 14
53 15
53 18
53 21
53 22
53 32
53 41
53 50
53 58
53 60
53 64
53 70
53 72
53 76
53 77
53 86
53 87
53 94
53 95
53 96
53 98
54 6
54 10
54 14
54 16
54 21
54 24
54 163
54 164
54 179
54 181
54 182
54 188
54 190
54 191
54 200
54 201
54 204
54 206
54 214
54 221
54 223
54 234
54 237
54 244
54 247
54 250
54 252
55 5
55 6
55 8
56 1
56 5
56 6
56 8
56 18
56 27
56 30
56 37
56 39
56 44
56 45
57 9
57 20
57 23
57 28
57 60
57 69
57 74
57 78
57 80
57 94
57 109
57 118
57 131
57 133
57 135
57 145
57 154
57 160
57 174
57 175
57 179
57 183
57 198
57 199
57 203
57 218
57 222
57 225
57 233
57 235
57 240
57 246
57 247
57 248
57 250
57 271
57 283
57 285
57 288
57 297
57 300
57 301
57 345
57 347
57 353
57 365
57 370
57 371
57 374
57 375
58 1
58 2
58 3
61 35
61 36
62 1
62 6
63 2
63 6
63 7
63 28
63 31
63 32
63 36
63 42
63 51
63 52
63 53
63 62
63 65
63 71
63 72
63 81
63 90
64 62
66 8
66 10
66 14
66 30
66 33
66 38
66 46
66 48
66 53
66 55
66 58
66 60
66 86
66 88
66 93
66 98
66 101
66 103
66 104
66 119
66 125
66 126
66 134
66 143
67 125
67 127
67 133
67 137
67 144
67 145
67 149
67 153
67 154
67 168
67 169
69 90
69 91
69 92
69 221
69 224
69 227
69 228
69 233
69 238
69 242
69 305
69 306
69 310
69 316
69 321
69 328
69 382
69 385
69 394
69 395
69 399
69 407
69 409
69 411
69 415
69 422
69 424
69 426
69 427
69 440
69 448
69 453
69 472
69 478
69 480
69 486
70 1
70 4
70 6
70 10
70 13
70 15
70 22
70 41
70 44
70 56
70 63
70 66
70 71
70 73
70 202
70 203
70 211
71 4
71 7
72 27
72 31
73 1
73 11
73 18
73 21
76 54
76 56
76 67
76 71
76 82
76 84
76 85
76 88
77 5
77 6
77 15
77 38
77 40
78 38
78 45
78 47
79 4
79 19
79 38
79 40
79 41
79 48
79 52
79 67
79 68
79 69
79 74
79 77
79 80
79 82
79 90
79 91
79 93
79 98
79 104
79 105
79 110
79 111
79 113
79 120
79 122
79 125
79 140
79 150
79 152
79 156
79 162
79 163
79 164
79 174
79 176
79 177
79 179
79 183
79 184
79 189
79 197
79 277
79 284
80 17
80 21
80 29
80 31
80 32
80 39
80 56
80 60
80 63
80 71
80 72
80 74
80 78
80 83
81 52
81 57
81 61
81 62
81 64
81 72
81 74
81 84
81 86
81 87
81 89
81 99
81 104
81 113
81 116
81 122
81 126
81 165
81 177
81 180
81 181
81 186
81 193
81 199
81 207
81 210
83 91
83 92
83 100
83 102
83 108
83 126
83 133
83 136
83 137
83 144
83 145
83 152
83 155
83 156
83 159
83 166
83 173
83 181
84 10
84 19
84 21
84 24
84 32
84 35
84 36
84 51
84 63
84 73
84 74
84 79
84 97
84 101
84 104
84 158
84 162
85 43
85 47
85 67
85 68
85 72
85 79
85 87
85 90
85 106
85 113
85 117
85 120
85 122
85 124
85 126
85 132
85 136
85 142
85 143
85 145
85 150
85 153
85 156
85 162
85 165
86 2
86 10
86 13
86 18
86 19
86 25
86 26
86 32
86 43
86 47
86 48
86 49
86 60
86 64
86 65
86 66
86 69
87 36
87 38
87 39
87 47
87 63
87 77
87 78
87 79
87 81
88 52
89 4
89 9
89 10
89 12
89 19
89 26
89 37
89 39
89 46
89 50
89 51
89 56
89 58
89 59
89 64
90 5
90 9
90 15
90 21
90 26
90 31
90 33
90 47
90 56
90 59
90 70
90 72
91 8
92 21
92 23
92 67
92 76
92 80
92 102
92 104
92 106
93 10
93 12
93 16
93 17
93 18
94 14
94 15
94 38
94 47
94 53
95 3
95 4
96 17
96 23
96 29
96 37
96 38
98 36
99 1
99 2
99 3
99 10
99 13
99 16
99 24
99 29
99 41
99 43
99 47
99 89
99 100
99 101
99 103
99 105
99 114
99 115
