1 10
1 15
1 16
1 20
1 29
1 30
1 32
1 38
1 39
1 43
1 44
1 50
1 52
1 63
1 69
1 80
1 85
1 87
1 90
1 94
4 48
4 58
4 59
4 61
4 75
4 77
4 79
4 84
4 88
4 91
4 97
4 114
4 117
4 119
4 131
4 143
5 4
5 6
5 13
5 24
5 30
5 47
5 49
7 4
8 31
8 32
8 33
8 58
8 59
8 70
8 77
8 84
8 89
9 5
11 7
12 29
12 30
12 38
12 39
12 44
13 1
13 4
13 5
13 6
13 10
13 12
13 16
13 18
13 23
13 25
13 26
14 8
14 13
14 15
14 22
14 30
14 39
14 41
14 44
14 45
14 56
14 62
14 63
14 71
14 73
14 79
14 80
14 90
14 96
14 102
14 103
14 109
14 110
14 116
14 118
14 120
14 121
14 124
14 125
14 128
14 129
14 132
14 142
14 147
14 153
14 207
14 252
14 260
14 264
14 268
14 274
14 282
14 287
14 291
14 308
14 311
14 320
14 322
14 323
14 330
14 331
14 339
14 340
14 345
14 349
14 354
14 355
15 14
16 1
16 11
16 13
16 14
16 19
16 21
16 35
16 69
16 94
16 95
16 101
16 117
16 125
16 142
16 149
16 151
16 163
16 166
16 171
17 1
17 6
17 10
17 11
17 13
17 17
17 32
17 47
17 60
18 4
18 9
18 17
18 18
18 21
18 24
18 33
18 41
18 49
18 50
18 61
18 67
18 73
18 74
18 92
18 102
18 106
18 112
18 116
18 117
18 123
20 113
20 114
20 118
20 123
20 126
20 134
20 135
20 161
21 4
21 5
21 21
21 31
21 32
21 43
21 47
21 49
21 51
21 79
21 81
21 88
21 130
21 135
21 154
21 158
21 160
21 161
25 49
25 52
25 56
25 67
25 71
25 73
25 89
27 58
27 67
27 70
27 72
27 73
27 84
27 94
27 95
27 103
27 109
27 164
27 166
27 172
27 176
28 19
28 21
28 22
28 23
28 28
28 35
28 41
28 62
28 63
28 64
28 65
32 14
32 25
32 26
32 42
32 43
32 60
33 1
33 4
33 8
33 12
33 13
34 95
34 98
34 100
34 108
34 114
34 122
34 127
34 139
34 149
34 158
34 160
34 170
34 174
34 186
34 196
34 197
34 204
34 205
34 224
34 232
34 233
34 234
34 239
34 250
35 3
35 13
35 20
35 22
35 30
35 39
35 53
35 68
35 73
35 82
35 83
35 85
35 95
35 115
35 119
35 130
35 134
35 135
35 140
35 141
35 145
35 149
35 150
35 152
35 160
37 45
37 49
37 53
37 54
37 58
37 62
37 64
37 69
37 200
37 203
37 212
37 213
37 344
37 347
37 351
37 354
37 365
37 375
37 382
37 384
37 386
37 389
37 400
37 419
37 424
37 427
37 428
37 429
37 433
37 436
37 437
37 439
37 441
37 461
37 472
37 474
37 477
37 494
37 496
37 497
37 508
37 515
37 518
37 524
37 526
38 1
38 2
41 64
41 67
41 74
41 77
41 79
42 32
42 38
43 4
43 5
43 8
43 13
43 15
43 16
43 26
43 27
43 33
43 43
43 51
43 59
43 69
43 83
43 84
43 91
43 97
43 98
43 100
43 143
43 145
43 147
43 158
43 161
43 168
43 171
43 174
43 178
43 182
43 198
43 202
43 205
43 208
43 212
43 213
43 221
43 223
43 232
43 234
43 236
43 245
43 257
43 259
44 5
44 8
46 1
47 3
47 5
47 9
49 97
49 107
49 108
49 111
49 112
49 124
49 137
49 148
49 153
49 154
49 157
49 161
49 163
49 166
49 167
49 168
49 174
49 179
49 188
49 189
49 191
49 192
49 195
49 199
49 200
50 56
50 59
50 60
50 63
50 66
50 69
50 72
51 8
51 20
51 29
51 30
51 32
51 34
51 36
51 38
51 43
51 59
51 84
51 105
51 106
51 111
51 114
51 115
51 120
51 128
51 129
51 132
51 150
51 152
51 167
51 174
51 181
51 186
51 189
52 6
52 7
52 10
52 40
52 47
52 61
52 66
52 73
52 74
52 76
54 4
54 6
54 9
54 17
54 32
54 37
54 51
54 53
54 54
54 66
54 75
55 2
55 7
55 15
55 16
55 19
57 36
57 37
57 41
57 43
59 62
59 67
59 71
59 80
59 81
59 83
59 99
59 111
59 120
60 1
61 4
61 15
61 34
61 48
61 49
61 57
61 59
63 1
64 2
64 3
64 101
64 102
64 103
64 107
64 113
64 120
64 126
64 129
65 2
65 6
65 8
65 13
65 20
65 25
65 27
65 31
66 7
66 9
66 10
66 19
66 32
66 40
66 46
66 59
67 24
68 2
70 38
70 45
70 46
70 54
70 55
70 64
70 106
70 107
70 111
70 118
71 9
71 17
71 21
72 55
72 56
72 65
72 75
72 76
74 68
74 73
74 76
74 86
74 92
74 94
74 95
74 116
74 119
74 134
74 148
74 154
74 155
74 157
74 158
74 161
74 166
74 167
75 32
79 20
79 23
79 33
79 35
79 38
79 40
80 3
80 7
80 8
80 11
80 18
80 23
80 41
80 44
80 47
80 50
80 60
80 67
80 69
80 76
80 78
80 82
80 84
80 96
80 100
80 103
80 112
80 119
80 123
80 134
80 154
80 172
80 185
81 5
81 8
81 10
81 23
81 33
81 35
81 38
81 175
81 181
82 68
82 77
82 82
82 103
82 106
82 113
82 116
82 127
82 134
83 9
83 10
83 13
85 10
85 14
85 19
85 20
85 21
85 26
85 27
86 4
86 11
86 13
86 18
86 30
86 43
86 45
86 47
86 54
86 56
86 59
86 64
86 74
86 78
86 84
87 2
87 5
87 10
87 12
87 19
87 22
87 35
88 22
88 27
88 30
88 36
88 40
88 56
88 62
88 63
89 1
89 14
89 15
90 4
90 10
90 12
90 23
90 24
90 26
90 32
90 37
90 40
90 45
90 49
90 63
91 13
91 14
91 52
91 58
91 61
91 62
91 63
91 96
91 106
91 118
91 120
91 122
91 130
91 140
91 141
91 155
91 156
91 158
91 160
91 178
91 185
91 187
91 316
91 326
91 327
91 343
91 344
95 96
95 97
95 103
95 106
95 108
95 122
95 129
95 138
95 139
95 142
95 143
95 150
96 5
96 7
96 13
96 19
96 22
96 32
96 33
96 47
97 77
97 99
97 100
97 103
97 114
97 121
97 140
97 152
97 158
97 162
97 172
97 180
97 185
97 186
97 201
97 202
97 203
97 211
97 213
97 214
97 219
97 226
97 268
97 269
97 271
98 16
98 19
99 48
99 55
99 58
99 70
99 74
99 77
99 80
99 82
99 83
99 93
100 2
100 4
100 11
100 12
100 13
100 15
100 21
100 28
100 30
100 34
100 46
100 51
101 1
101 7
101 29
101 33
101 35
101 90
101 91
101 92
101 95
101 112
101 116
101 121
101 125
101 127
101 133
101 136
101 144
101 151
101 164
101 166
101 167
101 170
101 177
101 185
101 194
101 195
101 203
101 205
101 209
101 213
101 214
101 221
101 224
101 230
101 232
101 233
101 234
101 246
101 264
101 270
101 283
101 286
101 292
101 296
101 361
101 365
101 367
102 12
102 13
102 24
102 27
102 31
102 44
102 46
102 52
102 61
102 63
102 64
102 68
102 71
102 72
103 2
103 12
103 16
103 18
103 22
103 25
103 32
103 38
103 42
103 55
103 66
103 79
103 81
103 86
103 94
103 101
103 102
103 108
104 1
104 2
104 10
105 5
105 6
105 20
106 1
106 2
106 7
106 24
108 7
108 15
108 18
108 19
108 20
108 26
110 26
110 28
110 33
110 45
110 54
110 55
110 69
110 74
110 94
110 96
110 102
111 3
111 4
111 5
111 17
111 20
111 21
112 37
112 39
112 45
112 49
112 52
112 55
112 68
112 74
112 83
112 89
112 103
112 108
112 118
112 120
112 129
112 143
113 2
113 7
