1 12
1 14
1 16
1 22
1 25
1 27
1 50
1 61
1 64
1 70
1 71
5 15
5 20
5 27
5 64
5 66
5 70
5 71
5 73
5 83
5 88
5 90
5 97
5 98
5 102
5 111
6 1
6 17
6 19
6 21
6 23
6 25
6 30
6 31
6 34
6 43
6 51
6 59
6 61
6 66
6 69
6 73
6 79
6 88
6 96
6 98
6 99
6 111
6 115
7 7
7 20
7 21
7 34
8 8
8 9
8 13
8 18
8 22
8 23
8 26
8 30
8 41
8 53
8 57
8 58
8 68
8 70
8 106
8 107
8 114
8 117
8 127
8 130
8 133
8 135
8 140
8 141
10 27
10 31
10 33
11 33
11 42
11 44
11 46
11 53
11 59
11 66
11 69
11 77
11 86
12 79
12 84
12 96
12 103
12 107
12 109
13 4
13 10
13 15
13 17
13 24
13 30
14 3
14 5
14 6
14 7
14 12
14 24
14 25
14 33
15 10
15 15
15 16
15 17
15 21
15 31
16 3
16 5
16 9
16 17
16 19
16 24
16 25
16 31
16 50
16 51
16 57
16 58
16 62
16 63
16 65
17 1
17 11
17 14
17 31
17 33
17 37
17 42
17 47
17 54
17 65
17 66
17 72
17 97
17 112
19 1
20 119
22 24
22 25
22 44
22 48
22 56
22 59
22 61
22 69
22 71
22 88
22 90
22 92
22 101
22 110
22 111
22 128
22 129
22 134
23 65
23 76
23 105
23 106
23 110
24 13
24 16
25 3
25 5
25 13
25 14
25 16
25 18
26 1
27 5
27 6
28 3
29 1
29 3
29 7
29 8
29 26
29 35
29 36
29 38
29 58
29 60
29 66
29 68
29 79
29 85
29 91
29 102
29 115
29 117
29 120
29 121
29 130
29 133
29 136
29 139
29 145
29 146
29 150
29 154
29 156
29 159
30 3
30 9
30 12
30 15
30 19
30 25
30 29
30 35
30 36
30 41
30 42
30 44
30 50
32 32
32 33
32 44
32 57
32 64
32 68
32 69
32 88
32 105
32 109
32 110
32 113
33 38
33 46
33 52
33 70
33 74
33 75
33 84
33 85
33 89
33 102
33 108
33 110
33 116
33 134
33 135
34 2
34 5
34 11
34 20
34 21
34 24
34 39
34 41
34 50
34 72
34 74
34 79
34 83
34 89
34 140
34 150
34 155
35 3
35 136
35 140
35 149
37 26
37 29
37 52
38 2
38 7
38 17
40 42
40 46
40 49
40 56
40 57
40 59
40 66
40 73
40 76
40 80
40 82
40 87
40 93
40 101
40 103
41 4
41 5
42 2
42 8
42 16
42 19
42 37
42 51
42 53
42 70
42 73
42 76
42 79
43 1
43 10
44 2
44 12
46 16
46 19
46 29
46 30
46 33
46 36
46 44
46 45
46 48
46 49
46 53
46 58
46 59
46 78
46 87
46 88
47 8
47 12
47 24
47 37
47 38
47 59
47 61
47 68
47 70
47 75
47 77
47 79
47 84
47 106
48 18
48 20
48 22
48 32
48 33
49 1
49 13
49 14
49 16
49 19
49 28
49 29
49 31
49 40
50 1
50 4
50 5
50 29
50 36
50 47
50 49
50 51
50 60
50 70
50 71
50 131
50 145
50 148
50 150
50 154
50 156
50 158
50 172
50 173
51 1
51 2
53 51
54 51
54 55
54 64
55 8
55 10
55 11
55 18
55 20
55 21
55 29
55 31
55 161
55 162
55 164
55 165
55 177
55 181
55 182
55 186
55 188
55 200
55 211
55 212
55 219
55 231
55 256
55 263
55 267
56 39
56 42
56 52
56 69
56 77
56 84
56 89
56 90
56 91
56 95
57 31
57 36
57 41
57 42
57 46
57 47
57 49
57 51
57 56
57 58
57 59
58 6
58 16
58 36
58 42
58 47
58 49
58 54
59 8
59 18
59 31
60 4
60 8
60 12
60 19
60 32
60 165
60 166
60 177
60 193
60 198
60 204
60 224
60 230
60 238
60 239
60 253
60 257
60 262
60 263
60 268
61 122
61 126
61 130
61 140
61 153
61 154
61 159
62 28
62 34
62 35
62 37
62 38
62 53
62 54
62 62
62 69
62 83
62 93
62 96
62 100
62 101
62 112
62 114
62 117
62 119
62 124
62 126
62 128
62 130
62 131
62 144
62 155
62 160
62 164
62 170
62 175
62 186
62 209
62 213
62 216
62 222
62 223
62 226
62 232
62 243
62 244
62 249
62 250
62 255
62 260
62 264
62 284
62 298
62 305
62 331
62 350
62 359
62 363
62 366
62 370
62 375
62 382
63 1
63 5
63 12
63 23
63 28
63 31
63 37
64 6
64 10
64 15
64 30
64 148
64 150
64 188
64 190
64 196
64 207
64 225
64 227
64 230
67 5
67 10
67 13
67 16
67 17
67 18
67 29
67 30
67 32
69 8
70 4
70 6
70 8
71 9
72 1
72 5
72 18
72 20
72 23
74 20
74 25
74 26
74 28
74 40
74 51
74 61
74 71
74 76
74 77
74 86
74 90
74 98
74 102
74 124
75 3
75 9
75 11
75 57
75 65
75 67
75 69
75 71
75 73
75 75
75 83
75 92
75 94
75 106
75 116
75 117
75 126
75 128
77 36
77 38
77 42
77 47
78 88
78 90
78 104
78 106
78 108
78 109
78 134
78 140
78 141
78 149
78 153
78 155
78 163
78 167
78 179
78 186
79 6
79 141
79 142
79 144
79 148
79 149
79 150
79 180
79 182
79 185
79 190
79 197
79 207
79 229
79 233
79 238
79 241
79 259
79 266
79 268
79 290
79 293
79 298
79 305
80 87
80 88
80 91
80 100
80 106
80 113
80 119
80 129
80 131
80 143
81 11
81 20
81 24
81 33
81 36
81 37
81 58
81 69
82 1
82 6
82 7
82 12
82 34
82 38
82 40
82 45
82 47
82 49
82 53
82 56
82 69
82 76
82 81
82 83
82 102
82 105
82 117
82 118
82 122
82 129
82 132
82 135
82 136
82 146
82 147
83 1
83 9
83 20
83 23
83 27
83 31
83 33
83 55
83 56
83 68
83 69
83 79
83 89
83 104
83 117
83 120
83 121
83 129
83 133
83 137
83 149
83 153
83 158
84 6
84 22
84 27
84 28
84 29
84 34
84 39
84 43
84 45
85 4
85 11
85 23
85 32
85 33
85 36
85 48
85 49
85 63
85 68
86 10
86 20
86 27
86 28
86 35
86 38
86 45
86 54
86 61
86 70
86 86
86 90
86 96
86 101
86 112
86 116
86 122
86 127
86 130
86 138
86 144
86 153
88 63
88 77
88 82
88 83
88 84
88 108
88 116
88 132
88 133
88 136
88 140
88 143
88 148
88 150
88 151
88 158
88 160
88 165
88 170
88 173
88 175
88 176
88 267
88 274
88 280
89 2
89 36
89 37
89 38
89 42
89 45
89 68
89 73
90 11
90 15
90 19
90 23
90 116
90 127
90 139
90 168
90 176
90 183
90 203
90 206
90 212
90 216
90 220
90 233
90 234
90 235
90 236
90 246
90 247
90 249
90 290
90 295
90 304
90 310
90 312
90 313
90 324
90 332
90 335
90 338
91 31
91 38
91 41
91 45
92 42
92 49
92 50
92 59
92 60
92 63
94 45
94 47
94 49
94 70
94 74
94 80
94 82
94 92
94 94
94 100
95 4
95 21
96 1
96 7
96 10
96 17
96 21
98 10
98 13
98 14
98 16
98 30
98 50
98 185
98 189
98 191
98 206
98 219
98 237
98 240
98 241
98 245
98 255
98 257
98 258
98 260
98 261
99 5
99 6
99 11
99 12
99 17
99 26
99 33
99 47
99 50
99 55
99 61
99 62
99 68
100 106
100 115
100 119
100 121
100 124
100 132
100 142
100 149
100 170
103 8
103 11
103 22
103 27
103 28
103 30
104 13
104 20
105 2
105 3
105 13
105 14
105 16
105 19
105 42
105 47
105 58
105 74
105 76
