1 1
1 2
1 7
1 19
1 20
1 22
1 23
1 35
1 37
1 38
1 44
1 45
1 51
1 74
1 75
1 76
1 83
1 92
1 103
2 5
2 13
2 19
2 22
2 23
2 25
2 35
2 37
2 39
2 41
2 43
2 50
2 52
2 54
2 55
2 59
3 1
3 4
4 131
4 136
4 149
4 274
4 277
4 307
4 311
4 318
4 323
4 324
4 330
4 332
4 338
4 339
4 347
4 350
7 37
7 38
7 44
8 15
8 27
8 30
8 38
8 42
12 18
12 21
12 22
13 8
14 1
14 9
14 10
14 22
14 23
14 28
14 30
14 32
14 33
14 35
14 38
14 104
14 105
14 111
14 119
14 123
14 127
14 128
14 131
14 132
14 138
14 145
14 277
14 289
14 296
14 307
14 308
16 35
16 44
16 46
16 48
16 50
16 60
16 61
16 73
16 75
16 76
16 78
16 79
16 85
16 87
18 63
18 65
18 68
18 75
18 80
18 84
18 86
19 6
19 8
19 11
19 14
20 12
20 16
20 18
20 44
20 51
21 2
21 4
21 5
21 7
23 3
23 4
24 5
24 12
24 17
24 20
24 22
24 23
24 43
24 45
24 48
24 52
24 54
24 59
24 61
24 68
24 76
24 85
24 89
24 94
24 100
24 106
24 238
24 246
24 252
24 269
24 270
24 272
24 275
24 345
24 347
24 348
24 356
24 357
24 358
24 367
24 371
24 373
24 374
24 375
24 378
24 380
24 382
24 384
24 389
24 398
24 400
24 403
24 411
25 5
25 7
25 8
25 15
25 46
25 67
25 69
25 73
25 75
25 91
25 92
25 102
25 116
25 120
25 121
25 125
25 132
25 134
25 143
25 157
25 167
25 169
26 1
26 22
26 24
26 25
27 33
28 57
28 59
28 87
28 111
28 120
28 129
29 29
29 35
29 55
29 74
29 75
30 13
30 17
30 23
30 25
30 27
30 39
30 47
30 53
31 6
31 8
32 52
32 64
32 75
32 76
32 78
32 81
32 93
33 6
33 8
33 10
35 91
35 97
36 13
36 15
36 16
36 18
36 25
36 27
36 60
36 61
36 65
36 71
36 126
36 127
36 133
36 137
36 139
37 11
38 1
38 17
38 23
38 34
38 36
38 38
38 42
38 69
38 75
38 78
38 83
38 84
38 93
38 95
38 101
38 103
38 105
38 125
38 126
39 9
39 23
39 34
39 42
39 52
39 58
39 64
39 67
39 68
39 72
39 75
39 95
39 96
39 98
39 106
39 115
39 124
39 131
39 132
39 142
39 155
39 158
39 172
39 175
39 180
39 181
39 182
39 183
39 194
39 195
42 8
42 13
42 15
42 18
42 19
42 20
42 22
42 28
42 39
42 42
42 46
42 55
45 28
45 31
45 41
46 36
46 49
46 55
46 60
46 78
47 74
47 75
47 81
47 83
47 87
47 95
47 210
47 218
47 219
47 222
47 225
47 236
47 249
47 250
47 252
47 266
48 1
48 12
48 13
48 21
49 116
49 122
49 123
49 258
51 4
51 9
51 13
51 22
52 6
52 7
52 8
52 16
53 3
54 14
54 22
54 26
54 27
54 36
54 43
54 45
54 48
54 51
54 54
54 55
54 57
54 62
54 65
54 66
54 174
54 177
54 180
54 188
54 191
55 1
55 2
55 4
55 20
55 31
55 34
55 37
55 38
55 43
55 46
55 50
55 51
55 54
55 65
55 71
55 110
55 114
56 2
56 137
56 146
56 169
56 170
56 173
56 178
56 191
56 192
57 2
57 3
57 6
58 113
58 127
58 128
58 130
58 138
58 143
58 147
58 148
58 163
58 165
58 166
58 169
58 172
58 177
58 178
58 182
58 183
58 184
58 187
58 199
60 30
60 35
60 40
60 54
60 56
60 75
60 76
60 87
60 88
60 92
61 8
61 16
61 20
61 22
61 28
61 35
61 38
61 41
61 44
61 50
61 51
61 54
62 27
62 28
62 31
65 14
66 4
66 10
66 12
66 17
66 19
67 47
67 57
69 1
69 7
69 12
69 14
69 16
69 19
69 21
69 24
69 30
69 39
69 40
69 42
69 44
69 65
69 70
69 81
69 93
69 94
69 104
69 107
69 116
69 118
69 126
69 272
69 275
69 285
69 288
69 315
69 317
69 321
69 325
69 328
69 332
69 333
69 336
69 339
69 345
69 347
70 127
70 131
70 136
70 138
70 142
70 157
70 167
70 170
70 172
70 176
70 187
70 188
70 205
71 2
71 10
71 13
72 1
72 8
72 16
72 31
72 33
73 12
73 14
73 16
74 5
74 9
74 20
74 24
74 29
74 37
74 40
74 43
74 52
74 79
74 81
74 83
74 92
74 98
74 101
74 105
74 119
74 121
74 128
74 133
74 139
75 15
75 27
75 38
75 42
75 46
75 52
75 55
75 68
75 70
75 73
79 65
79 70
79 75
79 76
79 81
79 92
79 97
79 98
79 100
79 102
79 103
79 116
79 118
79 119
80 1
80 7
80 10
80 13
85 1
85 7
86 1
86 3
86 6
86 8
86 10
87 9
87 10
87 18
87 20
87 28
87 43
87 47
87 48
87 56
87 60
87 72
87 81
88 3
88 12
88 13
88 19
89 7
90 1
90 2
90 4
90 6
90 12
90 18
90 22
90 23
90 33
90 35
90 39
91 1
91 6
91 7
91 11
91 15
91 19
91 40
91 82
93 20
93 21
94 50
95 10
95 13
95 18
95 21
95 26
95 33
95 36
95 100
95 101
95 106
95 109
95 127
95 132
95 136
95 153
95 154
95 155
95 160
95 164
95 171
95 182
95 186
95 189
95 192
95 304
95 316
95 317
95 319
95 449
95 456
95 462
95 465
95 471
95 476
95 569
95 570
95 580
95 587
96 7
96 10
96 12
96 14
96 27
96 30
96 31
96 37
96 48
96 49
96 54
96 57
96 67
96 69
96 70
96 81
97 10
97 14
97 24
97 25
97 28
97 30
97 34
97 36
97 50
97 52
97 53
97 54
97 55
97 61
97 70
97 72
97 79
97 82
97 84
97 88
97 93
97 96
97 99
97 103
97 107
97 110
97 115
97 118
97 126
97 244
100 1
100 4
100 10
100 12
100 23
100 93
100 97
100 105
100 109
100 110
100 113
100 119
101 81
101 95
101 98
101 106
101 108
101 110
101 112
101 130
101 131
101 133
101 139
101 152
102 6
102 8
102 10
102 12
102 15
102 30
102 31
102 35
102 40
102 41
102 56
102 65
102 72
102 81
102 82
102 91
102 99
102 117
102 136
102 139
102 141
102 142
102 150
102 153
102 154
102 163
102 180
102 189
102 193
102 198
102 205
102 211
102 215
102 216
102 217
102 220
102 225
102 227
102 236
102 244
102 246
102 248
102 249
102 258
102 264
102 266
102 267
102 269
102 273
102 299
102 303
102 314
102 325
103 2
103 7
103 14
103 22
103 31
104 29
104 30
104 31
104 32
104 34
104 51
104 56
104 58
104 66
104 70
104 71
104 79
105 2
106 9
106 14
106 23
106 35
106 39
106 44
106 48
106 55
106 61
106 62
106 65
106 66
106 72
106 74
106 84
106 90
106 92
106 100
106 144
106 145
106 158
106 159
106 168
106 174
106 177
106 182
106 193
106 194
106 199
106 205
106 223
106 224
107 1
107 6
107 7
107 9
107 16
