1 9
1 10
1 14
1 29
1 33
1 39
1 47
1 48
1 50
1 64
2 6
2 7
2 10
2 11
2 15
2 16
2 19
2 24
2 31
2 32
2 38
2 41
2 43
2 46
4 3
4 15
4 32
5 15
5 18
7 14
7 23
8 1
8 11
8 20
8 22
8 31
8 48
8 52
8 57
8 74
8 75
8 77
8 80
8 85
8 92
8 94
8 96
8 100
8 101
8 102
8 105
9 15
9 20
9 25
9 34
9 38
9 40
9 42
9 46
9 50
9 52
9 53
9 56
9 59
9 60
9 62
9 66
9 67
9 70
9 71
9 84
9 92
9 93
9 95
9 102
9 105
9 108
9 118
9 119
9 127
9 131
9 133
9 137
9 143
9 144
9 146
9 149
9 153
9 156
9 159
9 162
9 167
9 172
9 174
9 199
9 207
10 1
10 4
10 15
10 21
10 26
10 28
10 40
10 41
11 11
11 12
11 21
11 25
11 30
12 1
12 13
12 16
12 19
12 20
12 23
12 30
12 32
12 33
12 37
12 146
12 159
12 160
12 162
12 164
15 14
15 16
15 20
15 21
15 80
15 84
15 91
15 92
15 100
15 103
15 107
15 110
15 121
15 126
15 131
15 132
15 134
15 136
15 140
15 142
15 145
15 149
15 159
15 160
15 163
15 166
16 8
16 9
16 21
16 28
16 34
16 37
16 53
16 56
16 78
17 11
17 19
17 40
17 55
17 69
17 71
17 83
17 90
17 91
17 92
17 98
17 107
17 110
17 111
17 116
17 130
17 132
17 143
17 145
17 148
17 150
17 155
17 158
17 164
18 1
19 28
19 38
19 40
19 42
19 43
19 48
19 52
19 53
19 54
19 59
19 63
19 68
19 72
19 89
19 95
19 98
19 105
19 108
19 111
19 119
20 5
20 9
21 29
21 31
21 38
21 39
21 40
21 56
21 57
21 67
21 68
21 70
21 71
22 94
22 98
22 102
22 112
22 117
22 118
22 128
22 129
22 144
22 147
22 149
22 152
22 171
22 172
23 2
23 5
23 10
23 32
23 39
23 42
23 48
23 49
23 51
23 52
23 59
23 123
23 149
23 160
23 180
23 184
23 185
23 186
23 193
23 196
23 200
23 201
23 202
23 204
24 173
24 187
24 200
24 202
24 213
24 216
24 236
24 239
24 243
24 246
24 247
25 2
25 7
25 8
25 9
25 20
26 8
27 27
27 30
27 41
27 43
28 2
28 3
31 17
31 18
31 19
31 29
31 32
31 33
32 2
32 6
32 16
32 22
34 39
35 3
36 3
36 10
36 13
36 16
36 24
36 43
36 52
36 60
36 65
36 67
36 69
36 72
36 73
36 75
36 76
36 80
36 83
36 85
36 89
36 94
36 103
36 107
36 109
36 121
36 128
36 132
36 137
36 138
36 147
36 153
36 155
36 177
36 185
36 194
36 195
36 208
37 4
37 7
37 9
37 10
37 25
37 30
37 31
37 41
37 59
37 63
37 73
37 74
37 80
37 81
37 86
37 95
37 100
38 2
38 3
38 14
38 16
38 19
38 32
38 46
38 55
38 56
38 63
38 76
38 82
38 83
38 89
38 94
38 98
38 100
38 232
38 233
38 237
38 240
38 249
38 250
38 251
38 259
39 6
39 11
39 13
39 15
39 17
40 5
40 11
40 14
40 16
40 23
40 30
40 34
41 17
41 23
41 28
41 29
41 50
41 51
41 53
41 60
41 78
41 89
41 100
41 101
41 105
41 108
41 114
41 116
41 117
42 10
42 11
42 36
42 43
42 59
42 68
42 75
42 76
42 78
42 84
42 85
42 86
42 88
42 89
42 97
42 108
43 10
43 11
43 62
43 63
43 67
43 70
43 79
43 82
43 84
43 94
43 108
43 110
44 1
44 9
44 15
44 28
44 41
44 42
44 44
44 50
44 51
44 52
44 61
44 115
44 119
44 124
44 142
45 2
45 3
45 6
45 7
45 8
45 11
45 13
45 14
45 26
45 29
45 32
45 36
45 47
45 51
45 54
45 57
46 9
46 14
46 22
46 23
46 26
46 33
46 36
47 19
47 21
47 25
47 34
47 38
47 53
47 59
47 63
47 66
47 69
47 77
47 78
47 80
47 87
48 3
49 2
49 10
49 18
49 28
49 31
49 40
49 45
49 54
49 56
49 62
49 69
49 70
49 77
49 79
49 81
49 85
50 3
50 5
50 6
50 8
50 9
50 11
50 24
50 31
50 32
50 34
50 37
50 39
50 45
50 48
50 53
50 61
50 67
50 69
50 86
50 90
50 92
50 94
50 109
50 113
50 117
50 118
50 123
50 129
50 137
50 138
50 139
50 146
51 5
51 24
51 28
51 34
51 37
51 51
51 55
51 57
51 81
51 82
51 100
51 103
51 106
51 111
51 113
52 6
52 9
53 7
53 15
53 19
53 22
53 34
53 35
53 36
53 47
53 49
53 59
54 5
54 11
54 17
54 46
54 49
54 59
54 62
54 64
54 66
54 70
54 71
54 76
54 83
54 140
54 141
54 143
54 149
54 158
54 163
54 185
54 200
54 202
54 204
54 206
54 216
54 218
54 225
54 236
55 14
55 25
55 30
56 3
56 8
56 15
56 29
56 35
56 44
56 49
56 50
56 57
56 61
56 65
56 70
56 81
56 98
56 103
56 119
56 137
56 142
56 148
56 150
56 155
56 166
56 170
56 175
56 177
56 178
56 190
56 194
56 224
56 225
56 228
56 231
56 232
56 235
56 241
57 7
57 8
57 17
57 28
57 33
57 43
57 71
57 87
57 88
57 93
57 94
57 96
57 97
57 101
57 104
57 107
57 109
57 112
57 113
57 243
57 245
57 246
57 261
57 268
57 273
57 274
57 280
57 284
57 290
57 295
57 306
57 307
57 361
57 362
57 366
57 368
57 373
57 402
57 417
57 425
57 426
57 436
57 442
57 444
57 447
58 1
58 3
58 12
59 23
59 26
59 38
59 40
59 41
59 61
59 64
60 123
60 129
60 130
60 141
60 146
60 149
60 151
60 158
60 176
60 177
60 178
60 179
60 190
60 195
60 197
60 203
60 204
60 206
60 207
61 8
61 12
61 14
63 8
63 13
63 28
63 37
63 38
65 11
65 13
65 15
65 20
65 23
65 27
65 30
65 33
65 52
65 54
65 62
65 64
65 70
65 71
65 78
65 329
65 330
65 352
65 382
65 386
65 387
65 391
65 394
65 398
65 399
65 401
65 404
65 407
65 408
65 412
65 415
65 420
65 425
65 426
65 433
65 434
65 437
65 439
65 446
65 450
65 452
65 453
65 457
65 469
65 471
65 474
65 482
65 493
65 497
65 500
65 501
66 13
66 20
66 23
67 1
67 17
67 20
67 36
67 40
67 48
67 52
67 54
68 13
68 15
68 16
70 27
70 29
71 6
71 7
72 9
72 13
73 92
73 97
73 103
73 110
73 122
73 123
73 124
73 127
73 129
73 138
73 140
73 142
73 153
73 162
73 165
73 171
73 180
73 181
73 185
73 209
73 210
73 219
73 364
73 378
75 2
75 6
75 19
75 20
75 27
75 28
75 31
75 32
75 42
75 43
75 49
75 56
75 57
75 58
75 78
75 80
75 84
75 92
75 96
76 13
76 17
76 21
76 28
76 32
76 37
76 46
76 50
76 51
76 60
77 5
77 11
77 17
77 21
77 42
77 111
77 114
77 115
77 119
77 125
77 133
79 22
79 27
79 35
79 36
79 48
79 61
79 69
79 81
79 84
79 91
79 93
79 97
79 102
79 110
79 121
79 123
79 124
79 134
79 149
79 206
79 208
79 212
79 214
79 219
79 220
79 227
79 233
79 238
79 250
79 255
79 270
79 273
79 280
79 283
79 297
79 305
79 337
79 338
79 341
79 342
79 356
79 368
79 385
79 389
80 2
80 4
80 8
80 9
80 15
80 16
80 30
80 33
80 39
80 55
80 61
80 62
80 75
80 78
80 98
80 104
80 106
80 109
80 111
80 115
80 126
80 127
80 130
80 139
80 146
80 148
80 149
80 154
80 155
80 157
80 167
80 179
80 182
80 197
80 210
80 215
80 222
80 230
80 235
81 8
81 25
81 30
81 33
82 4
82 6
82 10
82 13
82 22
82 29
82 31
82 38
82 43
82 53
83 7
83 11
83 15
83 25
83 26
83 32
83 45
83 47
83 48
83 51
83 53
83 61
84 2
84 7
84 21
84 34
84 37
84 45
84 48
84 65
84 66
84 67
84 69
84 70
84 72
84 77
84 84
84 95
84 110
84 111
84 120
84 121
84 126
84 137
84 139
84 156
84 159
84 177
84 182
84 183
84 185
84 187
84 193
84 199
84 208
84 210
84 213
84 215
84 216
84 226
84 232
84 236
84 243
84 252
84 253
84 258
84 269
85 1
85 6
85 7
85 12
85 21
86 6
86 19
86 26
86 27
86 45
86 50
86 52
86 53
86 58
86 60
86 101
86 110
86 114
86 115
86 129
86 130
86 132
86 136
86 144
86 147
86 156
86 159
86 161
86 166
86 171
86 172
86 173
87 35
88 4
88 6
89 7
89 10
89 18
89 33
89 41
89 42
89 44
89 45
89 46
89 121
89 126
89 130
89 133
89 137
89 150
89 173
89 182
89 183
89 187
89 194
90 2
91 1
91 2
91 3
91 6
91 10
91 12
91 15
91 21
91 26
91 32
91 43
91 174
92 11
92 14
92 15
92 17
92 19
93 5
94 18
94 20
94 23
94 24
94 30
94 31
94 34
94 47
94 48
94 53
94 55
94 57
95 6
95 13
95 26
95 31
97 34
97 36
97 37
97 42
97 43
97 49
97 54
97 56
97 63
97 68
97 80
97 83
97 84
97 86
97 89
98 13
98 16
