1 116
1 120
1 125
1 126
1 127
1 128
1 135
1 150
1 159
2 4
2 10
2 28
2 31
2 37
2 39
2 42
2 85
2 89
2 90
2 98
2 102
2 108
3 19
3 33
3 45
3 47
3 51
3 52
3 58
3 62
4 1
4 2
4 8
4 9
4 11
4 13
4 22
4 33
4 36
4 37
4 44
4 49
4 57
4 59
4 82
4 83
4 84
4 86
4 90
4 97
4 104
4 108
4 127
4 130
4 141
4 145
4 146
4 151
4 154
4 155
5 8
5 9
5 15
5 24
5 39
6 9
6 12
6 18
6 19
8 53
8 55
8 57
8 59
8 67
8 76
8 82
8 90
8 94
8 108
8 109
8 118
8 123
8 131
8 135
8 138
8 141
8 146
8 151
8 152
9 20
9 21
9 23
9 26
9 27
9 31
9 33
9 39
9 40
9 42
9 45
9 49
9 50
9 56
9 57
9 61
9 66
9 67
9 154
9 173
9 174
9 176
9 184
9 193
9 205
9 218
9 248
9 250
9 268
9 273
9 277
9 278
9 287
9 295
9 316
9 342
9 347
9 354
9 357
9 363
9 365
9 370
9 372
9 374
9 384
9 397
9 398
9 400
9 402
9 424
10 111
10 118
10 152
10 154
10 158
10 162
10 174
10 180
10 186
10 199
10 202
10 208
10 221
10 222
10 225
10 229
10 232
10 246
10 247
10 264
10 272
10 276
10 285
10 287
10 290
10 291
10 295
10 298
10 303
10 305
10 308
10 316
10 317
10 325
10 328
11 3
11 4
11 5
11 8
11 13
11 32
11 39
11 40
11 46
11 49
11 59
11 72
11 85
11 86
11 90
11 100
11 117
11 119
11 124
11 152
11 161
11 165
11 183
11 185
11 189
11 193
11 196
12 3
12 5
12 11
12 16
12 25
12 39
12 41
12 42
12 48
12 55
12 56
13 1
13 8
13 10
13 22
13 24
13 28
13 31
13 37
14 5
14 140
14 160
14 164
14 175
14 178
14 182
14 194
14 195
14 202
14 223
14 245
14 246
14 247
15 29
15 38
15 42
15 45
15 51
15 60
15 63
15 65
15 67
16 2
16 15
16 18
16 28
16 29
16 37
16 42
16 43
16 51
16 60
16 61
16 62
16 64
16 196
16 199
16 200
16 226
16 231
16 232
16 233
16 245
16 248
16 268
16 292
18 21
18 23
18 24
18 30
18 31
18 33
18 53
18 54
18 130
18 135
18 137
18 140
18 141
18 148
18 149
18 156
18 161
19 1
20 3
21 6
21 12
21 13
21 31
21 33
21 37
21 42
21 47
21 50
21 51
21 60
21 61
21 62
21 75
21 98
21 99
21 106
21 111
21 172
21 174
21 181
21 182
21 186
21 193
22 111
22 121
22 126
22 148
23 1
24 5
24 9
24 10
27 28
27 32
27 33
27 34
28 6
28 16
28 17
29 12
29 14
29 33
29 50
29 53
29 54
29 57
29 62
29 67
29 71
29 75
29 85
29 86
29 88
29 89
29 106
29 109
29 116
29 117
29 121
29 141
29 155
29 156
30 18
30 24
30 26
30 33
30 36
30 38
30 40
30 42
30 47
32 49
32 226
32 232
32 243
32 250
32 253
32 259
32 264
32 269
32 270
33 11
33 12
33 26
33 28
33 38
34 2
34 4
35 19
35 35
35 41
35 42
35 43
35 44
35 54
35 60
35 61
35 62
35 65
35 78
35 88
35 91
35 114
35 119
35 122
35 132
35 134
35 137
35 143
35 156
35 157
35 160
35 194
35 203
35 249
35 252
35 264
35 267
35 270
35 292
35 298
35 299
35 306
35 309
35 313
37 2
37 7
37 8
37 31
39 2
39 4
39 15
39 25
39 28
39 33
39 41
39 44
39 46
39 49
39 51
39 52
39 55
39 56
40 2
40 4
40 17
40 20
40 29
40 33
40 41
41 59
41 73
41 74
41 94
41 95
41 114
42 6
42 22
42 24
42 33
42 46
42 52
42 61
42 68
42 75
42 79
42 82
42 92
42 103
43 3
43 6
44 2
44 7
44 12
44 21
44 22
44 25
44 27
44 32
44 33
44 36
44 39
44 41
45 3
45 14
45 15
45 17
46 11
46 17
46 18
46 30
46 42
46 47
47 13
48 7
48 9
49 4
49 5
49 6
49 12
49 17
49 18
49 26
49 28
49 30
49 31
49 51
49 52
49 59
49 67
49 71
49 76
49 94
49 95
49 100
49 106
49 113
49 115
49 116
49 120
49 123
49 136
49 159
49 162
49 166
49 167
49 168
49 171
49 172
49 184
51 22
51 28
51 30
51 50
51 63
51 64
51 68
51 78
51 80
51 83
51 84
51 94
53 34
53 42
53 43
54 11
54 43
54 46
54 49
54 51
54 55
54 62
54 73
54 76
54 87
54 88
54 89
54 149
54 150
54 157
54 159
54 162
55 4
55 5
55 10
55 14
55 15
55 18
55 24
55 25
55 27
55 40
55 52
55 54
56 104
57 3
57 4
57 5
57 6
57 7
57 10
57 16
58 18
58 20
58 25
58 29
58 32
58 35
58 41
58 44
58 52
61 43
61 44
61 45
61 53
61 54
61 62
62 66
62 67
63 19
63 27
63 37
63 53
63 54
63 57
63 58
63 62
63 68
63 82
63 92
63 96
63 98
63 99
63 102
63 105
63 110
63 112
63 184
63 194
63 204
63 205
63 211
63 216
63 217
63 231
63 240
63 249
64 37
64 52
64 56
64 61
64 63
64 67
64 70
64 90
64 91
64 93
64 94
64 97
64 104
64 114
64 117
64 121
64 130
64 131
64 136
64 145
64 162
64 169
64 183
64 188
64 189
64 199
64 211
64 212
64 228
64 230
64 231
64 233
65 52
65 58
65 63
65 64
65 70
65 71
65 73
65 75
66 3
66 6
66 9
66 12
66 13
66 16
66 25
66 34
66 36
66 37
66 42
66 43
66 44
68 8
68 11
68 16
68 18
68 25
68 26
68 30
68 45
68 56
68 67
68 68
68 73
68 79
68 82
68 84
68 88
68 98
68 99
68 107
68 108
69 1
69 3
70 1
70 5
70 7
70 9
70 11
70 16
70 19
70 20
70 22
70 23
70 25
70 30
70 34
70 35
70 38
70 46
70 47
70 91
70 92
70 93
70 99
70 105
70 106
70 118
70 124
70 135
70 141
70 143
70 147
70 167
70 170
70 173
70 176
70 177
70 181
70 184
71 26
71 34
71 41
71 51
71 63
71 66
71 199
72 1
72 3
72 4
72 13
72 22
72 27
72 37
72 45
72 46
72 57
72 58
72 60
72 62
72 70
72 82
73 4
73 7
73 10
73 26
73 27
73 29
73 30
73 33
73 38
73 66
73 69
73 73
73 79
73 83
73 88
73 105
73 106
73 117
73 120
73 124
73 125
74 11
74 14
74 16
74 19
74 26
74 27
74 34
74 35
74 62
74 72
74 73
74 75
74 81
74 84
74 87
74 96
74 105
74 107
74 108
74 110
74 112
75 11
75 14
75 17
75 20
76 8
76 9
76 15
76 17
76 23
76 24
76 43
76 49
76 50
76 54
76 61
76 62
76 65
76 76
76 85
76 90
76 95
76 98
77 22
77 38
77 41
77 46
77 48
77 60
77 70
77 74
77 75
77 80
77 82
77 92
77 103
79 67
79 83
79 89
79 95
79 97
79 100
79 101
79 107
79 108
79 112
79 122
79 124
79 127
81 17
81 19
81 24
81 37
81 44
81 59
81 60
81 61
81 82
81 92
81 99
81 113
81 116
81 117
81 124
81 126
81 131
81 138
81 147
81 150
81 154
81 159
81 162
82 4
82 13
82 17
82 19
83 12
83 17
83 19
85 3
85 15
85 19
85 21
85 26
85 32
85 40
85 52
85 58
85 63
85 72
85 80
85 83
85 88
85 94
85 101
85 128
85 143
85 144
85 146
85 153
85 154
85 169
85 171
85 172
85 174
85 192
85 200
85 204
85 205
85 224
85 234
85 243
85 244
85 291
85 292
85 295
85 298
85 304
85 328
85 333
87 2
87 4
88 4
88 5
88 7
88 14
88 17
88 19
88 24
89 1
89 7
89 11
89 89
89 95
89 100
89 103
89 105
90 3
91 131
91 132
91 151
91 262
91 266
91 270
91 273
91 275
91 278
91 284
91 292
91 293
91 301
91 306
91 309
91 314
91 318
91 326
91 455
91 456
91 457
91 467
91 471
91 488
91 493
91 494
91 498
91 500
91 504
91 508
91 560
91 572
91 576
91 578
91 579
91 588
91 604
91 617
91 626
92 38
92 40
92 67
92 68
92 71
92 76
92 83
92 84
92 87
92 98
92 101
92 102
92 109
92 115
92 116
92 120
