1 1
1 7
1 8
1 13
2 2
2 3
2 5
2 8
2 11
2 12
2 21
2 35
2 48
2 51
3 16
3 18
3 35
3 46
3 185
3 188
3 190
3 310
3 318
4 12
4 17
4 24
4 26
4 29
4 34
4 38
4 43
4 45
4 51
4 56
4 57
4 61
4 77
4 78
4 85
4 141
4 143
4 144
4 157
4 159
4 160
4 172
5 1
5 4
5 14
6 1
6 9
7 1
7 5
7 6
7 9
7 11
7 14
7 121
7 126
7 127
7 129
7 146
7 150
7 155
7 166
7 168
7 170
7 172
7 182
7 184
7 191
7 192
7 196
7 214
7 218
7 219
7 255
7 276
7 278
7 281
8 4
8 10
8 14
8 17
8 18
8 21
8 34
8 38
8 41
8 58
8 71
8 77
8 78
8 82
8 83
8 95
8 101
8 107
8 111
8 116
8 122
8 134
8 136
8 137
8 166
8 170
8 172
8 191
8 192
8 194
8 195
8 196
8 204
8 207
8 215
8 222
8 235
8 239
8 241
8 264
8 265
8 276
8 277
8 281
8 303
8 307
8 313
8 315
8 485
8 493
9 6
9 14
9 35
9 39
9 48
9 54
9 72
9 80
10 5
13 29
13 36
13 39
13 53
13 55
13 59
13 69
13 75
13 78
13 80
13 81
13 91
14 15
14 23
14 28
14 29
14 32
14 43
14 45
14 46
14 60
14 62
14 64
14 65
14 75
14 80
14 81
14 83
14 86
14 88
14 94
15 3
15 6
15 12
15 13
15 47
15 51
15 54
15 61
15 62
15 69
15 70
15 74
15 75
16 16
16 18
16 19
17 1
17 3
17 4
17 9
17 12
17 15
17 28
17 30
17 31
17 33
17 34
18 5
18 10
18 15
18 22
18 34
19 2
19 16
19 17
19 54
19 61
19 65
19 66
19 67
19 96
21 11
21 22
21 82
21 87
21 95
21 98
22 7
22 11
22 27
22 28
22 42
22 44
22 51
22 55
22 61
22 63
22 64
22 80
22 87
22 99
22 100
22 105
22 176
22 179
22 312
22 321
22 323
22 328
22 329
22 333
22 350
22 353
22 358
22 359
22 378
22 390
22 396
22 397
22 402
22 529
22 549
22 552
22 554
22 563
22 566
22 575
22 594
22 602
22 606
22 610
22 614
22 622
22 624
22 628
22 633
22 637
22 639
22 647
22 655
23 8
23 14
23 16
23 17
23 28
23 34
25 5
25 12
25 13
25 17
25 19
25 48
25 56
25 58
25 59
25 78
25 81
25 84
26 2
26 5
27 3
27 9
27 33
27 35
27 43
27 48
27 50
27 61
27 63
27 77
27 79
27 82
27 93
29 9
29 19
29 30
29 35
29 37
31 7
31 22
31 26
31 28
31 32
31 34
31 42
31 55
31 56
31 66
31 79
31 84
32 1
32 4
32 8
32 10
32 11
33 6
33 12
33 19
33 25
33 28
33 41
33 42
33 43
33 53
33 57
33 58
33 64
33 69
33 81
33 92
33 99
33 104
33 105
33 111
33 112
33 118
33 119
34 7
34 14
34 22
34 24
34 29
34 33
34 34
34 59
34 62
35 11
35 14
35 19
35 39
35 40
35 43
35 46
35 47
35 49
35 54
35 63
35 68
35 79
35 88
35 89
35 117
35 124
35 131
35 135
35 136
35 138
35 143
35 155
35 159
35 165
35 174
36 3
36 10
37 46
37 52
37 58
37 61
37 63
37 77
37 142
37 150
37 154
37 188
38 1
38 6
38 11
38 14
39 1
39 7
39 10
39 18
39 21
39 22
41 2
41 11
43 49
43 57
43 61
43 71
43 72
43 73
43 76
43 87
43 89
43 90
43 94
43 104
43 105
43 108
43 225
43 228
43 233
43 250
43 254
43 258
43 266
43 270
43 303
43 307
43 308
43 315
43 323
43 336
43 362
43 374
43 377
43 382
44 1
44 7
44 18
44 20
44 149
44 151
44 152
44 157
44 162
44 163
45 5
45 6
45 7
45 13
45 14
45 16
45 27
45 30
45 40
45 41
45 44
45 46
45 52
45 70
45 77
45 79
45 95
45 100
45 107
45 108
45 109
46 1
46 3
46 8
46 15
46 19
46 25
46 33
46 35
50 23
50 98
50 105
50 109
51 16
51 17
51 27
51 37
51 38
51 43
51 46
52 86
52 88
52 116
52 117
52 120
53 53
53 58
53 60
53 61
53 63
53 65
53 71
53 74
53 75
53 84
53 88
53 92
53 95
53 98
53 112
53 113
53 114
53 134
53 149
54 60
55 1
55 8
55 9
55 11
55 13
55 19
55 24
55 34
55 44
55 49
55 55
55 65
55 68
55 74
55 83
55 84
55 88
55 89
56 1
56 54
56 57
56 64
56 65
56 69
56 75
56 82
56 96
56 98
57 29
57 43
57 46
57 48
58 2
58 6
58 7
58 31
58 36
58 39
58 49
58 54
58 59
58 60
58 72
58 76
58 77
58 95
59 2
60 1
60 8
61 3
61 10
61 19
61 25
61 29
61 30
61 34
61 47
61 70
61 71
61 72
61 77
61 87
61 95
61 96
61 104
61 108
61 115
61 117
61 124
61 141
61 148
61 161
61 168
61 175
61 178
61 182
61 184
61 185
61 188
61 192
61 196
61 205
61 212
61 214
63 5
64 6
64 9
64 12
64 21
64 28
64 40
64 43
64 52
64 62
64 63
66 35
66 40
66 44
66 56
66 66
66 67
66 76
66 78
66 100
66 176
66 183
66 185
66 206
66 214
66 222
66 230
66 232
66 242
66 247
66 248
66 255
66 256
66 279
66 287
66 290
66 299
66 305
66 307
66 319
66 327
66 336
66 337
67 15
67 17
67 24
67 28
67 30
68 5
68 7
68 8
68 9
68 15
68 34
68 40
68 46
68 52
68 53
68 55
68 56
68 68
70 122
70 126
70 128
70 133
70 140
70 141
70 155
70 156
70 159
70 173
70 174
70 182
71 171
71 184
71 187
71 189
71 199
71 202
71 225
71 228
73 4
73 7
73 9
73 10
73 39
73 42
73 51
73 59
73 64
73 72
73 81
73 82
73 90
73 105
73 107
73 113
73 114
74 30
74 35
74 36
74 48
74 50
74 92
74 104
74 105
74 122
74 128
75 5
75 7
75 16
75 19
75 21
78 24
78 29
79 1
79 3
81 54
81 56
81 59
81 66
81 87
81 99
81 111
82 3
82 11
82 12
83 1
83 11
83 20
83 21
83 25
83 31
83 32
83 34
83 57
83 62
83 82
83 89
83 98
83 100
83 128
83 132
83 134
83 135
83 136
83 137
83 145
83 285
83 287
83 391
84 1
84 4
84 20
84 21
84 33
84 36
84 38
84 67
84 73
84 89
84 96
84 104
84 108
84 116
84 123
85 3
85 135
85 137
86 18
86 19
86 26
86 27
86 38
86 40
86 42
86 44
86 46
87 11
87 13
87 16
87 17
87 26
87 27
87 37
87 45
87 51
87 57
87 60
87 65
87 68
87 72
87 75
87 98
87 101
87 103
87 109
87 112
87 123
87 128
87 133
87 135
87 136
87 145
89 87
89 89
89 90
89 94
89 98
89 99
89 101
90 1
91 16
91 21
91 24
91 26
91 27
91 29
91 162
91 165
91 173
94 61
94 63
94 66
94 82
94 85
94 86
94 91
94 92
94 93
94 124
94 129
94 138
94 157
94 162
94 164
94 170
94 171
94 174
94 177
94 178
94 199
94 213
94 221
94 238
94 251
94 253
94 262
94 265
94 271
94 277
94 413
94 417
94 422
94 425
94 426
94 428
94 431
94 432
94 441
94 446
94 447
94 449
94 451
94 454
95 2
95 6
95 8
95 9
95 10
96 119
97 4
97 8
97 19
97 20
