1 8
1 12
1 13
2 6
3 4
3 5
3 7
3 10
3 18
3 62
3 72
3 73
3 80
3 83
3 85
3 93
3 102
3 107
4 2
5 2
5 5
5 13
5 16
5 33
5 49
5 52
5 53
5 55
5 61
5 65
5 66
5 75
5 80
5 81
6 12
6 39
6 41
7 8
7 9
7 11
7 22
7 27
7 32
7 33
8 31
8 37
8 40
8 42
8 45
8 47
8 81
8 91
8 97
8 135
8 137
8 142
8 161
8 164
8 165
8 174
8 175
8 191
8 198
8 201
8 202
8 205
8 218
8 219
8 226
8 246
8 260
8 262
8 281
8 282
8 284
8 289
8 295
8 297
8 301
8 305
8 309
8 315
8 317
8 320
8 325
8 454
8 456
8 464
8 465
8 466
8 470
8 484
8 492
8 500
9 1
9 3
9 4
9 22
9 27
9 34
9 40
9 50
9 53
9 54
9 55
9 56
9 59
12 52
12 55
12 64
12 66
12 71
12 86
12 103
12 105
12 109
12 114
12 126
12 214
12 223
12 227
12 241
12 242
12 244
12 254
13 2
13 3
15 26
16 1
16 14
16 18
16 29
16 32
16 34
16 41
16 49
16 54
16 55
16 65
16 67
16 72
16 74
16 76
16 77
16 80
16 83
16 85
16 86
16 101
16 106
16 108
17 21
17 27
17 47
17 51
17 163
17 280
17 298
17 329
17 331
19 12
19 13
19 14
19 19
19 26
19 46
19 57
19 58
19 75
19 107
21 28
21 30
21 57
21 59
21 60
21 65
21 68
23 2
24 12
24 25
25 3
25 12
25 13
25 14
25 19
25 20
25 21
25 23
25 25
25 26
25 28
26 1
26 7
26 10
26 15
26 22
26 25
26 28
26 32
26 41
26 69
26 73
26 78
26 86
26 87
26 91
26 94
26 103
26 116
26 119
26 124
26 127
26 128
26 134
26 138
26 150
26 152
26 165
26 166
26 169
26 173
26 178
26 190
26 197
26 200
26 203
27 12
27 20
27 25
27 28
27 35
27 36
27 46
27 53
27 63
27 69
27 70
27 72
27 74
27 75
27 79
27 81
27 86
27 87
27 94
27 99
27 101
27 103
27 113
28 2
29 8
29 9
29 13
29 24
29 25
29 27
29 41
29 85
29 101
29 104
29 106
29 107
30 6
30 9
30 26
30 28
30 35
30 43
30 49
30 54
30 55
30 56
30 60
30 98
31 82
31 91
31 97
31 100
31 108
31 117
31 118
31 138
31 145
31 149
31 151
31 158
31 163
32 22
32 23
32 28
32 40
32 45
32 48
32 49
32 54
32 58
32 62
32 67
34 2
34 10
34 15
34 53
34 56
34 62
34 65
34 66
34 71
34 75
34 76
34 82
34 93
34 95
34 106
34 115
34 116
34 134
34 135
34 144
34 152
34 158
34 161
35 1
35 2
35 3
35 16
35 21
35 24
35 27
35 35
35 36
35 38
35 39
35 42
35 54
35 55
35 57
35 61
35 65
35 76
35 77
35 84
35 85
36 122
36 125
36 126
36 145
36 151
36 160
36 161
36 170
36 179
36 182
36 184
36 198
37 2
37 4
37 10
37 21
37 22
37 27
37 32
37 36
38 12
38 17
38 18
38 20
38 28
38 29
38 42
38 44
38 45
38 49
38 53
38 59
38 66
38 74
38 78
38 93
38 100
38 103
38 107
38 109
38 113
38 114
38 115
38 121
38 129
38 140
38 142
38 160
40 9
40 14
40 21
40 24
40 34
40 38
40 40
40 51
40 52
40 55
40 64
40 71
40 73
41 12
41 18
41 25
41 26
41 30
41 31
41 42
42 2
42 12
42 13
42 19
43 22
43 25
43 29
43 38
43 41
43 51
43 64
45 35
45 41
45 49
45 52
45 53
45 62
45 191
45 193
45 194
45 199
45 208
45 224
45 226
45 236
45 244
45 245
45 250
45 254
45 255
45 259
45 267
45 273
45 274
45 282
45 291
45 293
45 299
45 300
45 311
45 312
45 315
45 330
45 335
46 1
46 15
46 20
46 110
46 115
46 118
46 126
46 132
46 147
49 16
49 23
49 29
49 36
49 38
49 55
49 67
49 73
49 81
49 88
49 90
49 105
49 106
49 114
49 118
49 122
49 126
50 32
50 36
50 43
50 44
50 46
50 57
50 58
50 72
50 75
51 5
51 8
51 12
51 14
51 15
51 18
51 20
51 72
51 76
51 90
51 91
51 93
51 99
52 21
53 1
53 4
53 9
53 16
53 29
53 30
53 36
53 37
54 3
54 5
54 8
54 14
54 32
54 34
54 35
54 37
54 44
55 1
55 2
55 5
55 8
55 17
55 148
55 152
55 155
55 164
55 167
55 170
56 1
56 17
56 27
57 1
57 14
57 21
57 25
57 29
57 30
59 30
59 38
60 42
60 47
61 61
61 64
61 69
61 70
61 73
61 78
61 83
61 93
61 94
61 97
62 98
62 100
62 101
63 21
63 24
63 30
63 32
63 37
64 2
64 9
64 11
64 12
64 16
64 17
64 26
64 29
64 30
64 33
64 35
64 36
64 55
64 59
64 60
64 62
64 69
64 74
64 78
65 5
65 6
66 22
66 37
66 39
67 10
67 13
67 19
68 5
68 13
68 15
68 17
69 7
69 8
69 10
69 27
71 79
71 83
71 84
71 89
72 14
72 17
72 24
72 28
72 30
74 10
75 1
75 4
75 68
75 150
75 152
75 154
75 159
75 160
77 7
77 11
77 18
78 5
78 8
79 2
79 3
79 4
79 9
79 11
80 2
81 5
81 8
81 9
82 4
82 6
82 12
82 17
82 18
82 26
82 27
82 46
83 6
83 9
83 10
83 12
83 14
83 20
83 26
83 28
83 33
83 41
83 44
83 46
83 58
83 73
83 78
83 88
83 89
83 103
83 109
83 112
83 119
83 126
84 5
84 6
84 10
84 12
84 18
84 20
84 27
84 30
84 41
84 42
84 55
84 56
84 67
84 72
84 77
84 87
84 88
84 95
86 86
86 94
86 96
86 117
86 118
86 121
86 122
86 126
86 134
86 143
86 144
86 148
86 157
86 162
86 174
86 180
86 310
86 319
86 325
86 327
86 328
86 329
86 334
86 335
86 346
87 2
87 7
87 8
87 11
87 15
87 24
88 3
88 27
88 33
88 39
88 41
88 66
88 72
88 78
88 116
88 124
88 125
88 127
88 135
88 145
88 148
88 157
88 179
88 187
88 189
88 196
88 200
88 208
88 212
89 7
89 11
89 12
89 14
89 20
89 22
89 24
89 25
89 31
89 37
89 50
89 56
89 61
89 63
89 78
89 96
89 100
89 115
89 117
89 120
89 126
90 2
90 8
91 3
91 4
91 9
91 18
91 19
91 20
92 17
92 19
92 22
92 24
92 27
92 34
92 36
93 2
94 19
94 20
94 29
94 33
94 35
95 29
95 34
95 35
95 38
95 44
97 69
97 82
97 93
97 97
97 101
97 104
97 109
97 110
97 112
97 113
97 116
97 117
97 134
97 136
97 137
97 143
97 147
97 149
97 157
97 158
97 161
97 162
97 179
97 182
97 193
97 197
97 201
97 203
97 206
97 218
97 221
97 224
97 227
98 7
98 8
98 9
99 3
99 18
99 19
100 63
100 65
100 66
100 68
100 69
100 76
101 1
101 10
101 12
101 18
101 23
101 25
101 27
101 30
101 34
102 1
102 23
102 26
102 31
102 37
102 44
102 46
102 47
102 49
103 1
103 10
103 13
106 9
106 17
106 23
106 28
106 33
106 34
106 38
106 39
106 41
106 42
107 1
107 6
107 9
107 18
107 26
107 28
107 29
107 34
107 38
108 8
108 17
109 91
109 93
109 94
109 105
109 109
109 114
109 119
109 120
109 121
109 124
109 125
109 130
109 146
109 148
109 153
109 157
109 158
109 167
109 185
109 186
109 189
109 198
109 199
112 30
112 39
112 40
113 2
113 5
113 15
113 18
114 73
114 78
114 80
114 85
114 88
114 89
114 94
114 101
114 105
114 112
114 120
114 124
114 125
115 19
115 20
116 21
116 31
116 35
116 38
116 39
116 41
116 44
117 32
117 37
117 40
117 63
