1 4
1 9
2 5
2 7
3 13
3 25
3 31
3 35
3 36
3 38
3 39
3 47
3 49
3 52
3 59
3 61
3 69
3 72
3 78
3 79
3 89
3 96
3 115
3 116
3 119
3 120
3 122
3 133
3 134
3 143
3 149
3 150
3 156
3 159
3 172
3 174
3 191
3 193
3 201
3 203
3 210
3 211
3 213
3 231
3 235
3 249
3 252
3 264
3 269
3 272
3 288
3 289
3 294
3 297
3 298
3 305
3 316
3 340
3 345
3 346
3 355
3 376
3 377
4 4
4 7
4 11
4 14
4 17
4 19
5 1
5 4
5 5
5 7
5 17
5 21
5 27
5 28
5 30
5 40
5 41
5 42
5 54
6 73
6 102
6 105
6 113
6 119
6 134
6 143
6 144
6 148
6 150
6 153
6 166
7 18
7 21
7 24
7 26
7 30
7 37
7 91
7 93
7 96
7 97
8 6
9 16
9 23
10 7
10 10
10 11
10 17
10 28
10 32
10 34
10 37
10 52
10 54
10 58
12 20
12 26
12 28
12 29
12 34
12 43
12 44
12 47
12 51
12 57
12 58
12 81
12 93
12 95
12 99
12 104
12 120
14 42
16 3
17 10
17 29
17 43
18 28
18 33
18 39
18 41
18 45
18 48
18 51
18 157
18 159
18 169
18 182
18 186
18 189
18 191
18 193
18 195
18 198
18 200
18 201
19 1
19 2
19 4
19 8
19 9
19 12
19 40
19 41
19 42
19 46
19 50
19 56
19 62
19 74
19 86
19 95
19 98
19 102
19 107
19 111
19 115
19 116
19 119
19 121
19 140
19 141
19 145
19 148
19 156
19 213
19 221
19 232
19 324
19 334
19 343
19 354
19 371
19 372
19 375
19 382
19 384
19 389
19 405
19 413
19 415
19 427
20 3
20 8
20 9
20 11
20 14
20 15
21 69
21 71
23 7
23 10
23 11
23 17
24 11
24 16
24 19
24 20
24 25
24 34
24 35
24 36
25 5
25 8
25 12
25 15
25 20
25 24
25 25
25 30
25 40
25 42
25 48
25 49
25 63
25 77
25 84
25 85
25 97
25 99
25 107
25 114
25 115
25 140
25 141
25 143
25 146
25 166
25 167
25 179
25 183
25 189
25 194
25 199
25 201
25 211
25 247
25 253
25 260
25 261
25 263
25 264
25 273
25 275
25 280
25 286
25 291
25 292
25 310
25 311
25 332
25 336
25 341
25 348
25 350
25 355
25 359
25 369
25 376
25 383
25 409
25 417
25 432
25 439
25 446
25 452
25 453
25 456
25 469
25 473
25 480
26 10
26 12
26 15
26 23
26 26
26 81
26 82
26 83
26 88
26 89
26 92
26 94
26 95
27 1
27 3
27 4
27 7
27 8
27 10
27 16
27 24
27 47
27 51
27 53
27 61
27 63
27 65
27 70
27 73
28 55
28 59
28 63
28 70
28 74
28 75
28 82
29 1
29 9
29 13
29 14
29 22
29 24
29 27
29 33
29 37
29 38
29 40
29 43
30 4
30 13
30 17
30 23
30 31
30 41
30 50
30 59
30 60
30 68
30 71
30 75
30 83
31 1
31 10
31 22
31 26
31 30
31 40
31 45
31 48
31 51
31 65
31 66
31 67
31 74
31 79
31 83
31 85
31 86
31 87
31 90
31 92
31 94
31 95
31 98
32 1
32 8
32 10
32 13
32 19
32 27
32 33
33 1
33 14
33 21
34 3
35 8
35 13
35 18
35 30
35 31
35 165
35 166
35 170
35 171
36 4
36 19
36 41
36 42
36 53
36 54
36 56
36 57
36 64
36 70
36 71
36 82
36 84
36 85
36 92
36 96
36 104
36 112
36 116
36 120
36 128
36 137
36 147
36 155
36 181
37 6
37 7
37 10
37 16
37 23
37 26
37 32
37 41
37 45
37 46
37 50
37 119
37 249
37 265
37 267
37 273
37 280
37 281
37 287
37 292
37 300
40 13
40 19
40 27
40 42
40 57
40 59
40 122
40 129
40 135
41 9
42 2
42 14
42 15
42 27
42 45
42 46
42 63
42 67
42 70
42 75
42 89
42 102
42 104
43 7
43 65
45 53
45 60
45 63
45 64
45 67
45 73
45 82
45 84
45 99
45 104
45 105
45 117
45 123
45 255
45 256
45 265
45 267
45 275
45 298
45 303
45 306
45 307
46 5
48 1
48 3
48 6
48 15
48 18
48 20
48 28
48 30
48 33
48 37
48 40
48 42
48 64
48 66
48 69
49 7
49 8
49 20
50 3
50 6
50 9
50 11
50 17
50 20
50 27
50 37
51 32
51 45
51 46
51 48
51 49
51 52
51 53
51 60
51 79
51 85
51 86
51 98
51 117
51 121
51 126
51 128
51 132
51 138
52 3
52 10
52 15
53 4
53 6
53 14
53 15
54 1
54 2
55 7
55 10
55 11
55 18
56 3
56 8
56 21
56 28
56 34
56 48
56 52
56 55
56 61
56 67
56 69
56 78
56 87
56 88
56 93
57 5
57 15
57 16
57 17
57 19
57 25
57 32
57 33
57 35
57 44
57 50
57 54
57 65
58 3
58 7
58 8
58 9
58 18
59 1
60 1
61 10
61 12
61 25
61 27
61 34
61 37
61 39
61 44
61 47
61 49
61 54
61 55
61 59
61 66
61 68
62 1
62 77
62 81
62 84
62 93
63 22
63 23
63 27
63 34
63 37
63 63
63 64
63 71
63 72
64 1
64 17
64 19
64 21
64 25
64 30
64 38
65 6
65 11
65 18
65 19
65 21
65 23
65 32
65 40
65 44
65 47
65 50
65 58
65 60
65 61
65 64
65 65
65 68
65 130
65 131
65 141
65 148
65 149
65 167
65 168
65 173
65 193
65 195
65 208
65 210
65 216
65 217
65 225
65 227
65 257
65 258
65 260
65 275
65 286
65 290
65 291
65 292
65 295
65 296
65 300
65 303
65 308
65 310
65 312
65 319
65 324
65 325
65 330
65 333
65 335
65 345
65 346
66 14
66 15
67 3
69 92
69 99
69 102
69 104
69 110
69 114
69 117
69 119
69 120
70 7
70 9
70 18
70 30
70 38
70 41
70 47
70 48
70 62
70 69
70 71
70 85
70 86
70 89
70 103
70 105
70 131
70 132
70 264
70 265
70 272
70 278
70 282
70 411
70 415
72 75
72 116
73 2
73 3
73 4
73 12
73 18
73 21
73 39
73 40
73 42
73 43
74 44
74 47
74 51
74 69
74 72
74 74
74 77
74 100
74 106
74 107
74 114
74 121
74 148
74 149
74 154
74 157
74 160
74 162
75 15
75 22
75 25
75 27
75 28
75 35
75 38
75 40
75 48
75 50
75 54
75 55
75 59
75 64
75 65
75 67
75 70
75 73
75 115
75 116
75 125
75 127
75 139
75 146
75 148
75 152
76 2
76 4
76 5
76 6
76 14
76 19
76 24
76 25
76 28
76 53
76 55
76 58
76 62
76 63
76 66
76 70
76 71
76 76
76 87
76 96
76 97
76 100
76 125
76 129
76 132
76 134
76 142
76 143
76 144
76 149
76 151
77 3
77 12
77 13
79 6
79 10
79 14
79 21
79 25
79 28
79 30
79 35
79 40
79 48
79 53
79 60
79 67
79 70
80 1
80 5
80 9
80 10
80 21
80 29
80 30
80 37
80 49
80 54
80 59
80 61
80 62
80 67
80 70
80 71
81 2
81 12
81 21
82 7
82 29
83 4
83 12
83 14
83 18
83 68
84 1
84 2
84 4
84 18
85 1
85 12
86 12
86 15
86 19
86 20
86 22
86 30
86 43
86 44
86 65
88 17
88 19
88 24
88 28
88 33
88 35
88 48
88 64
88 66
88 67
88 69
88 70
88 79
88 80
88 89
88 93
88 99
88 109
88 110
88 113
88 115
89 114
89 119
89 120
89 166
90 4
90 6
90 9
90 11
90 17
90 18
90 26
90 32
90 45
90 49
90 50
90 65
90 76
90 78
90 85
90 94
90 95
90 127
90 130
90 138
90 149
90 157
90 159
91 7
91 10
91 25
91 29
91 32
91 43
91 52
91 53
91 57
91 74
91 89
91 90
91 95
91 103
91 105
91 123
91 131
92 2
92 3
92 4
92 7
92 8
95 14
95 17
95 24
95 32
95 36
95 42
95 44
95 47
95 50
95 62
95 63
95 67
95 70
95 72
95 73
95 79
95 80
95 94
95 106
95 110
95 117
95 120
95 121
95 134
96 9
96 10
96 15
96 17
96 20
97 3
97 5
97 15
97 17
97 22
97 31
97 35
97 38
97 53
97 63
97 64
97 66
97 73
97 110
97 112
97 151
97 163
97 175
97 177
97 180
97 189
97 195
97 199
97 202
97 210
97 218
97 219
97 220
97 222
97 226
97 231
97 232
97 245
97 250
97 259
97 260
97 262
98 67
98 70
98 78
98 79
99 50
99 53
99 56
99 80
99 86
99 87
99 92
102 3
102 4
102 7
102 8
102 13
102 15
102 29
102 31
102 35
102 46
102 50
102 59
102 75
102 76
102 84
102 87
102 95
102 102
102 108
102 109
102 111
102 112
102 140
