2 6
2 7
2 9
2 34
2 38
2 39
4 117
4 120
4 132
4 133
4 136
4 138
4 149
4 154
4 169
4 170
4 176
4 177
4 190
5 4
5 5
5 7
5 15
5 31
5 34
5 35
5 37
5 38
5 40
5 48
5 58
5 71
5 84
5 88
6 19
6 20
6 21
6 35
6 38
6 40
6 45
6 53
6 60
6 61
6 66
6 68
6 74
6 95
7 22
7 24
7 29
7 41
7 48
7 52
7 55
7 61
7 64
7 65
7 68
7 71
7 73
7 74
7 77
7 79
7 89
7 97
7 100
7 102
7 103
9 2
9 3
10 4
10 9
10 19
10 21
10 24
11 1
11 16
11 18
11 28
11 37
11 46
11 53
11 57
11 58
11 59
11 62
11 66
11 73
11 76
11 79
11 83
11 96
11 100
11 101
11 108
11 113
11 114
11 121
12 8
12 80
12 86
12 92
12 96
12 98
12 100
14 8
14 15
14 17
14 18
14 36
14 152
15 21
15 23
15 35
15 39
15 41
15 45
15 46
15 48
15 52
15 54
15 57
15 67
15 69
15 73
16 63
16 70
16 77
16 102
16 116
16 118
19 45
19 71
19 72
19 81
19 83
20 48
20 50
20 54
20 65
20 66
20 85
20 92
20 95
20 107
20 108
20 109
20 111
20 113
20 136
20 138
20 140
20 170
21 3
21 5
21 7
21 8
21 17
21 22
21 36
21 37
21 41
21 142
21 149
21 153
21 160
21 171
21 180
21 185
21 189
21 198
21 200
21 203
21 216
21 218
21 232
21 233
22 1
22 4
26 7
26 10
26 14
26 15
26 16
26 19
26 26
27 13
27 23
27 29
27 38
27 49
27 58
27 70
27 83
28 1
28 2
28 5
28 10
28 14
28 15
28 18
28 22
28 26
28 34
28 36
29 20
29 30
29 33
29 40
29 47
29 53
29 58
29 60
30 16
30 22
30 39
30 44
30 45
30 46
30 50
30 54
30 56
30 64
30 65
30 71
30 74
30 76
31 1
31 12
31 14
31 15
31 19
32 28
32 43
32 45
32 50
33 43
33 50
33 54
33 60
33 62
33 67
33 83
33 85
33 86
33 100
33 103
33 111
33 113
33 121
33 125
34 78
34 79
34 83
34 169
34 175
34 178
34 182
34 197
34 200
35 4
35 5
35 13
35 15
35 54
35 56
35 58
35 64
35 67
35 72
35 77
35 98
35 104
35 109
35 129
35 130
35 134
35 140
36 8
36 13
36 19
36 26
36 27
36 29
36 40
36 47
36 49
36 50
36 55
36 59
36 64
36 65
36 74
36 90
36 93
36 97
36 118
36 125
36 145
36 147
36 148
37 12
37 20
37 26
37 31
38 1
38 6
39 7
39 21
39 29
40 8
40 12
40 15
40 16
40 19
40 30
40 33
40 40
41 108
41 110
41 115
41 118
41 121
41 128
41 129
41 133
41 134
42 6
42 8
42 15
42 20
42 21
42 25
42 32
42 39
42 60
42 69
42 77
42 79
42 82
42 87
42 96
42 100
42 101
42 112
43 44
44 5
44 8
44 12
44 16
44 19
44 53
44 97
44 110
44 112
44 244
44 248
44 258
44 263
45 15
45 16
45 23
45 24
45 28
46 4
46 11
46 16
46 17
46 23
46 27
46 29
46 34
46 35
46 39
46 43
46 55
46 57
46 58
46 72
47 2
47 8
47 20
47 48
47 53
48 4
48 7
48 13
48 18
48 23
48 25
48 29
48 34
48 35
48 36
48 38
48 44
48 46
48 54
48 58
48 70
48 72
49 3
49 4
50 2
50 4
50 8
50 68
50 86
50 93
51 6
51 7
51 12
51 13
51 43
51 48
51 57
51 58
51 60
51 67
51 80
51 82
51 83
51 90
51 97
51 98
52 3
52 18
52 23
52 26
52 28
52 29
52 30
52 31
52 35
52 40
52 45
52 54
52 60
52 62
52 69
52 70
52 73
52 76
52 77
52 86
52 96
52 98
52 107
52 109
52 149
53 8
53 10
53 14
53 15
53 24
53 49
53 50
53 58
53 60
53 63
53 64
54 6
54 7
54 18
54 30
54 32
55 25
55 27
55 29
55 32
55 33
55 66
55 69
55 72
55 82
55 83
55 95
55 97
55 99
55 100
55 101
56 21
56 31
57 8
57 9
57 11
57 19
57 20
57 34
57 40
57 46
58 36
58 54
58 55
58 56
58 69
58 70
58 73
59 65
59 68
59 77
59 78
59 85
59 215
59 222
59 223
59 224
59 231
59 241
59 264
60 18
60 22
60 26
60 36
60 37
60 46
60 52
60 67
60 81
60 112
60 117
60 123
60 128
61 6
61 17
62 3
62 4
62 38
65 11
65 12
66 1
66 4
66 12
66 16
66 18
66 23
66 24
67 2
67 3
67 7
67 21
67 23
67 28
67 34
71 28
71 29
71 32
71 43
71 48
71 58
71 59
71 63
71 64
71 72
71 74
71 84
71 89
71 95
71 120
72 1
72 10
72 14
72 16
72 19
72 23
72 25
72 30
72 32
72 33
72 36
72 47
72 50
73 3
73 70
74 18
74 22
74 27
74 51
74 71
74 81
74 85
74 87
74 90
74 92
74 104
75 5
75 7
75 9
76 5
76 7
76 11
76 12
76 16
76 17
76 21
76 22
76 27
76 78
76 95
76 97
76 98
76 100
76 105
76 115
76 117
76 124
76 128
76 257
76 260
76 263
76 271
76 272
76 283
76 289
76 294
76 297
76 304
79 36
79 37
82 5
83 1
85 38
85 78
85 89
85 195
85 214
85 220
85 222
85 225
85 226
85 230
85 233
85 242
85 247
85 252
85 254
85 256
85 283
85 286
85 287
85 289
87 43
87 52
87 57
87 66
87 72
87 76
87 95
87 100
87 142
87 148
87 149
87 155
87 157
87 164
87 166
87 167
87 177
87 178
87 182
87 188
87 196
87 205
87 208
87 210
87 212
87 213
87 215
87 217
87 218
87 232
87 239
87 248
87 259
87 282
87 288
87 297
87 306
87 351
87 352
87 354
87 364
87 366
87 367
87 369
87 371
87 375
87 381
87 397
87 401
87 405
87 428
87 434
87 442
87 450
87 451
87 461
87 465
87 466
87 487
87 519
87 531
87 533
87 535
87 537
87 544
87 553
87 562
88 11
88 12
88 19
88 26
89 4
89 5
89 9
89 12
89 16
89 19
89 23
89 33
89 38
89 39
90 19
90 22
90 33
90 36
90 41
90 69
90 71
90 72
91 1
91 7
91 9
92 3
93 7
93 14
93 21
93 24
93 26
93 31
93 33
93 35
93 47
93 51
93 56
93 58
93 66
93 68
93 70
93 71
93 74
93 97
93 104
93 116
93 118
93 134
93 159
94 1
96 59
96 62
96 63
96 65
96 74
97 3
97 6
97 19
97 21
97 23
97 38
97 40
97 45
97 68
97 70
97 72
97 99
97 101
97 106
98 80
98 90
98 91
98 100
98 102
98 104
98 117
99 2
99 17
99 21
99 25
99 26
99 27
99 30
99 37
99 39
99 49
99 54
99 64
99 65
99 68
99 76
100 13
100 14
100 16
100 21
100 24
100 30
100 32
100 33
100 34
102 9
102 11
102 14
102 15
102 84
102 85
102 197
102 202
102 207
102 211
102 212
103 8
103 12
103 21
103 23
103 28
103 34
103 36
104 4
104 6
104 7
104 17
104 21
104 23
104 24
104 34
104 35
104 37
104 44
104 46
104 52
104 58
104 61
105 73
105 74
105 80
105 81
105 83
106 2
106 3
106 13
106 31
107 4
107 107
107 108
107 117
107 126
107 127
107 133
107 136
107 140
107 144
107 152
107 157
107 160
107 168
107 169
107 172
107 180
107 185
109 3
109 5
109 8
110 7
110 12
110 14
110 20
