1 1
1 13
1 30
1 31
1 34
1 41
1 45
2 3
2 7
2 8
5 17
5 22
5 23
5 24
5 38
5 40
5 43
5 46
5 47
5 51
5 59
5 63
5 65
5 67
5 76
5 89
5 96
5 97
6 3
6 6
6 17
6 21
6 29
6 31
6 34
6 42
6 57
6 67
6 69
6 74
6 81
6 83
6 84
6 115
6 116
6 117
6 119
6 120
6 249
7 24
7 31
7 32
7 36
7 49
7 53
7 57
7 59
7 60
7 62
7 125
7 131
7 235
7 236
7 252
7 260
7 263
7 268
7 269
7 271
7 279
7 281
7 297
7 301
7 317
7 325
7 328
7 332
7 333
8 3
8 6
8 9
8 13
8 29
9 75
9 79
9 84
11 101
12 22
13 3
13 4
13 11
16 28
18 18
18 19
18 20
18 21
18 28
18 32
18 36
18 49
18 52
18 58
18 65
18 72
18 79
18 99
18 100
19 3
20 1
20 2
20 3
20 6
20 9
20 10
20 17
22 15
22 17
22 31
22 35
22 42
23 5
23 8
23 16
23 20
23 31
23 35
23 44
23 45
24 4
24 32
24 33
24 40
25 1
25 10
25 11
25 23
25 31
25 40
25 42
25 46
25 50
25 62
25 64
25 106
27 4
27 7
27 14
27 16
27 21
27 24
27 31
28 9
28 12
29 1
29 4
29 6
29 16
29 21
30 10
30 11
30 13
30 19
30 28
30 30
30 35
30 48
30 56
30 64
30 68
30 80
30 84
30 87
30 91
30 98
30 107
30 110
30 116
30 117
30 129
30 131
30 133
30 136
30 150
30 156
30 165
30 180
30 181
31 18
31 22
32 2
32 6
32 9
32 10
32 16
32 17
32 23
32 29
32 30
32 39
32 40
32 170
32 172
33 65
33 68
33 72
33 73
33 75
33 77
33 78
34 2
34 10
34 13
34 15
34 16
37 2
38 7
38 9
38 11
38 13
38 16
38 24
38 25
38 40
38 42
38 45
38 48
38 56
38 61
38 63
38 65
38 68
38 71
39 7
41 16
41 32
41 36
41 42
41 61
41 63
41 64
41 86
41 87
41 89
41 92
41 98
41 102
41 105
41 124
41 125
41 127
41 137
42 16
43 21
43 23
43 24
43 28
43 40
43 46
43 52
43 74
43 75
43 79
43 82
43 87
43 89
43 100
43 104
43 110
43 113
43 115
43 118
43 119
43 120
43 122
43 123
43 141
43 145
43 153
43 163
43 172
43 177
43 183
44 3
44 4
44 10
44 14
44 17
44 21
44 22
44 25
44 31
44 50
44 56
44 65
44 93
44 105
44 110
44 112
44 118
44 120
44 124
44 125
44 128
44 129
45 8
45 11
45 13
47 61
47 68
47 77
47 83
47 86
47 91
47 94
47 98
47 107
47 110
47 112
47 113
47 118
47 182
47 186
47 199
47 207
47 210
47 228
47 229
47 233
47 242
47 244
47 264
47 268
47 270
47 279
47 288
47 355
47 358
47 359
47 372
47 379
47 387
47 388
47 389
47 393
47 394
47 404
47 405
47 410
47 416
48 2
48 4
49 3
49 4
49 10
49 12
49 13
49 16
49 26
49 27
49 38
49 43
49 45
49 52
49 60
49 61
49 62
49 69
49 73
50 1
50 15
50 16
50 31
50 37
50 40
50 47
50 49
50 50
50 55
51 5
51 7
51 10
51 15
51 24
51 31
51 70
51 74
51 75
51 78
51 85
51 102
51 103
51 104
51 105
51 107
51 110
51 121
51 122
51 124
51 125
51 130
51 131
51 139
51 140
52 12
52 15
52 17
52 21
52 22
52 26
52 57
52 58
52 63
52 70
54 32
54 40
54 43
54 53
54 69
54 75
54 76
54 78
54 93
55 5
55 11
56 1
56 10
56 16
56 20
58 126
58 132
58 136
58 145
58 149
59 2
59 11
59 16
59 17
59 28
59 34
60 4
60 8
61 3
61 6
61 11
61 20
61 21
61 22
61 23
61 82
61 85
61 87
61 91
61 101
61 102
61 105
62 62
62 72
62 76
62 77
62 78
62 80
62 82
62 89
63 5
63 13
63 16
63 23
63 24
63 28
63 29
63 32
63 35
63 43
63 55
63 64
63 68
63 78
63 188
63 194
63 198
63 204
63 207
63 210
63 213
63 214
63 217
63 220
64 1
64 5
64 10
64 12
64 15
64 22
64 26
65 10
65 14
65 20
65 21
65 23
65 24
65 40
65 41
65 44
65 48
65 49
65 54
65 55
65 63
65 68
65 73
67 39
67 42
68 4
68 7
68 10
69 4
69 9
69 14
69 20
69 21
69 24
69 25
69 27
69 31
69 36
69 37
69 41
69 43
69 48
70 1
70 3
70 4
70 9
70 12
70 27
70 31
70 34
70 52
70 59
70 62
72 6
72 7
72 8
72 13
72 14
72 15
72 18
72 19
72 20
72 22
72 37
72 42
72 52
72 57
72 58
72 94
72 97
72 115
72 116
72 182
72 197
72 198
72 200
72 206
75 35
75 39
75 42
75 44
75 45
75 47
75 49
75 52
75 73
75 86
75 87
75 90
75 93
75 99
75 113
75 114
75 119
75 128
75 131
75 141
75 145
75 158
75 160
75 162
75 173
75 177
75 189
75 193
75 205
75 206
75 211
76 18
76 19
76 20
76 22
76 27
76 40
76 44
76 47
76 53
76 63
76 70
76 72
76 76
76 82
76 85
76 88
76 96
78 6
78 15
78 19
78 24
78 28
78 30
78 34
78 38
79 10
79 27
79 32
79 33
80 73
80 78
80 89
80 92
80 93
80 214
80 216
80 218
80 220
80 223
80 231
80 236
80 237
80 264
80 271
83 70
83 76
83 101
84 10
84 25
84 30
84 31
84 36
84 37
84 45
84 63
84 66
85 4
85 8
85 16
85 21
85 25
85 31
85 32
85 34
85 46
85 51
85 54
85 57
85 181
85 188
85 191
85 257
85 261
86 4
87 3
88 2
88 8
88 10
90 15
90 23
91 46
91 47
91 50
91 59
91 78
91 87
91 89
91 99
91 109
91 118
91 121
91 131
91 133
91 138
91 143
91 152
91 164
91 167
91 172
91 173
91 174
91 175
92 116
92 137
92 158
92 169
92 170
92 176
92 177
92 182
92 187
92 194
92 195
92 198
92 199
92 213
92 220
92 230
92 246
92 248
92 252
92 256
93 3
93 12
93 16
93 17
94 6
94 10
94 17
94 25
94 28
94 31
94 34
94 37
94 47
94 57
94 72
94 74
94 209
94 213
94 216
94 224
94 232
94 242
94 255
94 256
94 258
94 277
94 278
94 280
94 377
94 393
94 394
94 404
94 407
94 412
94 425
94 426
94 433
94 436
94 437
94 439
94 440
95 27
95 32
95 45
95 47
95 53
95 61
95 76
95 80
95 91
95 94
95 96
97 1
97 2
97 4
97 15
97 20
97 48
97 49
97 50
97 52
97 53
97 74
97 95
98 1
98 2
98 5
98 7
98 19
98 35
98 43
98 45
98 46
98 55
98 62
98 69
98 71
98 74
99 20
99 22
99 24
99 25
99 33
99 36
99 37
99 73
99 88
99 139
99 145
99 146
99 154
100 14
101 5
101 10
101 13
101 18
101 25
101 29
101 34
101 38
101 176
101 177
101 182
101 183
101 189
101 193
101 195
101 207
101 211
102 2
102 7
103 1
103 2
103 6
103 15
103 24
103 37
103 41
103 43
103 47
104 6
104 18
104 30
104 36
104 53
104 56
106 5
106 41
106 44
106 53
106 62
106 103
106 115
106 133
106 135
107 9
107 35
109 6
109 8
109 19
109 21
109 28
109 29
109 34
109 36
109 37
110 15
110 22
110 25
110 35
110 37
110 38
110 42
110 73
111 3
111 4
111 10
111 17
111 51
111 60
112 3
112 7
112 71
112 75
112 77
112 80
112 84
112 87
112 93
114 23
114 29
114 33
114 35
114 41
115 3
115 53
115 61
115 70
115 74
115 75
115 76
115 78
115 83
115 86
115 87
115 92
115 107
115 111
