1 6
1 21
2 2
2 3
2 4
2 9
2 22
2 26
2 37
2 51
2 55
2 57
2 59
2 67
2 76
2 89
2 92
2 217
2 221
2 261
2 271
2 281
3 4
3 8
3 9
3 10
3 27
3 30
3 31
3 33
3 40
3 52
3 69
3 70
3 82
4 92
4 95
4 100
4 102
4 104
4 106
4 108
4 110
4 124
6 17
6 20
6 28
6 33
6 37
7 15
7 21
7 25
8 2
8 4
8 15
8 19
8 26
8 30
8 40
8 49
8 54
8 58
9 14
9 17
9 19
9 28
9 31
9 41
9 45
9 48
9 50
9 61
9 62
9 66
9 67
10 9
10 11
10 19
10 21
10 25
11 6
11 11
11 12
11 15
11 19
11 21
11 24
11 38
11 53
11 56
12 2
12 11
12 23
12 29
13 35
13 63
13 66
13 77
13 79
13 87
13 88
13 96
13 98
13 119
13 125
13 126
13 132
13 133
13 142
13 154
13 159
13 175
13 184
13 185
13 196
13 223
13 284
13 287
13 297
13 299
13 301
13 303
13 312
13 315
13 319
13 449
13 457
13 460
13 461
13 468
13 470
13 484
13 485
13 497
13 503
13 512
13 513
13 536
13 539
13 540
13 545
13 551
13 557
14 5
14 8
14 11
16 3
16 8
16 9
16 13
16 26
16 28
16 30
16 33
16 34
16 47
16 54
16 56
18 68
18 69
18 70
19 2
19 3
19 5
19 6
19 22
20 3
20 9
20 10
20 13
20 15
20 17
20 28
20 31
20 33
20 38
20 39
20 48
20 50
20 180
20 187
20 195
20 206
20 216
20 217
20 226
20 230
20 241
20 244
20 253
20 352
20 353
20 354
20 357
20 376
20 382
20 398
20 400
20 405
20 409
20 414
20 417
20 421
20 426
20 436
21 8
24 63
24 73
24 76
24 77
24 83
25 60
26 2
26 4
26 9
26 10
26 21
26 30
26 35
26 46
26 52
26 69
26 73
26 78
26 87
26 91
26 98
26 103
26 111
26 116
26 127
26 143
26 147
26 159
26 171
26 177
26 178
26 180
26 182
26 183
26 196
27 4
27 11
27 17
27 26
27 30
27 161
28 3
28 5
28 10
28 11
28 13
28 26
33 47
33 49
33 52
33 61
33 69
33 86
34 2
34 17
34 19
34 41
34 45
34 48
34 52
34 55
34 57
34 59
34 62
34 64
34 68
34 70
34 74
34 78
34 79
34 81
34 85
35 5
35 9
35 11
35 23
35 24
35 33
35 34
35 37
35 41
35 42
35 49
35 52
35 54
35 58
35 59
36 4
36 15
37 35
37 48
37 49
37 52
37 58
37 59
37 65
37 70
37 77
37 79
37 83
37 85
37 97
37 101
37 102
37 104
37 109
37 130
37 131
37 145
37 148
37 150
38 13
38 20
38 31
38 37
38 38
38 50
39 3
39 15
39 18
39 22
39 31
40 5
40 8
40 9
40 11
40 27
40 28
40 33
40 46
40 54
40 61
40 67
40 195
41 5
41 9
41 11
41 13
41 25
41 31
41 32
41 34
41 35
41 40
41 57
41 59
41 77
41 85
41 91
41 105
43 63
43 76
43 77
43 94
43 100
43 190
43 197
43 198
43 206
43 209
43 218
43 222
43 224
43 225
43 226
43 232
43 233
43 235
43 236
43 240
43 253
43 257
43 399
43 400
43 404
43 407
43 410
43 426
43 526
43 533
43 555
43 570
43 575
43 578
43 586
43 601
43 614
43 616
43 617
43 623
43 626
43 628
43 629
43 631
43 632
43 644
43 648
43 655
43 656
43 658
43 665
43 669
43 674
43 676
43 677
44 3
44 7
44 10
44 18
44 25
44 27
44 28
44 37
44 42
44 186
44 202
44 211
44 287
44 288
44 290
44 292
44 293
44 298
44 307
44 309
44 320
44 332
44 350
44 357
44 359
44 362
44 371
44 510
44 512
44 513
44 517
44 539
44 540
44 545
44 549
44 551
44 552
44 564
44 565
46 4
46 7
46 10
46 14
46 20
46 108
47 1
47 3
47 15
47 22
47 29
47 33
47 34
48 3
48 5
48 8
48 10
48 12
48 20
48 26
48 28
48 31
48 88
48 90
48 103
48 104
48 105
48 107
48 111
48 135
48 150
48 152
48 166
48 167
48 170
48 181
48 185
48 194
48 200
49 2
49 3
49 4
49 6
50 130
50 134
51 8
51 13
51 14
51 18
51 22
51 26
51 38
52 9
52 22
52 25
54 39
54 41
54 50
54 64
54 66
54 81
55 5
55 7
55 12
55 20
55 21
56 1
56 2
56 6
56 9
56 21
56 32
56 44
58 28
58 30
58 50
58 52
58 53
58 54
58 57
58 61
58 64
58 71
58 74
59 1
59 15
59 19
59 24
60 31
60 38
60 42
60 44
60 47
60 48
60 50
60 54
60 55
60 58
60 60
60 62
60 72
60 80
60 82
60 92
60 100
60 110
60 111
60 114
60 118
60 119
60 122
60 124
60 149
60 150
60 152
61 7
61 10
61 19
61 20
61 25
61 26
61 33
61 41
61 47
61 48
61 52
61 65
61 75
61 76
61 81
62 3
62 13
62 21
62 29
62 56
62 60
62 63
63 10
63 20
64 1
64 8
64 28
65 18
65 25
65 26
65 35
65 39
65 47
65 53
65 56
65 61
65 66
65 71
65 73
66 21
66 23
66 26
66 36
66 46
66 51
66 56
66 59
66 61
66 63
66 69
66 77
66 84
66 89
66 92
66 98
66 102
66 104
66 107
67 119
67 120
67 123
67 147
67 154
67 159
67 160
67 163
67 169
67 172
67 177
67 181
67 183
67 186
67 193
67 194
67 343
67 345
67 350
67 353
67 354
67 361
67 378
67 381
67 401
67 409
67 415
67 420
67 430
67 442
67 570
67 572
67 583
67 584
67 595
68 1
68 3
68 4
68 7
68 10
68 22
68 32
68 39
68 40
68 41
68 44
68 54
68 67
68 71
68 72
69 5
70 45
70 52
70 70
70 76
70 81
70 88
70 91
70 94
70 102
70 105
70 109
70 114
70 119
70 248
70 257
70 356
70 366
70 368
70 371
70 381
70 383
70 394
70 397
70 400
70 402
70 410
70 418
70 421
70 422
70 429
70 430
70 440
70 444
70 447
70 448
70 455
70 456
70 459
70 463
70 473
70 475
73 29
73 38
73 40
73 41
73 44
73 48
73 54
73 61
73 63
73 69
73 77
73 80
73 83
74 3
74 6
74 18
74 25
74 39
74 41
74 45
74 50
74 72
74 73
74 80
74 84
74 86
74 166
74 169
75 5
75 8
75 10
75 11
75 16
75 24
75 32
75 41
76 6
76 8
77 10
78 3
80 6
80 9
80 10
80 15
81 5
81 7
81 11
81 19
81 38
81 41
81 44
81 51
81 55
81 185
81 186
81 190
81 192
81 195
82 7
82 8
82 12
82 24
82 28
82 29
82 31
82 36
82 46
82 47
82 69
82 86
82 87
82 97
82 99
83 13
83 31
83 34
83 41
83 53
83 61
83 62
84 2
84 20
86 5
86 6
86 21
86 25
86 31
86 32
86 55
86 61
86 63
86 74
86 89
86 107
86 112
86 118
86 123
86 124
87 1
87 16
87 19
87 29
87 34
87 36
87 41
87 42
87 53
87 54
87 57
87 65
87 75
87 81
87 87
87 90
87 95
87 101
87 105
87 111
87 114
87 115
87 123
87 138
87 144
87 146
87 239
87 245
87 249
87 251
87 273
87 274
87 280
87 287
87 289
87 290
87 305
87 307
87 316
87 319
87 321
87 326
87 327
87 330
87 332
87 346
87 354
87 359
87 370
87 376
88 22
88 25
