1 2
1 3
1 5
1 12
1 20
1 26
1 29
1 34
1 41
1 43
1 50
1 61
1 63
1 67
1 72
2 3
2 4
2 10
2 16
2 20
2 24
2 27
3 16
3 22
3 38
3 39
3 40
4 1
4 6
4 15
4 19
4 21
4 23
4 37
4 45
5 30
5 106
5 109
5 112
5 121
5 138
5 139
5 145
5 151
5 159
5 165
5 166
5 168
5 169
5 178
5 182
5 183
5 240
5 260
5 265
5 276
5 279
5 282
5 283
6 1
6 6
6 12
6 16
6 36
6 38
6 42
6 45
7 104
7 109
7 116
7 139
7 145
7 148
7 154
7 155
7 171
7 177
9 33
9 41
9 42
9 43
9 46
9 48
9 59
9 60
9 81
9 89
9 92
10 61
10 70
10 76
11 122
11 133
11 146
11 151
11 154
11 156
12 18
12 21
12 22
12 31
12 41
12 45
13 2
13 3
13 5
13 13
14 1
14 9
15 12
15 14
15 26
15 32
15 39
15 63
15 69
15 70
15 74
15 75
15 79
15 82
15 87
15 107
15 108
15 115
15 121
16 7
16 11
16 39
16 40
16 42
16 57
16 64
16 70
16 77
16 78
16 87
16 99
16 101
16 119
16 120
16 121
16 149
16 150
16 287
16 295
16 296
16 307
16 312
16 314
16 315
16 363
16 368
16 369
16 371
16 376
16 377
16 381
16 383
16 397
16 401
16 404
16 406
16 413
16 417
16 421
16 422
16 423
16 431
16 433
16 437
16 440
16 441
16 454
16 459
16 479
16 488
16 499
16 506
16 511
16 515
16 517
16 519
17 87
17 88
17 89
17 93
17 105
17 115
17 119
17 124
17 131
17 142
17 144
17 147
17 149
17 160
17 161
17 172
17 174
17 187
17 202
17 217
17 220
17 225
17 228
17 233
17 234
17 250
17 253
17 254
17 264
17 267
17 270
17 276
17 280
17 293
17 294
17 307
17 308
17 310
17 312
17 313
17 314
17 315
17 328
17 332
17 334
17 336
17 340
18 1
18 8
18 10
18 14
18 15
18 28
18 30
18 38
18 40
19 3
19 20
19 22
19 23
19 24
19 25
19 45
19 47
19 53
19 79
19 88
19 103
19 124
19 126
20 17
20 30
20 38
22 44
22 47
22 50
22 55
23 2
23 6
23 16
23 22
23 23
23 25
23 45
23 46
23 47
23 58
23 64
23 66
23 70
23 75
24 11
24 14
24 20
24 24
26 54
26 60
26 90
26 95
27 10
27 15
27 20
27 28
27 29
27 31
27 35
27 37
27 49
27 50
27 60
27 63
27 67
27 77
27 78
27 94
27 105
27 114
27 115
27 123
27 125
27 130
27 157
27 161
27 172
27 173
27 185
27 187
27 189
27 202
27 206
28 82
28 86
28 98
28 100
28 103
28 115
28 123
28 146
28 147
29 1
29 4
30 61
30 64
30 82
30 84
30 90
30 91
30 92
30 97
30 100
30 103
30 112
30 126
31 2
31 6
31 7
31 18
31 27
31 36
31 41
31 56
31 64
31 66
31 67
31 75
31 81
31 82
31 85
31 90
31 116
31 118
31 128
31 129
31 140
31 143
31 148
31 149
31 153
31 158
31 179
31 183
31 184
35 35
35 38
35 40
35 43
35 46
36 1
36 13
36 21
37 1
37 12
37 15
37 16
37 17
37 23
37 24
37 26
37 28
37 30
37 31
37 32
37 34
38 4
38 6
38 12
38 17
38 19
38 22
38 25
38 26
38 29
38 31
38 37
38 39
38 49
38 54
39 1
39 6
39 14
40 74
40 87
40 100
40 101
40 109
40 113
40 124
41 10
41 15
41 17
42 9
42 13
42 17
42 24
42 30
42 36
42 41
42 42
42 49
42 52
42 61
42 66
42 68
42 70
42 79
42 83
42 84
42 106
42 108
42 111
42 112
42 116
43 83
43 84
43 86
44 7
44 105
44 109
44 111
44 118
44 120
44 125
44 145
44 146
44 152
44 155
44 156
44 168
44 171
44 172
44 180
44 181
44 183
44 185
44 189
45 4
45 5
46 5
46 9
46 12
46 14
46 17
46 18
46 20
46 31
46 40
46 42
46 48
46 49
46 52
46 56
46 71
46 73
46 74
46 78
46 81
46 83
46 84
46 85
46 95
46 96
46 213
46 215
46 216
46 228
46 235
46 247
46 254
46 262
46 267
47 38
47 43
47 44
47 49
47 50
47 59
47 66
47 72
47 73
47 74
47 78
47 84
47 85
47 92
47 98
47 99
47 100
47 104
47 111
49 26
50 2
50 4
50 7
50 9
50 10
50 11
51 10
52 5
52 13
52 14
52 19
52 23
52 24
52 30
52 31
52 46
52 47
52 51
52 61
52 62
52 65
52 67
52 70
52 78
52 81
52 109
53 4
53 5
53 8
53 15
53 27
53 30
53 36
53 40
53 41
53 43
53 50
53 52
53 60
53 62
53 64
53 71
53 74
53 112
53 120
53 123
54 1
54 4
54 5
54 6
54 8
54 9
54 10
54 13
54 29
54 38
54 43
54 46
54 181
54 185
54 191
54 192
54 194
54 204
54 213
54 216
54 234
54 240
54 242
54 243
54 245
54 249
54 259
54 261
54 263
54 267
54 289
54 290
54 292
54 297
54 305
54 315
54 319
54 323
54 327
54 332
54 334
55 14
55 18
55 19
55 21
55 34
56 7
56 8
56 37
56 43
56 47
56 48
56 52
56 69
56 70
56 74
56 83
56 87
56 108
56 114
56 119
56 128
56 133
56 140
57 11
57 13
57 17
57 24
57 26
57 31
57 32
57 53
57 54
57 64
57 73
57 84
57 94
57 99
57 101
57 106
57 107
57 109
57 119
57 121
59 99
59 111
59 118
59 119
59 138
59 139
59 140
59 143
59 152
59 159
60 52
60 97
60 98
60 109
60 113
60 118
60 126
60 131
60 139
60 144
60 156
60 157
60 165
60 166
60 191
60 194
60 195
60 209
60 211
60 218
60 220
61 1
61 14
61 19
61 34
61 45
61 47
61 48
61 49
61 59
61 60
61 64
61 77
61 83
61 94
61 95
62 16
62 35
62 36
62 38
62 40
62 41
62 51
62 64
62 68
63 1
63 14
63 23
63 24
64 1
64 2
64 14
64 19
64 21
64 24
65 1
65 4
65 5
65 7
65 15
65 25
66 5
66 12
66 118
66 120
66 121
66 130
66 133
66 136
66 138
66 147
67 2
67 9
67 17
67 18
67 19
67 30
67 36
67 47
67 54
67 57
67 59
67 67
67 76
67 91
67 92
67 105
67 121
67 122
67 126
67 129
67 134
67 135
67 138
69 29
69 33
69 35
69 41
69 42
69 43
69 105
69 108
69 109
69 120
69 123
69 125
69 137
69 147
69 158
69 167
69 172
70 11
70 16
70 24
70 28
70 34
70 35
70 63
70 68
71 7
71 8
71 17
71 19
71 29
71 34
71 40
72 44
72 45
72 47
72 49
72 53
72 57
72 59
72 60
72 62
72 64
72 67
72 73
72 151
72 153
72 158
72 164
72 166
72 170
72 171
72 175
72 177
72 179
72 188
78 45
79 2
79 7
79 11
79 16
79 20
79 21
79 24
79 26
79 31
79 35
79 48
79 50
79 57
79 61
79 68
79 73
81 65
81 72
81 73
81 75
81 78
81 79
81 85
81 218
81 221
81 234
81 240
81 242
81 244
81 245
81 247
81 283
82 1
82 10
82 45
82 47
87 74
87 84
87 93
87 99
87 101
87 108
87 116
87 119
87 127
87 128
87 134
87 139
87 140
87 150
87 152
87 156
87 157
87 164
87 169
87 173
87 177
87 183
89 9
89 20
89 25
89 26
89 28
89 31
89 33
89 36
89 38
89 41
89 45
89 49
89 51
89 52
89 73
89 77
89 85
89 86
89 91
89 93
89 97
90 3
90 11
90 23
90 42
90 45
90 52
90 55
90 64
90 69
90 71
90 90
90 99
90 105
91 1
91 5
91 7
91 8
91 13
91 30
91 38
91 39
91 48
91 64
91 65
91 66
91 68
92 8
92 13
92 15
92 19
92 20
92 42
92 52
92 53
92 59
92 68
92 70
92 71
93 57
93 59
93 61
93 63
93 64
93 70
93 72
93 74
93 78
93 79
93 83
93 92
93 124
93 125
93 127
93 129
94 24
94 37
94 60
94 62
94 66
94 75
94 84
94 90
94 94
94 105
94 115
94 179
94 182
94 187
94 195
94 199
94 200
94 219
94 224
94 227
94 263
94 270
94 271
94 282
94 283
94 285
94 306
94 310
94 311
94 313
94 315
94 321
94 332
94 334
94 339
94 342
94 345
94 347
94 350
94 356
95 22
95 24
95 25
95 30
95 32
95 42
95 58
95 61
95 62
95 65
95 67
95 72
95 76
95 78
95 80
96 34
96 38
96 40
96 55
96 59
96 64
96 75
96 82
96 97
96 105
