1 77
1 83
1 85
1 101
1 102
1 103
1 108
1 110
2 22
2 33
2 35
2 38
2 40
2 46
2 101
2 105
2 108
3 2
3 16
3 18
3 20
3 24
3 30
3 34
3 48
4 2
4 9
4 10
4 11
4 16
4 31
4 47
4 50
4 53
4 58
4 60
4 66
4 70
4 207
4 243
4 247
4 250
4 266
4 270
4 273
4 275
4 295
4 306
4 312
4 318
4 323
4 464
4 471
4 472
4 478
4 483
4 487
5 9
5 11
5 16
5 19
5 22
5 25
5 36
5 58
5 65
5 66
6 1
6 7
6 8
6 14
6 21
6 24
6 31
6 32
6 43
6 46
6 48
6 60
7 2
7 9
7 10
7 11
7 14
7 19
7 24
7 27
7 32
7 37
7 59
7 61
7 70
7 78
7 91
7 96
7 101
7 102
7 103
7 107
7 237
7 239
7 240
7 243
7 253
7 254
7 264
7 276
7 278
7 279
7 284
7 285
7 298
7 301
7 306
8 28
8 32
8 40
8 47
8 49
8 64
8 66
8 74
8 80
8 81
8 87
8 98
8 99
8 101
8 102
8 121
8 139
8 140
8 150
8 156
8 165
8 179
8 190
8 192
8 204
8 207
8 210
8 211
8 212
8 218
8 224
8 226
8 231
8 238
8 239
10 28
10 61
10 65
10 67
10 76
10 83
10 91
10 96
10 108
10 111
10 115
10 117
10 147
10 152
10 155
10 161
10 184
10 197
10 201
10 202
10 203
12 37
12 39
12 73
12 80
12 88
12 89
12 92
12 101
12 103
12 112
12 130
12 134
12 140
12 149
12 159
12 162
12 163
12 172
12 177
12 181
12 185
12 187
12 191
12 196
12 198
12 200
12 204
12 205
12 251
12 262
12 281
12 287
12 288
12 293
12 298
12 311
12 312
12 314
13 6
13 14
13 22
13 25
13 30
14 3
14 8
14 12
14 14
14 21
14 23
14 24
14 25
14 31
14 36
14 37
14 44
14 62
14 75
14 80
14 86
14 93
14 95
15 6
15 7
16 1
16 7
17 56
17 79
17 87
17 90
17 91
17 108
17 113
17 119
17 121
17 123
17 127
17 131
19 5
19 31
19 34
20 33
20 66
20 69
20 76
22 12
22 18
23 13
23 20
23 21
23 22
23 27
23 33
23 37
23 40
23 48
23 53
23 57
23 69
23 75
23 77
23 91
23 129
23 130
23 140
23 141
23 155
23 164
23 169
23 172
23 174
23 193
23 197
23 199
23 200
23 206
23 212
23 215
23 226
23 230
24 63
24 65
24 66
24 67
24 68
25 20
25 25
25 26
25 59
25 66
25 70
25 71
25 72
25 73
25 78
25 79
25 89
26 1
27 1
27 6
27 7
27 13
27 16
27 19
27 33
27 35
27 36
29 13
32 13
32 15
32 16
32 21
32 32
32 36
32 43
32 45
33 38
33 39
33 43
33 45
34 6
34 8
34 11
34 14
34 21
34 29
34 50
34 53
34 54
34 56
34 61
34 62
34 70
34 71
35 2
35 3
35 5
35 7
35 10
35 11
36 61
36 67
36 74
36 78
36 81
36 193
37 6
37 17
37 20
37 26
37 27
37 31
37 47
37 52
37 66
38 124
38 125
38 133
38 134
38 136
38 163
38 169
38 175
38 178
38 180
38 183
39 12
41 12
41 17
41 18
43 16
43 23
43 24
43 34
43 42
43 44
43 47
43 54
43 69
43 73
43 79
43 88
43 91
43 99
43 100
43 115
43 116
43 132
43 153
44 4
44 6
44 83
44 87
44 91
44 92
44 101
44 107
44 109
44 112
44 113
44 118
44 127
44 141
44 142
44 150
44 151
44 155
44 161
44 167
44 175
44 178
45 56
45 58
45 60
45 65
45 70
45 71
45 72
45 150
45 154
45 156
45 161
45 168
45 173
45 174
45 176
45 190
45 200
45 211
45 212
45 215
45 216
45 220
45 222
45 230
45 237
45 242
46 50
47 54
47 59
47 74
48 35
48 42
49 3
50 1
50 4
50 5
50 8
50 10
50 37
50 39
50 48
51 2
51 12
51 13
51 15
51 18
51 117
53 4
53 11
53 12
53 13
55 13
55 28
55 30
56 6
56 8
56 11
56 13
56 18
56 20
56 26
56 27
56 44
56 55
56 61
56 64
56 67
56 70
56 73
56 78
56 88
56 89
56 91
56 96
56 100
56 102
56 103
56 113
56 117
56 118
56 122
56 123
56 126
56 132
56 133
56 134
56 142
56 150
56 153
58 74
58 78
58 80
58 88
58 95
58 97
58 106
58 108
58 113
59 6
59 9
60 4
60 6
60 8
60 15
60 19
60 24
60 29
60 36
60 38
60 40
60 41
60 48
60 49
60 52
60 55
60 57
60 66
60 76
60 80
61 1
62 17
62 28
62 30
62 43
62 44
62 50
62 64
62 66
62 74
63 69
63 73
63 74
63 84
63 87
64 2
64 7
64 14
66 107
66 114
66 151
66 152
66 154
66 155
66 158
66 162
66 163
66 169
66 192
66 194
66 224
66 228
66 230
66 237
66 240
66 253
66 254
66 256
66 261
67 9
67 12
67 20
67 22
67 28
68 1
68 3
70 1
70 12
70 14
70 68
70 69
70 70
70 76
70 80
70 83
70 87
70 90
70 91
70 92
71 3
71 9
71 10
71 12
71 13
72 19
72 26
73 112
73 240
73 247
73 270
73 278
73 279
73 282
73 286
73 294
76 39
76 44
76 52
77 11
77 17
77 20
77 22
77 24
77 25
77 27
77 36
77 38
77 39
77 42
77 65
77 66
77 81
77 86
77 87
78 2
78 5
78 14
79 2
79 3
79 20
79 39
79 43
79 45
79 57
79 64
79 70
79 72
79 89
79 92
79 96
79 100
79 101
79 103
79 105
82 75
82 79
82 91
82 94
82 95
82 99
82 102
82 110
82 113
83 3
83 8
83 10
83 13
83 18
83 27
83 39
83 48
83 50
83 51
83 67
83 68
83 80
83 84
83 88
83 92
83 101
83 103
83 105
83 115
83 131
83 152
83 209
83 212
83 221
83 228
83 232
83 245
83 259
83 274
83 275
83 283
83 284
83 295
83 296
83 302
84 12
84 13
84 25
84 27
84 31
84 32
85 47
85 54
85 66
85 67
85 68
85 76
87 15
87 16
87 24
87 45
88 28
88 34
88 55
88 57
88 63
88 69
88 74
88 76
88 84
88 91
88 95
88 102
88 106
88 111
88 114
88 117
88 118
88 137
88 139
89 3
89 4
89 7
89 10
89 12
89 15
89 24
89 25
89 30
89 32
89 33
89 34
91 16
91 24
91 25
91 29
91 36
91 38
94 18
94 20
94 21
94 31
94 34
94 38
94 39
94 43
94 46
95 9
95 15
95 20
95 26
95 32
95 34
95 35
96 2
96 5
96 29
96 31
96 33
96 45
97 1
98 6
98 10
98 13
98 18
98 25
98 26
98 32
98 42
98 46
98 49
98 64
98 67
98 68
98 83
98 110
98 112
98 113
98 117
98 124
98 128
100 3
101 1
101 4
101 16
101 17
101 25
101 26
101 34
101 47
101 48
101 50
101 52
101 65
101 66
101 69
101 76
101 79
101 80
101 86
101 93
101 95
101 101
101 111
101 119
101 121
101 141
101 144
101 150
101 160
101 174
101 176
101 183
101 188
101 189
101 191
101 248
102 4
102 12
102 13
102 15
102 17
102 21
102 25
102 26
102 31
102 32
103 5
103 11
104 14
106 96
106 97
106 110
106 116
106 133
106 135
106 151
108 2
108 20
108 23
108 26
108 33
108 38
